vru+line,call_id,customer_id,priority,type,date,vru_entry,vru_exit,vru_time,q_start,q_exit,q_time,outcome,ser_start,ser_exit,ser_time,server
AA0101,44727,0,0,PS,990901,0:02:41,0:02:57,16,0:00:00,0:00:00,0,HANG,0:00:00,0:00:00,0,NO_SERVER
AA0101,44728,0,0,PS,990901,6:45:26,6:46:04,38,0:00:00,0:00:00,0,HANG,0:00:00,0:00:00,0,NO_SERVER
AA0101,44729,1161660,2,PS,990901,7:30:37,7:30:43,6,7:30:43,7:31:22,39,AGENT,7:31:21,7:33:11,110,BASCH
AA0101,44730,0,0,PS,990901,7:54:21,7:54:32,11,0:00:00,0:00:00,0,AGENT,7:54:30,7:56:58,148,BASCH
AA0101,44731,0,0,PS,990901,8:09:37,8:09:48,11,0:00:00,0:00:00,0,AGENT,8:09:47,8:10:41,54,ZOHARI
AA0101,44732,0,0,PS,990901,8:28:41,8:28:50,9,0:00:00,0:00:00,0,AGENT,8:28:49,8:29:59,70,STEREN
AA0101,44733,0,0,PS,990901,8:39:06,8:39:16,10,0:00:00,0:00:00,0,AGENT,8:39:14,8:40:08,54,ZOHARI
AA0101,44734,0,0,NW,990901,8:55:19,8:55:29,10,0:00:00,0:00:00,0,AGENT,8:55:40,8:55:44,4,NO_SERVER
AA0101,44735,28131324,2,PS,990901,9:06:29,9:06:34,5,9:06:34,9:06:58,24,AGENT,9:06:57,9:08:07,70,BASCH
AA0101,44736,8700932,2,PS,990901,9:17:49,9:17:55,6,9:17:55,9:18:45,50,AGENT,9:18:44,9:20:49,125,AVNI
AA0101,44737,0,0,PS,990901,9:30:03,9:30:12,9,0:00:00,0:00:00,0,AGENT,9:30:11,9:31:51,100,ROTH
AA0101,44738,0,0,PS,990901,9:40:12,9:40:21,9,0:00:00,0:00:00,0,AGENT,9:40:20,9:47:04,404,ROTH
AA0101,44739,0,0,PS,990901,9:47:47,9:47:57,10,0:00:00,0:00:00,0,AGENT,9:47:56,9:49:03,67,YITZ
AA0101,44740,47258264,1,PS,990901,9:57:25,9:57:31,6,9:57:31,9:57:38,7,AGENT,9:57:37,9:59:36,119,SHARON
AA0101,44741,54329172,1,PS,990901,10:09:25,10:09:30,5,10:09:30,10:14:30,300,AGENT,10:14:29,10:16:19,110,AVNI
AA0101,44742,0,0,NW,990901,10:23:32,10:23:41,9,10:23:41,10:23:47,6,AGENT,10:23:46,10:25:21,95,STEREN
AA0101,44743,0,0,PS,990901,10:32:25,10:32:34,9,0:00:00,0:00:00,0,AGENT,10:32:33,10:33:08,35,BASCH
AA0101,44744,0,0,PS,990901,10:42:46,10:42:57,11,0:00:00,0:00:00,0,AGENT,10:42:55,10:44:39,104,SHARON
AA0101,44745,0,0,PS,990901,10:57:20,10:57:29,9,0:00:00,0:00:00,0,AGENT,10:57:28,10:58:32,64,STEREN
AA0101,44746,57460131,2,PS,990901,11:07:06,11:07:11,5,11:07:11,11:08:05,54,AGENT,11:08:04,11:09:36,92,STEREN
AA0101,44747,0,0,NW,990901,11:18:55,11:19:04,9,11:19:04,11:22:43,219,HANG,0:00:00,0:00:00,0,NO_SERVER
AA0101,44748,0,0,NW,990901,11:35:49,11:36:02,13,0:00:00,0:00:00,0,AGENT,11:36:01,11:38:15,134,AVNI
AA0101,44749,27644400,2,PS,990901,11:45:33,11:45:39,6,11:45:39,11:46:58,79,AGENT,11:46:57,11:51:00,243,DORIT
AA0101,44750,0,0,PS,990901,11:59:55,12:00:12,17,0:00:00,0:00:00,0,AGENT,12:00:12,12:01:09,57,BASCH
AA0101,44751,23895501,2,PS,990901,12:12:30,12:12:35,5,12:12:35,12:12:57,22,AGENT,12:12:56,12:14:32,96,ROTH
AA0101,44752,0,0,NW,990901,12:24:56,12:25:11,15,0:00:00,0:00:00,0,AGENT,12:25:12,12:25:35,23,NO_SERVER
AA0101,44753,0,0,PS,990901,12:42:03,12:42:12,9,0:00:00,0:00:00,0,AGENT,12:42:11,12:43:46,95,ROTH
AA0101,44754,25688045,1,PS,990901,12:51:54,12:52:00,6,12:52:00,12:54:12,132,AGENT,12:54:11,12:55:10,59,SHARON
AA0101,44755,0,0,PS,990901,13:07:47,13:07:57,10,0:00:00,0:00:00,0,AGENT,13:07:56,13:11:19,203,DORIT
AA0101,44756,0,0,NW,990901,13:25:12,13:25:25,13,0:00:00,0:00:00,0,AGENT,13:25:24,13:26:18,54,STEREN
AA0101,44757,0,0,PS,990901,13:39:39,13:39:49,10,0:00:00,0:00:00,0,AGENT,13:39:48,13:41:17,89,ROTH
AA0101,44758,11945813,1,PS,990901,13:49:47,13:49:53,6,13:49:53,13:50:36,43,AGENT,13:50:35,13:51:09,34,DORIT
AA0101,44759,0,0,PS,990901,14:04:26,14:04:37,11,0:00:00,0:00:00,0,AGENT,14:04:35,14:07:17,162,AVNI
AA0101,44760,0,0,NE,990901,14:18:17,14:18:28,11,0:00:00,0:00:00,0,AGENT,14:18:28,14:22:49,261,MORIAH
AA0101,44761,0,0,NW,990901,14:31:03,14:31:17,14,0:00:00,0:00:00,0,AGENT,14:31:16,14:31:37,21,ROTH
AA0101,44762,30161327,2,PS,990901,14:38:07,14:38:13,6,14:38:13,14:38:25,12,AGENT,14:38:24,14:39:15,51,SHARON
AA0101,44763,27348812,1,PS,990901,14:48:58,14:49:04,6,14:49:04,14:49:22,18,AGENT,14:49:21,14:50:03,42,ANAT
AA0101,44764,0,0,PS,990901,15:03:26,15:03:36,10,0:00:00,0:00:00,0,AGENT,15:03:35,15:06:36,181,ZOHARI
AA0101,44765,25219700,2,PS,990901,15:14:46,15:14:51,5,15:14:51,15:15:10,19,AGENT,15:15:09,15:17:00,111,SHARON
AA0101,44766,0,0,PS,990901,15:25:48,15:26:00,12,0:00:00,0:00:00,0,AGENT,15:25:59,15:28:15,136,ANAT
AA0101,44767,58859752,2,PS,990901,15:34:57,15:35:03,6,15:35:03,15:35:14,11,AGENT,15:35:13,15:35:15,2,MORIAH
AA0101,44768,0,0,PS,990901,15:46:30,15:46:39,9,0:00:00,0:00:00,0,AGENT,15:46:38,15:51:51,313,ANAT
AA0101,44769,78191137,2,PS,990901,15:56:03,15:56:09,6,15:56:09,15:56:28,19,AGENT,15:56:28,15:59:02,154,MORIAH
AA0101,44770,0,0,PS,990901,16:14:31,16:14:46,15,0:00:00,0:00:00,0,AGENT,16:14:44,16:16:02,78,BENSION
AA0101,44771,0,0,PS,990901,16:38:59,16:39:12,13,0:00:00,0:00:00,0,AGENT,16:39:11,16:43:35,264,VICKY
AA0101,44772,0,0,PS,990901,16:51:40,16:51:50,10,0:00:00,0:00:00,0,AGENT,16:51:49,16:53:52,123,ANAT
AA0101,44773,0,0,PS,990901,17:02:19,17:02:28,9,0:00:00,0:00:00,0,AGENT,17:02:28,17:07:42,314,VICKY
AA0101,44774,32387482,1,PS,990901,17:18:18,17:18:24,6,17:18:24,17:19:01,37,AGENT,17:19:00,17:19:35,35,VICKY
AA0101,44775,0,0,PS,990901,17:38:53,17:39:05,12,0:00:00,0:00:00,0,AGENT,17:39:04,17:40:43,99,TOVA
AA0101,44776,0,0,PS,990901,17:52:59,17:53:09,10,0:00:00,0:00:00,0,AGENT,17:53:08,17:53:09,1,NO_SERVER
AA0101,44777,37635950,2,PS,990901,18:15:47,18:15:52,5,18:15:52,18:16:57,65,AGENT,18:16:56,18:18:48,112,ANAT
AA0101,44778,0,0,NE,990901,18:30:43,18:30:52,9,0:00:00,0:00:00,0,AGENT,18:30:51,18:30:54,3,MORIAH
AA0101,44779,0,0,PS,990901,18:51:47,18:52:02,15,0:00:00,0:00:00,0,AGENT,18:52:02,18:55:30,208,TOVA
AA0101,44780,0,0,PS,990901,19:19:04,19:19:17,13,0:00:00,0:00:00,0,AGENT,19:19:15,19:20:20,65,MEIR
AA0101,44781,0,0,PS,990901,19:39:19,19:39:30,11,0:00:00,0:00:00,0,AGENT,19:39:29,19:41:42,133,BENSION
AA0101,44782,0,0,NW,990901,20:08:13,20:08:25,12,0:00:00,0:00:00,0,AGENT,20:08:28,20:08:41,13,NO_SERVER
AA0101,44783,0,0,PS,990901,20:23:51,20:24:05,14,0:00:00,0:00:00,0,AGENT,20:24:04,20:24:33,29,BENSION
AA0101,44784,0,0,NW,990901,20:36:54,20:37:14,20,0:00:00,0:00:00,0,AGENT,20:37:13,20:38:07,54,BENSION
AA0101,44785,0,0,PS,990901,20:50:07,20:50:16,9,0:00:00,0:00:00,0,AGENT,20:50:15,20:51:32,77,BENSION
AA0101,44786,0,0,PS,990901,21:04:41,21:04:51,10,0:00:00,0:00:00,0,AGENT,21:04:50,21:05:59,69,TOVA
AA0101,44787,0,0,PS,990901,21:25:00,21:25:13,13,0:00:00,0:00:00,0,AGENT,21:25:13,21:28:03,170,AVI
AA0101,44788,0,0,PS,990901,21:50:40,21:50:54,14,0:00:00,0:00:00,0,AGENT,21:50:54,21:51:55,61,AVI
AA0101,44789,9103060,2,NE,990901,22:05:40,22:05:46,6,22:05:46,22:09:52,246,AGENT,22:09:51,22:13:41,230,AVI
AA0101,44790,14558621,2,PS,990901,22:24:11,22:24:17,6,22:24:17,22:26:16,119,AGENT,22:26:15,22:27:28,73,VICKY
AA0101,44791,0,0,PS,990901,22:46:27,22:46:37,10,0:00:00,0:00:00,0,AGENT,22:46:36,22:47:03,27,AVI
AA0101,44792,67158097,2,PS,990901,23:05:07,23:05:13,6,23:05:13,23:05:30,17,AGENT,23:05:29,23:06:49,80,VICKY
AA0101,44793,15317126,2,PS,990901,23:28:52,23:28:58,6,23:28:58,23:30:08,70,AGENT,23:30:07,23:35:03,296,DARMON
AA0101,44794,0,0,PS,990902,0:10:47,0:12:05,78,0:00:00,0:00:00,0,HANG,0:00:00,0:00:00,0,NO_SERVER
AA0101,44795,0,0,PS,990902,7:16:52,7:17:01,9,0:00:00,0:00:00,0,AGENT,7:17:01,7:17:44,43,ANAT
AA0101,44796,0,0,PS,990902,7:50:05,7:50:16,11,0:00:00,0:00:00,0,AGENT,7:50:16,7:53:03,167,STEREN
AA0101,44797,0,0,PE,990902,8:17:27,8:17:37,10,0:00:00,0:00:00,0,AGENT,8:17:36,8:19:35,119,MORIAH
AA0101,44798,0,0,PS,990902,8:29:00,8:29:10,10,0:00:00,0:00:00,0,AGENT,8:29:09,8:29:55,46,ANAT
AA0101,44799,27901198,2,PS,990902,8:41:30,8:41:36,6,8:41:36,8:43:17,101,AGENT,8:43:16,8:48:15,299,MORIAH
AA0101,44800,52031556,2,PS,990902,8:50:55,8:51:01,6,8:51:01,8:54:03,182,AGENT,8:54:03,8:54:42,39,ANAT
AA0101,44801,0,0,NW,990902,9:01:20,9:01:29,9,9:01:29,9:07:41,372,AGENT,9:07:40,9:09:00,80,STEREN
AA0101,44802,0,0,PS,990902,9:18:59,9:19:31,32,0:00:00,0:00:00,0,AGENT,9:19:30,9:22:47,197,ANAT
AA0101,44803,28574507,2,PS,990902,9:32:00,9:32:06,6,9:32:06,9:33:11,65,AGENT,9:33:10,9:44:22,672,STEREN
AA0101,44804,16426967,2,PS,990902,9:42:45,9:42:51,6,9:42:51,9:44:43,112,AGENT,9:44:42,9:48:49,247,ANAT
AA0101,44805,0,0,NE,990902,9:51:13,9:51:23,10,0:00:00,0:00:00,0,AGENT,9:51:23,9:53:46,143,ELI
AA0101,44806,0,0,PS,990902,9:59:46,9:59:54,8,0:00:00,0:00:00,0,AGENT,9:59:53,10:00:39,46,ROTH
AA0101,44807,0,0,PS,990902,10:08:13,10:08:23,10,0:00:00,0:00:00,0,AGENT,10:08:21,10:21:49,808,ZOHARI
AA0101,44808,7191646,2,NE,990902,10:16:52,10:16:57,5,10:16:57,10:18:33,96,AGENT,10:18:32,10:47:30,1738,ELI
AA0101,44809,23895501,2,PS,990902,10:23:21,10:23:27,6,10:23:27,10:24:46,79,AGENT,10:24:45,10:25:49,64,ANAT
AA0101,44810,12154001,2,PS,990902,10:28:25,10:28:30,5,10:28:30,10:30:53,143,AGENT,10:30:52,10:31:51,59,STEREN
AA0101,44811,42813816,1,NE,990902,10:35:42,10:35:48,6,10:35:48,10:37:14,86,AGENT,10:37:14,10:38:23,69,TOVA
AA0101,44812,57253494,1,PS,990902,10:40:50,10:40:55,5,10:40:55,10:45:00,245,AGENT,10:44:58,10:45:07,9,ANAT
AA0101,44813,24156291,1,PS,990902,10:48:08,10:48:14,6,10:48:14,10:48:25,11,HANG,0:00:00,0:00:00,0,NO_SERVER
AA0101,44814,0,0,NW,990902,10:53:42,10:53:52,10,10:53:52,10:58:07,255,PHANTOM,10:58:07,10:58:14,7,NO_SERVER
AA0101,44815,0,0,NW,990902,11:04:23,11:04:33,10,11:04:33,11:10:29,356,AGENT,11:10:28,11:18:33,485,STEREN
AA0101,44816,54271564,1,NE,990902,11:14:29,11:14:35,6,11:14:35,11:16:40,125,AGENT,11:16:39,11:17:13,34,ANAT
AA0101,44817,0,0,PS,990902,11:24:11,11:25:27,76,0:00:00,0:00:00,0,HANG,0:00:00,0:00:00,0,NO_SERVER
AA0101,44819,0,0,PS,990902,11:29:31,11:29:31,0,0:00:00,0:00:00,0,HANG,0:00:00,0:00:00,0,NO_SERVER
AA0101,44820,10858884,2,NE,990902,11:35:19,11:35:25,6,11:35:25,11:36:56,91,AGENT,11:36:55,11:38:58,123,MORIAH
AA0101,44821,23793540,1,PS,990902,11:44:18,11:44:24,6,11:44:24,11:44:45,21,AGENT,11:44:44,11:44:47,3,MORIAH
AA0101,44822,60280260,2,NE,990902,11:50:14,11:50:20,6,11:50:20,11:51:21,61,AGENT,11:51:21,11:51:23,2,ANAT
AA0101,44823,0,0,PS,990902,12:00:17,12:00:29,12,0:00:00,0:00:00,0,AGENT,12:00:26,12:01:52,86,STEREN
AA0101,44824,6118236,1,PS,990902,12:09:52,12:09:57,5,12:09:57,12:10:40,43,AGENT,12:10:39,12:17:28,409,DARMON
AA0101,44825,0,0,PS,990902,12:18:58,12:19:13,15,0:00:00,0:00:00,0,AGENT,12:19:12,12:20:30,78,DARMON
AA0101,44826,0,0,PS,990902,12:29:09,12:29:20,11,0:00:00,0:00:00,0,AGENT,12:29:19,12:30:16,57,TOVA
AA0101,44827,0,0,PS,990902,12:41:58,12:42:09,11,0:00:00,0:00:00,0,AGENT,12:42:08,12:44:28,140,ANAT
AA0101,44828,0,0,PS,990902,12:46:34,12:46:43,9,0:00:00,0:00:00,0,AGENT,12:46:42,12:52:12,330,ANAT
AA0101,44829,24535247,1,PS,990902,12:57:26,12:57:31,5,12:57:31,12:57:38,7,AGENT,12:57:36,13:01:22,226,ROTH
AA0101,44830,0,0,PS,990902,13:06:59,13:07:08,9,0:00:00,0:00:00,0,AGENT,13:07:07,13:09:03,116,STEREN
AA0101,44831,0,0,NW,990902,13:17:26,13:17:35,9,13:17:35,13:17:54,19,HANG,0:00:00,0:00:00,0,NO_SERVER
AA0101,44832,0,0,NW,990902,13:24:58,13:25:07,9,13:25:07,13:27:00,113,AGENT,13:27:00,13:27:01,1,MORIAH
AA0101,44833,0,0,PS,990902,13:38:55,13:39:05,10,0:00:00,0:00:00,0,AGENT,13:39:04,13:40:03,59,STEREN
AA0101,44834,0,0,PS,990902,13:55:15,13:55:25,10,0:00:00,0:00:00,0,AGENT,13:55:23,13:56:24,61,ZOHARI
AA0101,44835,54665682,2,PS,990902,14:02:38,14:02:44,6,14:02:44,14:04:15,91,AGENT,14:04:15,14:05:39,84,KAZAV
AA0101,44836,0,0,PS,990902,14:13:21,14:13:30,9,0:00:00,0:00:00,0,AGENT,14:13:29,14:14:28,59,KAZAV
AA0101,44837,0,0,NW,990902,14:24:08,14:24:17,9,14:24:17,14:30:13,356,AGENT,14:30:12,14:31:18,66,STEREN
AA0101,44838,31463482,1,PS,990902,14:38:10,14:38:16,6,14:38:16,14:40:14,118,AGENT,14:40:13,14:46:42,389,DARMON
AA0101,44839,0,0,NW,990902,14:49:22,14:49:32,10,14:49:32,14:52:50,198,AGENT,14:52:49,14:58:15,326,STEREN
AA0101,44840,49992639,2,PS,990902,15:02:24,15:02:30,6,15:02:30,15:03:32,62,AGENT,15:03:31,15:05:24,113,KAZAV
AA0101,44841,67416107,2,NE,990902,15:14:47,15:14:53,6,15:14:53,15:16:16,83,AGENT,15:16:15,15:17:14,59,ZOHARI
AA0101,44842,25534462,2,PS,990902,15:24:58,15:25:04,6,15:25:04,15:26:37,93,AGENT,15:26:36,15:28:24,108,ZOHARI
AA0101,44843,7656580,1,PS,990902,15:37:02,15:37:08,6,15:37:08,15:38:50,102,AGENT,15:38:50,15:38:51,1,AVI
AA0101,44844,0,0,NW,990902,15:45:20,15:45:29,9,15:45:29,15:47:40,131,HANG,0:00:00,0:00:00,0,NO_SERVER
AA0101,44845,0,0,NW,990902,15:52:26,15:52:35,9,15:52:35,15:55:00,145,HANG,0:00:00,0:00:00,0,NO_SERVER
AA0101,44846,0,0,NE,990902,16:03:33,16:03:45,12,0:00:00,0:00:00,0,AGENT,16:03:45,16:05:43,118,ELI
AA0101,44847,0,0,NW,990902,16:11:25,16:11:34,9,16:11:34,16:19:40,486,AGENT,16:19:39,16:20:58,79,BASCH
AA0101,44848,0,0,NW,990902,16:23:09,16:23:18,9,16:23:18,16:28:25,307,HANG,0:00:00,0:00:00,0,NO_SERVER
AA0101,44849,0,0,PS,990902,16:34:09,16:34:18,9,0:00:00,0:00:00,0,AGENT,16:34:17,16:34:42,25,YITZ
AA0101,44850,67175661,2,PS,990902,16:43:11,16:43:16,5,16:43:16,16:43:46,30,AGENT,16:43:44,16:44:26,42,BASCH
AA0101,44851,0,0,NW,990902,16:51:56,16:52:05,9,16:52:05,16:53:13,68,AGENT,16:53:12,16:54:42,90,PINHAS
AA0101,44852,58704610,2,PS,990902,17:05:04,17:05:09,5,17:05:09,17:06:58,109,AGENT,17:06:57,17:09:05,128,DARMON
AA0101,44853,33231218,1,PS,990902,17:15:55,17:16:00,5,17:16:00,17:20:05,245,AGENT,17:20:04,17:21:25,81,BASCH
AA0101,44854,24087934,2,PS,990902,17:27:08,17:27:14,6,17:27:14,17:28:07,53,HANG,0:00:00,0:00:00,0,NO_SERVER
AA0101,44855,0,0,NW,990902,17:38:35,17:38:45,10,17:38:45,17:41:10,145,AGENT,17:41:09,18:03:57,1368,PINHAS
AA0101,44856,0,0,PS,990902,17:55:58,17:56:07,9,0:00:00,0:00:00,0,AGENT,17:56:06,17:58:50,164,AVI
AA0101,44857,30597587,2,PS,990902,18:02:41,18:02:47,6,18:02:47,18:03:28,41,AGENT,18:03:27,18:04:16,49,VICKY
AA0101,44858,58428335,1,PS,990902,18:13:11,18:12:01,-70,18:12:01,18:13:46,105,HANG,0:00:00,0:00:00,0,NO_SERVER
AA0101,44859,0,0,NW,990902,18:41:49,18:41:58,9,18:41:58,18:42:20,22,AGENT,18:42:20,18:43:32,72,AVI
AA0101,44860,33902875,1,PS,990902,18:48:41,18:48:47,6,18:48:47,18:51:47,180,AGENT,18:51:46,18:55:00,194,BASCH
AA0101,44861,53971289,2,PS,990902,18:58:58,18:59:04,6,18:59:04,18:59:18,14,HANG,0:00:00,0:00:00,0,NO_SERVER
AA0101,44862,50231489,2,PS,990902,19:09:37,19:09:42,5,19:09:42,19:09:52,10,AGENT,19:09:50,19:11:41,111,AVI
AA0101,44863,0,0,PS,990902,19:26:11,19:26:20,9,0:00:00,0:00:00,0,AGENT,19:26:19,19:26:20,1,VICKY
AA0101,44864,0,0,PS,990902,19:37:37,19:37:46,9,0:00:00,0:00:00,0,AGENT,19:37:45,19:41:02,197,BASCH
AA0101,44865,4654307,2,PS,990902,19:52:57,19:53:02,5,19:53:02,19:53:54,52,AGENT,19:53:53,19:55:45,112,AVI
AA0101,44866,0,0,NW,990902,20:11:00,20:11:10,10,20:11:10,20:11:59,49,AGENT,20:11:58,20:12:31,33,VICKY
AA0101,44867,29518289,2,PS,990902,20:33:34,20:33:39,5,20:33:39,20:34:54,75,AGENT,20:34:53,20:34:54,1,AVI
AA0101,44868,27709682,2,PS,990902,20:46:33,20:46:38,5,20:46:38,20:48:58,140,AGENT,20:48:57,20:49:56,59,MEIR
AA0101,44869,0,0,PS,990902,21:07:35,21:07:49,14,0:00:00,0:00:00,0,AGENT,21:07:48,21:08:58,70,AVI
AA0101,44870,0,0,PS,990902,21:33:52,21:34:01,9,0:00:00,0:00:00,0,AGENT,21:34:00,21:34:46,46,AVI
AA0101,44871,0,0,NW,990902,22:04:13,22:04:22,9,22:04:22,22:05:16,54,AGENT,22:05:15,22:05:39,24,PINHAS
AA0101,44872,57202111,2,PS,990902,22:44:10,22:44:15,5,22:44:15,22:45:03,48,AGENT,22:45:02,22:46:39,97,BASCH
AA0101,44873,0,0,PS,990902,23:13:45,23:13:55,10,0:00:00,0:00:00,0,AGENT,23:13:54,23:15:14,80,BASCH
AA0101,44874,0,0,PS,990902,23:31:43,23:31:56,13,0:00:00,0:00:00,0,AGENT,23:31:55,23:34:19,144,AVI
AA0101,44875,0,0,NW,990903,0:53:57,0:54:16,19,0:00:00,0:00:00,0,HANG,0:00:00,0:00:00,0,NO_SERVER
AA0101,44876,0,0,NW,990903,6:56:33,6:56:48,15,0:00:00,0:00:00,0,AGENT,6:56:45,6:56:57,12,NO_SERVER
AA0101,44877,0,0,PS,990903,7:04:22,7:05:02,40,0:00:00,0:00:00,0,HANG,0:00:00,0:00:00,0,NO_SERVER
AA0101,44878,0,0,PS,990903,7:34:51,7:35:00,9,0:00:00,0:00:00,0,AGENT,7:35:00,7:37:10,130,ROTH
AA0101,44879,0,0,NW,990903,7:46:42,7:47:01,19,0:00:00,0:00:00,0,AGENT,7:46:59,7:47:16,17,NO_SERVER
AA0101,44880,0,0,PS,990903,8:01:12,8:01:24,12,0:00:00,0:00:00,0,AGENT,8:01:24,8:02:57,93,BENSION
AA0101,44881,0,0,PS,990903,8:08:41,8:08:52,11,0:00:00,0:00:00,0,AGENT,8:08:51,8:10:02,71,BASCH
AA0101,44882,51062636,1,PS,990903,8:16:28,8:16:33,5,8:16:33,8:16:43,10,AGENT,8:16:42,8:19:59,197,BASCH
AA0101,44883,0,0,PS,990903,8:28:58,8:29:08,10,0:00:00,0:00:00,0,AGENT,8:29:07,8:30:02,55,BENSION
AA0101,44884,67767806,1,PS,990903,8:42:46,8:42:52,6,8:42:52,8:43:16,24,AGENT,8:43:16,8:45:10,114,BENSION
AA0101,44885,5685433,2,PS,990903,8:51:24,8:51:29,5,8:51:29,8:51:46,17,AGENT,8:51:45,8:51:46,1,BENSION
AA0101,44886,59267484,2,PS,990903,9:00:23,9:00:28,5,9:00:28,9:00:54,26,AGENT,9:00:53,9:05:47,294,BASCH
AA0101,44887,0,0,PS,990903,9:12:40,9:12:50,10,0:00:00,0:00:00,0,AGENT,9:12:49,9:15:18,149,ZOHARI
AA0101,44888,57279515,2,PS,990903,9:23:09,9:23:14,5,9:23:14,9:23:37,23,AGENT,9:23:36,9:24:14,38,BASCH
AA0101,44889,55531339,1,PS,990903,9:31:59,9:32:04,5,9:32:04,9:32:59,55,AGENT,9:32:58,9:34:05,67,BASCH
AA0101,44890,0,0,PS,990903,9:49:28,9:49:38,10,0:00:00,0:00:00,0,AGENT,9:49:37,9:52:57,200,BASCH
AA0101,44891,32249518,1,PS,990903,9:59:07,9:59:12,5,9:59:12,9:59:45,33,AGENT,9:59:44,10:01:29,105,MORIAH
AA0101,44892,0,0,PS,990903,10:10:30,10:10:39,9,0:00:00,0:00:00,0,AGENT,10:10:39,10:11:37,58,BASCH
AA0101,44893,7671241,1,PS,990903,10:23:23,10:23:29,6,10:23:29,10:24:33,64,HANG,0:00:00,0:00:00,0,NO_SERVER
AA0101,44894,25078957,1,PS,990903,10:32:24,10:32:29,5,10:32:29,10:32:59,30,HANG,0:00:00,0:00:00,0,NO_SERVER
AA0101,44895,51136083,2,PS,990903,10:39:59,10:40:04,5,10:40:04,10:42:40,156,AGENT,10:42:40,10:42:42,2,MORIAH
AA0101,44896,0,0,NW,990903,10:51:42,10:51:51,9,10:51:51,10:52:18,27,AGENT,10:52:17,10:53:59,102,BASCH
AA0101,44897,0,0,PS,990903,11:09:51,11:10:04,13,0:00:00,0:00:00,0,AGENT,11:10:04,11:11:23,79,BASCH
AA0101,44898,303800163,1,NE,990903,11:21:59,11:22:05,6,11:22:05,11:22:12,7,AGENT,11:22:11,11:58:08,2157,ELI
AA0101,44899,29545506,1,PS,990903,11:35:10,11:35:16,6,11:35:16,11:36:26,70,AGENT,11:36:26,11:45:04,518,ROTH
AA0101,44900,893719,2,PS,990903,11:56:25,11:56:30,5,11:56:30,11:57:22,52,AGENT,11:57:21,11:58:53,92,ROTH
AA0101,44901,0,0,NW,990903,12:11:17,12:11:26,9,12:11:26,12:11:34,8,AGENT,12:11:32,12:13:09,97,ROTH
AA0101,44902,0,0,NW,990903,12:26:29,12:26:47,18,0:00:00,0:00:00,0,AGENT,12:26:46,12:26:54,8,BENSION
AA0101,44903,0,0,PS,990903,12:44:41,12:44:50,9,0:00:00,0:00:00,0,AGENT,12:44:50,12:45:43,53,MORIAH
AA0101,44904,52120771,1,NE,990903,12:58:02,12:58:07,5,12:58:07,12:58:47,40,AGENT,12:58:46,13:01:41,175,ROTH
AA0101,44905,0,0,PS,990903,13:23:36,13:23:51,15,0:00:00,0:00:00,0,AGENT,13:23:49,13:24:08,19,BENSION
AA0101,44906,0,0,PS,990903,13:56:42,13:56:56,14,0:00:00,0:00:00,0,AGENT,13:56:55,13:59:12,137,ZOHARI
AA0101,44907,0,0,PS,990903,14:30:25,14:31:03,38,0:00:00,0:00:00,0,HANG,0:00:00,0:00:00,0,NO_SERVER
AA0101,44908,0,0,PS,990903,15:08:20,15:08:35,15,0:00:00,0:00:00,0,HANG,0:00:00,0:00:00,0,NO_SERVER
AA0101,44909,0,0,NW,990903,16:25:05,16:25:31,26,0:00:00,0:00:00,0,HANG,0:00:00,0:00:00,0,NO_SERVER
AA0101,44910,0,0,NW,990903,18:52:25,18:53:03,38,0:00:00,0:00:00,0,HANG,0:00:00,0:00:00,0,NO_SERVER
AA0101,44911,0,0,PS,990904,15:06:06,15:06:27,21,0:00:00,0:00:00,0,HANG,0:00:00,0:00:00,0,NO_SERVER
AA0101,44912,0,0,PS,990904,19:45:49,19:46:02,13,0:00:00,0:00:00,0,HANG,0:00:00,0:00:00,0,NO_SERVER
AA0101,44913,57820763,2,PS,990904,20:09:12,20:09:18,6,20:09:18,20:10:07,49,HANG,0:00:00,0:00:00,0,NO_SERVER
AA0101,44914,0,0,NW,990904,20:22:20,20:22:30,10,20:22:30,20:25:52,202,AGENT,20:25:51,20:26:13,22,BASCH
AA0101,44915,7191646,2,NE,990904,20:37:42,20:37:47,5,20:37:47,20:38:09,22,AGENT,20:38:08,20:41:30,202,BASCH
AA0101,44916,0,0,PS,990904,20:55:40,20:55:50,10,0:00:00,0:00:00,0,AGENT,20:55:50,20:58:57,187,MORIAH
AA0101,44917,57202111,2,PS,990904,21:18:59,21:19:04,5,21:19:04,21:20:15,71,AGENT,21:20:14,21:23:46,212,MORIAH
AA0101,44918,0,0,NW,990904,21:53:12,21:53:25,13,0:00:00,0:00:00,0,AGENT,21:53:24,21:54:04,40,MORIAH
AA0101,44919,0,0,PS,990904,22:25:33,22:25:42,9,0:00:00,0:00:00,0,AGENT,22:25:41,22:28:43,182,ZOHARI
AA0101,44920,0,0,PS,990904,22:49:34,22:49:45,11,0:00:00,0:00:00,0,AGENT,22:49:44,22:52:14,150,BASCH
AA0101,44921,0,0,PS,990904,23:33:23,23:33:34,11,0:00:00,0:00:00,0,AGENT,23:33:34,23:34:02,28,MORIAH
AA0101,44922,0,0,PS,990905,2:24:08,2:24:36,28,0:00:00,0:00:00,0,HANG,0:00:00,0:00:00,0,NO_SERVER
AA0101,44923,57252942,2,PS,990905,7:06:23,7:06:29,6,7:06:29,7:07:04,35,AGENT,7:07:03,7:08:51,108,AVI
AA0101,44924,27155795,1,PS,990905,7:27:52,7:27:58,6,7:27:58,7:28:05,7,AGENT,7:28:04,7:35:38,454,AVI
AA0101,44925,52120987,2,PS,990905,7:48:53,7:48:58,5,7:48:58,7:49:34,36,AGENT,7:49:33,7:50:52,79,DORIT
AA0101,44926,0,0,PS,990905,8:12:37,8:12:45,8,0:00:00,0:00:00,0,AGENT,8:12:45,8:15:55,190,STEREN
AA0101,44927,0,0,PS,990905,8:23:39,8:23:53,14,0:00:00,0:00:00,0,AGENT,8:23:52,8:27:44,232,ANAT
AA0101,44928,0,0,PS,990905,8:37:08,8:37:22,14,0:00:00,0:00:00,0,AGENT,8:37:20,8:40:05,165,STEREN
AA0101,44929,0,0,PS,990905,8:50:21,8:50:31,10,0:00:00,0:00:00,0,AGENT,8:50:30,8:54:34,244,ANAT
AA0101,44930,0,0,NW,990905,9:00:03,9:00:10,7,0:00:00,0:00:00,0,HANG,0:00:00,0:00:00,0,NO_SERVER
AA0101,44931,0,0,NE,990905,9:13:51,9:23:25,574,0:00:00,0:00:00,0,HANG,0:00:00,0:00:00,0,NO_SERVER
AA0101,44932,14940571,1,PS,990905,9:31:10,9:31:16,6,9:31:16,9:32:37,81,AGENT,9:32:36,9:41:28,532,ROTH
AA0101,44933,16426967,2,PS,990905,9:39:53,9:39:59,6,9:39:59,9:42:17,138,AGENT,9:42:16,9:43:15,59,DORIT
AA0101,44934,12580932,2,PS,990905,9:50:50,9:50:56,6,9:50:56,9:51:04,8,AGENT,9:51:03,9:52:15,72,AVI
AA0101,44935,29474020,2,PS,990905,9:56:47,9:56:53,6,9:56:53,9:56:58,5,AGENT,9:56:58,9:57:58,60,AVI
AA0101,44936,32900367,1,PS,990905,10:05:27,10:05:48,21,10:05:48,10:06:23,35,HANG,0:00:00,0:00:00,0,NO_SERVER
AA0101,44937,59591495,2,PS,990905,10:12:52,10:12:57,5,10:12:57,10:16:03,186,AGENT,10:16:02,10:24:23,501,NAAMA
AA0101,44938,58029430,1,PS,990905,10:23:40,10:23:46,6,10:23:46,10:24:06,20,AGENT,10:24:05,10:24:46,41,ROTH
AA0101,44939,33523226,2,PS,990905,10:28:57,10:29:03,6,10:29:03,10:30:32,89,HANG,0:00:00,0:00:00,0,NO_SERVER
AA0101,44940,0,0,NW,990905,10:35:33,10:35:42,9,10:35:42,10:37:11,89,HANG,0:00:00,0:00:00,0,NO_SERVER
AA0101,44941,30442495,2,PS,990905,10:41:13,10:41:18,5,10:41:18,10:42:22,64,HANG,0:00:00,0:00:00,0,NO_SERVER
AA0101,44942,33474602,2,PS,990905,10:44:55,10:45:01,6,10:45:01,10:47:37,156,AGENT,10:47:36,10:53:00,324,STEREN
AA0101,44943,54042171,2,NE,990905,10:52:41,10:52:48,7,10:52:48,10:54:34,106,AGENT,10:54:34,10:56:35,121,AVI
AA0101,44944,13346390,2,PS,990905,10:59:22,10:59:27,5,10:59:27,11:02:58,211,AGENT,11:02:57,11:26:57,1440,STEREN
AA0101,44945,308886118,1,PS,990905,11:05:47,11:05:53,6,11:05:53,11:07:33,100,HANG,0:00:00,0:00:00,0,NO_SERVER
AA0101,44946,25344037,2,PS,990905,11:13:18,11:13:23,5,11:13:23,11:13:57,34,AGENT,11:13:56,11:31:40,1064,NAAMA
AA0101,44947,22817415,2,PS,990905,11:21:05,11:21:11,6,11:21:11,11:22:34,83,AGENT,11:22:34,11:29:40,426,DORIT
AA0101,44948,0,0,PS,990905,11:30:16,11:30:24,8,0:00:00,0:00:00,0,AGENT,11:30:23,11:32:30,127,STEREN
AA0101,44949,0,0,NW,990905,11:38:39,11:38:49,10,11:38:49,11:46:09,440,HANG,0:00:00,0:00:00,0,NO_SERVER
AA0101,44950,0,0,PS,990905,11:56:55,11:57:06,11,0:00:00,0:00:00,0,AGENT,11:57:06,11:57:57,51,AVI
AA0101,44951,675306,2,PS,990905,12:03:51,12:03:56,5,12:03:56,12:04:07,11,AGENT,12:04:06,12:08:24,258,STEREN
AA0101,44952,22150676,1,PS,990905,12:15:45,12:15:50,5,12:15:50,12:16:25,35,HANG,0:00:00,0:00:00,0,NO_SERVER
AA0101,44953,0,0,PS,990905,12:29:13,12:29:28,15,0:00:00,0:00:00,0,AGENT,12:29:27,12:30:12,45,DORIT
AA0101,44954,76803717,2,NE,990905,12:37:39,12:37:44,5,12:37:44,12:37:57,13,AGENT,12:37:56,12:39:11,75,ROTH
AA0101,44955,0,0,PS,990905,12:48:36,12:48:56,20,0:00:00,0:00:00,0,AGENT,12:48:52,12:50:23,91,ROTH
AA0101,44956,50323468,2,PS,990905,12:57:57,12:58:02,5,12:58:02,12:58:29,27,AGENT,12:58:28,13:01:53,205,NAAMA
AA0101,44957,67158097,2,PS,990905,13:09:50,13:09:56,6,13:09:56,13:12:44,168,AGENT,13:12:43,13:14:52,129,DORIT
AA0101,44958,2043974,1,NE,990905,13:19:35,13:19:40,5,13:19:40,13:20:53,73,AGENT,13:20:52,13:21:50,58,STEREN
AA0101,44959,0,0,PS,990905,13:29:29,13:29:42,13,0:00:00,0:00:00,0,AGENT,13:29:41,13:32:38,177,TOVA
AA0101,44960,0,0,PS,990905,13:46:34,13:46:45,11,0:00:00,0:00:00,0,AGENT,13:46:44,13:51:20,276,NAAMA
AA0101,44961,54142708,1,PS,990905,13:56:06,13:56:11,5,13:56:11,13:56:15,4,AGENT,13:56:14,14:08:34,740,ROTH
AA0101,44962,25412172,1,PS,990905,14:06:10,14:06:16,6,14:06:16,14:07:09,53,AGENT,14:07:08,14:08:11,63,MORIAH
AA0101,44963,0,0,NW,990905,14:18:44,14:19:02,18,0:00:00,0:00:00,0,AGENT,14:19:01,14:19:35,34,AVI
AA0101,44964,33490251,1,PS,990905,14:24:22,14:24:28,6,14:24:28,14:30:43,375,AGENT,14:30:42,14:34:09,207,NAAMA
AA0101,44965,0,0,PS,990905,14:38:33,14:38:49,16,0:00:00,0:00:00,0,AGENT,14:38:47,14:41:29,162,NAAMA
AA0101,44966,12887816,1,PS,990905,14:49:00,14:49:06,6,14:49:06,14:53:00,234,AGENT,14:52:59,14:54:29,90,ROTH
AA0101,44967,58660291,2,PS,990905,14:58:42,14:58:48,6,14:58:48,15:02:31,223,AGENT,15:02:31,15:04:10,99,ROTH
AA0101,44968,0,0,NW,990905,15:10:17,15:10:26,9,15:10:26,15:13:19,173,HANG,0:00:00,0:00:00,0,NO_SERVER
AA0101,44969,63193346,2,PS,990905,15:22:07,15:22:13,6,15:22:13,15:23:21,68,AGENT,15:23:20,15:25:25,125,STEREN
AA0101,44970,0,0,NW,990905,15:31:33,15:31:47,14,0:00:00,0:00:00,0,AGENT,15:31:45,15:34:16,151,STEREN
AA0101,44971,41630443,2,PS,990905,15:37:29,15:37:34,5,15:37:34,15:38:20,46,AGENT,15:38:18,15:40:56,158,TOVA
AA0101,44972,64185333,2,PS,990905,15:44:32,15:44:37,5,15:44:37,15:47:57,200,AGENT,15:47:56,15:49:02,66,TOVA
AA0101,44973,306452020,1,PS,990905,15:53:05,15:53:11,6,15:53:11,15:56:39,208,AGENT,15:56:38,15:56:47,9,MORIAH
AA0101,44974,74780917,2,NE,990905,15:59:34,15:59:40,6,15:59:40,16:02:33,173,AGENT,16:02:33,16:26:04,1411,ELI
AA0101,44975,55920755,2,PS,990905,16:07:46,16:07:51,5,16:07:51,16:08:01,10,HANG,0:00:00,0:00:00,0,NO_SERVER
AA0101,44976,0,0,NW,990905,16:11:38,16:11:48,10,16:11:48,16:11:50,2,HANG,0:00:00,0:00:00,0,NO_SERVER
AA0101,44977,33689787,2,PS,990905,16:14:27,16:14:33,6,16:14:33,16:14:54,21,HANG,0:00:00,0:00:00,0,NO_SERVER
AA0101,44978,23817067,2,PS,990905,16:19:11,16:19:17,6,16:19:17,16:19:39,22,AGENT,16:19:38,16:21:57,139,TOVA
AA0101,44979,0,0,NW,990905,16:26:27,16:26:35,8,16:26:35,16:28:52,137,AGENT,16:28:50,16:31:32,162,BASCH
AA0101,44980,25361189,1,PS,990905,16:36:34,16:36:40,6,16:36:40,16:38:54,134,HANG,0:00:00,0:00:00,0,NO_SERVER
AA0101,44981,15239874,2,PS,990905,16:48:51,16:48:56,5,16:48:56,16:51:26,150,AGENT,16:51:26,16:51:27,1,MORIAH
AA0101,44982,15247489,2,PS,990905,16:58:04,16:58:10,6,16:58:10,17:00:03,113,AGENT,17:00:02,17:02:05,123,BASCH
AA0101,44983,4438248,2,PS,990905,17:11:19,17:11:25,6,17:11:25,17:11:48,23,AGENT,17:11:47,17:13:13,86,BASCH
AA0101,44984,0,0,NW,990905,17:24:17,17:24:27,10,17:24:27,17:26:26,119,AGENT,17:26:25,17:26:58,33,VICKY
AA0101,44985,6692800,2,PS,990905,17:36:25,17:36:30,5,17:36:30,17:37:10,40,AGENT,17:37:10,17:37:59,49,VICKY
AA0101,44986,25192089,1,PS,990905,17:44:54,17:44:59,5,17:44:59,17:45:09,10,HANG,0:00:00,0:00:00,0,NO_SERVER
AA0101,44987,0,0,PS,990905,18:00:50,18:01:11,21,0:00:00,0:00:00,0,AGENT,18:01:09,18:06:59,350,BASCH
AA0101,44988,25361189,1,PS,990905,18:24:17,18:24:22,5,18:24:22,18:25:29,67,AGENT,18:25:27,18:27:47,140,VICKY
AA0101,44989,26030254,2,PS,990905,18:48:07,18:48:13,6,18:48:13,18:48:42,29,AGENT,18:48:40,18:56:39,479,BASCH
AA0101,44990,0,0,PS,990905,19:11:47,19:11:55,8,0:00:00,0:00:00,0,AGENT,19:11:54,19:13:17,83,BASCH
AA0101,44991,27349612,1,PS,990905,19:33:08,19:33:14,6,19:33:14,19:34:21,67,AGENT,19:34:20,19:34:45,25,BASCH
AA0101,44992,38279345,1,PS,990905,20:09:06,20:09:11,5,20:09:11,20:09:51,40,AGENT,20:09:50,20:12:38,168,TOVA
AA0101,44993,0,0,NW,990905,20:38:11,20:38:23,12,0:00:00,0:00:00,0,AGENT,20:38:23,20:38:39,16,BASCH
AA0101,44994,0,0,NW,990905,21:11:32,21:11:45,13,0:00:00,0:00:00,0,AGENT,21:11:44,21:13:43,119,VICKY
AA0101,44995,0,0,PS,990905,21:40:29,21:40:38,9,0:00:00,0:00:00,0,AGENT,21:40:37,21:43:18,161,BASCH
AA0101,44996,29301769,1,PS,990905,21:50:10,21:50:16,6,21:50:16,21:50:46,30,AGENT,21:50:45,21:51:33,48,VICKY
AA0101,44997,28461895,1,PS,990905,22:02:41,22:02:47,6,22:02:47,22:03:14,27,AGENT,22:03:13,22:12:51,578,BASCH
AA0101,44998,32286627,1,PS,990905,22:26:48,22:26:54,6,22:26:54,22:27:07,13,HANG,0:00:00,0:00:00,0,NO_SERVER
AA0101,44999,0,0,PS,990905,23:06:24,23:06:34,10,0:00:00,0:00:00,0,AGENT,23:06:33,23:06:39,6,VICKY
AA0101,45000,0,0,PS,990905,23:38:28,23:38:45,17,0:00:00,0:00:00,0,AGENT,23:38:45,23:39:40,55,BENSION
AA0101,45001,0,0,PS,990906,6:24:33,6:24:56,23,0:00:00,0:00:00,0,HANG,0:00:00,0:00:00,0,NO_SERVER
AA0101,45002,0,0,PS,990906,7:19:11,7:19:26,15,0:00:00,0:00:00,0,AGENT,7:19:26,7:35:04,938,BASCH
AA0101,45003,0,0,PS,990906,7:47:03,7:47:18,15,0:00:00,0:00:00,0,AGENT,7:47:17,7:51:12,235,BASCH
AA0101,45004,0,0,PS,990906,8:00:06,8:00:14,8,0:00:00,0:00:00,0,AGENT,8:00:13,8:01:30,77,SHARON
AA0101,45005,0,0,NW,990906,8:16:45,8:16:58,13,8:16:58,8:17:09,11,AGENT,8:16:57,8:17:41,44,SHARON
AA0101,45006,0,0,PS,990906,8:33:39,8:33:48,9,0:00:00,0:00:00,0,AGENT,8:33:47,8:35:35,108,BASCH
AA0101,45007,0,0,NW,990906,8:46:19,8:46:28,9,8:46:28,8:46:43,15,HANG,0:00:00,0:00:00,0,NO_SERVER
AA0101,45008,0,0,PS,990906,8:58:29,8:58:38,9,0:00:00,0:00:00,0,AGENT,8:58:37,9:01:02,145,DORIT
AA0101,45009,9262510,2,PS,990906,9:06:42,9:06:48,6,9:06:48,9:07:02,14,AGENT,9:07:01,9:08:29,88,SHARON
AA0101,45010,0,0,NW,990906,9:16:26,9:16:35,9,9:16:35,9:16:48,13,AGENT,9:16:47,9:19:00,133,MORIAH
AA0101,45011,0,0,PS,990906,9:23:24,9:23:34,10,0:00:00,0:00:00,0,AGENT,9:23:33,9:26:02,149,BASCH
AA0101,45012,0,0,PS,990906,9:30:21,9:30:30,9,0:00:00,0:00:00,0,AGENT,9:30:29,9:31:18,49,BASCH
AA0101,45013,0,0,NW,990906,9:37:48,9:37:57,9,9:37:57,9:39:03,66,HANG,0:00:00,0:00:00,0,NO_SERVER
AA0101,45014,68458348,2,PS,990906,9:47:22,9:47:28,6,9:47:28,9:49:29,121,AGENT,9:49:28,9:50:49,81,YITZ
AA0101,45015,51293231,2,PS,990906,9:56:02,9:56:07,5,9:56:07,9:58:26,139,AGENT,9:58:25,10:10:18,713,ROTH
AA0101,45016,28465698,2,NE,990906,10:04:46,10:04:52,6,10:04:52,10:09:06,254,AGENT,10:09:05,10:11:24,139,TOVA
AA0101,45017,24197428,2,PS,990906,10:13:44,10:13:50,6,10:13:50,10:16:06,136,AGENT,10:16:06,10:17:43,97,DORIT
AA0101,45018,0,0,NW,990906,10:21:52,10:22:01,9,10:22:01,10:28:44,403,AGENT,10:28:44,10:31:24,160,ROTH
AA0101,45019,0,0,PS,990906,10:37:54,10:38:07,13,0:00:00,0:00:00,0,AGENT,10:38:05,10:38:36,31,TOVA
AA0101,45020,69784452,2,PS,990906,10:45:55,10:46:01,6,10:46:01,10:46:07,6,AGENT,10:46:06,10:57:50,704,YIFAT
AA0101,45021,0,0,PS,990906,10:53:45,10:53:54,9,0:00:00,0:00:00,0,AGENT,10:53:53,10:57:17,204,YITZ
AA0101,45022,317209633,1,PS,990906,11:04:27,11:04:33,6,11:04:33,11:05:06,33,AGENT,11:05:05,11:07:47,162,SHARON
AA0101,45023,0,0,PS,990906,11:16:53,11:17:02,9,0:00:00,0:00:00,0,AGENT,11:17:01,11:18:53,112,YIFAT
AA0101,45024,0,0,PS,990906,11:29:12,11:29:21,9,0:00:00,0:00:00,0,AGENT,11:29:20,11:32:55,215,DORIT
AA0101,45025,0,0,NW,990906,11:38:05,11:38:14,9,11:38:14,11:39:06,52,HANG,0:00:00,0:00:00,0,NO_SERVER
AA0101,45026,0,0,PS,990906,11:46:04,11:46:13,9,0:00:00,0:00:00,0,AGENT,11:46:11,11:49:40,209,DORIT
AA0101,45027,29721743,1,PS,990906,11:56:28,11:56:34,6,11:56:34,11:56:57,23,AGENT,11:56:56,11:58:32,96,ROTH
AA0101,45028,0,0,NW,990906,12:06:12,12:06:21,9,12:06:21,12:08:40,139,AGENT,12:08:39,12:09:52,73,SHARON
AA0101,45029,0,0,PS,990906,12:24:27,12:24:37,10,0:00:00,0:00:00,0,AGENT,12:24:36,12:26:06,90,ROTH
AA0101,45030,0,0,PS,990906,12:35:55,12:36:07,12,0:00:00,0:00:00,0,AGENT,12:36:06,12:37:53,107,YITZ
AA0101,45031,24179418,1,PS,990906,12:52:27,12:52:32,5,12:52:32,12:53:21,49,AGENT,12:53:21,12:57:35,254,ROTH
AA0101,45032,0,0,NW,990906,13:06:29,13:06:39,10,13:06:39,13:07:03,24,HANG,0:00:00,0:00:00,0,NO_SERVER
AA0101,45033,0,0,PS,990906,13:20:31,13:20:45,14,0:00:00,0:00:00,0,AGENT,13:20:44,13:24:23,219,MORIAH
AA0101,45034,0,0,PS,990906,13:37:19,13:37:28,9,0:00:00,0:00:00,0,AGENT,13:37:27,13:37:59,32,BASCH
AA0101,45035,0,0,PS,990906,13:50:32,13:50:45,13,0:00:00,0:00:00,0,AGENT,13:50:44,13:53:28,164,ZOHARI
AA0101,45036,0,0,PS,990906,14:00:37,14:00:46,9,0:00:00,0:00:00,0,AGENT,14:00:45,14:01:39,54,BASCH
AA0101,45037,0,0,PS,990906,14:13:45,14:13:58,13,0:00:00,0:00:00,0,AGENT,14:13:57,14:15:16,79,BASCH
AA0101,45038,22263115,2,PS,990906,14:27:32,14:27:38,6,14:27:38,14:28:32,54,AGENT,14:28:31,14:28:35,4,MORIAH
AA0101,45039,14264295,2,PS,990906,14:39:49,14:39:54,5,14:39:54,14:40:10,16,AGENT,14:40:10,14:41:36,86,SHARON
AA0101,45040,0,0,NW,990906,14:45:23,14:45:32,9,14:45:32,14:46:28,56,AGENT,14:46:28,14:53:08,400,MORIAH
AA0101,45041,32387482,1,PS,990906,15:00:50,15:00:56,6,15:00:56,15:05:26,270,AGENT,15:05:25,15:07:20,115,ROTH
AA0101,45042,0,0,PS,990906,15:19:48,15:19:57,9,0:00:00,0:00:00,0,AGENT,15:19:56,15:31:35,699,STEREN
AA0101,45043,0,0,PS,990906,15:29:24,15:29:32,8,0:00:00,0:00:00,0,AGENT,15:29:31,15:30:43,72,ROTH
AA0101,45044,14264295,2,PS,990906,15:40:33,15:40:38,5,15:40:38,15:43:09,151,AGENT,15:43:09,15:46:55,226,ZOHARI
AA0101,45045,0,0,PS,990906,15:53:48,15:54:00,12,0:00:00,0:00:00,0,AGENT,15:53:59,15:55:36,97,ZOHARI
AA0101,45046,0,0,NW,990906,16:08:13,16:08:22,9,16:08:22,16:08:35,13,AGENT,16:08:34,16:10:49,135,ROTH
AA0101,45047,0,0,PS,990906,16:24:11,16:24:22,11,0:00:00,0:00:00,0,AGENT,16:24:21,16:27:28,187,ANAT
AA0101,45048,0,0,PS,990906,16:39:36,16:39:46,10,0:00:00,0:00:00,0,AGENT,16:39:45,16:42:33,168,ANAT
AA0101,45049,30712699,2,NE,990906,16:58:12,16:58:18,6,16:58:18,16:59:54,96,AGENT,16:59:53,17:01:40,107,ANAT
AA0101,45050,28110013,1,PS,990906,17:15:21,17:15:27,6,17:15:27,17:15:36,9,AGENT,17:15:35,17:16:52,77,ANAT
AA0101,45051,0,0,PS,990906,17:35:22,17:35:31,9,0:00:00,0:00:00,0,AGENT,17:35:30,17:37:18,108,STEREN
AA0101,45052,0,0,PS,990906,17:58:48,17:59:05,17,0:00:00,0:00:00,0,AGENT,17:59:04,18:01:55,171,ANAT
AA0101,45053,0,0,NW,990906,18:25:10,18:25:20,10,18:25:20,18:28:07,167,AGENT,18:28:06,18:28:21,15,VICKY
AA0101,45054,0,0,PS,990906,18:45:06,18:45:14,8,0:00:00,0:00:00,0,AGENT,18:45:14,18:47:29,135,VICKY
AA0101,45055,0,0,PS,990906,19:08:57,19:09:06,9,0:00:00,0:00:00,0,AGENT,19:09:05,19:12:15,190,STEREN
AA0101,45056,0,0,PS,990906,19:35:05,19:35:20,15,0:00:00,0:00:00,0,AGENT,19:35:19,19:41:28,369,MEIR
AA0101,45057,0,0,NE,990906,19:46:10,19:46:20,10,0:00:00,0:00:00,0,AGENT,19:46:19,19:48:14,115,MEIR
AA0101,45058,0,0,PS,990906,20:14:54,20:15:05,11,0:00:00,0:00:00,0,AGENT,20:15:05,20:16:09,64,ANAT
AA0101,45059,0,0,NW,990906,20:38:45,20:38:55,10,20:38:55,20:39:25,30,AGENT,20:39:24,20:39:54,30,VICKY
AA0101,45060,0,0,NW,990906,21:00:31,21:00:44,13,0:00:00,0:00:00,0,AGENT,21:00:43,21:00:51,8,NO_SERVER
AA0101,45061,0,0,NW,990906,21:19:51,21:20:04,13,0:00:00,0:00:00,0,AGENT,21:20:03,21:21:41,98,STEREN
AA0101,45062,0,0,PS,990906,21:43:49,21:43:58,9,0:00:00,0:00:00,0,AGENT,21:43:57,21:46:55,178,STEREN
AA0101,45063,0,0,PS,990906,22:12:04,22:12:18,14,0:00:00,0:00:00,0,AGENT,22:12:17,22:12:55,38,DARMON
AA0101,45064,0,0,PS,990906,22:53:58,22:54:07,9,0:00:00,0:00:00,0,AGENT,22:54:06,22:56:00,114,GILI
AA0101,45065,56771355,2,NE,990906,23:29:09,23:29:15,6,23:29:15,23:30:01,46,AGENT,23:30:00,23:30:21,21,VICKY
AA0101,45066,0,0,PS,990907,6:52:27,6:53:05,38,0:00:00,0:00:00,0,HANG,0:00:00,0:00:00,0,NO_SERVER
AA0101,45067,0,0,PS,990907,7:44:47,7:44:57,10,0:00:00,0:00:00,0,AGENT,7:44:56,7:46:15,79,TOVA
AA0101,45068,70409032,2,PS,990907,8:10:11,8:10:16,5,8:10:16,8:11:03,47,AGENT,8:11:02,8:12:54,112,TOVA
AA0101,45069,0,0,NW,990907,8:31:11,8:31:21,10,8:31:21,8:32:17,56,AGENT,8:32:17,8:32:56,39,AVI
AA0101,45070,0,0,NW,990907,8:47:26,8:47:36,10,8:47:36,8:47:43,7,AGENT,8:47:42,8:48:24,42,BASCH
AA0101,45071,0,0,NW,990907,8:56:15,8:56:25,10,8:56:25,9:00:11,226,AGENT,9:00:10,9:00:11,1,AVI
AA0101,45072,0,0,PS,990907,9:09:50,9:09:59,9,0:00:00,0:00:00,0,AGENT,9:09:58,9:14:40,282,ROTH
AA0101,45073,0,0,NW,990907,9:26:49,9:26:59,10,9:26:59,9:33:02,363,AGENT,9:33:00,9:33:37,37,AVI
AA0101,45074,0,0,PS,990907,9:47:12,9:47:26,14,0:00:00,0:00:00,0,AGENT,9:47:26,9:50:22,176,BASCH
AA0101,45075,0,0,PS,990907,10:00:55,10:01:15,20,0:00:00,0:00:00,0,AGENT,10:01:14,10:03:35,141,BASCH
AA0101,45076,71520779,1,PS,990907,10:12:27,10:12:32,5,10:12:32,10:12:37,5,AGENT,10:12:36,10:14:57,141,BASCH
AA0101,45077,0,0,NW,990907,10:22:05,10:22:14,9,10:22:14,10:22:24,10,HANG,0:00:00,0:00:00,0,NO_SERVER
AA0101,45078,57876948,2,PS,990907,10:32:04,10:32:10,6,10:32:10,10:32:29,19,AGENT,10:32:28,10:39:14,406,BASCH
AA0101,45079,0,0,PS,990907,10:46:53,10:47:01,8,0:00:00,0:00:00,0,AGENT,10:47:00,10:47:01,1,AVI
AA0101,45080,0,0,PS,990907,10:56:16,10:56:25,9,0:00:00,0:00:00,0,AGENT,10:56:24,10:57:37,73,BASCH
AA0101,45081,14872279,2,PS,990907,11:09:23,11:09:28,5,11:09:28,11:09:44,16,AGENT,11:09:43,11:14:06,263,ROTH
AA0101,45082,2043974,1,NE,990907,11:19:13,11:19:18,5,11:19:18,11:22:23,185,AGENT,11:22:23,11:23:30,67,AVI
AA0101,45083,59630624,1,NE,990907,11:32:05,11:32:10,5,11:32:10,11:34:43,153,AGENT,11:34:42,11:36:25,103,AVI
AA0101,45084,33474602,2,PS,990907,11:42:13,11:42:18,5,11:42:18,11:43:30,72,AGENT,11:43:29,11:45:49,140,ROTH
AA0101,45085,27748490,1,PS,990907,11:50:57,11:51:03,6,11:51:03,11:54:04,181,AGENT,11:54:03,11:55:04,61,BASCH
AA0101,45086,33474602,2,PS,990907,12:05:00,12:05:05,5,12:05:05,12:05:13,8,AGENT,12:05:12,12:06:37,85,BASCH
AA0101,45087,53341582,2,PS,990907,12:18:09,12:18:14,5,12:18:14,12:18:37,23,HANG,0:00:00,0:00:00,0,NO_SERVER
AA0101,45088,23895501,2,PS,990907,12:29:55,12:30:00,5,12:30:00,12:30:15,15,AGENT,12:30:14,12:31:39,85,MORIAH
AA0101,45089,0,0,PS,990907,12:46:57,12:47:06,9,0:00:00,0:00:00,0,AGENT,12:47:05,12:47:55,50,ROTH
AA0101,45090,0,0,NW,990907,13:04:54,13:05:08,14,0:00:00,0:00:00,0,AGENT,13:05:07,13:06:02,55,AVI
AA0101,45091,32322398,2,PS,990907,13:16:08,13:16:13,5,13:16:13,13:16:28,15,AGENT,13:16:27,13:17:31,64,BASCH
AA0101,45092,0,0,PS,990907,13:36:11,13:36:20,9,0:00:00,0:00:00,0,AGENT,13:36:19,13:36:58,39,BASCH
AA0101,45093,0,0,PS,990907,13:55:32,13:55:43,11,0:00:00,0:00:00,0,AGENT,13:55:42,13:58:09,147,BASCH
AA0101,45094,51046290,2,PS,990907,14:07:54,14:08:00,6,14:08:00,14:08:11,11,AGENT,14:08:10,14:09:11,61,ROTH
AA0101,45095,0,0,NW,990907,14:22:48,14:22:58,10,14:22:58,14:23:05,7,HANG,0:00:00,0:00:00,0,NO_SERVER
AA0101,45096,24024184,2,PS,990907,14:35:02,14:35:08,6,14:35:08,14:35:35,27,AGENT,14:35:34,14:41:10,336,STEREN
AA0101,45097,0,0,NW,990907,14:43:38,14:43:47,9,14:43:47,14:49:13,326,AGENT,14:49:12,14:50:32,80,AVI
AA0101,45098,0,0,NE,990907,14:56:23,14:56:35,12,0:00:00,0:00:00,0,AGENT,14:56:35,15:00:16,221,ELI
AA0101,45099,0,0,NW,990907,15:10:02,15:10:12,10,15:10:12,15:13:44,212,AGENT,15:13:43,15:16:43,180,ROTH
AA0101,45100,57881351,2,PS,990907,15:24:56,15:25:02,6,15:25:02,15:29:02,240,AGENT,15:29:01,15:31:59,178,ROTH
AA0101,45101,0,0,PS,990907,15:35:53,15:36:05,12,0:00:00,0:00:00,0,AGENT,15:36:04,15:38:09,125,STEREN
AA0101,45102,0,0,PS,990907,15:48:24,15:48:35,11,0:00:00,0:00:00,0,AGENT,15:48:34,15:51:49,195,DORIT
AA0101,45103,0,0,PS,990907,16:02:13,16:02:30,17,0:00:00,0:00:00,0,AGENT,16:02:29,16:05:12,163,DARMON
AA0101,45104,0,0,PS,990907,16:12:16,16:12:32,16,0:00:00,0:00:00,0,AGENT,16:12:30,16:14:36,126,ZOHARI
AA0101,45105,0,0,NW,990907,16:25:01,16:25:11,10,16:25:11,16:31:11,360,AGENT,16:31:10,16:31:42,32,STEREN
AA0101,45106,0,0,PS,990907,16:45:24,16:45:39,15,0:00:00,0:00:00,0,AGENT,16:45:37,16:46:29,52,SHARON
AA0101,45107,0,0,PS,990907,16:52:08,16:52:17,9,0:00:00,0:00:00,0,AGENT,16:52:16,16:52:29,13,DORIT
AA0101,45108,0,0,PS,990907,17:03:04,17:03:16,12,0:00:00,0:00:00,0,AGENT,17:03:16,17:05:11,115,SHARON
AA0101,45109,0,0,NW,990907,17:16:20,17:16:30,10,17:16:30,17:17:34,64,AGENT,17:17:33,17:18:28,55,STEREN
AA0101,45110,0,0,PS,990907,17:28:56,17:29:10,14,0:00:00,0:00:00,0,AGENT,17:29:09,17:30:47,98,SHARON
AA0101,45111,0,0,PS,990907,17:42:36,17:42:49,13,0:00:00,0:00:00,0,AGENT,17:42:48,17:44:30,102,BENSION
AA0101,45112,0,0,NW,990907,17:56:12,17:56:21,9,17:56:21,17:56:34,13,AGENT,17:56:34,17:57:10,36,VICKY
AA0101,45113,0,0,PS,990907,18:10:04,18:10:15,11,0:00:00,0:00:00,0,AGENT,18:10:14,18:11:11,57,DORIT
AA0101,45114,0,0,PS,990907,18:32:44,18:32:57,13,0:00:00,0:00:00,0,AGENT,18:32:57,18:36:43,226,SHARON
AA0101,45115,0,0,NE,990907,19:06:07,19:06:16,9,0:00:00,0:00:00,0,AGENT,19:06:15,19:08:12,117,SHARON
AA0101,45116,0,0,PS,990907,19:25:27,19:25:37,10,0:00:00,0:00:00,0,AGENT,19:25:36,19:27:37,121,ZOHARI
AA0101,45117,28018224,1,PS,990907,19:51:51,19:51:56,5,19:51:56,19:52:05,9,AGENT,19:52:04,19:58:01,357,STEREN
AA0101,45118,0,0,PS,990907,20:21:44,20:21:56,12,0:00:00,0:00:00,0,AGENT,20:21:55,20:22:58,63,BENSION
AA0101,45119,0,0,PS,990907,20:42:06,20:42:16,10,0:00:00,0:00:00,0,AGENT,20:42:15,20:43:31,76,SHARON
AA0101,45120,51929339,2,PS,990907,20:59:21,20:59:27,6,20:59:27,21:01:04,97,AGENT,21:01:03,21:04:48,225,DARMON
AA0101,45121,0,0,NW,990907,21:20:19,21:20:33,14,0:00:00,0:00:00,0,AGENT,21:20:32,21:20:40,8,STEREN
AA0101,45122,0,0,PS,990907,21:45:05,21:45:19,14,0:00:00,0:00:00,0,AGENT,21:45:18,21:47:11,113,DORIT
AA0101,45123,0,0,NW,990907,22:10:17,22:10:55,38,0:00:00,0:00:00,0,HANG,0:00:00,0:00:00,0,NO_SERVER
AA0101,45124,62333810,1,PS,990907,22:34:32,22:34:37,5,22:34:37,22:35:58,81,AGENT,22:35:57,22:37:02,65,ZOHARI
AA0101,45125,53357307,2,PS,990907,22:53:48,22:53:52,4,22:53:52,22:53:57,5,AGENT,22:53:56,22:54:41,45,SHARON
AA0101,45126,0,0,PS,990907,23:34:59,23:35:12,13,0:00:00,0:00:00,0,AGENT,23:35:08,23:36:55,107,SHARON
AA0101,45127,0,0,NW,990908,6:04:05,6:04:20,15,0:00:00,0:00:00,0,HANG,0:00:00,0:00:00,0,NO_SERVER
AA0101,45128,0,0,NW,990908,7:15:29,7:15:42,13,0:00:00,0:00:00,0,AGENT,7:15:42,7:16:59,77,DORIT
AA0101,45129,0,0,NW,990908,7:48:08,7:48:18,10,7:48:18,7:49:19,61,AGENT,7:49:18,7:50:30,72,DORIT
AA0101,45130,0,0,PS,990908,8:12:43,8:12:52,9,0:00:00,0:00:00,0,AGENT,8:12:51,8:15:53,182,STEREN
AA0101,45131,0,0,NW,990908,8:30:36,8:30:50,14,0:00:00,0:00:00,0,AGENT,8:30:49,8:35:08,259,ROTH
AA0101,45132,0,0,NW,990908,8:44:15,8:44:24,9,8:44:24,8:47:42,198,AGENT,8:47:41,8:48:08,27,DORIT
AA0101,45133,57131708,2,PS,990908,8:57:26,8:57:31,5,8:57:31,8:58:07,36,AGENT,8:58:07,8:58:30,23,BASCH
AA0101,45134,32388746,2,PS,990908,9:09:07,9:09:12,5,9:09:12,9:10:23,71,AGENT,9:10:22,9:10:50,28,BASCH
AA0101,45135,24940330,1,PS,990908,9:20:39,9:20:44,5,9:20:44,9:21:49,65,AGENT,9:21:48,9:22:39,51,DORIT
AA0101,45136,25022625,2,PS,990908,9:33:09,9:33:15,6,9:33:15,9:34:00,45,AGENT,9:33:59,9:43:14,555,STEREN
AA0101,45137,0,0,NE,990908,9:44:37,9:44:51,14,0:00:00,0:00:00,0,AGENT,9:44:50,9:50:04,314,ELI
AA0101,45138,65203879,2,PS,990908,9:52:41,9:52:47,6,9:52:47,9:56:10,203,AGENT,9:56:09,9:57:37,88,STEREN
AA0101,45139,0,0,NW,990908,10:04:58,10:05:07,9,10:05:07,10:05:44,37,HANG,0:00:00,0:00:00,0,NO_SERVER
AA0101,45140,0,0,NW,990908,10:10:25,10:10:35,10,10:10:35,10:13:43,188,HANG,0:00:00,0:00:00,0,NO_SERVER
AA0101,45141,0,0,NE,990908,10:19:28,10:19:38,10,0:00:00,0:00:00,0,AGENT,10:19:37,10:22:45,188,ZOHARI
AA0101,45142,0,0,NW,990908,10:27:40,10:27:49,9,10:27:49,10:29:59,130,HANG,0:00:00,0:00:00,0,NO_SERVER
AA0101,45143,57882755,2,PS,990908,10:42:32,10:42:37,5,10:42:37,10:43:28,51,AGENT,10:43:28,10:45:22,114,BASCH
AA0101,45144,4654307,2,PS,990908,10:58:53,10:58:59,6,10:58:59,10:59:08,9,AGENT,10:59:07,11:00:55,108,DORIT
AA0101,45145,5532700,2,PS,990908,11:12:34,11:12:39,5,11:12:39,11:14:17,98,AGENT,11:14:15,11:27:18,783,STEREN
AA0101,45146,0,0,PS,990908,11:30:20,11:30:29,9,0:00:00,0:00:00,0,AGENT,11:30:28,11:32:58,150,YITZ
AA0101,45147,63193346,2,PS,990908,11:54:01,11:54:07,6,11:54:07,11:55:22,75,AGENT,11:55:21,11:59:43,262,SHARON
AA0101,45148,51145852,2,PS,990908,12:04:08,12:04:14,6,12:04:14,12:05:16,62,AGENT,12:05:15,12:20:58,943,DORIT
AA0101,45149,33474602,2,PS,990908,12:16:11,12:16:16,5,12:16:16,12:16:53,37,AGENT,12:16:52,12:18:49,117,ROTH
AA0101,45150,0,0,PS,990908,12:28:29,12:28:44,15,0:00:00,0:00:00,0,AGENT,12:28:44,12:29:37,53,BASCH
AA0101,45151,0,0,PS,990908,12:44:20,12:44:29,9,0:00:00,0:00:00,0,AGENT,12:44:28,12:47:02,154,STEREN
AA0101,45152,28465698,2,NE,990908,13:00:34,13:00:41,7,13:00:41,13:02:47,126,AGENT,13:02:46,13:04:08,82,ROTH
AA0101,45153,55279970,2,NE,990908,13:15:28,13:15:33,5,13:15:33,13:15:51,18,AGENT,13:15:50,13:17:54,124,ZOHARI
AA0101,45154,0,0,NW,990908,13:28:49,13:28:58,9,13:28:58,13:32:31,213,AGENT,13:32:31,13:35:07,156,SHARON
AA0101,45155,0,0,NW,990908,13:45:22,13:45:32,10,13:45:32,13:45:40,8,HANG,0:00:00,0:00:00,0,NO_SERVER
AA0101,45156,0,0,NW,990908,13:54:13,13:54:22,9,13:54:22,13:54:30,8,HANG,0:00:00,0:00:00,0,NO_SERVER
AA0101,45157,37670320,1,PS,990908,14:06:12,14:06:17,5,14:06:17,14:07:39,82,HANG,0:00:00,0:00:00,0,NO_SERVER
AA0101,45158,0,0,PS,990908,14:24:11,14:24:24,13,0:00:00,0:00:00,0,AGENT,14:24:23,14:25:54,91,ANAT
AA0101,45159,0,0,PS,990908,14:36:34,14:36:48,14,0:00:00,0:00:00,0,AGENT,14:36:48,14:40:31,223,ANAT
AA0101,45160,54862610,2,PS,990908,14:44:32,14:44:38,6,14:44:38,14:46:00,82,AGENT,14:45:59,14:47:49,110,STEREN
AA0101,45161,53616900,2,PS,990908,15:02:51,15:02:56,5,15:02:56,15:03:09,13,HANG,0:00:00,0:00:00,0,NO_SERVER
AA0101,45162,0,0,NE,990908,15:10:21,15:10:32,11,0:00:00,0:00:00,0,AGENT,15:10:31,15:14:16,225,ZOHARI
AA0101,45163,54174891,1,PS,990908,15:21:29,15:21:34,5,15:21:34,15:21:51,17,AGENT,15:21:50,15:23:22,92,ANAT
AA0101,45164,55341648,2,PS,990908,15:32:05,15:32:11,6,15:32:11,15:36:14,243,AGENT,15:36:12,15:41:13,301,ZOHARI
AA0101,45165,0,0,NW,990908,15:39:51,15:40:01,10,15:40:01,15:46:32,391,AGENT,15:46:31,15:47:40,69,ROTH
AA0101,45166,0,0,NW,990908,15:53:42,15:53:51,9,15:53:51,15:54:00,9,HANG,0:00:00,0:00:00,0,NO_SERVER
AA0101,45167,0,0,NW,990908,16:05:05,16:05:14,9,16:05:14,16:05:30,16,AGENT,16:05:29,16:09:10,221,AVI
AA0101,45168,51440469,2,PS,990908,16:17:34,16:17:40,6,16:17:40,16:18:23,43,HANG,0:00:00,0:00:00,0,NO_SERVER
AA0101,45169,33152596,1,PS,990908,16:30:49,16:30:54,5,16:30:54,16:31:57,63,AGENT,16:31:57,16:33:30,93,MORIAH
AA0101,45170,58704610,2,PS,990908,16:42:33,16:42:39,6,16:42:39,16:44:08,89,AGENT,16:44:08,16:44:08,0,AVI
AA0101,45171,22589261,1,PS,990908,16:59:50,16:59:55,5,16:59:55,17:01:20,85,AGENT,17:01:19,17:03:08,109,BENSION
AA0101,45172,0,0,NW,990908,17:23:29,17:23:38,9,17:23:38,17:26:37,179,HANG,0:00:00,0:00:00,0,NO_SERVER
AA0101,45173,34094383,1,PS,990908,17:39:38,17:39:43,5,17:39:43,17:41:59,136,AGENT,17:41:58,17:44:30,152,AVI
AA0101,45174,0,0,PS,990908,17:55:16,17:55:35,19,0:00:00,0:00:00,0,AGENT,17:55:28,17:57:00,92,ANAT
AA0101,45175,54042171,2,NE,990908,18:20:35,18:20:41,6,18:20:41,18:20:45,4,AGENT,18:20:44,18:21:50,66,ANAT
AA0101,45176,73597874,2,PS,990908,18:34:38,18:34:43,5,18:34:43,18:35:22,39,AGENT,18:35:21,18:36:34,73,BENSION
AA0101,45177,0,0,PS,990908,18:57:07,18:57:20,13,0:00:00,0:00:00,0,AGENT,18:57:20,19:00:37,197,AVI
AA0101,45178,0,0,PS,990908,19:13:18,19:13:29,11,0:00:00,0:00:00,0,AGENT,19:13:28,19:15:40,132,ANAT
AA0101,45179,0,0,PS,990908,19:25:06,19:25:16,10,0:00:00,0:00:00,0,AGENT,19:25:15,19:28:47,212,ANAT
AA0101,45180,0,0,PS,990908,19:46:06,19:46:18,12,0:00:00,0:00:00,0,AGENT,19:46:17,19:48:12,115,ANAT
AA0101,45181,0,0,NW,990908,20:09:50,20:10:02,12,0:00:00,0:00:00,0,AGENT,20:10:02,20:13:52,230,MORIAH
AA0101,45182,0,0,PS,990908,20:41:27,20:41:41,14,0:00:00,0:00:00,0,AGENT,20:41:39,20:45:08,209,AVI
AA0101,45183,0,0,NW,990908,21:01:04,21:01:16,12,0:00:00,0:00:00,0,AGENT,21:01:15,21:01:55,40,MORIAH
AA0101,45184,0,0,PS,990908,21:16:42,21:16:53,11,0:00:00,0:00:00,0,AGENT,21:16:52,21:21:00,248,BENSION
AA0101,45185,0,0,PS,990908,21:38:55,21:39:10,15,0:00:00,0:00:00,0,AGENT,21:39:09,21:40:30,81,MEIR
AA0101,45186,7168586,1,PS,990908,21:55:51,21:55:56,5,21:55:56,21:58:09,133,AGENT,21:58:08,21:59:03,55,AVI
AA0101,45187,58029620,2,PS,990908,22:24:08,22:24:14,6,22:24:14,22:26:03,109,AGENT,22:26:02,22:26:44,42,BENSION
AA0101,45188,0,0,NW,990908,22:45:56,22:46:11,15,0:00:00,0:00:00,0,AGENT,22:46:10,22:48:58,168,AVI
AA0101,45189,0,0,PS,990908,23:15:42,23:15:54,12,0:00:00,0:00:00,0,AGENT,23:15:53,23:16:39,46,BENSION
AA0101,45191,0,0,PS,990909,0:02:48,0:02:48,0,0:00:00,0:00:00,0,HANG,0:00:00,0:00:00,0,NO_SERVER
AA0101,45192,0,0,PS,990909,7:06:52,7:07:02,10,0:00:00,0:00:00,0,AGENT,7:07:01,7:11:04,243,ANAT
AA0101,45193,0,0,PS,990909,7:44:37,7:44:50,13,0:00:00,0:00:00,0,AGENT,7:44:49,7:45:40,51,ANAT
AA0101,45194,0,0,PE,990909,8:18:50,8:18:58,8,0:00:00,0:00:00,0,AGENT,8:18:57,8:21:44,167,DORIT
AA0101,45195,0,0,PS,990909,8:37:23,8:37:36,13,0:00:00,0:00:00,0,AGENT,8:37:35,8:38:36,61,NAAMA
AA0101,45196,0,0,PS,990909,8:50:55,8:51:08,13,0:00:00,0:00:00,0,AGENT,8:51:07,8:52:14,67,ANAT
AA0101,45197,54862610,2,PS,990909,9:06:42,9:06:48,6,9:06:48,9:07:48,60,AGENT,9:07:47,9:09:21,94,ANAT
AA0101,45198,0,0,PS,990909,9:20:26,9:20:36,10,0:00:00,0:00:00,0,AGENT,9:20:34,9:21:38,64,ROTH
AA0101,45199,0,0,PS,990909,9:33:55,9:34:05,10,0:00:00,0:00:00,0,AGENT,9:34:04,9:47:52,828,DORIT
AA0101,45200,54665682,2,PS,990909,9:55:37,9:55:42,5,9:55:42,9:56:53,71,AGENT,9:56:51,9:57:54,63,SHARON
AA0101,45201,0,0,PS,990909,10:05:00,10:05:09,9,0:00:00,0:00:00,0,AGENT,10:05:08,10:10:31,323,NAAMA
AA0101,45202,36211233,2,PS,990909,10:17:28,10:17:33,5,10:17:33,10:18:02,29,AGENT,10:18:01,10:21:05,184,BASCH
AA0101,45203,0,0,PS,990909,10:32:01,10:32:10,9,0:00:00,0:00:00,0,AGENT,10:32:09,10:33:03,54,SHARON
AA0101,45204,0,0,NW,990909,10:44:45,10:44:55,10,10:44:55,10:45:00,5,AGENT,10:44:59,10:45:31,32,BASCH
AA0101,45205,0,0,NE,990909,10:58:27,10:58:37,10,0:00:00,0:00:00,0,AGENT,10:58:36,11:01:53,197,SHARON
AA0101,45206,0,0,PS,990909,11:14:51,11:14:59,8,0:00:00,0:00:00,0,AGENT,11:14:58,11:26:45,707,DORIT
AA0101,45207,0,0,NW,990909,11:30:38,11:30:58,20,0:00:00,0:00:00,0,AGENT,11:30:57,11:31:23,26,SHARON
AA0101,45208,0,0,PS,990909,11:44:26,11:44:34,8,0:00:00,0:00:00,0,AGENT,11:44:34,11:48:48,254,ROTH
AA0101,45209,0,0,PS,990909,11:59:57,12:00:05,8,0:00:00,0:00:00,0,AGENT,12:00:04,12:01:13,69,ROTH
AA0101,45210,0,0,NE,990909,12:16:56,12:17:06,10,0:00:00,0:00:00,0,AGENT,12:17:04,12:20:09,185,BASCH
AA0101,45211,0,0,PS,990909,12:37:07,12:37:25,18,0:00:00,0:00:00,0,AGENT,12:37:24,12:40:13,169,ANAT
AA0101,45212,0,0,PS,990909,12:49:25,12:49:35,10,0:00:00,0:00:00,0,AGENT,12:49:33,12:51:55,142,ROTH
AA0101,45213,0,0,NE,990909,13:05:42,13:05:54,12,0:00:00,0:00:00,0,AGENT,13:05:53,13:08:28,155,ELI
AA0101,45214,0,0,PS,990909,13:17:26,13:17:34,8,0:00:00,0:00:00,0,AGENT,13:17:34,13:18:36,62,ROTH
AA0101,45215,59630624,1,NE,990909,13:36:05,13:36:10,5,13:36:10,13:36:29,19,AGENT,13:36:29,13:37:35,66,NAAMA
AA0101,45216,0,0,NE,990909,13:52:59,13:53:08,9,0:00:00,0:00:00,0,AGENT,13:53:07,13:56:36,209,KAZAV
AA0101,45217,22394423,1,PS,990909,14:08:47,14:08:53,6,14:08:53,14:11:03,130,AGENT,14:11:01,14:21:38,637,DORIT
AA0101,45218,24882292,2,PS,990909,14:22:37,14:22:42,5,14:22:42,14:24:02,80,AGENT,14:24:01,14:32:50,529,YIFAT
AA0101,45219,0,0,PS,990909,14:34:38,14:34:47,9,0:00:00,0:00:00,0,AGENT,14:34:47,14:37:49,182,SHARON
AA0101,45220,28081438,2,PS,990909,14:48:37,14:48:42,5,14:48:42,14:50:16,94,AGENT,14:50:15,14:51:07,52,ROTH
AA0101,45221,58706086,2,PS,990909,15:04:32,15:04:37,5,15:04:37,15:05:15,38,AGENT,15:05:15,15:08:16,181,KAZAV
AA0101,45222,27957448,2,PS,990909,15:14:21,15:14:27,6,15:14:27,15:16:34,127,AGENT,15:16:33,15:21:08,275,ROTH
AA0101,45223,14504765,2,PS,990909,15:29:15,15:29:20,5,15:29:20,15:29:56,36,AGENT,15:29:55,15:33:07,192,KAZAV
AA0101,45224,0,0,PS,990909,15:38:10,15:38:23,13,0:00:00,0:00:00,0,AGENT,15:38:22,15:39:53,91,ZOHARI
AA0101,45225,0,0,NW,990909,15:48:11,15:48:20,9,15:48:20,15:51:10,170,HANG,0:00:00,0:00:00,0,NO_SERVER
AA0101,45226,0,0,NW,990909,16:04:17,16:04:33,16,0:00:00,0:00:00,0,AGENT,16:04:32,16:04:55,23,AVI
AA0101,45227,0,0,NW,990909,16:16:27,16:16:37,10,16:16:37,16:18:56,139,HANG,0:00:00,0:00:00,0,NO_SERVER
AA0101,45228,317760924,2,PS,990909,16:30:07,16:30:12,5,16:30:12,16:31:21,69,AGENT,16:31:21,16:32:33,72,AVI
AA0101,45229,0,0,PS,990909,16:41:55,16:42:04,9,0:00:00,0:00:00,0,AGENT,16:42:03,16:46:02,239,ROTH
AA0101,45230,52773447,2,PS,990909,16:52:59,16:53:05,6,16:53:05,16:53:30,25,AGENT,16:53:30,16:56:26,176,AVI
AA0101,45231,0,0,NW,990909,17:04:57,17:05:06,9,17:05:06,17:08:59,233,AGENT,17:08:58,17:09:35,37,PINHAS
AA0101,45232,0,0,NW,990909,17:20:25,17:20:41,16,0:00:00,0:00:00,0,AGENT,17:20:40,17:22:22,102,YITZ
AA0101,45233,0,0,NW,990909,17:40:02,17:40:14,12,0:00:00,0:00:00,0,AGENT,17:40:14,17:40:42,28,STEREN
AA0101,45234,304309255,1,PS,990909,17:55:14,17:55:20,6,17:55:20,17:59:55,275,AGENT,17:59:54,18:10:53,659,YITZ
AA0101,45235,58504705,2,PS,990909,18:21:26,18:21:31,5,18:21:31,18:21:35,4,HANG,0:00:00,0:00:00,0,NO_SERVER
AA0101,45236,0,0,NW,990909,18:38:46,18:38:56,10,18:38:56,18:41:04,128,AGENT,18:41:03,18:41:49,46,STEREN
AA0101,45237,0,0,NW,990909,19:04:28,19:04:38,10,19:04:38,19:05:52,74,HANG,0:00:00,0:00:00,0,NO_SERVER
AA0101,45238,0,0,PS,990909,19:33:35,19:33:44,9,0:00:00,0:00:00,0,AGENT,19:33:43,19:35:21,98,ZOHARI
AA0101,45239,23065295,1,PS,990909,19:48:02,19:48:08,6,19:48:08,19:48:48,40,AGENT,19:48:47,19:51:22,155,STEREN
AA0101,45240,53610812,2,PS,990909,20:13:50,20:13:55,5,20:13:55,20:16:59,184,AGENT,20:16:58,20:18:34,96,STEREN
AA0101,45241,0,0,PS,990909,20:43:47,20:43:56,9,0:00:00,0:00:00,0,AGENT,20:43:55,20:45:10,75,ZOHARI
AA0101,45242,0,0,PS,990909,21:08:33,21:08:46,13,0:00:00,0:00:00,0,AGENT,21:08:45,21:11:05,140,ZOHARI
AA0101,45243,0,0,PS,990909,21:36:17,21:36:26,9,0:00:00,0:00:00,0,AGENT,21:36:25,21:37:30,65,STEREN
AA0101,45244,0,0,NW,990909,21:59:44,21:59:53,9,21:59:53,22:00:00,7,AGENT,21:59:58,22:01:15,77,STEREN
AA0101,45245,0,0,NW,990909,22:33:47,22:33:56,9,22:33:56,22:35:18,82,AGENT,22:35:17,22:35:53,36,AVI
AA0101,45246,0,0,PS,990909,22:57:59,22:58:25,26,0:00:00,0:00:00,0,AGENT,22:58:24,22:59:02,38,AVI
AA0101,45247,59862698,1,PS,990909,23:29:13,23:29:18,5,23:29:18,23:29:43,25,AGENT,23:29:43,23:32:57,194,AVI
AA0101,45248,0,0,PS,990910,6:41:38,6:42:49,71,0:00:00,0:00:00,0,HANG,0:00:00,0:00:00,0,NO_SERVER
AA0101,45249,0,0,NW,990910,7:49:14,7:49:29,15,0:00:00,0:00:00,0,AGENT,7:49:29,7:49:45,16,NO_SERVER
AA0101,45250,0,0,NW,990910,8:11:03,8:11:16,13,0:00:00,0:00:00,0,AGENT,8:11:15,8:12:30,75,AVNI
AA0101,45251,0,0,PS,990910,8:33:04,8:33:14,10,0:00:00,0:00:00,0,AGENT,8:33:13,8:38:43,330,VICKY
AA0101,45252,0,0,PS,990910,8:51:38,8:51:52,14,0:00:00,0:00:00,0,AGENT,8:51:52,8:53:57,125,BASCH
AA0101,45253,0,0,PS,990910,9:05:02,9:05:11,9,0:00:00,0:00:00,0,AGENT,9:05:10,9:06:27,77,VICKY
AA0101,45254,0,0,PS,990910,9:19:40,9:19:53,13,0:00:00,0:00:00,0,AGENT,9:19:52,9:26:28,396,DORIT
AA0101,45255,25724980,1,PS,990910,9:31:14,9:31:20,6,9:31:20,9:31:37,17,AGENT,9:31:36,9:33:40,124,AVNI
AA0101,45256,58706086,2,PS,990910,9:43:55,9:44:01,6,9:44:01,9:44:12,11,AGENT,9:44:11,9:45:19,68,BASCH
AA0101,45257,54556444,1,PS,990910,9:57:43,9:57:49,6,9:57:49,9:59:04,75,PHANTOM,9:59:03,9:59:06,3,NO_SERVER
AA0101,45258,0,0,PS,990910,10:08:59,10:09:11,12,0:00:00,0:00:00,0,AGENT,10:09:10,10:10:25,75,BENSION
AA0101,45259,0,0,NW,990910,10:27:02,10:27:21,19,0:00:00,0:00:00,0,AGENT,10:27:21,10:30:24,183,SHARON
AA0101,45260,0,0,PS,990910,10:42:25,10:42:34,9,0:00:00,0:00:00,0,AGENT,10:42:34,10:44:42,128,BASCH
AA0101,45261,0,0,PS,990910,10:59:51,11:00:00,9,0:00:00,0:00:00,0,AGENT,10:59:59,11:00:11,12,BASCH
AA0101,45262,0,0,NE,990910,11:14:50,11:14:59,9,0:00:00,0:00:00,0,AGENT,11:14:58,11:17:23,145,SHARON
AA0101,45263,0,0,PS,990910,11:34:41,11:34:53,12,0:00:00,0:00:00,0,AGENT,11:34:52,11:37:08,136,DORIT
AA0101,45264,312903107,2,PE,990910,12:08:18,12:08:22,4,12:08:22,12:10:03,101,AGENT,12:10:02,12:15:55,353,DORIT
AA0101,45265,0,0,PS,990910,12:39:43,12:39:51,8,0:00:00,0:00:00,0,AGENT,12:39:50,12:42:49,179,AVNI
AA0101,45266,0,0,PS,990910,13:07:27,13:07:37,10,0:00:00,0:00:00,0,HANG,0:00:00,0:00:00,0,NO_SERVER
AA0101,45267,0,0,NW,990910,13:41:32,13:41:54,22,0:00:00,0:00:00,0,HANG,0:00:00,0:00:00,0,NO_SERVER
AA0101,45269,0,0,PS,990910,15:04:17,15:04:17,0,0:00:00,0:00:00,0,HANG,0:00:00,0:00:00,0,NO_SERVER
AA0101,45270,0,0,NW,990910,17:14:10,17:14:40,30,0:00:00,0:00:00,0,HANG,0:00:00,0:00:00,0,NO_SERVER
AA0101,45271,0,0,NW,990911,16:02:33,16:03:10,37,0:00:00,0:00:00,0,HANG,0:00:00,0:00:00,0,NO_SERVER
AA0101,45272,0,0,NW,990912,10:08:52,10:09:12,20,0:00:00,0:00:00,0,HANG,0:00:00,0:00:00,0,NO_SERVER
AA0101,45273,0,0,NW,990912,19:00:14,19:00:35,21,0:00:00,0:00:00,0,HANG,0:00:00,0:00:00,0,NO_SERVER
AA0101,45274,0,0,PS,990912,19:51:30,19:51:39,9,0:00:00,0:00:00,0,HANG,0:00:00,0:00:00,0,NO_SERVER
AA0101,45275,0,0,PS,990912,20:17:07,20:17:17,10,0:00:00,0:00:00,0,AGENT,20:17:22,20:17:25,3,NO_SERVER
AA0101,45276,0,0,PS,990912,20:32:51,20:32:59,8,0:00:00,0:00:00,0,AGENT,20:32:59,20:35:20,141,SHARON
AA0101,45277,0,0,PS,990912,20:56:27,20:56:37,10,0:00:00,0:00:00,0,AGENT,20:56:37,20:57:27,50,SHARON
AA0101,45278,40716193,1,NE,990912,21:25:22,21:25:28,6,21:25:28,21:26:30,62,AGENT,21:26:29,21:29:16,167,ZOHARI
AA0101,45279,28960029,1,PS,990912,22:05:38,22:05:44,6,22:05:44,22:06:09,25,AGENT,22:06:09,22:12:15,366,AVNI
AA0101,45280,0,0,PS,990912,22:48:49,22:48:57,8,0:00:00,0:00:00,0,AGENT,22:48:58,22:49:04,6,NO_SERVER
AA0101,45281,0,0,PS,990912,23:50:23,23:50:37,14,0:00:00,0:00:00,0,AGENT,23:50:36,23:51:31,55,SHARON
AA0101,45282,0,0,PS,990913,7:09:51,7:10:00,9,0:00:00,0:00:00,0,AGENT,7:10:00,7:10:48,48,YIFAT
AA0101,45283,0,0,PS,990913,7:47:25,7:47:35,10,0:00:00,0:00:00,0,AGENT,7:47:34,7:53:52,378,VICKY
AA0101,45284,11887957,2,PS,990913,8:06:44,8:06:49,5,8:06:49,8:06:57,8,AGENT,8:06:56,8:09:22,146,TOVA
AA0101,45285,0,0,PS,990913,8:24:15,8:24:22,7,0:00:00,0:00:00,0,AGENT,8:24:23,8:24:29,6,NO_SERVER
AA0101,45286,0,0,PS,990913,8:35:03,8:35:12,9,0:00:00,0:00:00,0,AGENT,8:35:11,8:38:23,192,SHARON
AA0101,45287,33582685,1,PS,990913,8:45:13,8:45:19,6,8:45:19,8:46:17,58,AGENT,8:46:16,8:48:20,124,TOVA
AA0101,45288,0,0,PS,990913,8:55:33,8:55:43,10,0:00:00,0:00:00,0,AGENT,8:55:41,8:56:57,76,ZOHARI
AA0101,45289,0,0,PS,990913,9:06:01,9:06:12,11,0:00:00,0:00:00,0,AGENT,9:06:10,9:07:47,97,SHARON
AA0101,45290,0,0,PS,990913,9:16:46,9:16:55,9,0:00:00,0:00:00,0,AGENT,9:16:53,9:18:13,80,YIFAT
AA0101,45291,0,0,NW,990913,9:28:42,9:28:55,13,0:00:00,0:00:00,0,AGENT,9:28:54,9:29:07,13,SHARON
AA0101,45292,0,0,PS,990913,9:37:13,9:37:23,10,0:00:00,0:00:00,0,AGENT,9:37:22,9:39:59,157,YIFAT
AA0101,45293,0,0,PS,990913,9:44:26,9:44:38,12,0:00:00,0:00:00,0,AGENT,9:44:38,9:44:41,3,NO_SERVER
AA0101,45294,0,0,PS,990913,9:53:04,9:53:14,10,0:00:00,0:00:00,0,AGENT,9:53:12,9:54:26,74,SHARON
AA0101,45295,0,0,PS,990913,10:06:24,10:07:52,88,0:00:00,0:00:00,0,HANG,0:00:00,0:00:00,0,NO_SERVER
AA0101,45296,0,0,NW,990913,10:15:03,10:15:16,13,0:00:00,0:00:00,0,AGENT,10:15:15,10:18:23,188,STEREN
AA0101,45297,0,0,PS,990913,10:25:54,10:26:04,10,0:00:00,0:00:00,0,AGENT,10:26:02,10:29:13,191,KAZAV
AA0101,45298,0,0,NW,990913,10:34:44,10:34:53,9,10:34:53,10:34:59,6,AGENT,10:34:58,10:35:22,24,SHARON
AA0101,45299,0,0,PS,990913,10:42:32,10:42:45,13,0:00:00,0:00:00,0,AGENT,10:42:43,10:44:10,87,GILI
AA0101,45300,0,0,PS,990913,10:50:59,10:51:09,10,0:00:00,0:00:00,0,AGENT,10:51:07,10:55:18,251,VICKY
AA0101,45301,57379505,2,PS,990913,11:01:51,11:01:57,6,11:01:57,11:02:07,10,AGENT,11:02:05,11:03:19,74,STEREN
AA0101,45302,22983050,2,PS,990913,11:10:18,11:10:24,6,11:10:24,11:10:46,22,AGENT,11:10:46,11:12:41,115,KAZAV
AA0101,45303,0,0,PS,990913,11:21:36,11:21:48,12,0:00:00,0:00:00,0,AGENT,11:21:46,11:25:01,195,SHARON
AA0101,45304,34776930,1,PS,990913,11:28:28,11:28:34,6,11:28:34,11:29:24,50,AGENT,11:29:23,11:30:49,86,ROTH
AA0101,45305,0,0,PS,990913,11:39:37,11:39:48,11,0:00:00,0:00:00,0,AGENT,11:39:47,11:41:39,112,GILI
AA0101,45306,0,0,PS,990913,11:49:56,11:50:05,9,0:00:00,0:00:00,0,AGENT,11:50:04,11:50:46,42,KAZAV
AA0101,45307,0,0,PS,990913,11:57:10,11:57:20,10,0:00:00,0:00:00,0,AGENT,11:57:18,12:00:01,163,ZOHARI
AA0101,45308,0,0,PS,990913,12:04:54,12:05:08,14,0:00:00,0:00:00,0,AGENT,12:05:07,12:06:01,54,GILI
AA0101,45309,0,0,PS,990913,12:14:52,12:15:04,12,0:00:00,0:00:00,0,AGENT,12:15:03,12:17:15,132,STEREN
AA0101,45310,0,0,PS,990913,12:26:43,12:26:53,10,0:00:00,0:00:00,0,AGENT,12:26:51,12:27:20,29,STEREN
AA0101,45311,0,0,PS,990913,12:39:59,12:40:11,12,0:00:00,0:00:00,0,AGENT,12:40:09,12:41:39,90,VICKY
AA0101,45312,0,0,PS,990913,12:52:14,12:52:22,8,0:00:00,0:00:00,0,AGENT,12:52:22,13:00:35,493,ROTH
AA0101,45313,43288190,2,PS,990913,13:06:15,13:06:21,6,13:06:21,13:07:01,40,AGENT,13:07:01,13:10:37,216,TOVA
AA0101,45314,0,0,PS,990913,13:15:36,13:15:46,10,0:00:00,0:00:00,0,AGENT,13:15:45,13:16:42,57,KAZAV
AA0101,45315,0,0,PS,990913,13:25:12,13:25:22,10,0:00:00,0:00:00,0,AGENT,13:25:20,13:27:38,138,TOVA
AA0101,45316,0,0,PS,990913,13:36:00,13:36:10,10,0:00:00,0:00:00,0,AGENT,13:36:09,13:39:21,192,VICKY
AA0101,45317,0,0,PS,990913,13:47:03,13:47:12,9,0:00:00,0:00:00,0,AGENT,13:47:11,13:50:39,208,STEREN
AA0101,45318,10473262,2,PS,990913,13:51:33,13:51:38,5,13:51:38,13:52:29,51,HANG,0:00:00,0:00:00,0,NO_SERVER
AA0101,45319,59669259,1,PS,990913,13:59:50,13:59:56,6,13:59:56,14:00:04,8,AGENT,14:00:02,14:12:31,749,STEREN
AA0101,45320,74780917,2,NE,990913,14:07:02,14:07:08,6,14:07:08,14:07:55,47,AGENT,14:07:54,14:07:56,2,MORIAH
AA0101,45321,32087868,1,PS,990913,14:11:16,14:11:22,6,14:11:22,14:11:41,19,HANG,0:00:00,0:00:00,0,NO_SERVER
AA0101,45322,27901198,2,PS,990913,14:15:28,14:15:34,6,14:15:34,14:18:13,159,AGENT,14:18:12,14:20:13,121,MORIAH
AA0101,45323,28538312,2,PS,990913,14:21:10,14:21:16,6,14:21:16,14:22:26,70,AGENT,14:22:26,14:29:38,432,ANAT
AA0101,45324,32236242,1,PS,990913,14:29:01,14:29:07,6,14:29:07,14:31:19,132,AGENT,14:31:19,14:39:11,472,ANAT
AA0101,45325,17299231,2,PS,990913,14:37:39,14:37:44,5,14:37:44,14:39:38,114,AGENT,14:39:37,14:40:22,45,STEREN
AA0101,45326,38620928,2,PS,990913,14:47:23,14:47:28,5,14:47:28,14:47:57,29,AGENT,14:47:56,14:50:53,177,STEREN
AA0101,45327,16426967,2,PS,990913,14:53:54,14:53:59,5,14:53:59,14:55:19,80,AGENT,14:55:18,14:58:19,181,SHARON
AA0101,45328,28081438,2,PS,990913,15:04:07,15:04:12,5,15:04:12,15:04:27,15,AGENT,15:04:26,15:21:15,1009,MORIAH
AA0101,45329,57918849,1,NE,990913,15:11:17,15:11:22,5,15:11:22,15:18:06,404,AGENT,15:18:05,15:18:12,7,ROTH
AA0101,45330,54271564,1,NE,990913,15:25:23,15:25:28,5,15:25:28,15:29:01,213,HANG,0:00:00,0:00:00,0,NO_SERVER
AA0101,45331,68546068,2,PS,990913,15:34:55,15:35:00,5,15:35:00,15:35:21,21,AGENT,15:35:20,15:37:49,149,STEREN
AA0101,45332,0,0,PS,990913,15:44:18,15:44:29,11,0:00:00,0:00:00,0,AGENT,15:44:27,15:46:45,138,ROTH
AA0101,45333,0,0,PS,990913,15:57:46,15:57:58,12,0:00:00,0:00:00,0,AGENT,15:57:57,15:58:05,8,NO_SERVER
AA0101,45334,56765985,2,PS,990913,16:07:45,16:07:51,6,16:07:51,16:08:32,41,AGENT,16:08:31,16:09:21,50,ANAT
AA0101,45335,0,0,PS,990913,16:22:30,16:22:40,10,0:00:00,0:00:00,0,AGENT,16:22:38,16:25:48,190,AVNI
AA0101,45336,67628024,1,PS,990913,16:34:38,16:34:43,5,16:34:43,16:34:45,2,AGENT,16:34:45,16:35:24,39,AVI
AA0101,45337,40314999,1,PS,990913,16:44:18,16:44:23,5,16:44:23,16:44:40,17,HANG,0:00:00,0:00:00,0,NO_SERVER
AA0101,45338,50316827,1,PS,990913,16:51:36,16:51:41,5,16:51:41,16:53:00,79,AGENT,16:52:59,16:53:00,1,AVI
AA0101,45339,50316827,1,PS,990913,16:58:51,16:58:56,5,16:58:56,16:58:59,3,AGENT,16:58:58,16:59:39,41,AVI
AA0101,45340,38947859,1,PS,990913,17:10:25,17:10:30,5,17:10:30,17:11:05,35,AGENT,17:11:05,17:13:01,116,ANAT
AA0101,45341,0,0,PS,990913,17:27:29,17:27:47,18,0:00:00,0:00:00,0,AGENT,17:27:46,17:31:00,194,AVNI
AA0101,45342,0,0,PS,990913,17:48:07,17:48:16,9,0:00:00,0:00:00,0,AGENT,17:48:15,17:52:59,284,AVNI
AA0101,45343,0,0,PS,990913,18:03:44,18:03:53,9,0:00:00,0:00:00,0,AGENT,18:03:52,18:05:29,97,AVI
AA0101,45344,65032120,2,PS,990913,18:17:23,18:17:29,6,18:17:29,18:17:33,4,AGENT,18:17:33,18:20:05,152,AVNI
AA0101,45345,22066302,2,PS,990913,18:32:03,18:32:08,5,18:32:08,18:33:40,92,AGENT,18:33:39,18:38:01,262,BASCH
AA0101,45346,12196937,2,PS,990913,18:50:33,18:50:39,6,18:50:39,18:51:10,31,AGENT,18:51:08,18:53:26,138,MEIR
AA0101,45347,0,0,PS,990913,19:00:08,19:00:19,11,0:00:00,0:00:00,0,AGENT,19:00:18,19:02:03,105,BASCH
AA0101,45348,0,0,NW,990913,19:12:52,19:13:06,14,0:00:00,0:00:00,0,AGENT,19:13:06,19:13:43,37,AVI
AA0101,45349,54613724,2,NE,990913,19:27:58,19:28:03,5,19:28:03,19:28:46,43,HANG,0:00:00,0:00:00,0,NO_SERVER
AA0101,45350,30595656,2,PS,990913,19:38:52,19:38:58,6,19:38:58,19:39:24,26,AGENT,19:39:23,19:47:57,514,BASCH
AA0101,45351,0,0,PS,990913,20:01:21,20:01:37,16,0:00:00,0:00:00,0,AGENT,20:01:36,20:02:15,39,ANAT
AA0101,45352,0,0,NE,990913,20:16:41,20:16:50,9,0:00:00,0:00:00,0,AGENT,20:16:49,20:17:00,11,BASCH
AA0101,45353,24963282,1,PS,990913,20:28:53,20:28:58,5,20:28:58,20:30:08,70,AGENT,20:30:07,20:31:20,73,ANAT
AA0101,45354,0,0,PS,990913,20:46:08,20:46:17,9,0:00:00,0:00:00,0,AGENT,20:46:16,20:48:20,124,BASCH
AA0101,45355,0,0,NW,990913,20:59:40,20:59:52,12,0:00:00,0:00:00,0,AGENT,20:59:52,21:01:08,76,AVI
AA0101,45356,28041309,2,PS,990913,21:17:13,21:17:18,5,21:17:18,21:18:31,73,AGENT,21:18:30,21:19:40,70,MORIAH
AA0101,45357,68001924,2,PS,990913,21:36:06,21:36:11,5,21:36:11,21:36:31,20,AGENT,21:36:31,21:38:37,126,AVNI
AA0101,45358,551507,2,PS,990913,21:51:27,21:51:34,7,21:51:34,21:52:21,47,HANG,0:00:00,0:00:00,0,NO_SERVER
AA0101,45359,28495828,1,PS,990913,22:14:38,22:14:43,5,22:14:43,22:15:54,71,HANG,0:00:00,0:00:00,0,NO_SERVER
AA0101,45360,22851182,2,PS,990913,22:27:16,22:27:22,6,22:27:22,22:28:55,93,HANG,0:00:00,0:00:00,0,NO_SERVER
AA0101,45361,0,0,PS,990913,22:56:11,22:56:21,10,0:00:00,0:00:00,0,AGENT,22:56:20,22:58:10,110,AVI
AA0101,45362,24251217,1,PS,990913,23:31:05,23:31:11,6,23:31:11,23:32:40,89,AGENT,23:32:39,23:36:54,255,AVNI
AA0101,45364,0,0,PS,990914,0:27:53,0:27:53,0,0:00:00,0:00:00,0,HANG,0:00:00,0:00:00,0,NO_SERVER
AA0101,45365,0,0,PS,990914,7:01:25,7:01:36,11,0:00:00,0:00:00,0,AGENT,7:01:35,7:03:25,110,TOVA
AA0101,45366,0,0,PS,990914,7:29:01,7:29:10,9,0:00:00,0:00:00,0,AGENT,7:29:09,7:30:26,77,MORIAH
AA0101,45367,0,0,PS,990914,7:47:07,7:47:21,14,0:00:00,0:00:00,0,AGENT,7:47:20,7:48:52,92,ANAT
AA0101,45368,0,0,PS,990914,8:09:35,8:09:51,16,0:00:00,0:00:00,0,AGENT,8:09:49,8:10:57,68,TOVA
AA0101,45369,69780955,1,PS,990914,8:22:44,8:22:50,6,8:22:50,8:25:58,188,AGENT,8:25:57,8:31:42,345,ANAT
AA0101,45370,22612071,2,PS,990914,8:30:39,8:30:44,5,8:30:44,8:31:02,18,AGENT,8:31:01,8:35:50,289,BASCH
AA0101,45371,0,0,NW,990914,8:41:06,8:41:15,9,8:41:15,8:52:09,654,AGENT,8:52:07,8:52:55,48,GOLDIE
AA0101,45372,0,0,NW,990914,8:59:41,8:59:50,9,8:59:50,8:59:57,7,HANG,0:00:00,0:00:00,0,NO_SERVER
AA0101,45373,0,0,PS,990914,9:09:01,9:09:10,9,0:00:00,0:00:00,0,AGENT,9:09:09,9:10:13,64,GOLDIE
AA0101,45374,0,0,NE,990914,9:19:37,9:19:46,9,0:00:00,0:00:00,0,AGENT,9:19:45,9:21:39,114,KAZAV
AA0101,45375,0,0,PS,990914,9:28:05,9:28:20,15,0:00:00,0:00:00,0,AGENT,9:28:20,9:29:30,70,BASCH
AA0101,45376,0,0,NW,990914,9:37:33,9:37:42,9,9:37:42,9:38:47,65,AGENT,9:38:46,9:39:31,45,GOLDIE
AA0101,45377,0,0,NE,990914,9:47:34,9:47:44,10,0:00:00,0:00:00,0,AGENT,9:47:43,9:50:32,169,AVNI
AA0101,45378,0,0,PS,990914,9:58:16,9:58:27,11,0:00:00,0:00:00,0,AGENT,9:58:26,9:59:09,43,BASCH
AA0101,45379,27213818,2,PS,990914,10:08:02,10:08:08,6,10:08:08,10:09:28,80,AGENT,10:09:27,10:10:26,59,KAZAV
AA0101,45380,52867744,2,PS,990914,10:15:50,10:15:56,6,10:15:56,10:17:57,121,AGENT,10:17:57,10:20:51,174,BASCH
AA0101,45381,25480518,1,PS,990914,10:24:26,10:24:31,5,10:24:31,10:25:41,70,AGENT,10:25:40,10:28:25,165,ANAT
AA0101,45382,54921580,2,PS,990914,10:31:38,10:31:43,5,10:31:43,10:31:51,8,AGENT,10:31:50,10:31:52,2,TOVA
AA0101,45383,52867744,2,PS,990914,10:36:56,10:37:01,5,10:37:01,10:40:03,182,AGENT,10:40:02,10:41:59,117,TOVA
AA0101,45384,0,0,NE,990914,10:44:06,10:44:16,10,0:00:00,0:00:00,0,AGENT,10:44:15,10:51:05,410,AVNI
AA0101,45385,0,0,PS,990914,10:54:30,10:54:41,11,0:00:00,0:00:00,0,AGENT,10:54:40,10:57:27,167,TOVA
AA0101,45386,22263115,2,PS,990914,11:03:12,11:03:17,5,11:03:17,11:03:43,26,AGENT,11:03:43,11:03:47,4,BASCH
AA0101,45387,30442495,2,PS,990914,11:09:53,11:09:59,6,11:09:59,11:10:29,30,AGENT,11:10:29,11:10:31,2,GOLDIE
AA0101,45388,59845610,1,PS,990914,11:18:17,11:18:22,5,11:18:22,11:18:36,14,AGENT,11:18:35,11:19:34,59,MORIAH
AA0101,45389,22207476,2,NE,990914,11:31:00,11:31:05,5,11:31:05,11:31:30,25,AGENT,11:31:29,11:35:57,268,DARMON
AA0101,45390,30442495,2,PS,990914,11:42:28,11:42:34,6,11:42:34,11:44:09,95,AGENT,11:44:08,11:48:47,279,GOLDIE
AA0101,45391,0,0,NW,990914,11:50:54,11:51:04,10,11:51:04,11:57:09,365,AGENT,11:57:08,11:59:57,169,AVNI
AA0101,45392,0,0,PS,990914,12:06:07,12:06:16,9,0:00:00,0:00:00,0,AGENT,12:06:15,12:07:26,71,KAZAV
AA0101,45393,0,0,PS,990914,12:14:51,12:14:59,8,0:00:00,0:00:00,0,AGENT,12:14:58,12:15:51,53,BASCH
AA0101,45394,0,0,PS,990914,12:25:14,12:25:26,12,0:00:00,0:00:00,0,AGENT,12:25:26,12:26:53,87,ANAT
AA0101,45395,0,0,PS,990914,12:34:41,12:34:49,8,0:00:00,0:00:00,0,AGENT,12:34:49,12:40:45,356,AVNI
AA0101,45396,54665682,2,PS,990914,12:42:35,12:42:41,6,12:42:41,12:42:48,7,AGENT,12:42:47,12:46:24,217,KAZAV
AA0101,45397,78768348,2,PS,990914,12:54:18,12:54:24,6,12:54:24,12:54:56,32,AGENT,12:54:55,12:55:59,64,MORIAH
AA0101,45398,0,0,PS,990914,13:07:18,13:07:27,9,0:00:00,0:00:00,0,AGENT,13:07:27,13:07:29,2,MORIAH
AA0101,45399,0,0,NW,990914,13:24:17,13:24:26,9,13:24:26,13:24:57,31,HANG,0:00:00,0:00:00,0,NO_SERVER
AA0101,45400,29474020,2,PS,990914,13:35:12,13:35:17,5,13:35:17,13:35:24,7,AGENT,13:35:23,13:35:25,2,MORIAH
AA0101,45401,0,0,PS,990914,13:44:47,13:44:58,11,0:00:00,0:00:00,0,AGENT,13:44:57,13:45:38,41,YIFAT
AA0101,45402,1116490,2,PS,990914,13:52:31,13:52:36,5,13:52:36,13:55:33,177,AGENT,13:55:31,13:56:52,81,BASCH
AA0101,45403,59283515,2,PS,990914,14:03:04,14:03:10,6,14:03:10,14:03:10,0,HANG,0:00:00,0:00:00,0,NO_SERVER
AA0101,45404,51734291,2,PS,990914,14:11:17,14:11:22,5,14:11:22,14:12:55,93,AGENT,14:12:54,14:14:29,95,KAZAV
AA0101,45406,0,0,PS,990914,14:21:43,14:21:43,0,0:00:00,0:00:00,0,HANG,0:00:00,0:00:00,0,NO_SERVER
AA0101,45407,57252942,2,PS,990914,14:30:05,14:30:10,5,14:30:10,14:30:30,20,AGENT,14:30:29,14:41:23,654,AVNI
AA0101,45408,14504765,2,PS,990914,14:38:00,14:38:06,6,14:38:06,14:41:29,203,AGENT,14:41:28,14:45:54,266,AVNI
AA0101,45409,0,0,NW,990914,14:46:55,14:47:04,9,14:47:04,14:47:12,8,HANG,0:00:00,0:00:00,0,NO_SERVER
AA0101,45410,35711464,2,PS,990914,14:57:51,14:57:57,6,14:57:57,15:00:08,131,AGENT,15:00:08,15:01:20,72,AVNI
AA0101,45411,304009228,2,PS,990914,15:10:27,15:10:33,6,15:10:33,15:10:56,23,HANG,0:00:00,0:00:00,0,NO_SERVER
AA0101,45412,50347749,1,NE,990914,15:18:25,15:18:30,5,15:18:30,15:21:06,156,AGENT,15:21:05,15:30:53,588,AVNI
AA0101,45413,71520779,1,PS,990914,15:32:37,15:32:42,5,15:32:42,15:34:07,85,AGENT,15:34:06,15:35:59,113,NAAMA
AA0101,45414,9682923,2,PS,990914,15:43:04,15:43:10,6,15:43:10,15:43:20,10,AGENT,15:43:19,15:51:36,497,ZOHARI
AA0101,45415,0,0,NW,990914,15:55:10,15:55:23,13,0:00:00,0:00:00,0,AGENT,15:55:23,15:55:50,27,NO_SERVER
AA0101,45416,13846134,1,PS,990914,16:04:15,16:04:20,5,16:04:20,16:06:03,103,HANG,0:00:00,0:00:00,0,NO_SERVER
AA0101,45417,0,0,PS,990914,16:14:04,16:14:13,9,0:00:00,0:00:00,0,AGENT,16:14:12,16:16:52,160,ZOHARI
AA0101,45418,0,0,PS,990914,16:27:40,16:27:52,12,0:00:00,0:00:00,0,AGENT,16:27:51,16:29:18,87,STEREN
AA0101,45419,12543039,1,PS,990914,16:38:25,16:38:31,6,16:38:31,16:40:26,115,AGENT,16:40:25,16:42:47,142,SHARON
AA0101,45420,0,0,PS,990914,16:52:44,16:52:53,9,0:00:00,0:00:00,0,AGENT,16:52:52,16:58:10,318,STEREN
AA0101,45421,0,0,PS,990914,17:02:44,17:02:58,14,0:00:00,0:00:00,0,AGENT,17:02:57,17:09:58,421,NAAMA
AA0101,45422,24193781,1,PS,990914,17:15:16,17:15:22,6,17:15:22,17:15:38,16,AGENT,17:15:37,17:16:25,48,SHARON
AA0101,45423,0,0,PS,990914,17:32:32,17:32:43,11,0:00:00,0:00:00,0,AGENT,17:32:42,17:33:10,28,NAAMA
AA0101,45424,0,0,PS,990914,17:43:14,17:43:23,9,0:00:00,0:00:00,0,AGENT,17:43:22,17:48:35,313,STEREN
AA0101,45425,0,0,PS,990914,18:03:53,18:04:03,10,0:00:00,0:00:00,0,AGENT,18:04:02,18:07:12,190,ZOHARI
AA0101,45426,0,0,PS,990914,18:18:44,18:18:56,12,0:00:00,0:00:00,0,AGENT,18:18:55,18:19:25,30,STEREN
AA0101,45427,0,0,PS,990914,18:35:57,18:36:09,12,0:00:00,0:00:00,0,AGENT,18:36:08,18:37:21,73,NAAMA
AA0101,45428,24848780,2,PS,990914,18:47:16,18:47:21,5,18:47:21,18:47:29,8,AGENT,18:47:28,18:51:21,233,NAAMA
AA0101,45429,0,0,PS,990914,19:07:32,19:07:43,11,0:00:00,0:00:00,0,AGENT,19:07:41,19:09:28,107,ROTH
AA0101,45430,0,0,PS,990914,19:29:55,19:30:07,12,0:00:00,0:00:00,0,AGENT,19:30:06,19:34:05,239,YITZ
AA0101,45431,0,0,PS,990914,19:41:25,19:41:35,10,0:00:00,0:00:00,0,AGENT,19:41:34,19:45:25,231,BENSION
AA0101,45432,0,0,PS,990914,20:06:10,20:06:28,18,0:00:00,0:00:00,0,AGENT,20:06:27,20:08:03,96,BENSION
AA0101,45433,0,0,PS,990914,20:24:29,20:24:39,10,0:00:00,0:00:00,0,AGENT,20:24:38,20:28:19,221,YITZ
AA0101,45434,0,0,NW,990914,20:47:12,20:47:28,16,0:00:00,0:00:00,0,AGENT,20:47:27,20:48:32,65,YITZ
AA0101,45435,0,0,PS,990914,21:12:15,21:12:25,10,0:00:00,0:00:00,0,AGENT,21:12:24,21:13:31,67,ZOHARI
AA0101,45436,32285488,1,PS,990914,21:32:47,21:32:52,5,21:32:52,21:34:05,73,AGENT,21:34:04,21:35:16,72,ROTH
AA0101,45437,34813972,1,PS,990914,21:47:15,21:47:21,6,21:47:21,21:48:26,65,AGENT,21:48:26,21:54:00,334,ROTH
AA0101,45438,0,0,NE,990914,22:10:03,22:10:13,10,0:00:00,0:00:00,0,AGENT,22:10:13,22:15:48,335,STEREN
AA0101,45439,0,0,NW,990914,22:34:43,22:34:52,9,22:34:52,22:35:40,48,AGENT,22:35:39,22:36:41,62,STEREN
AA0101,45440,0,0,PS,990914,23:10:35,23:10:41,6,0:00:00,0:00:00,0,HANG,0:00:00,0:00:00,0,NO_SERVER
AA0101,45441,0,0,PS,990914,23:39:57,23:40:09,12,0:00:00,0:00:00,0,AGENT,23:40:09,23:40:51,42,BENSION
AA0101,45442,0,0,NW,990915,3:22:29,3:22:41,12,0:00:00,0:00:00,0,HANG,0:00:00,0:00:00,0,NO_SERVER
AA0101,45443,0,0,PS,990915,7:34:12,7:34:21,9,0:00:00,0:00:00,0,AGENT,7:34:20,7:38:56,276,VICKY
AA0101,45444,0,0,NW,990915,7:59:19,7:59:29,10,7:59:29,8:02:48,199,AGENT,8:02:47,8:03:17,30,VICKY
AA0101,45445,0,0,NE,990915,8:19:35,8:19:45,10,0:00:00,0:00:00,0,AGENT,8:19:44,8:20:16,32,SHARON
AA0101,45446,0,0,NW,990915,8:34:09,8:34:19,10,8:34:19,8:35:28,69,AGENT,8:35:26,8:36:21,55,SHARON
AA0101,45447,27008085,1,PS,990915,8:46:22,8:46:27,5,8:46:27,8:47:32,65,AGENT,8:47:31,8:48:28,57,STEREN
AA0101,45448,0,0,NW,990915,8:59:56,9:00:09,13,0:00:00,0:00:00,0,AGENT,9:00:08,9:00:13,5,NO_SERVER
AA0101,45449,0,0,NE,990915,9:09:08,9:09:18,10,0:00:00,0:00:00,0,AGENT,9:09:17,9:10:31,74,ELI
AA0101,45450,27832948,1,PS,990915,9:16:09,9:16:15,6,9:16:15,9:16:18,3,AGENT,9:16:17,9:19:35,198,AVNI
AA0101,45451,0,0,PS,990915,9:28:36,9:28:44,8,0:00:00,0:00:00,0,AGENT,9:28:43,9:36:54,491,KAZAV
AA0101,45452,0,0,PS,990915,9:41:20,9:41:32,12,0:00:00,0:00:00,0,AGENT,9:41:32,9:44:56,204,YIFAT
AA0101,45453,0,0,PS,990915,9:50:47,9:50:55,8,0:00:00,0:00:00,0,AGENT,9:50:54,9:52:50,116,AVNI
AA0101,45454,0,0,PS,990915,9:59:17,9:59:27,10,0:00:00,0:00:00,0,AGENT,9:59:26,10:01:34,128,YIFAT
AA0101,45455,56152374,2,PS,990915,10:10:37,10:10:43,6,10:10:43,10:11:12,29,AGENT,10:11:11,10:16:10,299,VICKY
AA0101,45456,58704610,2,PS,990915,10:17:16,10:17:22,6,10:17:22,10:20:39,197,AGENT,10:20:38,10:23:32,174,AVNI
AA0101,45457,57379505,2,PS,990915,10:27:31,10:27:37,6,10:27:37,10:27:51,14,AGENT,10:27:49,10:28:35,46,VICKY
AA0101,45458,57973604,2,PS,990915,10:35:04,10:35:09,5,10:35:09,10:37:05,116,AGENT,10:37:05,10:38:08,63,ZOHARI
AA0101,45459,0,0,PS,990915,10:43:16,10:43:32,16,0:00:00,0:00:00,0,AGENT,10:43:31,10:44:46,75,VICKY
AA0101,45460,0,0,NW,990915,10:53:42,10:53:55,13,0:00:00,0:00:00,0,AGENT,10:53:54,10:55:53,119,GOLDIE
AA0101,45461,0,0,NW,990915,11:02:00,11:02:10,10,11:02:10,11:04:01,111,AGENT,11:03:59,11:06:45,166,STEREN
AA0101,45462,0,0,NW,990915,11:12:48,11:13:01,13,0:00:00,0:00:00,0,AGENT,11:13:00,11:14:00,60,AVNI
AA0101,45463,0,0,PS,990915,11:23:15,11:23:32,17,0:00:00,0:00:00,0,AGENT,11:23:31,11:26:30,179,AVNI
AA0101,45464,68741495,2,NE,990915,11:32:23,11:32:28,5,11:32:28,11:32:48,20,HANG,0:00:00,0:00:00,0,NO_SERVER
AA0101,45465,0,0,PS,990915,11:43:57,11:44:05,8,0:00:00,0:00:00,0,AGENT,11:44:04,11:45:01,57,ROTH
AA0101,45466,0,0,PS,990915,12:00:08,12:00:17,9,0:00:00,0:00:00,0,AGENT,12:00:16,12:02:02,106,STEREN
AA0101,45467,0,0,PS,990915,12:11:37,12:11:45,8,0:00:00,0:00:00,0,AGENT,12:11:45,12:13:41,116,DORIT
AA0101,45468,33009242,1,PS,990915,12:20:03,12:20:09,6,12:20:09,12:20:24,15,AGENT,12:20:23,12:21:20,57,VICKY
AA0101,45469,0,0,PS,990915,12:32:40,12:32:48,8,0:00:00,0:00:00,0,AGENT,12:32:48,12:33:19,31,ROTH
AA0101,45470,0,0,PS,990915,12:49:39,12:49:48,9,0:00:00,0:00:00,0,AGENT,12:49:47,12:53:05,198,GOLDIE
AA0101,45471,0,0,PS,990915,13:02:38,13:02:47,9,0:00:00,0:00:00,0,AGENT,13:02:46,13:03:25,39,GOLDIE
AA0101,45472,0,0,PS,990915,13:12:17,13:12:27,10,0:00:00,0:00:00,0,AGENT,13:12:26,13:16:17,231,AVNI
AA0101,45473,52153269,2,PS,990915,13:23:14,13:23:20,6,13:23:20,13:24:21,61,AGENT,13:24:20,13:30:02,342,YIFAT
AA0101,45474,0,0,PS,990915,13:39:30,13:39:39,9,0:00:00,0:00:00,0,AGENT,13:39:38,13:41:38,120,DORIT
AA0101,45475,0,0,PS,990915,13:52:19,13:52:31,12,0:00:00,0:00:00,0,AGENT,13:52:30,13:54:09,99,BASCH
AA0101,45476,0,0,NE,990915,14:02:32,14:02:44,12,0:00:00,0:00:00,0,AGENT,14:02:43,14:03:46,63,BASCH
AA0101,45477,0,0,PS,990915,14:15:20,14:15:29,9,0:00:00,0:00:00,0,AGENT,14:15:29,14:16:58,89,STEREN
AA0101,45478,0,0,PS,990915,14:25:23,14:25:32,9,0:00:00,0:00:00,0,AGENT,14:25:31,14:29:11,220,BASCH
AA0101,45479,0,0,NE,990915,14:37:24,14:37:41,17,0:00:00,0:00:00,0,AGENT,14:37:40,14:41:27,227,MORIAH
AA0101,45480,33009242,1,PS,990915,14:43:10,14:43:15,5,14:43:15,14:44:30,75,AGENT,14:44:29,14:47:52,203,STEREN
AA0101,45481,0,0,NE,990915,14:51:49,14:52:00,11,0:00:00,0:00:00,0,AGENT,14:51:59,14:57:11,312,ELI
AA0101,45482,0,0,PS,990915,15:06:19,15:06:27,8,0:00:00,0:00:00,0,AGENT,15:06:27,15:10:54,267,STEREN
AA0101,45483,51929339,2,PS,990915,15:12:19,15:12:25,6,15:12:25,15:13:19,54,AGENT,15:13:19,15:33:39,1220,MORIAH
AA0101,45484,30663462,2,PS,990915,15:18:20,15:18:25,5,15:18:25,15:19:20,55,AGENT,15:19:19,15:24:06,287,ROTH
AA0101,45485,0,0,PS,990915,15:29:19,15:29:28,9,0:00:00,0:00:00,0,AGENT,15:29:27,15:32:50,203,ANAT
AA0101,45486,24927717,1,PS,990915,15:33:57,15:34:02,5,15:34:02,15:34:26,24,HANG,0:00:00,0:00:00,0,NO_SERVER
AA0101,45487,38449971,1,PS,990915,15:40:20,15:40:26,6,15:40:26,15:42:18,112,AGENT,15:42:18,15:48:49,391,GOLDIE
AA0101,45488,0,0,PS,990915,15:51:27,15:51:42,15,0:00:00,0:00:00,0,AGENT,15:51:41,15:53:33,112,ANAT
AA0101,45489,0,0,PS,990915,16:02:21,16:02:32,11,0:00:00,0:00:00,0,AGENT,16:02:31,16:04:50,139,BASCH
AA0101,45490,0,0,PS,990915,16:14:06,16:14:16,10,0:00:00,0:00:00,0,AGENT,16:14:15,16:15:22,67,AVNI
AA0101,45491,0,0,NE,990915,16:27:44,16:27:57,13,0:00:00,0:00:00,0,AGENT,16:27:56,16:29:52,116,ANAT
AA0101,45492,0,0,NE,990915,16:41:30,16:41:44,14,0:00:00,0:00:00,0,AGENT,16:41:42,16:43:46,124,AVI
AA0101,45493,0,0,NE,990915,16:52:24,16:52:35,11,0:00:00,0:00:00,0,AGENT,16:52:34,17:02:21,587,AVI
AA0101,45494,50519461,2,PS,990915,17:11:38,17:11:43,5,17:11:43,17:12:16,33,AGENT,17:12:15,17:13:12,57,ANAT
AA0101,45495,0,0,PS,990915,17:25:46,17:25:57,11,0:00:00,0:00:00,0,AGENT,17:25:56,17:31:03,307,BENSION
AA0101,45496,0,0,NE,990915,17:43:17,17:43:33,16,0:00:00,0:00:00,0,AGENT,17:43:32,17:44:01,29,TOVA
AA0101,45497,0,0,PS,990915,18:04:59,18:05:07,8,0:00:00,0:00:00,0,AGENT,18:05:06,18:06:11,65,BASCH
AA0101,45498,0,0,PS,990915,18:25:38,18:25:47,9,0:00:00,0:00:00,0,AGENT,18:25:46,18:28:17,151,AVI
AA0101,45499,0,0,PS,990915,18:41:38,18:41:49,11,0:00:00,0:00:00,0,AGENT,18:41:49,18:41:49,0,AVI
AA0101,45500,0,0,PS,990915,18:55:35,18:55:44,9,0:00:00,0:00:00,0,AGENT,18:55:44,18:57:42,118,YITZ
AA0101,45501,0,0,PS,990915,19:14:11,19:14:20,9,0:00:00,0:00:00,0,AGENT,19:14:19,19:15:45,86,YITZ
AA0101,45502,0,0,NW,990915,19:38:35,19:38:49,14,0:00:00,0:00:00,0,AGENT,19:38:48,19:39:10,22,BENSION
AA0101,45503,0,0,PS,990915,20:03:32,20:03:46,14,0:00:00,0:00:00,0,AGENT,20:03:45,20:05:35,110,AVI
AA0101,45504,0,0,NW,990915,20:22:51,20:23:08,17,0:00:00,0:00:00,0,AGENT,20:23:07,20:24:35,88,YITZ
AA0101,45505,0,0,PS,990915,20:43:19,20:43:38,19,0:00:00,0:00:00,0,AGENT,20:43:34,20:45:29,115,BASCH
AA0101,45506,54613724,2,NE,990915,20:55:39,20:55:44,5,20:55:44,20:55:53,9,AGENT,20:55:53,21:01:30,337,TOVA
AA0101,45507,0,0,PS,990915,21:18:32,21:18:40,8,0:00:00,0:00:00,0,AGENT,21:18:40,21:19:17,37,MORIAH
AA0101,45508,0,0,PS,990915,21:33:32,21:33:42,10,0:00:00,0:00:00,0,AGENT,21:33:41,21:35:43,122,YITZ
AA0101,45509,0,0,PE,990915,21:52:39,21:52:49,10,0:00:00,0:00:00,0,AGENT,21:52:48,21:52:50,2,MORIAH
AA0101,45510,24156291,1,PS,990915,22:07:42,22:07:48,6,22:07:48,22:08:03,15,AGENT,22:08:02,22:08:34,32,BENSION
AA0101,45511,0,0,PS,990915,22:29:36,22:29:48,12,0:00:00,0:00:00,0,AGENT,22:29:47,22:30:59,72,BENSION
AA0101,45512,0,0,PS,990915,22:59:26,22:59:44,18,0:00:00,0:00:00,0,AGENT,22:59:43,23:00:04,21,BENSION
AA0101,45513,0,0,PS,990915,23:45:45,23:46:00,15,0:00:00,0:00:00,0,AGENT,23:46:00,23:49:59,239,BENSION
AA0101,45514,0,0,PS,990916,1:09:01,1:09:11,10,0:00:00,0:00:00,0,HANG,0:00:00,0:00:00,0,NO_SERVER
AA0101,45515,0,0,PS,990916,7:00:44,7:00:55,11,0:00:00,0:00:00,0,AGENT,7:00:54,7:02:30,96,TOVA
AA0101,45516,59058792,2,PS,990916,7:55:44,7:55:50,6,7:55:50,7:56:23,33,AGENT,7:56:23,7:59:04,161,ZOHARI
AA0101,45517,57252942,2,PS,990916,8:14:01,8:14:07,6,8:14:07,8:14:13,6,AGENT,8:14:12,8:26:07,715,ZOHARI
AA0101,45518,0,0,PS,990916,8:28:54,8:29:09,15,0:00:00,0:00:00,0,AGENT,8:29:08,8:32:18,190,DORIT
AA0101,45519,0,0,NW,990916,8:44:56,8:45:06,10,8:45:06,8:47:50,164,HANG,0:00:00,0:00:00,0,NO_SERVER
AA0101,45520,0,0,PS,990916,8:56:39,8:56:53,14,0:00:00,0:00:00,0,AGENT,8:56:52,8:56:55,3,TOVA
AA0101,45521,38297453,2,PS,990916,9:08:21,9:08:27,6,9:08:27,9:08:36,9,AGENT,9:08:36,9:09:19,43,ROTH
AA0101,45522,0,0,PS,990916,9:17:43,9:17:52,9,0:00:00,0:00:00,0,AGENT,9:17:50,9:19:11,81,KAZAV
AA0101,45523,0,0,PS,990916,9:26:11,9:26:32,21,0:00:00,0:00:00,0,AGENT,9:26:30,9:27:17,47,DORIT
AA0101,45524,0,0,NW,990916,9:46:33,9:46:42,9,9:46:42,9:46:59,17,AGENT,9:46:58,9:48:51,113,ROTH
AA0101,45525,1772789,2,PS,990916,9:55:13,9:55:19,6,9:55:19,9:56:34,75,AGENT,9:56:33,9:57:47,74,TOVA
AA0101,45526,25673815,1,PS,990916,10:07:52,10:07:58,6,10:07:58,10:10:21,143,AGENT,10:10:20,10:12:00,100,TOVA
AA0101,45527,57460131,2,PS,990916,10:19:08,10:19:13,5,10:19:13,10:19:27,14,AGENT,10:19:26,10:20:36,70,KAZAV
AA0101,45528,58029430,1,PS,990916,10:25:18,10:25:24,6,10:25:24,10:25:38,14,AGENT,10:25:38,10:26:57,79,TOVA
AA0101,45529,8258329,2,NE,990916,10:29:24,10:29:29,5,10:29:29,10:29:48,19,AGENT,10:29:47,10:35:42,355,ELI
AA0101,45530,0,0,PS,990916,10:37:32,10:38:48,76,0:00:00,0:00:00,0,HANG,0:00:00,0:00:00,0,NO_SERVER
AA0101,45531,0,0,NW,990916,10:49:06,10:49:18,12,0:00:00,0:00:00,0,AGENT,10:49:17,10:51:43,146,MORIAH
AA0101,45532,0,0,NW,990916,11:05:45,11:05:53,8,0:00:00,0:00:00,0,HANG,0:00:00,0:00:00,0,NO_SERVER
AA0101,45533,1561125,2,PS,990916,11:17:05,11:17:11,6,11:17:11,11:17:37,26,AGENT,11:17:36,11:19:15,99,KAZAV
AA0101,45534,24410680,1,PS,990916,11:25:27,11:25:32,5,11:25:32,11:26:07,35,AGENT,11:26:07,11:26:09,2,TOVA
AA0101,45535,0,0,PS,990916,11:39:34,11:39:46,12,0:00:00,0:00:00,0,AGENT,11:39:45,11:42:47,182,DORIT
AA0101,45536,0,0,PS,990916,11:56:34,11:56:43,9,0:00:00,0:00:00,0,AGENT,11:56:42,11:57:51,69,MORIAH
AA0101,45537,59845610,1,PS,990916,12:02:16,12:02:21,5,12:02:21,12:02:25,4,AGENT,12:02:25,12:05:54,209,ZOHARI
AA0101,45538,10473262,2,PS,990916,12:15:06,12:15:12,6,12:15:12,12:15:36,24,AGENT,12:15:35,12:20:16,281,DORIT
AA0101,45539,47258264,1,PS,990916,12:23:36,12:23:41,5,12:23:41,12:23:49,8,AGENT,12:23:49,12:24:42,53,DORIT
AA0101,45540,258152,2,PS,990916,12:38:50,12:38:56,6,12:38:56,12:39:02,6,AGENT,12:39:01,12:39:35,34,ANAT
AA0101,45541,74780917,2,NE,990916,12:54:14,12:54:20,6,12:54:20,12:54:32,12,AGENT,12:54:31,12:58:10,219,ELI
AA0101,45542,0,0,PS,990916,13:04:13,13:04:23,10,0:00:00,0:00:00,0,AGENT,13:04:22,13:10:18,356,ROTH
AA0101,45543,8258329,2,NE,990916,13:14:41,13:14:47,6,13:14:47,13:15:01,14,AGENT,13:15:00,13:17:51,171,ANAT
AA0101,45544,58720558,2,PS,990916,13:24:12,13:24:17,5,13:24:17,13:24:54,37,AGENT,13:24:53,13:32:16,443,GOLDIE
AA0101,45545,57974156,1,PS,990916,13:32:37,13:32:42,5,13:32:42,13:36:26,224,AGENT,13:36:24,13:41:41,317,YIFAT
AA0101,45546,0,0,PS,990916,13:47:03,13:47:14,11,0:00:00,0:00:00,0,AGENT,13:47:14,13:47:42,28,GOLDIE
AA0101,45547,0,0,PS,990916,13:59:49,13:59:58,9,0:00:00,0:00:00,0,AGENT,13:59:57,14:02:38,161,KAZAV
AA0101,45548,7109069,2,PS,990916,14:06:41,14:06:46,5,14:06:46,14:08:26,100,AGENT,14:08:25,14:10:03,98,DORIT
AA0101,45549,59630624,1,NE,990916,14:13:31,14:13:37,6,14:13:37,14:14:19,42,AGENT,14:14:18,14:15:01,43,DORIT
AA0101,45550,53186953,2,PS,990916,14:25:56,14:26:02,6,14:26:02,14:26:10,8,AGENT,14:26:09,14:27:45,96,STEREN
AA0101,45551,0,0,PS,990916,14:36:08,14:36:17,9,0:00:00,0:00:00,0,AGENT,14:36:16,14:43:54,458,GOLDIE
AA0101,45552,0,0,NW,990916,14:48:27,14:48:36,9,14:48:36,14:49:50,74,HANG,0:00:00,0:00:00,0,NO_SERVER
AA0101,45553,0,0,NE,990916,14:54:27,14:54:37,10,0:00:00,0:00:00,0,AGENT,14:54:37,14:54:57,20,DORIT
AA0101,45554,57190837,1,PS,990916,15:00:17,15:00:22,5,15:00:22,15:08:27,485,AGENT,15:08:26,15:09:40,74,GOLDIE
AA0101,45555,0,0,NW,990916,15:14:33,15:14:42,9,15:14:42,15:15:26,44,HANG,0:00:00,0:00:00,0,NO_SERVER
AA0101,45556,69375624,2,PS,990916,15:22:03,15:22:09,6,15:22:09,15:22:22,13,HANG,0:00:00,0:00:00,0,NO_SERVER
AA0101,45557,10858884,2,NE,990916,15:29:51,15:29:57,6,15:29:57,15:31:21,84,AGENT,15:31:21,15:34:02,161,ELI
AA0101,45558,30712699,2,NE,990916,15:34:46,15:34:51,5,15:34:51,15:38:20,209,AGENT,15:38:20,15:46:20,480,ELI
AA0101,45559,14264295,2,PS,990916,15:46:29,15:46:34,5,15:46:34,15:52:44,370,AGENT,15:52:43,15:54:16,93,STEREN
AA0101,45560,63193346,2,PS,990916,15:57:30,15:57:36,6,15:57:36,16:03:03,327,AGENT,16:03:02,16:05:40,158,VICKY
AA0101,45561,0,0,NE,990916,16:11:52,16:12:03,11,0:00:00,0:00:00,0,AGENT,16:12:01,16:14:54,173,STEREN
AA0101,45562,54145529,2,PS,990916,16:24:06,16:24:11,5,16:24:11,16:24:49,38,AGENT,16:24:48,16:32:22,454,ROTH
AA0101,45563,3664703,2,PS,990916,16:37:52,16:37:58,6,16:37:58,16:38:10,12,AGENT,16:38:08,16:40:14,126,STEREN
AA0101,45564,0,0,PS,990916,16:48:02,16:48:10,8,0:00:00,0:00:00,0,AGENT,16:48:10,16:53:28,318,STEREN
AA0101,45565,24927717,1,PS,990916,17:00:15,17:00:20,5,17:00:20,17:02:09,109,HANG,0:00:00,0:00:00,0,NO_SERVER
AA0101,45566,0,0,PS,990916,17:20:00,17:20:14,14,0:00:00,0:00:00,0,AGENT,17:20:13,17:21:01,48,GILI
AA0101,45567,0,0,NW,990916,17:31:06,17:31:15,9,17:31:15,17:32:42,87,HANG,0:00:00,0:00:00,0,NO_SERVER
AA0101,45568,0,0,PS,990916,17:57:03,17:57:13,10,0:00:00,0:00:00,0,AGENT,17:57:12,17:59:57,165,STEREN
AA0101,45569,0,0,NW,990916,18:17:36,18:17:49,13,0:00:00,0:00:00,0,AGENT,18:17:49,18:18:11,22,GOLDIE
AA0101,45570,0,0,PS,990916,18:39:23,18:39:51,28,0:00:00,0:00:00,0,AGENT,18:39:50,18:41:44,114,GILI
AA0101,45571,0,0,PS,990916,19:08:07,19:08:17,10,0:00:00,0:00:00,0,AGENT,19:08:16,19:13:13,297,AVNI
AA0101,45572,0,0,PS,990916,19:19:52,19:20:01,9,0:00:00,0:00:00,0,AGENT,19:20:00,19:21:18,78,STEREN
AA0101,45573,0,0,NW,990916,19:39:53,19:40:06,13,0:00:00,0:00:00,0,AGENT,19:40:05,19:40:20,15,MEIR
AA0101,45574,0,0,NE,990916,20:06:50,20:06:59,9,0:00:00,0:00:00,0,AGENT,20:06:58,20:08:23,85,VICKY
AA0101,45575,0,0,PS,990916,20:49:50,20:49:59,9,0:00:00,0:00:00,0,AGENT,20:49:59,21:15:32,1533,AVNI
AA0101,45576,58869587,2,PS,990916,21:12:50,21:12:56,6,21:12:56,21:13:20,24,AGENT,21:13:19,21:15:12,113,AVI
AA0101,45577,0,0,NW,990916,21:47:19,21:47:33,14,0:00:00,0:00:00,0,AGENT,21:47:33,21:48:17,44,VICKY
AA0101,45578,30088660,2,PS,990916,22:11:35,22:11:40,5,22:11:40,22:14:23,163,AGENT,22:14:23,22:14:23,0,AVI
AA0101,45579,0,0,PS,990916,22:31:32,22:31:41,9,0:00:00,0:00:00,0,AGENT,22:31:41,22:33:28,107,VICKY
AA0101,45580,3623089,2,PS,990916,23:02:44,23:02:50,6,23:02:50,23:03:06,16,HANG,0:00:00,0:00:00,0,NO_SERVER
AA0101,45581,303264253,1,PS,990916,23:47:19,23:47:25,6,23:47:25,23:49:17,112,AGENT,23:49:16,23:50:10,54,VICKY
AA0101,45582,0,0,PS,990917,6:12:16,6:13:17,61,0:00:00,0:00:00,0,HANG,0:00:00,0:00:00,0,NO_SERVER
AA0101,45583,0,0,PS,990917,7:41:02,7:41:14,12,0:00:00,0:00:00,0,AGENT,7:41:13,7:42:13,60,BENSION
AA0101,45584,0,0,PS,990917,8:14:23,8:14:34,11,0:00:00,0:00:00,0,AGENT,8:14:33,8:14:34,1,BENSION
AA0101,45585,0,0,PS,990917,8:29:52,8:30:07,15,0:00:00,0:00:00,0,AGENT,8:30:06,8:33:32,206,BENSION
AA0101,45586,33770926,1,PS,990917,8:45:22,8:45:28,6,8:45:28,8:46:47,79,AGENT,8:45:59,9:12:52,1613,DORIT
AA0101,45587,0,0,NW,990917,8:55:53,8:56:02,9,8:56:02,8:56:24,22,HANG,0:00:00,0:00:00,0,NO_SERVER
AA0101,45588,0,0,NW,990917,9:08:34,9:08:43,9,9:08:43,9:13:02,259,HANG,0:00:00,0:00:00,0,NO_SERVER
AA0101,45589,0,0,PS,990917,9:27:32,9:27:40,8,0:00:00,0:00:00,0,AGENT,9:27:39,9:31:34,235,STEREN
AA0101,45591,0,0,PS,990917,9:40:53,9:40:53,0,0:00:00,0:00:00,0,HANG,0:00:00,0:00:00,0,NO_SERVER
AA0101,45592,27932391,2,PS,990917,9:49:27,9:49:32,5,9:49:32,9:50:16,44,AGENT,9:50:15,9:51:59,104,MORIAH
AA0101,45593,69565307,1,PS,990917,10:01:51,10:01:57,6,10:01:57,10:02:47,50,AGENT,10:02:45,10:04:24,99,BENSION
AA0101,45594,27348812,1,PS,990917,10:15:59,10:16:04,5,10:16:04,10:16:13,9,AGENT,10:16:12,10:19:20,188,DORIT
AA0101,45595,0,0,PS,990917,10:34:05,10:34:20,15,0:00:00,0:00:00,0,AGENT,10:34:20,10:36:06,106,STEREN
AA0101,45596,68109875,2,PS,990917,10:53:01,10:53:07,6,10:53:07,10:53:20,13,AGENT,10:53:19,10:53:21,2,MORIAH
AA0101,45597,0,0,PS,990917,11:10:52,11:11:01,9,0:00:00,0:00:00,0,AGENT,11:11:00,11:11:49,49,BENSION
AA0101,45598,57425118,2,NE,990917,11:25:42,11:25:48,6,11:25:48,11:26:42,54,AGENT,11:26:42,11:27:56,74,DARMON
AA0101,45599,0,0,NW,990917,11:45:53,11:46:12,19,0:00:00,0:00:00,0,AGENT,11:46:11,11:46:29,18,BENSION
AA0101,45600,0,0,PS,990917,12:09:17,12:09:33,16,0:00:00,0:00:00,0,AGENT,12:09:32,12:14:38,306,SHARON
AA0101,45601,0,0,NE,990917,12:28:42,12:28:51,9,0:00:00,0:00:00,0,AGENT,12:28:50,12:30:08,78,MORIAH
AA0101,45602,0,0,PS,990917,12:57:51,12:58:03,12,0:00:00,0:00:00,0,AGENT,12:58:02,12:59:30,88,STEREN
AA0101,45603,0,0,NW,990917,13:23:42,13:23:54,12,0:00:00,0:00:00,0,AGENT,13:23:53,13:24:03,10,MORIAH
AA0101,45604,0,0,NW,990917,13:58:27,13:58:39,12,0:00:00,0:00:00,0,AGENT,13:58:39,13:59:19,40,SHARON
AA0101,45605,0,0,NW,990917,15:03:10,15:03:29,19,0:00:00,0:00:00,0,HANG,0:00:00,0:00:00,0,NO_SERVER
AA0101,45606,0,0,PS,990917,17:23:31,17:23:51,20,0:00:00,0:00:00,0,HANG,0:00:00,0:00:00,0,NO_SERVER
AA0101,45607,0,0,NW,990918,16:44:14,16:44:38,24,0:00:00,0:00:00,0,HANG,0:00:00,0:00:00,0,NO_SERVER
AA0101,45608,0,0,PS,990918,19:49:06,19:49:15,9,0:00:00,0:00:00,0,AGENT,19:49:14,19:52:39,205,AVI
AA0101,45609,0,0,PS,990918,20:29:05,20:29:32,27,0:00:00,0:00:00,0,AGENT,20:29:31,20:31:21,110,DORIT
AA0101,45610,0,0,NE,990918,20:53:52,20:54:00,8,0:00:00,0:00:00,0,AGENT,20:54:00,20:54:08,8,ROTH
AA0101,45611,0,0,PS,990918,21:34:49,21:35:04,15,0:00:00,0:00:00,0,AGENT,21:35:02,21:38:39,217,DARMON
AA0101,45612,0,0,PS,990918,22:09:53,22:10:04,11,0:00:00,0:00:00,0,AGENT,22:10:03,22:14:32,269,DORIT
AA0101,45613,0,0,PS,990918,23:09:43,23:09:55,12,0:00:00,0:00:00,0,AGENT,23:09:54,23:11:26,92,DORIT
AA0101,45614,0,0,PS,990919,1:14:59,1:15:27,28,0:00:00,0:00:00,0,HANG,0:00:00,0:00:00,0,NO_SERVER
AA0101,45615,0,0,PS,990919,7:30:41,7:30:49,8,0:00:00,0:00:00,0,AGENT,7:30:49,7:31:21,32,ROTH
AA0101,45616,0,0,PS,990919,7:54:31,7:54:50,19,0:00:00,0:00:00,0,AGENT,7:54:48,8:00:03,315,SHARON
AA0101,45617,0,0,PS,990919,8:13:04,8:13:16,12,0:00:00,0:00:00,0,AGENT,8:13:15,8:13:47,32,GILI
AA0101,45618,0,0,PS,990919,8:28:26,8:28:42,16,0:00:00,0:00:00,0,AGENT,8:28:41,8:28:57,16,ANAT
AA0101,45619,0,0,NW,990919,8:41:34,8:41:40,6,0:00:00,0:00:00,0,HANG,0:00:00,0:00:00,0,NO_SERVER
AA0101,45620,0,0,PS,990919,8:52:45,8:52:54,9,0:00:00,0:00:00,0,AGENT,8:52:54,8:56:54,240,AVNI
AA0101,45621,0,0,NW,990919,9:01:21,9:01:37,16,0:00:00,0:00:00,0,AGENT,9:01:37,9:01:45,8,MORIAH
AA0101,45622,0,0,PS,990919,9:20:27,9:20:36,9,0:00:00,0:00:00,0,AGENT,9:20:35,9:21:26,51,GILI
AA0101,45623,0,0,PS,990919,9:37:15,9:37:30,15,0:00:00,0:00:00,0,AGENT,9:37:29,9:39:04,95,ANAT
AA0101,45624,0,0,PS,990919,9:51:43,9:51:55,12,0:00:00,0:00:00,0,AGENT,9:51:54,9:52:32,38,GILI
AA0101,45625,0,0,PS,990919,10:13:38,10:13:47,9,0:00:00,0:00:00,0,AGENT,10:13:46,10:14:51,65,ROTH
AA0101,45626,0,0,NW,990919,10:50:19,10:50:34,15,0:00:00,0:00:00,0,AGENT,10:50:34,10:50:37,3,SHARON
AA0101,45627,0,0,PS,990919,11:19:57,11:20:07,10,0:00:00,0:00:00,0,AGENT,11:20:06,11:24:56,290,AVNI
AA0101,45628,0,0,NW,990919,14:57:36,14:58:56,80,0:00:00,0:00:00,0,HANG,0:00:00,0:00:00,0,NO_SERVER
AA0101,45629,0,0,PS,990920,20:37:39,20:37:58,19,0:00:00,0:00:00,0,HANG,0:00:00,0:00:00,0,NO_SERVER
AA0101,45630,0,0,NW,990920,21:15:57,21:16:09,12,0:00:00,0:00:00,0,AGENT,21:16:09,21:18:55,166,PINHAS
AA0101,45631,0,0,NE,990920,21:43:46,21:44:00,14,0:00:00,0:00:00,0,AGENT,21:43:59,21:45:36,97,ZOHARI
AA0101,45632,0,0,PS,990920,22:11:13,22:11:24,11,0:00:00,0:00:00,0,AGENT,22:11:23,22:11:34,11,ZOHARI
AA0101,45633,0,0,PS,990920,22:42:33,22:42:42,9,0:00:00,0:00:00,0,AGENT,22:42:41,22:44:38,117,SHARON
AA0101,45634,0,0,PS,990920,23:17:18,23:17:30,12,0:00:00,0:00:00,0,AGENT,23:17:29,23:21:29,240,SHARON
AA0101,45635,0,0,PS,990921,0:01:26,0:01:40,14,0:00:00,0:00:00,0,HANG,0:00:00,0:00:00,0,NO_SERVER
AA0101,45637,0,0,PS,990921,5:46:43,5:46:43,0,0:00:00,0:00:00,0,HANG,0:00:00,0:00:00,0,NO_SERVER
AA0101,45638,0,0,PS,990921,7:18:40,7:18:56,16,0:00:00,0:00:00,0,AGENT,7:18:54,7:20:13,79,ANAT
AA0101,45639,0,0,PS,990921,7:37:10,7:37:19,9,0:00:00,0:00:00,0,AGENT,7:37:18,7:41:35,257,YIFAT
AA0101,45640,0,0,NW,990921,7:59:12,7:59:25,13,0:00:00,0:00:00,0,AGENT,7:59:24,8:01:37,133,MORIAH
AA0101,45641,0,0,PS,990921,8:15:52,8:16:05,13,0:00:00,0:00:00,0,AGENT,8:16:04,8:17:03,59,AVI
AA0101,45642,0,0,NW,990921,8:34:48,8:34:57,9,8:34:57,8:35:13,16,HANG,0:00:00,0:00:00,0,NO_SERVER
AA0101,45643,0,0,NW,990921,8:46:11,8:46:20,9,8:46:20,8:46:20,0,HANG,0:00:00,0:00:00,0,NO_SERVER
AA0101,45644,0,0,PS,990921,8:58:35,8:58:43,8,0:00:00,0:00:00,0,AGENT,8:58:43,9:01:27,164,AVNI
AA0101,45645,0,0,PS,990921,9:12:53,9:13:02,9,0:00:00,0:00:00,0,AGENT,9:13:01,9:13:42,41,BASCH
AA0101,45646,0,0,PS,990921,9:29:53,9:30:02,9,0:00:00,0:00:00,0,AGENT,9:30:01,9:34:57,296,BASCH
AA0101,45647,0,0,PS,990921,9:40:55,9:41:04,9,0:00:00,0:00:00,0,AGENT,9:41:04,9:43:54,170,AVNI
AA0101,45648,0,0,PS,990921,9:48:59,9:49:09,10,0:00:00,0:00:00,0,AGENT,9:49:08,9:53:43,275,ANAT
AA0101,45649,71520779,1,NE,990921,9:54:18,9:54:24,6,9:54:24,9:56:02,98,AGENT,9:56:01,10:18:59,1378,MORIAH
AA0101,45650,0,0,PS,990921,10:01:45,10:01:56,11,0:00:00,0:00:00,0,AGENT,10:01:55,10:01:58,3,NO_SERVER
AA0101,45651,57918849,1,NE,990921,10:09:26,10:09:32,6,10:09:32,10:13:12,220,AGENT,10:13:11,10:14:16,65,KAZAV
AA0101,45652,54045646,2,PS,990921,10:18:46,10:18:51,5,10:18:51,10:19:06,15,AGENT,10:19:05,10:21:08,123,MORIAH
AA0101,45653,0,0,NW,990921,10:25:10,10:25:19,9,10:25:19,10:25:21,2,HANG,0:00:00,0:00:00,0,NO_SERVER
AA0101,45654,38408647,1,PS,990921,10:33:14,10:33:19,5,10:33:19,10:34:41,82,AGENT,10:34:40,10:40:53,373,AVI
AA0101,45655,0,0,PS,990921,10:41:39,10:41:55,16,0:00:00,0:00:00,0,AGENT,10:41:54,10:43:00,66,BASCH
AA0101,45656,0,0,NW,990921,10:50:22,10:50:32,10,10:50:32,10:55:11,279,AGENT,10:55:10,10:56:22,72,AVI
AA0101,45657,71520779,1,NE,990921,11:00:38,11:00:43,5,11:00:43,11:01:31,48,AGENT,11:01:29,11:09:02,453,AVNI
AA0101,45658,23895501,2,PS,990921,11:09:40,11:09:46,6,11:09:46,11:11:23,97,AGENT,11:11:22,11:12:30,68,YIFAT
AA0101,45659,0,0,PS,990921,11:21:09,11:21:18,9,0:00:00,0:00:00,0,AGENT,11:21:17,11:22:20,63,AVNI
AA0101,45660,0,0,PS,990921,11:29:34,11:29:43,9,0:00:00,0:00:00,0,AGENT,11:29:42,11:32:02,140,AVNI
AA0101,45661,3519519,1,PS,990921,11:44:43,11:44:49,6,11:44:49,11:45:10,21,AGENT,11:45:09,11:46:13,64,BASCH
AA0101,45662,63730469,1,PS,990921,11:50:31,11:50:37,6,11:50:37,11:50:55,18,AGENT,11:50:54,11:51:32,38,DORIT
AA0101,45663,0,0,NE,990921,12:02:25,12:02:35,10,0:00:00,0:00:00,0,AGENT,12:02:34,12:16:45,851,KAZAV
AA0101,45664,56715949,2,PS,990921,12:13:16,12:13:22,6,12:13:22,12:13:40,18,AGENT,12:13:39,12:14:46,67,AVNI
AA0101,45665,0,0,PS,990921,12:27:08,12:27:22,14,0:00:00,0:00:00,0,AGENT,12:27:21,12:28:10,49,BASCH
AA0101,45666,0,0,PS,990921,12:37:34,12:37:45,11,0:00:00,0:00:00,0,AGENT,12:37:44,12:38:51,67,DORIT
AA0101,45667,0,0,PS,990921,12:53:16,12:53:27,11,0:00:00,0:00:00,0,AGENT,12:53:27,12:54:32,65,DORIT
AA0101,45668,3699154,2,NE,990921,13:06:01,13:06:06,5,13:06:06,13:06:44,38,AGENT,13:06:43,13:06:50,7,MORIAH
AA0101,45669,0,0,NE,990921,13:17:14,13:17:29,15,0:00:00,0:00:00,0,AGENT,13:17:28,13:20:15,167,AVI
AA0101,45670,1574243,2,NE,990921,13:32:15,13:32:20,5,13:32:20,13:33:19,59,AGENT,13:33:19,13:33:21,2,MORIAH
AA0101,45671,24947061,2,PS,990921,13:40:24,13:40:30,6,13:40:30,13:41:52,82,AGENT,13:41:51,13:43:51,120,MORIAH
AA0101,45672,31582943,2,PS,990921,13:48:34,13:48:39,5,13:48:39,13:50:55,136,AGENT,13:50:54,13:52:40,106,DORIT
AA0101,45673,0,0,NW,990921,13:58:38,13:58:47,9,13:58:47,14:00:01,74,AGENT,14:00:00,14:00:33,33,AVI
AA0101,45674,16686354,2,NE,990921,14:09:28,14:09:34,6,14:09:34,14:10:49,75,AGENT,14:10:48,14:12:45,117,AVNI
AA0101,45675,0,0,PS,990921,14:21:47,14:21:57,10,0:00:00,0:00:00,0,AGENT,14:21:56,14:28:18,382,VICKY
AA0101,45676,0,0,PS,990921,14:37:10,14:37:20,10,0:00:00,0:00:00,0,AGENT,14:37:20,14:38:42,82,DORIT
AA0101,45677,0,0,NE,990921,14:48:41,14:48:55,14,0:00:00,0:00:00,0,AGENT,14:48:54,14:50:05,71,ELI
AA0101,45678,0,0,NW,990921,15:01:58,15:02:07,9,15:02:07,15:03:22,75,AGENT,15:03:21,15:04:13,52,ROTH
AA0101,45679,63193346,2,PS,990921,15:12:33,15:12:39,6,15:12:39,15:13:13,34,AGENT,15:13:12,15:17:42,270,ROTH
AA0101,45680,63730469,1,PS,990921,15:22:06,15:22:12,6,15:22:12,15:23:08,56,AGENT,15:23:06,15:23:24,18,VICKY
AA0101,45681,10858884,2,NE,990921,15:31:54,15:31:59,5,15:31:59,15:33:38,99,AGENT,15:33:37,15:37:48,251,KAZAV
AA0101,45682,0,0,NW,990921,15:41:18,15:41:27,9,15:41:27,15:41:30,3,HANG,0:00:00,0:00:00,0,NO_SERVER
AA0101,45683,0,0,PS,990921,15:51:50,15:52:01,11,0:00:00,0:00:00,0,AGENT,15:52:00,15:52:43,43,ZOHARI
AA0101,45684,54497045,2,NE,990921,16:02:18,16:02:24,6,16:02:24,16:03:23,59,AGENT,16:03:22,16:09:31,369,ZOHARI
AA0101,45685,0,0,PS,990921,16:09:34,16:09:49,15,0:00:00,0:00:00,0,AGENT,16:09:48,16:12:31,163,BENSION
AA0101,45686,0,0,NW,990921,16:22:28,16:22:44,16,0:00:00,0:00:00,0,AGENT,16:22:42,16:23:33,51,VICKY
AA0101,45687,0,0,PS,990921,16:35:06,16:35:21,15,0:00:00,0:00:00,0,AGENT,16:35:20,16:36:47,87,TOVA
AA0101,45688,0,0,NE,990921,16:44:47,16:44:59,12,0:00:00,0:00:00,0,AGENT,16:44:58,16:50:26,328,VICKY
AA0101,45689,55279970,2,NE,990921,17:04:18,17:04:23,5,17:04:23,17:04:38,15,AGENT,17:04:37,17:20:57,980,STEREN
AA0101,45690,23544638,2,PS,990921,17:20:58,17:21:04,6,17:21:04,17:21:51,47,AGENT,17:21:50,17:22:04,14,NO_SERVER
AA0101,45691,52049087,2,PS,990921,17:36:25,17:36:30,5,17:36:30,17:36:50,20,AGENT,17:36:49,17:38:51,122,YITZ
AA0101,45692,0,0,PS,990921,18:01:26,18:01:36,10,0:00:00,0:00:00,0,AGENT,18:01:35,18:05:54,259,VICKY
AA0101,45693,0,0,NW,990921,18:20:07,18:20:21,14,0:00:00,0:00:00,0,AGENT,18:20:21,18:20:54,33,GOLDIE
AA0101,45694,0,0,PS,990921,18:38:32,18:38:42,10,0:00:00,0:00:00,0,AGENT,18:38:40,18:40:50,130,TOVA
AA0101,45695,0,0,PS,990921,18:57:57,18:58:36,39,0:00:00,0:00:00,0,AGENT,18:58:35,19:02:45,250,STEREN
AA0101,45696,0,0,PS,990921,19:28:39,19:28:50,11,0:00:00,0:00:00,0,AGENT,19:28:48,19:34:07,319,ZOHARI
AA0101,45697,24365959,1,PS,990921,19:45:51,19:45:57,6,19:45:57,19:47:16,79,AGENT,19:47:16,19:54:37,441,GOLDIE
AA0101,45698,0,0,PS,990921,20:11:03,20:11:14,11,0:00:00,0:00:00,0,AGENT,20:11:13,20:12:40,87,TOVA
AA0101,45699,0,0,PS,990921,20:37:01,20:37:06,5,0:00:00,0:00:00,0,AGENT,20:37:11,20:37:15,4,NO_SERVER
AA0101,45700,0,0,NW,990921,20:55:30,20:55:47,17,0:00:00,0:00:00,0,AGENT,20:55:46,20:55:55,9,YITZ
AA0101,45701,0,0,PS,990921,21:11:47,21:11:56,9,0:00:00,0:00:00,0,AGENT,21:11:55,21:11:59,4,NO_SERVER
AA0101,45702,0,0,PS,990921,21:32:48,21:33:03,15,0:00:00,0:00:00,0,AGENT,21:33:02,21:36:02,180,BENSION
AA0101,45703,0,0,PS,990921,21:50:40,21:50:49,9,0:00:00,0:00:00,0,AGENT,21:50:48,21:54:03,195,GOLDIE
AA0101,45704,0,0,PS,990921,22:18:21,22:18:30,9,0:00:00,0:00:00,0,AGENT,22:18:29,22:22:35,246,GOLDIE
AA0101,45705,0,0,PS,990921,22:34:31,22:34:41,10,0:00:00,0:00:00,0,AGENT,22:34:40,22:35:07,27,GILI
AA0101,45706,0,0,PS,990921,23:04:02,23:04:16,14,0:00:00,0:00:00,0,AGENT,23:04:16,23:04:32,16,BENSION
AA0101,45707,0,0,PS,990921,23:33:03,23:33:13,10,0:00:00,0:00:00,0,AGENT,23:33:12,23:34:27,75,STEREN
AA0101,45708,0,0,PS,990922,0:57:57,0:58:21,24,0:00:00,0:00:00,0,HANG,0:00:00,0:00:00,0,NO_SERVER
AA0101,45709,0,0,PS,990922,7:16:27,7:16:37,10,0:00:00,0:00:00,0,AGENT,7:16:36,7:17:22,46,TOVA
AA0101,45710,0,0,PS,990922,7:43:25,7:43:35,10,0:00:00,0:00:00,0,AGENT,7:43:34,7:46:19,165,YIFAT
AA0101,45711,0,0,NE,990922,8:01:35,8:01:43,8,0:00:00,0:00:00,0,AGENT,8:01:42,8:07:44,362,TOVA
AA0101,45712,0,0,NW,990922,8:21:23,8:21:34,11,0:00:00,0:00:00,0,AGENT,8:21:36,8:22:54,78,NO_SERVER
AA0101,45713,0,0,NW,990922,8:32:59,8:33:08,9,8:33:08,8:33:55,47,AGENT,8:33:54,8:34:47,53,GOLDIE
AA0101,45714,55669923,1,PS,990922,8:46:31,8:46:37,6,8:46:37,8:47:22,45,AGENT,8:47:21,8:49:10,109,YIFAT
AA0101,45715,0,0,NW,990922,8:57:57,8:58:06,9,8:58:06,8:59:03,57,AGENT,8:59:03,9:00:25,82,AVNI
AA0101,45716,7191646,2,NE,990922,9:07:43,9:07:48,5,9:07:48,9:08:20,32,AGENT,9:08:19,9:22:22,843,ZOHARI
AA0101,45717,28109650,2,PS,990922,9:15:45,9:15:51,6,9:15:51,9:16:16,25,AGENT,9:16:14,9:17:07,53,KAZAV
AA0101,45718,28041309,2,PS,990922,9:23:24,9:23:30,6,9:23:30,9:23:48,18,AGENT,9:23:48,9:26:01,133,YIFAT
AA0101,45719,0,0,PS,990922,9:36:38,9:36:47,9,0:00:00,0:00:00,0,AGENT,9:36:46,9:38:02,76,ROTH
AA0101,45720,16426967,2,PS,990922,9:45:28,9:45:34,6,9:45:34,9:46:21,47,AGENT,9:46:20,9:55:59,579,GOLDIE
AA0101,45721,58357435,1,PS,990922,9:54:05,9:54:11,6,9:54:11,9:54:23,12,AGENT,9:54:22,9:57:38,196,AVNI
AA0101,45722,0,0,PS,990922,10:04:34,10:04:45,11,0:00:00,0:00:00,0,AGENT,10:04:45,10:06:10,85,YIFAT
AA0101,45723,0,0,PS,990922,10:12:07,10:12:15,8,0:00:00,0:00:00,0,AGENT,10:12:15,10:14:53,158,TOVA
AA0101,45724,0,0,PS,990922,10:20:49,10:20:59,10,0:00:00,0:00:00,0,AGENT,10:20:57,10:22:26,89,TOVA
AA0101,45725,54128681,2,PS,990922,10:27:55,10:28:01,6,10:28:01,10:28:36,35,AGENT,10:28:35,10:29:41,66,TOVA
AA0101,45726,38378667,1,PS,990922,10:33:52,10:33:58,6,10:33:58,10:34:05,7,HANG,0:00:00,0:00:00,0,NO_SERVER
AA0101,45727,25124181,2,NE,990922,10:41:51,10:41:56,5,10:41:56,10:42:46,50,AGENT,10:42:44,10:46:16,212,ROTH
AA0101,45728,0,0,PS,990922,10:52:07,10:52:15,8,0:00:00,0:00:00,0,AGENT,10:52:15,10:53:07,52,STEREN
AA0101,45729,0,0,NE,990922,11:00:41,11:00:51,10,0:00:00,0:00:00,0,AGENT,11:00:49,11:06:45,356,AVNI
AA0101,45730,52867744,2,NE,990922,11:06:46,11:06:51,5,11:06:51,11:07:35,44,AGENT,11:07:34,11:34:10,1596,ELI
AA0101,45731,0,0,NE,990922,11:14:19,11:14:31,12,0:00:00,0:00:00,0,AGENT,11:14:30,11:16:52,142,ZOHARI
AA0101,45732,0,0,NW,990922,11:23:17,11:23:27,10,11:23:27,11:24:52,85,HANG,0:00:00,0:00:00,0,NO_SERVER
AA0101,45733,54128681,2,PS,990922,11:32:26,11:32:31,5,11:32:31,11:33:27,56,AGENT,11:33:25,11:35:59,154,TOVA
AA0101,45734,52867744,2,PS,990922,11:42:42,11:42:48,6,11:42:48,11:43:36,48,AGENT,11:43:35,11:50:07,392,AVNI
AA0101,45735,0,0,NW,990922,11:49:23,11:49:32,9,11:49:32,11:51:53,141,AGENT,11:51:51,11:52:33,42,STEREN
AA0101,45736,0,0,NW,990922,11:59:19,11:59:28,9,11:59:28,12:00:23,55,AGENT,12:00:22,12:01:27,65,VICKY
AA0101,45737,0,0,NE,990922,12:13:11,12:13:25,14,0:00:00,0:00:00,0,AGENT,12:13:23,12:17:09,226,ELI
AA0101,45738,1574243,2,NE,990922,12:25:19,12:25:25,6,12:25:25,12:25:38,13,AGENT,12:25:36,12:28:50,194,ELI
AA0101,45739,0,0,PS,990922,12:38:15,12:38:24,9,0:00:00,0:00:00,0,AGENT,12:38:24,12:42:13,229,ROTH
AA0101,45740,54556444,1,PS,990922,12:52:53,12:52:58,5,12:52:58,12:53:35,37,AGENT,12:53:34,12:59:17,343,TOVA
AA0101,45741,68741495,2,NE,990922,13:07:27,13:07:32,5,13:07:32,13:07:44,12,AGENT,13:07:43,13:10:07,144,VICKY
AA0101,45742,0,0,NE,990922,13:22:06,13:22:14,8,0:00:00,0:00:00,0,AGENT,13:22:13,13:24:03,110,STEREN
AA0101,45743,67158097,2,PS,990922,13:33:15,13:33:20,5,13:33:20,13:33:34,14,AGENT,13:33:34,13:35:08,94,VICKY
AA0101,45744,0,0,PS,990922,13:50:10,13:50:19,9,0:00:00,0:00:00,0,AGENT,13:50:18,13:51:40,82,AVNI
AA0101,45745,0,0,PS,990922,14:02:12,14:02:21,9,0:00:00,0:00:00,0,AGENT,14:02:20,14:04:56,156,KAZAV
AA0101,45746,0,0,PS,990922,14:19:09,14:19:18,9,0:00:00,0:00:00,0,AGENT,14:19:17,14:23:05,228,AVNI
AA0101,45747,0,0,PS,990922,14:32:03,14:32:14,11,0:00:00,0:00:00,0,AGENT,14:32:13,14:36:48,275,BASCH
AA0101,45748,0,0,PS,990922,14:46:59,14:47:08,9,0:00:00,0:00:00,0,AGENT,14:47:08,14:52:06,298,DORIT
AA0101,45749,0,0,PS,990922,14:55:50,14:55:59,9,0:00:00,0:00:00,0,AGENT,14:55:58,14:58:04,126,ZOHARI
AA0101,45750,0,0,NW,990922,15:08:52,15:09:05,13,0:00:00,0:00:00,0,AGENT,15:09:04,15:09:12,8,KAZAV
AA0101,45751,0,0,PS,990922,15:18:55,15:19:03,8,0:00:00,0:00:00,0,AGENT,15:19:03,15:19:42,39,ROTH
AA0101,45752,51277036,2,PS,990922,15:26:36,15:26:42,6,15:26:42,15:27:10,28,AGENT,15:27:08,15:27:54,46,DORIT
AA0101,45753,0,0,PS,990922,15:35:07,15:35:20,13,0:00:00,0:00:00,0,AGENT,15:35:19,15:37:50,151,DORIT
AA0101,45754,0,0,NE,990922,15:43:55,15:44:04,9,0:00:00,0:00:00,0,AGENT,15:44:02,15:46:29,147,ANAT
AA0101,45755,0,0,PS,990922,16:04:20,16:04:32,12,0:00:00,0:00:00,0,AGENT,16:04:31,16:05:33,62,YITZ
AA0101,45756,0,0,NE,990922,16:17:20,16:17:32,12,0:00:00,0:00:00,0,AGENT,16:17:31,16:22:42,311,STEREN
AA0101,45757,0,0,PS,990922,16:27:24,16:27:37,13,0:00:00,0:00:00,0,AGENT,16:27:36,16:29:31,115,DORIT
AA0101,45758,0,0,PS,990922,16:45:17,16:45:33,16,0:00:00,0:00:00,0,AGENT,16:45:32,16:46:37,65,BENSION
AA0101,45759,0,0,PS,990922,16:55:57,16:56:16,19,0:00:00,0:00:00,0,AGENT,16:56:09,17:01:22,313,YITZ
AA0101,45760,0,0,NE,990922,17:14:40,17:14:52,12,0:00:00,0:00:00,0,AGENT,17:14:50,17:14:57,7,MORIAH
AA0101,45761,0,0,PS,990922,17:37:24,17:37:33,9,0:00:00,0:00:00,0,AGENT,17:37:32,17:39:08,96,BASCH
AA0101,45762,59112078,1,PS,990922,17:56:16,17:56:22,6,17:56:22,17:57:49,87,AGENT,17:57:48,17:58:15,27,MORIAH
AA0101,45763,0,0,PS,990922,18:16:46,18:16:58,12,0:00:00,0:00:00,0,AGENT,18:16:57,18:19:10,133,ANAT
AA0101,45764,0,0,PS,990922,18:31:26,18:31:39,13,0:00:00,0:00:00,0,AGENT,18:31:38,18:32:08,30,ANAT
AA0101,45765,0,0,PS,990922,18:58:33,18:58:50,17,0:00:00,0:00:00,0,AGENT,18:58:49,19:00:36,107,BENSION
AA0101,45766,0,0,NW,990922,19:26:14,19:26:27,13,0:00:00,0:00:00,0,AGENT,19:26:27,19:26:43,16,ANAT
AA0101,45767,0,0,PS,990922,19:49:02,19:49:14,12,0:00:00,0:00:00,0,AGENT,19:49:13,19:50:28,75,GILI
AA0101,45768,0,0,PS,990922,20:12:12,20:12:23,11,0:00:00,0:00:00,0,AGENT,20:12:21,20:15:28,187,MORIAH
AA0101,45769,0,0,PS,990922,20:40:45,20:40:56,11,0:00:00,0:00:00,0,AGENT,20:40:55,20:43:25,150,DORIT
AA0101,45770,0,0,PS,990922,21:14:44,21:14:58,14,0:00:00,0:00:00,0,AGENT,21:14:57,21:17:03,126,DORIT
AA0101,45771,0,0,NE,990922,21:35:23,21:35:38,15,0:00:00,0:00:00,0,AGENT,21:35:36,21:38:46,190,MEIR
AA0101,45772,0,0,PS,990922,22:00:46,22:00:59,13,0:00:00,0:00:00,0,AGENT,22:00:59,22:02:24,85,AVI
AA0101,45773,0,0,NW,990922,22:25:58,22:26:08,10,22:26:08,22:26:28,20,AGENT,22:26:27,22:26:28,1,BENSION
AA0101,45774,0,0,PS,990922,22:59:08,22:59:21,13,0:00:00,0:00:00,0,AGENT,22:59:20,22:59:43,23,SHARON
AA0101,45775,0,0,PS,990922,23:39:37,23:39:46,9,0:00:00,0:00:00,0,AGENT,23:39:45,23:41:19,94,GILI
AA0101,45776,0,0,PS,990923,7:28:18,7:28:28,10,0:00:00,0:00:00,0,AGENT,7:28:27,7:34:07,340,VICKY
AA0101,45777,0,0,PS,990923,7:54:21,7:54:30,9,0:00:00,0:00:00,0,AGENT,7:54:30,7:56:15,105,TOVA
AA0101,45778,0,0,PS,990923,8:13:17,8:13:31,14,0:00:00,0:00:00,0,AGENT,8:13:30,8:14:53,83,AVI
AA0101,45779,0,0,PS,990923,8:32:42,8:32:53,11,0:00:00,0:00:00,0,AGENT,8:32:53,8:34:41,108,AVI
AA0101,45780,0,0,PS,990923,8:43:15,8:43:25,10,0:00:00,0:00:00,0,AGENT,8:43:25,8:45:23,118,BASCH
AA0101,45781,54145529,2,PS,990923,8:57:32,8:57:38,6,8:57:38,8:57:43,5,AGENT,8:57:41,8:57:59,18,AVI
AA0101,45782,22473201,1,PS,990923,9:08:31,9:08:36,5,9:08:36,9:09:03,27,AGENT,9:09:02,9:19:29,627,DORIT
AA0101,45783,57379505,2,PS,990923,9:19:01,9:19:07,6,9:19:07,9:19:41,34,AGENT,9:19:40,9:21:11,91,VICKY
AA0101,45784,0,0,PS,990923,9:30:03,9:30:12,9,0:00:00,0:00:00,0,AGENT,9:30:11,9:32:09,118,ANAT
AA0101,45785,57831349,2,NE,990923,9:40:58,9:41:03,5,9:41:03,9:41:34,31,AGENT,9:41:33,9:41:51,18,AVI
AA0101,45786,58704610,2,PS,990923,9:51:16,9:51:21,5,9:51:21,9:51:50,29,AGENT,9:51:50,9:53:32,102,AVI
AA0101,45787,42813816,1,NE,990923,9:59:01,9:59:07,6,9:59:07,9:59:15,8,AGENT,9:59:14,10:14:00,886,ANAT
AA0101,45788,52867744,2,PS,990923,10:07:23,10:07:29,6,10:07:29,10:08:01,32,AGENT,10:08:01,10:10:26,145,AVI
AA0101,45789,0,0,PS,990923,10:14:41,10:14:51,10,0:00:00,0:00:00,0,AGENT,10:14:50,10:19:52,302,YIFAT
AA0101,45790,23574387,1,PS,990923,10:21:21,10:21:27,6,10:21:27,10:23:09,102,AGENT,10:23:08,10:25:09,121,VICKY
AA0101,45791,24927717,1,PS,990923,10:29:58,10:30:04,6,10:30:04,10:31:34,90,AGENT,10:31:34,10:31:35,1,YIFAT
AA0101,45792,58704610,2,PS,990923,10:38:30,10:38:36,6,10:38:36,10:38:45,9,AGENT,10:38:44,10:38:45,1,YIFAT
AA0101,45793,26907360,2,NE,990923,10:44:25,10:44:31,6,10:44:31,10:45:17,46,AGENT,10:45:17,10:46:57,100,AVI
AA0101,45794,68741495,2,NE,990923,10:53:10,10:53:16,6,10:53:16,10:53:50,34,AGENT,10:53:50,10:53:50,0,ANAT
AA0101,45795,0,0,NW,990923,11:02:18,11:02:37,19,0:00:00,0:00:00,0,AGENT,11:02:37,11:03:12,35,VICKY
AA0101,45796,41546904,2,NE,990923,11:10:20,11:10:26,6,11:10:26,11:10:34,8,AGENT,11:10:34,11:10:37,3,TOVA
AA0101,45797,1382043,2,PS,990923,11:22:08,11:22:14,6,11:22:14,11:22:56,42,AGENT,11:22:55,11:29:07,372,VICKY
AA0101,45798,57928830,1,PS,990923,11:29:39,11:29:44,5,11:29:44,11:30:55,71,AGENT,11:30:54,11:32:49,115,AVI
AA0101,45799,0,0,NE,990923,11:42:07,11:42:22,15,0:00:00,0:00:00,0,AGENT,11:42:22,11:42:54,32,AVI
AA0101,45800,0,0,PS,990923,11:51:54,11:52:06,12,0:00:00,0:00:00,0,AGENT,11:52:05,11:53:28,83,DORIT
AA0101,45801,0,0,PS,990923,12:05:25,12:05:35,10,0:00:00,0:00:00,0,AGENT,12:05:34,12:06:52,78,VICKY
AA0101,45802,0,0,PS,990923,12:27:10,12:27:21,11,0:00:00,0:00:00,0,AGENT,12:27:21,12:28:28,67,BASCH
AA0101,45803,76893,2,PS,990923,12:44:05,12:44:11,6,12:44:11,12:44:51,40,AGENT,12:44:49,12:50:49,360,VICKY
AA0101,45804,56732811,2,PS,990923,12:57:40,12:57:46,6,12:57:46,12:58:22,36,AGENT,12:58:21,12:59:22,61,VICKY
AA0101,45805,0,0,PS,990923,13:12:34,13:12:44,10,0:00:00,0:00:00,0,AGENT,13:12:43,13:13:28,45,ANAT
AA0101,45806,0,0,PS,990923,13:24:19,13:24:33,14,0:00:00,0:00:00,0,AGENT,13:24:32,13:27:24,172,DORIT
AA0101,45807,0,0,NW,990923,13:40:36,13:41:02,26,13:41:02,13:41:08,6,AGENT,13:41:08,13:42:46,98,VICKY
AA0101,45808,0,0,PS,990923,13:52:57,13:53:07,10,0:00:00,0:00:00,0,AGENT,13:53:06,14:03:44,638,VICKY
AA0101,45809,33208893,1,PS,990923,14:01:00,14:01:05,5,14:01:05,14:05:35,270,AGENT,14:05:35,14:07:32,117,DORIT
AA0101,45810,35758697,2,PS,990923,14:16:16,14:16:21,5,14:16:21,14:18:03,102,AGENT,14:18:02,14:21:50,228,AVI
AA0101,45811,33964990,1,PS,990923,14:29:11,14:29:17,6,14:29:17,14:32:28,191,AGENT,14:32:27,14:33:32,65,DORIT
AA0101,45812,0,0,PS,990923,14:48:37,14:48:46,9,0:00:00,0:00:00,0,AGENT,14:48:45,14:49:35,50,AVI
AA0101,45813,78191137,2,PS,990923,15:06:35,15:06:41,6,15:06:41,15:07:09,28,AGENT,15:07:08,15:13:08,360,BASCH
AA0101,45814,0,0,PS,990923,15:19:06,15:19:15,9,0:00:00,0:00:00,0,AGENT,15:19:14,15:21:25,131,BASCH
AA0101,45815,0,0,PS,990923,15:33:58,15:34:08,10,0:00:00,0:00:00,0,AGENT,15:34:07,15:38:11,244,BASCH
AA0101,45816,0,0,PS,990923,15:50:06,15:50:15,9,0:00:00,0:00:00,0,AGENT,15:50:15,15:51:53,98,BASCH
AA0101,45818,0,0,PS,990923,16:07:09,16:07:09,0,0:00:00,0:00:00,0,HANG,0:00:00,0:00:00,0,NO_SERVER
AA0101,45819,36152593,1,PS,990923,16:21:12,16:21:17,5,16:21:17,16:21:35,18,AGENT,16:21:34,16:25:45,251,DARMON
AA0101,45820,0,0,NW,990923,16:38:09,16:38:24,15,0:00:00,0:00:00,0,AGENT,16:38:23,16:39:33,70,STEREN
AA0101,45822,0,0,PS,990923,17:03:30,17:03:30,0,0:00:00,0:00:00,0,HANG,0:00:00,0:00:00,0,NO_SERVER
AA0101,45823,0,0,NW,990923,17:21:10,17:21:25,15,0:00:00,0:00:00,0,AGENT,17:21:24,17:22:15,51,SHARON
AA0101,45824,0,0,NW,990923,17:49:02,17:49:19,17,0:00:00,0:00:00,0,AGENT,17:49:18,17:59:23,605,YITZ
AA0101,45825,64445208,2,PS,990923,18:13:15,18:13:21,6,18:13:21,18:14:24,63,AGENT,18:14:23,18:16:05,102,AVNI
AA0101,45826,0,0,PS,990923,18:40:27,18:40:37,10,0:00:00,0:00:00,0,AGENT,18:40:36,18:47:48,432,AVNI
AA0101,45827,0,0,PS,990923,19:13:36,19:13:46,10,0:00:00,0:00:00,0,AGENT,19:13:46,19:13:50,4,NO_SERVER
AA0101,45828,0,0,NE,990923,19:39:17,19:39:27,10,0:00:00,0:00:00,0,AGENT,19:39:26,19:42:54,208,STEREN
AA0101,45829,0,0,PS,990923,20:02:05,20:02:17,12,0:00:00,0:00:00,0,AGENT,20:02:16,20:03:01,45,MEIR
AA0101,45830,0,0,PS,990923,20:40:31,20:40:40,9,0:00:00,0:00:00,0,AGENT,20:40:39,20:44:07,208,AVNI
AA0101,45831,0,0,PS,990923,21:19:04,21:19:14,10,0:00:00,0:00:00,0,AGENT,21:19:13,21:20:04,51,ZOHARI
AA0101,45832,0,0,PS,990923,22:15:38,22:15:53,15,0:00:00,0:00:00,0,AGENT,22:15:53,22:16:55,62,SHARON
AA0101,45833,0,0,PS,990923,22:53:13,22:53:22,9,0:00:00,0:00:00,0,AGENT,22:53:21,22:54:37,76,GILI
AA0101,45834,0,0,PS,990923,23:42:54,23:43:03,9,0:00:00,0:00:00,0,AGENT,23:43:02,23:45:51,169,AVNI
AA0101,45835,0,0,PS,990924,6:29:00,6:29:30,30,0:00:00,0:00:00,0,HANG,0:00:00,0:00:00,0,NO_SERVER
AA0101,45836,0,0,PS,990924,7:46:08,7:46:18,10,0:00:00,0:00:00,0,AGENT,7:46:18,7:52:59,401,SHARON
AA0101,45837,0,0,PS,990924,8:16:34,8:16:45,11,0:00:00,0:00:00,0,AGENT,8:16:44,8:18:20,96,ELI
AA0101,45838,57062671,1,PS,990924,8:39:21,8:39:27,6,8:39:27,8:39:48,21,HANG,0:00:00,0:00:00,0,NO_SERVER
AA0101,45839,24342644,1,PS,990924,8:53:07,8:53:12,5,8:53:12,8:54:34,82,AGENT,8:54:33,8:56:57,144,ELI
AA0101,45840,0,0,PS,990924,9:19:28,9:19:38,10,0:00:00,0:00:00,0,AGENT,9:19:37,9:22:01,144,BASCH
AA0101,45841,33906777,1,PS,990924,9:40:04,9:40:10,6,9:40:10,9:41:14,64,HANG,0:00:00,0:00:00,0,NO_SERVER
AA0101,45842,0,0,NW,990924,9:55:49,9:55:58,9,9:55:58,9:56:29,31,HANG,0:00:00,0:00:00,0,NO_SERVER
AA0101,45843,0,0,PS,990924,10:18:40,10:18:50,10,0:00:00,0:00:00,0,AGENT,10:18:50,10:20:05,75,BASCH
AA0101,45844,308924133,2,PS,990924,10:40:54,10:41:00,6,10:41:00,10:41:40,40,AGENT,10:41:39,10:42:12,33,BASCH
AA0101,45845,0,0,PS,990924,10:56:51,10:57:04,13,0:00:00,0:00:00,0,AGENT,10:57:03,10:59:59,176,SHARON
AA0101,45846,0,0,PS,990924,11:09:16,11:09:25,9,0:00:00,0:00:00,0,AGENT,11:09:24,11:10:18,54,BASCH
AA0101,45847,0,0,PS,990924,11:44:16,11:44:25,9,0:00:00,0:00:00,0,AGENT,11:44:25,11:45:12,47,BASCH
AA0101,45848,0,0,NW,990924,12:07:09,12:07:23,14,0:00:00,0:00:00,0,AGENT,12:07:22,12:08:05,43,DORIT
AA0101,45849,0,0,PS,990924,12:23:43,12:23:53,10,0:00:00,0:00:00,0,AGENT,12:23:53,12:24:54,61,BASCH
AA0101,45850,0,0,PS,990924,12:48:16,12:48:26,10,0:00:00,0:00:00,0,AGENT,12:48:25,12:59:13,648,ELI
AA0101,45851,0,0,NW,990924,13:23:48,13:24:02,14,0:00:00,0:00:00,0,AGENT,13:24:01,13:25:56,115,SHARON
AA0101,45852,0,0,NW,990924,14:08:12,14:08:27,15,0:00:00,0:00:00,0,HANG,0:00:00,0:00:00,0,NO_SERVER
AA0101,45853,0,0,PS,990924,15:58:32,15:58:44,12,0:00:00,0:00:00,0,HANG,0:00:00,0:00:00,0,NO_SERVER
AA0101,45854,0,0,PS,990925,14:16:27,14:16:49,22,0:00:00,0:00:00,0,HANG,0:00:00,0:00:00,0,NO_SERVER
AA0101,45855,0,0,PS,990925,20:55:21,20:55:31,10,0:00:00,0:00:00,0,AGENT,20:55:30,20:57:10,100,BASCH
AA0101,45856,0,0,PS,990925,21:54:46,21:54:56,10,0:00:00,0:00:00,0,AGENT,21:54:55,21:56:48,113,ZOHARI
AA0101,45857,0,0,PS,990925,22:58:17,22:58:26,9,0:00:00,0:00:00,0,AGENT,22:58:26,22:58:34,8,NO_SERVER
AA0101,45858,0,0,PS,990926,7:08:49,7:09:00,11,0:00:00,0:00:00,0,AGENT,7:08:59,7:10:14,75,YIFAT
AA0101,45859,314234345,2,PE,990926,7:54:55,7:55:00,5,7:55:00,7:56:36,96,AGENT,7:56:35,8:01:18,283,YIFAT
AA0101,45860,0,0,PS,990926,8:36:12,8:36:23,11,0:00:00,0:00:00,0,AGENT,8:36:22,8:41:34,312,DORIT
AA0101,45861,0,0,PS,990926,8:52:50,8:53:01,11,0:00:00,0:00:00,0,AGENT,8:53:00,8:54:32,92,BASCH
AA0101,45862,0,0,PS,990926,9:11:45,9:11:56,11,0:00:00,0:00:00,0,AGENT,9:11:56,9:12:18,22,YITZ
AA0101,45863,0,0,PS,990926,9:26:44,9:26:53,9,0:00:00,0:00:00,0,AGENT,9:26:53,9:27:33,40,ZOHARI
AA0101,45864,0,0,PS,990926,9:38:21,9:38:34,13,0:00:00,0:00:00,0,AGENT,9:38:29,9:38:59,30,NO_SERVER
AA0101,45865,52867744,2,PS,990926,9:49:16,9:49:22,6,9:49:22,9:50:30,68,AGENT,9:50:29,9:53:25,176,AVNI
AA0101,45866,25209222,2,PS,990926,9:58:35,9:58:41,6,9:58:41,9:59:09,28,HANG,0:00:00,0:00:00,0,NO_SERVER
AA0101,45867,0,0,NW,990926,10:12:05,10:12:19,14,0:00:00,0:00:00,0,AGENT,10:12:18,10:12:47,29,YIFAT
AA0101,45868,1574243,2,NE,990926,10:25:06,10:25:11,5,10:25:11,10:25:21,10,AGENT,10:25:20,10:30:26,306,ZOHARI
AA0101,45869,0,0,PS,990926,10:41:32,10:41:52,20,0:00:00,0:00:00,0,AGENT,10:41:51,10:42:39,48,BASCH
AA0101,45870,23577406,1,PS,990926,10:54:04,10:54:09,5,10:54:09,10:54:17,8,HANG,0:00:00,0:00:00,0,NO_SERVER
AA0101,45871,0,0,PS,990926,11:01:29,11:01:37,8,0:00:00,0:00:00,0,AGENT,11:01:36,11:05:13,217,YITZ
AA0101,45872,0,0,PS,990926,11:11:45,11:11:55,10,0:00:00,0:00:00,0,AGENT,11:11:54,11:12:04,10,VICKY
AA0101,45873,0,0,NW,990926,11:22:58,11:23:14,16,0:00:00,0:00:00,0,AGENT,11:23:13,11:28:50,337,DORIT
AA0101,45874,65331878,2,PS,990926,11:33:53,11:33:59,6,11:33:59,11:34:19,20,AGENT,11:34:19,11:35:32,73,AVNI
AA0101,45875,0,0,PS,990926,11:47:51,11:48:00,9,0:00:00,0:00:00,0,AGENT,11:47:59,11:49:13,74,BASCH
AA0101,45876,0,0,PS,990926,12:05:15,12:05:25,10,0:00:00,0:00:00,0,AGENT,12:05:24,12:07:29,125,VICKY
AA0101,45877,0,0,PS,990926,12:21:26,12:21:34,8,0:00:00,0:00:00,0,AGENT,12:21:33,12:23:15,102,VICKY
AA0101,45878,0,0,PS,990926,12:45:19,12:45:29,10,0:00:00,0:00:00,0,AGENT,12:45:27,12:46:39,72,BASCH
AA0101,45879,0,0,PS,990926,13:10:22,13:10:31,9,0:00:00,0:00:00,0,AGENT,13:10:30,13:11:19,49,YITZ
AA0101,45880,0,0,NW,990926,13:25:08,13:25:21,13,0:00:00,0:00:00,0,AGENT,13:25:19,13:25:56,37,YIFAT
AA0101,45881,0,0,NE,990926,13:37:13,13:37:26,13,0:00:00,0:00:00,0,AGENT,13:37:25,13:45:26,481,ELI
AA0101,45882,0,0,NE,990926,13:54:40,13:54:53,13,0:00:00,0:00:00,0,AGENT,13:54:52,13:57:45,173,TOVA
AA0101,45883,23530603,2,PS,990926,14:08:30,14:08:36,6,14:08:36,14:08:58,22,AGENT,14:08:57,14:11:45,168,VICKY
AA0101,45884,0,0,NE,990926,14:26:02,14:26:16,14,0:00:00,0:00:00,0,AGENT,14:26:15,14:29:10,175,TOVA
AA0101,45885,0,0,PS,990926,14:46:36,14:46:47,11,0:00:00,0:00:00,0,AGENT,14:46:45,14:48:40,115,TOVA
AA0101,45886,57758013,2,PS,990926,15:07:45,15:07:50,5,15:07:50,15:08:08,18,AGENT,15:08:07,15:12:36,269,YITZ
AA0101,45887,0,0,PS,990926,15:37:47,15:37:56,9,0:00:00,0:00:00,0,AGENT,15:37:55,15:40:55,180,AVNI
AA0101,45888,0,0,PS,990926,16:02:02,16:02:10,8,0:00:00,0:00:00,0,AGENT,16:02:09,16:03:41,92,SHARON
AA0101,45889,0,0,PS,990926,16:27:06,16:27:17,11,0:00:00,0:00:00,0,AGENT,16:27:16,16:30:46,210,DARMON
AA0101,45890,0,0,PS,990926,17:14:30,17:14:45,15,0:00:00,0:00:00,0,AGENT,17:14:43,17:16:23,100,BENSION
AA0101,45891,0,0,PS,990926,17:53:15,17:53:34,19,0:00:00,0:00:00,0,AGENT,17:53:28,17:55:24,116,TOVA
AA0101,45892,0,0,PS,990926,18:28:58,18:29:14,16,0:00:00,0:00:00,0,AGENT,18:29:12,18:31:19,127,SHARON
AA0101,45893,0,0,NW,990926,19:02:23,19:02:39,16,0:00:00,0:00:00,0,AGENT,19:02:38,19:03:15,37,BENSION
AA0101,45894,0,0,PS,990926,19:43:13,19:43:27,14,0:00:00,0:00:00,0,AGENT,19:43:26,19:44:03,37,BENSION
AA0101,45895,0,0,NW,990926,20:39:52,20:40:08,16,0:00:00,0:00:00,0,AGENT,20:40:07,20:42:58,171,SHARON
AA0101,45896,0,0,PS,990926,21:40:37,21:40:51,14,0:00:00,0:00:00,0,AGENT,21:40:50,21:44:00,190,BENSION
AA0101,45897,0,0,PS,990926,22:58:09,22:58:24,15,0:00:00,0:00:00,0,AGENT,22:58:24,23:07:09,525,DARMON
AA0101,45898,0,0,NW,990927,6:55:28,6:55:52,24,0:00:00,0:00:00,0,HANG,0:00:00,0:00:00,0,NO_SERVER
AA0101,45899,0,0,PS,990927,8:08:02,8:08:12,10,0:00:00,0:00:00,0,AGENT,8:08:11,8:09:13,62,BENSION
AA0101,45900,0,0,NW,990927,8:30:17,8:30:33,16,0:00:00,0:00:00,0,AGENT,8:30:32,8:30:48,16,BENSION
AA0101,45901,0,0,PS,990927,8:53:16,8:53:28,12,0:00:00,0:00:00,0,AGENT,8:53:27,8:56:25,178,TOVA
AA0101,45902,0,0,NW,990927,9:07:19,9:07:28,9,9:07:28,9:09:37,129,HANG,0:00:00,0:00:00,0,NO_SERVER
AA0101,45903,0,0,NE,990927,9:26:53,9:27:04,11,0:00:00,0:00:00,0,AGENT,9:27:03,10:17:31,3028,ELI
AA0101,45905,0,0,PS,990927,9:40:37,9:40:37,0,0:00:00,0:00:00,0,HANG,0:00:00,0:00:00,0,NO_SERVER
AA0101,45906,57918849,1,NE,990927,9:50:48,9:50:54,6,9:50:54,9:53:27,153,AGENT,9:53:26,9:54:29,63,BASCH
AA0101,45907,24819690,2,PS,990927,10:02:24,10:02:29,5,10:02:29,10:03:31,62,AGENT,10:03:31,10:05:49,138,VICKY
AA0101,45908,0,0,PS,990927,10:10:52,10:10:57,5,0:00:00,0:00:00,0,HANG,0:00:00,0:00:00,0,NO_SERVER
AA0101,45909,74780917,2,NE,990927,10:23:54,10:24:00,6,10:24:00,10:27:32,212,AGENT,10:27:31,10:32:27,296,VICKY
AA0101,45910,0,0,PS,990927,10:40:36,10:40:44,8,0:00:00,0:00:00,0,AGENT,10:40:43,10:48:40,477,TOVA
AA0101,45911,0,0,PS,990927,10:54:09,10:54:23,14,0:00:00,0:00:00,0,AGENT,10:54:21,10:55:04,43,BASCH
AA0101,45912,25180118,1,PS,990927,11:04:25,11:04:31,6,11:04:31,11:08:57,266,AGENT,11:08:57,11:12:24,207,ZOHARI
AA0101,45913,25217183,1,PS,990927,11:17:39,11:17:45,6,11:17:45,11:19:14,89,AGENT,11:19:13,11:20:50,97,BENSION
AA0101,45914,30663462,2,PS,990927,11:35:57,11:36:03,6,11:36:03,11:37:32,89,AGENT,11:37:31,11:43:19,348,PINHAS
AA0101,45915,23855331,1,PS,990927,11:47:06,11:47:11,5,11:47:11,11:49:50,159,AGENT,11:49:49,11:51:17,88,ZOHARI
AA0101,45916,27344282,1,PS,990927,12:03:15,12:03:20,5,12:03:20,12:04:48,88,AGENT,12:04:47,12:05:24,37,BASCH
AA0101,45917,669812,2,PS,990927,12:22:39,12:22:44,5,12:22:44,12:23:16,32,AGENT,12:23:16,12:25:13,117,YITZ
AA0101,45918,0,0,PS,990927,12:37:41,12:37:52,11,0:00:00,0:00:00,0,AGENT,12:37:50,12:38:57,67,BASCH
AA0101,45919,0,0,NE,990927,12:51:36,12:51:50,14,0:00:00,0:00:00,0,AGENT,12:51:49,12:52:29,40,ELI
AA0101,45920,54145529,2,PS,990927,13:01:11,13:01:16,5,13:01:16,13:02:24,68,HANG,0:00:00,0:00:00,0,NO_SERVER
AA0101,45921,0,0,PS,990927,13:20:55,13:21:04,9,0:00:00,0:00:00,0,AGENT,13:21:03,13:24:04,181,YITZ
AA0101,45922,0,0,PS,990927,13:38:41,13:38:49,8,0:00:00,0:00:00,0,AGENT,13:38:49,13:41:02,133,TOVA
AA0101,45923,0,0,NE,990927,13:52:13,13:52:22,9,0:00:00,0:00:00,0,AGENT,13:52:21,13:57:38,317,ZOHARI
AA0101,45924,57918849,1,NE,990927,14:06:42,14:06:47,5,14:06:47,14:09:32,165,HANG,0:00:00,0:00:00,0,NO_SERVER
AA0101,45925,13635933,2,PS,990927,14:22:24,14:22:29,5,14:22:29,14:23:11,42,HANG,0:00:00,0:00:00,0,NO_SERVER
AA0101,45926,0,0,NE,990927,14:35:57,14:36:08,11,0:00:00,0:00:00,0,AGENT,14:36:08,14:38:39,151,ZOHARI
AA0101,45927,0,0,PS,990927,14:52:09,14:52:19,10,0:00:00,0:00:00,0,AGENT,14:52:18,14:53:10,52,SHARON
AA0101,45928,59630624,1,NE,990927,15:15:03,15:15:09,6,15:15:09,15:16:47,98,AGENT,15:16:46,15:17:45,59,BASCH
AA0101,45929,0,0,PS,990927,16:05:48,16:06:05,17,0:00:00,0:00:00,0,AGENT,16:06:04,16:11:17,313,ANAT
AA0101,45930,58859752,2,PS,990927,16:30:54,16:30:59,5,16:30:59,16:31:27,28,AGENT,16:31:27,16:32:57,90,ANAT
AA0101,45931,0,0,PS,990927,16:52:08,16:52:25,17,0:00:00,0:00:00,0,AGENT,16:52:25,16:52:27,2,ANAT
AA0101,45932,0,0,PS,990927,17:36:32,17:36:42,10,0:00:00,0:00:00,0,AGENT,17:36:41,17:40:17,216,AVNI
AA0101,45933,0,0,PS,990927,17:57:00,17:57:12,12,0:00:00,0:00:00,0,AGENT,17:57:11,17:57:27,16,SHARON
AA0101,45934,0,0,PS,990927,18:39:58,18:40:10,12,0:00:00,0:00:00,0,AGENT,18:40:09,18:41:00,51,SHARON
AA0101,45935,0,0,PS,990927,19:07:38,19:07:49,11,0:00:00,0:00:00,0,AGENT,19:07:48,19:09:17,89,MORIAH
AA0101,45936,0,0,PS,990927,19:52:14,19:52:23,9,0:00:00,0:00:00,0,AGENT,19:52:23,19:53:05,42,ANAT
AA0101,45937,0,0,PS,990927,20:33:14,20:33:26,12,0:00:00,0:00:00,0,AGENT,20:33:25,20:37:11,226,MORIAH
AA0101,45938,0,0,PS,990927,21:36:58,21:37:24,26,0:00:00,0:00:00,0,AGENT,21:37:24,21:38:20,56,SHARON
AA0101,45939,8258329,2,NE,990927,22:03:10,22:03:16,6,22:03:16,22:03:52,36,AGENT,22:03:52,22:04:54,62,DARMON
AA0101,45940,0,0,PS,990927,22:52:47,22:53:04,17,0:00:00,0:00:00,0,AGENT,22:53:01,22:53:58,57,GILI
AA0101,45942,0,0,PS,990928,0:11:43,0:11:43,0,0:00:00,0:00:00,0,HANG,0:00:00,0:00:00,0,NO_SERVER
AA0101,45943,0,0,PS,990928,7:24:41,7:24:51,10,0:00:00,0:00:00,0,AGENT,7:24:50,7:29:37,287,YIFAT
AA0101,45944,0,0,PS,990928,8:12:24,8:12:38,14,0:00:00,0:00:00,0,AGENT,8:12:37,8:15:12,155,ANAT
AA0101,45945,12024519,2,PS,990928,8:35:25,8:35:31,6,8:35:31,8:38:21,170,AGENT,8:38:20,8:44:13,353,YIFAT
AA0101,45946,0,0,NW,990928,8:55:38,8:55:48,10,8:55:48,8:56:26,38,AGENT,8:56:25,8:56:52,27,PINHAS
AA0101,45947,26982165,2,PS,990928,9:10:09,9:10:14,5,9:10:14,9:12:51,157,AGENT,9:12:50,9:13:41,51,ANAT
AA0101,45948,0,0,NW,990928,9:27:34,9:27:44,10,9:27:44,9:28:00,16,HANG,0:00:00,0:00:00,0,NO_SERVER
AA0101,45949,317076529,1,PS,990928,9:39:57,9:40:02,5,9:40:02,9:41:17,75,HANG,0:00:00,0:00:00,0,NO_SERVER
AA0101,45950,14346852,1,PS,990928,9:56:51,9:56:56,5,9:56:56,10:01:27,271,PHANTOM,10:01:26,10:01:29,3,NO_SERVER
AA0101,45951,55920755,2,PS,990928,10:09:54,10:10:00,6,10:10:00,10:13:15,195,AGENT,10:13:14,10:14:43,89,AVNI
AA0101,45952,37635950,2,PS,990928,10:18:57,10:19:02,5,10:19:02,10:23:31,269,AGENT,10:23:30,10:25:20,110,YIFAT
AA0101,45953,57097149,2,PS,990928,10:32:15,10:32:20,5,10:32:20,10:33:22,62,AGENT,10:33:22,10:37:08,226,AVNI
AA0101,45954,58029430,1,PS,990928,10:41:51,10:41:57,6,10:41:57,10:42:26,29,HANG,0:00:00,0:00:00,0,NO_SERVER
AA0101,45955,59630624,1,NE,990928,10:55:01,10:55:07,6,10:55:07,10:56:14,67,AGENT,10:56:13,10:56:49,36,ZOHARI
AA0101,45956,44276616,2,PS,990928,11:05:14,11:05:19,5,11:05:19,11:06:49,90,AGENT,11:06:48,11:07:13,25,YIFAT
AA0101,45957,3374691,2,PS,990928,11:17:36,11:17:42,6,11:17:42,11:18:58,76,AGENT,11:18:58,11:20:02,64,YIFAT
AA0101,45958,28457521,2,PS,990928,11:28:43,11:28:48,5,11:28:48,11:30:55,127,AGENT,11:30:54,11:32:10,76,YIFAT
AA0101,45959,51277036,2,PS,990928,11:38:55,11:39:00,5,11:39:00,11:40:08,68,AGENT,11:40:07,11:40:49,42,YIFAT
AA0101,45960,69455475,2,PE,990928,11:50:25,11:50:29,4,11:50:29,11:52:27,118,AGENT,11:52:27,11:57:42,315,YIFAT
AA0101,45961,38337168,2,PS,990928,12:02:48,12:02:54,6,12:02:54,12:03:41,47,HANG,0:00:00,0:00:00,0,NO_SERVER
AA0101,45962,35981331,1,PS,990928,12:06:51,12:06:56,5,12:06:56,12:13:36,400,AGENT,12:13:36,12:23:27,591,ANAT
AA0101,45963,38293197,1,PS,990928,12:20:39,12:20:44,5,12:20:44,12:21:17,33,HANG,0:00:00,0:00:00,0,NO_SERVER
AA0101,45964,56765985,2,PS,990928,12:29:01,12:29:07,6,12:29:07,12:29:18,11,HANG,0:00:00,0:00:00,0,NO_SERVER
AA0101,45965,64664733,2,PS,990928,12:39:55,12:40:01,6,12:40:01,12:41:57,116,AGENT,12:41:55,12:46:44,289,AVNI
AA0101,45966,0,0,NW,990928,12:53:22,12:53:34,12,0:00:00,0:00:00,0,AGENT,12:53:34,12:53:55,21,ANAT
AA0101,45967,22969265,2,PS,990928,13:03:51,13:03:56,5,13:03:56,13:04:15,19,AGENT,13:04:13,13:06:30,137,YIFAT
AA0101,45968,0,0,PS,990928,13:19:52,13:20:01,9,0:00:00,0:00:00,0,AGENT,13:20:01,13:20:48,47,ANAT
AA0101,45969,58706086,2,PS,990928,13:36:45,13:36:51,6,13:36:51,13:37:40,49,AGENT,13:37:39,13:40:55,196,ANAT
AA0101,45970,16686354,2,NE,990928,13:49:15,13:49:21,6,13:49:21,13:51:53,152,AGENT,13:51:51,13:57:26,335,ZOHARI
AA0101,45971,703074,2,PS,990928,14:01:20,14:01:25,5,14:01:25,14:01:37,12,AGENT,14:01:36,14:07:16,340,VICKY
AA0101,45972,10473262,2,PS,990928,14:11:31,14:11:37,6,14:11:37,14:12:22,45,AGENT,14:12:21,14:12:49,28,YIFAT
AA0101,45973,22263669,1,PS,990928,14:24:45,14:24:51,6,14:24:51,14:26:45,114,AGENT,14:26:44,14:27:42,58,YIFAT
AA0101,45974,27281617,2,NE,990928,14:48:05,14:48:10,5,14:48:10,14:48:29,19,AGENT,14:48:28,14:50:02,94,ZOHARI
AA0101,45975,76893,2,PS,990928,15:03:31,15:03:36,5,15:03:36,15:07:05,209,AGENT,15:07:04,15:08:18,74,ZOHARI
AA0101,45976,0,0,PS,990928,15:48:19,15:48:31,12,0:00:00,0:00:00,0,AGENT,15:48:30,15:49:25,55,ZOHARI
AA0101,45977,0,0,PS,990928,16:14:57,16:15:05,8,0:00:00,0:00:00,0,AGENT,16:15:04,16:16:41,97,VICKY
AA0101,45978,0,0,PS,990928,16:41:43,16:41:52,9,0:00:00,0:00:00,0,AGENT,16:41:52,16:42:41,49,DORIT
AA0101,45979,0,0,NW,990928,17:11:47,17:12:01,14,0:00:00,0:00:00,0,AGENT,17:12:00,17:12:40,40,YITZ
AA0101,45980,0,0,PS,990928,17:37:33,17:37:53,20,0:00:00,0:00:00,0,AGENT,17:37:52,17:38:28,36,VICKY
AA0101,45981,59599738,2,PS,990928,17:54:30,17:54:35,5,17:54:35,17:56:25,110,AGENT,17:56:24,17:59:02,158,SHARON
AA0101,45982,24271009,2,PS,990928,18:19:50,18:19:56,6,18:19:56,18:21:33,97,AGENT,18:21:32,18:28:06,394,VICKY
AA0101,45983,0,0,PS,990928,19:05:16,19:05:27,11,0:00:00,0:00:00,0,AGENT,19:05:26,19:10:10,284,YITZ
AA0101,45984,0,0,PS,990928,20:16:43,20:16:55,12,0:00:00,0:00:00,0,AGENT,20:16:55,20:17:27,32,BASCH
AA0101,45985,0,0,NE,990928,20:46:46,20:46:58,12,0:00:00,0:00:00,0,AGENT,20:46:57,20:55:21,504,GILI
AA0101,45986,0,0,PS,990928,21:21:03,21:21:11,8,0:00:00,0:00:00,0,AGENT,21:21:10,21:24:32,202,DORIT
AA0101,45987,0,0,PS,990928,21:49:11,21:49:24,13,0:00:00,0:00:00,0,AGENT,21:49:24,21:50:59,95,DORIT
AA0101,45988,0,0,PS,990928,22:19:42,22:19:52,10,0:00:00,0:00:00,0,AGENT,22:19:51,22:20:34,43,GILI
AA0101,45989,0,0,PS,990928,23:16:36,23:16:48,12,0:00:00,0:00:00,0,AGENT,23:16:47,23:18:00,73,DORIT
AA0101,45990,0,0,PS,990929,5:14:09,5:14:34,25,0:00:00,0:00:00,0,HANG,0:00:00,0:00:00,0,NO_SERVER
AA0101,45991,0,0,PS,990929,7:38:47,7:38:56,9,0:00:00,0:00:00,0,AGENT,7:38:55,7:41:12,137,YIFAT
AA0101,45992,0,0,PS,990929,8:22:44,8:22:53,9,0:00:00,0:00:00,0,AGENT,8:22:52,8:24:06,74,ZOHARI
AA0101,45993,0,0,NW,990929,8:40:30,8:40:48,18,0:00:00,0:00:00,0,AGENT,8:40:47,8:42:34,107,SHARON
AA0101,45994,0,0,PS,990929,8:53:28,8:53:37,9,0:00:00,0:00:00,0,AGENT,8:53:36,8:55:52,136,SHARON
AA0101,45995,0,0,NW,990929,9:13:05,9:13:14,9,9:13:14,9:14:35,81,AGENT,9:14:34,9:16:22,108,ANAT
AA0101,45996,4476719,1,PS,990929,9:29:29,9:29:35,6,9:29:35,9:30:07,32,AGENT,9:30:07,9:31:23,76,YIFAT
AA0101,45997,0,0,PS,990929,9:42:42,9:42:54,12,0:00:00,0:00:00,0,AGENT,9:42:53,9:44:38,105,SHARON
AA0101,45998,0,0,NW,990929,9:50:41,9:50:51,10,9:50:51,9:54:01,190,HANG,0:00:00,0:00:00,0,NO_SERVER
AA0101,45999,29537602,1,PS,990929,10:05:09,10:05:14,5,10:05:14,10:08:48,214,AGENT,10:08:47,10:09:41,54,DORIT
AA0101,46000,0,0,PS,990929,10:16:41,10:16:50,9,0:00:00,0:00:00,0,AGENT,10:16:49,10:21:33,284,ZOHARI
AA0101,46001,15247588,1,PS,990929,10:26:10,10:26:16,6,10:26:16,10:28:11,115,AGENT,10:28:10,10:29:16,66,SHARON
AA0101,46002,57111908,1,PS,990929,10:37:35,10:37:40,5,10:37:40,10:39:41,121,AGENT,10:39:40,10:40:38,58,SHARON
AA0101,46003,0,0,NE,990929,10:52:59,10:53:11,12,0:00:00,0:00:00,0,AGENT,10:53:11,10:54:00,49,ANAT
AA0101,46004,24069940,1,PS,990929,10:59:49,10:59:55,6,10:59:55,11:01:39,104,AGENT,11:01:38,11:02:10,32,SHARON
AA0101,46005,0,0,NW,990929,11:11:43,11:11:52,9,11:11:52,11:12:32,40,HANG,0:00:00,0:00:00,0,NO_SERVER
AA0101,46006,22263115,2,PS,990929,11:23:16,11:23:21,5,11:23:21,11:23:38,17,AGENT,11:23:37,11:26:08,151,ANAT
AA0101,46007,25222035,2,PS,990929,11:34:37,11:34:43,6,11:34:43,11:35:52,69,AGENT,11:35:52,11:38:26,154,DORIT
AA0101,46008,52867744,2,PS,990929,11:49:31,11:49:36,5,11:49:36,11:49:48,12,AGENT,11:49:47,11:50:16,29,DORIT
AA0101,46009,58704610,2,PS,990929,11:59:49,11:59:54,5,11:59:54,12:00:02,8,AGENT,12:00:01,12:00:52,51,ANAT
AA0101,46010,74780917,2,NE,990929,12:08:46,12:08:51,5,12:08:51,12:11:39,168,AGENT,12:11:39,12:11:41,2,ANAT
AA0101,46011,0,0,NW,990929,12:20:25,12:20:34,9,12:20:34,12:23:14,160,HANG,0:00:00,0:00:00,0,NO_SERVER
AA0101,46012,25509183,2,PS,990929,12:32:27,12:32:32,5,12:32:32,12:35:27,175,AGENT,12:35:26,12:37:02,96,ZOHARI
AA0101,46013,10587137,2,NE,990929,12:46:33,12:46:38,5,12:46:38,12:50:12,214,AGENT,12:50:11,12:51:35,84,SHARON
AA0101,46014,0,0,PS,990929,13:03:38,13:03:53,15,0:00:00,0:00:00,0,AGENT,13:03:52,13:05:42,110,ANAT
AA0101,46015,25173972,1,PS,990929,13:21:36,13:21:41,5,13:21:41,13:24:04,143,HANG,0:00:00,0:00:00,0,NO_SERVER
AA0101,46016,22263115,2,PS,990929,13:37:09,13:37:14,5,13:37:14,13:39:02,108,AGENT,13:39:02,13:40:35,93,DORIT
AA0101,46017,25124181,2,NE,990929,13:50:32,13:50:37,5,13:50:37,13:53:14,157,AGENT,13:53:13,14:03:31,618,AVNI
AA0101,46018,0,0,PS,990929,14:03:27,14:03:36,9,0:00:00,0:00:00,0,AGENT,14:03:36,14:08:18,282,DORIT
AA0101,46019,55476253,2,NE,990929,14:13:44,14:13:50,6,14:13:50,14:17:54,244,HANG,0:00:00,0:00:00,0,NO_SERVER
AA0101,46020,0,0,NW,990929,14:26:28,14:26:37,9,14:26:37,14:27:24,47,HANG,0:00:00,0:00:00,0,NO_SERVER
AA0101,46021,0,0,PS,990929,14:45:34,14:45:45,11,0:00:00,0:00:00,0,AGENT,14:45:44,14:50:43,299,SHARON
AA0101,46022,0,0,PS,990929,15:12:28,15:12:42,14,0:00:00,0:00:00,0,AGENT,15:12:41,15:13:52,71,BASCH
AA0101,46023,0,0,PS,990929,15:44:57,15:45:07,10,0:00:00,0:00:00,0,AGENT,15:45:07,15:49:54,287,SHARON
AA0101,46024,27141399,1,PS,990929,16:11:06,16:11:12,6,16:11:12,16:11:17,5,AGENT,16:11:16,16:13:12,116,VICKY
AA0101,46025,74780917,2,NE,990929,16:33:09,16:33:15,6,16:33:15,16:33:20,5,AGENT,16:33:19,16:37:57,278,VICKY
AA0101,46026,0,0,PS,990929,17:23:46,17:23:56,10,0:00:00,0:00:00,0,AGENT,17:23:56,17:25:07,71,BASCH
AA0101,46027,0,0,PS,990929,17:50:24,17:50:33,9,0:00:00,0:00:00,0,AGENT,17:50:33,17:55:26,293,BASCH
AA0101,46028,0,0,PS,990929,18:11:01,18:11:11,10,0:00:00,0:00:00,0,AGENT,18:11:11,18:13:55,164,VICKY
AA0101,46029,0,0,NW,990929,18:42:19,18:42:34,15,0:00:00,0:00:00,0,AGENT,18:42:33,18:44:39,126,VICKY
AA0101,46030,0,0,NE,990929,19:10:07,19:10:16,9,0:00:00,0:00:00,0,AGENT,19:10:15,19:11:19,64,GILI
AA0101,46031,0,0,PS,990929,19:31:37,19:31:47,10,0:00:00,0:00:00,0,AGENT,19:31:46,19:34:07,141,MEIR
AA0101,46032,0,0,NE,990929,20:18:39,20:18:51,12,0:00:00,0:00:00,0,AGENT,20:18:50,20:19:59,69,MEIR
AA0101,46033,0,0,PS,990929,20:39:51,20:40:00,9,0:00:00,0:00:00,0,AGENT,20:39:59,20:41:07,68,STEREN
AA0101,46034,0,0,PS,990929,21:18:09,21:18:30,21,0:00:00,0:00:00,0,AGENT,21:18:29,21:24:00,331,VICKY
AA0101,46035,0,0,PS,990929,21:50:05,21:50:15,10,0:00:00,0:00:00,0,AGENT,21:50:14,21:51:21,67,MEIR
AA0101,46036,0,0,PS,990929,22:27:20,22:27:29,9,0:00:00,0:00:00,0,AGENT,22:27:28,22:29:15,107,STEREN
AA0101,46037,0,0,PS,990929,23:25:02,23:25:16,14,0:00:00,0:00:00,0,AGENT,23:25:16,23:26:11,55,DARMON
AA0101,46038,0,0,PS,990930,1:58:04,1:58:11,7,0:00:00,0:00:00,0,HANG,0:00:00,0:00:00,0,NO_SERVER
AA0101,46039,0,0,PS,990930,7:34:56,7:35:09,13,0:00:00,0:00:00,0,AGENT,7:35:08,7:36:06,58,ANAT
AA0101,46040,0,0,PS,990930,8:09:05,8:09:29,24,0:00:00,0:00:00,0,AGENT,8:09:28,8:10:57,89,YIFAT
AA0101,46041,0,0,NW,990930,8:39:08,8:39:22,14,0:00:00,0:00:00,0,AGENT,8:39:22,8:40:14,52,ANAT
AA0101,46042,0,0,PS,990930,8:55:00,8:55:15,15,0:00:00,0:00:00,0,AGENT,8:55:13,8:58:05,172,TOVA
AA0101,46043,0,0,NE,990930,9:10:09,9:10:20,11,0:00:00,0:00:00,0,AGENT,9:10:19,9:29:39,1160,ZOHARI
AA0101,46044,28481158,2,PS,990930,9:20:21,9:20:26,5,9:20:26,9:20:36,10,HANG,0:00:00,0:00:00,0,NO_SERVER
AA0101,46045,58232927,2,PS,990930,9:34:36,9:34:41,5,9:34:41,9:35:02,21,AGENT,9:35:01,9:37:01,120,TOVA
AA0101,46046,0,0,PS,990930,9:49:22,9:49:34,12,0:00:00,0:00:00,0,AGENT,9:49:33,9:52:53,200,ANAT
AA0101,46047,45566833,2,PS,990930,9:55:33,9:55:38,5,9:55:38,9:56:43,65,AGENT,9:56:42,10:00:08,206,TOVA
AA0101,46048,30442495,2,PS,990930,10:02:44,10:02:49,5,10:02:49,10:05:19,150,AGENT,10:05:18,10:16:41,683,ANAT
AA0101,46049,8258329,2,NE,990930,10:18:52,10:18:57,5,10:18:57,10:19:17,20,AGENT,10:19:16,10:21:10,114,ANAT
AA0101,46050,0,0,PS,990930,10:34:17,10:34:30,13,0:00:00,0:00:00,0,AGENT,10:34:29,10:34:33,4,YIFAT
AA0101,46051,0,0,PS,990930,10:47:01,10:47:12,11,0:00:00,0:00:00,0,AGENT,10:47:11,10:47:47,36,TOVA
AA0101,46052,11050135,1,PS,990930,11:00:21,11:00:27,6,11:00:27,11:02:37,130,AGENT,11:02:36,11:06:41,245,SHARON
AA0101,46053,1574243,2,NE,990930,11:06:38,11:06:43,5,11:06:43,11:08:31,108,AGENT,11:08:31,11:12:16,225,ZOHARI
AA0101,46054,0,0,NW,990930,11:16:41,11:16:42,1,0:00:00,0:00:00,0,HANG,0:00:00,0:00:00,0,NO_SERVER
AA0101,46055,0,0,NW,990930,11:20:03,11:20:12,9,11:20:12,11:21:25,73,HANG,0:00:00,0:00:00,0,NO_SERVER
AA0101,46056,58704610,2,PS,990930,11:24:25,11:24:30,5,11:24:30,11:26:51,141,AGENT,11:26:50,11:28:46,116,YIFAT
AA0101,46057,30007603,2,PS,990930,11:32:54,11:32:59,5,11:32:59,11:33:20,21,AGENT,11:33:20,11:37:10,230,TOVA
AA0101,46058,42513184,1,PS,990930,11:40:42,11:40:48,6,11:40:48,11:46:16,328,AGENT,11:46:16,11:47:29,73,TOVA
AA0101,46059,55392393,2,PS,990930,11:50:45,11:50:51,6,11:50:51,11:52:39,108,AGENT,11:52:38,11:55:56,198,YIFAT
AA0101,46060,58859752,2,PS,990930,12:01:38,12:01:43,5,12:01:43,12:03:16,93,AGENT,12:03:15,12:03:17,2,YIFAT
AA0101,46061,22017651,1,PS,990930,12:12:58,12:13:04,6,12:13:04,12:14:34,90,AGENT,12:14:33,12:18:07,214,YIFAT
AA0101,46062,0,0,PS,990930,12:24:54,12:25:03,9,0:00:00,0:00:00,0,AGENT,12:25:03,12:28:55,232,ZOHARI
AA0101,46063,0,0,NE,990930,12:44:01,12:44:15,14,0:00:00,0:00:00,0,AGENT,12:44:14,12:46:47,153,ANAT
AA0101,46064,0,0,PS,990930,13:00:24,13:00:33,9,0:00:00,0:00:00,0,AGENT,13:00:32,13:02:34,122,ROTH
AA0101,46065,57074585,2,PS,990930,13:14:09,13:14:14,5,13:14:14,13:17:03,169,AGENT,13:17:03,13:17:44,41,SHARON
AA0101,46066,0,0,NE,990930,13:34:14,13:34:24,10,0:00:00,0:00:00,0,AGENT,13:34:23,13:36:51,148,ZOHARI
AA0101,46067,37635950,2,PS,990930,13:50:37,13:50:43,6,13:50:43,13:53:31,168,AGENT,13:53:30,13:55:08,98,ROTH
AA0101,46068,0,0,NE,990930,14:02:29,14:02:44,15,0:00:00,0:00:00,0,AGENT,14:02:42,14:07:48,306,ELI
AA0101,46069,14504765,2,PS,990930,14:11:45,14:11:51,6,14:11:51,14:16:14,263,AGENT,14:16:13,14:19:55,222,SHARON
AA0101,46070,58029430,1,PS,990930,14:25:05,14:25:10,5,14:25:10,14:32:35,445,AGENT,14:32:34,14:33:05,31,ROTH
AA0101,46071,0,0,PS,990930,14:47:59,14:48:10,11,0:00:00,0:00:00,0,AGENT,14:48:09,14:51:45,216,STEREN
AA0101,46072,31507361,1,PS,990930,15:05:31,15:05:37,6,15:05:37,15:08:34,177,AGENT,15:08:33,15:09:14,41,YITZ
AA0101,46073,0,0,NW,990930,15:45:33,15:45:46,13,0:00:00,0:00:00,0,AGENT,15:45:46,15:48:41,175,YITZ
AA0101,46074,0,0,PS,990930,16:18:18,16:18:27,9,0:00:00,0:00:00,0,AGENT,16:18:26,16:19:29,63,YITZ
AA0101,46075,0,0,PS,990930,16:34:14,16:34:33,19,0:00:00,0:00:00,0,AGENT,16:34:32,16:35:20,48,AVNI
AA0101,46076,0,0,PS,990930,16:53:29,16:53:37,8,0:00:00,0:00:00,0,AGENT,16:53:37,16:55:26,109,AVNI
AA0101,46077,0,0,PS,990930,17:20:57,17:21:06,9,0:00:00,0:00:00,0,AGENT,17:21:05,17:22:17,72,AVNI
AA0101,46078,0,0,PS,990930,17:54:44,17:54:53,9,0:00:00,0:00:00,0,AGENT,17:54:53,17:55:43,50,STEREN
AA0101,46079,0,0,PS,990930,18:36:46,18:36:57,11,0:00:00,0:00:00,0,AGENT,18:36:55,18:38:08,73,MEIR
AA0101,46080,0,0,PS,990930,19:09:24,19:09:34,10,0:00:00,0:00:00,0,AGENT,19:09:33,19:10:47,74,MEIR
AA0101,46081,0,0,NW,990930,19:58:17,19:58:31,14,0:00:00,0:00:00,0,AGENT,19:58:30,19:59:17,47,YITZ
AA0101,46082,0,0,PS,990930,20:40:49,20:41:01,12,0:00:00,0:00:00,0,AGENT,20:41:00,20:43:55,175,VICKY
AA0101,46083,0,0,PS,990930,21:07:47,21:07:59,12,0:00:00,0:00:00,0,AGENT,21:07:58,21:09:15,77,MEIR
AA0101,46084,0,0,PS,990930,21:53:14,21:53:27,13,0:00:00,0:00:00,0,AGENT,21:53:26,21:55:03,97,YITZ
AA0101,46085,0,0,PS,990930,22:51:54,22:52:03,9,0:00:00,0:00:00,0,AGENT,22:52:02,22:55:05,183,STEREN
AA0103,35829,0,0,NW,990901,0:30:24,0:30:47,23,0:00:00,0:00:00,0,HANG,0:00:00,0:00:00,0,NO_SERVER
AA0103,35830,0,0,NW,990901,6:47:55,6:48:13,18,0:00:00,0:00:00,0,HANG,0:00:00,0:00:00,0,NO_SERVER
AA0103,35831,65061160,2,PS,990901,7:34:04,7:34:09,5,7:34:09,7:35:07,58,AGENT,7:35:06,7:36:51,105,DORIT
AA0103,35832,0,0,NW,990901,7:57:19,7:57:31,12,0:00:00,0:00:00,0,AGENT,7:57:30,7:58:31,61,BASCH
AA0103,35833,0,0,PS,990901,8:13:04,8:13:17,13,0:00:00,0:00:00,0,AGENT,8:13:15,8:13:47,32,SHARON
AA0103,35834,0,0,NW,990901,8:31:09,8:31:25,16,0:00:00,0:00:00,0,AGENT,8:31:27,8:32:02,35,NO_SERVER
AA0103,35835,0,0,PS,990901,8:42:32,8:42:50,18,0:00:00,0:00:00,0,AGENT,8:42:49,8:44:29,100,NAAMA
AA0103,35836,0,0,PS,990901,8:57:14,8:57:28,14,0:00:00,0:00:00,0,AGENT,8:57:27,9:01:45,258,NAAMA
AA0103,35837,58029620,2,PS,990901,9:07:30,9:07:36,6,9:07:36,9:08:24,48,AGENT,9:08:24,9:09:11,47,BASCH
AA0103,35838,28466399,1,PS,990901,9:18:37,9:18:43,6,9:18:43,9:19:09,26,AGENT,9:19:09,9:20:09,60,STEREN
AA0103,35839,0,0,PS,990901,9:30:09,9:30:17,8,0:00:00,0:00:00,0,AGENT,9:30:17,9:31:19,62,YITZ
AA0103,35840,0,0,NE,990901,9:40:23,9:40:32,9,0:00:00,0:00:00,0,AGENT,9:40:31,9:42:59,148,ZOHARI
AA0103,35841,53971289,2,PS,990901,9:48:06,9:48:12,6,9:48:12,9:48:36,24,AGENT,9:48:35,9:51:54,199,STEREN
AA0103,35842,0,0,PS,990901,9:57:52,9:58:04,12,0:00:00,0:00:00,0,AGENT,9:58:02,10:08:04,602,AVNI
AA0103,35843,0,0,PS,990901,10:09:42,10:09:50,8,0:00:00,0:00:00,0,AGENT,10:09:49,10:10:48,59,YITZ
AA0103,35844,0,0,PS,990901,10:18:57,10:19:11,14,0:00:00,0:00:00,0,AGENT,10:19:11,10:25:50,399,NAAMA
AA0103,35845,4493912,1,PS,990901,10:27:47,10:27:52,5,10:27:52,10:28:19,27,AGENT,10:28:17,10:38:58,641,ROTH
AA0103,35846,7191646,2,NE,990901,10:38:20,10:38:25,5,10:38:25,10:39:16,51,AGENT,10:39:15,10:41:14,119,NAAMA
AA0103,35847,0,0,PS,990901,10:52:09,10:52:19,10,0:00:00,0:00:00,0,AGENT,10:52:17,10:52:55,38,BASCH
AA0103,35848,0,0,PS,990901,11:04:18,11:04:27,9,0:00:00,0:00:00,0,AGENT,11:04:26,11:05:33,67,BASCH
AA0103,35849,23640485,2,PS,990901,11:15:16,11:15:22,6,11:15:22,11:19:23,241,AGENT,11:19:22,11:35:14,952,STEREN
AA0103,35850,10858884,2,NE,990901,11:31:56,11:32:01,5,11:32:01,11:32:09,8,AGENT,11:32:09,11:32:42,33,SHARON
AA0103,35851,74780917,2,NE,990901,11:42:41,11:42:47,6,11:42:47,11:43:19,32,AGENT,11:43:17,11:45:48,151,ELI
AA0103,35852,8047078,2,PS,990901,11:56:11,11:56:16,5,11:56:16,11:56:26,10,AGENT,11:56:25,12:05:13,528,AVNI
AA0103,35853,0,0,NW,990901,12:06:59,12:07:08,9,12:07:08,12:10:15,187,AGENT,12:10:14,12:11:10,56,ROTH
AA0103,35854,0,0,PS,990901,12:23:50,12:24:00,10,0:00:00,0:00:00,0,AGENT,12:23:59,12:24:45,46,NAAMA
AA0103,35855,0,0,PS,990901,12:40:17,12:40:26,9,0:00:00,0:00:00,0,AGENT,12:40:25,12:43:32,187,BASCH
AA0103,35856,24477614,2,PS,990901,12:51:00,12:51:05,5,12:51:05,12:51:18,13,AGENT,12:51:18,12:58:31,433,NAAMA
AA0103,35857,0,0,PS,990901,13:04:56,13:05:08,12,0:00:00,0:00:00,0,AGENT,13:05:06,13:11:08,362,AVNI
AA0103,35858,0,0,PS,990901,13:20:57,13:21:07,10,0:00:00,0:00:00,0,AGENT,13:21:05,13:27:08,363,AVNI
AA0103,35859,0,0,PS,990901,13:37:42,13:37:54,12,0:00:00,0:00:00,0,AGENT,13:37:53,13:41:53,240,SHARON
AA0103,35860,0,0,PS,990901,13:48:58,13:49:12,14,0:00:00,0:00:00,0,AGENT,13:49:11,13:53:26,255,ZOHARI
AA0103,35861,0,0,PS,990901,14:02:49,14:03:00,11,0:00:00,0:00:00,0,AGENT,14:02:59,14:06:16,197,NAAMA
AA0103,35862,0,0,PS,990901,14:15:09,14:15:19,10,0:00:00,0:00:00,0,AGENT,14:15:18,14:16:10,52,NAAMA
AA0103,35863,0,0,PS,990901,14:27:38,14:27:46,8,0:00:00,0:00:00,0,AGENT,14:27:46,14:29:00,74,DORIT
AA0103,35864,0,0,NE,990901,14:37:11,14:37:20,9,0:00:00,0:00:00,0,AGENT,14:37:20,14:46:40,560,MORIAH
AA0103,35865,0,0,PS,990901,14:47:15,14:47:28,13,0:00:00,0:00:00,0,AGENT,14:47:28,14:53:44,376,NAAMA
AA0103,35866,0,0,PS,990901,15:01:12,15:01:22,10,0:00:00,0:00:00,0,AGENT,15:01:20,15:03:23,123,ZOHARI
AA0103,35867,0,0,PS,990901,15:14:14,15:14:23,9,0:00:00,0:00:00,0,AGENT,15:14:23,15:16:17,114,AVNI
AA0103,35868,0,0,NE,990901,15:23:42,15:23:52,10,0:00:00,0:00:00,0,AGENT,15:23:51,15:24:02,11,ANAT
AA0103,35869,0,0,NW,990901,15:34:31,15:34:48,17,0:00:00,0:00:00,0,AGENT,15:34:46,15:36:38,112,AVNI
AA0103,35870,0,0,NE,990901,15:46:15,15:46:27,12,0:00:00,0:00:00,0,AGENT,15:46:25,15:48:20,115,ELI
AA0103,35871,0,0,PS,990901,15:55:40,15:55:54,14,0:00:00,0:00:00,0,AGENT,15:55:53,15:57:01,68,ANAT
AA0103,35872,0,0,PS,990901,16:14:13,16:14:26,13,0:00:00,0:00:00,0,AGENT,16:14:25,16:18:17,232,DARMON
AA0103,35873,0,0,NW,990901,16:37:07,16:37:20,13,0:00:00,0:00:00,0,AGENT,16:37:19,16:37:51,32,AVNI
AA0103,35874,0,0,PS,990901,16:51:39,16:51:49,10,0:00:00,0:00:00,0,AGENT,16:51:48,16:53:55,127,AVNI
AA0103,35875,0,0,PS,990901,17:02:05,17:02:15,10,0:00:00,0:00:00,0,AGENT,17:02:14,17:03:16,62,AVI
AA0103,35876,0,0,PS,990901,17:17:48,17:17:58,10,0:00:00,0:00:00,0,AGENT,17:17:57,17:21:36,219,ANAT
AA0103,35877,0,0,PS,990901,17:38:25,17:38:36,11,0:00:00,0:00:00,0,AGENT,17:38:35,17:40:45,130,BENSION
AA0103,35878,0,0,PS,990901,17:52:54,17:53:04,10,0:00:00,0:00:00,0,AGENT,17:53:03,17:54:40,97,VICKY
AA0103,35879,54145529,2,PS,990901,18:15:23,18:15:29,6,18:15:29,18:15:59,30,AGENT,18:15:58,18:16:59,61,AVI
AA0103,35880,0,0,PS,990901,18:29:48,18:29:59,11,0:00:00,0:00:00,0,AGENT,18:29:59,18:32:49,170,BENSION
AA0103,35881,0,0,NW,990901,18:51:39,18:51:48,9,18:51:48,18:52:21,33,AGENT,18:52:20,18:53:09,49,BENSION
AA0103,35882,0,0,PS,990901,19:19:16,19:19:25,9,0:00:00,0:00:00,0,AGENT,19:19:24,19:19:49,25,VICKY
AA0103,35883,0,0,PS,990901,19:39:29,19:39:41,12,0:00:00,0:00:00,0,AGENT,19:39:40,19:41:48,128,MEIR
AA0103,35884,0,0,PS,990901,20:08:54,20:09:04,10,0:00:00,0:00:00,0,AGENT,20:09:04,20:10:39,95,TOVA
AA0103,35885,0,0,PS,990901,20:26:37,20:26:57,20,0:00:00,0:00:00,0,AGENT,20:26:56,20:31:51,295,TOVA
AA0103,35886,0,0,PS,990901,20:38:28,20:38:42,14,0:00:00,0:00:00,0,AGENT,20:38:41,20:39:56,75,AVI
AA0103,35887,0,0,PS,990901,20:50:23,20:50:36,13,0:00:00,0:00:00,0,AGENT,20:50:35,20:50:36,1,AVI
AA0103,35888,0,0,PS,990901,21:05:04,21:05:16,12,0:00:00,0:00:00,0,AGENT,21:05:15,21:08:55,220,MEIR
AA0103,35889,0,0,NE,990901,21:26:02,21:26:11,9,0:00:00,0:00:00,0,AGENT,21:26:10,21:26:16,6,MORIAH
AA0103,35890,0,0,PS,990901,21:50:45,21:50:58,13,0:00:00,0:00:00,0,AGENT,21:50:58,21:51:43,45,VICKY
AA0103,35891,38732210,2,PS,990901,22:06:36,22:06:42,6,22:06:42,22:08:29,107,HANG,0:00:00,0:00:00,0,NO_SERVER
AA0103,35892,0,0,PS,990901,22:23:28,22:23:38,10,0:00:00,0:00:00,0,AGENT,22:23:36,22:24:01,25,VICKY
AA0103,35893,0,0,PS,990901,22:45:28,22:45:38,10,0:00:00,0:00:00,0,AGENT,22:45:37,22:46:00,23,AVI
AA0103,35894,16992406,1,PS,990901,23:03:00,23:03:06,6,23:03:06,23:03:48,42,AGENT,23:03:47,23:04:18,31,DARMON
AA0103,35895,54613724,2,NE,990901,23:26:47,23:26:52,5,23:26:52,23:27:24,32,AGENT,23:27:24,23:30:47,203,AVI
AA0103,35896,550525,1,PS,990901,23:56:54,23:57:00,6,23:57:00,23:57:14,14,AGENT,23:57:13,0:00:03,170,AVI
AA0103,35897,0,0,NW,990902,7:22:06,7:22:19,13,0:00:00,0:00:00,0,AGENT,7:22:18,7:22:51,33,MORIAH
AA0103,35898,0,0,PS,990902,7:50:50,7:51:01,11,0:00:00,0:00:00,0,AGENT,7:50:59,7:51:31,32,TOVA
AA0103,35899,0,0,PS,990902,8:18:15,8:18:25,10,0:00:00,0:00:00,0,AGENT,8:18:23,8:19:27,64,ANAT
AA0103,35900,0,0,PS,990902,8:30:28,8:30:40,12,0:00:00,0:00:00,0,AGENT,8:30:40,8:31:09,29,ANAT
AA0103,35901,306729286,1,PS,990902,8:41:41,8:41:47,6,8:41:47,8:43:36,109,AGENT,8:43:34,8:44:32,58,ANAT
AA0103,35902,37635950,2,PS,990902,8:52:04,8:52:10,6,8:52:10,8:54:43,153,AGENT,8:54:41,8:55:07,26,ZOHARI
AA0103,35903,51817955,2,PS,990902,9:01:58,9:02:04,6,9:02:04,9:02:55,51,AGENT,9:02:53,9:09:39,406,ANAT
AA0103,35904,0,0,NW,990902,9:15:19,9:15:28,9,9:15:28,9:17:11,103,AGENT,9:17:10,9:17:45,35,STEREN
AA0103,35905,16788978,2,PS,990902,9:29:16,9:29:21,5,9:29:21,9:29:27,6,AGENT,9:29:26,9:30:39,73,TOVA
AA0103,35906,24293896,1,PS,990902,9:42:06,9:42:12,6,9:42:12,9:44:52,160,AGENT,9:44:51,9:47:45,174,ZOHARI
AA0103,35907,69604411,2,NE,990902,9:52:18,9:52:24,6,9:52:24,9:53:12,48,AGENT,9:53:11,9:57:06,235,TOVA
AA0103,35908,0,0,PS,990902,10:01:16,10:01:24,8,0:00:00,0:00:00,0,AGENT,10:01:23,10:01:26,3,STEREN
AA0103,35909,24822546,1,PS,990902,10:10:58,10:11:03,5,10:11:03,10:14:12,189,HANG,0:00:00,0:00:00,0,NO_SERVER
AA0103,35910,74780917,2,NE,990902,10:20:04,10:20:10,6,10:20:10,10:22:43,153,AGENT,10:22:42,10:22:44,2,MORIAH
AA0103,35911,74780917,2,NE,990902,10:26:36,10:26:41,5,10:26:41,10:27:56,75,AGENT,10:27:55,10:32:00,245,ROTH
AA0103,35912,57460131,2,PS,990902,10:32:53,10:32:59,6,10:32:59,10:34:18,79,AGENT,10:34:17,10:36:26,129,ZOHARI
AA0103,35913,28986016,1,PS,990902,10:38:29,10:38:34,5,10:38:34,10:42:57,263,AGENT,10:42:56,10:44:52,116,ANAT
AA0103,35914,22140792,1,PS,990902,10:46:36,10:46:42,6,10:46:42,10:46:48,6,HANG,0:00:00,0:00:00,0,NO_SERVER
AA0103,35915,71820039,2,PS,990902,10:51:26,10:51:32,6,10:51:32,10:52:20,48,AGENT,10:52:18,10:56:58,280,ANAT
AA0103,35916,0,0,NW,990902,11:01:04,11:01:14,10,11:01:14,11:04:00,166,HANG,0:00:00,0:00:00,0,NO_SERVER
AA0103,35917,74780917,2,NE,990902,11:09:08,11:09:13,5,11:09:13,11:11:03,110,HANG,0:00:00,0:00:00,0,NO_SERVER
AA0103,35918,15672835,2,PS,990902,11:14:49,11:14:54,5,11:14:54,11:16:05,71,HANG,0:00:00,0:00:00,0,NO_SERVER
AA0103,35919,63611537,2,PS,990902,11:21:06,11:21:12,6,11:21:12,11:23:09,117,HANG,0:00:00,0:00:00,0,NO_SERVER
AA0103,35920,58029430,1,PS,990902,11:27:11,11:27:16,5,11:27:16,11:27:58,42,AGENT,11:27:57,11:34:51,414,DARMON
AA0103,35921,28043800,2,PS,990902,11:33:44,11:33:50,6,11:33:50,11:34:46,56,AGENT,11:34:45,11:37:04,139,ANAT
AA0103,35922,0,0,NW,990902,11:42:59,11:43:09,10,11:43:09,11:43:17,8,HANG,0:00:00,0:00:00,0,NO_SERVER
AA0103,35923,22263115,2,PS,990902,11:48:05,11:48:11,6,11:48:11,11:48:51,40,AGENT,11:48:50,11:51:05,135,ROTH
AA0103,35924,25629866,2,PS,990902,11:56:16,11:56:21,5,11:56:21,11:56:38,17,AGENT,11:56:37,11:57:45,68,ANAT
AA0103,35925,12196937,2,PS,990902,12:08:04,12:08:09,5,12:08:09,12:08:22,13,AGENT,12:08:20,12:09:41,81,YIFAT
AA0103,35926,0,0,NW,990902,12:17:28,12:17:37,9,12:17:37,12:21:54,257,HANG,0:00:00,0:00:00,0,NO_SERVER
AA0103,35927,0,0,NW,990902,12:32:39,12:32:52,13,0:00:00,0:00:00,0,AGENT,12:32:51,12:33:58,67,ROTH
AA0103,35928,33474602,2,PS,990902,12:42:46,12:42:51,5,12:42:51,12:43:01,10,AGENT,12:43:01,12:43:14,13,STEREN
AA0103,35929,10003515,2,PS,990902,12:48:12,12:48:18,6,12:48:18,12:50:14,116,AGENT,12:50:13,12:50:42,29,TOVA
AA0103,35930,0,0,PS,990902,13:00:37,13:00:46,9,0:00:00,0:00:00,0,AGENT,13:00:45,13:02:05,80,ANAT
AA0103,35931,28109650,2,PS,990902,13:09:45,13:09:51,6,13:09:51,13:10:59,68,AGENT,13:10:58,13:11:50,52,STEREN
AA0103,35932,0,0,PS,990902,13:19:57,13:20:06,9,0:00:00,0:00:00,0,AGENT,13:20:05,13:22:27,142,ZOHARI
AA0103,35933,0,0,NE,990902,13:27:37,13:27:46,9,0:00:00,0:00:00,0,AGENT,13:27:45,13:29:04,79,KAZAV
AA0103,35934,0,0,PS,990902,13:41:36,13:41:51,15,0:00:00,0:00:00,0,AGENT,13:41:50,13:49:28,458,STEREN
AA0103,35935,0,0,NE,990902,13:56:14,13:56:28,14,0:00:00,0:00:00,0,AGENT,13:56:27,13:58:44,137,ELI
AA0103,35936,58704610,2,PS,990902,14:02:52,14:02:57,5,14:02:57,14:05:57,180,AGENT,14:05:55,14:14:06,491,DARMON
AA0103,35937,22143465,2,PS,990902,14:14:22,14:14:28,6,14:14:28,14:14:45,17,AGENT,14:14:45,14:16:16,91,DARMON
AA0103,35938,63193346,2,PS,990902,14:24:46,14:24:52,6,14:24:52,14:25:39,47,AGENT,14:25:38,14:26:57,79,ZOHARI
AA0103,35939,0,0,NW,990902,14:34:11,14:34:18,7,0:00:00,0:00:00,0,HANG,0:00:00,0:00:00,0,NO_SERVER
AA0103,35940,27497783,1,PS,990902,14:42:46,14:42:52,6,14:42:52,14:43:02,10,AGENT,14:43:01,14:45:30,149,KAZAV
AA0103,35941,27995489,2,PS,990902,14:53:26,14:53:31,5,14:53:31,14:55:29,118,AGENT,14:55:27,14:57:48,141,DARMON
AA0103,35942,28765956,2,PS,990902,15:03:14,15:03:19,5,15:03:19,15:04:49,90,AGENT,15:04:48,15:06:50,122,STEREN
AA0103,35943,51731149,2,PS,990902,15:15:18,15:15:24,6,15:15:24,15:18:15,171,AGENT,15:18:14,15:21:20,186,ZOHARI
AA0103,35944,50498013,2,PS,990902,15:25:43,15:25:49,6,15:25:49,15:29:45,236,AGENT,15:29:44,15:44:18,874,ROTH
AA0103,35945,7656580,1,PS,990902,15:40:04,15:40:10,6,15:40:10,15:44:32,262,AGENT,15:44:31,15:48:52,261,DARMON
AA0103,35946,33519737,1,PS,990902,15:49:36,15:49:41,5,15:49:41,15:52:08,147,AGENT,15:52:07,16:00:54,527,DARMON
AA0103,35947,65607277,2,PS,990902,16:01:50,16:01:55,5,16:01:55,16:02:16,21,AGENT,16:02:16,16:02:59,43,ROTH
AA0103,35948,0,0,NW,990902,16:08:31,16:08:40,9,16:08:40,16:09:38,58,HANG,0:00:00,0:00:00,0,NO_SERVER
AA0103,35949,32175473,2,PS,990902,16:17:07,16:17:12,5,16:17:12,16:21:19,247,HANG,0:00:00,0:00:00,0,NO_SERVER
AA0103,35950,8258329,2,NE,990902,16:27:03,16:27:09,6,16:27:09,16:29:27,138,AGENT,16:29:26,16:33:11,225,ROTH
AA0103,35951,0,0,NW,990902,16:36:09,16:36:18,9,16:36:18,16:37:12,54,AGENT,16:37:11,16:41:04,233,ROTH
AA0103,35952,0,0,NW,990902,16:46:37,16:46:46,9,16:46:46,16:48:04,78,AGENT,16:48:03,16:49:42,99,BASCH
AA0103,35953,0,0,NW,990902,16:58:20,16:58:30,10,16:58:30,17:01:59,209,AGENT,17:01:58,17:03:52,114,BASCH
AA0103,35954,0,0,NW,990902,17:09:43,17:09:52,9,17:09:52,17:10:56,64,AGENT,17:10:55,17:11:15,20,PINHAS
AA0103,35955,32183709,1,PS,990902,17:18:45,17:18:51,6,17:18:51,17:19:07,16,HANG,0:00:00,0:00:00,0,NO_SERVER
AA0103,35956,29451754,2,PS,990902,17:25:05,17:25:11,6,17:25:11,17:25:36,25,AGENT,17:25:35,17:39:37,842,BASCH
AA0103,35957,0,0,NW,990902,17:37:03,17:37:12,9,17:37:12,17:38:23,71,HANG,0:00:00,0:00:00,0,NO_SERVER
AA0103,35958,0,0,PS,990902,17:48:11,17:48:27,16,0:00:00,0:00:00,0,AGENT,17:48:26,17:49:17,51,BASCH
AA0103,35959,27329242,1,PS,990902,18:00:40,18:00:46,6,18:00:46,18:02:33,107,AGENT,18:02:33,18:03:12,39,VICKY
AA0103,35960,71520779,1,PS,990902,18:11:18,18:11:24,6,18:11:24,18:13:50,146,AGENT,18:13:50,18:20:16,386,DARMON
AA0103,35961,24990137,1,PS,990902,18:42:20,18:42:25,5,18:42:25,18:42:42,17,HANG,0:00:00,0:00:00,0,NO_SERVER
AA0103,35962,24536427,1,PS,990902,18:50:53,18:50:58,5,18:50:58,18:51:50,52,AGENT,18:51:49,18:55:22,213,YITZ
AA0103,35963,65338329,2,PS,990902,18:59:03,18:59:08,5,18:59:08,19:03:48,280,AGENT,19:03:47,19:06:01,134,VICKY
AA0103,35964,0,0,PS,990902,19:19:40,19:19:49,9,0:00:00,0:00:00,0,AGENT,19:19:48,19:20:41,53,YITZ
AA0103,35965,0,0,PS,990902,19:32:45,19:32:56,11,0:00:00,0:00:00,0,AGENT,19:32:55,19:35:59,184,AVI
AA0103,35966,52031556,2,PS,990902,19:53:09,19:53:14,5,19:53:14,19:54:02,48,AGENT,19:54:01,19:54:56,55,MEIR
AA0103,35967,10473262,2,PS,990902,20:11:00,20:11:06,6,20:11:06,20:11:21,15,AGENT,20:11:21,20:13:26,125,MEIR
AA0103,35968,0,0,PS,990902,20:33:20,20:33:31,11,0:00:00,0:00:00,0,AGENT,20:33:29,20:41:32,483,BASCH
AA0103,35969,31386261,1,PS,990902,20:46:30,20:46:36,6,20:46:36,20:49:18,162,AGENT,20:49:17,20:49:17,0,AVI
AA0103,35970,0,0,PS,990902,21:08:45,21:08:54,9,0:00:00,0:00:00,0,AGENT,21:08:53,21:10:58,125,VICKY
AA0103,35971,0,0,NE,990902,21:36:20,21:36:32,12,0:00:00,0:00:00,0,AGENT,21:36:31,21:38:22,111,MEIR
AA0103,35972,52049087,2,PS,990902,22:05:44,22:05:50,6,22:05:50,22:06:36,46,AGENT,22:06:36,22:07:17,41,BASCH
AA0103,35973,0,0,NW,990902,22:47:47,22:47:56,9,22:47:56,22:48:32,36,AGENT,22:48:32,22:48:44,12,PINHAS
AA0103,35974,28630283,2,PS,990902,23:14:39,23:14:46,7,23:14:46,23:15:19,33,AGENT,23:15:18,23:17:46,148,BASCH
AA0103,35975,59778696,1,PS,990902,23:32:51,23:32:56,5,23:32:56,23:34:00,64,HANG,0:00:00,0:00:00,0,NO_SERVER
AA0103,35976,0,0,PS,990903,1:07:50,1:08:01,11,0:00:00,0:00:00,0,HANG,0:00:00,0:00:00,0,NO_SERVER
AA0103,35977,0,0,NW,990903,6:58:38,6:58:59,21,0:00:00,0:00:00,0,AGENT,6:58:58,6:59:01,3,MORIAH
AA0103,35978,0,0,PS,990903,7:04:22,7:04:27,5,7:04:27,7:04:37,10,HANG,0:00:00,0:00:00,0,NO_SERVER
AA0103,35979,0,0,PS,990903,7:04:50,7:05:13,23,0:00:00,0:00:00,0,HANG,0:00:00,0:00:00,0,NO_SERVER
AA0103,35980,0,0,PS,990903,7:37:38,7:37:46,8,0:00:00,0:00:00,0,AGENT,7:37:45,7:40:26,161,ROTH
AA0103,35981,0,0,PS,990903,7:52:35,7:53:34,59,0:00:00,0:00:00,0,AGENT,7:53:32,7:56:33,181,ROTH
AA0103,35982,0,0,NW,990903,8:05:04,8:05:17,13,0:00:00,0:00:00,0,AGENT,8:05:16,8:06:44,88,MORIAH
AA0103,35983,0,0,PS,990903,8:09:18,8:09:27,9,0:00:00,0:00:00,0,AGENT,8:09:26,8:10:47,81,STEREN
AA0103,35984,65082729,1,PS,990903,8:16:40,8:16:45,5,8:16:45,8:16:55,10,AGENT,8:16:54,8:19:20,146,ROTH
AA0103,35985,0,0,PS,990903,8:31:06,8:31:15,9,0:00:00,0:00:00,0,AGENT,8:31:15,8:32:19,64,BASCH
AA0103,35986,0,0,PS,990903,8:43:23,8:43:33,10,0:00:00,0:00:00,0,AGENT,8:43:32,8:44:49,77,ELI
AA0103,35987,29421799,1,PS,990903,8:51:25,8:51:30,5,8:51:30,8:51:52,22,AGENT,8:51:51,8:52:51,60,BENSION
AA0103,35988,17942244,1,PS,990903,9:00:26,9:00:31,5,9:00:31,9:01:01,30,AGENT,9:00:59,9:03:29,150,MORIAH
AA0103,35989,0,0,PS,990903,9:13:44,9:13:55,11,0:00:00,0:00:00,0,AGENT,9:13:54,9:17:03,189,BENSION
AA0103,35990,0,0,NW,990903,9:23:19,9:23:28,9,9:23:28,9:23:33,5,HANG,0:00:00,0:00:00,0,NO_SERVER
AA0103,35991,5246863,1,PS,990903,9:31:47,9:31:52,5,9:31:52,9:32:06,14,AGENT,9:32:05,9:34:43,158,MORIAH
AA0103,35992,0,0,PS,990903,9:48:56,9:49:06,10,0:00:00,0:00:00,0,AGENT,9:49:04,10:00:40,696,ZOHARI
AA0103,35993,51344968,2,PS,990903,9:59:02,9:59:07,5,9:59:07,9:59:13,6,AGENT,9:59:12,10:02:40,208,STEREN
AA0103,35994,0,0,PS,990903,10:08:53,10:09:05,12,0:00:00,0:00:00,0,AGENT,10:09:05,10:11:36,151,MORIAH
AA0103,35995,3527108,1,PS,990903,10:22:29,10:22:35,6,10:22:35,10:24:50,135,AGENT,10:24:50,10:29:58,308,MORIAH
AA0103,35996,56178460,1,PS,990903,10:32:39,10:32:45,6,10:32:45,10:33:49,64,HANG,0:00:00,0:00:00,0,NO_SERVER
AA0103,35997,23684186,1,PS,990903,10:41:23,10:41:28,5,10:41:28,10:42:24,56,HANG,0:00:00,0:00:00,0,NO_SERVER
AA0103,35998,0,0,PS,990903,10:50:39,10:50:53,14,0:00:00,0:00:00,0,AGENT,10:50:52,10:52:14,82,BASCH
AA0103,35999,0,0,PS,990903,11:08:40,11:08:50,10,0:00:00,0:00:00,0,AGENT,11:08:48,11:10:19,91,ROTH
AA0103,36000,51277036,2,PS,990903,11:20:27,11:20:32,5,11:20:32,11:20:39,7,AGENT,11:20:38,11:21:27,49,ROTH
AA0103,36001,0,0,NW,990903,11:32:10,11:32:24,14,0:00:00,0:00:00,0,AGENT,11:32:23,11:33:00,37,BENSION
AA0103,36002,0,0,NW,990903,11:51:06,11:51:19,13,0:00:00,0:00:00,0,AGENT,11:51:18,11:53:05,107,ZOHARI
AA0103,36003,0,0,PS,990903,12:08:47,12:09:00,13,0:00:00,0:00:00,0,AGENT,12:08:59,12:13:20,261,BASCH
AA0103,36004,0,0,PS,990903,12:23:33,12:23:42,9,0:00:00,0:00:00,0,AGENT,12:23:41,12:24:38,57,ROTH
AA0103,36005,11956117,2,PS,990903,12:36:24,12:36:30,6,12:36:30,12:37:15,45,AGENT,12:37:15,12:39:43,148,ZOHARI
AA0103,36006,28519973,2,PS,990903,12:56:20,12:56:25,5,12:56:25,12:57:00,35,AGENT,12:57:00,12:57:03,3,MORIAH
AA0103,36007,0,0,PS,990903,13:19:43,13:20:02,19,0:00:00,0:00:00,0,AGENT,13:20:01,13:22:55,174,BENSION
AA0103,36008,0,0,PS,990903,13:43:55,13:44:05,10,0:00:00,0:00:00,0,AGENT,13:44:04,13:44:58,54,ZOHARI
AA0103,36009,0,0,PS,990903,14:17:33,14:17:53,20,0:00:00,0:00:00,0,HANG,0:00:00,0:00:00,0,NO_SERVER
AA0103,36010,0,0,PS,990903,14:52:20,14:53:28,68,0:00:00,0:00:00,0,HANG,0:00:00,0:00:00,0,NO_SERVER
AA0103,36011,0,0,PS,990903,16:02:36,16:02:52,16,0:00:00,0:00:00,0,HANG,0:00:00,0:00:00,0,NO_SERVER
AA0103,36013,0,0,PS,990903,17:17:16,17:17:16,0,0:00:00,0:00:00,0,HANG,0:00:00,0:00:00,0,NO_SERVER
AA0103,36014,0,0,NW,990904,10:17:11,10:17:27,16,0:00:00,0:00:00,0,HANG,0:00:00,0:00:00,0,NO_SERVER
AA0103,36015,0,0,PS,990904,19:29:11,19:30:20,69,0:00:00,0:00:00,0,HANG,0:00:00,0:00:00,0,NO_SERVER
AA0103,36016,3968047,2,PS,990904,20:03:59,20:04:05,6,20:04:05,20:06:14,129,AGENT,20:06:13,20:10:16,243,SHARON
AA0103,36017,55483390,2,PS,990904,20:20:59,20:21:05,6,20:21:05,20:21:25,20,AGENT,20:21:24,20:22:16,52,BASCH
AA0103,36018,30164461,2,PS,990904,20:33:28,20:33:34,6,20:33:34,20:33:37,3,AGENT,20:33:37,20:35:23,106,SHARON
AA0103,36019,37334760,1,PS,990904,20:46:02,20:46:08,6,20:46:08,20:46:10,2,AGENT,20:46:10,20:48:02,112,ZOHARI
AA0103,36020,0,0,NW,990904,21:10:54,21:11:06,12,0:00:00,0:00:00,0,AGENT,21:11:05,21:11:41,36,BASCH
AA0103,36021,0,0,PS,990904,21:42:41,21:42:53,12,0:00:00,0:00:00,0,AGENT,21:42:52,21:44:02,70,ZOHARI
AA0103,36022,0,0,PS,990904,22:08:05,22:08:14,9,0:00:00,0:00:00,0,AGENT,22:08:13,22:10:02,109,ZOHARI
AA0103,36023,0,0,PS,990904,22:38:49,22:39:00,11,0:00:00,0:00:00,0,AGENT,22:39:00,22:41:02,122,SHARON
AA0103,36024,0,0,NE,990904,23:11:26,23:11:36,10,0:00:00,0:00:00,0,AGENT,23:11:35,23:12:57,82,ZOHARI
AA0103,36025,0,0,PS,990905,0:31:11,0:31:48,37,0:00:00,0:00:00,0,HANG,0:00:00,0:00:00,0,NO_SERVER
AA0103,36026,57722498,2,PS,990905,7:08:32,7:08:38,6,7:08:38,7:08:51,13,AGENT,7:08:50,7:09:36,46,DORIT
AA0103,36027,0,0,NW,990905,7:28:43,7:28:52,9,7:28:52,7:31:04,132,HANG,0:00:00,0:00:00,0,NO_SERVER
AA0103,36028,0,0,PS,990905,7:51:29,7:51:47,18,0:00:00,0:00:00,0,AGENT,7:51:46,7:55:07,201,AVI
AA0103,36029,0,0,NW,990905,8:16:43,8:16:57,14,0:00:00,0:00:00,0,AGENT,8:16:56,8:19:44,168,STEREN
AA0103,36030,0,0,PS,990905,8:25:39,8:25:51,12,0:00:00,0:00:00,0,AGENT,8:25:50,8:27:02,72,NAAMA
AA0103,36031,0,0,NE,990905,8:41:40,8:41:51,11,0:00:00,0:00:00,0,AGENT,8:41:51,8:50:11,500,ZOHARI
AA0103,36032,0,0,NW,990905,8:54:01,8:54:11,10,0:00:00,0:00:00,0,AGENT,8:54:12,8:54:19,7,NO_SERVER
AA0103,36033,0,0,PS,990905,9:08:35,9:08:50,15,0:00:00,0:00:00,0,AGENT,9:08:49,9:10:36,107,STEREN
AA0103,36034,51458594,2,PS,990905,9:15:42,9:15:48,6,9:15:48,9:16:34,46,AGENT,9:16:34,9:19:46,192,NAAMA
AA0103,36035,68160225,2,PS,990905,9:25:45,9:25:51,6,9:25:51,9:27:02,71,AGENT,9:27:01,9:29:08,127,ROTH
AA0103,36036,24942963,1,PS,990905,9:33:13,9:33:18,5,9:33:18,9:33:26,8,HANG,0:00:00,0:00:00,0,NO_SERVER
AA0103,36037,25090630,2,PS,990905,9:41:46,9:41:52,6,9:41:52,9:43:27,95,AGENT,9:43:27,9:45:23,116,ROTH
AA0103,36038,64471147,2,PS,990905,9:51:32,9:51:38,6,9:51:38,9:51:51,13,AGENT,9:51:50,9:52:33,43,ANAT
AA0103,36039,6183685,2,PS,990905,9:56:51,9:56:57,6,9:56:57,9:57:46,49,AGENT,9:57:45,9:58:40,55,ANAT
AA0103,36040,14995666,2,PS,990905,10:05:33,10:05:38,5,10:05:38,10:06:38,60,AGENT,10:06:37,10:08:28,111,AVI
AA0103,36042,0,0,PS,990905,10:15:54,10:15:54,0,0:00:00,0:00:00,0,HANG,0:00:00,0:00:00,0,NO_SERVER
AA0103,36043,0,0,NW,990905,10:22:51,10:23:00,9,10:23:00,10:23:04,4,AGENT,10:23:03,10:25:24,141,DORIT
AA0103,36045,0,0,PS,990905,10:31:00,10:31:00,0,0:00:00,0:00:00,0,HANG,0:00:00,0:00:00,0,NO_SERVER
AA0103,36046,33346792,1,PS,990905,10:35:22,10:35:27,5,10:35:27,10:41:35,368,AGENT,10:41:35,10:44:40,185,DORIT
AA0103,36047,59097543,2,PS,990905,10:44:31,10:44:37,6,10:44:37,10:44:59,22,HANG,0:00:00,0:00:00,0,NO_SERVER
AA0103,36048,24947061,2,PS,990905,10:47:31,10:47:37,6,10:47:37,10:50:10,153,AGENT,10:50:10,10:54:41,271,NAAMA
AA0103,36049,52867744,2,PS,990905,10:54:27,10:54:33,6,10:54:33,10:55:56,83,AGENT,10:55:55,11:04:42,527,ROTH
AA0103,36050,0,0,PS,990905,11:02:54,11:10:32,458,0:00:00,0:00:00,0,HANG,0:00:00,0:00:00,0,NO_SERVER
AA0103,36051,11283090,1,PS,990905,11:23:08,11:23:14,6,11:23:14,11:26:35,201,AGENT,11:26:35,11:27:08,33,ANAT
AA0103,36052,258152,2,PS,990905,11:33:20,11:33:25,5,11:33:25,11:35:30,125,AGENT,11:35:29,11:36:19,50,STEREN
AA0103,36054,0,0,PS,990905,11:42:25,11:42:25,0,0:00:00,0:00:00,0,HANG,0:00:00,0:00:00,0,NO_SERVER
AA0103,36055,0,0,NW,990905,11:53:51,11:54:05,14,0:00:00,0:00:00,0,AGENT,11:54:04,11:57:25,201,ZOHARI
AA0103,36056,52195260,2,PS,990905,12:01:40,12:01:46,6,12:01:46,12:01:51,5,AGENT,12:01:50,12:03:13,83,ANAT
AA0103,36057,65607277,2,PS,990905,12:16:08,12:16:14,6,12:16:14,12:17:24,70,AGENT,12:17:23,12:18:54,91,STEREN
AA0103,36058,0,0,PS,990905,12:29:40,12:29:50,10,0:00:00,0:00:00,0,AGENT,12:29:49,12:32:35,166,ANAT
AA0103,36059,0,0,PS,990905,12:38:17,12:38:32,15,0:00:00,0:00:00,0,AGENT,12:38:31,12:40:37,126,NAAMA
AA0103,36060,0,0,PS,990905,12:49:39,12:49:53,14,0:00:00,0:00:00,0,AGENT,12:49:52,12:58:21,509,NAAMA
AA0103,36061,0,0,PS,990905,12:58:46,12:58:55,9,0:00:00,0:00:00,0,AGENT,12:58:55,13:04:03,308,DORIT
AA0103,36063,34512384,1,PS,990905,16:49:44,16:49:50,6,16:49:50,16:50:06,16,HANG,0:00:00,0:00:00,0,NO_SERVER
AA0103,36064,5850011,2,PS,990905,16:56:54,16:57:00,6,16:57:00,16:59:17,137,AGENT,16:59:15,17:02:00,165,TOVA
AA0103,36065,0,0,PS,990905,17:10:15,17:10:25,10,0:00:00,0:00:00,0,AGENT,17:10:24,17:11:44,80,BASCH
AA0103,36066,4438248,2,PS,990905,17:21:58,17:22:03,5,17:22:03,17:23:00,57,AGENT,17:22:59,17:25:45,166,BASCH
AA0103,36067,29496460,1,PS,990905,17:34:03,17:34:09,6,17:34:09,17:35:35,86,HANG,0:00:00,0:00:00,0,NO_SERVER
AA0103,36068,55279970,2,NE,990905,17:43:10,17:43:16,6,17:43:16,17:44:02,46,AGENT,17:44:01,17:47:31,210,MORIAH
AA0103,36069,56808926,1,PS,990905,17:56:30,17:56:35,5,17:56:35,17:57:15,40,AGENT,17:57:15,17:59:19,124,TOVA
AA0103,36070,53667002,2,PS,990905,18:21:08,18:21:14,6,18:21:14,18:23:11,117,AGENT,18:23:11,18:24:13,62,MORIAH
AA0103,36071,74387119,2,PS,990905,18:45:53,18:45:58,5,18:45:58,18:46:53,55,AGENT,18:46:52,18:46:58,6,MORIAH
AA0103,36072,0,0,PS,990905,19:05:46,19:05:56,10,0:00:00,0:00:00,0,AGENT,19:05:55,19:06:26,31,VICKY
AA0103,36073,68458348,2,PS,990905,19:30:03,19:30:09,6,19:30:09,19:30:38,29,AGENT,19:30:37,19:31:53,76,VICKY
AA0103,36074,25737388,1,PS,990905,20:10:47,20:10:52,5,20:10:52,20:13:19,147,AGENT,20:13:19,20:13:22,3,MORIAH
AA0103,36075,0,0,PS,990905,20:39:34,20:39:44,10,0:00:00,0:00:00,0,AGENT,20:39:44,20:42:03,139,TOVA
AA0103,36076,0,0,PS,990905,21:13:09,21:13:17,8,0:00:00,0:00:00,0,AGENT,21:13:17,21:16:56,219,BASCH
AA0103,36077,0,0,PS,990905,21:41:44,21:41:54,10,0:00:00,0:00:00,0,AGENT,21:41:53,21:43:54,121,VICKY
AA0103,36078,28951101,1,PS,990905,21:51:13,21:51:19,6,21:51:19,21:52:04,45,AGENT,21:52:03,21:53:56,113,BASCH
AA0103,36079,59180547,1,PS,990905,22:06:47,22:06:53,6,22:06:53,22:09:31,158,AGENT,22:09:31,22:10:45,74,BENSION
AA0103,36080,0,0,PS,990905,22:37:59,22:38:07,8,0:00:00,0:00:00,0,AGENT,22:38:07,22:40:32,145,VICKY
AA0103,36081,29738572,1,PS,990905,23:10:27,23:10:33,6,23:10:33,23:14:50,257,AGENT,23:14:50,23:16:11,81,VICKY
AA0103,36082,0,0,PS,990906,0:27:12,0:27:21,9,0:00:00,0:00:00,0,HANG,0:00:00,0:00:00,0,NO_SERVER
AA0103,36083,0,0,PS,990906,6:55:55,6:56:08,13,0:00:00,0:00:00,0,AGENT,6:56:07,6:57:30,83,YIFAT
AA0103,36084,0,0,PS,990906,7:48:57,7:49:08,11,0:00:00,0:00:00,0,AGENT,7:49:08,7:51:16,128,TOVA
AA0103,36085,0,0,PS,990906,8:00:47,8:00:57,10,0:00:00,0:00:00,0,AGENT,8:00:56,8:03:19,143,TOVA
AA0103,36086,0,0,PS,990906,8:17:35,8:17:45,10,0:00:00,0:00:00,0,AGENT,8:17:44,8:19:43,119,DORIT
AA0103,36087,0,0,PS,990906,8:33:48,8:33:57,9,0:00:00,0:00:00,0,AGENT,8:33:56,8:37:01,185,DORIT
AA0103,36088,0,0,PS,990906,8:46:33,8:46:41,8,0:00:00,0:00:00,0,AGENT,8:46:40,8:50:04,204,BASCH
AA0103,36089,0,0,NW,990906,8:58:24,8:58:34,10,8:58:34,8:58:55,21,AGENT,8:58:54,8:58:57,3,MORIAH
AA0103,36090,25022625,2,PS,990906,9:07:38,9:07:43,5,9:07:43,9:07:55,12,AGENT,9:07:55,9:07:57,2,MORIAH
AA0103,36091,0,0,NW,990906,9:17:13,9:17:23,10,9:17:23,9:17:35,12,AGENT,9:17:33,9:19:38,125,ROTH
AA0103,36092,0,0,NW,990906,9:23:35,9:23:44,9,9:23:44,9:23:58,14,HANG,0:00:00,0:00:00,0,NO_SERVER
AA0103,36093,0,0,NW,990906,9:30:37,9:30:52,15,0:00:00,0:00:00,0,AGENT,9:30:52,9:32:53,121,MORIAH
AA0103,36094,9103060,2,NE,990906,9:38:04,9:38:09,5,9:38:09,9:38:50,41,AGENT,9:38:49,9:42:00,191,ROTH
AA0103,36095,0,0,NW,990906,9:47:22,9:47:31,9,9:47:31,9:51:39,248,AGENT,9:51:39,9:54:47,188,SHARON
AA0103,36096,0,0,PS,990906,9:58:42,10:03:37,295,0:00:00,0:00:00,0,HANG,0:00:00,0:00:00,0,NO_SERVER
AA0103,36097,50347749,1,NE,990906,10:10:29,10:10:35,6,10:10:35,10:13:38,183,AGENT,10:13:37,10:19:03,326,YITZ
AA0103,36098,59604033,2,PS,990906,10:18:57,10:19:03,6,10:19:03,10:19:13,10,HANG,0:00:00,0:00:00,0,NO_SERVER
AA0103,36099,57442600,2,PS,990906,10:24:25,10:24:30,5,10:24:30,10:25:55,85,HANG,0:00:00,0:00:00,0,NO_SERVER
AA0103,36100,0,0,PS,990906,10:34:26,10:34:35,9,0:00:00,0:00:00,0,AGENT,10:34:33,10:36:22,109,YIFAT
AA0103,36101,0,0,PS,990906,10:42:58,10:43:14,16,0:00:00,0:00:00,0,AGENT,10:43:14,10:45:20,126,SHARON
AA0103,36102,0,0,PS,990906,10:52:34,10:52:43,9,0:00:00,0:00:00,0,AGENT,10:52:42,10:52:45,3,MORIAH
AA0103,36103,0,0,NW,990906,11:00:56,11:01:05,9,11:01:05,11:04:57,232,AGENT,11:04:56,11:05:48,52,MORIAH
AA0103,36104,38378667,1,PS,990906,11:15:58,11:16:04,6,11:16:04,11:16:53,49,AGENT,11:16:52,11:17:49,57,BASCH
AA0103,36105,0,0,NW,990906,11:28:54,11:29:03,9,11:29:03,11:29:43,40,AGENT,11:29:43,11:33:38,235,SHARON
AA0103,36106,0,0,PS,990906,11:38:14,11:38:23,9,0:00:00,0:00:00,0,AGENT,11:38:23,11:38:25,2,TOVA
AA0103,36107,0,0,PS,990906,11:44:15,11:44:24,9,0:00:00,0:00:00,0,AGENT,11:44:23,11:52:27,484,YITZ
AA0103,36108,0,0,PS,990906,11:54:55,11:55:10,15,0:00:00,0:00:00,0,AGENT,11:55:10,12:00:51,341,TOVA
AA0103,36109,56765985,2,PS,990906,12:04:13,12:04:19,6,12:04:19,12:05:24,65,AGENT,12:05:23,12:06:53,90,SHARON
AA0103,36110,0,0,PS,990906,12:13:48,12:14:08,20,0:00:00,0:00:00,0,AGENT,12:14:07,12:18:00,233,ZOHARI
AA0103,36111,0,0,PS,990906,12:29:26,12:29:36,10,0:00:00,0:00:00,0,AGENT,12:29:35,12:30:38,63,YITZ
AA0103,36112,0,0,NE,990906,12:46:54,12:47:02,8,0:00:00,0:00:00,0,AGENT,12:47:02,12:47:32,30,SHARON
AA0103,36113,0,0,PS,990906,12:58:49,12:59:09,20,0:00:00,0:00:00,0,AGENT,12:59:09,12:59:12,3,MORIAH
AA0103,36114,0,0,PS,990906,13:12:58,13:13:07,9,0:00:00,0:00:00,0,AGENT,13:13:06,13:15:20,134,BASCH
AA0103,36115,0,0,PS,990906,13:28:37,13:28:45,8,0:00:00,0:00:00,0,AGENT,13:28:45,13:31:28,163,BASCH
AA0103,36116,0,0,NW,990906,13:41:52,13:42:01,9,13:42:01,13:43:19,78,AGENT,13:43:18,13:43:38,20,SHARON
AA0103,36117,0,0,PS,990906,13:56:05,13:56:14,9,0:00:00,0:00:00,0,AGENT,13:56:13,13:57:23,70,DORIT
AA0103,36118,0,0,PS,990906,14:06:22,14:06:31,9,0:00:00,0:00:00,0,AGENT,14:06:30,14:08:56,146,ZOHARI
AA0103,36119,75560649,2,PS,990906,14:19:03,14:19:09,6,14:19:09,14:19:34,25,AGENT,14:19:34,14:20:13,39,BASCH
AA0103,36120,24082240,1,PS,990906,14:33:02,14:33:07,5,14:33:07,14:33:26,19,AGENT,14:33:25,14:34:50,85,SHARON
AA0103,36121,31471105,1,PS,990906,14:42:49,14:42:54,5,14:42:54,14:43:15,21,AGENT,14:43:14,14:45:34,140,SHARON
AA0103,36122,0,0,NE,990906,14:54:16,14:54:30,14,0:00:00,0:00:00,0,AGENT,14:54:29,14:57:10,161,SHARON
AA0103,36123,33730805,2,PS,990906,15:05:44,15:05:49,5,15:05:49,15:08:34,165,AGENT,15:08:33,15:16:10,457,ROTH
AA0103,36124,17299231,2,PS,990906,15:23:23,15:23:29,6,15:23:29,15:24:36,67,AGENT,15:24:36,15:25:53,77,SHARON
AA0103,36125,58704610,2,PS,990906,15:34:01,15:34:06,5,15:34:06,15:35:12,66,AGENT,15:35:10,15:37:50,160,STEREN
AA0103,36126,0,0,NW,990906,15:44:42,15:44:51,9,0:00:00,0:00:00,0,HANG,0:00:00,0:00:00,0,NO_SERVER
AA0103,36127,74450255,1,PS,990906,15:58:58,15:59:04,6,15:59:04,15:59:56,52,AGENT,15:59:54,16:01:11,77,ANAT
AA0103,36128,313966145,2,PS,990906,16:11:40,16:11:46,6,16:11:46,16:12:11,25,AGENT,16:12:10,16:14:24,134,VICKY
AA0103,36129,32389629,2,PS,990906,16:30:32,16:30:38,6,16:30:38,16:31:14,36,AGENT,16:31:12,16:32:23,71,ROTH
AA0103,36130,57820763,2,PS,990906,16:45:26,16:45:31,5,16:45:31,16:45:37,6,AGENT,16:45:36,16:50:13,277,ROTH
AA0103,36131,38275400,1,PS,990906,17:05:46,17:05:51,5,17:05:51,17:10:02,251,AGENT,17:10:01,17:11:00,59,VICKY
AA0103,36132,50316827,1,PS,990906,17:23:29,17:23:34,5,17:23:34,17:27:13,219,AGENT,17:27:12,17:27:47,35,VICKY
AA0103,36133,58403957,2,PS,990906,17:49:16,17:49:21,5,17:49:21,17:50:13,52,AGENT,17:50:12,17:51:14,62,STEREN
AA0103,36134,0,0,PS,990906,18:16:36,18:17:01,25,0:00:00,0:00:00,0,AGENT,18:17:00,18:26:08,548,STEREN
AA0103,36135,0,0,NW,990906,18:32:54,18:33:11,17,0:00:00,0:00:00,0,AGENT,18:33:09,18:33:15,6,MEIR
AA0103,36136,0,0,NE,990906,18:57:04,18:57:13,9,0:00:00,0:00:00,0,AGENT,18:57:12,19:02:17,305,ANAT
AA0103,36137,0,0,PS,990906,19:22:50,19:23:02,12,0:00:00,0:00:00,0,AGENT,19:23:01,19:25:06,125,ANAT
AA0103,36138,0,0,NE,990906,19:46:49,19:47:02,13,0:00:00,0:00:00,0,AGENT,19:47:01,19:53:11,370,VICKY
AA0103,36139,0,0,NW,990906,20:16:10,20:16:20,10,20:16:20,20:18:42,142,HANG,0:00:00,0:00:00,0,NO_SERVER
AA0103,36140,0,0,PS,990906,20:42:40,20:42:53,13,0:00:00,0:00:00,0,AGENT,20:42:52,20:44:53,121,VICKY
AA0103,36141,0,0,PS,990906,21:02:00,21:02:11,11,0:00:00,0:00:00,0,AGENT,21:02:10,21:04:38,148,VICKY
AA0103,36142,0,0,PS,990906,21:21:24,21:21:33,9,0:00:00,0:00:00,0,AGENT,21:21:32,21:23:14,102,MEIR
AA0103,36143,23756026,1,PS,990906,21:45:14,21:45:20,6,21:45:20,21:46:18,58,AGENT,21:46:17,21:47:44,87,MEIR
AA0103,36144,0,0,PS,990906,22:13:39,22:13:50,11,0:00:00,0:00:00,0,AGENT,22:13:49,22:15:51,122,GILI
AA0103,36145,0,0,NE,990906,22:56:28,22:56:38,10,0:00:00,0:00:00,0,AGENT,22:56:36,22:57:00,24,VICKY
AA0103,36146,0,0,PS,990906,23:30:27,23:30:37,10,0:00:00,0:00:00,0,AGENT,23:30:36,23:33:19,163,VICKY
AA0103,36147,0,0,PS,990907,7:01:06,7:01:16,10,0:00:00,0:00:00,0,AGENT,7:01:16,7:04:32,196,YIFAT
AA0103,36148,0,0,PS,990907,7:47:23,7:47:34,11,0:00:00,0:00:00,0,AGENT,7:47:33,7:53:50,377,AVI
AA0103,36149,57672453,1,PS,990907,8:11:09,8:11:15,6,8:11:15,8:12:26,71,AGENT,8:12:25,8:14:03,98,AVI
AA0103,36150,12577763,2,PS,990907,8:32:02,8:32:07,5,8:32:07,8:32:12,5,AGENT,8:32:11,8:36:35,264,TOVA
AA0103,36151,314386806,1,PE,990907,8:47:07,8:47:11,4,8:47:11,8:47:33,22,AGENT,8:47:32,8:48:08,36,MORIAH
AA0103,36152,33965351,1,PS,990907,8:56:20,8:56:23,3,8:56:23,8:58:54,151,AGENT,8:58:53,9:00:07,74,AVI
AA0103,36153,0,0,PS,990907,9:07:53,9:08:02,9,0:00:00,0:00:00,0,AGENT,9:08:01,9:08:45,44,BASCH
AA0103,36154,0,0,NW,990907,9:25:50,9:26:00,10,9:26:00,9:28:34,154,HANG,0:00:00,0:00:00,0,NO_SERVER
AA0103,36155,33474602,2,PS,990907,9:36:09,9:36:14,5,9:36:14,9:37:52,98,HANG,0:00:00,0:00:00,0,NO_SERVER
AA0103,36156,0,0,NE,990907,9:54:29,9:54:42,13,0:00:00,0:00:00,0,AGENT,9:54:41,10:02:15,454,ELI
AA0103,36157,55476253,2,NE,990907,10:05:35,10:05:41,6,10:05:41,10:06:00,19,AGENT,10:05:58,10:16:47,649,ELI
AA0103,36158,41399171,2,PS,990907,10:16:41,10:16:46,5,10:16:46,10:16:55,9,AGENT,10:16:54,10:21:09,255,TOVA
AA0103,36159,0,0,PS,990907,10:25:55,10:26:06,11,0:00:00,0:00:00,0,AGENT,10:26:05,10:28:31,146,TOVA
AA0103,36160,25124181,2,NE,990907,10:38:10,10:38:15,5,10:38:15,10:39:55,100,AGENT,10:39:54,10:46:56,422,AVI
AA0103,36161,57460131,2,PS,990907,10:52:24,10:52:30,6,10:52:30,10:52:44,14,AGENT,10:52:43,10:52:53,10,MORIAH
AA0103,36162,22874192,2,PS,990907,11:03:46,11:03:52,6,11:03:52,11:04:04,12,AGENT,11:04:03,11:06:37,154,ROTH
AA0103,36163,69687275,2,PS,990907,11:15:48,11:15:53,5,11:15:53,11:16:21,28,AGENT,11:16:21,11:17:34,73,MORIAH
AA0103,36164,74780917,2,NE,990907,11:25:18,11:25:24,6,11:25:24,11:27:46,142,AGENT,11:27:45,11:27:46,1,AVI
AA0103,36165,52761673,2,PS,990907,11:37:00,11:37:06,6,11:37:06,11:39:46,160,HANG,0:00:00,0:00:00,0,NO_SERVER
AA0103,36166,4133674,2,NE,990907,11:44:39,11:44:44,5,11:44:44,11:47:10,146,AGENT,11:47:09,11:58:02,653,MORIAH
AA0103,36167,8772675,1,PS,990907,11:56:18,11:56:23,5,11:56:23,11:57:29,66,AGENT,11:57:28,12:00:31,183,ROTH
AA0103,36168,25642976,1,PS,990907,12:07:44,12:07:50,6,12:07:50,12:08:51,61,AGENT,12:08:50,12:11:01,131,VICKY
AA0103,36169,0,0,PS,990907,12:24:11,12:24:20,9,0:00:00,0:00:00,0,AGENT,12:24:19,12:29:46,327,BASCH
AA0103,36170,0,0,PS,990907,12:35:24,12:35:46,22,0:00:00,0:00:00,0,AGENT,12:35:45,12:39:47,242,BASCH
AA0103,36171,0,0,PS,990907,12:51:32,12:51:43,11,0:00:00,0:00:00,0,AGENT,12:51:42,12:52:27,45,AVI
AA0103,36172,0,0,PS,990907,13:10:14,13:10:25,11,0:00:00,0:00:00,0,AGENT,13:10:24,13:12:48,144,BASCH
AA0103,36173,29721743,1,PS,990907,13:21:30,13:21:36,6,13:21:36,13:23:00,84,AGENT,13:23:00,13:24:14,74,MORIAH
AA0103,36174,0,0,PS,990907,13:41:15,13:41:26,11,0:00:00,0:00:00,0,AGENT,13:41:25,13:42:19,54,BASCH
AA0103,36175,0,0,PS,990907,13:59:03,13:59:11,8,0:00:00,0:00:00,0,AGENT,13:59:10,14:06:35,445,AVI
AA0103,36176,0,0,PS,990907,14:11:36,14:11:47,11,0:00:00,0:00:00,0,AGENT,14:11:46,14:13:38,112,STEREN
AA0103,36177,0,0,NW,990907,14:28:40,14:28:52,12,0:00:00,0:00:00,0,AGENT,14:28:52,14:30:35,103,AVI
AA0103,36178,57253494,1,PS,990907,14:38:01,14:38:07,6,14:38:07,14:39:12,65,AGENT,14:39:11,14:39:44,33,DORIT
AA0103,36179,0,0,NE,990907,14:48:36,14:48:50,14,0:00:00,0:00:00,0,AGENT,14:48:50,14:50:57,127,ELI
AA0103,36180,53186953,2,PS,990907,14:56:20,14:56:26,6,14:56:26,14:57:33,67,AGENT,14:57:32,14:58:49,77,DORIT
AA0103,36181,63611537,2,PS,990907,15:10:50,15:10:55,5,15:10:55,15:13:07,132,AGENT,15:13:06,15:16:12,186,STEREN
AA0103,36182,10765980,2,PS,990907,15:24:46,15:24:52,6,15:24:52,15:28:31,219,AGENT,15:28:30,15:33:02,272,SHARON
AA0103,36183,63689145,2,PS,990907,15:35:12,15:35:17,5,15:35:17,15:35:22,5,AGENT,15:35:21,15:36:00,39,ROTH
AA0103,36184,0,0,NW,990907,15:47:06,15:47:19,13,0:00:00,0:00:00,0,AGENT,15:47:18,15:47:44,26,ROTH
AA0103,36185,0,0,NW,990907,16:00:59,16:01:13,14,0:00:00,0:00:00,0,AGENT,16:01:12,16:01:54,42,VICKY
AA0103,36186,0,0,NW,990907,16:09:50,16:09:59,9,16:09:59,16:10:41,42,AGENT,16:10:40,16:10:46,6,VICKY
AA0103,36187,0,0,PS,990907,16:24:52,16:25:00,8,0:00:00,0:00:00,0,AGENT,16:25:00,16:28:47,227,ZOHARI
AA0103,36188,0,0,PS,990907,16:34:57,16:35:08,11,0:00:00,0:00:00,0,AGENT,16:35:07,16:37:48,161,ZOHARI
AA0103,36189,0,0,NW,990907,16:52:57,16:53:07,10,16:53:07,16:54:38,91,HANG,0:00:00,0:00:00,0,NO_SERVER
AA0103,36190,0,0,NW,990907,17:05:31,17:05:40,9,17:05:40,17:06:48,68,AGENT,17:06:47,17:15:42,535,STEREN
AA0103,36191,58365917,2,PS,990907,17:20:28,17:20:34,6,17:20:34,17:20:59,25,AGENT,17:20:58,17:26:14,316,DORIT
AA0103,36192,0,0,NE,990907,17:36:19,17:36:35,16,0:00:00,0:00:00,0,AGENT,17:36:34,17:37:14,40,DARMON
AA0103,36193,303610752,1,PE,990907,17:44:20,17:44:24,4,17:44:24,17:47:56,212,AGENT,17:47:56,17:49:03,67,VICKY
AA0103,36194,38362612,2,PS,990907,17:59:57,18:00:03,6,18:00:03,18:00:17,14,AGENT,18:00:17,18:02:00,103,STEREN
AA0103,36195,0,0,PS,990907,18:16:17,18:16:27,10,0:00:00,0:00:00,0,AGENT,18:16:26,18:17:47,81,VICKY
AA0103,36196,0,0,NW,990907,18:41:16,18:41:28,12,0:00:00,0:00:00,0,AGENT,18:41:28,18:41:36,8,VICKY
AA0103,36197,0,0,NE,990907,19:12:18,19:12:28,10,0:00:00,0:00:00,0,AGENT,19:12:27,19:13:00,33,ZOHARI
AA0103,36198,0,0,PS,990907,19:33:03,19:33:17,14,0:00:00,0:00:00,0,AGENT,19:33:16,19:33:59,43,BENSION
AA0103,36199,0,0,PS,990907,20:06:04,20:06:13,9,0:00:00,0:00:00,0,AGENT,20:06:12,20:06:19,7,NO_SERVER
AA0103,36200,0,0,NW,990907,20:29:58,20:30:11,13,0:00:00,0:00:00,0,AGENT,20:30:11,20:30:35,24,DORIT
AA0103,36201,0,0,NW,990907,20:49:40,20:49:53,13,0:00:00,0:00:00,0,AGENT,20:49:52,20:51:05,73,STEREN
AA0103,36202,0,0,PS,990907,21:06:57,21:07:23,26,0:00:00,0:00:00,0,AGENT,21:07:23,21:11:26,243,DORIT
AA0103,36203,0,0,NE,990907,21:30:28,21:30:43,15,0:00:00,0:00:00,0,AGENT,21:30:41,21:30:58,17,SHARON
AA0103,36204,0,0,NW,990907,21:53:33,21:53:46,13,0:00:00,0:00:00,0,AGENT,21:53:45,21:57:36,231,SHARON
AA0103,36205,51929339,2,PS,990907,22:20:29,22:20:35,6,22:20:35,22:21:00,25,AGENT,22:20:59,22:21:58,59,BENSION
AA0103,36206,0,0,PS,990907,22:40:50,22:41:01,11,0:00:00,0:00:00,0,AGENT,22:41:00,22:43:37,157,BENSION
AA0103,36207,0,0,NW,990907,23:03:38,23:03:51,13,0:00:00,0:00:00,0,AGENT,23:03:49,23:04:50,61,SHARON
AA0103,36208,0,0,PS,990908,0:15:11,0:15:30,19,0:00:00,0:00:00,0,HANG,0:00:00,0:00:00,0,NO_SERVER
AA0103,36209,0,0,NW,990908,6:45:09,6:45:35,26,0:00:00,0:00:00,0,HANG,0:00:00,0:00:00,0,NO_SERVER
AA0103,36210,0,0,PS,990908,7:28:44,7:28:54,10,0:00:00,0:00:00,0,AGENT,7:28:53,7:28:55,2,TOVA
AA0103,36211,0,0,PS,990908,8:03:05,8:03:14,9,0:00:00,0:00:00,0,AGENT,8:03:13,8:04:44,91,STEREN
AA0103,36212,0,0,NW,990908,8:19:41,8:19:50,9,8:19:50,8:20:10,20,AGENT,8:20:08,8:23:41,213,DORIT
AA0103,36213,0,0,NW,990908,8:40:04,8:40:20,16,0:00:00,0:00:00,0,AGENT,8:40:20,8:42:11,111,DORIT
AA0103,36214,0,0,NW,990908,8:48:57,8:49:06,9,8:49:06,8:49:18,12,AGENT,8:49:17,8:49:57,40,DORIT
AA0103,36215,0,0,NW,990908,9:00:53,9:01:02,9,9:01:02,9:01:39,37,PHANTOM,9:01:38,9:01:44,6,NO_SERVER
AA0103,36216,30442495,2,PS,990908,9:13:03,9:13:09,6,9:13:09,9:13:15,6,AGENT,9:13:15,9:28:59,944,BASCH
AA0103,36217,0,0,PS,990908,9:26:21,9:26:30,9,0:00:00,0:00:00,0,AGENT,9:26:29,9:28:44,135,ROTH
AA0103,36218,65032120,2,PS,990908,9:38:51,9:38:57,6,9:38:57,9:39:51,54,AGENT,9:39:49,9:46:16,387,ROTH
AA0103,36219,0,0,PS,990908,9:50:05,9:50:19,14,0:00:00,0:00:00,0,AGENT,9:50:18,9:50:37,19,BASCH
AA0103,36220,0,0,NW,990908,9:59:02,9:59:11,9,9:59:11,10:00:24,73,HANG,0:00:00,0:00:00,0,NO_SERVER
AA0103,36221,50688696,2,PS,990908,10:08:07,10:08:13,6,10:08:13,10:08:23,10,HANG,0:00:00,0:00:00,0,NO_SERVER
AA0103,36222,24186587,1,PS,990908,10:11:53,10:11:58,5,10:11:58,10:14:03,125,HANG,0:00:00,0:00:00,0,NO_SERVER
AA0103,36223,25688045,1,PS,990908,10:19:39,10:19:45,6,10:19:45,10:20:00,15,HANG,0:00:00,0:00:00,0,NO_SERVER
AA0103,36224,23883952,1,PS,990908,10:29:52,10:29:57,5,10:29:57,10:31:03,66,AGENT,10:31:03,10:32:38,95,SHARON
AA0103,36225,56574460,1,PS,990908,10:42:51,10:42:57,6,10:42:57,10:45:26,149,PHANTOM,10:45:25,10:45:28,3,NO_SERVER
AA0103,36226,0,0,PS,990908,11:02:48,11:02:56,8,0:00:00,0:00:00,0,AGENT,11:02:55,11:06:50,235,ROTH
AA0103,36227,57424293,1,PS,990908,11:15:08,11:15:13,5,11:15:13,11:15:37,24,HANG,0:00:00,0:00:00,0,NO_SERVER
AA0103,36228,0,0,NE,990908,11:30:42,11:30:53,11,0:00:00,0:00:00,0,AGENT,11:30:52,11:36:14,322,ZOHARI
AA0103,36229,11766979,1,PE,990908,11:54:06,11:54:10,4,11:54:10,11:55:09,59,HANG,0:00:00,0:00:00,0,NO_SERVER
AA0103,36230,53440137,2,PS,990908,12:04:02,12:04:07,5,12:04:07,12:04:14,7,AGENT,12:04:13,12:06:08,115,YITZ
AA0103,36231,24617300,1,PS,990908,12:15:31,12:15:37,6,12:15:37,12:15:55,18,AGENT,12:15:55,12:17:04,69,BASCH
AA0103,36232,0,0,NW,990908,12:25:09,12:25:18,9,12:25:18,12:25:38,20,HANG,0:00:00,0:00:00,0,NO_SERVER
AA0103,36233,0,0,PS,990908,12:42:15,12:42:30,15,0:00:00,0:00:00,0,AGENT,12:42:28,12:45:53,205,BASCH
AA0103,36234,0,0,PS,990908,12:59:47,12:59:57,10,0:00:00,0:00:00,0,AGENT,12:59:57,13:01:44,107,BASCH
AA0103,36235,58885963,2,PS,990908,13:13:22,13:13:28,6,13:13:28,13:15:11,103,PHANTOM,13:15:11,13:15:14,3,NO_SERVER
AA0103,36236,0,0,NW,990908,13:27:26,13:27:35,9,13:27:35,13:28:52,77,AGENT,13:28:52,13:29:37,45,SHARON
AA0103,36237,0,0,NW,990908,13:40:38,13:40:47,9,13:40:47,13:44:15,208,AGENT,13:44:14,13:46:35,141,SHARON
AA0103,36238,0,0,PS,990908,13:52:01,13:52:12,11,0:00:00,0:00:00,0,AGENT,13:52:12,13:52:55,43,SHARON
AA0103,36239,25074881,1,PS,990908,14:02:04,14:02:09,5,14:02:09,14:05:24,195,AGENT,14:05:24,14:07:14,110,STEREN
AA0103,36240,52867744,2,PS,990908,14:19:43,14:19:49,6,14:19:49,14:20:18,29,AGENT,14:20:17,14:24:01,224,ANAT
AA0103,36241,0,0,PS,990908,14:33:52,14:34:01,9,0:00:00,0:00:00,0,AGENT,14:34:01,14:34:20,19,BASCH
AA0103,36242,0,0,PS,990908,14:43:23,14:43:32,9,0:00:00,0:00:00,0,AGENT,14:43:32,14:44:28,56,DORIT
AA0103,36243,14504765,2,PS,990908,14:58:55,14:59:00,5,14:59:00,15:01:43,163,AGENT,15:01:43,15:01:44,1,MORIAH
AA0103,36244,56765985,2,PS,990908,15:09:11,15:09:17,6,15:09:17,15:10:01,44,AGENT,15:10:00,15:12:49,169,ROTH
AA0103,36245,0,0,NW,990908,15:20:59,15:21:09,10,15:21:09,15:23:18,129,HANG,0:00:00,0:00:00,0,NO_SERVER
AA0103,36246,58704610,2,PS,990908,15:32:14,15:32:20,6,15:32:20,15:36:54,274,AGENT,15:36:53,15:44:13,440,ROTH
AA0103,36247,0,0,NW,990908,15:40:24,15:40:33,9,15:40:33,15:42:19,106,HANG,0:00:00,0:00:00,0,NO_SERVER
AA0103,36248,52867744,2,PS,990908,15:49:47,15:49:52,5,15:49:52,15:50:56,64,AGENT,15:50:55,15:51:00,5,KAZAV
AA0103,36249,52078425,2,PS,990908,15:59:19,15:59:24,5,15:59:24,15:59:29,5,AGENT,15:59:29,16:02:17,168,MORIAH
AA0103,36250,28107399,1,PS,990908,16:13:05,16:13:11,6,16:13:11,16:13:27,16,AGENT,16:13:26,16:13:31,5,MORIAH
AA0103,36251,0,0,NW,990908,16:25:07,16:25:08,1,0:00:00,0:00:00,0,HANG,0:00:00,0:00:00,0,NO_SERVER
AA0103,36252,0,0,NE,990908,16:37:53,16:38:05,12,0:00:00,0:00:00,0,AGENT,16:38:05,16:38:12,7,ELI
AA0103,36253,0,0,PS,990908,16:55:04,16:55:13,9,0:00:00,0:00:00,0,AGENT,16:55:12,16:57:09,117,BENSION
AA0103,36254,0,0,PS,990908,17:14:30,17:14:43,13,0:00:00,0:00:00,0,AGENT,17:14:41,17:16:09,88,AVI
AA0103,36255,33663535,1,PS,990908,17:31:39,17:31:45,6,17:31:45,17:33:34,109,AGENT,17:33:33,17:38:15,282,DARMON
AA0103,36256,57941015,1,PS,990908,17:46:29,17:46:35,6,17:46:35,17:47:11,36,AGENT,17:47:11,17:48:07,56,MORIAH
AA0103,36257,0,0,PS,990908,18:06:31,18:06:43,12,0:00:00,0:00:00,0,AGENT,18:06:42,18:09:58,196,DARMON
AA0103,36258,0,0,NW,990908,18:25:46,18:25:55,9,18:25:55,18:27:23,88,AGENT,18:27:22,18:27:41,19,BENSION
AA0103,36259,0,0,PS,990908,18:45:21,18:45:38,17,0:00:00,0:00:00,0,AGENT,18:45:37,18:48:47,190,BENSION
AA0103,36260,0,0,PS,990908,19:05:41,19:05:54,13,0:00:00,0:00:00,0,AGENT,19:05:53,19:05:53,0,ANAT
AA0103,36261,0,0,PS,990908,19:17:42,19:17:57,15,0:00:00,0:00:00,0,AGENT,19:17:56,19:18:52,56,BENSION
AA0103,36262,0,0,PS,990908,19:31:53,19:32:02,9,0:00:00,0:00:00,0,AGENT,19:32:01,19:32:06,5,MORIAH
AA0103,36263,0,0,NE,990908,19:58:00,19:58:10,10,0:00:00,0:00:00,0,AGENT,19:58:09,20:07:27,558,MORIAH
AA0103,36264,32389629,2,PS,990908,20:23:12,20:23:18,6,20:23:18,20:23:30,12,AGENT,20:23:29,20:24:27,58,AVI
AA0103,36265,0,0,NW,990908,20:49:03,20:49:12,9,20:49:12,20:49:15,3,HANG,0:00:00,0:00:00,0,NO_SERVER
AA0103,36266,55279970,2,NE,990908,21:10:09,21:10:15,6,21:10:15,21:10:31,16,AGENT,21:10:30,21:18:54,504,AVI
AA0103,36267,10927366,1,NE,990908,21:24:59,21:25:04,5,21:25:04,21:25:28,24,AGENT,21:25:28,21:25:31,3,MORIAH
AA0103,36268,0,0,NW,990908,21:45:01,21:45:13,12,0:00:00,0:00:00,0,AGENT,21:45:13,21:45:27,14,MORIAH
AA0103,36269,35758697,2,PS,990908,22:05:18,22:05:24,6,22:05:24,22:05:37,13,AGENT,22:05:36,22:07:03,87,BENSION
AA0103,36270,28575710,1,PS,990908,22:30:18,22:30:23,5,22:30:23,22:30:38,15,AGENT,22:30:37,22:32:59,142,AVI
AA0103,36271,28074193,2,PS,990908,22:54:06,22:54:12,6,22:54:12,22:54:55,43,AGENT,22:54:54,22:55:31,37,BENSION
AA0103,36272,0,0,PS,990908,23:30:59,23:31:13,14,0:00:00,0:00:00,0,AGENT,23:31:12,23:31:56,44,BENSION
AA0103,36273,0,0,NW,990909,6:31:30,6:31:54,24,0:00:00,0:00:00,0,HANG,0:00:00,0:00:00,0,NO_SERVER
AA0103,36274,0,0,PS,990909,7:22:08,7:22:21,13,0:00:00,0:00:00,0,AGENT,7:22:21,7:26:31,250,NAAMA
AA0103,36275,0,0,PS,990909,7:59:28,7:59:42,14,0:00:00,0:00:00,0,AGENT,7:59:41,8:01:11,90,ANAT
AA0103,36276,0,0,PS,990909,8:28:27,8:28:39,12,0:00:00,0:00:00,0,AGENT,8:28:39,8:36:18,459,ANAT
AA0103,36277,0,0,PS,990909,8:42:35,8:42:45,10,0:00:00,0:00:00,0,AGENT,8:42:43,8:46:32,229,DORIT
AA0103,36278,0,0,PS,990909,8:56:13,8:56:26,13,0:00:00,0:00:00,0,AGENT,8:56:24,8:59:03,159,ANAT
AA0103,36279,0,0,PS,990909,9:10:30,9:10:40,10,0:00:00,0:00:00,0,AGENT,9:10:39,9:12:12,93,SHARON
AA0103,36280,0,0,PS,990909,9:22:45,9:22:53,8,0:00:00,0:00:00,0,AGENT,9:22:52,9:23:29,37,BASCH
AA0103,36281,0,0,PS,990909,9:40:59,9:41:08,9,0:00:00,0:00:00,0,AGENT,9:41:08,9:52:10,662,NAAMA
AA0103,36282,0,0,PS,990909,9:58:39,9:58:48,9,0:00:00,0:00:00,0,AGENT,9:58:48,10:00:05,77,KAZAV
AA0103,36283,1161660,2,PS,990909,10:09:59,10:10:05,6,10:10:05,10:10:08,3,AGENT,10:10:07,10:12:01,114,SHARON
AA0103,36284,0,0,PS,990909,10:22:29,10:22:38,9,0:00:00,0:00:00,0,AGENT,10:22:37,10:24:33,116,NAAMA
AA0103,36285,0,0,NE,990909,10:37:44,10:37:54,10,0:00:00,0:00:00,0,AGENT,10:37:52,10:40:33,161,KAZAV
AA0103,36286,0,0,PS,990909,10:50:06,10:50:15,9,0:00:00,0:00:00,0,AGENT,10:50:14,10:52:35,141,DORIT
AA0103,36287,0,0,PS,990909,11:05:54,11:06:08,14,0:00:00,0:00:00,0,AGENT,11:06:07,11:15:06,539,ANAT
AA0103,36288,0,0,NE,990909,11:21:31,11:21:39,8,0:00:00,0:00:00,0,AGENT,11:21:38,11:26:06,268,KAZAV
AA0103,36289,0,0,PS,990909,11:36:08,11:36:27,19,0:00:00,0:00:00,0,AGENT,11:36:26,11:45:29,543,ANAT
AA0103,36290,0,0,PS,990909,11:51:06,11:51:15,9,0:00:00,0:00:00,0,AGENT,11:51:14,11:53:20,126,ROTH
AA0103,36291,0,0,NE,990909,12:05:15,12:05:24,9,0:00:00,0:00:00,0,AGENT,12:05:24,12:10:09,285,KAZAV
AA0103,36292,0,0,NW,990909,12:29:36,12:29:50,14,0:00:00,0:00:00,0,AGENT,12:29:49,12:30:21,32,BASCH
AA0103,36293,0,0,NE,990909,12:42:54,12:43:08,14,0:00:00,0:00:00,0,AGENT,12:43:07,12:45:02,115,ANAT
AA0103,36294,176156,1,PS,990909,12:55:46,12:55:52,6,12:55:52,12:56:27,35,AGENT,12:56:26,13:00:12,226,NAAMA
AA0103,36295,0,0,PS,990909,13:11:36,13:11:44,8,0:00:00,0:00:00,0,AGENT,13:11:44,13:14:23,159,DORIT
AA0103,36296,0,0,NW,990909,13:29:25,13:29:40,15,0:00:00,0:00:00,0,AGENT,13:29:38,13:29:50,12,SHARON
AA0103,36297,0,0,PS,990909,13:44:22,13:44:31,9,0:00:00,0:00:00,0,AGENT,13:44:31,13:48:52,261,NAAMA
AA0103,36298,0,0,NE,990909,14:05:56,14:06:04,8,0:00:00,0:00:00,0,AGENT,14:06:03,14:09:27,204,ROTH
AA0103,36299,71820039,2,PS,990909,14:15:48,14:15:53,5,14:15:53,14:18:41,168,AGENT,14:18:40,14:21:25,165,ROTH
AA0103,36300,59630624,1,NE,990909,14:27:44,14:27:50,6,14:27:50,14:31:10,200,AGENT,14:31:09,14:33:32,143,ROTH
AA0103,36301,0,0,NW,990909,14:45:33,14:45:48,15,0:00:00,0:00:00,0,AGENT,14:45:47,14:46:22,35,SHARON
AA0103,36302,29683752,1,NW,990909,14:56:21,14:56:26,5,14:56:26,14:59:39,193,AGENT,14:59:38,15:02:27,169,BASCH
AA0103,36303,59630624,1,NE,990909,15:11:03,15:11:09,6,15:11:09,15:13:33,144,AGENT,15:13:32,15:14:52,80,BASCH
AA0103,36304,25124181,2,NE,990909,15:22:57,15:23:03,6,15:23:03,15:23:45,42,AGENT,15:23:44,15:28:10,266,ROTH
AA0103,36305,32254872,1,PS,990909,15:35:24,15:35:30,6,15:35:30,15:36:20,50,AGENT,15:36:19,15:38:27,128,KAZAV
AA0103,36306,9682923,2,PS,990909,15:43:24,15:43:30,6,15:43:30,15:46:48,198,AGENT,15:46:47,15:52:33,346,STEREN
AA0103,36307,0,0,PS,990909,15:59:11,15:59:29,18,0:00:00,0:00:00,0,AGENT,15:59:28,16:01:11,103,STEREN
AA0103,36308,37667854,2,PS,990909,16:10:56,16:11:02,6,16:11:02,16:11:13,11,AGENT,16:11:11,16:14:29,198,STEREN
AA0103,36309,29481769,1,PS,990909,16:24:50,16:24:56,6,16:24:56,16:25:43,47,HANG,0:00:00,0:00:00,0,NO_SERVER
AA0103,36310,0,0,NW,990909,16:35:41,16:35:54,13,0:00:00,0:00:00,0,AGENT,16:35:54,16:36:54,60,YITZ
AA0103,36311,58704610,2,PS,990909,16:48:27,16:48:33,6,16:48:33,16:48:47,14,AGENT,16:48:47,16:51:59,192,STEREN
AA0103,36312,0,0,NW,990909,17:00:26,17:00:35,9,17:00:35,17:03:40,185,HANG,0:00:00,0:00:00,0,NO_SERVER
AA0103,36313,0,0,PS,990909,17:13:24,17:13:34,10,0:00:00,0:00:00,0,AGENT,17:13:34,17:15:33,119,ZOHARI
AA0103,36314,0,0,PS,990909,17:30:43,17:30:54,11,0:00:00,0:00:00,0,AGENT,17:30:53,17:33:36,163,ZOHARI
AA0103,36315,304309255,1,PS,990909,17:49:36,17:49:41,5,17:49:41,17:51:00,79,AGENT,17:50:59,17:50:59,0,AVI
AA0103,36316,0,0,NW,990909,18:06:52,18:07:01,9,18:07:01,18:08:47,106,AGENT,18:08:46,18:09:29,43,STEREN
AA0103,36317,0,0,NW,990909,18:26:47,18:26:57,10,18:26:57,18:27:23,26,AGENT,18:27:22,18:27:56,34,PINHAS
AA0103,36318,0,0,PS,990909,18:46:26,18:46:36,10,0:00:00,0:00:00,0,AGENT,18:46:35,18:47:41,66,ZOHARI
AA0103,36319,28811545,2,PS,990909,19:05:58,19:06:04,6,19:06:04,19:07:14,70,AGENT,19:07:14,19:10:27,193,STEREN
AA0103,36320,0,0,PS,990909,19:36:54,19:37:04,10,0:00:00,0:00:00,0,AGENT,19:37:03,19:39:02,119,STEREN
AA0103,36321,34094383,1,PS,990909,19:51:00,19:51:06,6,19:51:06,19:51:40,34,AGENT,19:51:39,19:52:36,57,STEREN
AA0103,36322,68741495,2,NE,990909,20:16:58,20:17:04,6,20:17:04,20:18:23,79,AGENT,20:18:22,20:22:24,242,AVI
AA0103,36323,0,0,PS,990909,20:45:32,20:45:42,10,0:00:00,0:00:00,0,AGENT,20:45:41,20:47:08,87,ZOHARI
AA0103,36324,0,0,NW,990909,21:11:38,21:11:48,10,21:11:48,21:12:22,34,AGENT,21:12:21,21:13:32,71,STEREN
AA0103,36325,0,0,PS,990909,21:37:02,21:37:11,9,0:00:00,0:00:00,0,AGENT,21:37:10,21:49:59,769,ZOHARI
AA0103,36326,0,0,PS,990909,22:04:08,22:04:21,13,0:00:00,0:00:00,0,AGENT,22:04:20,22:06:49,149,AVI
AA0103,36327,10634848,1,NE,990909,22:35:58,22:36:03,5,22:36:03,22:36:14,11,AGENT,22:36:13,22:37:40,87,ZOHARI
AA0103,36328,28765956,2,PS,990909,22:59:27,22:59:33,6,22:59:33,23:00:04,31,AGENT,23:00:03,23:00:43,40,STEREN
AA0103,36329,0,0,PS,990909,23:32:04,23:32:13,9,0:00:00,0:00:00,0,AGENT,23:32:12,23:34:21,129,DARMON
AA0103,36330,0,0,PS,990910,7:06:55,7:07:05,10,0:00:00,0:00:00,0,AGENT,7:07:04,7:19:28,744,VICKY
AA0103,36331,0,0,PS,990910,7:50:46,7:50:59,13,0:00:00,0:00:00,0,AGENT,7:50:59,7:53:16,137,DORIT
AA0103,36332,0,0,PS,990910,8:11:13,8:11:24,11,0:00:00,0:00:00,0,AGENT,8:11:23,8:12:37,74,VICKY
AA0103,36333,0,0,NW,990910,8:34:23,8:34:38,15,0:00:00,0:00:00,0,AGENT,8:34:37,8:42:27,470,BENSION
AA0103,36334,0,0,NW,990910,8:52:10,8:52:20,10,8:52:20,8:52:47,27,AGENT,8:52:46,8:53:31,45,BENSION
AA0103,36335,0,0,NW,990910,9:08:04,9:08:20,16,0:00:00,0:00:00,0,AGENT,9:08:19,9:08:38,19,BASCH
AA0103,36336,0,0,NW,990910,9:20:30,9:20:39,9,9:20:39,9:20:50,11,AGENT,9:20:49,9:21:25,36,SHARON
AA0103,36337,57822611,2,PS,990910,9:31:45,9:31:50,5,9:31:50,9:31:53,3,HANG,0:00:00,0:00:00,0,NO_SERVER
AA0103,36338,0,0,PS,990910,9:45:26,9:45:35,9,0:00:00,0:00:00,0,AGENT,9:45:34,9:49:12,218,BASCH
AA0103,36339,24802589,2,PS,990910,9:59:00,9:59:06,6,9:59:06,9:59:10,4,AGENT,9:59:09,9:59:52,43,BASCH
AA0103,36340,0,0,PS,990910,10:10:15,10:10:26,11,0:00:00,0:00:00,0,AGENT,10:10:25,10:11:09,44,BASCH
AA0103,36341,0,0,PS,990910,10:29:33,10:29:42,9,0:00:00,0:00:00,0,AGENT,10:29:42,10:31:14,92,AVNI
AA0103,36342,0,0,PS,990910,10:42:34,10:42:45,11,0:00:00,0:00:00,0,AGENT,10:42:44,10:43:20,36,SHARON
AA0103,36343,0,0,PS,990910,11:00:26,11:00:41,15,0:00:00,0:00:00,0,AGENT,11:00:41,11:02:23,102,DORIT
AA0103,36344,0,0,PS,990910,11:15:11,11:15:20,9,0:00:00,0:00:00,0,AGENT,11:15:20,11:16:15,55,VICKY
AA0103,36345,14738793,2,PS,990910,11:34:53,11:34:58,5,11:34:58,11:35:41,43,AGENT,11:35:41,11:37:06,85,VICKY
AA0103,36346,32223752,1,PS,990910,12:09:22,12:09:28,6,12:09:28,12:09:49,21,AGENT,12:09:47,12:10:32,45,BASCH
AA0103,36347,0,0,PS,990910,12:39:12,12:39:23,11,0:00:00,0:00:00,0,AGENT,12:39:23,12:43:04,221,BASCH
AA0103,36348,0,0,PS,990910,13:07:16,13:07:39,23,0:00:00,0:00:00,0,HANG,0:00:00,0:00:00,0,NO_SERVER
AA0103,36349,0,0,PS,990910,13:44:10,13:44:34,24,0:00:00,0:00:00,0,HANG,0:00:00,0:00:00,0,NO_SERVER
AA0103,36350,0,0,PS,990910,15:05:29,15:05:40,11,0:00:00,0:00:00,0,HANG,0:00:00,0:00:00,0,NO_SERVER
AA0103,36351,0,0,NW,990910,18:46:58,18:47:24,26,0:00:00,0:00:00,0,HANG,0:00:00,0:00:00,0,NO_SERVER
AA0103,36352,0,0,NW,990911,16:03:39,16:04:17,38,0:00:00,0:00:00,0,HANG,0:00:00,0:00:00,0,NO_SERVER
AA0103,36353,0,0,NW,990912,10:41:03,10:41:27,24,0:00:00,0:00:00,0,HANG,0:00:00,0:00:00,0,NO_SERVER
AA0103,36355,0,0,PS,990912,19:04:38,19:04:38,0,0:00:00,0:00:00,0,HANG,0:00:00,0:00:00,0,NO_SERVER
AA0103,36356,0,0,PS,990912,19:52:28,19:52:51,23,0:00:00,0:00:00,0,HANG,0:00:00,0:00:00,0,NO_SERVER
AA0103,36357,0,0,PS,990912,20:18:28,20:18:54,26,0:00:00,0:00:00,0,AGENT,20:18:52,20:20:10,78,ZOHARI
AA0103,36358,0,0,PS,990912,20:34:00,20:34:10,10,0:00:00,0:00:00,0,AGENT,20:34:10,20:34:17,7,ELI
AA0103,36359,0,0,NE,990912,20:57:27,20:57:38,11,0:00:00,0:00:00,0,AGENT,20:57:38,21:00:31,173,ZOHARI
AA0103,36360,0,0,PS,990912,21:29:52,21:30:00,8,0:00:00,0:00:00,0,AGENT,21:29:59,21:36:26,387,AVNI
AA0103,36361,0,0,NW,990912,22:07:51,22:08:04,13,0:00:00,0:00:00,0,AGENT,22:08:03,22:10:31,148,SHARON
AA0103,36362,0,0,NW,990912,22:50:20,22:50:33,13,0:00:00,0:00:00,0,AGENT,22:50:33,22:50:42,9,SHARON
AA0103,36363,0,0,PS,990912,23:53:52,23:54:03,11,0:00:00,0:00:00,0,AGENT,23:54:02,0:00:14,372,ZOHARI
AA0103,36364,0,0,PS,990913,7:10:57,7:11:06,9,0:00:00,0:00:00,0,AGENT,7:11:05,7:12:43,98,GILI
AA0103,36365,0,0,PS,990913,7:47:57,7:48:08,11,0:00:00,0:00:00,0,AGENT,7:48:07,7:49:16,69,TOVA
AA0103,36366,73689812,2,PS,990913,8:07:05,8:07:10,5,8:07:10,8:07:33,23,HANG,0:00:00,0:00:00,0,NO_SERVER
AA0103,36367,0,0,PS,990913,8:24:25,8:24:34,9,0:00:00,0:00:00,0,AGENT,8:24:33,8:26:10,97,STEREN
AA0103,36368,0,0,PS,990913,8:35:40,8:35:57,17,0:00:00,0:00:00,0,AGENT,8:35:56,8:38:03,127,TOVA
AA0103,36369,13645650,2,PS,990913,8:45:15,8:45:21,6,8:45:21,8:45:53,32,AGENT,8:45:52,8:47:02,70,ZOHARI
AA0103,36370,0,0,PS,990913,8:54:47,8:54:58,11,0:00:00,0:00:00,0,AGENT,8:54:57,8:55:56,59,STEREN
AA0103,36371,51130532,2,PS,990913,9:04:50,9:04:55,5,9:04:55,9:05:06,11,AGENT,9:05:05,9:05:09,4,TOVA
AA0103,36372,0,0,PS,990913,9:14:03,9:14:12,9,0:00:00,0:00:00,0,AGENT,9:14:11,9:15:58,107,GILI
AA0103,36373,0,0,PS,990913,9:26:29,9:26:42,13,0:00:00,0:00:00,0,AGENT,9:26:40,9:28:17,97,TOVA
AA0103,36374,0,0,PS,990913,9:36:17,9:36:27,10,0:00:00,0:00:00,0,AGENT,9:36:25,9:37:01,36,GILI
AA0103,36375,0,0,PS,990913,9:42:49,9:42:59,10,0:00:00,0:00:00,0,AGENT,9:42:58,9:45:44,166,YIFAT
AA0103,36376,0,0,PS,990913,9:51:35,9:51:44,9,0:00:00,0:00:00,0,AGENT,9:51:42,9:57:09,327,KAZAV
AA0103,36377,0,0,PS,990913,10:02:03,10:02:13,10,0:00:00,0:00:00,0,AGENT,10:02:13,10:03:35,82,VICKY
AA0103,36378,0,0,PS,990913,10:11:47,10:11:58,11,0:00:00,0:00:00,0,AGENT,10:11:57,10:13:08,71,GILI
AA0103,36379,0,0,PS,990913,10:22:18,10:22:27,9,0:00:00,0:00:00,0,AGENT,10:22:27,10:22:59,32,KAZAV
AA0103,36380,0,0,PS,990913,10:32:17,10:32:27,10,0:00:00,0:00:00,0,AGENT,10:32:26,10:33:18,52,KAZAV
AA0103,36381,51569507,1,PS,990913,10:38:39,10:38:45,6,10:38:45,10:40:10,85,AGENT,10:40:09,10:41:49,100,GILI
AA0103,36382,0,0,NW,990913,10:48:01,10:48:11,10,10:48:11,10:49:07,56,AGENT,10:49:06,10:50:22,76,STEREN
AA0103,36383,15239874,2,PS,990913,11:00:52,11:00:58,6,11:00:58,11:01:07,9,AGENT,11:01:06,11:02:00,54,STEREN
AA0103,36384,0,0,PS,990913,11:09:39,11:09:47,8,0:00:00,0:00:00,0,AGENT,11:09:46,11:10:41,55,KAZAV
AA0103,36385,0,0,PS,990913,11:20:02,11:20:11,9,0:00:00,0:00:00,0,AGENT,11:20:11,11:21:11,60,ROTH
AA0103,36386,0,0,PS,990913,11:27:59,11:28:09,10,0:00:00,0:00:00,0,AGENT,11:28:07,11:29:55,108,TOVA
AA0103,36387,0,0,PS,990913,11:38:00,11:38:09,9,0:00:00,0:00:00,0,AGENT,11:38:08,11:39:36,88,TOVA
AA0103,36388,0,0,PS,990913,11:47:57,11:48:10,13,0:00:00,0:00:00,0,AGENT,11:48:09,11:48:51,42,GILI
AA0103,36389,0,0,PS,990913,11:55:25,11:55:36,11,0:00:00,0:00:00,0,AGENT,11:55:35,12:01:04,329,KAZAV
AA0103,36390,0,0,PS,990913,12:03:42,12:03:53,11,0:00:00,0:00:00,0,AGENT,12:03:52,12:03:56,4,NO_SERVER
AA0103,36391,0,0,PS,990913,12:13:23,12:13:38,15,0:00:00,0:00:00,0,AGENT,12:13:37,12:15:21,104,GILI
AA0103,36392,0,0,PS,990913,12:25:00,12:25:09,9,0:00:00,0:00:00,0,AGENT,12:25:07,12:27:36,149,ROTH
AA0103,36393,0,0,PS,990913,12:38:51,12:38:59,8,0:00:00,0:00:00,0,AGENT,12:38:58,12:39:10,12,ROTH
AA0103,36394,0,0,PS,990913,12:50:04,12:50:13,9,0:00:00,0:00:00,0,AGENT,12:50:13,12:51:24,71,STEREN
AA0103,36395,27734623,2,PS,990913,13:05:49,13:05:55,6,13:05:55,13:06:23,28,AGENT,13:06:22,13:13:07,405,KAZAV
AA0103,36396,0,0,PS,990913,13:14:07,13:14:16,9,0:00:00,0:00:00,0,AGENT,13:14:15,13:32:55,1120,STEREN
AA0103,36397,0,0,PS,990913,13:24:47,13:24:56,9,0:00:00,0:00:00,0,AGENT,13:24:55,13:25:48,53,SHARON
AA0103,36398,0,0,PS,990913,13:35:57,13:36:06,9,0:00:00,0:00:00,0,AGENT,13:36:06,13:38:15,129,TOVA
AA0103,36399,0,0,NW,990913,13:47:01,13:47:11,10,13:47:11,13:47:50,39,AGENT,13:47:49,13:48:17,28,ROTH
AA0103,36401,0,0,PS,990913,13:54:34,13:54:34,0,0:00:00,0:00:00,0,HANG,0:00:00,0:00:00,0,NO_SERVER
AA0103,36402,56632698,1,PS,990913,14:00:57,14:01:03,6,14:01:03,14:04:39,216,AGENT,14:04:38,14:07:39,181,MORIAH
AA0103,36403,22207476,2,PS,990913,14:08:58,14:09:03,5,14:09:03,14:09:23,20,AGENT,14:09:21,14:09:54,33,BASCH
AA0103,36404,0,0,NW,990913,14:12:57,14:13:07,10,14:13:07,14:18:14,307,HANG,0:00:00,0:00:00,0,NO_SERVER
AA0103,36405,54665682,2,PS,990913,14:22:15,14:22:21,6,14:22:21,14:23:01,40,AGENT,14:23:01,14:23:02,1,MORIAH
AA0103,36406,57756892,1,PS,990913,14:29:02,14:29:08,6,14:29:08,14:31:33,145,AGENT,14:31:32,14:32:56,84,ROTH
AA0103,36407,54145529,2,PS,990913,14:37:49,14:37:55,6,14:37:55,14:40:27,152,AGENT,14:40:26,14:40:44,18,STEREN
AA0103,36408,65032120,2,PS,990913,14:48:12,14:48:17,5,14:48:17,14:48:37,20,AGENT,14:48:36,14:52:31,235,ROTH
AA0103,36409,27329697,1,PS,990913,14:54:44,14:54:49,5,14:54:49,14:56:26,97,HANG,0:00:00,0:00:00,0,NO_SERVER
AA0103,36410,991240,2,PS,990913,15:04:37,15:04:42,5,15:04:42,15:05:07,25,HANG,0:00:00,0:00:00,0,NO_SERVER
AA0103,36411,28125862,2,PS,990913,15:11:55,15:12:01,6,15:12:01,15:16:56,295,PHANTOM,15:16:55,15:16:59,4,NO_SERVER
AA0103,36412,27281617,2,NE,990913,15:24:49,15:24:54,5,15:24:54,15:29:15,261,AGENT,15:26:18,15:33:41,443,ANAT
AA0103,36413,55279970,2,NE,990913,15:34:59,15:35:04,5,15:35:04,15:35:40,36,AGENT,15:35:39,15:43:56,497,ELI
AA0103,36414,27123421,1,PS,990913,15:45:02,15:45:07,5,15:45:07,15:46:44,97,HANG,0:00:00,0:00:00,0,NO_SERVER
AA0103,36415,54539366,1,PS,990913,15:57:47,15:57:52,5,15:57:52,15:58:08,16,AGENT,15:58:07,15:59:36,89,AVNI
AA0103,36416,0,0,NW,990913,16:07:58,16:08:07,9,16:08:07,16:08:31,24,HANG,0:00:00,0:00:00,0,NO_SERVER
AA0103,36417,0,0,PS,990913,16:21:48,16:22:02,14,0:00:00,0:00:00,0,AGENT,16:22:01,16:22:59,58,ANAT
AA0103,36418,0,0,PS,990913,16:34:25,16:34:33,8,0:00:00,0:00:00,0,AGENT,16:34:32,16:38:54,262,MORIAH
AA0103,36419,13742374,2,PS,990913,16:44:01,16:44:06,5,16:44:06,16:44:47,41,HANG,0:00:00,0:00:00,0,NO_SERVER
AA0103,36420,32354755,1,PS,990913,16:51:43,16:51:48,5,16:51:48,16:53:11,83,AGENT,16:53:10,16:58:21,311,BASCH
AA0103,36421,0,0,PS,990913,17:00:00,17:00:12,12,0:00:00,0:00:00,0,AGENT,17:00:11,17:04:02,231,AVI
AA0103,36422,0,0,PS,990913,17:14:49,17:14:58,9,0:00:00,0:00:00,0,AGENT,17:14:58,17:16:04,66,AVI
AA0103,36423,0,0,PS,990913,17:30:25,17:30:34,9,0:00:00,0:00:00,0,AGENT,17:30:33,17:33:00,147,MORIAH
AA0103,36424,9643602,2,PS,990913,17:48:29,17:48:35,6,17:48:35,17:50:40,125,AGENT,17:50:40,17:58:41,481,BASCH
AA0103,36425,0,0,PS,990913,18:05:30,18:05:39,9,0:00:00,0:00:00,0,AGENT,18:05:39,18:07:09,90,AVI
AA0103,36426,0,0,NW,990913,18:17:29,18:17:38,9,18:17:38,18:18:53,75,HANG,0:00:00,0:00:00,0,NO_SERVER
AA0103,36427,0,0,PS,990913,18:36:03,18:36:11,8,0:00:00,0:00:00,0,AGENT,18:36:11,18:41:21,310,AVNI
AA0103,36428,22712640,1,PS,990913,18:51:08,18:51:14,6,18:51:14,18:53:42,148,AGENT,18:53:41,18:57:24,223,MEIR
AA0103,36429,57240095,1,PS,990913,19:03:10,19:03:16,6,19:03:16,19:04:24,68,AGENT,19:04:23,19:05:42,79,AVI
AA0103,36430,12096475,1,PS,990913,19:13:59,19:14:04,5,19:14:04,19:15:51,107,AGENT,19:15:50,19:16:57,67,BASCH
AA0103,36431,0,0,PS,990913,19:29:19,19:29:28,9,0:00:00,0:00:00,0,AGENT,19:29:27,19:33:56,269,BASCH
AA0103,36432,29481769,1,PS,990913,19:40:40,19:40:46,6,19:40:46,19:42:05,79,AGENT,19:42:04,19:47:33,329,MORIAH
AA0103,36433,0,0,PS,990913,20:03:53,20:04:02,9,0:00:00,0:00:00,0,AGENT,20:04:02,20:09:46,344,MEIR
AA0103,36434,56817471,1,PS,990913,20:17:40,20:17:45,5,20:17:45,20:18:03,18,AGENT,20:18:01,20:18:59,58,ANAT
AA0103,36435,0,0,NE,990913,20:31:06,20:31:14,8,0:00:00,0:00:00,0,AGENT,20:31:13,20:32:52,99,AVNI
AA0103,36436,0,0,NW,990913,20:49:44,20:49:54,10,20:49:54,20:50:46,52,AGENT,20:50:45,20:50:45,0,AVI
AA0103,36437,0,0,PS,990913,21:07:25,21:07:33,8,0:00:00,0:00:00,0,AGENT,21:07:32,21:10:39,187,AVNI
AA0103,36438,0,0,NW,990913,21:28:40,21:28:53,13,0:00:00,0:00:00,0,AGENT,21:28:52,21:29:32,40,AVI
AA0103,36439,10634848,1,NE,990913,21:41:13,21:41:19,6,21:41:19,21:43:01,102,AGENT,21:43:00,21:44:27,87,AVNI
AA0103,36440,31700206,1,PS,990913,22:04:58,22:05:03,5,22:05:03,22:08:00,177,AGENT,22:07:58,22:09:47,109,GELBER
AA0103,36441,54128681,2,PS,990913,22:20:57,22:21:02,5,22:21:02,22:21:42,40,AGENT,22:21:42,22:24:45,183,AVNI
AA0103,36442,3852118,1,PS,990913,22:36:37,22:36:43,6,22:36:43,22:38:11,88,AGENT,22:38:10,22:41:10,180,AVI
AA0103,36443,0,0,PS,990913,23:16:34,23:16:45,11,0:00:00,0:00:00,0,AGENT,23:16:44,23:17:17,33,AVI
AA0103,36444,0,0,PS,990913,23:44:08,23:44:17,9,0:00:00,0:00:00,0,AGENT,23:44:16,23:46:08,112,AVI
AA0103,36445,0,0,NW,990914,2:02:36,2:02:57,21,0:00:00,0:00:00,0,HANG,0:00:00,0:00:00,0,NO_SERVER
AA0103,36446,0,0,PS,990914,7:16:45,7:16:55,10,0:00:00,0:00:00,0,AGENT,7:16:55,7:16:57,2,TOVA
AA0103,36447,0,0,PS,990914,7:34:40,7:34:50,10,0:00:00,0:00:00,0,AGENT,7:34:49,7:35:27,38,ANAT
AA0103,36448,310316997,2,PS,990914,7:53:51,7:53:57,6,7:53:57,7:55:01,64,AGENT,7:55:00,7:56:55,115,TOVA
AA0103,36449,0,0,NW,990914,8:17:41,8:17:54,13,0:00:00,0:00:00,0,AGENT,8:17:53,8:19:23,90,BASCH
AA0103,36450,69952356,2,PS,990914,8:26:19,8:26:24,5,8:26:24,8:27:27,63,AGENT,8:27:27,8:32:18,291,MORIAH
AA0103,36451,53916318,2,PS,990914,8:33:53,8:33:58,5,8:33:58,8:34:23,25,AGENT,8:34:22,8:35:05,43,ANAT
AA0103,36452,0,0,PS,990914,8:43:19,8:43:29,10,0:00:00,0:00:00,0,AGENT,8:43:28,8:44:55,87,ANAT
AA0103,36453,0,0,NW,990914,8:53:03,8:53:13,10,8:53:13,8:59:49,396,AGENT,8:59:48,9:04:06,258,AVNI
AA0103,36454,0,0,PS,990914,9:08:55,9:09:04,9,0:00:00,0:00:00,0,AGENT,9:09:04,9:09:56,52,BASCH
AA0103,36455,0,0,PS,990914,9:18:58,9:19:13,15,0:00:00,0:00:00,0,AGENT,9:19:09,9:19:53,44,MORIAH
AA0103,36456,0,0,PS,990914,9:25:49,9:25:59,10,0:00:00,0:00:00,0,AGENT,9:25:58,9:29:42,224,KAZAV
AA0103,36457,0,0,PS,990914,9:37:15,9:37:24,9,0:00:00,0:00:00,0,AGENT,9:37:23,9:38:40,77,GOLDIE
AA0103,36458,59153189,1,PS,990914,9:44:48,9:44:53,5,9:44:53,9:45:06,13,HANG,0:00:00,0:00:00,0,NO_SERVER
AA0103,36459,0,0,PS,990914,9:56:08,9:56:19,11,0:00:00,0:00:00,0,AGENT,9:56:18,9:57:43,85,ANAT
AA0103,36460,0,0,PS,990914,10:06:40,10:06:50,10,0:00:00,0:00:00,0,AGENT,10:06:49,10:20:21,812,GOLDIE
AA0103,36461,57831356,2,NE,990914,10:14:31,10:14:37,6,10:14:37,10:15:15,38,AGENT,10:15:15,10:19:14,239,MORIAH
AA0103,36462,57379505,2,PS,990914,10:22:03,10:22:09,6,10:22:09,10:23:21,72,AGENT,10:23:21,10:23:28,7,MORIAH
AA0103,36463,57460131,2,PS,990914,10:29:09,10:29:15,6,10:29:15,10:29:18,3,AGENT,10:29:18,10:32:24,186,KAZAV
AA0103,36464,27930676,1,PS,990914,10:35:11,10:35:17,6,10:35:17,10:36:03,46,AGENT,10:36:02,10:38:19,137,TOVA
AA0103,36465,1574243,2,NE,990914,10:40:40,10:40:46,6,10:40:46,10:40:57,11,HANG,0:00:00,0:00:00,0,NO_SERVER
AA0103,36466,0,0,PS,990914,10:45:46,10:45:55,9,0:00:00,0:00:00,0,AGENT,10:45:54,10:47:32,98,ANAT
AA0103,36467,54497045,2,NE,990914,10:57:15,10:57:21,6,10:57:21,10:57:53,32,AGENT,10:57:52,10:59:20,88,ANAT
AA0103,36468,22263115,2,PS,990914,11:05:22,11:05:28,6,11:05:28,11:05:50,22,AGENT,11:05:49,11:09:14,205,DARMON
AA0103,36469,58029430,1,PS,990914,11:13:33,11:13:38,5,11:13:38,11:14:08,30,AGENT,11:14:07,11:14:54,47,BASCH
AA0103,36470,0,0,PS,990914,11:25:09,11:25:18,9,0:00:00,0:00:00,0,AGENT,11:25:17,11:29:43,266,GOLDIE
AA0103,36471,0,0,PS,990914,11:36:52,11:37:04,12,0:00:00,0:00:00,0,AGENT,11:37:03,11:41:47,284,ANAT
AA0103,36472,52867744,2,PS,990914,11:46:08,11:46:14,6,11:46:14,11:51:16,302,AGENT,11:51:15,11:51:16,1,ANAT
AA0103,36473,50347749,1,NE,990914,11:55:18,11:55:23,5,11:55:23,11:57:18,115,AGENT,11:57:17,12:05:50,513,DARMON
AA0103,36474,0,0,PS,990914,12:06:39,12:06:48,9,0:00:00,0:00:00,0,AGENT,12:06:47,12:07:42,55,AVNI
AA0103,36475,0,0,NW,990914,12:15:22,12:15:31,9,12:15:31,12:17:16,105,HANG,0:00:00,0:00:00,0,NO_SERVER
AA0103,36476,0,0,PS,990914,12:27:54,12:28:03,9,0:00:00,0:00:00,0,AGENT,12:28:02,12:29:06,64,BASCH
AA0103,36477,0,0,NE,990914,12:36:30,12:36:43,13,0:00:00,0:00:00,0,AGENT,12:36:41,12:37:37,56,ELI
AA0103,36478,0,0,PS,990914,12:45:19,12:45:29,10,0:00:00,0:00:00,0,AGENT,12:45:28,12:58:03,755,GOLDIE
AA0103,36479,0,0,PS,990914,13:02:20,13:02:28,8,0:00:00,0:00:00,0,AGENT,13:02:28,13:04:12,104,MORIAH
AA0103,36480,0,0,NE,990914,13:11:02,13:11:16,14,0:00:00,0:00:00,0,AGENT,13:11:15,13:30:41,1166,ELI
AA0103,36481,0,0,PS,990914,13:27:13,13:27:24,11,0:00:00,0:00:00,0,AGENT,13:27:23,13:28:58,95,ANAT
AA0103,36482,54128681,2,PS,990914,13:37:55,13:38:00,5,13:38:00,13:38:35,35,AGENT,13:38:34,13:38:36,2,TOVA
AA0103,36483,54535612,1,PS,990914,13:47:42,13:47:48,6,13:47:48,13:48:35,47,AGENT,13:48:34,13:51:20,166,YIFAT
AA0103,36484,59179119,2,PS,990914,13:55:32,13:54:43,-49,13:54:43,13:57:05,142,PHANTOM,13:57:04,13:57:53,49,NO_SERVER
AA0103,36485,0,0,NE,990914,14:05:33,14:05:46,13,0:00:00,0:00:00,0,AGENT,14:05:45,14:11:16,331,ELI
AA0103,36486,33506544,1,PS,990914,14:12:21,14:12:27,6,14:12:27,14:12:47,20,HANG,0:00:00,0:00:00,0,NO_SERVER
AA0103,36487,10858884,2,NE,990914,14:20:29,14:20:34,5,14:20:34,14:20:52,18,AGENT,14:20:51,14:21:31,40,ROTH
AA0103,36488,0,0,NE,990914,14:28:28,14:28:37,9,0:00:00,0:00:00,0,AGENT,14:28:36,14:33:32,296,KAZAV
AA0103,36490,0,0,PS,990914,14:39:41,14:39:41,0,0:00:00,0:00:00,0,HANG,0:00:00,0:00:00,0,NO_SERVER
AA0103,36491,22263115,2,PS,990914,14:44:31,14:44:36,5,14:44:36,14:44:46,10,HANG,0:00:00,0:00:00,0,NO_SERVER
AA0103,36492,0,0,NW,990914,14:52:36,14:52:48,12,0:00:00,0:00:00,0,AGENT,14:52:48,14:53:10,22,AVNI
AA0103,36493,52120771,1,NE,990914,15:04:37,15:04:43,6,15:04:43,15:06:48,125,HANG,0:00:00,0:00:00,0,NO_SERVER
AA0103,36494,1574243,2,NE,990914,15:12:20,15:12:25,5,15:12:25,15:12:38,13,HANG,0:00:00,0:00:00,0,NO_SERVER
AA0103,36495,59197178,2,PS,990914,15:21:49,15:21:55,6,15:21:55,15:22:20,25,AGENT,15:22:19,15:26:12,233,ROTH
AA0103,36497,0,0,PS,990914,15:35:11,15:35:11,0,0:00:00,0:00:00,0,HANG,0:00:00,0:00:00,0,NO_SERVER
AA0103,36498,0,0,PS,990914,15:43:54,15:44:05,11,0:00:00,0:00:00,0,AGENT,15:44:04,15:45:42,98,AVNI
AA0103,36499,0,0,NE,990914,15:56:12,15:56:21,9,0:00:00,0:00:00,0,AGENT,15:56:21,15:59:38,197,STEREN
AA0103,36500,0,0,NW,990914,16:05:24,16:05:33,9,16:05:33,16:06:21,48,AGENT,16:06:21,16:09:18,177,BENSION
AA0103,36501,30712699,2,NE,990914,16:14:13,16:14:19,6,16:14:19,16:15:15,56,AGENT,16:15:14,16:18:32,198,AVNI
AA0103,36502,9682923,2,PS,990914,16:28:42,16:28:48,6,16:28:48,16:28:57,9,AGENT,16:28:55,16:39:58,663,SHARON
AA0103,36503,0,0,NW,990914,16:39:02,16:39:11,9,16:39:11,16:40:20,69,HANG,0:00:00,0:00:00,0,NO_SERVER
AA0103,36504,0,0,NW,990914,16:52:23,16:52:32,9,16:52:32,16:52:34,2,HANG,0:00:00,0:00:00,0,NO_SERVER
AA0103,36505,0,0,PS,990914,17:01:47,17:01:55,8,0:00:00,0:00:00,0,AGENT,17:01:55,17:03:35,100,ZOHARI
AA0103,36506,10822401,2,PS,990914,17:14:13,17:14:18,5,17:14:18,17:14:34,16,AGENT,17:14:33,17:16:07,94,YITZ
AA0103,36507,0,0,PS,990914,17:31:23,17:31:41,18,0:00:00,0:00:00,0,AGENT,17:31:40,17:32:28,48,BENSION
AA0103,36508,0,0,PS,990914,17:41:57,17:42:10,13,0:00:00,0:00:00,0,AGENT,17:42:09,17:43:11,62,SHARON
AA0103,36509,0,0,NW,990914,18:00:36,18:00:53,17,0:00:00,0:00:00,0,AGENT,18:00:52,18:03:23,151,YITZ
AA0103,36510,0,0,PS,990914,18:16:35,18:16:45,10,0:00:00,0:00:00,0,AGENT,18:16:44,18:16:45,1,BENSION
AA0103,36511,0,0,PS,990914,18:34:35,18:34:43,8,0:00:00,0:00:00,0,AGENT,18:34:42,18:36:24,102,ROTH
AA0103,36512,0,0,NW,990914,18:46:33,18:46:47,14,0:00:00,0:00:00,0,AGENT,18:46:46,18:53:13,387,YITZ
AA0103,36513,0,0,PS,990914,19:06:43,19:06:54,11,0:00:00,0:00:00,0,AGENT,19:06:52,19:10:42,230,STEREN
AA0103,36514,50347749,1,NE,990914,19:24:30,19:24:35,5,19:24:35,19:25:57,82,AGENT,19:25:56,19:30:45,289,ROTH
AA0103,36515,68001924,2,NE,990914,19:40:48,19:40:53,5,19:40:53,19:41:07,14,AGENT,19:41:06,19:41:31,25,SHARON
AA0103,36516,0,0,PS,990914,20:00:51,20:00:59,8,0:00:00,0:00:00,0,AGENT,20:00:59,20:03:58,179,YITZ
AA0103,36517,0,0,PS,990914,20:19:42,20:19:52,10,0:00:00,0:00:00,0,AGENT,20:19:50,20:21:13,83,STEREN
AA0103,36518,0,0,NE,990914,20:44:57,20:45:05,8,0:00:00,0:00:00,0,AGENT,20:45:04,20:46:59,115,STEREN
AA0103,36519,0,0,NE,990914,21:07:20,21:07:31,11,0:00:00,0:00:00,0,AGENT,21:07:30,21:07:58,28,ZOHARI
AA0103,36520,0,0,PS,990914,21:31:27,21:31:37,10,0:00:00,0:00:00,0,AGENT,21:31:36,21:34:28,172,ZOHARI
AA0103,36521,0,0,PS,990914,21:46:59,21:47:12,13,0:00:00,0:00:00,0,AGENT,21:47:12,21:49:08,116,BENSION
AA0103,36522,67158097,2,PS,990914,22:03:08,22:03:14,6,22:03:14,22:04:06,52,AGENT,22:04:05,22:05:02,57,SHARON
AA0103,36523,0,0,PS,990914,22:30:25,22:30:35,10,0:00:00,0:00:00,0,AGENT,22:30:34,22:31:29,55,ZOHARI
AA0103,36524,13000567,2,PS,990914,23:07:25,23:07:38,13,23:07:38,23:08:11,33,AGENT,23:07:38,23:09:26,108,STEREN
AA0103,36525,0,0,PS,990914,23:36:02,23:36:15,13,0:00:00,0:00:00,0,AGENT,23:36:14,23:37:25,71,SHARON
AA0103,36526,0,0,PS,990915,0:50:56,0:51:14,18,0:00:00,0:00:00,0,HANG,0:00:00,0:00:00,0,NO_SERVER
AA0103,36527,0,0,PS,990915,7:42:06,7:42:18,12,0:00:00,0:00:00,0,AGENT,7:42:17,7:43:53,96,DORIT
AA0103,36528,0,0,PS,990915,8:02:37,8:02:46,9,0:00:00,0:00:00,0,AGENT,8:02:45,8:03:51,66,ZOHARI
AA0103,36529,0,0,PS,990915,8:19:12,8:19:22,10,0:00:00,0:00:00,0,AGENT,8:19:21,8:20:09,48,VICKY
AA0103,36530,0,0,NW,990915,8:33:42,8:33:51,9,8:33:51,8:34:49,58,AGENT,8:34:48,8:35:21,33,SHARON
AA0103,36531,27942010,2,PS,990915,8:45:45,8:45:50,5,8:45:50,8:46:24,34,AGENT,8:46:23,8:47:46,83,KAZAV
AA0103,36532,0,0,PS,990915,8:56:56,8:57:07,11,0:00:00,0:00:00,0,AGENT,8:57:06,8:58:16,70,KAZAV
AA0103,36533,58706086,2,PS,990915,9:07:24,9:07:30,6,9:07:30,9:08:26,56,AGENT,9:08:25,9:11:38,193,KAZAV
AA0103,36534,23583586,2,PS,990915,9:13:10,9:13:16,6,9:13:16,9:13:23,7,AGENT,9:13:22,9:13:22,0,YIFAT
AA0103,36535,0,0,PS,990915,9:25:53,9:26:03,10,0:00:00,0:00:00,0,AGENT,9:26:02,9:30:57,295,AVNI
AA0103,36536,0,0,PS,990915,9:39:16,9:39:28,12,0:00:00,0:00:00,0,AGENT,9:39:30,9:39:35,5,NO_SERVER
AA0103,36537,0,0,PS,990915,9:48:43,9:48:56,13,0:00:00,0:00:00,0,AGENT,9:48:55,9:50:30,95,ZOHARI
AA0103,36538,0,0,NW,990915,9:58:08,9:58:20,12,0:00:00,0:00:00,0,AGENT,9:58:19,9:58:57,38,ROTH
AA0103,36539,0,0,PS,990915,10:08:55,10:09:04,9,0:00:00,0:00:00,0,AGENT,10:09:03,10:10:53,110,VICKY
AA0103,36540,22874192,2,PS,990915,10:16:05,10:16:11,6,10:16:11,10:17:08,57,AGENT,10:17:07,10:20:33,206,GOLDIE
AA0103,36541,33474602,2,PS,990915,10:24:44,10:24:50,6,10:24:50,10:25:15,25,AGENT,10:25:14,10:26:00,46,ROTH
AA0103,36542,0,0,PS,990915,10:32:17,10:32:28,11,0:00:00,0:00:00,0,AGENT,10:32:26,10:35:15,169,KAZAV
AA0103,36543,3449238,2,PS,990915,10:40:58,10:41:03,5,10:41:03,10:41:31,28,AGENT,10:41:30,10:42:40,70,VICKY
AA0103,36544,0,0,PS,990915,10:51:36,10:51:45,9,0:00:00,0:00:00,0,AGENT,10:51:44,10:53:46,122,GOLDIE
AA0103,36545,0,0,PS,990915,10:59:01,10:59:11,10,0:00:00,0:00:00,0,AGENT,10:59:11,10:59:25,14,NO_SERVER
AA0103,36546,0,0,NE,990915,11:08:45,11:09:01,16,0:00:00,0:00:00,0,AGENT,11:09:00,11:12:01,181,ZOHARI
AA0103,36547,0,0,NE,990915,11:18:17,11:18:26,9,0:00:00,0:00:00,0,AGENT,11:18:25,11:23:49,324,KAZAV
AA0103,36548,12482634,2,NE,990915,11:28:58,11:29:03,5,11:29:03,11:29:17,14,AGENT,11:29:16,11:35:26,370,ROTH
AA0103,36549,51929339,2,NE,990915,11:36:08,11:36:13,5,11:36:13,11:36:26,13,AGENT,11:36:25,11:39:19,174,STEREN
AA0103,36550,0,0,PS,990915,11:55:00,11:55:10,10,0:00:00,0:00:00,0,AGENT,11:55:09,11:57:07,118,ROTH
AA0103,36551,0,0,PS,990915,12:04:44,12:04:52,8,0:00:00,0:00:00,0,AGENT,12:04:51,12:06:53,122,STEREN
AA0103,36552,0,0,PS,990915,12:17:25,12:17:33,8,0:00:00,0:00:00,0,AGENT,12:17:33,12:19:21,108,GOLDIE
AA0103,36553,0,0,PS,990915,12:27:51,12:27:58,7,0:00:00,0:00:00,0,AGENT,12:27:57,12:30:50,173,STEREN
AA0103,36554,0,0,NW,990915,12:44:15,12:44:29,14,0:00:00,0:00:00,0,AGENT,12:44:27,12:45:11,44,AVNI
AA0103,36555,0,0,PS,990915,12:55:49,12:55:57,8,0:00:00,0:00:00,0,AGENT,12:55:56,12:56:23,27,STEREN
AA0103,36556,0,0,NW,990915,13:07:59,13:08:08,9,13:08:08,13:09:11,63,AGENT,13:09:11,13:09:53,42,VICKY
AA0103,36557,0,0,NW,990915,13:20:09,13:20:18,9,13:20:18,13:24:31,253,AGENT,13:24:30,13:25:51,81,GOLDIE
AA0103,36558,0,0,PS,990915,13:41:08,13:41:16,8,0:00:00,0:00:00,0,AGENT,13:41:15,13:43:10,115,ROTH
AA0103,36559,0,0,NW,990915,13:52:51,13:53:01,10,13:53:01,13:54:27,86,AGENT,13:54:26,13:55:54,88,BASCH
AA0103,36560,0,0,PS,990915,14:03:35,14:03:53,18,0:00:00,0:00:00,0,AGENT,14:03:52,14:04:25,33,GOLDIE
AA0103,36561,0,0,PS,990915,14:16:24,14:16:33,9,0:00:00,0:00:00,0,AGENT,14:16:32,14:16:36,4,MORIAH
AA0103,36562,0,0,PS,990915,14:27:14,14:27:23,9,0:00:00,0:00:00,0,AGENT,14:27:22,14:33:41,379,AVNI
AA0103,36563,0,0,NE,990915,14:38:56,14:39:05,9,0:00:00,0:00:00,0,AGENT,14:39:04,14:45:10,366,BASCH
AA0103,36564,55392393,2,PS,990915,14:45:26,14:45:32,6,14:45:32,14:45:36,4,AGENT,14:45:36,14:45:46,10,MORIAH
AA0103,36565,0,0,PS,990915,14:54:34,14:54:49,15,0:00:00,0:00:00,0,AGENT,14:54:47,15:03:53,546,MORIAH
AA0103,36566,17338906,2,PS,990915,15:07:42,15:07:47,5,15:07:47,15:08:02,15,AGENT,15:08:01,15:13:35,334,AVNI
AA0103,36567,55984496,1,PS,990915,15:12:57,15:13:03,6,15:13:03,15:13:26,23,HANG,0:00:00,0:00:00,0,NO_SERVER
AA0103,36568,53973707,2,PS,990915,15:18:25,15:18:31,6,15:18:31,15:18:50,19,HANG,0:00:00,0:00:00,0,NO_SERVER
AA0103,36569,0,0,PS,990915,15:29:08,15:29:20,12,0:00:00,0:00:00,0,AGENT,15:29:18,15:34:20,302,GOLDIE
AA0103,36570,54497045,2,PS,990915,15:33:41,15:33:47,6,15:33:47,15:34:38,51,AGENT,15:34:37,15:35:42,65,SHARON
AA0103,36571,22372932,2,PS,990915,15:40:50,15:40:55,5,15:40:55,15:41:05,10,AGENT,15:41:05,15:41:56,51,ROTH
AA0103,36572,0,0,NE,990915,15:48:39,15:48:48,9,0:00:00,0:00:00,0,AGENT,15:48:47,15:48:50,3,MORIAH
AA0103,36573,78191137,2,PS,990915,16:00:24,16:00:30,6,16:00:30,16:00:47,17,AGENT,16:00:46,16:01:52,66,AVI
AA0103,36574,0,0,PS,990915,16:10:35,16:10:44,9,0:00:00,0:00:00,0,AGENT,16:10:44,16:13:51,187,STEREN
AA0103,36575,0,0,PS,990915,16:26:18,16:26:33,15,0:00:00,0:00:00,0,AGENT,16:26:33,16:28:41,128,AVI
AA0103,36576,0,0,PS,990915,16:39:24,16:39:49,25,0:00:00,0:00:00,0,AGENT,16:39:48,16:42:47,179,MORIAH
AA0103,36577,0,0,PS,990915,16:50:04,16:50:15,11,0:00:00,0:00:00,0,AGENT,16:50:14,17:01:03,649,BASCH
AA0103,36578,0,0,PS,990915,17:07:18,17:07:29,11,0:00:00,0:00:00,0,AGENT,17:07:28,17:16:07,519,TOVA
AA0103,36579,0,0,PS,990915,17:20:54,17:21:05,11,0:00:00,0:00:00,0,AGENT,17:21:05,17:23:34,149,AVI
AA0103,36580,50316827,1,PS,990915,17:35:18,17:35:23,5,17:35:23,17:36:21,58,AGENT,17:36:20,17:36:22,2,TOVA
AA0103,36581,0,0,PS,990915,18:00:48,18:01:07,19,0:00:00,0:00:00,0,AGENT,18:01:06,18:02:00,54,ANAT
AA0103,36582,0,0,PS,990915,18:21:27,18:21:38,11,0:00:00,0:00:00,0,AGENT,18:21:37,18:23:05,88,ANAT
AA0103,36583,0,0,PS,990915,18:36:41,18:36:56,15,0:00:00,0:00:00,0,AGENT,18:36:56,18:38:06,70,ANAT
AA0103,36584,0,0,PS,990915,18:51:07,18:51:20,13,0:00:00,0:00:00,0,AGENT,18:51:20,18:52:11,51,ANAT
AA0103,36585,0,0,PS,990915,19:07:35,19:07:49,14,0:00:00,0:00:00,0,AGENT,19:07:49,19:12:41,292,ANAT
AA0103,36586,0,0,PS,990915,19:34:21,19:34:31,10,0:00:00,0:00:00,0,AGENT,19:34:29,19:36:34,125,BASCH
AA0103,36587,0,0,PS,990915,19:52:03,19:52:32,29,0:00:00,0:00:00,0,AGENT,19:52:32,19:54:51,139,BASCH
AA0103,36588,0,0,PS,990915,20:17:55,20:18:05,10,0:00:00,0:00:00,0,AGENT,20:18:04,20:20:20,136,MORIAH
AA0103,36589,0,0,PS,990915,20:37:49,20:37:58,9,0:00:00,0:00:00,0,AGENT,20:37:57,20:42:30,273,MORIAH
AA0103,36590,0,0,PS,990915,20:53:26,20:53:40,14,0:00:00,0:00:00,0,AGENT,20:53:39,20:54:47,68,BENSION
AA0103,36591,0,0,PS,990915,21:12:09,21:12:27,18,0:00:00,0:00:00,0,AGENT,21:12:26,21:13:48,82,BENSION
AA0103,36592,7191646,2,NE,990915,21:30:18,21:30:23,5,21:30:23,21:32:43,140,AGENT,21:32:42,21:35:28,166,AVI
AA0103,36593,0,0,NW,990915,21:52:17,21:52:30,13,0:00:00,0:00:00,0,AGENT,21:52:29,21:52:29,0,AVI
AA0103,36594,0,0,PS,990915,22:07:41,22:07:50,9,0:00:00,0:00:00,0,AGENT,22:07:49,22:08:26,37,AVI
AA0103,36595,0,0,NE,990915,22:27:04,22:27:16,12,0:00:00,0:00:00,0,AGENT,22:27:15,22:28:36,81,BENSION
AA0103,36596,0,0,PS,990915,22:57:37,22:57:45,8,0:00:00,0:00:00,0,AGENT,22:57:45,22:59:00,75,AVI
AA0103,36597,0,0,PS,990915,23:44:21,23:44:31,10,0:00:00,0:00:00,0,AGENT,23:44:30,23:46:16,106,AVI
AA0103,36598,0,0,PS,990916,0:57:07,0:57:29,22,0:00:00,0:00:00,0,HANG,0:00:00,0:00:00,0,NO_SERVER
AA0103,36599,0,0,NW,990916,6:59:16,6:59:31,15,0:00:00,0:00:00,0,AGENT,6:59:31,7:03:24,233,MORIAH
AA0103,36600,0,0,PS,990916,7:59:30,7:59:41,11,0:00:00,0:00:00,0,AGENT,7:59:40,8:00:54,74,YIFAT
AA0103,36601,34143529,1,PS,990916,8:14:20,8:14:26,6,8:14:26,8:15:01,35,AGENT,8:15:00,8:16:15,75,KAZAV
AA0103,36602,0,0,NE,990916,8:32:03,8:32:12,9,0:00:00,0:00:00,0,AGENT,8:32:11,8:33:23,72,ZOHARI
AA0103,36603,0,0,PS,990916,8:45:25,8:45:35,10,0:00:00,0:00:00,0,AGENT,8:45:34,8:46:55,81,YIFAT
AA0103,36604,0,0,PS,990916,8:53:13,8:53:24,11,0:00:00,0:00:00,0,AGENT,8:53:23,8:55:21,118,TOVA
AA0103,36605,57252942,2,PS,990916,9:05:51,9:05:57,6,9:05:57,9:06:40,43,AGENT,9:06:39,9:14:06,447,DORIT
AA0103,36606,0,0,PS,990916,9:17:16,9:17:26,10,0:00:00,0:00:00,0,AGENT,9:17:25,9:18:51,86,ROTH
AA0103,36607,0,0,PS,990916,9:25:47,9:26:03,16,0:00:00,0:00:00,0,AGENT,9:26:01,9:26:04,3,TOVA
AA0103,36608,0,0,PS,990916,9:46:26,9:46:40,14,0:00:00,0:00:00,0,AGENT,9:46:39,9:47:11,32,TOVA
AA0103,36609,69687275,2,NE,990916,9:54:24,9:54:30,6,9:54:30,9:54:57,27,AGENT,9:54:56,9:57:18,142,KAZAV
AA0103,36610,0,0,PS,990916,10:05:42,10:05:51,9,0:00:00,0:00:00,0,AGENT,10:05:50,10:07:44,114,DORIT
AA0103,36611,27142884,2,PS,990916,10:15:25,10:15:32,7,10:15:32,10:15:43,11,AGENT,10:15:42,10:17:16,94,ROTH
AA0103,36613,0,0,PS,990916,10:23:08,10:23:08,0,0:00:00,0:00:00,0,HANG,0:00:00,0:00:00,0,NO_SERVER
AA0103,36614,74780917,2,NE,990916,10:27:27,10:27:32,5,10:27:32,10:29:02,90,AGENT,10:29:01,10:29:04,3,MORIAH
AA0103,36615,53922209,1,PS,990916,10:36:06,10:36:11,5,10:36:11,10:37:15,64,AGENT,10:37:15,10:37:16,1,TOVA
AA0103,36616,0,0,PS,990916,10:45:16,10:45:25,9,0:00:00,0:00:00,0,AGENT,10:45:24,10:48:41,197,YIFAT
AA0103,36617,50614072,1,PS,990916,10:59:27,10:59:33,6,10:59:33,10:59:37,4,AGENT,10:59:37,11:02:07,150,YIFAT
AA0103,36618,42358408,2,PS,990916,11:11:55,11:12:01,6,11:12:01,11:14:00,119,AGENT,11:13:59,11:15:32,93,ANAT
AA0103,36619,57884199,2,PS,990916,11:23:41,11:23:46,5,11:23:46,11:23:53,7,AGENT,11:23:51,11:23:54,3,MORIAH
AA0103,36620,0,0,PS,990916,11:33:54,11:34:02,8,0:00:00,0:00:00,0,AGENT,11:34:02,11:37:39,217,ROTH
AA0103,36621,0,0,PS,990916,11:51:27,11:51:37,10,0:00:00,0:00:00,0,AGENT,11:51:36,11:56:07,271,ROTH
AA0103,36622,0,0,PS,990916,12:00:08,12:00:18,10,0:00:00,0:00:00,0,AGENT,12:00:16,12:01:24,68,TOVA
AA0103,36623,0,0,PS,990916,12:10:12,12:10:20,8,0:00:00,0:00:00,0,AGENT,12:10:20,12:12:37,137,ROTH
AA0103,36624,71820039,2,PS,990916,12:19:36,12:19:42,6,12:19:42,12:20:50,68,AGENT,12:20:49,12:23:27,158,ROTH
AA0103,36625,0,0,PS,990916,12:35:38,12:35:48,10,0:00:00,0:00:00,0,AGENT,12:35:47,12:39:19,212,GOLDIE
AA0103,36626,0,0,NW,990916,12:52:44,12:52:57,13,0:00:00,0:00:00,0,AGENT,12:52:56,12:53:29,33,GOLDIE
AA0103,36627,0,0,NW,990916,13:01:06,13:01:24,18,13:01:24,13:02:43,79,AGENT,13:02:42,13:06:20,218,MORIAH
AA0103,36628,0,0,NW,990916,13:14:22,13:14:31,9,13:14:31,13:14:49,18,AGENT,13:14:48,13:16:42,114,KAZAV
AA0103,36629,58704610,2,PS,990916,13:24:50,13:24:56,6,13:24:56,13:25:47,51,AGENT,13:25:47,13:25:51,4,MORIAH
AA0103,36630,24327207,2,PS,990916,13:34:01,13:34:07,6,13:34:07,13:36:19,132,AGENT,13:36:18,13:37:16,58,KAZAV
AA0103,36631,0,0,PS,990916,13:46:08,13:46:36,28,0:00:00,0:00:00,0,AGENT,13:46:35,13:52:40,365,ZOHARI
AA0103,36632,59048777,1,PS,990916,13:58:05,13:58:10,5,13:58:10,13:58:19,9,AGENT,13:58:18,13:58:52,34,DORIT
AA0103,36633,68319755,2,PS,990916,14:06:34,14:06:40,6,14:06:40,14:08:10,90,AGENT,14:08:09,14:08:21,12,DORIT
AA0103,36634,24927717,1,PS,990916,14:12:51,14:12:57,6,14:12:57,14:13:05,8,HANG,0:00:00,0:00:00,0,NO_SERVER
AA0103,36635,0,0,NE,990916,14:23:53,14:24:04,11,0:00:00,0:00:00,0,AGENT,14:24:04,14:27:54,230,ELI
AA0103,36636,0,0,PS,990916,14:32:57,14:33:06,9,0:00:00,0:00:00,0,AGENT,14:33:05,14:37:59,294,KAZAV
AA0103,36637,3234416,2,PS,990916,14:44:45,14:44:50,5,14:44:50,14:45:33,43,AGENT,14:45:32,14:46:55,83,GOLDIE
AA0103,36638,0,0,PS,990916,14:51:45,14:51:53,8,0:00:00,0:00:00,0,AGENT,14:51:52,14:52:47,55,DORIT
AA0103,36639,30663462,2,PS,990916,14:57:16,14:57:21,5,14:57:21,14:58:13,52,HANG,0:00:00,0:00:00,0,NO_SERVER
AA0103,36640,258152,2,PS,990916,15:04:59,15:05:06,7,15:05:06,15:12:59,473,AGENT,15:12:57,15:14:39,102,STEREN
AA0103,36641,28711224,1,PS,990916,15:18:06,15:18:12,6,15:18:12,15:18:21,9,HANG,0:00:00,0:00:00,0,NO_SERVER
AA0103,36642,3519519,1,PS,990916,15:26:44,15:26:49,5,15:26:49,15:29:09,140,AGENT,15:29:08,15:32:22,194,GOLDIE
AA0103,36643,24633968,2,PS,990916,15:33:57,15:34:03,6,15:34:03,15:35:04,61,HANG,0:00:00,0:00:00,0,NO_SERVER
AA0103,36644,25124181,2,NE,990916,15:39:28,15:39:33,5,15:39:33,15:43:01,208,AGENT,15:43:00,15:52:40,580,KAZAV
AA0103,36645,64941982,2,PS,990916,15:51:58,15:52:03,5,15:52:03,15:55:12,189,AGENT,15:55:12,15:58:25,193,GOLDIE
AA0103,36646,52031556,2,PS,990916,16:03:29,16:03:34,5,16:03:34,16:04:16,42,AGENT,16:04:15,16:07:17,182,GOLDIE
AA0103,36647,0,0,NE,990916,16:14:24,16:14:32,8,0:00:00,0:00:00,0,AGENT,16:14:31,16:15:12,41,GILI
AA0103,36648,0,0,PS,990916,16:28:34,16:28:46,12,0:00:00,0:00:00,0,AGENT,16:28:45,16:29:29,44,AVI
AA0103,36649,0,0,NW,990916,16:41:11,16:41:20,9,16:41:20,16:42:20,60,HANG,0:00:00,0:00:00,0,NO_SERVER
AA0103,36650,54145529,2,PS,990916,16:50:56,16:51:02,6,16:51:02,16:51:11,9,HANG,0:00:00,0:00:00,0,NO_SERVER
AA0103,36651,0,0,PS,990916,17:06:20,17:06:35,15,0:00:00,0:00:00,0,AGENT,17:06:33,17:08:58,145,GILI
AA0103,36652,0,0,PS,990916,17:21:17,17:21:29,12,0:00:00,0:00:00,0,AGENT,17:21:28,17:23:18,110,GILI
AA0103,36653,10634848,1,NE,990916,17:33:45,17:33:50,5,17:33:50,17:35:53,123,AGENT,17:35:52,17:38:50,178,STEREN
AA0103,36654,0,0,NW,990916,17:57:36,17:57:48,12,0:00:00,0:00:00,0,AGENT,17:57:47,18:01:21,214,AVI
AA0103,36655,0,0,PS,990916,18:21:10,18:21:19,9,0:00:00,0:00:00,0,AGENT,18:21:18,18:24:38,200,STEREN
AA0103,36656,0,0,PS,990916,18:42:54,18:43:04,10,0:00:00,0:00:00,0,AGENT,18:43:02,18:45:22,140,AVI
AA0103,36657,0,0,PS,990916,19:08:49,19:08:58,9,0:00:00,0:00:00,0,AGENT,19:08:57,19:12:16,199,STEREN
AA0103,36658,0,0,PS,990916,19:20:28,19:20:36,8,0:00:00,0:00:00,0,AGENT,19:20:36,19:22:01,85,AVNI
AA0103,36659,0,0,PS,990916,19:43:33,19:43:42,9,0:00:00,0:00:00,0,AGENT,19:43:41,19:45:21,100,GILI
AA0103,36660,0,0,PS,990916,20:14:49,20:15:02,13,0:00:00,0:00:00,0,AGENT,20:15:02,20:15:11,9,AVI
AA0103,36661,0,0,PS,990916,20:51:19,20:51:27,8,0:00:00,0:00:00,0,AGENT,20:51:27,20:58:19,412,VICKY
AA0103,36662,0,0,NE,990916,21:15:19,21:15:29,10,0:00:00,0:00:00,0,AGENT,21:15:28,21:16:08,40,VICKY
AA0103,36663,0,0,PS,990916,21:48:48,21:48:57,9,0:00:00,0:00:00,0,AGENT,21:48:57,21:51:19,142,VICKY
AA0103,36664,302424502,1,PE,990916,22:12:18,22:12:23,5,22:12:23,22:19:13,410,AGENT,22:19:12,22:24:12,300,VICKY
AA0103,36665,0,0,PS,990916,22:45:19,22:45:29,10,0:00:00,0:00:00,0,AGENT,22:45:28,22:52:06,398,AVNI
AA0103,36666,0,0,PS,990916,23:19:42,23:19:57,15,0:00:00,0:00:00,0,AGENT,23:19:56,23:22:51,175,VICKY
AA0103,36668,0,0,PS,990917,0:28:29,0:28:29,0,0:00:00,0:00:00,0,HANG,0:00:00,0:00:00,0,NO_SERVER
AA0103,36669,0,0,PS,990917,7:19:27,7:19:38,11,0:00:00,0:00:00,0,AGENT,7:19:37,7:22:22,165,STEREN
AA0103,36670,0,0,PS,990917,7:55:07,7:55:16,9,0:00:00,0:00:00,0,AGENT,7:55:15,7:56:23,68,STEREN
AA0103,36671,0,0,PS,990917,8:18:58,8:19:10,12,0:00:00,0:00:00,0,AGENT,8:19:10,8:20:17,67,BENSION
AA0103,36672,0,0,NW,990917,8:37:57,8:38:13,16,0:00:00,0:00:00,0,AGENT,8:38:12,8:39:00,48,STEREN
AA0103,36673,54120605,1,PS,990917,8:47:38,8:47:43,5,8:47:43,8:48:38,55,AGENT,8:48:37,8:51:07,150,MORIAH
AA0103,36674,29456217,1,NE,990917,8:58:17,8:58:23,6,8:58:23,9:03:15,292,AGENT,9:03:15,9:04:00,45,MORIAH
AA0103,36675,0,0,NW,990917,9:17:43,9:17:52,9,9:17:52,9:18:19,27,HANG,0:00:00,0:00:00,0,NO_SERVER
AA0103,36676,32334864,2,PS,990917,9:34:02,9:34:07,5,9:34:07,9:34:11,4,AGENT,9:34:09,9:34:11,2,MORIAH
AA0103,36677,0,0,NW,990917,9:43:37,9:43:46,9,9:43:46,9:46:39,173,HANG,0:00:00,0:00:00,0,NO_SERVER
AA0103,36678,24157513,1,PS,990917,9:57:17,9:57:23,6,9:57:23,9:58:41,78,AGENT,9:58:40,10:00:27,107,SHARON
AA0103,36679,0,0,PS,990917,10:11:06,10:11:16,10,0:00:00,0:00:00,0,AGENT,10:11:15,10:14:12,177,STEREN
AA0103,36680,0,0,PS,990917,10:26:44,10:26:59,15,0:00:00,0:00:00,0,AGENT,10:26:58,10:36:01,543,BENSION
AA0103,36681,25085291,1,PS,990917,10:45:21,10:45:27,6,10:45:27,10:45:51,24,AGENT,10:45:50,10:51:49,359,SHARON
AA0103,36682,33780255,1,PS,990917,11:03:01,11:03:07,6,11:03:07,11:05:15,128,AGENT,11:05:14,11:09:33,259,BENSION
AA0103,36683,57965881,1,PS,990917,11:20:47,11:20:53,6,11:20:53,11:23:11,138,AGENT,11:23:10,11:25:50,160,DORIT
AA0103,36684,0,0,PS,990917,11:39:32,11:39:40,8,0:00:00,0:00:00,0,AGENT,11:39:40,11:40:58,78,SHARON
AA0103,36685,0,0,NW,990917,11:59:49,12:00:07,18,0:00:00,0:00:00,0,AGENT,12:00:06,12:00:44,38,BENSION
AA0103,36686,0,0,NW,990917,12:23:57,12:24:07,10,12:24:07,12:24:47,40,AGENT,12:24:46,12:25:52,66,SHARON
AA0103,36687,0,0,PS,990917,12:47:06,12:47:20,14,0:00:00,0:00:00,0,AGENT,12:47:19,12:54:35,436,DORIT
AA0103,36688,0,0,NW,990917,13:17:18,13:17:34,16,0:00:00,0:00:00,0,AGENT,13:17:33,13:18:28,55,SHARON
AA0103,36689,0,0,NW,990917,13:49:51,13:50:01,10,0:00:00,0:00:00,0,AGENT,13:50:11,13:50:16,5,NO_SERVER
AA0103,36690,0,0,PS,990917,14:45:28,14:46:07,39,0:00:00,0:00:00,0,HANG,0:00:00,0:00:00,0,NO_SERVER
AA0103,36691,0,0,PS,990917,15:56:32,15:56:45,13,0:00:00,0:00:00,0,HANG,0:00:00,0:00:00,0,NO_SERVER
AA0103,36692,0,0,PS,990918,11:59:48,12:00:00,12,0:00:00,0:00:00,0,HANG,0:00:00,0:00:00,0,NO_SERVER
AA0103,36693,0,0,PS,990918,19:31:44,19:31:57,13,0:00:00,0:00:00,0,HANG,0:00:00,0:00:00,0,NO_SERVER
AA0103,36694,0,0,NE,990918,20:23:16,20:23:25,9,0:00:00,0:00:00,0,AGENT,20:23:24,20:24:09,45,ROTH
AA0103,36695,0,0,PS,990918,20:47:05,20:47:17,12,0:00:00,0:00:00,0,AGENT,20:47:17,20:59:12,715,DARMON
AA0103,36696,0,0,PS,990918,21:22:04,21:22:14,10,0:00:00,0:00:00,0,AGENT,21:22:14,21:23:31,77,DORIT
AA0103,36697,0,0,PS,990918,22:07:02,22:07:12,10,0:00:00,0:00:00,0,AGENT,22:07:11,22:08:47,96,ROTH
AA0103,36698,0,0,PS,990918,22:45:56,22:46:16,20,0:00:00,0:00:00,0,AGENT,22:46:15,22:46:34,19,SHARON
AA0103,36699,0,0,PS,990919,0:08:53,0:09:11,18,0:00:00,0:00:00,0,HANG,0:00:00,0:00:00,0,NO_SERVER
AA0103,36700,0,0,PS,990919,7:17:37,7:18:02,25,0:00:00,0:00:00,0,AGENT,7:18:01,7:19:10,69,ROTH
AA0103,36701,0,0,PS,990919,7:49:10,7:49:24,14,0:00:00,0:00:00,0,AGENT,7:49:23,7:51:34,131,TOVA
AA0103,36702,0,0,PS,990919,8:09:26,8:09:35,9,0:00:00,0:00:00,0,AGENT,8:09:34,8:13:44,250,ROTH
AA0103,36703,0,0,PS,990919,8:26:45,8:26:57,12,0:00:00,0:00:00,0,AGENT,8:26:56,8:27:59,63,GILI
AA0103,36704,22150676,1,PS,990919,8:39:31,8:39:37,6,8:39:37,8:39:38,1,HANG,0:00:00,0:00:00,0,NO_SERVER
AA0103,36705,0,0,PS,990919,8:50:20,8:50:29,9,0:00:00,0:00:00,0,AGENT,8:50:27,8:51:30,63,MORIAH
AA0103,36706,0,0,PS,990919,8:56:52,8:57:03,11,0:00:00,0:00:00,0,AGENT,8:57:02,8:58:22,80,GILI
AA0103,36707,0,0,PS,990919,9:13:42,9:13:52,10,0:00:00,0:00:00,0,AGENT,9:13:51,9:16:12,141,MORIAH
AA0103,36708,0,0,PS,990919,9:34:25,9:34:35,10,0:00:00,0:00:00,0,AGENT,9:34:33,9:35:22,49,ROTH
AA0103,36709,38249587,1,PS,990919,9:46:49,9:46:55,6,9:46:55,9:47:02,7,AGENT,9:47:01,9:48:45,104,ANAT
AA0103,36710,0,0,NW,990919,10:08:50,10:09:04,14,0:00:00,0:00:00,0,AGENT,10:09:04,10:12:22,198,AVNI
AA0103,36711,0,0,PS,990919,10:41:42,10:41:50,8,0:00:00,0:00:00,0,AGENT,10:41:49,10:44:28,159,MORIAH
AA0103,36712,0,0,NW,990919,11:05:59,11:06:13,14,0:00:00,0:00:00,0,AGENT,11:06:12,11:08:08,116,AVNI
AA0103,36713,0,0,NW,990919,12:50:46,12:51:02,16,0:00:00,0:00:00,0,HANG,0:00:00,0:00:00,0,NO_SERVER
AA0103,36714,0,0,NW,990920,19:49:33,19:50:54,81,0:00:00,0:00:00,0,HANG,0:00:00,0:00:00,0,NO_SERVER
AA0103,36715,0,0,PS,990920,21:04:48,21:05:01,13,0:00:00,0:00:00,0,AGENT,21:05:00,21:07:49,169,ZOHARI
AA0103,36716,6459051,2,PS,990920,21:32:26,21:32:31,5,21:32:31,21:32:51,20,AGENT,21:32:50,21:34:35,105,SHARON
AA0103,36717,0,0,PS,990920,22:05:45,22:05:56,11,0:00:00,0:00:00,0,AGENT,22:05:55,22:09:36,221,DORIT
AA0103,36718,0,0,NW,990920,22:35:57,22:36:06,9,22:36:06,22:36:28,22,AGENT,22:36:27,22:39:42,195,PINHAS
AA0103,36719,31910821,1,PS,990920,22:59:57,23:00:02,5,23:00:02,23:00:53,51,AGENT,23:00:53,23:01:26,33,SHARON
AA0103,36720,0,0,PS,990920,23:45:05,23:45:13,8,0:00:00,0:00:00,0,AGENT,23:45:13,23:46:04,51,SHARON
AA0103,36721,0,0,NW,990921,4:23:56,4:24:55,59,0:00:00,0:00:00,0,HANG,0:00:00,0:00:00,0,NO_SERVER
AA0103,36722,0,0,PS,990921,7:11:27,7:11:37,10,0:00:00,0:00:00,0,AGENT,7:11:37,7:13:29,112,DORIT
AA0103,36723,0,0,PS,990921,7:32:09,7:32:21,12,0:00:00,0:00:00,0,AGENT,7:32:20,7:34:26,126,DORIT
AA0103,36724,0,0,PS,990921,7:55:27,7:55:36,9,0:00:00,0:00:00,0,AGENT,7:55:35,8:00:00,265,DORIT
AA0103,36725,0,0,NW,990921,8:14:02,8:14:16,14,0:00:00,0:00:00,0,AGENT,8:14:15,8:15:23,68,YIFAT
AA0103,36726,0,0,PS,990921,8:32:27,8:32:36,9,0:00:00,0:00:00,0,AGENT,8:32:34,8:33:53,79,ROTH
AA0103,36727,17932492,2,PS,990921,8:42:51,8:42:57,6,8:42:57,8:44:03,66,AGENT,8:44:02,8:49:23,321,KAZAV
AA0103,36728,0,0,PS,990921,8:55:00,8:55:10,10,0:00:00,0:00:00,0,AGENT,8:55:10,8:58:57,227,ANAT
AA0103,36729,0,0,NW,990921,9:07:16,9:07:25,9,9:07:25,9:08:13,48,AGENT,9:08:12,9:11:04,172,AVI
AA0103,36730,0,0,NE,990921,9:31:32,9:31:43,11,0:00:00,0:00:00,0,AGENT,9:31:43,9:31:48,5,MORIAH
AA0103,36731,0,0,PS,990921,9:42:20,9:42:31,11,0:00:00,0:00:00,0,AGENT,9:42:30,9:46:09,219,ANAT
AA0103,36732,0,0,PS,990921,9:49:33,9:49:45,12,0:00:00,0:00:00,0,AGENT,9:49:43,9:50:57,74,YIFAT
AA0103,36733,53186953,2,PS,990921,9:55:21,9:55:27,6,9:55:27,9:57:00,93,AGENT,9:56:58,9:58:43,105,KAZAV
AA0103,36734,0,0,NE,990921,10:02:39,10:02:49,10,0:00:00,0:00:00,0,AGENT,10:02:48,10:23:18,1230,ELI
AA0103,36735,29474020,2,PS,990921,10:09:33,10:09:39,6,10:09:39,10:11:06,87,HANG,0:00:00,0:00:00,0,NO_SERVER
AA0103,36736,0,0,PS,990921,10:16:28,10:16:38,10,0:00:00,0:00:00,0,AGENT,10:16:36,10:18:05,89,YIFAT
AA0103,36737,0,0,PS,990921,10:22:30,10:22:39,9,0:00:00,0:00:00,0,AGENT,10:22:38,10:25:33,175,YIFAT
AA0103,36738,0,0,PS,990921,10:31:14,10:31:22,8,0:00:00,0:00:00,0,AGENT,10:31:22,10:31:24,2,MORIAH
AA0103,36739,0,0,NE,990921,10:38:19,10:38:32,13,0:00:00,0:00:00,0,AGENT,10:38:30,10:45:03,393,ELI
AA0103,36740,28610996,1,PS,990921,10:46:16,10:46:21,5,10:46:21,10:47:13,52,AGENT,10:47:12,10:49:41,149,AVI
AA0103,36741,74780917,2,NE,990921,10:55:23,10:55:29,6,10:55:29,10:55:41,12,AGENT,10:55:39,10:55:42,3,MORIAH
AA0103,36742,58886011,2,PS,990921,11:00:58,11:01:04,6,11:01:04,11:01:20,16,AGENT,11:01:19,11:03:57,158,ROTH
AA0103,36743,78191137,2,PS,990921,11:09:06,11:09:11,5,11:09:11,11:09:28,17,AGENT,11:09:27,11:26:48,1041,KAZAV
AA0103,36744,0,0,NW,990921,11:16:34,11:16:43,9,11:16:43,11:18:38,115,HANG,0:00:00,0:00:00,0,NO_SERVER
AA0103,36745,0,0,PS,990921,11:27:06,11:27:21,15,0:00:00,0:00:00,0,AGENT,11:27:20,11:30:05,165,AVI
AA0103,36746,0,0,PS,990921,11:42:45,11:42:57,12,0:00:00,0:00:00,0,AGENT,11:42:56,11:46:06,190,AVI
AA0103,36747,69020915,2,PS,990921,11:49:05,11:49:12,7,11:49:12,11:50:23,71,AGENT,11:50:22,11:51:54,92,KAZAV
AA0103,36748,0,0,NE,990921,12:01:48,12:01:59,11,0:00:00,0:00:00,0,AGENT,12:01:58,12:08:12,374,ELI
AA0103,36749,22263115,2,PS,990921,12:12:40,12:12:45,5,12:12:45,12:13:11,26,AGENT,12:13:10,12:15:09,119,ANAT
AA0103,36750,0,0,PS,990921,12:27:07,12:27:16,9,0:00:00,0:00:00,0,AGENT,12:27:15,12:28:15,60,DORIT
AA0103,36751,0,0,NE,990921,12:36:51,12:37:04,13,0:00:00,0:00:00,0,AGENT,12:37:03,12:41:42,279,MORIAH
AA0103,36752,0,0,NE,990921,12:52:31,12:52:44,13,0:00:00,0:00:00,0,AGENT,12:52:44,12:54:03,79,BASCH
AA0103,36753,24616427,1,PS,990921,13:06:01,13:06:08,7,13:06:08,13:07:06,58,AGENT,13:07:05,13:07:22,17,BASCH
AA0103,36754,0,0,PS,990921,13:22:38,13:22:50,12,0:00:00,0:00:00,0,AGENT,13:22:49,13:24:17,88,BASCH
AA0103,36755,0,0,NE,990921,13:34:02,13:34:12,10,0:00:00,0:00:00,0,AGENT,13:34:11,13:34:28,17,MORIAH
AA0103,36756,9928136,1,PS,990921,13:40:53,13:40:58,5,13:40:58,13:43:57,179,AGENT,13:43:56,13:47:02,186,AVNI
AA0103,36757,53978706,1,PS,990921,13:50:20,13:50:25,5,13:50:25,13:50:38,13,HANG,0:00:00,0:00:00,0,NO_SERVER
AA0103,36758,32814030,1,PS,990921,13:58:21,13:58:26,5,13:58:26,13:58:43,17,AGENT,13:58:43,13:59:55,72,AVI
AA0103,36759,13513825,2,PS,990921,14:06:51,14:06:57,6,14:06:57,14:07:22,25,PHANTOM,14:07:21,14:07:27,6,NO_SERVER
AA0103,36760,0,0,PS,990921,14:19:14,14:19:24,10,0:00:00,0:00:00,0,AGENT,14:19:23,14:20:59,96,TOVA
AA0103,36761,0,0,PS,990921,14:33:22,14:33:35,13,0:00:00,0:00:00,0,AGENT,14:33:34,14:34:29,55,AVI
AA0103,36762,0,0,PS,990921,14:45:13,14:45:23,10,0:00:00,0:00:00,0,AGENT,14:45:22,14:48:35,193,DORIT
AA0103,36763,0,0,PS,990921,14:58:15,14:58:24,9,0:00:00,0:00:00,0,AGENT,14:58:23,15:03:16,293,ROTH
AA0103,36764,50347749,1,NE,990921,15:09:37,15:09:43,6,15:09:43,15:10:02,19,AGENT,15:10:01,15:22:35,754,AVNI
AA0103,36765,0,0,PS,990921,15:19:43,15:19:52,9,0:00:00,0:00:00,0,AGENT,15:19:51,15:22:04,133,VICKY
AA0103,36766,58793944,2,PS,990921,15:29:25,15:29:31,6,15:29:31,15:30:26,55,AGENT,15:30:26,15:31:13,47,BASCH
AA0103,36767,30577092,2,PS,990921,15:37:04,15:37:10,6,15:37:10,15:37:25,15,AGENT,15:37:25,15:44:36,431,ROTH
AA0103,36768,27364884,1,PS,990921,15:48:55,15:49:00,5,15:49:00,15:49:08,8,AGENT,15:49:08,15:51:16,128,ZOHARI
AA0103,36770,0,0,PS,990921,15:59:57,15:59:57,0,0:00:00,0:00:00,0,HANG,0:00:00,0:00:00,0,NO_SERVER
AA0103,36771,63730469,1,PS,990921,16:06:43,16:06:49,6,16:06:49,16:08:13,84,AGENT,16:08:12,16:08:39,27,GOLDIE
AA0103,36772,0,0,PS,990921,16:20:21,16:20:30,9,0:00:00,0:00:00,0,AGENT,16:20:29,16:21:50,81,BENSION
AA0103,36773,0,0,PS,990921,16:32:56,16:33:06,10,0:00:00,0:00:00,0,AGENT,16:33:05,16:34:25,80,VICKY
AA0103,36774,9696428,1,PS,990921,16:40:35,16:40:40,5,16:40:40,16:42:09,89,AGENT,16:42:09,16:43:07,58,VICKY
AA0103,36775,0,0,NW,990921,17:03:30,17:03:43,13,0:00:00,0:00:00,0,AGENT,17:03:43,17:10:46,423,YITZ
AA0103,36776,0,0,NE,990921,17:19:24,17:19:37,13,0:00:00,0:00:00,0,AGENT,17:19:37,17:22:57,200,VICKY
AA0103,36777,54128681,2,PS,990921,17:35:06,17:35:11,5,17:35:11,17:35:34,23,AGENT,17:35:34,17:39:06,212,ZOHARI
AA0103,36778,0,0,PS,990921,17:57:05,17:57:14,9,0:00:00,0:00:00,0,AGENT,17:57:13,17:57:55,42,YITZ
AA0103,36779,0,0,PS,990921,18:15:35,18:15:53,18,0:00:00,0:00:00,0,AGENT,18:15:52,18:15:59,7,NO_SERVER
AA0103,36780,0,0,PS,990921,18:36:11,18:36:20,9,0:00:00,0:00:00,0,AGENT,18:36:20,18:37:36,76,TOVA
AA0103,36781,0,0,PS,990921,18:56:19,18:56:29,10,0:00:00,0:00:00,0,AGENT,18:56:28,19:01:24,296,YITZ
AA0103,36782,0,0,NW,990921,19:25:28,19:25:42,14,0:00:00,0:00:00,0,AGENT,19:25:41,19:26:33,52,YITZ
AA0103,36783,28925790,1,NW,990921,19:43:24,19:43:29,5,19:43:29,19:44:20,51,PHANTOM,19:44:20,19:44:26,6,NO_SERVER
AA0103,36784,0,0,PS,990921,20:03:03,20:03:16,13,0:00:00,0:00:00,0,AGENT,20:03:16,20:04:26,70,BENSION
AA0103,36785,0,0,PS,990921,20:29:56,20:30:08,12,0:00:00,0:00:00,0,AGENT,20:30:07,20:31:57,110,BENSION
AA0103,36786,0,0,NW,990921,20:50:23,20:50:42,19,0:00:00,0:00:00,0,AGENT,20:50:41,20:51:16,35,YITZ
AA0103,36787,52031556,2,NE,990921,21:06:50,21:06:56,6,21:06:56,21:07:21,25,AGENT,21:07:20,21:14:51,451,TOVA
AA0103,36788,0,0,NE,990921,21:23:04,21:23:15,11,0:00:00,0:00:00,0,AGENT,21:23:14,21:23:57,43,ZOHARI
AA0103,36789,0,0,PS,990921,21:46:50,21:47:01,11,0:00:00,0:00:00,0,AGENT,21:47:01,22:03:46,1005,GILI
AA0103,36790,0,0,PS,990921,22:11:33,22:11:49,16,0:00:00,0:00:00,0,AGENT,22:11:48,22:14:07,139,BENSION
AA0103,36791,0,0,PS,990921,22:30:58,22:31:18,20,0:00:00,0:00:00,0,AGENT,22:31:17,22:34:52,215,BENSION
AA0103,36792,0,0,NW,990921,23:00:37,23:00:50,13,0:00:00,0:00:00,0,AGENT,23:00:50,23:02:31,101,YITZ
AA0103,36793,0,0,PS,990921,23:23:40,23:23:51,11,0:00:00,0:00:00,0,AGENT,23:23:50,23:25:20,90,YITZ
AA0103,36794,0,0,PS,990922,0:01:54,0:02:31,37,0:00:00,0:00:00,0,HANG,0:00:00,0:00:00,0,NO_SERVER
AA0103,36795,0,0,PS,990922,7:12:51,7:13:03,12,0:00:00,0:00:00,0,AGENT,7:13:03,7:17:52,289,ZOHARI
AA0103,36796,0,0,PS,990922,7:39:09,7:39:21,12,0:00:00,0:00:00,0,AGENT,7:39:19,7:40:32,73,YIFAT
AA0103,36797,0,0,PS,990922,7:59:15,7:59:27,12,0:00:00,0:00:00,0,AGENT,7:59:25,8:01:10,105,ZOHARI
AA0103,36798,0,0,PS,990922,8:17:50,8:17:59,9,0:00:00,0:00:00,0,AGENT,8:17:58,8:19:25,87,YIFAT
AA0103,36799,0,0,PS,990922,8:31:12,8:31:25,13,0:00:00,0:00:00,0,AGENT,8:31:24,8:34:54,210,ZOHARI
AA0103,36800,0,0,PS,990922,8:45:17,8:45:27,10,0:00:00,0:00:00,0,AGENT,8:45:25,8:48:46,201,ZOHARI
AA0103,36801,58642620,1,PS,990922,8:56:35,8:56:41,6,8:56:41,8:56:56,15,AGENT,8:56:54,9:01:58,304,KAZAV
AA0103,36802,550525,1,PS,990922,9:05:59,9:06:05,6,9:06:05,9:06:41,36,AGENT,9:06:40,9:07:24,44,TOVA
AA0103,36803,47148739,2,NE,990922,9:14:32,9:14:37,5,9:14:37,9:14:59,22,AGENT,9:14:58,9:25:12,614,AVNI
AA0103,36804,58704610,2,PS,990922,9:22:01,9:22:07,6,9:22:07,9:23:14,67,AGENT,9:23:13,9:26:47,214,GOLDIE
AA0103,36805,0,0,NW,990922,9:33:29,9:33:42,13,0:00:00,0:00:00,0,AGENT,9:33:42,9:36:28,166,YIFAT
AA0103,36806,0,0,NW,990922,9:44:30,9:44:43,13,0:00:00,0:00:00,0,AGENT,9:44:42,9:45:11,29,KAZAV
AA0103,36807,0,0,PS,990922,9:52:52,9:53:00,8,0:00:00,0:00:00,0,AGENT,9:53:00,9:56:04,184,TOVA
AA0103,36808,0,0,PS,990922,10:01:51,10:02:01,10,0:00:00,0:00:00,0,AGENT,10:02:00,10:04:20,140,GOLDIE
AA0103,36809,0,0,PS,990922,10:08:18,10:08:28,10,0:00:00,0:00:00,0,AGENT,10:08:26,10:14:18,352,AVNI
AA0103,36810,0,0,PS,990922,10:18:33,10:18:46,13,0:00:00,0:00:00,0,AGENT,10:18:45,10:22:14,209,KAZAV
AA0103,36811,0,0,NW,990922,10:25:58,10:26:02,4,0:00:00,0:00:00,0,HANG,0:00:00,0:00:00,0,NO_SERVER
AA0103,36812,7191646,2,NE,990922,10:31:21,10:31:27,6,10:31:27,10:32:44,77,AGENT,10:32:43,10:40:04,441,KAZAV
AA0103,36813,0,0,NE,990922,10:37:29,10:37:41,12,0:00:00,0:00:00,0,AGENT,10:37:40,10:39:11,91,TOVA
AA0103,36814,0,0,PS,990922,10:45:59,10:46:10,11,0:00:00,0:00:00,0,AGENT,10:46:08,10:48:21,133,YIFAT
AA0103,36815,0,0,PS,990922,10:54:36,10:54:45,9,0:00:00,0:00:00,0,AGENT,10:54:44,10:57:08,144,GOLDIE
AA0103,36816,23621600,2,PS,990922,11:02:54,11:03:00,6,11:03:00,11:03:12,12,HANG,0:00:00,0:00:00,0,NO_SERVER
AA0103,36817,59246835,1,PS,990922,11:08:23,11:08:28,5,11:08:28,11:08:37,9,AGENT,11:08:35,11:10:17,102,AVNI
AA0103,36818,51645646,2,PS,990922,11:16:37,11:16:42,5,11:16:42,11:16:50,8,AGENT,11:16:49,11:16:50,1,TOVA
AA0103,36819,7848831,1,NE,990922,11:24:50,11:24:56,6,11:24:56,11:29:41,285,AGENT,11:29:40,11:36:06,386,KAZAV
AA0103,36820,50291475,2,PS,990922,11:37:04,11:37:09,5,11:37:09,11:37:37,28,AGENT,11:37:36,11:40:55,199,AVNI
AA0103,36821,59056556,2,PS,990922,11:45:30,11:45:35,5,11:45:35,11:45:53,18,AGENT,11:45:52,11:47:19,87,YIFAT
AA0103,36822,0,0,NW,990922,11:53:20,11:53:34,14,0:00:00,0:00:00,0,AGENT,11:53:34,11:54:15,41,AVNI
AA0103,36823,0,0,PS,990922,12:01:52,12:02:02,10,0:00:00,0:00:00,0,AGENT,12:02:01,12:06:53,292,KAZAV
AA0103,36824,0,0,PS,990922,12:14:19,12:14:29,10,0:00:00,0:00:00,0,AGENT,12:14:28,12:15:10,42,YIFAT
AA0103,36825,28925212,2,PS,990922,12:26:39,12:26:45,6,12:26:45,12:27:14,29,AGENT,12:27:14,12:28:49,95,GOLDIE
AA0103,36826,42672089,2,PS,990922,12:39:09,12:39:14,5,12:39:14,12:39:23,9,AGENT,12:39:22,12:40:44,82,GOLDIE
AA0103,36827,0,0,PS,990922,12:54:57,12:55:06,9,0:00:00,0:00:00,0,AGENT,12:55:05,12:57:29,144,ROTH
AA0103,36828,10858884,2,NE,990922,13:09:43,13:09:49,6,13:09:49,13:10:05,16,AGENT,13:10:04,13:10:56,52,STEREN
AA0103,36829,0,0,PS,990922,13:23:22,13:23:32,10,0:00:00,0:00:00,0,AGENT,13:23:31,13:35:22,711,GOLDIE
AA0103,36830,0,0,PS,990922,13:37:52,13:38:08,16,0:00:00,0:00:00,0,AGENT,13:38:08,13:39:45,97,GOLDIE
AA0103,36831,0,0,PS,990922,13:51:11,13:51:20,9,0:00:00,0:00:00,0,AGENT,13:51:19,13:53:40,141,ROTH
AA0103,36832,0,0,PS,990922,14:09:48,14:09:57,9,0:00:00,0:00:00,0,AGENT,14:09:57,14:11:28,91,STEREN
AA0103,36833,0,0,PS,990922,14:20:24,14:20:33,9,0:00:00,0:00:00,0,AGENT,14:20:32,14:25:56,324,ROTH
AA0103,36834,0,0,PS,990922,14:36:31,14:36:40,9,0:00:00,0:00:00,0,AGENT,14:36:39,14:37:45,66,DORIT
AA0103,36835,0,0,PS,990922,14:49:05,14:49:16,11,0:00:00,0:00:00,0,AGENT,14:49:16,14:50:14,58,YIFAT
AA0103,36836,0,0,PS,990922,14:57:54,14:58:05,11,0:00:00,0:00:00,0,AGENT,14:58:04,15:04:04,360,STEREN
AA0103,36837,0,0,PS,990922,15:10:16,15:10:24,8,0:00:00,0:00:00,0,AGENT,15:10:24,15:12:07,103,KAZAV
AA0103,36838,0,0,PS,990922,15:20:06,15:20:15,9,0:00:00,0:00:00,0,AGENT,15:20:14,15:24:41,267,ROTH
AA0103,36839,0,0,PS,990922,15:28:28,15:28:38,10,0:00:00,0:00:00,0,AGENT,15:28:38,15:30:45,127,DORIT
AA0103,36840,0,0,PS,990922,15:36:09,15:36:20,11,0:00:00,0:00:00,0,AGENT,15:36:20,15:38:46,146,ANAT
AA0103,36841,0,0,NE,990922,15:45:23,15:45:33,10,0:00:00,0:00:00,0,AGENT,15:45:32,15:53:35,483,ELI
AA0103,36842,0,0,PS,990922,16:05:40,16:05:49,9,0:00:00,0:00:00,0,AGENT,16:05:49,16:08:56,187,STEREN
AA0103,36843,0,0,PS,990922,16:18:56,16:19:11,15,0:00:00,0:00:00,0,AGENT,16:19:11,16:22:19,188,BENSION
AA0103,36844,0,0,PS,990922,16:27:59,16:28:09,10,0:00:00,0:00:00,0,AGENT,16:28:08,16:29:40,92,BENSION
AA0103,36845,0,0,PS,990922,16:48:00,16:48:14,14,0:00:00,0:00:00,0,AGENT,16:48:13,16:49:15,62,ANAT
AA0103,36846,0,0,PS,990922,16:56:35,16:56:45,10,0:00:00,0:00:00,0,AGENT,16:56:44,16:56:45,1,MORIAH
AA0103,36847,0,0,NW,990922,17:15:30,17:15:44,14,0:00:00,0:00:00,0,AGENT,17:15:43,17:16:26,43,SHARON
AA0103,36848,0,0,PS,990922,17:38:45,17:39:03,18,0:00:00,0:00:00,0,AGENT,17:39:03,17:39:55,52,ANAT
AA0103,36849,0,0,NE,990922,17:59:43,17:59:52,9,0:00:00,0:00:00,0,AGENT,17:59:52,17:59:54,2,MORIAH
AA0103,36850,0,0,NW,990922,18:18:13,18:18:29,16,0:00:00,0:00:00,0,AGENT,18:18:29,18:20:39,130,MEIR
AA0103,36851,0,0,PS,990922,18:35:03,18:35:16,13,0:00:00,0:00:00,0,AGENT,18:35:15,18:36:21,66,BENSION
AA0103,36852,0,0,PS,990922,19:01:48,19:02:05,17,0:00:00,0:00:00,0,AGENT,19:02:04,19:05:14,190,ANAT
AA0103,36853,0,0,PS,990922,19:28:33,19:28:43,10,0:00:00,0:00:00,0,AGENT,19:28:42,19:29:38,56,SHARON
AA0103,36854,0,0,NE,990922,19:50:18,19:50:29,11,0:00:00,0:00:00,0,AGENT,19:50:28,19:50:30,2,MORIAH
AA0103,36855,0,0,PS,990922,20:13:02,20:13:14,12,0:00:00,0:00:00,0,AGENT,20:13:13,20:16:19,186,SHARON
AA0103,36856,0,0,PS,990922,20:42:07,20:42:18,11,0:00:00,0:00:00,0,AGENT,20:42:17,20:44:42,145,GILI
AA0103,36857,0,0,PS,990922,21:14:46,21:15:01,15,0:00:00,0:00:00,0,AGENT,21:15:00,21:16:34,94,BENSION
AA0103,36858,0,0,PS,990922,21:35:54,21:36:04,10,0:00:00,0:00:00,0,AGENT,21:36:03,21:38:19,136,DORIT
AA0103,36859,0,0,PS,990922,22:01:24,22:01:39,15,0:00:00,0:00:00,0,AGENT,22:01:38,22:02:37,59,BENSION
AA0103,36860,0,0,NW,990922,22:27:44,22:28:03,19,0:00:00,0:00:00,0,AGENT,22:28:03,22:28:50,47,BENSION
AA0103,36861,0,0,PS,990922,23:01:52,23:02:08,16,0:00:00,0:00:00,0,AGENT,23:02:06,23:06:33,267,BENSION
AA0103,36862,0,0,PS,990922,23:42:18,23:42:29,11,0:00:00,0:00:00,0,AGENT,23:42:29,23:42:57,28,AVI
AA0103,36863,0,0,PS,990923,7:30:13,7:30:31,18,0:00:00,0:00:00,0,AGENT,7:30:30,7:34:36,246,TOVA
AA0103,36864,0,0,NW,990923,7:55:06,7:55:15,9,7:55:15,7:56:34,79,AGENT,7:56:32,7:58:32,120,VICKY
AA0103,36865,0,0,PS,990923,8:13:51,8:14:00,9,0:00:00,0:00:00,0,AGENT,8:13:59,8:15:52,113,VICKY
AA0103,36866,0,0,PS,990923,8:33:12,8:33:22,10,0:00:00,0:00:00,0,AGENT,8:33:21,8:36:41,200,DORIT
AA0103,36867,0,0,PS,990923,8:43:53,8:44:03,10,0:00:00,0:00:00,0,AGENT,8:44:03,8:44:46,43,ANAT
AA0103,36868,57279515,2,PS,990923,8:57:42,8:57:47,5,8:57:47,8:58:04,17,AGENT,8:58:04,9:00:56,172,TOVA
AA0103,36869,58704610,2,PS,990923,9:09:21,9:09:26,5,9:09:26,9:09:51,25,AGENT,9:09:50,9:11:57,127,AVI
AA0103,36870,58407081,2,PS,990923,9:19:32,9:19:37,5,9:19:37,9:20:00,23,AGENT,9:20:00,9:21:41,101,AVI
AA0103,36871,0,0,PS,990923,9:31:13,9:31:24,11,0:00:00,0:00:00,0,AGENT,9:31:23,9:32:13,50,VICKY
AA0103,36872,38279345,1,PS,990923,9:41:37,9:41:43,6,9:41:43,9:41:55,12,AGENT,9:41:55,9:42:41,46,AVI
AA0103,36873,59656280,1,PS,990923,9:51:47,9:51:53,6,9:51:53,9:52:02,9,AGENT,9:52:01,9:54:24,143,VICKY
AA0103,36874,0,0,PS,990923,9:59:19,9:59:29,10,0:00:00,0:00:00,0,AGENT,9:59:28,10:02:06,158,YIFAT
AA0103,36875,57074585,2,PS,990923,10:07:27,10:07:32,5,10:07:32,10:08:48,76,AGENT,10:08:47,10:13:49,302,YIFAT
AA0103,36876,27712074,2,PS,990923,10:14:47,10:14:52,5,10:14:52,10:15:02,10,AGENT,10:15:01,10:15:54,53,BASCH
AA0103,36877,54539366,1,PS,990923,10:21:48,10:21:53,5,10:21:53,10:24:24,151,AGENT,10:24:23,10:24:55,32,DORIT
AA0103,36878,14264295,2,PS,990923,10:31:14,10:31:20,6,10:31:20,10:31:24,4,AGENT,10:31:24,10:35:45,261,TOVA
AA0103,36879,25688045,1,PS,990923,10:38:30,10:38:36,6,10:38:36,10:39:19,43,AGENT,10:39:18,10:39:20,2,YIFAT
AA0103,36880,0,0,NW,990923,10:44:51,10:45:00,9,10:45:00,10:45:41,41,HANG,0:00:00,0:00:00,0,NO_SERVER
AA0103,36881,0,0,PS,990923,10:53:12,10:53:22,10,0:00:00,0:00:00,0,AGENT,10:53:21,10:53:23,2,YIFAT
AA0103,36882,0,0,NW,990923,11:00:41,11:00:56,15,0:00:00,0:00:00,0,AGENT,11:00:54,11:01:36,42,AVI
AA0103,36883,0,0,PS,990923,11:09:47,11:09:56,9,0:00:00,0:00:00,0,AGENT,11:09:55,11:17:54,479,BASCH
AA0103,36884,51440469,2,PS,990923,11:21:20,11:21:25,5,11:21:25,11:22:03,38,AGENT,11:22:02,11:25:58,236,TOVA
AA0103,36885,34818641,1,NE,990923,11:29:10,11:29:15,5,11:29:15,11:29:41,26,HANG,0:00:00,0:00:00,0,NO_SERVER
AA0103,36886,0,0,NE,990923,11:38:30,11:38:41,11,0:00:00,0:00:00,0,AGENT,11:38:41,11:57:49,1148,ELI
AA0103,36887,0,0,PS,990923,11:48:33,11:48:47,14,0:00:00,0:00:00,0,AGENT,11:48:46,11:49:28,42,AVI
AA0103,36888,29568706,2,PS,990923,12:03:09,12:03:14,5,12:03:14,12:03:32,18,AGENT,12:03:32,12:06:15,163,ANAT
AA0103,36889,0,0,NW,990923,12:27:14,12:27:30,16,0:00:00,0:00:00,0,AGENT,12:27:29,12:28:14,45,VICKY
AA0103,36890,23383607,2,PS,990923,12:44:45,12:44:51,6,12:44:51,12:45:24,33,AGENT,12:45:23,12:46:45,82,BASCH
AA0103,36891,0,0,PS,990923,12:59:04,12:59:15,11,0:00:00,0:00:00,0,AGENT,12:59:15,13:05:10,355,DORIT
AA0103,36892,0,0,PS,990923,13:12:48,13:12:57,9,0:00:00,0:00:00,0,AGENT,13:12:56,13:12:58,2,YIFAT
AA0103,36893,0,0,PS,990923,13:26:08,13:26:18,10,0:00:00,0:00:00,0,AGENT,13:26:17,13:32:32,375,BASCH
AA0103,36894,0,0,PS,990923,13:41:30,13:41:39,9,0:00:00,0:00:00,0,AGENT,13:41:38,13:45:00,202,ANAT
AA0103,36895,0,0,NE,990923,13:53:41,13:53:51,10,0:00:00,0:00:00,0,AGENT,13:53:50,13:53:52,2,TOVA
AA0103,36896,65470825,2,PS,990923,14:01:03,14:01:08,5,14:01:08,14:03:12,124,AGENT,14:03:12,14:05:13,121,AVI
AA0103,36897,3519519,1,PS,990923,14:15:04,14:15:09,5,14:15:09,14:15:44,35,HANG,0:00:00,0:00:00,0,NO_SERVER
AA0103,36898,28117505,2,PS,990923,14:27:07,14:27:13,6,14:27:13,14:29:36,143,AGENT,14:29:35,14:30:59,84,AVI
AA0103,36899,55971378,2,PS,990923,14:42:52,14:42:57,5,14:42:57,14:43:02,5,AGENT,14:43:01,14:45:23,142,BASCH
AA0103,36900,42952796,2,PS,990923,14:59:38,14:59:43,5,14:59:43,15:05:08,325,AGENT,15:05:07,15:09:29,262,DORIT
AA0103,36901,0,0,PS,990923,15:16:42,15:16:50,8,0:00:00,0:00:00,0,AGENT,15:16:50,15:21:37,287,DORIT
AA0103,36902,0,0,PS,990923,15:30:17,15:30:31,14,0:00:00,0:00:00,0,AGENT,15:30:31,15:31:22,51,BASCH
AA0103,36903,52867744,2,PS,990923,15:42:49,15:42:55,6,15:42:55,15:43:11,16,AGENT,15:43:11,15:45:38,147,DORIT
AA0103,36904,0,0,PS,990923,16:02:23,16:02:41,18,0:00:00,0:00:00,0,AGENT,16:02:41,16:03:06,25,SHARON
AA0103,36905,0,0,PS,990923,16:17:19,16:17:35,16,0:00:00,0:00:00,0,AGENT,16:17:34,16:20:23,169,DARMON
AA0103,36906,0,0,PS,990923,16:31:43,16:32:00,17,0:00:00,0:00:00,0,AGENT,16:31:58,16:37:07,309,DARMON
AA0103,36907,0,0,NW,990923,16:55:51,16:56:00,9,16:56:00,16:56:42,42,AGENT,16:56:42,16:58:10,88,YITZ
AA0103,36908,22802490,1,PS,990923,17:13:18,17:13:24,6,17:13:24,17:14:20,56,AGENT,17:14:19,17:15:17,58,SHARON
AA0103,36909,0,0,PS,990923,17:39:33,17:39:43,10,0:00:00,0:00:00,0,AGENT,17:39:42,17:41:44,122,STEREN
AA0103,36910,0,0,NW,990923,18:04:20,18:04:33,13,0:00:00,0:00:00,0,AGENT,18:04:32,18:04:58,26,AVNI
AA0103,36911,0,0,NW,990923,18:44:22,18:44:35,13,0:00:00,0:00:00,0,AGENT,18:44:35,18:45:24,49,YITZ
AA0103,36912,0,0,PS,990923,19:15:39,19:15:50,11,0:00:00,0:00:00,0,AGENT,19:15:49,19:19:11,202,YITZ
AA0103,36913,0,0,PS,990923,19:41:28,19:41:37,9,0:00:00,0:00:00,0,AGENT,19:41:36,19:45:18,222,YITZ
AA0103,36914,0,0,PS,990923,20:04:08,20:04:18,10,0:00:00,0:00:00,0,AGENT,20:04:17,20:05:12,55,YITZ
AA0103,36915,0,0,PS,990923,20:42:20,20:42:28,8,0:00:00,0:00:00,0,AGENT,20:42:27,20:43:53,86,SHARON
AA0103,36916,0,0,PS,990923,21:20:00,21:20:11,11,0:00:00,0:00:00,0,AGENT,21:20:10,21:22:56,166,SHARON
AA0103,36917,0,0,PS,990923,22:16:11,22:16:20,9,0:00:00,0:00:00,0,AGENT,22:16:19,22:17:07,48,GILI
AA0103,36918,0,0,PS,990923,22:54:15,22:54:24,9,0:00:00,0:00:00,0,AGENT,22:54:24,22:56:16,112,STEREN
AA0103,36919,0,0,NW,990923,23:42:54,23:43:07,13,0:00:00,0:00:00,0,AGENT,23:43:07,23:46:06,179,SHARON
AA0103,36920,0,0,PS,990924,6:55:19,6:55:42,23,0:00:00,0:00:00,0,HANG,0:00:00,0:00:00,0,NO_SERVER
AA0103,36921,0,0,PS,990924,7:50:28,7:50:42,14,0:00:00,0:00:00,0,AGENT,7:50:41,7:52:23,102,ANAT
AA0103,36922,0,0,PS,990924,8:20:12,8:20:25,13,0:00:00,0:00:00,0,AGENT,8:20:24,8:31:31,667,DORIT
AA0103,36923,0,0,PS,990924,8:41:09,8:41:23,14,0:00:00,0:00:00,0,AGENT,8:41:23,8:45:37,254,SHARON
AA0103,36924,0,0,PS,990924,8:55:09,8:55:20,11,0:00:00,0:00:00,0,AGENT,8:55:19,8:56:14,55,SHARON
AA0103,36925,0,0,PS,990924,9:25:08,9:25:19,11,0:00:00,0:00:00,0,AGENT,9:25:18,9:43:47,1109,ELI
AA0103,36926,52120987,2,PS,990924,9:46:58,9:47:05,7,9:47:05,9:48:59,114,AGENT,9:48:59,9:51:14,135,ANAT
AA0103,36927,0,0,PS,990924,10:01:40,10:01:53,13,0:00:00,0:00:00,0,AGENT,10:01:52,10:02:42,50,ANAT
AA0103,36928,0,0,PS,990924,10:26:36,10:26:47,11,0:00:00,0:00:00,0,AGENT,10:26:46,10:28:02,76,SHARON
AA0103,36929,0,0,PS,990924,10:46:57,10:47:07,10,0:00:00,0:00:00,0,AGENT,10:47:06,10:48:38,92,SHARON
AA0103,36930,3744216,2,PS,990924,10:58:54,10:58:59,5,10:58:59,10:59:06,7,AGENT,10:59:06,11:02:14,188,ANAT
AA0103,36931,34818641,1,NE,990924,11:10:54,11:11:00,6,11:11:00,11:11:25,25,AGENT,11:11:24,11:12:33,69,ELI
AA0103,36932,0,0,PS,990924,11:51:38,11:51:47,9,0:00:00,0:00:00,0,AGENT,11:51:46,11:54:10,144,DORIT
AA0103,36933,48820351,2,NE,990924,12:08:54,12:09:00,6,12:09:00,12:09:15,15,AGENT,12:09:14,12:12:14,180,SHARON
AA0103,36934,0,0,PS,990924,12:29:25,12:29:35,10,0:00:00,0:00:00,0,AGENT,12:29:34,12:32:14,160,SHARON
AA0103,36935,58118068,2,PS,990924,12:55:29,12:55:35,6,12:55:35,12:56:32,57,AGENT,12:56:31,12:59:50,199,GELBER
AA0103,36936,0,0,PS,990924,13:34:30,13:34:38,8,0:00:00,0:00:00,0,AGENT,13:34:38,13:38:19,221,BASCH
AA0103,36938,0,0,PS,990924,14:35:40,14:35:40,0,0:00:00,0:00:00,0,HANG,0:00:00,0:00:00,0,NO_SERVER
AA0103,36939,0,0,PS,990924,16:19:11,16:19:26,15,0:00:00,0:00:00,0,HANG,0:00:00,0:00:00,0,NO_SERVER
AA0103,36940,0,0,PS,990925,18:59:24,19:00:15,51,0:00:00,0:00:00,0,HANG,0:00:00,0:00:00,0,NO_SERVER
AA0103,36941,0,0,PS,990925,20:55:43,20:56:00,17,0:00:00,0:00:00,0,AGENT,20:55:59,20:56:40,41,AVI
AA0103,36942,0,0,NE,990925,21:59:23,21:59:37,14,0:00:00,0:00:00,0,AGENT,21:59:37,22:03:35,238,AVI
AA0103,36943,0,0,PS,990925,23:02:38,23:02:48,10,0:00:00,0:00:00,0,AGENT,23:02:47,23:04:01,74,BASCH
AA0103,36944,0,0,PS,990926,7:12:12,7:12:25,13,0:00:00,0:00:00,0,AGENT,7:12:24,7:15:02,158,DORIT
AA0103,36945,0,0,PS,990926,8:04:43,8:04:53,10,0:00:00,0:00:00,0,AGENT,8:04:52,8:07:31,159,BASCH
AA0103,36946,0,0,PS,990926,8:36:19,8:36:27,8,0:00:00,0:00:00,0,AGENT,8:36:27,8:38:28,121,VICKY
AA0103,36947,0,0,NW,990926,8:54:49,8:54:59,10,0:00:00,0:00:00,0,AGENT,8:55:02,8:55:07,5,NO_SERVER
AA0103,36948,0,0,NW,990926,9:12:53,9:13:02,9,9:13:02,9:13:50,48,AGENT,9:13:49,9:14:25,36,AVNI
AA0103,36949,0,0,PS,990926,9:27:29,9:27:38,9,0:00:00,0:00:00,0,AGENT,9:27:37,9:29:09,92,YIFAT
AA0103,36950,0,0,PS,990926,9:40:11,9:40:22,11,0:00:00,0:00:00,0,AGENT,9:40:21,9:44:03,222,VICKY
AA0103,36951,30365134,2,PS,990926,9:49:34,9:49:40,6,9:49:40,9:52:13,153,AGENT,9:52:12,10:02:36,624,VICKY
AA0103,36952,0,0,NW,990926,10:00:10,10:00:19,9,10:00:19,10:01:32,73,AGENT,10:01:31,10:03:46,135,DORIT
AA0103,36953,0,0,PS,990926,10:15:20,10:15:28,8,0:00:00,0:00:00,0,AGENT,10:15:27,10:16:43,76,AVNI
AA0103,36954,10587137,2,NE,990926,10:27:54,10:27:59,5,10:27:59,10:28:04,5,AGENT,10:28:03,10:29:04,61,BASCH
AA0103,36955,0,0,PS,990926,10:45:22,10:45:34,12,0:00:00,0:00:00,0,AGENT,10:45:33,10:46:55,82,DORIT
AA0103,36956,16863375,1,PS,990926,10:55:59,10:56:05,6,10:56:05,10:59:18,193,AGENT,10:59:17,11:03:10,233,AVNI
AA0103,36957,0,0,NW,990926,11:05:49,11:05:58,9,11:05:58,11:06:59,61,AGENT,11:06:58,11:32:11,1513,PINHAS
AA0103,36958,10230043,2,PS,990926,11:17:40,11:17:45,5,11:17:45,11:17:58,13,AGENT,11:17:57,11:22:19,262,YITZ
AA0103,36959,0,0,PS,990926,11:28:02,11:28:12,10,0:00:00,0:00:00,0,AGENT,11:28:10,11:30:41,151,AVNI
AA0103,36960,0,0,PS,990926,11:40:38,11:40:48,10,0:00:00,0:00:00,0,AGENT,11:40:47,11:43:36,169,ZOHARI
AA0103,36961,0,0,PS,990926,11:56:30,11:56:45,15,0:00:00,0:00:00,0,AGENT,11:56:44,11:57:51,67,AVNI
AA0103,36962,0,0,PS,990926,12:14:03,12:14:12,9,0:00:00,0:00:00,0,AGENT,12:14:11,12:17:06,175,VICKY
AA0103,36963,0,0,PS,990926,12:31:00,12:31:09,9,0:00:00,0:00:00,0,AGENT,12:31:08,12:32:33,85,YITZ
AA0103,36964,0,0,PS,990926,12:56:00,12:56:10,10,0:00:00,0:00:00,0,AGENT,12:56:09,12:59:26,197,AVNI
AA0103,36965,0,0,NW,990926,13:16:37,13:16:47,10,13:16:47,13:17:00,13,AGENT,13:16:59,13:19:03,124,DORIT
AA0103,36966,0,0,PS,990926,13:30:42,13:30:57,15,0:00:00,0:00:00,0,AGENT,13:30:56,13:31:59,63,VICKY
AA0103,36967,54613724,2,NE,990926,13:45:35,13:45:41,6,13:45:41,13:45:50,9,AGENT,13:45:49,13:46:37,48,VICKY
AA0103,36968,0,0,PS,990926,14:04:28,14:04:37,9,0:00:00,0:00:00,0,AGENT,14:04:37,14:05:02,25,DORIT
AA0103,36969,52867744,2,PS,990926,14:14:53,14:14:59,6,14:14:59,14:15:14,15,AGENT,14:15:14,14:17:48,154,TOVA
AA0103,36970,0,0,PS,990926,14:37:39,14:37:51,12,0:00:00,0:00:00,0,AGENT,14:37:50,14:39:36,106,ZOHARI
AA0103,36971,0,0,PS,990926,14:57:18,14:57:30,12,0:00:00,0:00:00,0,AGENT,14:57:29,14:59:15,106,ZOHARI
AA0103,36972,0,0,PS,990926,15:18:18,15:18:30,12,0:00:00,0:00:00,0,AGENT,15:18:29,15:19:20,51,YITZ
AA0103,36973,0,0,PS,990926,15:47:52,15:48:06,14,0:00:00,0:00:00,0,AGENT,15:48:05,15:49:42,97,SHARON
AA0103,36974,0,0,PS,990926,16:12:20,16:12:29,9,0:00:00,0:00:00,0,AGENT,16:12:28,16:15:03,155,AVNI
AA0103,36975,0,0,PS,990926,17:01:01,17:01:12,11,0:00:00,0:00:00,0,AGENT,17:01:11,17:01:50,39,SHARON
AA0103,36976,0,0,PS,990926,17:36:45,17:37:01,16,0:00:00,0:00:00,0,AGENT,17:37:00,17:39:17,137,DARMON
AA0103,36977,0,0,PS,990926,18:11:24,18:11:36,12,0:00:00,0:00:00,0,AGENT,18:11:35,18:11:46,11,NO_SERVER
AA0103,36978,0,0,PS,990926,18:42:21,18:42:33,12,0:00:00,0:00:00,0,AGENT,18:42:32,18:43:25,53,SHARON
AA0103,36979,0,0,PS,990926,19:23:29,19:23:52,23,0:00:00,0:00:00,0,AGENT,19:23:51,19:25:06,75,SHARON
AA0103,36980,0,0,PS,990926,20:12:15,20:12:29,14,0:00:00,0:00:00,0,AGENT,20:12:28,20:13:21,53,BENSION
AA0103,36981,0,0,NE,990926,21:08:31,21:08:41,10,0:00:00,0:00:00,0,AGENT,21:08:41,21:10:18,97,MORIAH
AA0103,36982,0,0,PS,990926,22:14:33,22:14:42,9,0:00:00,0:00:00,0,AGENT,22:14:41,22:37:17,1356,MORIAH
AA0103,36983,0,0,PS,990926,23:53:37,23:53:48,11,0:00:00,0:00:00,0,AGENT,23:53:48,23:55:36,108,BENSION
AA0103,36984,0,0,PS,990927,7:44:37,7:44:48,11,0:00:00,0:00:00,0,AGENT,7:44:47,7:46:05,78,TOVA
AA0103,36985,0,0,PS,990927,8:19:39,8:19:56,17,0:00:00,0:00:00,0,AGENT,8:19:55,8:23:50,235,ZOHARI
AA0103,36986,0,0,PS,990927,8:45:23,8:45:37,14,0:00:00,0:00:00,0,AGENT,8:45:36,8:54:01,505,ZOHARI
AA0103,36987,0,0,PS,990927,8:58:53,8:59:04,11,0:00:00,0:00:00,0,AGENT,8:59:02,9:00:27,85,TOVA
AA0103,36988,0,0,PS,990927,9:12:38,9:12:59,21,0:00:00,0:00:00,0,AGENT,9:12:58,9:15:14,136,BENSION
AA0103,36989,9696428,1,PS,990927,9:33:21,9:33:26,5,9:33:26,9:35:43,137,AGENT,9:35:43,9:40:00,257,ZOHARI
AA0103,36990,52146842,1,PS,990927,9:45:50,9:45:56,6,9:45:56,9:48:56,180,HANG,0:00:00,0:00:00,0,NO_SERVER
AA0103,36991,30663462,2,PS,990927,9:55:28,9:55:34,6,9:55:34,9:57:36,122,AGENT,9:57:35,10:02:06,271,YITZ
AA0103,36992,0,0,NW,990927,10:07:35,10:07:45,10,10:07:45,10:07:47,2,HANG,0:00:00,0:00:00,0,NO_SERVER
AA0103,36993,0,0,PS,990927,10:20:27,10:20:37,10,0:00:00,0:00:00,0,AGENT,10:20:36,10:25:01,265,BASCH
AA0103,36994,70397559,2,NE,990927,10:36:29,10:36:35,6,10:36:35,10:37:13,38,AGENT,10:37:13,10:40:26,193,BASCH
AA0103,36995,0,0,PS,990927,10:50:28,10:50:43,15,0:00:00,0:00:00,0,AGENT,10:50:42,10:53:02,140,YITZ
AA0103,36996,25124181,2,NE,990927,11:01:42,11:01:47,5,11:01:47,11:04:35,168,AGENT,11:04:34,11:09:14,280,BASCH
AA0103,36997,57918849,1,NE,990927,11:13:20,11:13:26,6,11:13:26,11:15:13,107,AGENT,11:15:13,11:16:40,87,TOVA
AA0103,36998,14755003,2,PS,990927,11:31:33,11:31:38,5,11:31:38,11:34:37,179,AGENT,11:34:36,11:38:52,256,ZOHARI
AA0103,36999,0,0,NW,990927,11:44:37,11:44:45,8,0:00:00,0:00:00,0,HANG,0:00:00,0:00:00,0,NO_SERVER
AA0103,37000,0,0,PS,990927,11:56:51,11:57:03,12,0:00:00,0:00:00,0,AGENT,11:57:02,11:59:32,150,ZOHARI
AA0103,37001,56078892,2,PS,990927,12:12:44,12:12:49,5,12:12:49,12:13:34,45,PHANTOM,12:13:33,12:13:37,4,NO_SERVER
AA0103,37002,52867744,2,PS,990927,12:29:28,12:29:33,5,12:29:33,12:30:19,46,AGENT,12:30:17,12:33:22,185,YITZ
AA0103,37003,0,0,PS,990927,12:45:22,12:45:31,9,0:00:00,0:00:00,0,AGENT,12:45:30,12:46:52,82,BASCH
AA0103,37004,31507361,1,PS,990927,12:56:20,12:56:25,5,12:56:25,12:56:45,20,HANG,0:00:00,0:00:00,0,NO_SERVER
AA0103,37005,0,0,NW,990927,13:11:12,13:11:21,9,13:11:21,13:12:49,88,AGENT,13:12:49,13:23:50,661,PINHAS
AA0103,37006,0,0,PS,990927,13:30:54,13:31:05,11,0:00:00,0:00:00,0,AGENT,13:31:05,13:31:57,52,BASCH
AA0103,37007,0,0,PS,990927,13:43:45,13:43:58,13,0:00:00,0:00:00,0,AGENT,13:43:58,13:44:59,61,BASCH
AA0103,37008,0,0,PS,990927,13:59:23,13:59:33,10,0:00:00,0:00:00,0,AGENT,13:59:33,14:01:47,134,YITZ
AA0103,37009,703074,2,PS,990927,14:14:02,14:14:07,5,14:14:07,14:15:16,69,AGENT,14:15:15,14:16:10,55,SHARON
AA0103,37010,68059401,1,PS,990927,14:26:54,14:27:00,6,14:27:00,14:27:38,38,AGENT,14:27:37,14:30:53,196,YITZ
AA0103,37011,0,0,PS,990927,14:43:57,14:44:10,13,0:00:00,0:00:00,0,AGENT,14:44:09,14:56:00,711,ZOHARI
AA0103,37012,320511223,1,PS,990927,15:01:58,15:02:04,6,15:02:04,15:02:16,12,AGENT,15:02:15,15:04:52,157,YITZ
AA0103,37013,0,0,PS,990927,15:29:47,15:29:56,9,0:00:00,0:00:00,0,AGENT,15:29:55,15:31:06,71,SHARON
AA0103,37014,0,0,PS,990927,16:19:02,16:19:13,11,0:00:00,0:00:00,0,AGENT,16:19:12,16:20:32,80,ANAT
AA0103,37015,0,0,NW,990927,16:35:08,16:35:18,10,16:35:18,16:35:59,41,AGENT,16:35:58,16:36:39,41,SHARON
AA0103,37016,0,0,NE,990927,17:15:54,17:16:03,9,0:00:00,0:00:00,0,AGENT,17:16:03,17:17:14,71,AVNI
AA0103,37017,0,0,NW,990927,17:44:15,17:44:28,13,0:00:00,0:00:00,0,AGENT,17:44:27,17:44:37,10,SHARON
AA0103,37018,0,0,PS,990927,18:23:43,18:23:52,9,0:00:00,0:00:00,0,AGENT,18:23:51,18:27:52,241,MORIAH
AA0103,37019,0,0,NE,990927,18:49:29,18:49:40,11,0:00:00,0:00:00,0,AGENT,18:49:39,18:51:13,94,GILI
AA0103,37020,0,0,PS,990927,19:29:46,19:29:55,9,0:00:00,0:00:00,0,AGENT,19:29:54,19:30:46,52,ANAT
AA0103,37021,0,0,PS,990927,20:17:41,20:17:50,9,0:00:00,0:00:00,0,AGENT,20:17:50,20:23:33,343,AVNI
AA0103,37022,0,0,PS,990927,21:08:39,21:08:51,12,0:00:00,0:00:00,0,AGENT,21:08:51,21:09:52,61,GILI
AA0103,37023,10604577,2,PS,990927,21:51:17,21:51:22,5,21:51:22,21:51:27,5,AGENT,21:51:26,21:54:38,192,AVNI
AA0103,37024,0,0,NW,990927,22:26:12,22:26:25,13,0:00:00,0:00:00,0,AGENT,22:26:24,22:28:50,146,AVNI
AA0103,37025,0,0,PS,990927,23:34:31,23:34:41,10,0:00:00,0:00:00,0,AGENT,23:34:40,23:37:34,174,SHARON
AA0103,37026,0,0,PE,990928,6:23:17,6:23:31,14,0:00:00,0:00:00,0,HANG,0:00:00,0:00:00,0,NO_SERVER
AA0103,37027,16517435,1,PS,990928,7:47:03,7:47:09,6,7:47:09,7:49:28,139,AGENT,7:49:27,7:51:06,99,YIFAT
AA0103,37028,59756973,1,PS,990928,8:22:55,8:23:00,5,8:23:00,8:24:25,85,HANG,0:00:00,0:00:00,0,NO_SERVER
AA0103,37029,28622710,1,PS,990928,8:46:21,8:46:27,6,8:46:27,8:49:21,174,AGENT,8:49:19,8:50:26,67,ANAT
AA0103,37030,0,0,NE,990928,9:02:38,9:02:54,16,0:00:00,0:00:00,0,AGENT,9:02:52,9:22:49,1197,ZOHARI
AA0103,37031,27215169,2,PS,990928,9:21:44,9:21:49,5,9:21:49,9:23:42,113,AGENT,9:23:42,9:23:55,13,AVNI
AA0103,37032,55617062,2,PS,990928,9:34:03,9:34:08,5,9:34:08,9:34:36,28,AGENT,9:34:35,9:36:29,114,AVNI
AA0103,37033,3501772,2,PS,990928,9:49:20,9:49:26,6,9:49:26,9:52:58,212,AGENT,9:52:57,9:53:48,51,ANAT
AA0103,37035,0,0,PS,990928,10:02:52,10:02:52,0,0:00:00,0:00:00,0,HANG,0:00:00,0:00:00,0,NO_SERVER
AA0103,37036,57831356,2,NE,990928,10:11:18,10:11:24,6,10:11:24,10:17:15,351,AGENT,10:17:14,10:17:53,39,ANAT
AA0103,37037,32370108,1,PS,990928,10:24:10,10:24:16,6,10:24:16,10:28:26,250,AGENT,10:28:25,10:29:12,47,YIFAT
AA0103,37038,0,0,NW,990928,10:35:50,10:35:59,9,10:35:59,10:36:33,34,HANG,0:00:00,0:00:00,0,NO_SERVER
AA0103,37039,55593479,1,PS,990928,10:47:49,10:47:54,5,10:47:54,10:48:24,30,AGENT,10:48:24,10:51:41,197,ANAT
AA0103,37040,6845861,2,PS,990928,10:57:51,10:57:57,6,10:57:57,10:58:35,38,HANG,0:00:00,0:00:00,0,NO_SERVER
AA0103,37041,22263115,2,PS,990928,11:10:16,11:10:22,6,11:10:22,11:10:55,33,AGENT,11:10:54,11:12:59,125,ANAT
AA0103,37042,0,0,NW,990928,11:21:09,11:21:18,9,11:21:18,11:23:41,143,AGENT,11:23:40,11:25:30,110,PINHAS
AA0103,37043,38341715,1,PS,990928,11:32:27,11:32:33,6,11:32:33,11:35:50,197,AGENT,11:35:49,11:37:02,73,YIFAT
AA0103,37044,22263115,2,PS,990928,11:42:14,11:42:19,5,11:42:19,11:43:49,90,HANG,0:00:00,0:00:00,0,NO_SERVER
AA0103,37045,54539366,1,PS,990928,11:53:21,11:53:26,5,11:53:26,11:59:09,343,AGENT,11:59:07,12:05:27,380,AVNI
AA0103,37046,33474602,2,PS,990928,12:05:46,12:05:52,6,12:05:52,12:12:16,384,AGENT,12:12:16,12:12:18,2,ANAT
AA0103,37047,28782944,1,PS,990928,12:19:46,12:19:51,5,12:19:51,12:30:58,667,PHANTOM,12:30:57,12:31:09,12,NO_SERVER
AA0103,37048,33474602,2,PS,990928,12:43:09,12:43:15,6,12:43:15,12:43:57,42,AGENT,12:43:57,12:49:46,349,YIFAT
AA0103,37049,0,0,NE,990928,12:54:51,12:55:00,9,0:00:00,0:00:00,0,AGENT,12:54:59,13:01:16,377,AVNI
AA0103,37050,25678095,1,PS,990928,13:05:31,13:05:36,5,13:05:36,13:06:34,58,HANG,0:00:00,0:00:00,0,NO_SERVER
AA0103,37051,0,0,PS,990928,13:21:23,13:21:32,9,0:00:00,0:00:00,0,AGENT,13:21:32,13:22:44,72,ANAT
AA0103,37052,58029430,1,PS,990928,13:39:53,13:39:59,6,13:39:59,13:40:32,33,PHANTOM,13:40:31,13:40:36,5,NO_SERVER
AA0103,37053,74780917,2,NE,990928,13:51:15,13:51:21,6,13:51:21,13:52:11,50,AGENT,13:52:10,13:57:00,290,AVNI
AA0103,37054,10858884,2,NE,990928,14:02:42,14:02:48,6,14:02:48,14:03:15,27,AGENT,14:03:14,14:10:36,442,BASCH
AA0103,37055,14504765,2,PS,990928,14:12:39,14:12:44,5,14:12:44,14:13:03,19,AGENT,14:13:02,14:20:00,418,YIFAT
AA0103,37056,44276616,2,PS,990928,14:26:30,14:26:36,6,14:26:36,14:26:51,15,AGENT,14:26:51,14:38:42,711,BASCH
AA0103,37057,48820351,2,NE,990928,14:48:11,14:48:16,5,14:48:16,14:49:14,58,AGENT,14:49:13,14:53:29,256,AVNI
AA0103,37058,32388746,2,PS,990928,15:05:26,15:05:31,5,15:05:31,15:06:56,85,HANG,0:00:00,0:00:00,0,NO_SERVER
AA0103,37059,0,0,PS,990928,15:45:14,15:45:23,9,0:00:00,0:00:00,0,AGENT,15:45:23,15:46:03,40,BASCH
AA0103,37060,0,0,PS,990928,16:13:43,16:13:52,9,0:00:00,0:00:00,0,AGENT,16:13:51,16:15:56,125,SHARON
AA0103,37061,0,0,PS,990928,16:38:42,16:38:51,9,0:00:00,0:00:00,0,AGENT,16:38:50,16:39:28,38,BASCH
AA0103,37062,0,0,PS,990928,17:09:18,17:09:27,9,0:00:00,0:00:00,0,AGENT,17:09:26,17:11:29,123,SHARON
AA0103,37063,0,0,PS,990928,17:37:04,17:37:18,14,0:00:00,0:00:00,0,AGENT,17:37:18,17:38:34,76,SHARON
AA0103,37064,65032120,2,PS,990928,17:54:03,17:54:08,5,17:54:08,17:54:53,45,AGENT,17:54:52,17:57:24,152,VICKY
AA0103,37065,8469256,1,PS,990928,18:19:17,18:19:23,6,18:19:23,18:20:04,41,AGENT,18:20:04,18:27:28,444,DORIT
AA0103,37066,0,0,PS,990928,19:04:50,19:05:00,10,0:00:00,0:00:00,0,AGENT,19:05:00,19:05:31,31,BASCH
AA0103,37067,0,0,NE,990928,20:12:48,20:12:58,10,0:00:00,0:00:00,0,AGENT,20:12:58,20:14:17,79,GILI
AA0103,37068,0,0,PS,990928,20:45:45,20:45:55,10,0:00:00,0:00:00,0,AGENT,20:45:55,20:46:55,60,SHARON
AA0103,37069,10634848,1,NE,990928,21:20:19,21:20:25,6,21:20:25,21:21:17,52,AGENT,21:21:16,21:21:52,36,SHARON
AA0103,37070,0,0,PS,990928,21:52:06,21:52:24,18,0:00:00,0:00:00,0,AGENT,21:52:23,21:54:43,140,SHARON
AA0103,37071,0,0,PS,990928,22:20:57,22:21:05,8,0:00:00,0:00:00,0,AGENT,22:21:05,22:21:36,31,SHARON
AA0103,37072,0,0,PS,990928,23:20:25,23:20:33,8,0:00:00,0:00:00,0,AGENT,23:20:33,23:21:37,64,GILI
AA0103,37073,0,0,PS,990929,6:41:39,6:41:56,17,0:00:00,0:00:00,0,HANG,0:00:00,0:00:00,0,NO_SERVER
AA0103,37074,0,0,PS,990929,7:47:23,7:47:37,14,0:00:00,0:00:00,0,AGENT,7:47:37,7:48:16,39,ANAT
AA0103,37075,0,0,PS,990929,8:24:47,8:24:59,12,0:00:00,0:00:00,0,AGENT,8:24:58,8:25:58,60,DORIT
AA0103,37076,0,0,NW,990929,8:40:41,8:40:51,10,8:40:51,8:41:54,63,HANG,0:00:00,0:00:00,0,NO_SERVER
AA0103,37077,0,0,NE,990929,8:57:21,8:57:31,10,0:00:00,0:00:00,0,AGENT,8:57:30,9:20:09,1359,ZOHARI
AA0103,37078,54145529,2,PS,990929,9:13:38,9:13:43,5,9:13:43,9:14:30,47,AGENT,9:14:29,9:17:27,178,YIFAT
AA0103,37079,0,0,PS,990929,9:29:21,9:29:32,11,0:00:00,0:00:00,0,AGENT,9:29:30,9:30:50,80,SHARON
AA0103,37080,59849067,2,PS,990929,9:41:28,9:41:33,5,9:41:33,9:42:20,47,AGENT,9:42:20,9:44:03,103,DORIT
AA0103,37081,52867744,2,PS,990929,9:50:21,9:50:27,6,9:50:27,9:53:26,179,AGENT,9:53:26,9:54:25,59,SHARON
AA0103,37082,58289786,2,PS,990929,10:05:03,10:05:08,5,10:05:08,10:05:33,25,HANG,0:00:00,0:00:00,0,NO_SERVER
AA0103,37083,0,0,PS,990929,10:14:25,10:14:35,10,0:00:00,0:00:00,0,AGENT,10:14:34,10:18:41,247,DORIT
AA0103,37084,43288190,2,PS,990929,10:24:56,10:25:02,6,10:25:02,10:25:21,19,AGENT,10:25:21,10:28:05,164,SHARON
AA0103,37085,10473262,2,PS,990929,10:36:22,10:36:28,6,10:36:28,10:37:57,89,AGENT,10:37:56,10:39:26,90,AVNI
AA0103,37086,27155795,1,PS,990929,10:48:00,10:48:06,6,10:48:06,10:48:13,7,AGENT,10:48:11,10:49:06,55,AVNI
AA0103,37088,0,0,PS,990929,10:59:43,10:59:43,0,0:00:00,0:00:00,0,HANG,0:00:00,0:00:00,0,NO_SERVER
AA0103,37089,703074,2,PS,990929,11:08:53,11:09:03,10,11:09:03,11:09:08,5,AGENT,11:09:02,11:14:11,309,YIFAT
AA0103,37090,63730469,1,PS,990929,11:20:14,11:20:20,6,11:20:20,11:22:41,141,AGENT,11:22:39,11:23:33,54,ANAT
AA0103,37091,57918849,1,NE,990929,11:34:21,11:34:27,6,11:34:27,11:36:44,137,AGENT,11:36:44,11:37:22,38,ANAT
AA0103,37092,58289786,2,PS,990929,11:49:48,11:49:54,6,11:49:54,11:50:24,30,AGENT,11:50:23,11:52:02,99,DORIT
AA0103,37093,0,0,PS,990929,12:02:31,12:02:39,8,0:00:00,0:00:00,0,AGENT,12:02:39,12:04:46,127,ANAT
AA0103,37094,25236241,1,PS,990929,12:09:22,12:09:27,5,12:09:27,12:11:43,136,HANG,0:00:00,0:00:00,0,NO_SERVER
AA0103,37095,40716193,1,NE,990929,12:20:41,12:20:46,5,12:20:46,12:22:53,127,PHANTOM,12:22:04,12:25:13,189,NO_SERVER
AA0103,37096,10500049,2,PS,990929,12:31:19,12:31:25,6,12:31:25,12:33:01,96,AGENT,12:33:00,12:35:27,147,YIFAT
AA0103,37097,33474602,2,PS,990929,12:44:17,12:44:23,6,12:44:23,12:44:36,13,AGENT,12:44:34,12:49:00,266,YIFAT
AA0103,37098,54556444,1,PS,990929,13:00:03,13:00:08,5,13:00:08,13:00:19,11,HANG,0:00:00,0:00:00,0,NO_SERVER
AA0103,37099,0,0,PS,990929,13:16:05,13:16:18,13,0:00:00,0:00:00,0,AGENT,13:16:17,13:17:57,100,DORIT
AA0103,37100,0,0,PS,990929,13:29:38,13:29:48,10,0:00:00,0:00:00,0,AGENT,13:29:47,13:30:53,66,ANAT
AA0103,37101,0,0,PS,990929,13:44:21,13:44:34,13,0:00:00,0:00:00,0,AGENT,13:44:33,13:52:06,453,SHARON
AA0103,37102,24442634,2,PS,990929,13:55:26,13:55:31,5,13:55:31,13:56:01,30,AGENT,13:56:00,13:57:00,60,BASCH
AA0103,37103,48820351,2,NE,990929,14:07:42,14:07:47,5,14:07:47,14:09:26,99,AGENT,14:09:25,14:26:36,1031,SHARON
AA0103,37104,30712699,2,NE,990929,14:19:15,14:19:21,6,14:19:21,14:20:11,50,AGENT,14:20:10,14:22:45,155,BASCH
AA0103,37105,54128681,2,PS,990929,14:29:56,14:30:02,6,14:30:02,14:30:06,4,AGENT,14:30:05,14:31:35,90,SHARON
AA0103,37106,14504765,2,PS,990929,14:49:17,14:49:22,5,14:49:22,14:49:37,15,AGENT,14:49:36,14:52:45,189,AVNI
AA0103,37107,57831356,2,NE,990929,15:24:20,15:24:26,6,15:24:26,15:25:43,77,AGENT,15:25:42,15:26:02,20,BASCH
AA0103,37108,0,0,PS,990929,15:50:52,15:51:07,15,0:00:00,0:00:00,0,AGENT,15:51:06,15:53:26,140,DORIT
AA0103,37109,0,0,NE,990929,16:20:33,16:20:43,10,0:00:00,0:00:00,0,AGENT,16:20:42,16:21:41,59,VICKY
AA0103,37110,0,0,PS,990929,16:46:01,16:46:11,10,0:00:00,0:00:00,0,AGENT,16:46:10,16:47:22,72,BASCH
AA0103,37111,0,0,PS,990929,17:30:07,17:30:15,8,0:00:00,0:00:00,0,AGENT,17:30:15,17:32:40,145,STEREN
AA0103,37112,0,0,PS,990929,17:55:36,17:55:47,11,0:00:00,0:00:00,0,AGENT,17:55:46,17:57:54,128,BASCH
AA0103,37113,0,0,NE,990929,18:20:02,18:20:18,16,0:00:00,0:00:00,0,AGENT,18:20:17,18:21:16,59,BASCH
AA0103,37114,0,0,PS,990929,18:48:37,18:48:47,10,0:00:00,0:00:00,0,AGENT,18:48:46,18:50:04,78,GILI
AA0103,37115,0,0,PS,990929,19:14:41,19:14:49,8,0:00:00,0:00:00,0,AGENT,19:14:49,19:15:27,38,GILI
AA0103,37116,22791180,2,PS,990929,19:34:54,19:34:59,5,19:34:59,19:35:48,49,AGENT,19:35:47,19:37:07,80,MEIR
AA0103,37117,0,0,NE,990929,20:21:56,20:22:05,9,0:00:00,0:00:00,0,AGENT,20:22:04,20:23:34,90,VICKY
AA0103,37118,0,0,PS,990929,20:47:09,20:47:19,10,0:00:00,0:00:00,0,AGENT,20:47:18,20:48:41,83,STEREN
AA0103,37119,0,0,PS,990929,21:26:49,21:26:59,10,0:00:00,0:00:00,0,AGENT,21:26:58,21:27:59,61,VICKY
AA0103,37120,57758849,1,PS,990929,22:00:23,22:00:29,6,22:00:29,22:02:03,94,AGENT,22:02:03,22:02:48,45,DARMON
AA0103,37121,4253746,1,PS,990929,22:45:17,22:45:23,6,22:45:23,22:49:53,270,AGENT,22:49:53,22:52:20,147,DARMON
AA0103,37122,0,0,NW,990929,23:46:16,23:46:31,15,0:00:00,0:00:00,0,AGENT,23:46:30,23:46:38,8,NO_SERVER
AA0103,37123,0,0,NW,990930,6:13:34,6:14:05,31,0:00:00,0:00:00,0,HANG,0:00:00,0:00:00,0,NO_SERVER
AA0103,37124,0,0,PS,990930,7:45:04,7:45:14,10,0:00:00,0:00:00,0,AGENT,7:45:13,7:49:41,268,ANAT
AA0103,37125,0,0,PS,990930,8:22:14,8:22:28,14,0:00:00,0:00:00,0,AGENT,8:22:27,8:23:31,64,TOVA
AA0103,37126,0,0,PS,990930,8:46:56,8:47:06,10,0:00:00,0:00:00,0,AGENT,8:47:06,8:48:32,86,ANAT
AA0103,37127,0,0,NW,990930,8:58:20,8:58:34,14,0:00:00,0:00:00,0,AGENT,8:58:33,9:00:12,99,ANAT
AA0103,37128,0,0,NW,990930,9:13:44,9:13:50,6,9:13:50,9:16:44,174,HANG,0:00:00,0:00:00,0,NO_SERVER
AA0103,37129,0,0,PS,990930,9:31:02,9:31:11,9,0:00:00,0:00:00,0,AGENT,9:31:11,9:36:30,319,ANAT
AA0103,37130,0,0,PS,990930,9:43:51,9:44:00,9,0:00:00,0:00:00,0,AGENT,9:43:59,9:48:20,261,ANAT
AA0103,37131,0,0,NW,990930,9:54:00,9:54:09,9,9:54:09,9:56:42,153,HANG,0:00:00,0:00:00,0,NO_SERVER
AA0103,37132,25551011,1,PS,990930,10:02:39,10:02:45,6,10:02:45,10:05:47,182,AGENT,10:05:46,10:07:16,90,ROTH
AA0103,37133,0,0,PS,990930,10:21:31,10:21:40,9,0:00:00,0:00:00,0,AGENT,10:21:39,10:22:31,52,ROTH
AA0103,37134,0,0,PS,990930,10:35:54,10:36:05,11,0:00:00,0:00:00,0,AGENT,10:36:03,10:41:26,323,YIFAT
AA0103,37135,58704610,2,PS,990930,10:47:45,10:47:50,5,10:47:50,10:48:30,40,AGENT,10:48:29,10:50:00,91,TOVA
AA0103,37136,0,0,NW,990930,11:00:48,11:00:57,9,11:00:57,11:05:20,263,AGENT,11:05:19,11:06:20,61,ROTH
AA0103,37137,50347749,1,NE,990930,11:12:39,11:12:44,5,11:12:44,11:17:08,264,AGENT,11:17:07,11:17:10,3,ANAT
AA0103,37138,58859752,2,PS,990930,11:20:06,11:20:11,5,11:20:11,11:20:20,9,HANG,0:00:00,0:00:00,0,NO_SERVER
AA0103,37139,58859752,2,PS,990930,11:24:05,11:24:10,5,11:24:10,11:26:29,139,AGENT,11:26:28,11:27:55,87,TOVA
AA0103,37140,32292880,1,PS,990930,11:31:47,11:31:52,5,11:31:52,11:36:00,248,AGENT,11:35:58,11:36:01,3,YIFAT
AA0103,37141,0,0,NW,990930,11:42:19,11:42:29,10,11:42:29,11:42:57,28,HANG,0:00:00,0:00:00,0,NO_SERVER
AA0103,37142,32398034,2,PS,990930,11:46:44,11:46:50,6,11:46:50,11:49:04,134,AGENT,11:49:03,11:50:56,113,ANAT
AA0103,37143,69687275,2,PS,990930,11:55:30,11:55:36,6,11:55:36,11:57:25,109,AGENT,11:57:24,11:58:21,57,TOVA
AA0103,37144,68509728,2,PS,990930,12:04:01,12:04:07,6,12:04:07,12:06:47,160,AGENT,12:06:46,12:12:14,328,TOVA
AA0103,37145,0,0,NW,990930,12:14:58,12:15:07,9,12:15:07,12:16:40,93,PHANTOM,12:16:39,12:16:43,4,NO_SERVER
AA0103,37146,14229553,1,PS,990930,12:27:01,12:27:06,5,12:27:06,12:27:11,5,HANG,0:00:00,0:00:00,0,NO_SERVER
AA0103,37147,0,0,PS,990930,12:49:34,12:49:43,9,0:00:00,0:00:00,0,AGENT,12:49:42,12:54:39,297,ROTH
AA0103,37148,0,0,PS,990930,13:03:40,13:03:52,12,0:00:00,0:00:00,0,AGENT,13:03:52,13:05:09,77,YIFAT
AA0103,37149,25246380,2,PS,990930,13:22:40,13:22:46,6,13:22:46,13:23:11,25,AGENT,13:23:10,13:27:31,261,YIFAT
AA0103,37150,0,0,PS,990930,13:39:03,13:39:20,17,0:00:00,0:00:00,0,AGENT,13:39:19,13:41:05,106,SHARON
AA0103,37151,58029430,1,PS,990930,13:53:09,13:53:15,6,13:53:15,13:59:58,403,AGENT,13:59:57,14:00:09,12,SHARON
AA0103,37152,32156499,1,PS,990930,14:08:59,14:09:05,6,14:09:05,14:16:05,420,AGENT,14:16:05,14:18:16,131,ZOHARI
AA0103,37153,79727962,2,PS,990930,14:25:02,14:25:08,6,14:25:08,14:25:19,11,HANG,0:00:00,0:00:00,0,NO_SERVER
AA0103,37154,74780917,2,NE,990930,14:35:59,14:36:05,6,14:36:05,14:36:22,17,AGENT,14:36:21,14:41:02,281,ELI
AA0103,37155,57253494,1,PS,990930,14:54:49,14:54:55,6,14:54:55,14:55:50,55,AGENT,14:55:50,15:08:41,771,ZOHARI
AA0103,37156,0,0,NW,990930,15:22:07,15:22:21,14,0:00:00,0:00:00,0,AGENT,15:22:20,15:24:20,120,YITZ
AA0103,37157,0,0,PS,990930,15:54:24,15:54:33,9,0:00:00,0:00:00,0,AGENT,15:54:33,15:55:31,58,STEREN
AA0103,37158,0,0,PS,990930,16:22:47,16:22:56,9,0:00:00,0:00:00,0,AGENT,16:22:55,16:24:41,106,ROTH
AA0103,37159,0,0,PS,990930,16:40:20,16:40:32,12,0:00:00,0:00:00,0,AGENT,16:40:31,16:41:46,75,STEREN
AA0103,37160,0,0,PS,990930,16:57:00,16:57:09,9,0:00:00,0:00:00,0,AGENT,16:57:08,16:58:34,86,AVNI
AA0103,37161,0,0,PS,990930,17:24:57,17:25:06,9,0:00:00,0:00:00,0,AGENT,17:25:05,17:25:29,24,VICKY
AA0103,37162,0,0,PS,990930,18:07:23,18:07:33,10,0:00:00,0:00:00,0,AGENT,18:07:32,18:08:42,70,VICKY
AA0103,37163,0,0,NE,990930,18:42:53,18:43:05,12,0:00:00,0:00:00,0,AGENT,18:43:04,18:46:58,234,MEIR
AA0103,37164,0,0,PS,990930,19:31:28,19:31:38,10,0:00:00,0:00:00,0,AGENT,19:31:37,19:34:07,150,VICKY
AA0103,37165,12771366,2,PS,990930,20:06:09,20:06:31,22,20:06:31,20:06:52,21,AGENT,20:06:51,20:07:23,32,STEREN
AA0103,37166,22358394,2,PS,990930,20:49:17,20:49:39,22,20:49:39,20:49:42,3,AGENT,20:49:42,20:51:01,79,VICKY
AA0103,37167,0,0,PS,990930,21:25:21,21:25:30,9,0:00:00,0:00:00,0,AGENT,21:25:29,21:27:16,107,STEREN
AA0103,37168,0,0,PS,990930,22:13:09,22:13:18,9,0:00:00,0:00:00,0,AGENT,22:13:18,22:14:19,61,AVNI
AA0103,37169,0,0,NE,990930,23:07:28,23:07:36,8,0:00:00,0:00:00,0,AGENT,23:07:36,23:08:35,59,VICKY
AA0104,32463,0,0,PS,990901,0:41:13,0:41:40,27,0:00:00,0:00:00,0,HANG,0:00:00,0:00:00,0,NO_SERVER
AA0104,32464,12196937,2,PS,990901,7:02:24,7:02:30,6,7:02:30,7:02:49,19,AGENT,7:02:49,7:03:30,41,DORIT
AA0104,32465,0,0,PS,990901,7:37:29,7:37:38,9,0:00:00,0:00:00,0,AGENT,7:37:37,7:40:26,169,DORIT
AA0104,32466,0,0,PS,990901,8:02:05,8:02:13,8,0:00:00,0:00:00,0,AGENT,8:02:13,8:03:08,55,BASCH
AA0104,32467,0,0,PS,990901,8:13:53,8:14:02,9,0:00:00,0:00:00,0,AGENT,8:14:01,8:17:26,205,STEREN
AA0104,32468,0,0,NW,990901,8:31:54,8:32:08,14,0:00:00,0:00:00,0,AGENT,8:32:08,8:33:17,69,ZOHARI
AA0104,32469,0,0,PS,990901,8:43:07,8:43:24,17,0:00:00,0:00:00,0,AGENT,8:43:18,8:47:47,269,SHARON
AA0104,32470,0,0,PS,990901,8:57:20,8:57:31,11,0:00:00,0:00:00,0,AGENT,8:57:30,8:59:20,110,SHARON
AA0104,32471,0,0,NW,990901,9:07:30,9:07:40,10,9:07:40,9:09:26,106,AGENT,9:09:25,9:11:46,141,BASCH
AA0104,32472,0,0,PS,990901,9:21:26,9:21:42,16,0:00:00,0:00:00,0,AGENT,9:21:40,9:24:07,147,STEREN
AA0104,32473,0,0,PS,990901,9:32:41,9:32:51,10,0:00:00,0:00:00,0,AGENT,9:32:49,9:35:01,132,ROTH
AA0104,32474,0,0,NE,990901,9:43:04,9:43:16,12,0:00:00,0:00:00,0,AGENT,9:43:15,9:44:50,95,ELI
AA0104,32475,0,0,PS,990901,9:51:57,9:52:06,9,0:00:00,0:00:00,0,AGENT,9:52:05,9:54:10,125,NAAMA
AA0104,32476,0,0,PS,990901,10:02:04,10:02:16,12,0:00:00,0:00:00,0,AGENT,10:02:15,10:05:27,192,BASCH
AA0104,32477,50347749,1,NE,990901,10:11:55,10:12:00,5,10:12:00,10:14:49,169,AGENT,10:14:48,10:20:17,329,STEREN
AA0104,32478,0,0,PS,990901,10:25:33,10:25:44,11,0:00:00,0:00:00,0,AGENT,10:25:43,10:27:32,109,YITZ
AA0104,32479,0,0,PS,990901,10:34:49,10:34:59,10,0:00:00,0:00:00,0,AGENT,10:34:59,10:39:21,262,SHARON
AA0104,32480,0,0,PS,990901,10:43:30,10:43:41,11,0:00:00,0:00:00,0,AGENT,10:43:40,10:46:36,176,BASCH
AA0104,32481,0,0,NE,990901,10:58:58,10:59:08,10,0:00:00,0:00:00,0,AGENT,10:59:08,11:00:18,70,BASCH
AA0104,32482,51929339,2,PS,990901,11:07:48,11:07:54,6,11:07:54,11:09:10,76,AGENT,11:09:09,11:20:46,697,ROTH
AA0104,32483,27429448,2,PS,990901,11:19:46,11:19:52,6,11:19:52,11:21:21,89,HANG,0:00:00,0:00:00,0,NO_SERVER
AA0104,32484,0,0,NE,990901,11:35:48,11:35:56,8,0:00:00,0:00:00,0,AGENT,11:35:55,11:37:13,78,NAAMA
AA0104,32485,53622395,1,PS,990901,11:44:24,11:44:29,5,11:44:29,11:47:42,193,AGENT,11:47:41,11:48:31,50,ROTH
AA0104,32486,0,0,PS,990901,12:00:03,12:00:16,13,0:00:00,0:00:00,0,AGENT,12:00:16,12:04:46,270,SHARON
AA0104,32487,0,0,NW,990901,12:12:51,12:13:01,10,12:13:01,12:13:14,13,AGENT,12:13:12,12:13:56,44,AVNI
AA0104,32488,0,0,PS,990901,12:25:10,12:25:18,8,0:00:00,0:00:00,0,AGENT,12:25:18,12:25:29,11,ROTH
AA0104,32489,0,0,PS,990901,12:42:37,12:42:46,9,0:00:00,0:00:00,0,AGENT,12:42:45,12:44:40,115,DORIT
AA0104,32490,24927717,1,PS,990901,12:51:55,12:52:00,5,12:52:00,12:54:20,140,AGENT,12:54:19,12:57:09,170,BASCH
AA0104,32491,0,0,PS,990901,13:08:26,13:08:39,13,0:00:00,0:00:00,0,AGENT,13:08:37,13:10:28,111,ZOHARI
AA0104,32492,0,0,PS,990901,13:26:11,13:26:20,9,0:00:00,0:00:00,0,AGENT,13:26:19,13:32:53,394,ROTH
AA0104,32493,0,0,PS,990901,13:39:54,13:40:04,10,0:00:00,0:00:00,0,AGENT,13:40:03,13:48:18,495,ZOHARI
AA0104,32494,0,0,PS,990901,13:51:40,13:51:51,11,0:00:00,0:00:00,0,AGENT,13:51:50,13:53:11,81,SHARON
AA0104,32495,0,0,PS,990901,14:02:37,14:02:46,9,0:00:00,0:00:00,0,HANG,0:00:00,0:00:00,0,NO_SERVER
AA0104,32496,0,0,PS,990901,14:14:00,14:14:10,10,0:00:00,0:00:00,0,AGENT,14:14:10,14:15:57,107,DORIT
AA0104,32497,0,0,PS,990901,14:27:21,14:27:35,14,0:00:00,0:00:00,0,AGENT,14:27:34,14:30:47,193,BENSION
AA0104,32498,0,0,PS,990901,14:37:01,14:37:10,9,0:00:00,0:00:00,0,AGENT,14:37:09,14:38:19,70,SHARON
AA0104,32499,0,0,PS,990901,14:46:35,14:46:49,14,0:00:00,0:00:00,0,AGENT,14:46:48,14:47:45,57,BENSION
AA0104,32500,0,0,NW,990901,15:00:18,15:00:33,15,0:00:00,0:00:00,0,AGENT,15:00:32,15:01:23,51,BENSION
AA0104,32501,0,0,PS,990901,15:14:12,15:14:21,9,0:00:00,0:00:00,0,AGENT,15:14:20,15:18:05,225,ANAT
AA0104,32502,0,0,PS,990901,15:23:33,15:23:45,12,0:00:00,0:00:00,0,AGENT,15:23:45,15:24:58,73,TOVA
AA0104,32503,0,0,NE,990901,15:34:16,15:34:25,9,0:00:00,0:00:00,0,AGENT,15:34:24,15:34:26,2,MORIAH
AA0104,32504,0,0,PS,990901,15:44:05,15:44:16,11,0:00:00,0:00:00,0,AGENT,15:44:15,15:47:23,188,TOVA
AA0104,32505,560292,1,PS,990901,15:54:38,15:54:43,5,15:54:43,15:55:30,47,AGENT,15:55:29,15:57:10,101,AVNI
AA0104,32506,0,0,NW,990901,16:12:13,16:12:27,14,0:00:00,0:00:00,0,AGENT,16:12:26,16:12:54,28,BENSION
AA0104,32507,0,0,PS,990901,16:35:06,16:35:17,11,0:00:00,0:00:00,0,AGENT,16:35:16,16:36:43,87,ANAT
AA0104,32508,0,0,PS,990901,16:49:23,16:49:31,8,0:00:00,0:00:00,0,AGENT,16:49:31,16:49:34,3,NO_SERVER
AA0104,32509,0,0,NW,990901,16:59:39,16:59:49,10,16:59:49,17:00:54,65,AGENT,17:00:54,17:09:12,498,VICKY
AA0104,32510,24979353,1,PS,990901,17:17:20,17:17:26,6,17:17:26,17:17:39,13,AGENT,17:17:38,17:19:45,127,BENSION
AA0104,32511,0,0,NE,990901,17:38:23,17:38:33,10,0:00:00,0:00:00,0,AGENT,17:38:32,17:39:23,51,MORIAH
AA0104,32512,0,0,PS,990901,17:52:12,17:52:24,12,0:00:00,0:00:00,0,AGENT,17:52:24,17:53:06,42,ANAT
AA0104,32513,27187301,1,PS,990901,18:12:57,18:13:02,5,18:13:02,18:15:08,126,AGENT,18:15:08,18:16:52,104,ANAT
AA0104,32514,0,0,NW,990901,18:29:42,18:29:55,13,0:00:00,0:00:00,0,AGENT,18:29:54,18:34:26,272,VICKY
AA0104,32515,0,0,NW,990901,18:51:24,18:51:43,19,0:00:00,0:00:00,0,AGENT,18:51:42,18:52:02,20,BENSION
AA0104,32516,0,0,PS,990901,19:18:45,19:18:56,11,0:00:00,0:00:00,0,AGENT,19:18:56,19:20:00,64,TOVA
AA0104,32517,0,0,NW,990901,19:38:36,19:38:50,14,0:00:00,0:00:00,0,AGENT,19:38:49,19:39:54,65,VICKY
AA0104,32518,0,0,NW,990901,20:05:34,20:05:47,13,0:00:00,0:00:00,0,AGENT,20:05:46,20:06:13,27,BENSION
AA0104,32519,0,0,PS,990901,20:23:42,20:23:55,13,0:00:00,0:00:00,0,AGENT,20:23:55,20:25:21,86,VICKY
AA0104,32520,55528616,1,PS,990901,20:33:58,20:34:03,5,20:34:03,20:35:12,69,AGENT,20:35:11,20:35:46,35,MEIR
AA0104,32521,3852118,1,PS,990901,20:49:16,20:49:21,5,20:49:21,20:49:38,17,AGENT,20:49:37,20:49:38,1,AVI
AA0104,32522,2709533,2,PS,990901,21:02:31,21:02:36,5,21:02:36,21:02:46,10,AGENT,21:02:45,21:03:33,48,VICKY
AA0104,32523,0,0,PS,990901,21:23:13,21:23:26,13,0:00:00,0:00:00,0,AGENT,21:23:25,21:25:19,114,MEIR
AA0104,32524,0,0,PS,990901,21:46:47,21:47:01,14,0:00:00,0:00:00,0,AGENT,21:47:00,21:48:48,108,DARMON
AA0104,32525,28647535,1,PS,990901,22:03:56,22:04:02,6,22:04:02,22:09:41,339,AGENT,22:09:40,22:11:06,86,VICKY
AA0104,32526,0,0,PS,990901,22:24:10,22:24:19,9,0:00:00,0:00:00,0,AGENT,22:24:18,22:26:12,114,VICKY
AA0104,32527,0,0,PS,990901,22:45:51,22:46:00,9,0:00:00,0:00:00,0,AGENT,22:46:00,22:47:09,69,VICKY
AA0104,32528,23880008,1,PS,990901,23:03:30,23:03:36,6,23:03:36,23:04:24,48,AGENT,23:04:23,23:05:43,80,DARMON
AA0104,32529,27380047,2,PS,990901,23:28:24,23:28:30,6,23:28:30,23:29:19,49,AGENT,23:29:19,23:29:56,37,VICKY
AA0104,32530,0,0,NW,990902,0:01:40,0:02:17,37,0:00:00,0:00:00,0,HANG,0:00:00,0:00:00,0,NO_SERVER
AA0104,32531,25478850,1,PS,990902,7:24:43,7:25:05,22,7:25:05,7:25:18,13,AGENT,7:25:17,7:26:27,70,YIFAT
AA0104,32532,0,0,PS,990902,7:50:56,7:51:05,9,0:00:00,0:00:00,0,AGENT,7:51:04,7:58:52,468,MORIAH
AA0104,32533,0,0,PS,990902,8:18:20,8:18:30,10,0:00:00,0:00:00,0,AGENT,8:18:29,8:19:57,88,STEREN
AA0104,32534,64931,2,PS,990902,8:30:31,8:30:36,5,8:30:36,8:30:46,10,AGENT,8:30:45,8:33:07,142,MORIAH
AA0104,32535,56135726,2,PS,990902,8:41:43,8:41:49,6,8:41:49,8:42:29,40,HANG,0:00:00,0:00:00,0,NO_SERVER
AA0104,32536,42150284,2,PS,990902,8:49:04,8:49:09,5,8:49:09,8:50:45,96,AGENT,8:50:44,8:51:31,47,TOVA
AA0104,32537,1426659,2,NE,990902,8:58:02,8:58:07,5,8:58:07,8:59:33,86,AGENT,8:59:33,9:08:18,525,ZOHARI
AA0104,32538,30442495,2,PS,990902,9:08:28,9:08:33,5,9:08:33,9:09:56,83,AGENT,9:09:55,9:17:37,462,ANAT
AA0104,32539,0,0,PS,990902,9:23:38,9:23:48,10,0:00:00,0:00:00,0,AGENT,9:23:47,9:25:28,101,ANAT
AA0104,32540,33474602,2,PS,990902,9:33:34,9:33:39,5,9:33:39,9:36:01,142,AGENT,9:36:01,9:36:02,1,MORIAH
AA0104,32541,45566833,2,PS,990902,9:44:01,9:44:07,6,9:44:07,9:45:00,53,AGENT,9:45:00,9:46:55,115,ROTH
AA0104,32542,0,0,NW,990902,9:52:54,9:53:04,10,9:53:04,9:55:05,121,HANG,0:00:00,0:00:00,0,NO_SERVER
AA0104,32543,56091879,1,PS,990902,10:02:39,10:02:44,5,10:02:44,10:03:07,23,AGENT,10:03:06,10:03:57,51,ANAT
AA0104,32544,24947061,2,PS,990902,10:11:48,10:11:54,6,10:11:54,10:13:55,121,AGENT,10:13:53,10:15:23,90,ANAT
AA0104,32545,7915192,2,PS,990902,10:19:36,10:19:41,5,10:19:41,10:22:34,173,AGENT,10:22:33,10:30:46,493,ZOHARI
AA0104,32546,37635950,2,PS,990902,10:26:29,10:26:34,5,10:26:34,10:27:08,34,AGENT,10:27:06,10:27:51,45,ROTH
AA0104,32547,11221934,2,PS,990902,10:32:40,10:32:45,5,10:32:45,10:33:56,71,AGENT,10:33:55,10:35:49,114,MORIAH
AA0104,32548,10473262,2,PS,990902,10:38:00,10:38:05,5,10:38:05,10:38:20,15,HANG,0:00:00,0:00:00,0,NO_SERVER
AA0104,32549,10473262,2,PS,990902,10:41:29,10:41:35,6,10:41:35,10:42:38,63,HANG,0:00:00,0:00:00,0,NO_SERVER
AA0104,32550,55921597,1,NE,990902,10:45:40,10:45:45,5,10:45:45,10:49:45,240,AGENT,10:49:44,10:52:14,150,ANAT
AA0104,32551,15239874,2,PS,990902,10:55:34,10:55:39,5,10:55:39,10:56:17,38,AGENT,10:56:16,10:56:18,2,MORIAH
AA0104,32552,68319755,2,PS,990902,11:03:08,11:03:14,6,11:03:14,11:04:27,73,AGENT,11:04:25,11:07:26,181,ROTH
AA0104,32553,17299231,2,PS,990902,11:09:57,11:10:02,5,11:10:02,11:11:53,111,AGENT,11:11:51,11:13:17,86,DARMON
AA0104,32554,59270009,2,PS,990902,11:15:45,11:15:50,5,11:15:50,11:16:22,32,AGENT,11:16:22,11:19:47,205,TOVA
AA0104,32555,24927717,1,PS,990902,11:22:37,11:22:43,6,11:22:43,11:24:10,87,HANG,0:00:00,0:00:00,0,NO_SERVER
AA0104,32556,0,0,PS,990902,11:27:56,11:31:38,222,0:00:00,0:00:00,0,HANG,0:00:00,0:00:00,0,NO_SERVER
AA0104,32557,0,0,NW,990902,11:40:05,11:40:21,16,0:00:00,0:00:00,0,AGENT,11:40:20,11:43:16,176,MORIAH
AA0104,32558,23793540,1,PS,990902,11:47:16,11:47:22,6,11:47:22,11:47:39,17,AGENT,11:47:38,11:49:15,97,STEREN
AA0104,32559,11437209,2,PE,990902,11:54:52,11:54:56,4,11:54:56,11:56:30,94,HANG,0:00:00,0:00:00,0,NO_SERVER
AA0104,32560,0,0,PS,990902,12:08:03,12:08:11,8,0:00:00,0:00:00,0,AGENT,12:08:10,12:10:13,123,STEREN
AA0104,32561,0,0,PS,990902,12:16:33,12:16:41,8,0:00:00,0:00:00,0,AGENT,12:16:40,12:27:03,623,STEREN
AA0104,32562,5181458,2,PS,990902,12:27:11,12:27:17,6,12:27:17,12:27:23,6,AGENT,12:27:22,12:30:01,159,ZOHARI
AA0104,32563,24551178,1,PS,990902,12:39:53,12:39:58,5,12:39:58,12:41:09,71,AGENT,12:41:09,12:41:18,9,TOVA
AA0104,32564,57464265,2,PS,990902,12:45:44,12:45:49,5,12:45:49,12:46:29,40,AGENT,12:46:28,12:47:43,75,ZOHARI
AA0104,32565,27919059,1,PS,990902,12:55:15,12:55:21,6,12:55:21,12:57:26,125,AGENT,12:57:25,13:00:12,167,MORIAH
AA0104,32566,0,0,PS,990902,13:06:44,13:06:54,10,0:00:00,0:00:00,0,AGENT,13:06:53,13:10:46,233,TOVA
AA0104,32567,32323388,1,PS,990902,13:16:53,13:16:59,6,13:16:59,13:17:42,43,AGENT,13:17:42,13:18:49,67,STEREN
AA0104,32568,23004922,1,PS,990902,13:24:50,13:24:55,5,13:24:55,13:25:17,22,AGENT,13:25:16,13:26:57,101,STEREN
AA0104,32569,23530603,2,PS,990902,13:36:38,13:36:44,6,13:36:44,13:37:32,48,AGENT,13:37:30,13:39:20,110,ZOHARI
AA0104,32570,0,0,PS,990902,13:51:16,13:51:27,11,0:00:00,0:00:00,0,AGENT,13:51:25,13:53:03,98,ZOHARI
AA0104,32571,22456891,1,PS,990902,14:01:07,14:01:12,5,14:01:12,14:01:35,23,AGENT,14:01:34,14:03:40,126,STEREN
AA0104,32572,0,0,NW,990902,14:11:06,14:11:15,9,14:11:15,14:11:53,38,AGENT,14:11:52,14:12:55,63,STEREN
AA0104,32573,9682923,2,PS,990902,14:23:01,14:23:07,6,14:23:07,14:23:36,29,HANG,0:00:00,0:00:00,0,NO_SERVER
AA0104,32574,24573826,1,PS,990902,14:30:46,14:30:52,6,14:30:52,14:30:59,7,HANG,0:00:00,0:00:00,0,NO_SERVER
AA0104,32575,0,0,NW,990902,14:39:05,14:39:15,10,14:39:15,14:41:03,108,AGENT,14:41:02,14:42:15,73,STEREN
AA0104,32576,24544504,2,PS,990902,14:50:44,14:50:50,6,14:50:50,14:51:23,33,HANG,0:00:00,0:00:00,0,NO_SERVER
AA0104,32577,32283681,1,PS,990902,14:59:47,14:59:53,6,14:59:53,15:03:18,205,AGENT,15:03:18,15:03:27,9,KAZAV
AA0104,32578,58114869,2,PS,990902,15:10:53,15:10:58,5,15:10:58,15:14:17,199,AGENT,15:14:16,15:16:04,108,ZOHARI
AA0104,32579,28083079,1,PS,990902,15:24:05,15:24:11,6,15:24:11,15:25:02,51,AGENT,0:00:00,0:00:00,0,AVI
AA0104,32580,10858884,2,NE,990902,15:35:02,15:35:08,6,15:35:08,15:36:21,73,AGENT,15:36:20,15:36:39,19,ELI
AA0104,32581,58704610,2,PS,990902,15:43:17,15:43:23,6,15:43:23,15:48:15,292,AGENT,15:48:14,15:50:47,153,STEREN
AA0104,32582,78191137,2,PS,990902,15:55:08,15:55:14,6,15:55:14,15:56:10,56,AGENT,15:56:09,15:58:26,137,BASCH
AA0104,32583,54128681,2,PS,990902,16:04:29,16:04:34,5,16:04:34,16:05:59,85,AGENT,16:05:59,16:08:53,174,VICKY
AA0104,32584,54326699,2,PS,990902,16:12:09,16:12:15,6,16:12:15,16:14:49,154,AGENT,16:14:48,16:15:53,65,AVI
AA0104,32585,54042171,2,NE,990902,16:21:00,16:21:06,6,16:21:06,16:22:11,65,AGENT,16:22:10,16:22:11,1,VICKY
AA0104,32586,13932769,2,PS,990902,16:28:41,16:28:46,5,16:28:46,16:29:34,48,AGENT,16:29:33,16:34:00,267,PINHAS
AA0104,32587,0,0,PS,990902,16:36:45,16:36:56,11,0:00:00,0:00:00,0,AGENT,16:36:56,16:44:12,436,YITZ
AA0104,32588,0,0,NW,990902,16:45:50,16:46:00,10,16:46:00,16:47:57,117,AGENT,16:47:56,16:48:42,46,VICKY
AA0104,32589,0,0,NW,990902,16:58:14,16:58:23,9,16:58:23,17:01:17,174,AGENT,17:01:17,17:03:08,111,YITZ
AA0104,32590,56178312,2,PS,990902,17:09:56,17:10:02,6,17:10:02,17:11:19,77,AGENT,17:11:19,17:12:32,73,YITZ
AA0104,32591,58044702,1,PS,990902,17:19:55,17:20:01,6,17:20:01,17:21:55,114,HANG,0:00:00,0:00:00,0,NO_SERVER
AA0104,32592,56422009,1,PS,990902,17:31:54,17:31:59,5,17:31:59,17:37:01,302,AGENT,17:37:00,17:37:44,44,VICKY
AA0104,32593,57056244,2,NE,990902,17:45:16,17:45:22,6,17:45:22,17:46:18,56,AGENT,17:46:17,17:46:46,29,BASCH
AA0104,32595,0,0,PS,990902,17:59:40,17:59:40,0,0:00:00,0:00:00,0,HANG,0:00:00,0:00:00,0,NO_SERVER
AA0104,32596,27984533,1,PS,990902,18:06:38,18:06:44,6,18:06:44,18:12:42,358,AGENT,18:12:41,18:16:22,221,MEIR
AA0104,32597,10634848,1,NE,990902,18:42:47,18:42:52,5,18:42:52,18:43:40,48,AGENT,18:43:39,18:44:38,59,AVI
AA0104,32598,58044702,1,PS,990902,18:51:46,18:51:52,6,18:51:52,18:54:49,177,AGENT,18:54:48,18:56:54,126,MEIR
AA0104,32599,0,0,PS,990902,19:00:14,19:01:58,104,0:00:00,0:00:00,0,HANG,0:00:00,0:00:00,0,NO_SERVER
AA0104,32600,0,0,NW,990902,19:17:48,19:17:58,10,0:00:00,0:00:00,0,AGENT,19:18:02,19:18:06,4,NO_SERVER
AA0104,32601,24288581,1,PS,990902,19:31:09,19:31:14,5,19:31:14,19:31:44,30,AGENT,19:31:43,19:33:32,109,VICKY
AA0104,32602,0,0,PS,990902,19:55:01,19:55:12,11,0:00:00,0:00:00,0,AGENT,19:55:11,19:55:29,18,MEIR
AA0104,32603,0,0,PS,990902,20:12:41,20:12:50,9,0:00:00,0:00:00,0,AGENT,20:12:49,20:15:21,152,YITZ
AA0104,32604,0,0,PS,990902,20:35:57,20:36:05,8,0:00:00,0:00:00,0,AGENT,20:36:04,20:39:31,207,AVI
AA0104,32605,28888238,2,PS,990902,20:46:37,20:46:42,5,20:46:42,20:49:04,142,AGENT,20:49:04,20:49:46,42,BASCH
AA0104,32606,0,0,PS,990902,21:08:38,21:08:51,13,0:00:00,0:00:00,0,AGENT,21:08:49,21:11:16,147,BASCH
AA0104,32607,0,0,NE,990902,21:34:55,21:35:07,12,0:00:00,0:00:00,0,AGENT,21:35:06,21:35:18,12,MEIR
AA0104,32608,62774435,2,PS,990902,22:05:18,22:05:24,6,22:05:24,22:06:03,39,AGENT,22:06:02,22:08:10,128,AVI
AA0104,32609,0,0,PS,990902,22:47:45,22:47:55,10,0:00:00,0:00:00,0,AGENT,22:47:55,22:49:40,105,VICKY
AA0104,32610,25124181,2,NE,990902,23:14:16,23:14:22,6,23:14:22,23:14:57,35,AGENT,23:14:57,23:16:14,77,AVI
AA0104,32611,33474602,2,PS,990902,23:32:14,23:32:19,5,23:32:19,23:32:31,12,AGENT,23:32:31,23:34:30,119,BASCH
AA0104,32612,0,0,NW,990903,0:54:33,0:55:41,68,0:00:00,0:00:00,0,HANG,0:00:00,0:00:00,0,NO_SERVER
AA0104,32613,0,0,NW,990903,6:56:47,6:56:57,10,6:56:57,6:56:58,1,HANG,0:00:00,0:00:00,0,NO_SERVER
AA0104,32614,0,0,PS,990903,7:04:22,7:04:47,25,0:00:00,0:00:00,0,HANG,0:00:00,0:00:00,0,NO_SERVER
AA0104,32615,0,0,PS,990903,7:28:27,7:28:38,11,0:00:00,0:00:00,0,AGENT,7:28:37,7:30:14,97,BENSION
AA0104,32616,0,0,PS,990903,7:41:23,7:41:32,9,0:00:00,0:00:00,0,AGENT,7:41:31,7:42:52,81,BASCH
AA0104,32617,0,0,PS,990903,7:55:56,7:56:09,13,0:00:00,0:00:00,0,AGENT,7:56:09,7:57:28,79,BENSION
AA0104,32618,0,0,PS,990903,8:10:04,8:10:20,16,0:00:00,0:00:00,0,AGENT,8:10:19,8:16:50,391,BENSION
AA0104,32619,0,0,PS,990903,8:18:05,8:18:13,8,0:00:00,0:00:00,0,AGENT,8:18:12,8:22:39,267,STEREN
AA0104,32620,0,0,PS,990903,8:34:16,8:34:28,12,0:00:00,0:00:00,0,AGENT,8:34:26,8:36:37,131,BASCH
AA0104,32621,0,0,NW,990903,8:44:23,8:44:32,9,8:44:32,8:45:18,46,AGENT,8:45:18,8:45:24,6,BENSION
AA0104,32622,0,0,NW,990903,8:52:05,8:52:15,10,8:52:15,8:55:42,207,AGENT,8:55:41,8:55:52,11,BASCH
AA0104,32623,28117638,2,PS,990903,9:04:04,9:04:09,5,9:04:09,9:04:48,39,HANG,0:00:00,0:00:00,0,NO_SERVER
AA0104,32624,22466734,2,PS,990903,9:18:43,9:18:48,5,9:18:48,9:19:21,33,HANG,0:00:00,0:00:00,0,NO_SERVER
AA0104,32625,0,0,NW,990903,9:27:25,9:27:34,9,9:27:34,9:30:47,193,AGENT,9:30:47,9:31:22,35,MORIAH
AA0104,32626,0,0,NW,990903,9:47:46,9:48:00,14,0:00:00,0:00:00,0,AGENT,9:48:00,9:52:20,260,BASCH
AA0104,32627,0,0,NW,990903,9:58:32,9:58:42,10,9:58:42,9:58:43,1,HANG,0:00:00,0:00:00,0,NO_SERVER
AA0104,32628,0,0,PS,990903,10:07:42,10:07:52,10,0:00:00,0:00:00,0,AGENT,10:07:51,10:25:22,1051,ROTH
AA0104,32629,24805020,1,PS,990903,10:20:39,10:20:45,6,10:20:45,10:21:37,52,AGENT,10:21:36,10:24:15,159,BASCH
AA0104,32630,23684186,1,PS,990903,10:31:39,10:31:44,5,10:31:44,10:33:06,82,AGENT,10:33:05,10:34:08,63,MORIAH
AA0104,32631,13645650,2,PS,990903,10:41:04,10:41:09,5,10:41:09,10:43:04,115,AGENT,10:43:03,10:43:08,5,MORIAH
AA0104,32632,0,0,NW,990903,10:51:55,10:52:05,10,10:52:05,10:55:35,210,AGENT,10:55:34,10:59:16,222,BASCH
AA0104,32633,0,0,PS,990903,11:12:22,11:12:32,10,0:00:00,0:00:00,0,AGENT,11:12:32,11:13:03,31,BASCH
AA0104,32634,0,0,PS,990903,11:25:05,11:25:15,10,0:00:00,0:00:00,0,AGENT,11:25:14,11:26:43,89,BENSION
AA0104,32635,0,0,NW,990903,11:38:26,11:38:38,12,0:00:00,0:00:00,0,AGENT,11:38:38,11:39:10,32,ZOHARI
AA0104,32636,0,0,NW,990903,12:01:04,12:01:19,15,0:00:00,0:00:00,0,AGENT,12:01:17,12:02:02,45,ROTH
AA0104,32637,16992406,1,PS,990903,12:12:27,12:12:32,5,12:12:32,12:13:07,35,AGENT,12:13:06,12:15:04,118,STEREN
AA0104,32638,0,0,NW,990903,12:26:55,12:27:04,9,12:27:04,12:29:25,141,AGENT,12:29:24,12:30:26,62,BASCH
AA0104,32639,0,0,PS,990903,12:48:36,12:48:47,11,0:00:00,0:00:00,0,AGENT,12:48:46,12:49:25,39,BASCH
AA0104,32640,0,0,NW,990903,13:03:37,13:03:52,15,0:00:00,0:00:00,0,AGENT,13:03:51,13:08:08,257,ZOHARI
AA0104,32641,60877321,1,PS,990903,13:29:01,13:29:07,6,13:29:07,13:29:18,11,AGENT,13:29:18,13:30:47,89,BENSION
AA0104,32642,23729759,1,PS,990903,14:02:50,14:02:55,5,14:02:55,14:03:28,33,HANG,0:00:00,0:00:00,0,NO_SERVER
AA0104,32643,0,0,PS,990903,14:33:29,14:33:44,15,0:00:00,0:00:00,0,HANG,0:00:00,0:00:00,0,NO_SERVER
AA0104,32644,0,0,PS,990903,15:26:29,15:26:53,24,0:00:00,0:00:00,0,HANG,0:00:00,0:00:00,0,NO_SERVER
AA0104,32645,0,0,PS,990903,16:51:31,16:51:48,17,0:00:00,0:00:00,0,HANG,0:00:00,0:00:00,0,NO_SERVER
AA0104,32646,0,0,NW,990903,19:44:05,19:44:19,14,0:00:00,0:00:00,0,HANG,0:00:00,0:00:00,0,NO_SERVER
AA0104,32647,0,0,NW,990904,18:29:46,18:30:49,63,0:00:00,0:00:00,0,HANG,0:00:00,0:00:00,0,NO_SERVER
AA0104,32648,0,0,PS,990904,19:50:14,19:50:26,12,0:00:00,0:00:00,0,HANG,0:00:00,0:00:00,0,NO_SERVER
AA0104,32649,59112078,1,PS,990904,20:11:31,20:11:36,5,20:11:36,20:14:13,157,AGENT,20:14:12,20:14:40,28,BASCH
AA0104,32650,53234829,2,PS,990904,20:26:59,20:27:05,6,20:27:05,20:29:19,134,AGENT,20:29:19,20:32:14,175,ZOHARI
AA0104,32651,56099070,2,PS,990904,20:42:27,20:42:33,6,20:42:33,20:43:32,59,AGENT,20:43:31,20:44:37,66,BASCH
AA0104,32652,27155795,1,PS,990904,20:58:42,20:58:48,6,20:58:48,21:03:41,293,HANG,0:00:00,0:00:00,0,NO_SERVER
AA0104,32653,0,0,NE,990904,21:32:38,21:32:54,16,0:00:00,0:00:00,0,AGENT,21:32:53,21:35:59,186,BASCH
AA0104,32654,0,0,PS,990904,21:59:03,21:59:14,11,0:00:00,0:00:00,0,AGENT,21:59:12,22:02:02,170,MORIAH
AA0104,32655,0,0,PS,990904,22:33:23,22:33:32,9,0:00:00,0:00:00,0,AGENT,22:33:31,22:37:13,222,BASCH
AA0104,32656,0,0,PS,990904,23:02:36,23:02:47,11,0:00:00,0:00:00,0,AGENT,23:02:46,23:04:26,100,ZOHARI
AA0104,32657,0,0,NW,990905,0:00:44,0:01:21,37,0:00:00,0:00:00,0,HANG,0:00:00,0:00:00,0,NO_SERVER
AA0104,32658,3816253,2,NE,990905,7:10:19,7:10:25,6,7:10:25,7:12:00,95,AGENT,7:11:59,7:15:36,217,AVI
AA0104,32659,0,0,NW,990905,7:29:34,7:29:44,10,7:29:44,7:30:54,70,HANG,0:00:00,0:00:00,0,NO_SERVER
AA0104,32660,25742685,1,PS,990905,7:50:11,7:50:15,4,7:50:15,7:50:27,12,AGENT,7:50:26,7:53:44,198,STEREN
AA0104,32661,0,0,PS,990905,8:14:47,8:15:01,14,0:00:00,0:00:00,0,AGENT,8:15:00,8:19:21,261,AVI
AA0104,32662,0,0,NW,990905,8:25:02,8:25:15,13,0:00:00,0:00:00,0,AGENT,8:25:14,8:29:18,244,DORIT
AA0104,32663,0,0,NW,990905,8:40:46,8:40:54,8,0:00:00,0:00:00,0,HANG,0:00:00,0:00:00,0,NO_SERVER
AA0104,32664,0,0,NW,990905,8:51:41,8:51:51,10,8:51:51,8:52:20,29,AGENT,8:52:20,8:52:51,31,ROTH
AA0104,32665,0,0,PS,990905,9:06:45,9:06:55,10,0:00:00,0:00:00,0,AGENT,9:06:53,9:07:40,47,STEREN
AA0104,32666,54777958,2,PS,990905,9:14:52,9:14:57,5,9:14:57,9:15:09,12,AGENT,9:15:08,9:16:39,91,ANAT
AA0104,32667,27281617,2,NE,990905,9:24:37,9:24:42,5,9:24:42,9:24:51,9,AGENT,9:24:50,9:28:39,229,STEREN
AA0104,32668,9103060,2,NE,990905,9:31:59,9:32:05,6,9:32:05,9:32:26,21,PHANTOM,9:32:25,9:32:30,5,NO_SERVER
AA0104,32669,37695087,2,PS,990905,9:40:34,9:40:39,5,9:40:39,9:40:54,15,HANG,0:00:00,0:00:00,0,NO_SERVER
AA0104,32670,0,0,PS,990905,9:49:49,9:49:59,10,0:00:00,0:00:00,0,AGENT,9:49:58,9:50:59,61,AVI
AA0104,32671,71520779,1,PS,990905,9:56:05,9:56:11,6,9:56:11,9:56:22,11,AGENT,9:56:21,9:57:38,77,ANAT
AA0104,32672,23640485,2,PS,990905,10:04:05,10:04:10,5,10:04:10,10:04:20,10,HANG,0:00:00,0:00:00,0,NO_SERVER
AA0104,32673,11823762,2,PS,990905,10:11:16,10:11:21,5,10:11:21,10:11:31,10,HANG,0:00:00,0:00:00,0,NO_SERVER
AA0104,32674,50538073,1,PS,990905,10:17:01,10:17:06,5,10:17:06,10:18:33,87,AGENT,10:18:32,10:19:16,44,ANAT
AA0104,32675,22207476,2,NE,990905,10:25:51,10:25:57,6,10:25:57,10:26:51,54,AGENT,10:26:50,10:29:58,188,STEREN
AA0104,32676,8258329,2,NE,990905,10:32:37,10:32:42,5,10:32:42,10:33:20,38,AGENT,10:33:20,10:36:31,191,STEREN
AA0104,32677,51294858,2,PS,990905,10:38:31,10:38:37,6,10:38:37,10:44:38,361,AGENT,10:44:37,10:46:40,123,NAAMA
AA0104,32678,0,0,NW,990905,10:51:36,10:51:45,9,10:51:45,10:52:48,63,HANG,0:00:00,0:00:00,0,NO_SERVER
AA0104,32679,65064479,2,PS,990905,10:57:36,10:57:41,5,10:57:41,10:57:53,12,AGENT,10:57:52,11:07:31,579,DORIT
AA0104,32681,0,0,PS,990905,11:04:57,11:04:57,0,0:00:00,0:00:00,0,HANG,0:00:00,0:00:00,0,NO_SERVER
AA0104,32682,0,0,NW,990905,11:09:55,11:10:05,10,11:10:05,11:15:03,298,AGENT,11:15:03,11:15:38,35,AVI
AA0104,32683,56396187,2,PS,990905,11:22:44,11:22:50,6,11:22:50,11:24:03,73,AGENT,11:24:02,11:25:09,67,ROTH
AA0104,32684,65313108,2,PS,990905,11:31:02,11:31:08,6,11:31:08,11:31:17,9,HANG,0:00:00,0:00:00,0,NO_SERVER
AA0104,32685,48820351,2,NE,990905,11:39:00,11:39:06,6,11:39:06,11:39:25,19,AGENT,11:39:25,11:48:56,571,ZOHARI
AA0104,32686,23755754,2,PS,990905,11:48:04,11:48:09,5,11:48:09,11:50:49,160,AGENT,11:50:49,11:52:44,115,NAAMA
AA0104,32687,0,0,NW,990905,12:00:23,12:00:36,13,0:00:00,0:00:00,0,AGENT,12:00:35,12:03:59,204,STEREN
AA0104,32688,0,0,PS,990905,12:07:22,12:07:34,12,0:00:00,0:00:00,0,AGENT,12:07:33,12:16:32,539,GELBER
AA0104,32689,17299231,2,PS,990905,12:16:09,12:16:15,6,12:16:15,12:18:13,118,AGENT,12:18:13,12:18:54,41,NAAMA
AA0104,32690,0,0,NW,990905,12:30:05,12:30:19,14,0:00:00,0:00:00,0,AGENT,12:30:17,12:33:57,220,ROTH
AA0104,32691,0,0,PS,990905,12:38:45,12:38:59,14,0:00:00,0:00:00,0,AGENT,12:38:58,12:40:14,76,AVI
AA0104,32692,0,0,PS,990905,12:49:56,12:50:05,9,0:00:00,0:00:00,0,AGENT,12:50:04,12:52:30,146,STEREN
AA0104,32693,0,0,PS,990905,12:59:13,12:59:22,9,0:00:00,0:00:00,0,AGENT,12:59:21,13:02:11,170,ROTH
AA0104,32694,58029430,1,PS,990905,13:10:05,13:10:11,6,13:10:11,13:13:21,190,AGENT,13:13:20,13:13:57,37,TOVA
AA0104,32695,0,0,PS,990905,13:20:21,13:20:33,12,0:00:00,0:00:00,0,AGENT,13:20:32,13:23:25,173,DORIT
AA0104,32696,0,0,NE,990905,13:29:09,13:29:20,11,0:00:00,0:00:00,0,AGENT,13:29:19,13:31:44,145,ELI
AA0104,32697,0,0,PS,990905,13:44:03,13:44:11,8,0:00:00,0:00:00,0,AGENT,13:44:11,13:45:55,104,ROTH
AA0104,32698,0,0,PS,990905,13:56:03,13:56:13,10,0:00:00,0:00:00,0,AGENT,13:56:12,14:01:10,298,MORIAH
AA0104,32699,40716193,1,NE,990905,14:04:12,14:04:18,6,14:04:18,14:05:43,85,AGENT,14:05:43,14:07:10,87,ELI
AA0104,32700,306452020,1,PS,990905,14:17:53,14:17:59,6,14:17:59,14:18:25,26,AGENT,14:18:24,14:18:24,0,AVI
AA0104,32701,34021733,1,PS,990905,14:24:07,14:24:13,6,14:24:13,14:24:24,11,HANG,0:00:00,0:00:00,0,NO_SERVER
AA0104,32702,65032120,2,PS,990905,14:31:48,14:31:54,6,14:31:54,14:34:24,150,AGENT,14:34:23,14:37:16,173,NAAMA
AA0104,32703,0,0,NW,990905,14:44:48,14:44:57,9,14:44:57,14:46:15,78,AGENT,14:46:13,14:47:06,53,ROTH
AA0104,32704,0,0,NW,990905,14:53:58,14:54:07,9,14:54:07,14:54:50,43,HANG,0:00:00,0:00:00,0,NO_SERVER
AA0104,32705,0,0,NW,990905,15:00:45,15:00:55,10,15:00:55,15:01:31,36,HANG,0:00:00,0:00:00,0,NO_SERVER
AA0104,32707,0,0,PS,990905,15:09:15,15:09:15,0,0:00:00,0:00:00,0,HANG,0:00:00,0:00:00,0,NO_SERVER
AA0104,32708,0,0,NW,990905,15:16:49,15:16:59,10,15:16:59,15:19:27,148,HANG,0:00:00,0:00:00,0,NO_SERVER
AA0104,32709,23530603,2,PS,990905,15:25:59,15:26:05,6,15:26:05,15:26:22,17,AGENT,15:26:21,15:27:25,64,STEREN
AA0104,32710,0,0,PS,990905,15:34:16,15:35:52,96,0:00:00,0:00:00,0,HANG,0:00:00,0:00:00,0,NO_SERVER
AA0104,32711,24419442,2,PS,990905,15:41:26,15:41:32,6,15:41:32,15:43:58,146,AGENT,15:43:58,15:50:07,369,STEREN
AA0104,32712,56178312,2,PS,990905,15:49:46,15:49:52,6,15:49:52,15:50:34,42,AGENT,15:50:33,15:53:53,200,ZOHARI
AA0104,32713,57074585,2,PS,990905,15:55:00,15:55:05,5,15:55:05,15:55:18,13,HANG,0:00:00,0:00:00,0,NO_SERVER
AA0104,32714,0,0,NW,990905,15:58:44,15:58:54,10,15:58:54,15:59:47,53,HANG,0:00:00,0:00:00,0,NO_SERVER
AA0104,32715,0,0,NW,990905,16:03:57,16:04:06,9,16:04:06,16:09:23,317,AGENT,16:09:22,16:12:03,161,PINHAS
AA0104,32717,0,0,PS,990905,16:12:58,16:12:58,0,0:00:00,0:00:00,0,HANG,0:00:00,0:00:00,0,NO_SERVER
AA0104,32718,0,0,NW,990905,16:16:11,16:16:21,10,16:16:21,16:17:53,92,HANG,0:00:00,0:00:00,0,NO_SERVER
AA0104,32719,0,0,NW,990905,16:23:26,16:23:36,10,16:23:36,16:24:39,63,HANG,0:00:00,0:00:00,0,NO_SERVER
AA0104,32720,24843864,2,PS,990905,16:30:00,16:30:05,5,16:30:05,16:31:23,78,AGENT,16:31:22,16:34:54,212,BASCH
AA0104,32721,27806009,2,PS,990905,16:40:30,16:40:36,6,16:40:36,16:42:25,109,AGENT,16:42:24,16:50:33,489,BASCH
AA0104,32722,0,0,NW,990905,16:49:45,16:49:54,9,16:49:54,16:52:25,151,HANG,0:00:00,0:00:00,0,NO_SERVER
AA0104,32723,51822252,2,PS,990905,16:58:58,16:59:04,6,16:59:04,16:59:12,8,HANG,0:00:00,0:00:00,0,NO_SERVER
AA0104,32724,0,0,PS,990905,17:09:47,17:09:58,11,0:00:00,0:00:00,0,AGENT,17:09:56,17:12:31,155,MORIAH
AA0104,32725,38412813,2,PS,990905,17:21:35,17:21:41,6,17:21:41,17:21:52,11,AGENT,17:21:51,17:22:53,62,BASCH
AA0104,32726,22150676,1,PS,990905,17:32:29,17:32:35,6,17:32:35,17:32:51,16,AGENT,17:32:49,17:37:05,256,VICKY
AA0104,32727,0,0,NW,990905,17:42:07,17:42:16,9,17:42:16,17:42:52,36,AGENT,17:42:51,17:50:11,440,PINHAS
AA0104,32728,29450251,2,PS,990905,17:54:14,17:54:20,6,17:54:20,17:55:20,60,AGENT,17:55:18,17:59:11,233,BASCH
AA0104,32729,0,0,PS,990905,18:21:04,18:21:14,10,0:00:00,0:00:00,0,AGENT,18:21:13,18:22:27,74,MORIAH
AA0104,32730,0,0,NE,990905,18:44:34,18:44:44,10,0:00:00,0:00:00,0,AGENT,18:44:43,18:48:36,233,BASCH
AA0104,32731,0,0,PS,990905,19:01:49,19:01:58,9,0:00:00,0:00:00,0,AGENT,19:01:57,19:04:20,143,BASCH
AA0104,32732,51190130,1,PS,990905,19:28:46,19:28:52,6,19:28:52,19:29:53,61,AGENT,19:29:52,19:31:53,121,BASCH
AA0104,32733,22851182,2,PS,990905,20:10:57,20:11:02,5,20:11:02,20:12:49,107,AGENT,20:12:49,20:14:05,76,TOVA
AA0104,32734,0,0,PS,990905,20:40:11,20:40:21,10,0:00:00,0:00:00,0,AGENT,20:40:20,20:42:47,147,MORIAH
AA0104,32735,0,0,NW,990905,21:14:27,21:14:42,15,0:00:00,0:00:00,0,AGENT,21:14:41,21:15:18,37,VICKY
AA0104,32736,64108475,1,PS,990905,21:41:50,21:41:55,5,21:41:55,21:42:49,54,AGENT,21:42:48,21:45:22,154,BENSION
AA0104,32737,44461135,2,PS,990905,21:51:58,21:52:04,6,21:52:04,21:52:14,10,AGENT,21:52:13,21:52:14,1,MORIAH
AA0104,32738,0,0,NW,990905,22:06:54,22:07:03,9,22:07:03,22:09:56,173,HANG,0:00:00,0:00:00,0,NO_SERVER
AA0104,32739,0,0,PS,990905,22:39:40,22:39:55,15,0:00:00,0:00:00,0,AGENT,22:39:54,22:43:45,231,BENSION
AA0104,32741,0,0,PS,990905,23:11:47,23:11:47,0,0:00:00,0:00:00,0,HANG,0:00:00,0:00:00,0,NO_SERVER
AA0104,32742,0,0,PS,990905,23:52:58,23:53:12,14,0:00:00,0:00:00,0,AGENT,23:53:11,23:57:28,257,BENSION
AA0104,32743,0,0,PS,990906,6:48:46,6:49:05,19,0:00:00,0:00:00,0,HANG,0:00:00,0:00:00,0,NO_SERVER
AA0104,32744,0,0,NE,990906,7:50:45,7:50:55,10,0:00:00,0:00:00,0,AGENT,7:50:55,7:56:27,332,MORIAH
AA0104,32745,0,0,PS,990906,8:02:48,8:02:56,8,0:00:00,0:00:00,0,AGENT,8:02:55,8:04:39,104,BASCH
AA0104,32746,0,0,PS,990906,8:20:45,8:20:56,11,0:00:00,0:00:00,0,AGENT,8:20:55,8:21:31,36,TOVA
AA0104,32747,0,0,NW,990906,8:34:38,8:34:52,14,0:00:00,0:00:00,0,AGENT,8:34:51,8:35:26,35,MORIAH
AA0104,32748,0,0,PS,990906,8:47:18,8:47:29,11,0:00:00,0:00:00,0,AGENT,8:47:29,8:47:30,1,TOVA
AA0104,32749,0,0,PS,990906,8:58:43,8:58:52,9,0:00:00,0:00:00,0,AGENT,8:58:50,8:59:16,26,BASCH
AA0104,32750,13803580,2,PS,990906,9:07:14,9:07:20,6,9:07:20,9:07:49,29,AGENT,9:07:48,9:07:50,2,MORIAH
AA0104,32751,0,0,PS,990906,9:16:35,9:16:45,10,0:00:00,0:00:00,0,AGENT,9:16:45,9:19:21,156,YITZ
AA0104,32752,0,0,PS,990906,9:23:08,9:23:22,14,0:00:00,0:00:00,0,AGENT,9:23:20,9:23:23,3,TOVA
AA0104,32753,57918849,1,NE,990906,9:28:50,9:28:56,6,9:28:56,9:30:10,74,AGENT,9:30:09,9:33:48,219,SHARON
AA0104,32754,22507081,1,PS,990906,9:37:34,9:37:40,6,9:37:40,9:37:47,7,AGENT,9:37:46,9:41:23,217,SHARON
AA0104,32755,51294858,2,PS,990906,9:47:21,9:47:26,5,9:47:26,9:48:35,69,HANG,0:00:00,0:00:00,0,NO_SERVER
AA0104,32756,64776636,2,PS,990906,9:54:43,9:54:49,6,9:54:49,9:54:53,4,AGENT,9:54:52,9:56:36,104,SHARON
AA0104,32757,15239874,2,PS,990906,10:02:48,10:02:53,5,10:02:53,10:04:07,74,AGENT,10:04:06,10:04:39,33,BASCH
AA0104,32758,28996320,2,PS,990906,10:08:55,10:09:01,6,10:09:01,10:11:31,150,AGENT,10:11:30,10:12:05,35,TOVA
AA0104,32759,0,0,NW,990906,10:16:03,10:16:12,9,10:16:12,10:17:09,57,HANG,0:00:00,0:00:00,0,NO_SERVER
AA0104,32760,0,0,NE,990906,10:22:19,10:22:34,15,0:00:00,0:00:00,0,AGENT,10:22:32,10:28:49,377,ELI
AA0104,32761,51888345,2,PS,990906,10:28:55,10:29:01,6,10:29:01,10:29:48,47,AGENT,10:29:46,10:32:30,164,SHARON
AA0104,32762,22612071,2,PS,990906,10:38:11,10:38:17,6,10:38:17,10:38:54,37,AGENT,10:38:54,10:44:53,359,BASCH
AA0104,32764,0,0,PS,990906,10:47:29,10:47:29,0,0:00:00,0:00:00,0,HANG,0:00:00,0:00:00,0,NO_SERVER
AA0104,32765,0,0,NW,990906,10:56:07,10:56:16,9,0:00:00,0:00:00,0,HANG,0:00:00,0:00:00,0,NO_SERVER
AA0104,32766,306278797,1,PS,990906,11:08:37,11:08:43,6,11:08:43,11:10:15,92,AGENT,11:10:13,11:10:15,2,TOVA
AA0104,32767,25673815,1,PS,990906,11:19:37,11:19:43,6,11:19:43,11:22:39,176,AGENT,11:22:38,11:23:31,53,ROTH
AA0104,32768,22263115,2,PS,990906,11:34:37,11:34:42,5,11:34:42,11:34:46,4,AGENT,11:34:45,11:37:57,192,TOVA
AA0104,32769,57884199,2,PS,990906,11:41:51,11:41:57,6,11:41:57,11:42:43,46,AGENT,11:42:42,11:42:44,2,MORIAH
AA0104,32770,33964578,1,PS,990906,11:51:02,11:51:08,6,11:51:08,11:52:47,99,AGENT,11:52:46,11:54:45,119,BASCH
AA0104,32771,0,0,NW,990906,12:03:09,12:03:19,10,12:03:19,12:05:42,143,HANG,0:00:00,0:00:00,0,NO_SERVER
AA0104,32772,0,0,PS,990906,12:16:54,12:17:06,12,0:00:00,0:00:00,0,AGENT,12:17:05,12:21:43,278,TOVA
AA0104,32773,0,0,PS,990906,12:30:35,12:30:44,9,0:00:00,0:00:00,0,AGENT,12:30:43,12:32:31,108,TOVA
AA0104,32774,0,0,PS,990906,12:49:28,12:49:44,16,0:00:00,0:00:00,0,AGENT,12:49:44,12:51:11,87,DORIT
AA0104,32775,0,0,PS,990906,13:01:28,13:01:44,16,0:00:00,0:00:00,0,AGENT,13:01:43,13:03:42,119,DORIT
AA0104,32776,0,0,NW,990906,13:13:29,13:13:39,10,13:13:39,13:13:53,14,HANG,0:00:00,0:00:00,0,NO_SERVER
AA0104,32777,0,0,PS,990906,13:31:36,13:31:45,9,0:00:00,0:00:00,0,AGENT,13:31:45,13:34:06,141,DORIT
AA0104,32778,0,0,PS,990906,13:44:15,13:44:24,9,0:00:00,0:00:00,0,AGENT,13:44:23,13:46:50,147,BASCH
AA0104,32779,23383607,2,PS,990906,13:57:13,13:57:20,7,13:57:20,13:57:31,11,AGENT,13:57:30,13:59:26,116,DORIT
AA0104,32780,24839128,2,PS,990906,14:08:51,14:08:56,5,14:08:56,14:09:03,7,AGENT,14:09:02,14:17:53,531,ROTH
AA0104,32781,0,0,PS,990906,14:22:04,14:22:13,9,0:00:00,0:00:00,0,AGENT,14:22:13,14:23:37,84,BASCH
AA0104,32782,68741495,2,NE,990906,14:33:16,14:33:22,6,14:33:22,14:33:44,22,AGENT,14:33:43,14:43:25,582,ZOHARI
AA0104,32783,0,0,NW,990906,14:43:44,14:43:56,12,0:00:00,0:00:00,0,AGENT,14:43:55,14:44:13,18,MORIAH
AA0104,32784,0,0,PS,990906,14:54:57,14:55:14,17,0:00:00,0:00:00,0,AGENT,14:55:13,15:00:16,303,BASCH
AA0104,32785,0,0,NE,990906,15:05:52,15:06:07,15,0:00:00,0:00:00,0,AGENT,15:06:07,15:07:44,97,ELI
AA0104,32786,0,0,PS,990906,15:22:32,15:22:42,10,0:00:00,0:00:00,0,AGENT,15:22:42,15:25:46,184,ANAT
AA0104,32787,0,0,PS,990906,15:31:04,15:31:12,8,0:00:00,0:00:00,0,AGENT,15:31:11,15:32:50,99,ROTH
AA0104,32788,69687275,2,NE,990906,15:43:08,15:43:13,5,15:43:13,15:44:43,90,AGENT,15:44:42,15:45:59,77,DARMON
AA0104,32789,0,0,PS,990906,15:58:56,15:59:07,11,0:00:00,0:00:00,0,AGENT,15:59:07,15:59:09,2,ANAT
AA0104,32790,59173427,1,PS,990906,16:10:51,16:10:56,5,16:10:56,16:11:31,35,AGENT,16:11:29,16:14:15,166,STEREN
AA0104,32791,0,0,PS,990906,16:29:37,16:29:47,10,0:00:00,0:00:00,0,AGENT,16:29:46,16:31:36,110,DARMON
AA0104,32792,10473262,2,PS,990906,16:44:01,16:44:06,5,16:44:06,16:44:34,28,AGENT,16:44:33,16:45:33,60,ANAT
AA0104,32793,16517435,1,PS,990906,17:04:00,17:04:05,5,17:04:05,17:09:53,348,AGENT,17:09:52,17:15:08,316,ANAT
AA0104,32794,13790498,2,PS,990906,17:23:16,17:23:21,5,17:23:21,17:25:49,148,AGENT,17:25:48,18:04:31,2323,DARMON
AA0104,32795,28476307,1,PS,990906,17:45:01,17:45:06,5,17:45:06,17:49:46,280,AGENT,17:49:45,17:50:31,46,VICKY
AA0104,32796,0,0,PS,990906,18:13:39,18:13:53,14,0:00:00,0:00:00,0,AGENT,18:13:52,18:14:58,66,ANAT
AA0104,32797,58859752,2,PS,990906,18:31:18,18:31:24,6,18:31:24,18:32:21,57,AGENT,18:32:20,18:35:36,196,ANAT
AA0104,32798,0,0,NW,990906,18:51:25,18:51:37,12,0:00:00,0:00:00,0,AGENT,18:51:36,18:51:46,10,VICKY
AA0104,32799,0,0,PS,990906,19:18:54,19:19:05,11,0:00:00,0:00:00,0,AGENT,19:19:03,19:20:33,90,ANAT
AA0104,32800,0,0,PS,990906,19:48:36,19:48:48,12,0:00:00,0:00:00,0,AGENT,19:48:46,19:54:21,335,STEREN
AA0104,32802,0,0,PS,990906,20:16:53,20:16:53,0,0:00:00,0:00:00,0,HANG,0:00:00,0:00:00,0,NO_SERVER
AA0104,32803,0,0,PS,990906,20:41:26,20:41:38,12,0:00:00,0:00:00,0,AGENT,20:41:37,20:47:29,352,ANAT
AA0104,32804,0,0,PS,990906,21:01:42,21:01:54,12,0:00:00,0:00:00,0,AGENT,21:01:53,21:03:15,82,STEREN
AA0104,32805,58725748,1,PS,990906,21:20:03,21:20:09,6,21:20:09,21:20:51,42,AGENT,21:20:50,21:26:14,324,VICKY
AA0104,32806,0,0,PS,990906,21:44:45,21:44:54,9,0:00:00,0:00:00,0,AGENT,21:44:54,21:46:11,77,MEIR
AA0104,32807,0,0,NW,990906,22:13:02,22:13:11,9,22:13:11,22:13:33,22,HANG,22:13:33,22:13:42,9,NO_SERVER
AA0104,32808,0,0,PS,990906,22:54:28,22:54:37,9,0:00:00,0:00:00,0,AGENT,22:54:37,22:55:26,49,VICKY
AA0104,32809,15192297,1,PS,990906,23:29:11,23:29:17,6,23:29:17,23:30:11,54,AGENT,23:30:11,23:34:47,276,GILI
AA0104,32810,0,0,PS,990907,7:00:13,7:00:26,13,0:00:00,0:00:00,0,AGENT,7:00:24,7:00:36,12,NO_SERVER
AA0104,32811,0,0,NE,990907,7:46:55,7:47:04,9,0:00:00,0:00:00,0,AGENT,7:47:04,7:47:08,4,MORIAH
AA0104,32812,12042461,1,PS,990907,8:11:07,8:11:13,6,8:11:13,8:11:45,32,AGENT,8:11:44,8:13:02,78,MORIAH
AA0104,32813,50315860,2,PS,990907,8:31:34,8:31:40,6,8:31:40,8:31:49,9,AGENT,8:31:48,8:34:02,134,MORIAH
AA0104,32814,703074,2,PS,990907,8:45:57,8:46:03,6,8:46:03,8:46:12,9,AGENT,8:46:11,8:49:28,197,ROTH
AA0104,32815,12543039,1,PS,990907,8:55:07,8:55:12,5,8:55:12,8:57:50,158,AGENT,8:57:49,9:01:06,197,TOVA
AA0104,32816,0,0,PS,990907,9:06:48,9:06:58,10,0:00:00,0:00:00,0,AGENT,9:06:57,9:16:52,595,TOVA
AA0104,32817,0,0,PS,990907,9:22:27,9:22:37,10,0:00:00,0:00:00,0,AGENT,9:22:37,9:25:51,194,ROTH
AA0104,32818,0,0,NW,990907,9:32:47,9:32:56,9,9:32:56,9:35:02,126,HANG,9:35:03,9:35:29,26,NO_SERVER
AA0104,32819,11839214,2,PE,990907,9:50:39,9:50:43,4,9:50:43,9:53:10,147,AGENT,9:53:09,9:56:58,229,MORIAH
AA0104,32820,59656280,1,PS,990907,10:05:04,10:05:10,6,10:05:10,10:05:35,25,HANG,0:00:00,0:00:00,0,NO_SERVER
AA0104,32821,0,0,PS,990907,10:15:13,10:15:22,9,0:00:00,0:00:00,0,AGENT,10:15:21,10:16:13,52,BASCH
AA0104,32822,69020915,2,PS,990907,10:23:00,10:23:06,6,10:23:06,10:24:55,109,AGENT,10:24:55,10:24:58,3,MORIAH
AA0104,32823,0,0,PS,990907,10:37:15,10:37:24,9,0:00:00,0:00:00,0,AGENT,10:37:23,10:39:51,148,AVI
AA0104,32824,69687275,2,PS,990907,10:49:07,10:49:13,6,10:49:13,10:49:52,39,AGENT,10:49:52,10:51:46,114,BASCH
AA0104,32825,23077860,2,PS,990907,10:59:18,10:59:24,6,10:59:24,11:00:01,37,AGENT,11:00:01,11:01:25,84,MORIAH
AA0104,32826,57253494,1,PS,990907,11:13:05,11:13:10,5,11:13:10,11:14:12,62,AGENT,11:14:11,11:18:54,283,ROTH
AA0104,32827,54665682,2,PS,990907,11:22:36,11:22:42,6,11:22:42,11:23:15,33,AGENT,11:23:14,11:23:51,37,BASCH
AA0104,32828,50347749,1,NE,990907,11:34:39,11:34:44,5,11:34:44,11:36:54,130,AGENT,11:36:53,11:37:56,63,TOVA
AA0104,32829,0,0,NW,990907,11:42:52,11:43:02,10,11:43:02,11:48:09,307,HANG,0:00:00,0:00:00,0,NO_SERVER
AA0104,32830,24888067,1,PS,990907,11:56:43,11:56:49,6,11:56:49,11:56:57,8,HANG,0:00:00,0:00:00,0,NO_SERVER
AA0104,32831,30192405,2,PS,990907,12:07:08,12:07:14,6,12:07:14,12:08:23,69,AGENT,12:08:21,12:09:28,67,BASCH
AA0104,32832,30663462,2,PS,990907,12:22:31,12:22:36,5,12:22:36,12:22:54,18,AGENT,12:22:52,12:23:02,10,ROTH
AA0104,32833,0,0,PS,990907,12:34:30,12:34:39,9,0:00:00,0:00:00,0,AGENT,12:34:38,12:36:11,93,ROTH
AA0104,32834,0,0,PS,990907,12:50:37,12:50:47,10,0:00:00,0:00:00,0,AGENT,12:50:46,12:51:50,64,TOVA
AA0104,32835,0,0,PS,990907,13:08:51,13:09:05,14,0:00:00,0:00:00,0,AGENT,13:09:05,13:11:22,137,TOVA
AA0104,32836,25246380,2,PS,990907,13:20:56,13:21:01,5,13:21:01,13:21:12,11,AGENT,13:21:11,13:22:47,96,BASCH
AA0104,32837,0,0,PS,990907,13:39:28,13:39:37,9,0:00:00,0:00:00,0,AGENT,13:39:36,13:43:49,253,VICKY
AA0104,32839,0,0,PS,990907,13:58:49,13:58:49,0,0:00:00,0:00:00,0,HANG,0:00:00,0:00:00,0,NO_SERVER
AA0104,32840,25124181,2,NE,990907,14:10:59,14:11:05,6,14:11:05,14:11:21,16,AGENT,14:11:20,14:18:48,448,ELI
AA0104,32841,0,0,PS,990907,14:28:21,14:28:35,14,0:00:00,0:00:00,0,AGENT,14:28:34,14:30:08,94,DORIT
AA0104,32842,24442634,2,PS,990907,14:36:42,14:36:48,6,14:36:48,14:37:49,61,AGENT,14:37:48,14:37:48,0,AVI
AA0104,32843,51827665,2,PS,990907,14:45:56,14:46:02,6,14:46:02,14:48:05,123,AGENT,14:48:04,14:53:11,307,ROTH
AA0104,32844,22475586,1,PS,990907,14:55:36,14:55:42,6,14:55:42,14:58:14,152,AGENT,14:58:13,14:59:37,84,VICKY
AA0104,32845,2043974,1,NE,990907,15:11:49,15:11:55,6,15:11:55,15:14:03,128,AGENT,15:14:02,15:17:04,182,ZOHARI
AA0104,32846,57070534,2,PS,990907,15:25:19,15:25:24,5,15:25:24,15:29:33,249,AGENT,15:29:32,15:31:08,96,DORIT
AA0104,32847,0,0,PS,990907,15:37:05,15:37:20,15,0:00:00,0:00:00,0,AGENT,15:37:19,15:38:33,74,VICKY
AA0104,32848,0,0,NW,990907,15:50:40,15:50:54,14,0:00:00,0:00:00,0,AGENT,15:50:54,15:53:10,136,VICKY
AA0104,32849,0,0,NW,990907,16:02:51,16:03:00,9,16:03:00,16:05:47,167,HANG,0:00:00,0:00:00,0,NO_SERVER
AA0104,32850,0,0,NW,990907,16:15:27,16:15:41,14,0:00:00,0:00:00,0,AGENT,16:15:40,16:15:48,8,VICKY
AA0104,32851,0,0,NW,990907,16:28:31,16:28:41,10,16:28:41,16:29:07,26,HANG,0:00:00,0:00:00,0,NO_SERVER
AA0104,32852,0,0,PS,990907,16:42:47,16:43:02,15,0:00:00,0:00:00,0,AGENT,16:43:00,16:47:32,272,DARMON
AA0104,32853,0,0,NW,990907,16:53:33,16:53:42,9,16:53:42,16:54:02,20,HANG,0:00:00,0:00:00,0,NO_SERVER
AA0104,32854,0,0,PS,990907,17:03:58,17:04:08,10,0:00:00,0:00:00,0,AGENT,17:04:07,17:05:41,94,ZOHARI
AA0104,32855,0,0,NW,990907,17:18:25,17:18:34,9,17:18:34,17:19:09,35,AGENT,17:19:08,17:20:33,85,BENSION
AA0104,32856,0,0,PS,990907,17:30:07,17:30:19,12,0:00:00,0:00:00,0,AGENT,17:30:18,17:32:06,108,VICKY
AA0104,32857,0,0,NE,990907,17:43:00,17:43:11,11,0:00:00,0:00:00,0,AGENT,17:43:10,17:44:04,54,ZOHARI
AA0104,32858,0,0,PS,990907,17:57:46,17:58:00,14,0:00:00,0:00:00,0,AGENT,17:58:00,17:59:59,119,BENSION
AA0104,32859,0,0,PS,990907,18:11:55,18:12:05,10,0:00:00,0:00:00,0,AGENT,18:12:05,18:26:01,836,DORIT
AA0104,32860,0,0,NW,990907,18:36:40,18:36:53,13,0:00:00,0:00:00,0,AGENT,18:36:52,18:37:33,41,STEREN
AA0104,32861,0,0,PS,990907,19:09:08,19:09:17,9,0:00:00,0:00:00,0,AGENT,19:09:17,19:10:08,51,STEREN
AA0104,32862,25771502,2,PS,990907,19:27:31,19:27:37,6,19:27:37,19:27:44,7,AGENT,19:27:42,19:29:10,88,ZOHARI
AA0104,32863,0,0,PS,990907,19:55:50,19:56:05,15,0:00:00,0:00:00,0,AGENT,19:56:04,19:57:28,84,BENSION
AA0104,32864,0,0,PS,990907,20:24:55,20:25:05,10,0:00:00,0:00:00,0,AGENT,20:25:04,20:25:41,37,DORIT
AA0104,32865,0,0,NW,990907,20:46:05,20:46:17,12,0:00:00,0:00:00,0,AGENT,20:46:16,20:49:12,176,DORIT
AA0104,32866,67158097,2,PS,990907,21:02:46,21:02:58,12,21:02:58,21:03:11,13,AGENT,21:02:58,21:04:10,72,DORIT
AA0104,32867,0,0,NW,990907,21:25:36,21:25:50,14,0:00:00,0:00:00,0,AGENT,21:25:48,21:26:36,48,SHARON
AA0104,32868,0,0,NE,990907,21:51:46,21:51:54,8,0:00:00,0:00:00,0,AGENT,21:51:53,21:58:09,376,ZOHARI
AA0104,32869,0,0,PS,990907,22:15:55,22:16:06,11,0:00:00,0:00:00,0,AGENT,22:16:06,22:19:30,204,ZOHARI
AA0104,32870,0,0,NW,990907,22:37:34,22:37:43,9,22:37:43,22:40:28,165,AGENT,22:40:27,22:41:01,34,SHARON
AA0104,32871,0,0,NE,990907,23:03:09,23:03:18,9,0:00:00,0:00:00,0,AGENT,23:03:17,23:04:46,89,ZOHARI
AA0104,32872,0,0,PS,990908,0:12:31,0:13:28,57,0:00:00,0:00:00,0,HANG,0:00:00,0:00:00,0,NO_SERVER
AA0104,32873,0,0,PS,990908,6:39:50,6:40:03,13,0:00:00,0:00:00,0,HANG,0:00:00,0:00:00,0,NO_SERVER
AA0104,32874,0,0,PS,990908,7:25:15,7:25:24,9,0:00:00,0:00:00,0,AGENT,7:25:23,7:27:52,149,STEREN
AA0104,32875,0,0,PS,990908,8:02:52,8:03:03,11,0:00:00,0:00:00,0,AGENT,8:03:02,8:12:35,573,BASCH
AA0104,32876,0,0,PS,990908,8:18:04,8:18:15,11,0:00:00,0:00:00,0,AGENT,8:18:14,8:22:47,273,BASCH
AA0104,32877,0,0,PS,990908,8:39:08,8:39:18,10,0:00:00,0:00:00,0,AGENT,8:39:17,8:48:28,551,ROTH
AA0104,32878,12158028,2,PS,990908,8:48:12,8:48:18,6,8:48:18,8:48:29,11,AGENT,8:48:29,8:51:45,196,BASCH
AA0104,32879,0,0,NW,990908,8:59:47,8:59:57,10,8:59:57,9:01:07,70,AGENT,9:01:06,9:02:13,67,ROTH
AA0104,32880,13767892,1,PS,990908,9:12:29,9:12:34,5,9:12:34,9:12:48,14,AGENT,9:12:48,9:14:05,77,STEREN
AA0104,32881,0,0,PS,990908,9:25:31,9:25:42,11,0:00:00,0:00:00,0,AGENT,9:25:41,9:27:01,80,STEREN
AA0104,32882,12183380,1,PS,990908,9:38:04,9:38:09,5,9:38:09,9:38:45,36,AGENT,9:38:44,9:39:54,70,YITZ
AA0104,32883,0,0,PS,990908,9:49:37,9:49:46,9,0:00:00,0:00:00,0,AGENT,9:49:46,9:50:59,73,STEREN
AA0104,32884,32283681,1,PS,990908,9:58:07,9:58:13,6,9:58:13,10:01:44,211,AGENT,10:01:42,10:02:37,55,DORIT
AA0104,32885,71520779,1,PS,990908,10:08:29,10:08:34,5,10:08:34,10:10:22,108,AGENT,10:10:22,10:12:54,152,YITZ
AA0104,32886,32387482,1,PS,990908,10:16:07,10:16:12,5,10:16:12,10:17:45,93,AGENT,10:17:44,10:20:28,164,DORIT
AA0104,32887,0,0,NW,990908,10:25:52,10:26:01,9,10:26:01,10:29:11,190,AGENT,10:29:10,10:30:58,108,SHARON
AA0104,32888,0,0,NW,990908,10:40:56,10:41:06,10,10:41:06,10:41:48,42,HANG,0:00:00,0:00:00,0,NO_SERVER
AA0104,32889,6692800,2,PS,990908,10:55:44,10:55:49,5,10:55:49,10:55:59,10,AGENT,10:55:58,11:02:18,380,ROTH
AA0104,32890,58070384,2,PS,990908,11:09:34,11:09:39,5,11:09:39,11:09:54,15,HANG,0:00:00,0:00:00,0,NO_SERVER
AA0104,32891,0,0,PS,990908,11:26:29,11:26:39,10,0:00:00,0:00:00,0,AGENT,11:26:38,11:30:03,205,BASCH
AA0104,32892,52867744,2,PS,990908,11:38:24,11:38:30,6,11:38:30,11:38:42,12,AGENT,11:38:40,11:44:34,354,ROTH
AA0104,32893,0,0,NW,990908,11:55:15,11:55:24,9,11:55:24,11:55:32,8,AGENT,11:55:31,11:55:37,6,DORIT
AA0104,32894,0,0,NW,990908,12:04:23,12:04:32,9,12:04:32,12:07:32,180,AGENT,12:07:30,12:08:03,33,STEREN
AA0104,32895,52131323,2,PS,990908,12:18:07,12:18:13,6,12:18:13,12:21:04,171,AGENT,12:21:03,12:22:58,115,DORIT
AA0104,32897,0,0,PS,990908,12:36:10,12:36:10,0,0:00:00,0:00:00,0,HANG,0:00:00,0:00:00,0,NO_SERVER
AA0104,32898,0,0,PS,990908,12:54:23,12:54:36,13,0:00:00,0:00:00,0,AGENT,12:54:35,12:55:05,30,DORIT
AA0104,32899,0,0,PS,990908,13:07:23,13:07:32,9,0:00:00,0:00:00,0,AGENT,13:07:31,13:08:27,56,SHARON
AA0104,32900,0,0,NW,990908,13:20:28,13:20:38,10,13:20:38,13:20:39,1,HANG,0:00:00,0:00:00,0,NO_SERVER
AA0104,32901,0,0,NE,990908,13:34:12,13:34:21,9,0:00:00,0:00:00,0,AGENT,13:34:20,13:35:25,65,DORIT
AA0104,32902,29353356,2,PS,990908,13:45:25,13:45:31,6,13:45:31,13:45:46,15,AGENT,13:45:45,14:01:39,954,DORIT
AA0104,32903,29353356,2,PS,990908,13:54:37,13:54:43,6,13:54:43,13:54:51,8,AGENT,13:54:49,13:57:02,133,MORIAH
AA0104,32904,0,0,NE,990908,14:06:27,14:06:37,10,0:00:00,0:00:00,0,AGENT,14:06:36,14:09:07,151,ELI
AA0104,32905,0,0,NE,990908,14:23:23,14:23:39,16,0:00:00,0:00:00,0,AGENT,14:23:38,14:27:40,242,ZOHARI
AA0104,32906,0,0,NW,990908,14:35:20,14:35:37,17,0:00:00,0:00:00,0,AGENT,14:35:36,14:36:29,53,ROTH
AA0104,32907,0,0,NE,990908,14:44:16,14:44:27,11,0:00:00,0:00:00,0,AGENT,14:44:26,14:53:14,528,MORIAH
AA0104,32908,24027385,2,PS,990908,15:00:38,15:00:44,6,15:00:44,15:03:47,183,AGENT,15:03:46,15:07:22,216,KAZAV
AA0104,32909,0,0,NW,990908,15:10:57,15:11:06,9,15:11:06,15:12:38,92,HANG,0:00:00,0:00:00,0,NO_SERVER
AA0104,32910,0,0,NW,990908,15:24:18,15:24:27,9,15:24:27,15:25:03,36,AGENT,15:25:03,15:25:40,37,ROTH
AA0104,32911,52867744,2,PS,990908,15:33:48,15:33:54,6,15:33:54,15:38:35,281,AGENT,15:38:34,15:38:37,3,ANAT
AA0104,32912,0,0,NW,990908,15:45:12,15:45:22,10,15:45:22,15:50:23,301,AGENT,15:50:22,15:52:07,105,ROTH
AA0104,32913,57253494,1,PS,990908,15:57:31,15:57:36,5,15:57:36,15:58:00,24,AGENT,15:57:59,15:58:01,2,ANAT
AA0104,32914,0,0,PS,990908,16:12:23,16:12:32,9,0:00:00,0:00:00,0,AGENT,16:12:31,16:12:44,13,MORIAH
AA0104,32915,0,0,NW,990908,16:23:01,16:23:11,10,16:23:11,16:23:49,38,AGENT,16:23:48,16:23:49,1,AVI
AA0104,32916,29450251,2,PS,990908,16:37:00,16:37:06,6,16:37:06,16:37:43,37,AGENT,16:37:42,16:40:13,151,DARMON
AA0104,32917,0,0,NW,990908,16:52:03,16:52:17,14,0:00:00,0:00:00,0,AGENT,16:52:16,16:52:33,17,BENSION
AA0104,32918,0,0,NE,990908,17:14:01,17:14:13,12,0:00:00,0:00:00,0,AGENT,17:14:12,17:21:01,409,ELI
AA0104,32919,34094383,1,PS,990908,17:31:07,17:31:13,6,17:31:13,17:32:55,102,AGENT,17:32:54,17:33:53,59,BENSION
AA0104,32920,27106244,1,PS,990908,17:44:02,17:44:08,6,17:44:08,17:44:34,26,HANG,0:00:00,0:00:00,0,NO_SERVER
AA0104,32921,0,0,PS,990908,17:58:54,17:59:08,14,0:00:00,0:00:00,0,AGENT,17:59:06,17:59:50,44,BENSION
AA0104,32922,0,0,PS,990908,18:22:00,18:22:09,9,0:00:00,0:00:00,0,AGENT,18:22:09,18:25:51,222,ANAT
AA0104,32923,0,0,PS,990908,18:37:26,18:37:40,14,0:00:00,0:00:00,0,AGENT,18:37:39,18:42:30,291,BENSION
AA0104,32924,0,0,PS,990908,18:58:42,18:58:52,10,0:00:00,0:00:00,0,AGENT,18:58:51,18:58:52,1,ANAT
AA0104,32925,0,0,PS,990908,19:14:08,19:14:17,9,0:00:00,0:00:00,0,AGENT,19:14:16,19:15:18,62,MEIR
AA0104,32926,0,0,PS,990908,19:26:19,19:26:29,10,0:00:00,0:00:00,0,AGENT,19:26:28,19:28:02,94,MEIR
AA0104,32927,0,0,PS,990908,19:52:23,19:52:37,14,0:00:00,0:00:00,0,AGENT,19:52:37,19:54:45,128,MEIR
AA0104,32928,0,0,PS,990908,20:15:40,20:15:59,19,0:00:00,0:00:00,0,AGENT,20:15:52,20:17:57,125,AVI
AA0104,32929,0,0,NE,990908,20:43:16,20:43:26,10,0:00:00,0:00:00,0,AGENT,20:43:26,20:43:26,0,ANAT
AA0104,32930,0,0,PS,990908,21:04:16,21:04:26,10,0:00:00,0:00:00,0,AGENT,21:04:25,21:04:57,32,BENSION
AA0104,32931,0,0,PS,990908,21:22:47,21:23:05,18,0:00:00,0:00:00,0,AGENT,21:23:04,21:23:48,44,BENSION
AA0104,32932,0,0,PS,990908,21:42:11,21:42:30,19,0:00:00,0:00:00,0,AGENT,21:42:29,21:43:33,64,AVI
AA0104,32933,64471147,2,PS,990908,22:02:36,22:02:41,5,22:02:41,22:03:40,59,AGENT,22:03:39,22:05:09,90,AVI
AA0104,32934,28575710,1,PS,990908,22:28:25,22:28:31,6,22:28:31,22:29:26,55,AGENT,22:29:25,22:29:25,0,AVI
AA0104,32935,28465698,2,NE,990908,22:51:41,22:51:47,6,22:51:47,22:58:00,373,AGENT,22:57:59,22:58:41,42,AVI
AA0104,32936,33474602,2,PS,990908,23:31:40,23:31:46,6,23:31:46,23:32:01,15,AGENT,23:32:00,23:36:49,289,BENSION
AA0104,32937,0,0,PS,990909,6:43:42,6:44:20,38,0:00:00,0:00:00,0,HANG,0:00:00,0:00:00,0,NO_SERVER
AA0104,32938,0,0,PS,990909,7:25:58,7:26:15,17,0:00:00,0:00:00,0,AGENT,7:26:14,7:27:14,60,SHARON
AA0104,32939,0,0,PS,990909,8:00:54,8:01:03,9,0:00:00,0:00:00,0,AGENT,8:01:02,8:02:48,106,YIFAT
AA0104,32940,0,0,NW,990909,8:29:48,8:30:03,15,0:00:00,0:00:00,0,AGENT,8:30:02,8:31:52,110,BASCH
AA0104,32941,0,0,PS,990909,8:44:55,8:45:07,12,0:00:00,0:00:00,0,AGENT,8:45:06,8:48:58,232,NAAMA
AA0104,32942,0,0,PS,990909,9:00:45,9:01:03,18,0:00:00,0:00:00,0,AGENT,9:01:02,9:03:12,130,BASCH
AA0104,32943,0,0,PS,990909,9:11:34,9:11:42,8,0:00:00,0:00:00,0,AGENT,9:11:41,9:12:31,50,DORIT
AA0104,32944,0,0,PS,990909,9:24:25,9:24:35,10,0:00:00,0:00:00,0,AGENT,9:24:34,9:26:11,97,YIFAT
AA0104,32945,12235594,1,PS,990909,9:43:57,9:44:03,6,9:44:03,9:44:26,23,AGENT,9:44:24,9:48:16,232,KAZAV
AA0104,32946,0,0,PS,990909,10:00:10,10:00:19,9,0:00:00,0:00:00,0,AGENT,10:00:18,10:04:22,244,NAAMA
AA0104,32947,0,0,PS,990909,10:11:56,10:12:06,10,0:00:00,0:00:00,0,AGENT,10:12:05,10:13:03,58,ANAT
AA0104,32948,0,0,NE,990909,10:24:24,10:24:37,13,0:00:00,0:00:00,0,AGENT,10:24:32,10:27:27,175,BASCH
AA0104,32949,0,0,PS,990909,10:38:40,10:38:50,10,0:00:00,0:00:00,0,AGENT,10:38:49,10:45:31,402,YIFAT
AA0104,32950,0,0,PS,990909,10:53:24,10:53:32,8,0:00:00,0:00:00,0,AGENT,10:53:32,10:54:16,44,DORIT
AA0104,32951,0,0,PS,990909,11:07:42,11:07:51,9,0:00:00,0:00:00,0,AGENT,11:07:50,11:09:01,71,ROTH
AA0104,32952,0,0,PS,990909,11:23:01,11:23:10,9,0:00:00,0:00:00,0,AGENT,11:23:09,11:23:27,18,BASCH
AA0104,32953,0,0,PS,990909,11:38:43,11:38:54,11,0:00:00,0:00:00,0,AGENT,11:38:52,11:44:09,317,ROTH
AA0104,32954,0,0,NW,990909,11:54:06,11:54:20,14,0:00:00,0:00:00,0,AGENT,11:54:19,11:54:52,33,SHARON
AA0104,32955,0,0,PS,990909,12:05:59,12:06:11,12,0:00:00,0:00:00,0,AGENT,12:06:11,12:08:18,127,ANAT
AA0104,32956,0,0,PS,990909,12:31:02,12:31:13,11,0:00:00,0:00:00,0,AGENT,12:31:12,12:32:50,98,ANAT
AA0104,32957,58029430,1,PS,990909,12:43:48,12:43:53,5,12:43:53,12:43:57,4,AGENT,12:43:56,12:45:00,64,ROTH
AA0104,32958,0,0,PS,990909,12:50:35,12:50:48,13,0:00:00,0:00:00,0,HANG,0:00:00,0:00:00,0,NO_SERVER
AA0104,32959,0,0,PS,990909,13:05:54,13:06:06,12,0:00:00,0:00:00,0,AGENT,13:06:04,13:08:03,119,DORIT
AA0104,32960,0,0,PS,990909,13:17:46,13:17:55,9,0:00:00,0:00:00,0,AGENT,13:17:54,13:18:09,15,DORIT
AA0104,32961,0,0,PS,990909,13:37:52,13:38:01,9,0:00:00,0:00:00,0,AGENT,13:38:00,13:41:48,228,DORIT
AA0104,32962,0,0,PS,990909,13:54:13,13:54:24,11,0:00:00,0:00:00,0,AGENT,13:54:23,14:20:11,1548,BASCH
AA0104,32963,317882355,1,PS,990909,14:09:58,14:10:03,5,14:10:03,14:11:26,83,AGENT,14:11:25,14:13:38,133,SHARON
AA0104,32964,27183367,2,PS,990909,14:24:02,14:24:07,5,14:24:07,14:24:44,37,AGENT,14:24:43,14:26:40,117,KAZAV
AA0104,32965,0,0,PS,990909,14:35:19,14:35:28,9,0:00:00,0:00:00,0,AGENT,14:35:27,14:38:54,207,ROTH
AA0104,32966,57918849,1,NE,990909,14:49:18,14:49:23,5,14:49:23,14:51:12,109,AGENT,14:51:12,14:55:24,252,ROTH
AA0104,32967,42358408,2,PS,990909,15:05:36,15:05:42,6,15:05:42,15:07:18,96,AGENT,15:07:18,15:08:58,100,ROTH
AA0104,32968,15745508,2,PS,990909,15:16:06,15:16:11,5,15:16:11,15:20:20,249,AGENT,15:20:19,15:22:30,131,DORIT
AA0104,32969,57451726,2,PS,990909,15:32:01,15:32:07,6,15:32:07,15:33:12,65,AGENT,15:33:12,15:35:51,159,KAZAV
AA0104,32970,52752003,2,PS,990909,15:40:49,15:40:55,6,15:40:55,15:41:24,29,AGENT,15:41:22,15:46:14,292,ROTH
AA0104,32971,0,0,NW,990909,15:51:26,15:51:35,9,15:51:35,15:54:27,172,HANG,0:00:00,0:00:00,0,NO_SERVER
AA0104,32972,0,0,NW,990909,16:08:51,16:09:00,9,16:09:00,16:09:23,23,AGENT,16:09:23,16:10:10,47,STEREN
AA0104,32973,0,0,NW,990909,16:21:05,16:21:18,13,0:00:00,0:00:00,0,AGENT,16:21:17,16:22:07,50,YITZ
AA0104,32974,0,0,PS,990909,16:31:25,16:31:38,13,0:00:00,0:00:00,0,AGENT,16:31:38,16:32:28,50,ZOHARI
AA0104,32975,0,0,PS,990909,16:43:06,16:43:17,11,0:00:00,0:00:00,0,AGENT,16:43:17,16:48:00,283,ZOHARI
AA0104,32976,0,0,PS,990909,16:54:02,16:54:12,10,0:00:00,0:00:00,0,AGENT,16:54:11,17:07:12,781,STEREN
AA0104,32977,9682923,2,PS,990909,17:05:13,17:05:19,6,17:05:19,17:11:32,373,AGENT,17:11:31,17:13:45,134,YITZ
AA0104,32978,0,0,NW,990909,17:24:07,17:24:25,18,0:00:00,0:00:00,0,AGENT,17:24:24,17:27:06,162,YITZ
AA0104,32979,58859752,2,PS,990909,17:44:30,17:44:35,5,17:44:35,17:47:17,162,HANG,0:00:00,0:00:00,0,NO_SERVER
AA0104,32980,0,0,NW,990909,18:00:46,18:00:56,10,18:00:56,18:05:12,256,AGENT,18:05:11,18:05:12,1,AVI
AA0104,32981,78191137,2,PS,990909,18:22:11,18:22:17,6,18:22:17,18:26:02,225,AGENT,18:26:00,18:28:32,152,STEREN
AA0104,32982,0,0,NW,990909,18:43:37,18:43:46,9,18:43:46,18:43:52,6,HANG,0:00:00,0:00:00,0,NO_SERVER
AA0104,32983,55542856,1,PS,990909,19:04:47,19:04:53,6,19:04:53,19:05:21,28,AGENT,19:05:20,19:05:57,37,STEREN
AA0104,32984,0,0,PS,990909,19:32:20,19:32:29,9,0:00:00,0:00:00,0,AGENT,19:32:28,19:34:48,140,AVI
AA0104,32985,0,0,PS,990909,19:48:00,19:48:11,11,0:00:00,0:00:00,0,AGENT,19:48:10,19:50:07,117,AVI
AA0104,32986,56712953,1,PS,990909,20:17:54,20:18:00,6,20:18:00,20:18:39,39,AGENT,20:18:39,20:19:52,73,STEREN
AA0104,32987,0,0,PS,990909,20:46:44,20:46:54,10,0:00:00,0:00:00,0,AGENT,20:46:53,20:48:36,103,AVI
AA0104,32988,54982525,1,PS,990909,21:13:08,21:13:13,5,21:13:13,21:13:41,28,AGENT,21:13:41,21:15:49,128,ZOHARI
AA0104,32989,0,0,NE,990909,21:37:34,21:37:42,8,0:00:00,0:00:00,0,AGENT,21:37:42,21:39:46,124,STEREN
AA0104,32990,0,0,PS,990909,22:04:49,22:05:01,12,0:00:00,0:00:00,0,AGENT,22:05:00,22:06:53,113,STEREN
AA0104,32991,0,0,PS,990909,22:38:59,22:39:10,11,0:00:00,0:00:00,0,AGENT,22:39:09,22:43:46,277,ZOHARI
AA0104,32992,0,0,NW,990909,23:01:10,23:01:20,10,0:00:00,0:00:00,0,AGENT,23:01:22,23:01:29,7,NO_SERVER
AA0104,32993,0,0,PS,990909,23:46:22,23:46:33,11,0:00:00,0:00:00,0,AGENT,23:46:33,23:48:58,145,AVI
AA0104,32994,0,0,PS,990910,7:11:00,7:11:10,10,0:00:00,0:00:00,0,AGENT,7:11:09,7:12:30,81,AVNI
AA0104,32995,0,0,PS,990910,7:53:31,7:53:42,11,0:00:00,0:00:00,0,AGENT,7:53:41,7:58:33,292,VICKY
AA0104,32996,0,0,PS,990910,8:17:37,8:17:49,12,0:00:00,0:00:00,0,AGENT,8:17:48,8:20:44,176,BASCH
AA0104,32997,0,0,PS,990910,8:38:15,8:38:27,12,0:00:00,0:00:00,0,AGENT,8:38:26,8:38:29,3,NO_SERVER
AA0104,32998,0,0,NW,990910,8:54:12,8:54:31,19,0:00:00,0:00:00,0,AGENT,8:54:30,8:55:00,30,BENSION
AA0104,32999,0,0,PS,990910,9:10:14,9:10:25,11,0:00:00,0:00:00,0,AGENT,9:10:24,9:12:07,103,BASCH
AA0104,33000,0,0,PS,990910,9:22:15,9:22:25,10,0:00:00,0:00:00,0,AGENT,9:22:24,9:22:55,31,BASCH
AA0104,33001,0,0,PS,990910,9:33:25,9:33:38,13,0:00:00,0:00:00,0,AGENT,9:33:37,9:34:42,65,BASCH
AA0104,33002,0,0,NW,990910,9:46:44,9:46:54,10,9:46:54,9:47:09,15,AGENT,9:47:08,9:48:13,65,AVNI
AA0104,33003,33098518,2,PS,990910,9:59:07,9:59:13,6,9:59:13,9:59:28,15,AGENT,9:59:27,10:00:20,53,BENSION
AA0104,33004,0,0,PS,990910,10:11:30,10:11:39,9,0:00:00,0:00:00,0,AGENT,10:11:38,10:13:26,108,AVNI
AA0104,33005,0,0,PS,990910,10:30:57,10:31:11,14,0:00:00,0:00:00,0,AGENT,10:31:10,10:32:09,59,DORIT
AA0104,33006,0,0,PS,990910,10:43:34,10:43:46,12,0:00:00,0:00:00,0,AGENT,10:43:45,10:46:37,172,DORIT
AA0104,33007,0,0,PS,990910,11:01:36,11:01:47,11,0:00:00,0:00:00,0,AGENT,11:01:47,11:02:20,33,BENSION
AA0104,33008,0,0,PS,990910,11:16:20,11:16:31,11,0:00:00,0:00:00,0,AGENT,11:16:30,11:17:26,56,BASCH
AA0104,33009,0,0,PS,990910,11:39:50,11:39:57,7,0:00:00,0:00:00,0,AGENT,11:39:59,11:40:06,7,NO_SERVER
AA0104,33010,0,0,NW,990910,12:11:02,12:11:17,15,0:00:00,0:00:00,0,AGENT,12:11:16,12:12:23,67,BASCH
AA0104,33011,0,0,NW,990910,12:43:57,12:44:10,13,0:00:00,0:00:00,0,AGENT,12:44:09,12:46:04,115,AVNI
AA0104,33012,0,0,PS,990910,13:10:04,13:10:15,11,0:00:00,0:00:00,0,HANG,0:00:00,0:00:00,0,NO_SERVER
AA0104,33014,0,0,NE,990910,13:45:27,13:45:27,0,0:00:00,0:00:00,0,HANG,0:00:00,0:00:00,0,NO_SERVER
AA0104,33015,0,0,NW,990910,15:14:12,15:14:35,23,0:00:00,0:00:00,0,HANG,0:00:00,0:00:00,0,NO_SERVER
AA0104,33016,0,0,PS,990910,18:48:25,18:49:26,61,0:00:00,0:00:00,0,HANG,0:00:00,0:00:00,0,NO_SERVER
AA0104,33017,0,0,NW,990911,17:15:53,17:16:13,20,0:00:00,0:00:00,0,HANG,0:00:00,0:00:00,0,NO_SERVER
AA0104,33018,0,0,NW,990912,11:21:22,11:21:48,26,0:00:00,0:00:00,0,HANG,0:00:00,0:00:00,0,NO_SERVER
AA0104,33019,0,0,NW,990912,19:07:22,19:07:59,37,0:00:00,0:00:00,0,HANG,0:00:00,0:00:00,0,NO_SERVER
AA0104,33020,0,0,PS,990912,19:52:45,19:52:56,11,0:00:00,0:00:00,0,HANG,0:00:00,0:00:00,0,NO_SERVER
AA0104,33021,0,0,NW,990912,20:19:06,20:19:21,15,0:00:00,0:00:00,0,AGENT,20:19:20,20:19:41,21,SHARON
AA0104,33022,0,0,PS,990912,20:35:08,20:35:17,9,0:00:00,0:00:00,0,AGENT,20:35:17,20:43:13,476,ELI
AA0104,33023,0,0,PS,990912,20:59:11,20:59:21,10,0:00:00,0:00:00,0,AGENT,20:59:20,21:00:58,98,AVNI
AA0104,33024,0,0,PS,990912,21:31:20,21:31:30,10,0:00:00,0:00:00,0,AGENT,21:31:29,21:35:21,232,SHARON
AA0104,33025,0,0,PS,990912,22:09:21,22:09:30,9,0:00:00,0:00:00,0,AGENT,22:09:29,22:10:17,48,NO_SERVER
AA0104,33026,0,0,PS,990912,22:53:03,22:53:12,9,0:00:00,0:00:00,0,AGENT,22:53:11,22:55:33,142,AVNI
AA0104,33027,0,0,PS,990912,23:53:54,23:54:08,14,0:00:00,0:00:00,0,AGENT,23:54:07,23:55:11,64,SHARON
AA0104,33028,0,0,PS,990913,7:13:04,7:13:16,12,0:00:00,0:00:00,0,AGENT,7:13:16,7:14:07,51,TOVA
AA0104,33029,58076621,1,PS,990913,7:48:41,7:48:47,6,7:48:47,7:49:20,33,AGENT,7:49:19,7:51:16,117,TOVA
AA0104,33030,0,0,NW,990913,8:09:03,8:09:12,9,8:09:12,8:10:06,54,HANG,0:00:00,0:00:00,0,NO_SERVER
AA0104,33031,0,0,PS,990913,8:25:32,8:25:45,13,0:00:00,0:00:00,0,AGENT,8:25:44,8:29:25,221,TOVA
AA0104,33032,0,0,PS,990913,8:36:42,8:36:53,11,0:00:00,0:00:00,0,AGENT,8:36:51,8:37:33,42,VICKY
AA0104,33033,0,0,NW,990913,8:45:45,8:45:53,8,8:45:53,8:47:29,96,AGENT,8:47:27,8:48:32,65,STEREN
AA0104,33034,0,0,PS,990913,8:56:05,8:56:16,11,0:00:00,0:00:00,0,AGENT,8:56:15,8:57:07,52,KAZAV
AA0104,33035,0,0,NW,990913,9:06:36,9:06:45,9,9:06:45,9:06:51,6,AGENT,9:06:50,9:07:12,22,ROTH
AA0104,33036,0,0,NE,990913,9:17:28,9:17:40,12,0:00:00,0:00:00,0,AGENT,9:17:40,9:18:57,77,ZOHARI
AA0104,33037,0,0,NW,990913,9:29:42,9:29:56,14,0:00:00,0:00:00,0,AGENT,9:29:55,9:30:10,15,STEREN
AA0104,33038,0,0,PS,990913,9:37:36,9:37:46,10,0:00:00,0:00:00,0,AGENT,9:37:44,9:38:01,17,SHARON
AA0104,33039,0,0,PS,990913,9:45:08,9:45:25,17,0:00:00,0:00:00,0,AGENT,9:45:23,9:46:04,41,GILI
AA0104,33040,58007352,2,PS,990913,9:53:13,9:53:18,5,9:53:18,9:53:45,27,AGENT,9:53:44,9:55:50,126,GILI
AA0104,33041,0,0,NW,990913,10:06:29,10:06:38,9,10:06:38,10:09:28,170,HANG,0:00:00,0:00:00,0,NO_SERVER
AA0104,33042,0,0,PS,990913,10:16:54,10:17:03,9,0:00:00,0:00:00,0,AGENT,10:17:01,10:19:14,133,SHARON
AA0104,33043,0,0,PS,990913,10:28:15,10:28:25,10,0:00:00,0:00:00,0,AGENT,10:28:25,10:37:00,515,GILI
AA0104,33044,0,0,NE,990913,10:36:07,10:36:20,13,0:00:00,0:00:00,0,AGENT,10:36:20,10:41:25,305,ELI
AA0104,33045,0,0,PS,990913,10:43:35,10:43:46,11,0:00:00,0:00:00,0,AGENT,10:43:45,10:52:23,518,TOVA
AA0104,33046,0,0,PS,990913,10:53:54,10:54:05,11,0:00:00,0:00:00,0,AGENT,10:54:04,10:54:47,43,TOVA
AA0104,33047,0,0,PS,990913,11:03:56,11:04:12,16,0:00:00,0:00:00,0,AGENT,11:04:11,11:07:08,177,VICKY
AA0104,33048,0,0,NW,990913,11:11:18,11:11:27,9,11:11:27,11:11:49,22,HANG,0:00:00,0:00:00,0,NO_SERVER
AA0104,33049,28544401,1,PS,990913,11:22:33,11:22:43,10,11:22:43,11:24:49,126,PHANTOM,11:22:42,11:24:51,129,NO_SERVER
AA0104,33050,25725821,1,PS,990913,11:32:48,11:32:54,6,11:32:54,11:33:00,6,AGENT,11:32:59,11:34:05,66,STEREN
AA0104,33051,0,0,PS,990913,11:42:24,11:42:34,10,0:00:00,0:00:00,0,AGENT,11:42:32,11:46:29,237,SHARON
AA0104,33052,57068116,2,PS,990913,11:52:12,11:52:18,6,11:52:18,11:52:29,11,AGENT,11:52:28,11:56:34,246,ZOHARI
AA0104,33053,69529626,1,PS,990913,12:00:15,12:00:20,5,12:00:20,12:00:33,13,AGENT,12:00:32,12:00:33,1,YIFAT
AA0104,33054,0,0,PS,990913,12:08:41,12:08:50,9,0:00:00,0:00:00,0,AGENT,12:08:50,12:10:32,102,TOVA
AA0104,33055,0,0,PS,990913,12:22:11,12:22:20,9,0:00:00,0:00:00,0,AGENT,12:22:20,12:24:29,129,ROTH
AA0104,33056,0,0,PS,990913,12:31:13,12:31:24,11,0:00:00,0:00:00,0,AGENT,12:31:22,12:31:49,27,GILI
AA0104,33057,0,0,PS,990913,12:44:32,12:44:46,14,0:00:00,0:00:00,0,AGENT,12:44:45,12:48:22,217,SHARON
AA0104,33058,0,0,PS,990913,13:00:59,13:01:08,9,0:00:00,0:00:00,0,AGENT,13:01:07,13:02:17,70,KAZAV
AA0104,33059,54934807,2,PS,990913,13:09:42,13:09:47,5,13:09:47,13:11:06,79,AGENT,13:11:04,13:12:12,68,BASCH
AA0104,33060,31869621,2,PS,990913,13:21:11,13:21:16,5,13:21:16,13:21:31,15,AGENT,13:21:30,13:23:25,115,TOVA
AA0104,33061,0,0,PS,990913,13:28:16,13:28:26,10,0:00:00,0:00:00,0,AGENT,13:28:25,13:29:53,88,BASCH
AA0104,33062,0,0,PS,990913,13:40:54,13:41:05,11,0:00:00,0:00:00,0,AGENT,13:41:04,13:46:58,354,STEREN
AA0104,33063,58704610,2,PS,990913,13:49:35,13:49:41,6,13:49:41,13:51:23,102,AGENT,13:51:23,13:59:22,479,ROTH
AA0104,33064,0,0,NW,990913,13:58:05,13:58:15,10,13:58:15,13:58:35,20,HANG,0:00:00,0:00:00,0,NO_SERVER
AA0104,33065,9205253,2,PS,990913,14:04:41,14:04:46,5,14:04:46,14:06:50,124,AGENT,14:06:49,14:15:04,495,SHARON
AA0104,33066,8233124,2,PS,990913,14:10:16,14:10:22,6,14:10:22,14:11:59,97,HANG,0:00:00,0:00:00,0,NO_SERVER
AA0104,33067,23650765,2,PS,990913,14:15:55,14:16:01,6,14:16:01,14:16:59,58,HANG,0:00:00,0:00:00,0,NO_SERVER
AA0104,33068,24882896,2,PS,990913,14:19:42,14:19:48,6,14:19:48,14:20:45,57,AGENT,14:20:44,14:22:55,131,MORIAH
AA0104,33069,0,0,PS,990913,14:27:54,14:28:04,10,0:00:00,0:00:00,0,AGENT,14:28:03,14:30:08,125,STEREN
AA0104,33070,58859752,2,PS,990913,14:34:58,14:35:04,6,14:35:04,14:36:05,61,AGENT,14:36:04,14:36:06,2,MORIAH
AA0104,33071,54042171,2,NE,990913,14:43:30,14:43:36,6,14:43:36,14:44:32,56,AGENT,14:44:30,14:47:05,155,ROTH
AA0104,33072,314017401,1,PE,990913,14:51:35,14:51:39,4,14:51:39,14:54:43,184,AGENT,14:54:42,15:00:32,350,MORIAH
AA0104,33073,51929339,2,PS,990913,15:03:56,15:04:02,6,15:04:02,15:04:22,20,AGENT,15:04:21,15:04:27,6,MORIAH
AA0104,33074,128926,2,PS,990913,15:10:53,15:10:59,6,15:10:59,15:16:03,304,AGENT,15:16:02,15:18:35,153,STEREN
AA0104,33075,0,0,NE,990913,15:23:55,15:24:03,8,0:00:00,0:00:00,0,AGENT,15:24:02,15:24:08,6,MORIAH
AA0104,33076,10858884,2,NE,990913,15:32:49,15:32:55,6,15:32:55,15:33:49,54,AGENT,15:33:48,15:35:35,107,ELI
AA0104,33077,0,0,PS,990913,15:43:50,15:43:59,9,0:00:00,0:00:00,0,AGENT,15:43:58,15:48:46,288,BASCH
AA0104,33078,0,0,PS,990913,15:56:24,15:56:33,9,0:00:00,0:00:00,0,AGENT,15:56:32,15:58:14,102,SHARON
AA0104,33079,0,0,PS,990913,16:06:43,16:06:53,10,0:00:00,0:00:00,0,AGENT,16:06:53,16:10:07,194,MORIAH
AA0104,33080,0,0,NW,990913,16:18:23,16:18:36,13,0:00:00,0:00:00,0,AGENT,16:18:36,16:19:17,41,ROTH
AA0104,33081,0,0,NW,990913,16:33:28,16:33:38,10,16:33:38,16:33:42,4,AGENT,16:33:42,16:34:41,59,AVI
AA0104,33082,30164461,2,NE,990913,16:43:19,16:43:24,5,16:43:24,16:43:42,18,HANG,0:00:00,0:00:00,0,NO_SERVER
AA0104,33083,313788879,1,NW,990913,16:50:47,16:50:52,5,16:50:52,16:53:04,132,AGENT,16:53:04,16:56:27,203,AVI
AA0104,33084,0,0,PS,990913,16:59:25,16:59:35,10,0:00:00,0:00:00,0,AGENT,16:59:34,17:03:23,229,MORIAH
AA0104,33085,0,0,PS,990913,17:11:26,17:11:51,25,0:00:00,0:00:00,0,AGENT,17:11:50,17:13:23,93,BASCH
AA0104,33086,0,0,PS,990913,17:29:37,17:29:50,13,0:00:00,0:00:00,0,AGENT,17:29:49,17:32:50,181,BASCH
AA0104,33087,0,0,PS,990913,17:48:08,17:48:18,10,0:00:00,0:00:00,0,AGENT,17:48:17,17:50:01,104,BASCH
AA0104,33088,0,0,NW,990913,18:04:06,18:04:15,9,18:04:15,18:04:28,13,AGENT,18:04:28,18:05:42,74,AVNI
AA0104,33090,0,0,PS,990913,18:18:03,18:18:03,0,0:00:00,0:00:00,0,HANG,0:00:00,0:00:00,0,NO_SERVER
AA0104,33091,0,0,NW,990913,18:32:42,18:32:50,8,18:32:50,18:34:00,70,AGENT,18:33:59,18:38:21,262,AVI
AA0104,33092,55279970,2,NE,990913,18:50:37,18:50:43,6,18:50:43,18:51:21,38,AGENT,18:51:20,18:58:42,442,AVNI
AA0104,33093,28636975,1,PS,990913,19:01:48,19:01:53,5,19:01:53,19:01:58,5,AGENT,19:01:57,19:04:12,135,AVI
AA0104,33094,0,0,PS,990913,19:13:10,19:13:24,14,0:00:00,0:00:00,0,AGENT,19:13:23,19:15:47,144,BASCH
AA0104,33095,54613724,2,NE,990913,19:29:29,19:29:34,5,19:29:34,19:30:17,43,AGENT,19:30:16,19:34:38,262,AVNI
AA0104,33096,25124181,2,NE,990913,19:41:33,19:41:38,5,19:41:38,19:41:55,17,AGENT,19:41:54,19:41:57,3,MORIAH
AA0104,33097,0,0,PS,990913,20:03:47,20:03:56,9,0:00:00,0:00:00,0,AGENT,20:03:55,20:03:55,0,AVI
AA0104,33098,69813145,2,PS,990913,20:17:24,20:17:30,6,20:17:30,20:17:37,7,AGENT,20:17:36,20:22:31,295,MEIR
AA0104,33099,57359291,1,PS,990913,20:30:21,20:30:27,6,20:30:27,20:30:50,23,AGENT,20:30:48,20:32:03,75,MEIR
AA0104,33100,0,0,NW,990913,20:49:22,20:49:31,9,20:49:31,20:50:36,65,AGENT,20:50:35,20:50:36,1,AVI
AA0104,33101,0,0,PS,990913,21:07:21,21:07:31,10,0:00:00,0:00:00,0,AGENT,21:07:30,21:11:37,247,AVI
AA0104,33102,0,0,NW,990913,21:23:41,21:23:51,10,21:23:51,21:25:01,70,HANG,0:00:00,0:00:00,0,NO_SERVER
AA0104,33103,57070534,2,PS,990913,21:40:43,21:40:48,5,21:40:48,21:41:46,58,AGENT,21:41:46,21:42:18,32,AVI
AA0104,33104,0,0,NW,990913,22:03:18,22:03:28,10,22:03:28,22:10:15,407,HANG,0:00:00,0:00:00,0,NO_SERVER
AA0104,33105,42672089,2,PS,990913,22:21:34,22:21:40,6,22:21:40,22:22:09,29,AGENT,22:22:09,22:25:17,188,GELBER
AA0104,33106,29602505,2,PS,990913,22:38:05,22:38:11,6,22:38:11,22:38:19,8,AGENT,22:38:19,22:39:43,84,GELBER
AA0104,33107,0,0,PS,990913,23:18:35,23:18:44,9,0:00:00,0:00:00,0,AGENT,23:18:43,23:22:53,250,AVNI
AA0104,33108,3968047,2,PS,990913,23:44:23,23:44:29,6,23:44:29,23:46:16,107,AGENT,23:46:15,23:47:57,102,AVI
AA0104,33110,0,0,PS,990914,2:21:31,2:21:31,0,0:00:00,0:00:00,0,HANG,0:00:00,0:00:00,0,NO_SERVER
AA0104,33111,0,0,PE,990914,7:17:05,7:17:14,9,0:00:00,0:00:00,0,AGENT,7:17:12,7:18:43,91,YIFAT
AA0104,33112,0,0,PS,990914,7:35:53,7:36:03,10,0:00:00,0:00:00,0,AGENT,7:36:02,7:36:56,54,TOVA
AA0104,33113,25463316,1,PS,990914,7:54:05,7:54:11,6,7:54:11,7:55:13,62,AGENT,7:55:12,7:56:31,79,ANAT
AA0104,33114,0,0,NW,990914,8:17:51,8:18:00,9,8:18:00,8:18:35,35,HANG,0:00:00,0:00:00,0,NO_SERVER
AA0104,33115,59841296,1,PS,990914,8:26:37,8:26:43,6,8:26:43,8:29:33,170,AGENT,8:29:32,8:33:46,254,KAZAV
AA0104,33116,0,0,NW,990914,8:40:09,8:40:19,10,8:40:19,8:42:57,158,AGENT,8:42:55,8:44:32,97,GOLDIE
AA0104,33117,0,0,NW,990914,8:52:34,8:52:43,9,8:52:43,8:58:42,359,AGENT,8:58:40,9:00:07,87,GOLDIE
AA0104,33118,0,0,PS,990914,9:07:01,9:07:21,20,0:00:00,0:00:00,0,AGENT,9:07:20,9:08:09,49,BASCH
AA0104,33119,0,0,NW,990914,9:17:35,9:17:44,9,9:17:44,9:20:27,163,AGENT,9:20:26,9:21:23,57,AVNI
AA0104,33120,0,0,PS,990914,9:29:24,9:29:32,8,0:00:00,0:00:00,0,AGENT,9:29:31,9:29:38,7,MORIAH
AA0104,33121,0,0,PS,990914,9:38:57,9:39:06,9,0:00:00,0:00:00,0,AGENT,9:39:05,9:41:30,145,ANAT
AA0104,33122,0,0,NW,990914,9:48:35,9:48:48,13,0:00:00,0:00:00,0,AGENT,9:48:47,9:51:54,187,GOLDIE
AA0104,33123,0,0,PS,990914,9:58:37,9:58:45,8,0:00:00,0:00:00,0,AGENT,9:58:45,10:01:47,182,MORIAH
AA0104,33124,27901198,2,PS,990914,10:08:32,10:08:38,6,10:08:38,10:09:52,74,AGENT,10:09:51,10:13:16,205,MORIAH
AA0104,33125,25636440,2,PS,990914,10:16:11,10:16:17,6,10:16:17,10:18:36,139,AGENT,10:18:35,10:20:50,135,ANAT
AA0104,33126,27281617,2,NE,990914,10:24:27,10:24:32,5,10:24:32,10:24:56,24,AGENT,10:24:55,10:26:39,104,TOVA
AA0104,33128,0,0,PS,990914,10:31:47,10:31:47,0,0:00:00,0:00:00,0,HANG,0:00:00,0:00:00,0,NO_SERVER
AA0104,33129,78191137,2,PS,990914,10:36:36,10:36:43,7,10:36:43,10:39:21,158,AGENT,10:39:20,10:47:32,492,BASCH
AA0104,33130,50205384,1,PS,990914,10:42:10,10:42:16,6,10:42:16,10:42:44,28,AGENT,10:42:43,10:51:29,526,GOLDIE
AA0104,33131,0,0,PS,990914,10:50:12,10:50:27,15,0:00:00,0:00:00,0,AGENT,10:50:26,10:51:06,40,DARMON
AA0104,33132,38408647,1,PS,990914,11:01:30,11:01:35,5,11:01:35,11:03:16,101,AGENT,11:03:16,11:12:47,571,MORIAH
AA0104,33133,42647446,2,NE,990914,11:09:38,11:09:44,6,11:09:44,11:12:34,170,AGENT,11:12:33,11:13:55,82,BASCH
AA0104,33134,0,0,PS,990914,11:23:25,11:23:34,9,0:00:00,0:00:00,0,AGENT,11:23:33,11:29:28,355,KAZAV
AA0104,33135,0,0,PS,990914,11:34:04,11:34:10,6,0:00:00,0:00:00,0,AGENT,11:34:13,11:34:20,7,NO_SERVER
AA0104,33136,22980072,2,PS,990914,11:42:50,11:42:56,6,11:42:56,11:45:35,159,AGENT,11:45:35,11:51:07,332,DARMON
AA0104,33137,45566833,2,PS,990914,11:51:58,11:52:04,6,11:52:04,11:52:40,36,AGENT,11:52:40,11:57:04,264,AVNI
AA0104,33138,0,0,PS,990914,12:02:06,12:02:31,25,0:00:00,0:00:00,0,AGENT,12:02:30,12:04:37,127,YIFAT
AA0104,33139,0,0,NW,990914,12:11:05,12:11:14,9,12:11:14,12:12:22,68,AGENT,12:12:21,12:13:07,46,GOLDIE
AA0104,33140,0,0,PS,990914,12:20:51,12:21:00,9,0:00:00,0:00:00,0,AGENT,12:20:59,12:21:34,35,ANAT
AA0104,33141,0,0,PS,990914,12:32:47,12:32:56,9,0:00:00,0:00:00,0,AGENT,12:32:55,12:34:39,104,AVNI
AA0104,33142,22952840,1,PS,990914,12:38:57,12:39:02,5,12:39:02,12:42:37,215,AGENT,12:42:36,12:44:11,95,GOLDIE
AA0104,33143,0,0,PS,990914,12:53:58,12:54:07,9,0:00:00,0:00:00,0,AGENT,12:54:06,12:54:09,3,MORIAH
AA0104,33144,43288190,2,PS,990914,13:06:29,13:06:34,5,13:06:34,13:07:01,27,AGENT,13:07:00,13:10:14,194,ANAT
AA0104,33145,0,0,PS,990914,13:22:50,13:23:03,13,0:00:00,0:00:00,0,AGENT,13:23:03,13:24:59,116,TOVA
AA0104,33146,59630624,1,NE,990914,13:34:45,13:34:51,6,13:34:51,13:35:16,25,AGENT,13:35:15,13:35:18,3,MORIAH
AA0104,33147,0,0,PS,990914,13:44:33,13:44:42,9,0:00:00,0:00:00,0,AGENT,13:44:42,13:49:43,301,AVNI
AA0104,33148,10587137,2,NE,990914,13:51:43,13:51:49,6,13:51:49,13:53:28,99,AGENT,13:53:27,13:55:59,152,ANAT
AA0104,33149,57460131,2,PS,990914,14:00:54,14:01:00,6,14:01:00,14:06:53,353,AGENT,14:06:52,14:09:37,165,ROTH
AA0104,33150,43503234,1,PS,990914,14:13:33,14:12:18,-75,14:12:18,14:15:24,186,AGENT,14:15:23,14:18:37,194,BASCH
AA0104,33151,0,0,PS,990914,14:22:47,14:24:07,80,0:00:00,0:00:00,0,HANG,0:00:00,0:00:00,0,NO_SERVER
AA0104,33152,23793540,1,PS,990914,14:34:26,14:34:31,5,14:34:31,14:35:32,61,AGENT,14:35:31,14:37:17,106,KAZAV
AA0104,33153,24927717,1,PS,990914,14:41:00,14:41:06,6,14:41:06,14:41:17,11,HANG,0:00:00,0:00:00,0,NO_SERVER
AA0104,33154,25214305,1,PS,990914,14:46:53,14:46:59,6,14:46:59,14:49:06,127,AGENT,14:49:05,14:49:06,1,YIFAT
AA0104,33155,27885011,2,PS,990914,15:01:36,15:01:41,5,15:01:41,15:06:50,309,HANG,0:00:00,0:00:00,0,NO_SERVER
AA0104,33156,304009228,2,PS,990914,15:12:30,15:12:35,5,15:12:35,15:16:16,221,AGENT,15:16:15,15:18:32,137,KAZAV
AA0104,33157,0,0,PS,990914,15:28:09,15:28:22,13,0:00:00,0:00:00,0,AGENT,15:28:20,15:31:29,189,NAAMA
AA0104,33158,0,0,NW,990914,15:38:27,15:38:36,9,15:38:36,15:41:47,191,AGENT,15:41:47,15:45:00,193,BASCH
AA0104,33159,0,0,PS,990914,15:52:44,15:52:53,9,0:00:00,0:00:00,0,AGENT,15:52:52,15:56:18,206,ROTH
AA0104,33160,67899906,1,PS,990914,16:01:31,16:01:36,5,16:01:36,16:05:14,218,AGENT,16:05:14,16:08:49,215,STEREN
AA0104,33161,0,0,PS,990914,16:13:52,16:14:01,9,0:00:00,0:00:00,0,AGENT,16:14:01,16:14:05,4,NO_SERVER
AA0104,33162,0,0,PS,990914,16:25:36,16:25:47,11,0:00:00,0:00:00,0,AGENT,16:25:47,16:28:50,183,SHARON
AA0104,33163,52867744,2,PS,990914,16:37:59,16:38:05,6,16:38:05,16:38:54,49,AGENT,16:38:54,16:41:22,148,BENSION
AA0104,33164,0,0,PS,990914,16:51:26,16:51:45,19,0:00:00,0:00:00,0,AGENT,16:51:43,16:53:17,94,NAAMA
AA0104,33165,57283434,2,PS,990914,16:59:26,16:59:32,6,16:59:32,16:59:53,21,AGENT,16:59:52,17:01:51,119,YITZ
AA0104,33166,0,0,PS,990914,17:11:49,17:12:03,14,0:00:00,0:00:00,0,AGENT,17:12:02,17:18:45,403,BENSION
AA0104,33167,0,0,NW,990914,17:25:37,17:25:50,13,0:00:00,0:00:00,0,AGENT,17:25:50,17:27:02,72,YITZ
AA0104,33168,0,0,NW,990914,17:39:37,17:39:47,10,17:39:47,17:40:05,18,AGENT,17:40:03,17:40:15,12,BENSION
AA0104,33169,0,0,PS,990914,17:55:39,17:55:48,9,0:00:00,0:00:00,0,AGENT,17:55:47,17:57:09,82,STEREN
AA0104,33170,0,0,PS,990914,18:12:10,18:12:19,9,0:00:00,0:00:00,0,AGENT,18:12:19,18:13:25,66,ROTH
AA0104,33171,0,0,PS,990914,18:26:00,18:26:12,12,0:00:00,0:00:00,0,AGENT,18:26:11,18:35:15,544,NAAMA
AA0104,33172,0,0,PS,990914,18:43:51,18:44:02,11,0:00:00,0:00:00,0,AGENT,18:44:00,18:51:45,465,STEREN
AA0104,33173,0,0,PS,990914,19:00:15,19:00:24,9,0:00:00,0:00:00,0,AGENT,19:00:23,19:02:51,148,STEREN
AA0104,33174,0,0,NW,990914,19:20:12,19:20:26,14,0:00:00,0:00:00,0,AGENT,19:20:26,19:21:24,58,YITZ
AA0104,33175,0,0,PS,990914,19:38:39,19:38:51,12,0:00:00,0:00:00,0,AGENT,19:38:50,19:42:30,220,YITZ
AA0104,33176,0,0,NW,990914,19:58:49,19:59:02,13,0:00:00,0:00:00,0,AGENT,19:59:01,20:00:11,70,YITZ
AA0104,33177,0,0,NW,990914,20:16:08,20:16:18,10,20:16:18,20:16:42,24,AGENT,20:16:41,20:17:31,50,ROTH
AA0104,33178,0,0,PS,990914,20:39:12,20:39:21,9,0:00:00,0:00:00,0,AGENT,20:39:20,20:43:37,257,ROTH
AA0104,33179,0,0,PS,990914,21:02:18,21:02:32,14,0:00:00,0:00:00,0,AGENT,21:02:31,21:02:42,11,BENSION
AA0104,33180,15696776,2,PS,990914,21:26:48,21:26:54,6,21:26:54,21:27:48,54,AGENT,21:27:47,21:28:55,68,BENSION
AA0104,33181,54079181,2,PS,990914,21:41:08,21:41:14,6,21:41:14,21:42:10,56,AGENT,21:42:09,21:51:58,589,STEREN
AA0104,33182,0,0,PS,990914,21:56:20,21:56:30,10,0:00:00,0:00:00,0,AGENT,21:56:29,21:57:32,63,ZOHARI
AA0104,33183,54613724,2,NE,990914,22:25:52,22:25:58,6,22:25:58,22:27:11,73,AGENT,22:27:10,22:27:52,42,SHARON
AA0104,33184,0,0,NW,990914,22:57:44,22:58:03,19,0:00:00,0:00:00,0,AGENT,22:58:02,22:58:34,32,BENSION
AA0104,33185,0,0,PS,990914,23:23:12,23:23:27,15,0:00:00,0:00:00,0,AGENT,23:23:26,23:25:14,108,BENSION
AA0104,33186,0,0,NW,990914,23:56:31,23:56:48,17,0:00:00,0:00:00,0,AGENT,23:56:47,23:56:55,8,BENSION
AA0104,33187,0,0,PS,990915,7:42:47,7:43:03,16,0:00:00,0:00:00,0,AGENT,7:43:02,7:44:01,59,YIFAT
AA0104,33188,0,0,PS,990915,8:02:46,8:02:56,10,0:00:00,0:00:00,0,AGENT,8:02:56,8:06:43,227,DORIT
AA0104,33189,0,0,PS,990915,8:19:41,8:19:51,10,0:00:00,0:00:00,0,AGENT,8:19:49,8:20:05,16,NO_SERVER
AA0104,33190,0,0,NW,990915,8:36:15,8:36:16,1,0:00:00,0:00:00,0,HANG,0:00:00,0:00:00,0,NO_SERVER
AA0104,33191,0,0,PS,990915,8:47:49,8:47:57,8,0:00:00,0:00:00,0,AGENT,8:47:57,8:48:00,3,NO_SERVER
AA0104,33192,0,0,PS,990915,9:00:04,9:00:15,11,0:00:00,0:00:00,0,AGENT,9:00:14,9:08:11,477,STEREN
AA0104,33193,0,0,NW,990915,9:09:25,9:09:34,9,9:09:34,9:11:52,138,HANG,0:00:00,0:00:00,0,NO_SERVER
AA0104,33194,0,0,PS,990915,9:20:55,9:21:05,10,0:00:00,0:00:00,0,AGENT,9:21:04,9:23:14,130,STEREN
AA0104,33195,0,0,NW,990915,9:34:16,9:34:28,12,0:00:00,0:00:00,0,AGENT,9:34:28,9:43:06,518,ROTH
AA0104,33196,38738134,2,PS,990915,9:45:16,9:45:22,6,9:45:22,9:45:56,34,AGENT,9:45:55,9:50:25,270,YIFAT
AA0104,33197,0,0,NW,990915,9:53:50,9:53:59,9,9:53:59,9:54:55,56,AGENT,9:54:54,9:59:46,292,AVNI
AA0104,33198,0,0,PS,990915,10:03:26,10:03:37,11,0:00:00,0:00:00,0,AGENT,10:03:36,10:05:56,140,STEREN
AA0104,33199,0,0,NW,990915,10:14:08,10:14:18,10,10:14:18,10:20:32,374,AGENT,10:20:32,10:22:02,90,STEREN
AA0104,33200,0,0,NW,990915,10:27:00,10:27:09,9,10:27:09,10:27:31,22,HANG,0:00:00,0:00:00,0,NO_SERVER
AA0104,33201,31736069,1,PS,990915,10:34:30,10:34:35,5,10:34:35,10:37:15,160,AGENT,10:37:14,10:41:44,270,ROTH
AA0104,33202,0,0,PS,990915,10:44:42,10:44:53,11,0:00:00,0:00:00,0,AGENT,10:44:51,10:46:33,102,DORIT
AA0104,33203,0,0,PS,990915,10:53:57,10:54:07,10,0:00:00,0:00:00,0,AGENT,10:54:06,10:56:02,116,AVNI
AA0104,33204,31889504,1,PS,990915,11:02:33,11:02:39,6,11:02:39,11:02:58,19,AGENT,11:02:57,11:08:36,339,VICKY
AA0104,33205,0,0,PS,990915,11:11:53,11:12:04,11,0:00:00,0:00:00,0,AGENT,11:12:02,11:14:17,135,VICKY
AA0104,33206,0,0,PS,990915,11:22:21,11:22:39,18,0:00:00,0:00:00,0,AGENT,11:22:38,11:30:58,500,STEREN
AA0104,33207,23895501,2,PS,990915,11:32:18,11:32:24,6,11:32:24,11:32:29,5,AGENT,11:32:27,11:33:59,92,VICKY
AA0104,33208,0,0,PS,990915,11:43:12,11:43:21,9,0:00:00,0:00:00,0,AGENT,11:43:20,11:48:19,299,AVNI
AA0104,33209,0,0,NE,990915,11:59:48,11:59:57,9,0:00:00,0:00:00,0,AGENT,11:59:56,12:00:38,42,KAZAV
AA0104,33210,0,0,NW,990915,12:11:08,12:11:32,24,0:00:00,0:00:00,0,AGENT,12:11:30,12:13:46,136,AVNI
AA0104,33211,0,0,PS,990915,12:20:01,12:20:10,9,0:00:00,0:00:00,0,AGENT,12:20:09,12:23:00,171,ZOHARI
AA0104,33212,0,0,PS,990915,12:31:59,12:32:07,8,0:00:00,0:00:00,0,AGENT,12:32:06,12:33:53,107,STEREN
AA0104,33213,0,0,PS,990915,12:49:28,12:49:49,21,0:00:00,0:00:00,0,AGENT,12:49:47,12:56:00,373,VICKY
AA0104,33214,0,0,NW,990915,13:03:40,13:03:54,14,0:00:00,0:00:00,0,AGENT,13:03:53,13:05:11,78,ROTH
AA0104,33215,51929339,2,PS,990915,13:13:58,13:14:04,6,13:14:04,13:14:19,15,AGENT,13:14:18,13:16:32,134,VICKY
AA0104,33216,0,0,NW,990915,13:24:10,13:24:20,10,13:24:20,13:24:47,27,AGENT,13:24:45,13:28:14,209,AVNI
AA0104,33217,0,0,NE,990915,13:41:29,13:41:40,11,0:00:00,0:00:00,0,AGENT,13:41:40,13:41:46,6,NO_SERVER
AA0104,33218,0,0,PS,990915,13:52:52,13:53:02,10,0:00:00,0:00:00,0,AGENT,13:53:01,13:54:47,106,GOLDIE
AA0104,33219,0,0,PS,990915,14:03:00,14:03:10,10,0:00:00,0:00:00,0,AGENT,14:03:08,14:05:42,154,STEREN
AA0104,33220,0,0,NE,990915,14:15:26,14:15:42,16,0:00:00,0:00:00,0,AGENT,14:15:41,14:15:42,1,MORIAH
AA0104,33221,0,0,PS,990915,14:25:30,14:25:39,9,0:00:00,0:00:00,0,AGENT,14:25:38,14:26:49,71,GOLDIE
AA0104,33222,0,0,PS,990915,14:37:34,14:37:44,10,0:00:00,0:00:00,0,AGENT,14:37:43,14:38:56,73,VICKY
AA0104,33223,12641767,1,PS,990915,14:44:22,14:44:27,5,14:44:27,14:44:41,14,AGENT,14:44:40,14:47:41,181,KAZAV
AA0104,33224,0,0,PS,990915,14:53:17,14:53:26,9,0:00:00,0:00:00,0,AGENT,14:53:25,14:56:42,197,GOLDIE
AA0104,33225,0,0,NW,990915,15:07:16,15:07:30,14,0:00:00,0:00:00,0,AGENT,15:07:29,15:07:58,29,MORIAH
AA0104,33226,40716193,1,NE,990915,15:12:31,15:12:36,5,15:12:36,15:13:40,64,AGENT,15:13:38,15:17:16,218,ROTH
AA0104,33227,38350203,1,PS,990915,15:18:28,15:18:34,6,15:18:34,15:19:47,73,AGENT,15:19:47,15:20:29,42,SHARON
AA0104,33228,52867744,2,PS,990915,15:29:26,15:29:31,5,15:29:31,15:29:52,21,AGENT,15:29:51,15:31:47,116,KAZAV
AA0104,33229,29003860,1,PS,990915,15:34:31,15:34:37,6,15:34:37,15:34:51,14,AGENT,15:34:51,15:36:33,102,GOLDIE
AA0104,33230,59630624,1,NE,990915,15:40:59,15:41:04,5,15:41:04,15:42:26,82,AGENT,15:42:25,15:43:25,60,KAZAV
AA0104,33231,0,0,PS,990915,15:51:41,15:51:51,10,0:00:00,0:00:00,0,AGENT,15:51:51,15:53:03,72,BASCH
AA0104,33232,0,0,NW,990915,16:02:42,16:02:54,12,0:00:00,0:00:00,0,AGENT,16:02:53,16:03:35,42,MORIAH
AA0104,33233,0,0,NW,990915,16:14:21,16:14:35,14,0:00:00,0:00:00,0,AGENT,16:14:34,16:16:32,118,STEREN
AA0104,33234,0,0,PS,990915,16:28:03,16:28:11,8,0:00:00,0:00:00,0,AGENT,16:28:10,16:29:21,71,STEREN
AA0104,33235,0,0,PS,990915,16:41:30,16:41:41,11,0:00:00,0:00:00,0,AGENT,16:41:40,16:43:14,94,ANAT
AA0104,33236,0,0,PS,990915,16:52:08,16:52:20,12,0:00:00,0:00:00,0,AGENT,16:52:20,17:00:09,469,AVNI
AA0104,33237,0,0,PS,990915,17:11:24,17:11:34,10,0:00:00,0:00:00,0,AGENT,17:11:33,17:12:42,69,MORIAH
AA0104,33238,0,0,PS,990915,17:25:41,17:25:54,13,0:00:00,0:00:00,0,AGENT,17:25:53,17:26:50,57,BASCH
AA0104,33239,0,0,PS,990915,17:38:20,17:38:31,11,0:00:00,0:00:00,0,AGENT,17:38:31,17:39:27,56,ANAT
AA0104,33240,0,0,PS,990915,18:04:35,18:04:46,11,0:00:00,0:00:00,0,AGENT,18:04:46,18:06:06,80,BENSION
AA0104,33241,0,0,NW,990915,18:25:32,18:25:47,15,0:00:00,0:00:00,0,AGENT,18:25:46,18:27:49,123,MORIAH
AA0104,33242,0,0,PS,990915,18:42:34,18:42:44,10,0:00:00,0:00:00,0,AGENT,18:42:43,18:44:18,95,YITZ
AA0104,33243,0,0,PS,990915,18:55:54,18:56:08,14,0:00:00,0:00:00,0,AGENT,18:56:08,18:58:25,137,ANAT
AA0104,33244,0,0,PS,990915,19:14:41,19:14:56,15,0:00:00,0:00:00,0,AGENT,19:14:55,19:18:02,187,TOVA
AA0104,33245,0,0,PS,990915,19:39:25,19:39:38,13,0:00:00,0:00:00,0,AGENT,19:39:36,19:40:32,56,TOVA
AA0104,33246,0,0,NE,990915,20:04:17,20:04:26,9,0:00:00,0:00:00,0,AGENT,20:04:25,20:05:53,88,MORIAH
AA0104,33247,0,0,NW,990915,20:24:13,20:24:26,13,0:00:00,0:00:00,0,AGENT,20:24:26,20:24:36,10,MORIAH
AA0104,33248,0,0,PS,990915,20:43:31,20:43:44,13,0:00:00,0:00:00,0,AGENT,20:43:43,20:43:45,2,TOVA
AA0104,33249,0,0,NE,990915,20:56:11,20:56:20,9,0:00:00,0:00:00,0,AGENT,20:56:20,20:56:22,2,ANAT
AA0104,33250,27449370,2,PS,990915,21:18:52,21:18:57,5,21:18:57,21:19:22,25,AGENT,21:19:21,21:21:54,153,MORIAH
AA0104,33251,0,0,PS,990915,21:36:01,21:36:14,13,0:00:00,0:00:00,0,AGENT,21:36:14,21:37:19,65,BENSION
AA0104,33252,0,0,PS,990915,21:53:30,21:53:39,9,0:00:00,0:00:00,0,AGENT,21:53:38,21:53:39,1,AVI
AA0104,33253,54145529,2,PS,990915,22:08:59,22:09:05,6,22:09:05,22:09:14,9,AGENT,22:09:13,22:09:39,26,BENSION
AA0104,33254,0,0,PS,990915,22:35:33,22:35:49,16,0:00:00,0:00:00,0,AGENT,22:35:48,22:36:46,58,BENSION
AA0104,33255,0,0,PS,990915,23:04:10,23:04:27,17,0:00:00,0:00:00,0,AGENT,23:04:26,23:04:58,32,BENSION
AA0104,33256,25549700,1,PS,990915,23:46:19,23:46:25,6,23:46:25,23:49:40,195,AGENT,23:49:39,23:55:13,334,GELBER
AA0104,33257,0,0,PS,990916,2:17:58,2:18:10,12,0:00:00,0:00:00,0,HANG,0:00:00,0:00:00,0,NO_SERVER
AA0104,33258,0,0,PS,990916,7:01:09,7:01:19,10,0:00:00,0:00:00,0,AGENT,7:01:18,7:03:49,151,ANAT
AA0104,33259,0,0,PS,990916,7:59:49,8:00:00,11,0:00:00,0:00:00,0,AGENT,7:59:59,8:02:21,142,KAZAV
AA0104,33260,25478850,1,PS,990916,8:14:55,8:15:00,5,8:15:00,8:16:39,99,AGENT,8:16:38,8:17:55,77,KAZAV
AA0104,33261,0,0,PS,990916,8:36:58,8:37:10,12,0:00:00,0:00:00,0,AGENT,8:37:10,8:37:12,2,TOVA
AA0104,33262,25568288,2,PS,990916,8:45:54,8:45:59,5,8:45:59,8:46:03,4,AGENT,8:46:03,8:47:50,107,MORIAH
AA0104,33263,0,0,NW,990916,8:55:38,8:55:50,12,0:00:00,0:00:00,0,AGENT,8:55:50,8:56:15,25,MORIAH
AA0104,33264,0,0,NW,990916,9:07:28,9:07:37,9,9:07:37,9:11:31,234,AGENT,9:11:30,9:15:21,231,ROTH
AA0104,33265,0,0,PS,990916,9:21:30,9:21:43,13,0:00:00,0:00:00,0,AGENT,9:21:42,9:21:44,2,TOVA
AA0104,33266,0,0,PS,990916,9:40:24,9:40:36,12,0:00:00,0:00:00,0,AGENT,9:40:35,9:42:44,129,DORIT
AA0104,33267,0,0,PS,990916,9:50:30,9:50:40,10,0:00:00,0:00:00,0,AGENT,9:50:39,9:52:43,124,ANAT
AA0104,33268,0,0,PS,990916,9:59:50,10:00:00,10,0:00:00,0:00:00,0,AGENT,9:59:59,10:00:28,29,KAZAV
AA0104,33269,32381592,1,PS,990916,10:10:34,10:10:39,5,10:10:39,10:11:06,27,AGENT,10:11:05,10:14:44,219,ROTH
AA0104,33270,57220618,1,PS,990916,10:19:21,10:19:27,6,10:19:27,10:20:52,85,AGENT,10:20:52,10:22:45,113,KAZAV
AA0104,33271,58704610,2,PS,990916,10:26:30,10:26:36,6,10:26:36,10:26:40,4,AGENT,10:26:40,10:27:13,33,ROTH
AA0104,33272,15239874,2,PS,990916,10:31:17,10:31:23,6,10:31:23,10:31:35,12,AGENT,10:31:34,10:32:43,69,ZOHARI
AA0104,33273,27748003,1,PS,990916,10:38:25,10:38:31,6,10:38:31,10:40:58,147,AGENT,10:40:56,10:44:10,194,KAZAV
AA0104,33274,0,0,NE,990916,10:53:20,10:53:31,11,0:00:00,0:00:00,0,AGENT,10:53:29,10:57:05,216,KAZAV
AA0104,33275,0,0,PS,990916,11:07:05,11:07:15,10,0:00:00,0:00:00,0,AGENT,11:07:14,11:07:53,39,DORIT
AA0104,33276,6692800,2,PS,990916,11:19:33,11:19:38,5,11:19:38,11:20:21,43,AGENT,11:20:20,11:20:23,3,MORIAH
AA0104,33277,0,0,PS,990916,11:28:35,11:28:45,10,0:00:00,0:00:00,0,AGENT,11:28:44,11:29:40,56,KAZAV
AA0104,33278,0,0,PS,990916,11:45:23,11:45:34,11,0:00:00,0:00:00,0,AGENT,11:45:33,11:48:11,158,TOVA
AA0104,33279,0,0,PS,990916,11:57:18,11:57:31,13,0:00:00,0:00:00,0,AGENT,11:57:29,11:58:43,74,TOVA
AA0104,33280,0,0,PS,990916,12:04:29,12:04:47,18,0:00:00,0:00:00,0,AGENT,12:04:46,12:07:09,143,YIFAT
AA0104,33281,53186953,2,PS,990916,12:16:54,12:17:00,6,12:17:00,12:17:11,11,AGENT,12:17:10,12:21:01,231,KAZAV
AA0104,33282,0,0,PS,990916,12:25:45,12:25:55,10,0:00:00,0:00:00,0,AGENT,12:25:54,12:32:54,420,DORIT
AA0104,33283,0,0,PS,990916,12:41:34,12:41:43,9,0:00:00,0:00:00,0,AGENT,12:41:43,12:43:11,88,GOLDIE
AA0104,33284,0,0,PS,990916,12:56:33,12:56:44,11,0:00:00,0:00:00,0,AGENT,12:56:42,12:59:25,163,ANAT
AA0104,33285,0,0,PS,990916,13:07:02,13:07:10,8,0:00:00,0:00:00,0,AGENT,13:07:10,13:11:43,273,GOLDIE
AA0104,33286,0,0,NW,990916,13:17:18,13:17:28,10,13:17:28,13:17:29,1,HANG,0:00:00,0:00:00,0,NO_SERVER
AA0104,33287,15398027,2,PS,990916,13:26:56,13:27:01,5,13:27:01,13:28:25,84,AGENT,13:28:24,13:32:38,254,MORIAH
AA0104,33288,23822679,2,PS,990916,13:37:34,13:37:40,6,13:37:40,13:37:58,18,AGENT,13:37:57,13:42:16,259,ZOHARI
AA0104,33289,32000101,2,PS,990916,13:49:29,13:49:35,6,13:49:35,13:49:38,3,AGENT,13:49:37,13:49:39,2,MORIAH
AA0104,33290,64185333,2,PS,990916,14:00:28,14:00:33,5,14:00:33,14:01:04,31,AGENT,14:01:02,14:01:10,8,TOVA
AA0104,33291,25575259,1,PS,990916,14:08:07,14:08:13,6,14:08:13,14:11:50,217,AGENT,14:11:49,14:13:30,101,ZOHARI
AA0104,33292,65607277,2,PS,990916,14:18:34,14:18:40,6,14:18:40,14:18:54,14,AGENT,14:18:53,14:20:20,87,ROTH
AA0104,33293,26680769,1,PS,990916,14:30:14,14:30:19,5,14:30:19,14:30:25,6,HANG,0:00:00,0:00:00,0,NO_SERVER
AA0104,33294,0,0,PS,990916,14:41:58,14:42:07,9,0:00:00,0:00:00,0,AGENT,14:42:06,14:44:29,143,STEREN
AA0104,33295,29530003,2,PS,990916,14:50:59,14:51:04,5,14:51:04,14:51:28,24,AGENT,14:51:27,14:51:29,2,MORIAH
AA0104,33296,0,0,PE,990916,14:56:27,14:56:42,15,0:00:00,0:00:00,0,AGENT,14:56:41,15:14:23,1062,DORIT
AA0104,33297,15157159,1,PS,990916,15:03:44,15:03:50,6,15:03:50,15:05:44,114,HANG,0:00:00,0:00:00,0,NO_SERVER
AA0104,33298,53186953,2,PS,990916,15:11:11,15:11:17,6,15:11:17,15:17:44,387,AGENT,15:17:43,15:21:17,214,KAZAV
AA0104,33299,0,0,PS,990916,15:26:39,15:26:48,9,0:00:00,0:00:00,0,AGENT,15:26:47,15:27:43,56,KAZAV
AA0104,33300,69604411,2,NE,990916,15:33:20,15:33:25,5,15:33:25,15:36:03,158,AGENT,15:36:02,15:38:16,134,ELI
AA0104,33301,48820351,2,NE,990916,15:41:37,15:41:42,5,15:41:42,15:43:54,132,HANG,0:00:00,0:00:00,0,NO_SERVER
AA0104,33302,8258329,2,NE,990916,15:52:06,15:52:11,5,15:52:11,15:54:25,134,AGENT,15:54:23,15:54:33,10,ZOHARI
AA0104,33304,0,0,PS,990916,16:00:22,16:00:22,0,0:00:00,0:00:00,0,HANG,0:00:00,0:00:00,0,NO_SERVER
AA0104,33305,0,0,PS,990916,16:09:05,16:09:13,8,0:00:00,0:00:00,0,AGENT,16:09:13,16:11:02,109,GOLDIE
AA0104,33306,24405672,2,PS,990916,16:21:04,16:21:09,5,16:21:09,16:21:23,14,AGENT,16:21:23,16:23:05,102,VICKY
AA0104,33307,0,0,NW,990916,16:36:24,16:36:37,13,0:00:00,0:00:00,0,AGENT,16:36:36,16:38:01,85,STEREN
AA0104,33308,1161660,2,PS,990916,16:45:55,16:46:01,6,16:46:01,16:46:05,4,AGENT,16:46:04,16:47:59,115,STEREN
AA0104,33309,54128681,2,PS,990916,16:58:40,16:58:45,5,16:58:45,17:02:22,217,HANG,0:00:00,0:00:00,0,NO_SERVER
AA0104,33310,0,0,NW,990916,17:20:18,17:20:27,9,17:20:27,17:23:32,185,AGENT,17:23:30,17:24:10,40,STEREN
AA0104,33311,0,0,PS,990916,17:40:08,17:40:17,9,0:00:00,0:00:00,0,AGENT,17:40:16,17:41:36,80,AVI
AA0104,33312,0,0,NW,990916,18:01:40,18:01:55,15,0:00:00,0:00:00,0,AGENT,18:01:54,18:03:02,68,STEREN
AA0104,33313,57332249,2,PS,990916,18:24:04,18:24:26,22,18:24:26,18:24:45,19,AGENT,18:24:45,18:25:01,16,STEREN
AA0104,33314,0,0,PS,990916,18:45:35,18:45:48,13,0:00:00,0:00:00,0,AGENT,18:45:48,18:52:39,411,MEIR
AA0104,33315,0,0,PS,990916,19:21:30,19:21:41,11,0:00:00,0:00:00,0,AGENT,19:21:40,19:24:19,159,GILI
AA0104,33316,0,0,PS,990916,19:44:05,19:44:21,16,0:00:00,0:00:00,0,AGENT,19:44:20,19:48:01,221,MEIR
AA0104,33317,0,0,PS,990916,20:15:46,20:15:57,11,0:00:00,0:00:00,0,AGENT,20:15:57,20:18:11,134,VICKY
AA0104,33318,23699390,2,NE,990916,20:52:05,20:52:11,6,20:52:11,20:52:19,8,AGENT,20:52:19,20:52:19,0,AVI
AA0104,33319,0,0,PS,990916,21:17:57,21:18:07,10,0:00:00,0:00:00,0,AGENT,21:18:06,21:18:35,29,AVI
AA0104,33320,0,0,PS,990916,21:53:44,21:53:53,9,0:00:00,0:00:00,0,AGENT,21:53:52,21:56:06,134,AVNI
AA0104,33321,38279345,1,PS,990916,22:12:51,22:12:57,6,22:12:57,22:20:46,469,AGENT,22:20:45,22:21:59,74,GELBER
AA0104,33322,0,0,PS,990916,22:49:25,22:49:34,9,0:00:00,0:00:00,0,AGENT,22:49:33,22:50:49,76,VICKY
AA0104,33323,0,0,PS,990916,23:19:43,23:19:52,9,0:00:00,0:00:00,0,AGENT,23:19:52,23:21:06,74,AVNI
AA0104,33325,0,0,PS,990917,0:19:07,0:19:07,0,0:00:00,0:00:00,0,HANG,0:00:00,0:00:00,0,NO_SERVER
AA0104,33326,0,0,PS,990917,7:19:05,7:19:13,8,0:00:00,0:00:00,0,AGENT,7:19:13,7:20:17,64,SHARON
AA0104,33327,0,0,PS,990917,7:51:02,7:51:15,13,0:00:00,0:00:00,0,AGENT,7:51:15,7:53:55,160,BENSION
AA0104,33328,54704028,2,PS,990917,8:17:28,8:17:34,6,8:17:34,8:17:56,22,AGENT,8:17:55,8:19:30,95,DORIT
AA0104,33329,0,0,PS,990917,8:37:19,8:37:28,9,0:00:00,0:00:00,0,AGENT,8:37:27,8:38:49,82,SHARON
AA0104,33330,56776388,1,PS,990917,8:47:33,8:47:38,5,8:47:38,8:47:50,12,HANG,0:00:00,0:00:00,0,NO_SERVER
AA0104,33331,0,0,PS,990917,8:56:56,8:57:06,10,0:00:00,0:00:00,0,AGENT,8:57:05,9:03:21,376,STEREN
AA0104,33332,15189558,2,PS,990917,9:08:40,9:08:46,6,9:08:46,9:12:57,251,AGENT,9:12:56,9:14:59,123,DORIT
AA0104,33333,0,0,PS,990917,9:27:27,9:27:36,9,0:00:00,0:00:00,0,AGENT,9:27:35,9:28:21,46,SHARON
AA0104,33334,57425118,2,NE,990917,9:40:00,9:40:06,6,9:40:06,9:42:32,146,AGENT,9:42:30,9:44:26,116,BENSION
AA0104,33335,0,0,PS,990917,9:53:55,9:54:03,8,0:00:00,0:00:00,0,AGENT,9:54:03,10:10:18,975,STEREN
AA0104,33336,37578135,2,PS,990917,10:05:08,10:05:14,6,10:05:14,10:05:28,14,AGENT,10:05:27,10:12:11,404,DORIT
AA0104,33337,1187707,2,PS,990917,10:17:15,10:17:20,5,10:17:20,10:17:27,7,AGENT,10:17:26,10:21:28,242,BENSION
AA0104,33338,0,0,PS,990917,10:36:20,10:36:32,12,0:00:00,0:00:00,0,AGENT,10:36:31,10:37:20,49,DORIT
AA0104,33339,25362518,2,PS,990917,10:53:04,10:53:10,6,10:53:10,10:53:27,17,AGENT,10:53:26,10:57:52,266,MORIAH
AA0104,33340,0,0,PS,990917,11:11:15,11:11:26,11,0:00:00,0:00:00,0,AGENT,11:11:24,11:14:46,202,STEREN
AA0104,33341,28711224,1,PS,990917,11:26:46,11:26:52,6,11:26:52,11:27:32,40,AGENT,11:27:31,11:27:35,4,MORIAH
AA0104,33342,0,0,PS,990917,11:45:58,11:46:09,11,0:00:00,0:00:00,0,AGENT,11:46:07,11:48:53,166,STEREN
AA0104,33343,0,0,PS,990917,12:07:45,12:07:58,13,0:00:00,0:00:00,0,AGENT,12:07:57,12:08:43,46,BENSION
AA0104,33344,0,0,PS,990917,12:28:16,12:28:24,8,0:00:00,0:00:00,0,AGENT,12:28:24,12:29:10,46,SHARON
AA0104,33345,0,0,PS,990917,12:55:47,12:56:00,13,0:00:00,0:00:00,0,AGENT,12:56:00,12:56:07,7,BENSION
AA0104,33346,0,0,PS,990917,13:23:32,13:23:43,11,0:00:00,0:00:00,0,AGENT,13:23:42,13:25:46,124,DORIT
AA0104,33347,0,0,PS,990917,13:56:55,13:57:04,9,0:00:00,0:00:00,0,AGENT,13:57:04,14:00:16,192,STEREN
AA0104,33348,0,0,PS,990917,15:02:37,15:03:16,39,0:00:00,0:00:00,0,HANG,0:00:00,0:00:00,0,NO_SERVER
AA0104,33349,0,0,PS,990917,16:57:15,16:57:34,19,0:00:00,0:00:00,0,HANG,0:00:00,0:00:00,0,NO_SERVER
AA0104,33350,0,0,NW,990918,16:21:58,16:22:22,24,0:00:00,0:00:00,0,HANG,0:00:00,0:00:00,0,NO_SERVER
AA0104,33351,0,0,PS,990918,19:48:57,19:49:51,54,0:00:00,0:00:00,0,HANG,0:00:00,0:00:00,0,NO_SERVER
AA0104,33352,0,0,PS,990918,20:29:20,20:29:29,9,0:00:00,0:00:00,0,AGENT,20:29:28,20:30:13,45,ROTH
AA0104,33353,0,0,PS,990918,20:52:23,20:52:31,8,0:00:00,0:00:00,0,AGENT,20:52:31,20:52:51,20,DORIT
AA0104,33354,0,0,PS,990918,21:33:32,21:33:44,12,0:00:00,0:00:00,0,AGENT,21:33:43,21:34:18,35,SHARON
AA0104,33355,40716193,1,NE,990918,22:09:26,22:09:31,5,22:09:31,22:09:40,9,AGENT,22:09:39,22:09:39,0,AVI
AA0104,33356,0,0,PS,990918,23:09:10,23:09:26,16,0:00:00,0:00:00,0,AGENT,23:09:25,23:12:23,178,SHARON
AA0104,33357,0,0,NW,990919,0:46:21,0:46:37,16,0:00:00,0:00:00,0,HANG,0:00:00,0:00:00,0,NO_SERVER
AA0104,33358,0,0,PS,990919,7:25:09,7:25:21,12,0:00:00,0:00:00,0,AGENT,7:25:20,7:25:37,17,GILI
AA0104,33359,0,0,PS,990919,7:53:33,7:53:44,11,0:00:00,0:00:00,0,AGENT,7:53:44,7:57:49,245,AVNI
AA0104,33360,0,0,PS,990919,8:12:16,8:12:25,9,0:00:00,0:00:00,0,AGENT,8:12:24,8:13:37,73,YIFAT
AA0104,33361,0,0,PS,990919,8:27:32,8:27:44,12,0:00:00,0:00:00,0,AGENT,8:27:44,8:32:04,260,TOVA
AA0104,33362,6826895,1,PS,990919,8:39:51,8:39:56,5,8:39:56,8:40:02,6,AGENT,8:40:01,8:43:19,198,YIFAT
AA0104,33363,0,0,PS,990919,8:51:10,8:51:19,9,0:00:00,0:00:00,0,AGENT,8:51:18,8:52:47,89,AVNI
AA0104,33364,0,0,PS,990919,8:57:50,8:57:59,9,0:00:00,0:00:00,0,AGENT,8:57:58,9:01:58,240,ANAT
AA0104,33365,0,0,PS,990919,9:17:20,9:17:33,13,0:00:00,0:00:00,0,AGENT,9:17:32,9:17:34,2,TOVA
AA0104,33366,0,0,NW,990919,9:34:39,9:34:52,13,0:00:00,0:00:00,0,AGENT,9:34:51,9:35:36,45,AVNI
AA0104,33367,0,0,PS,990919,9:48:36,9:48:45,9,0:00:00,0:00:00,0,AGENT,9:48:44,9:51:35,171,AVNI
AA0104,33368,0,0,PS,990919,10:12:31,10:12:42,11,0:00:00,0:00:00,0,AGENT,10:12:42,10:13:25,43,GILI
AA0104,33369,0,0,NW,990919,10:45:06,10:45:19,13,0:00:00,0:00:00,0,AGENT,10:45:19,10:45:54,35,AVNI
AA0104,33370,25638404,2,PS,990919,11:12:02,11:12:08,6,11:12:08,11:12:39,31,AGENT,11:12:39,11:14:05,86,AVNI
AA0104,33371,0,0,NW,990919,14:47:50,14:48:16,26,0:00:00,0:00:00,0,HANG,0:00:00,0:00:00,0,NO_SERVER
AA0104,33372,0,0,NW,990920,19:57:06,19:57:44,38,0:00:00,0:00:00,0,HANG,0:00:00,0:00:00,0,NO_SERVER
AA0104,33373,0,0,PS,990920,21:08:56,21:09:09,13,0:00:00,0:00:00,0,AGENT,21:09:08,21:10:25,77,SHARON
AA0104,33374,54128681,2,PS,990920,21:34:01,21:34:07,6,21:34:07,21:34:41,34,AGENT,21:34:40,21:35:18,38,SHARON
AA0104,33375,0,0,PS,990920,22:07:17,22:07:29,12,0:00:00,0:00:00,0,AGENT,22:07:28,22:08:18,50,ZOHARI
AA0104,33376,28704385,2,PS,990920,22:36:43,22:36:48,5,22:36:48,22:38:28,100,AGENT,22:38:27,22:39:41,74,SHARON
AA0104,33377,0,0,PS,990920,23:04:39,23:04:51,12,0:00:00,0:00:00,0,AGENT,23:04:51,23:08:39,228,ZOHARI
AA0104,33378,0,0,PS,990920,23:56:21,23:56:38,17,0:00:00,0:00:00,0,AGENT,23:56:38,23:57:42,64,SHARON
AA0104,33379,0,0,NW,990921,4:26:22,4:26:32,10,0:00:00,0:00:00,0,HANG,0:00:00,0:00:00,0,NO_SERVER
AA0104,33380,0,0,NE,990921,7:13:47,7:14:00,13,0:00:00,0:00:00,0,AGENT,7:14:00,7:15:16,76,AVI
AA0104,33381,0,0,PS,990921,7:34:35,7:34:45,10,0:00:00,0:00:00,0,AGENT,7:34:44,7:35:23,39,YIFAT
AA0104,33382,0,0,PS,990921,7:57:46,7:57:57,11,0:00:00,0:00:00,0,AGENT,7:57:55,7:59:10,75,AVI
AA0104,33383,0,0,NW,990921,8:14:55,8:15:04,9,8:15:04,8:15:29,25,AGENT,8:15:27,8:15:34,7,YIFAT
AA0104,33384,0,0,NW,990921,8:33:58,8:34:07,9,8:34:07,8:34:54,47,AGENT,8:34:53,8:35:57,64,ANAT
AA0104,33385,59167916,1,PS,990921,8:45:01,8:45:07,6,8:45:07,8:46:18,71,HANG,0:00:00,0:00:00,0,NO_SERVER
AA0104,33386,0,0,PS,990921,8:58:21,8:58:30,9,0:00:00,0:00:00,0,AGENT,8:58:29,9:01:05,156,MORIAH
AA0104,33387,0,0,PS,990921,9:12:24,9:12:34,10,0:00:00,0:00:00,0,AGENT,9:12:34,9:16:18,224,DORIT
AA0104,33388,0,0,PS,990921,9:31:36,9:31:48,12,0:00:00,0:00:00,0,AGENT,9:31:46,9:36:01,255,AVI
AA0104,33389,0,0,PS,990921,9:42:41,9:42:50,9,0:00:00,0:00:00,0,AGENT,9:42:49,9:56:51,842,KAZAV
AA0104,33390,0,0,NW,990921,9:50:05,9:50:15,10,9:50:15,9:53:58,223,AGENT,9:53:57,9:54:29,32,AVI
AA0104,33391,0,0,NW,990921,9:59:56,10:00:15,19,0:00:00,0:00:00,0,AGENT,10:00:14,10:00:54,40,AVI
AA0104,33392,16686354,2,NE,990921,10:07:17,10:07:22,5,10:07:22,10:08:22,60,AGENT,10:08:21,10:14:38,377,AVNI
AA0104,33393,313963811,1,PS,990921,10:14:12,10:14:17,5,10:14:17,10:14:39,22,AGENT,10:14:38,10:15:09,31,ANAT
AA0104,33394,0,0,NW,990921,10:20:20,10:20:30,10,10:20:30,10:20:40,10,HANG,0:00:00,0:00:00,0,NO_SERVER
AA0104,33395,0,0,PS,990921,10:26:58,10:27:08,10,0:00:00,0:00:00,0,AGENT,10:27:07,10:27:52,45,YIFAT
AA0104,33396,78191137,2,PS,990921,10:35:39,10:35:45,6,10:35:45,10:35:58,13,HANG,10:35:58,10:42:28,390,NO_SERVER
AA0104,33397,0,0,PS,990921,10:43:44,10:43:51,7,0:00:00,0:00:00,0,AGENT,10:43:54,10:43:58,4,NO_SERVER
AA0104,33398,16619892,2,PS,990921,10:51:00,10:51:06,6,10:51:06,10:51:37,31,AGENT,10:51:35,10:53:11,96,DORIT
AA0104,33399,0,0,NW,990921,10:57:53,10:58:02,9,10:58:02,11:01:37,215,AGENT,11:01:36,11:01:37,1,AVI
AA0104,33400,54687371,2,PS,990921,11:09:50,11:09:56,6,11:09:56,11:10:05,9,HANG,0:00:00,0:00:00,0,NO_SERVER
AA0104,33401,57074585,2,PS,990921,11:18:00,11:18:06,6,11:18:06,11:18:27,21,AGENT,11:18:26,11:19:09,43,YIFAT
AA0104,33402,0,0,PS,990921,11:26:11,11:26:25,14,0:00:00,0:00:00,0,AGENT,11:26:23,11:31:44,321,MORIAH
AA0104,33403,0,0,NE,990921,11:40:05,11:40:17,12,0:00:00,0:00:00,0,AGENT,11:40:16,11:47:30,434,ELI
AA0104,33404,11842234,2,PE,990921,11:48:42,11:48:46,4,11:48:46,11:50:02,76,HANG,0:00:00,0:00:00,0,NO_SERVER
AA0104,33405,0,0,NW,990921,12:00:56,12:01:15,19,0:00:00,0:00:00,0,AGENT,12:01:14,12:02:35,81,AVI
AA0104,33406,25480518,1,PS,990921,12:11:31,12:11:36,5,12:11:36,12:12:29,53,AGENT,12:12:29,12:14:09,100,MORIAH
AA0104,33407,0,0,PS,990921,12:25:57,12:26:06,9,0:00:00,0:00:00,0,AGENT,12:26:06,12:27:09,63,AVNI
AA0104,33408,0,0,NW,990921,12:36:23,12:36:41,18,0:00:00,0:00:00,0,AGENT,12:36:40,12:39:44,184,ANAT
AA0104,33409,0,0,NE,990921,12:50:12,12:50:31,19,0:00:00,0:00:00,0,AGENT,12:50:30,12:54:27,237,MORIAH
AA0104,33410,0,0,PS,990921,13:06:00,13:06:12,12,0:00:00,0:00:00,0,AGENT,13:06:11,13:06:58,47,BASCH
AA0104,33411,0,0,PS,990921,13:16:20,13:16:30,10,0:00:00,0:00:00,0,AGENT,13:16:29,13:17:46,77,DORIT
AA0104,33412,54128681,2,PS,990921,13:29:51,13:29:57,6,13:29:57,13:33:06,189,AGENT,13:33:05,13:33:09,4,MORIAH
AA0104,33413,59309138,2,PS,990921,13:39:40,13:39:45,5,13:39:45,13:41:46,121,AGENT,13:41:45,13:41:47,2,MORIAH
AA0104,33414,28476075,1,PS,990921,13:48:05,13:48:10,5,13:48:10,13:48:37,27,AGENT,13:48:37,13:51:48,191,YIFAT
AA0104,33415,59630624,1,NE,990921,13:57:30,13:57:36,6,13:57:36,13:58:11,35,AGENT,13:58:10,13:58:11,1,ANAT
AA0104,33416,28834984,2,PS,990921,14:06:49,14:06:55,6,14:06:55,14:07:17,22,AGENT,14:07:16,14:14:21,425,DORIT
AA0104,33417,0,0,PS,990921,14:19:01,14:19:12,11,0:00:00,0:00:00,0,AGENT,14:19:12,14:21:08,116,BASCH
AA0104,33418,0,0,NE,990921,14:32:21,14:32:31,10,0:00:00,0:00:00,0,AGENT,14:32:31,14:34:45,134,VICKY
AA0104,33419,0,0,PE,990921,14:44:31,14:44:40,9,0:00:00,0:00:00,0,AGENT,14:44:39,14:46:35,116,VICKY
AA0104,33420,0,0,PS,990921,14:57:05,14:57:15,10,0:00:00,0:00:00,0,AGENT,14:57:14,15:03:01,347,DORIT
AA0104,33421,0,0,NW,990921,15:09:29,15:09:38,9,15:09:38,15:11:45,127,AGENT,15:11:43,15:13:09,86,ROTH
AA0104,33422,0,0,NW,990921,15:21:20,15:21:29,9,15:21:29,15:23:31,122,AGENT,15:23:30,15:24:35,65,VICKY
AA0104,33423,9682923,2,NE,990921,15:32:28,15:32:34,6,15:32:34,15:33:58,84,AGENT,15:33:57,16:01:32,1655,BASCH
AA0104,33424,57918849,1,NE,990921,15:41:22,15:41:27,5,15:41:27,15:45:06,219,AGENT,15:45:05,15:47:00,115,VICKY
AA0104,33425,52867744,2,PS,990921,15:53:21,15:53:26,5,15:53:26,15:53:42,16,AGENT,15:53:42,16:01:29,467,ROTH
AA0104,33426,55729206,2,PS,990921,16:03:32,16:03:38,6,16:03:38,16:03:42,4,AGENT,16:03:41,16:07:00,199,TOVA
AA0104,33427,0,0,PS,990921,16:10:21,16:10:29,8,0:00:00,0:00:00,0,AGENT,16:10:28,16:14:53,265,STEREN
AA0104,33428,0,0,PS,990921,16:22:57,16:23:08,11,0:00:00,0:00:00,0,AGENT,16:23:07,16:23:59,52,BENSION
AA0104,33429,0,0,NW,990921,16:35:49,16:36:03,14,0:00:00,0:00:00,0,AGENT,16:36:02,16:39:23,201,VICKY
AA0104,33430,0,0,PS,990921,16:46:22,16:46:32,10,0:00:00,0:00:00,0,AGENT,16:46:31,16:47:05,34,STEREN
AA0104,33431,52867744,2,PS,990921,17:06:27,17:06:33,6,17:06:33,17:07:30,57,AGENT,17:07:30,17:12:53,323,BENSION
AA0104,33432,0,0,NW,990921,17:22:28,17:22:41,13,0:00:00,0:00:00,0,AGENT,17:22:40,17:23:34,54,YITZ
AA0104,33433,24193781,1,PS,990921,17:36:45,17:36:51,6,17:36:51,17:37:12,21,AGENT,17:37:11,17:39:01,110,STEREN
AA0104,33434,0,0,PE,990921,18:01:36,18:01:45,9,0:00:00,0:00:00,0,AGENT,18:01:44,18:22:23,1239,YITZ
AA0104,33435,0,0,PS,990921,18:20:14,18:20:25,11,0:00:00,0:00:00,0,AGENT,18:20:23,18:21:02,39,VICKY
AA0104,33436,22013551,2,NE,990921,18:39:11,18:39:17,6,18:39:17,18:39:28,11,AGENT,18:39:27,18:42:15,168,STEREN
AA0104,33437,0,0,PS,990921,18:58:25,18:58:34,9,0:00:00,0:00:00,0,AGENT,18:58:33,19:00:20,107,VICKY
AA0104,33438,0,0,NW,990921,19:26:53,19:27:02,9,19:27:02,19:27:13,11,AGENT,19:27:12,19:27:30,18,BENSION
AA0104,33439,0,0,PS,990921,19:45:43,19:45:52,9,0:00:00,0:00:00,0,AGENT,19:45:51,19:51:16,325,YITZ
AA0104,33440,0,0,NW,990921,20:09:41,20:09:50,9,20:09:50,20:10:36,46,AGENT,20:10:35,20:12:41,126,GOLDIE
AA0104,33441,0,0,PS,990921,20:35:26,20:35:39,13,0:00:00,0:00:00,0,AGENT,20:35:38,20:36:24,46,YITZ
AA0104,33442,0,0,PS,990921,20:54:00,20:54:14,14,0:00:00,0:00:00,0,AGENT,20:54:13,20:55:20,67,BENSION
AA0104,33443,0,0,PS,990921,21:11:26,21:11:46,20,0:00:00,0:00:00,0,AGENT,21:11:45,21:11:50,5,BENSION
AA0104,33444,0,0,PS,990921,21:32:07,21:32:24,17,0:00:00,0:00:00,0,AGENT,21:32:24,21:33:06,42,YITZ
AA0104,33445,0,0,PS,990921,21:49:55,21:50:04,9,0:00:00,0:00:00,0,AGENT,21:50:04,21:51:09,65,GILI
AA0104,33446,0,0,NE,990921,22:16:38,22:16:46,8,0:00:00,0:00:00,0,AGENT,22:16:46,22:17:58,72,STEREN
AA0104,33447,0,0,PS,990921,22:32:43,22:33:11,28,0:00:00,0:00:00,0,AGENT,22:33:11,22:34:45,94,STEREN
AA0104,33448,0,0,PS,990921,23:03:05,23:03:14,9,0:00:00,0:00:00,0,AGENT,23:03:13,23:04:32,79,STEREN
AA0104,33449,0,0,PS,990921,23:31:01,23:31:13,12,0:00:00,0:00:00,0,AGENT,23:31:12,23:32:16,64,BENSION
AA0104,33451,0,0,PS,990922,0:52:54,0:52:54,0,0:00:00,0:00:00,0,HANG,0:00:00,0:00:00,0,NO_SERVER
AA0104,33452,0,0,PS,990922,7:15:18,7:15:30,12,0:00:00,0:00:00,0,AGENT,7:15:29,7:18:22,173,VICKY
AA0104,33453,0,0,PS,990922,7:43:17,7:43:31,14,0:00:00,0:00:00,0,AGENT,7:43:30,7:45:31,121,VICKY
AA0104,33454,0,0,PS,990922,8:01:15,8:01:25,10,0:00:00,0:00:00,0,AGENT,8:01:24,8:03:05,101,ROTH
AA0104,33455,0,0,PS,990922,8:19:53,8:20:03,10,0:00:00,0:00:00,0,AGENT,8:20:02,8:21:24,82,GOLDIE
AA0104,33456,27383116,1,PS,990922,8:32:48,8:32:53,5,8:32:53,8:33:01,8,AGENT,8:33:01,8:33:49,48,TOVA
AA0104,33457,0,0,PS,990922,8:46:29,8:46:38,9,0:00:00,0:00:00,0,AGENT,8:46:36,8:47:11,35,KAZAV
AA0104,33458,54210620,2,PS,990922,8:57:20,8:57:26,6,8:57:26,8:57:43,17,AGENT,8:57:42,9:04:05,383,YIFAT
AA0104,33459,63193346,2,PS,990922,9:06:55,9:07:00,5,9:07:00,9:07:30,30,PHANTOM,9:07:14,9:09:49,155,NO_SERVER
AA0104,33460,32389629,2,PS,990922,9:14:35,9:14:41,6,9:14:41,9:15:45,64,AGENT,9:15:43,9:17:53,130,ROTH
AA0104,33461,15654940,1,PS,990922,9:23:09,9:23:15,6,9:23:15,9:24:10,55,AGENT,9:24:09,9:25:57,108,KAZAV
AA0104,33462,0,0,PS,990922,9:37:10,9:37:20,10,0:00:00,0:00:00,0,AGENT,9:37:19,9:38:23,64,VICKY
AA0104,33463,63193346,2,PS,990922,9:46:01,9:46:07,6,9:46:07,9:46:32,25,AGENT,9:46:30,9:47:22,52,VICKY
AA0104,33464,24459174,2,PS,990922,9:54:31,9:54:37,6,9:54:37,9:54:41,4,AGENT,9:54:40,10:01:19,399,ROTH
AA0104,33465,0,0,PS,990922,10:04:38,10:04:47,9,0:00:00,0:00:00,0,AGENT,10:04:47,10:06:17,90,AVNI
AA0104,33466,0,0,PS,990922,10:12:12,10:12:21,9,0:00:00,0:00:00,0,AGENT,10:12:19,10:13:29,70,KAZAV
AA0104,33467,0,0,NE,990922,10:21:07,10:21:16,9,0:00:00,0:00:00,0,AGENT,10:21:15,10:22:52,97,AVNI
AA0104,33468,25262437,2,PS,990922,10:28:33,10:28:39,6,10:28:39,10:28:46,7,AGENT,10:28:45,10:32:47,242,AVNI
AA0104,33469,32150427,1,PS,990922,10:33:56,10:34:02,6,10:34:02,10:35:11,69,AGENT,10:35:09,10:36:00,51,TOVA
AA0104,33470,32396962,1,PS,990922,10:42:14,10:42:20,6,10:42:20,10:42:40,20,AGENT,10:42:38,10:43:08,30,YIFAT
AA0104,33471,0,0,PS,990922,10:51:54,10:52:04,10,0:00:00,0:00:00,0,AGENT,10:52:02,10:53:46,104,ROTH
AA0104,33472,0,0,PS,990922,10:59:36,10:59:45,9,0:00:00,0:00:00,0,AGENT,10:59:44,11:00:45,61,ZOHARI
AA0104,33473,25329491,2,PS,990922,11:05:51,11:05:57,6,11:05:57,11:06:49,52,HANG,0:00:00,0:00:00,0,NO_SERVER
AA0104,33474,0,0,PS,990922,11:12:46,11:12:54,8,0:00:00,0:00:00,0,AGENT,11:12:54,11:15:28,154,ROTH
AA0104,33475,53186953,2,PS,990922,11:22:21,11:22:26,5,11:22:26,11:23:36,70,AGENT,11:23:35,11:31:19,464,ROTH
AA0104,33476,43288190,2,PS,990922,11:28:32,11:28:38,6,11:28:38,11:30:47,129,AGENT,11:30:46,11:30:49,3,TOVA
AA0104,33477,16950578,2,PS,990922,11:37:49,11:37:55,6,11:37:55,11:38:22,27,AGENT,11:38:22,11:39:02,40,GOLDIE
AA0104,33478,13000567,2,PS,990922,11:46:31,11:46:37,6,11:46:37,11:47:33,56,HANG,0:00:00,0:00:00,0,NO_SERVER
AA0104,33479,0,0,PS,990922,11:53:51,11:55:10,79,0:00:00,0:00:00,0,HANG,0:00:00,0:00:00,0,NO_SERVER
AA0104,33480,0,0,PS,990922,12:05:15,12:05:24,9,0:00:00,0:00:00,0,AGENT,12:05:22,12:05:33,11,STEREN
AA0104,33481,0,0,PS,990922,12:16:17,12:16:26,9,0:00:00,0:00:00,0,AGENT,12:16:26,12:19:32,186,KAZAV
AA0104,33482,0,0,NE,990922,12:29:24,12:29:36,12,0:00:00,0:00:00,0,AGENT,12:29:35,12:32:01,146,ZOHARI
AA0104,33483,0,0,NE,990922,12:43:38,12:43:46,8,0:00:00,0:00:00,0,AGENT,12:43:45,12:47:37,232,KAZAV
AA0104,33484,0,0,PS,990922,12:58:39,12:58:49,10,0:00:00,0:00:00,0,AGENT,12:58:48,13:01:04,136,AVNI
AA0104,33485,0,0,PS,990922,13:12:18,13:12:30,12,0:00:00,0:00:00,0,AGENT,13:12:29,13:26:40,851,VICKY
AA0104,33486,0,0,NW,990922,13:26:06,13:26:19,13,0:00:00,0:00:00,0,AGENT,13:26:18,13:27:02,44,YIFAT
AA0104,33487,0,0,PS,990922,13:41:37,13:41:46,9,0:00:00,0:00:00,0,AGENT,13:41:45,13:46:06,261,AVNI
AA0104,33488,0,0,PS,990922,13:55:54,13:56:03,9,0:00:00,0:00:00,0,AGENT,13:56:02,13:58:41,159,AVNI
AA0104,33489,0,0,PS,990922,14:12:16,14:12:26,10,0:00:00,0:00:00,0,AGENT,14:12:26,14:12:28,2,MORIAH
AA0104,33490,14991483,2,PS,990922,14:22:48,14:22:53,5,14:22:53,14:23:10,17,AGENT,14:23:09,14:27:34,265,AVNI
AA0104,33491,0,0,PS,990922,14:39:41,14:39:50,9,0:00:00,0:00:00,0,AGENT,14:39:49,14:41:32,103,AVNI
AA0104,33492,0,0,PS,990922,14:51:31,14:51:40,9,0:00:00,0:00:00,0,AGENT,14:51:39,14:52:16,37,KAZAV
AA0104,33493,0,0,PS,990922,15:00:38,15:00:47,9,0:00:00,0:00:00,0,AGENT,15:00:47,15:04:26,219,KAZAV
AA0104,33494,0,0,PS,990922,15:12:19,15:12:28,9,0:00:00,0:00:00,0,AGENT,15:12:27,15:14:27,120,KAZAV
AA0104,33495,23851843,1,PS,990922,15:20:57,15:21:03,6,15:21:03,15:24:28,205,AGENT,15:24:27,15:26:17,110,BASCH
AA0104,33496,0,0,NE,990922,15:32:57,15:33:10,13,0:00:00,0:00:00,0,AGENT,15:33:10,15:35:00,110,ELI
AA0104,33497,0,0,PS,990922,15:41:32,15:41:44,12,0:00:00,0:00:00,0,AGENT,15:41:42,15:42:14,32,DORIT
AA0104,33498,0,0,NW,990922,15:54:24,15:54:37,13,0:00:00,0:00:00,0,AGENT,15:54:36,15:59:21,285,MORIAH
AA0104,33499,0,0,NE,990922,16:14:29,16:14:40,11,0:00:00,0:00:00,0,AGENT,16:14:39,16:15:26,47,AVI
AA0104,33500,0,0,NE,990922,16:24:12,16:24:22,10,0:00:00,0:00:00,0,AGENT,16:24:21,16:28:06,225,BASCH
AA0104,33501,0,0,PS,990922,16:36:47,16:37:02,15,0:00:00,0:00:00,0,AGENT,16:37:01,16:40:33,212,ANAT
AA0104,33502,0,0,PS,990922,16:51:33,16:51:49,16,0:00:00,0:00:00,0,AGENT,16:51:47,16:52:46,59,BENSION
AA0104,33503,0,0,NW,990922,17:05:03,17:05:17,14,0:00:00,0:00:00,0,AGENT,17:05:16,17:06:46,90,SHARON
AA0104,33504,0,0,NW,990922,17:25:25,17:25:45,20,0:00:00,0:00:00,0,AGENT,17:25:44,17:26:07,23,BENSION
AA0104,33505,0,0,PS,990922,17:48:37,17:48:59,22,0:00:00,0:00:00,0,AGENT,17:48:58,17:49:54,56,BENSION
AA0104,33506,0,0,PS,990922,18:10:01,18:10:15,14,0:00:00,0:00:00,0,AGENT,18:10:14,18:12:58,164,SHARON
AA0104,33507,0,0,PS,990922,18:23:53,18:24:03,10,0:00:00,0:00:00,0,AGENT,18:24:03,18:29:09,306,ANAT
AA0104,33508,0,0,NE,990922,18:50:11,18:50:21,10,0:00:00,0:00:00,0,AGENT,18:50:20,18:51:05,45,MORIAH
AA0104,33509,0,0,NE,990922,19:19:45,19:19:54,9,0:00:00,0:00:00,0,AGENT,19:19:54,19:20:01,7,MORIAH
AA0104,33510,0,0,PS,990922,19:36:30,19:36:41,11,0:00:00,0:00:00,0,AGENT,19:36:40,19:39:34,174,BASCH
AA0104,33511,0,0,PS,990922,20:00:57,20:01:10,13,0:00:00,0:00:00,0,AGENT,20:01:10,20:01:13,3,SHARON
AA0104,33512,0,0,PS,990922,20:28:33,20:28:46,13,0:00:00,0:00:00,0,AGENT,20:28:45,20:33:55,310,MEIR
AA0104,33513,0,0,PS,990922,20:58:45,20:58:55,10,0:00:00,0:00:00,0,AGENT,20:58:55,21:00:20,85,MEIR
AA0104,33514,0,0,PS,990922,21:20:28,21:20:40,12,0:00:00,0:00:00,0,AGENT,21:20:40,21:21:17,37,SHARON
AA0104,33515,0,0,PS,990922,21:46:23,21:46:43,20,0:00:00,0:00:00,0,AGENT,21:46:42,21:48:11,89,AVI
AA0104,33516,0,0,NE,990922,22:13:16,22:13:28,12,0:00:00,0:00:00,0,AGENT,22:13:27,22:15:32,125,AVI
AA0104,33517,28461895,1,PS,990922,22:43:11,22:43:17,6,22:43:17,22:45:50,153,AGENT,22:45:49,22:46:30,41,GILI
AA0104,33518,0,0,PS,990922,23:23:29,23:23:42,13,0:00:00,0:00:00,0,AGENT,23:23:40,23:24:34,54,GILI
AA0104,33519,0,0,PS,990923,4:19:32,4:19:52,20,0:00:00,0:00:00,0,HANG,0:00:00,0:00:00,0,NO_SERVER
AA0104,33520,0,0,PS,990923,7:31:38,7:31:48,10,0:00:00,0:00:00,0,AGENT,7:31:48,7:32:41,53,ANAT
AA0104,33521,0,0,PS,990923,7:57:09,7:57:19,10,0:00:00,0:00:00,0,AGENT,7:57:18,7:58:21,63,TOVA
AA0104,33522,0,0,NW,990923,8:15:05,8:15:21,16,0:00:00,0:00:00,0,AGENT,8:15:19,8:16:06,47,ANAT
AA0104,33523,0,0,PS,990923,8:33:17,8:33:26,9,0:00:00,0:00:00,0,AGENT,8:33:26,8:35:35,129,VICKY
AA0104,33524,0,0,PS,990923,8:46:16,8:46:24,8,0:00:00,0:00:00,0,AGENT,8:46:24,8:48:28,124,TOVA
AA0104,33525,0,0,NE,990923,8:58:46,8:58:55,9,0:00:00,0:00:00,0,AGENT,8:58:55,9:02:29,214,AVI
AA0104,33526,0,0,PS,990923,9:09:55,9:10:03,8,0:00:00,0:00:00,0,AGENT,9:10:03,9:12:12,129,BASCH
AA0104,33527,53922209,1,PS,990923,9:19:39,9:19:44,5,9:19:44,9:20:31,47,AGENT,9:20:31,9:29:07,516,BASCH
AA0104,33528,0,0,PS,990923,9:32:13,9:32:26,13,0:00:00,0:00:00,0,AGENT,9:32:25,9:33:18,53,DORIT
AA0104,33529,0,0,PS,990923,9:42:11,9:42:21,10,0:00:00,0:00:00,0,AGENT,9:42:20,9:47:37,317,BASCH
AA0104,33530,0,0,PS,990923,9:47:45,9:48:23,38,0:00:00,0:00:00,0,HANG,0:00:00,0:00:00,0,NO_SERVER
AA0104,33531,58706086,2,PS,990923,9:55:33,9:55:38,5,9:55:38,9:56:36,58,HANG,0:00:00,0:00:00,0,NO_SERVER
AA0104,33532,0,0,PS,990923,10:03:57,10:04:05,8,0:00:00,0:00:00,0,AGENT,10:04:05,10:04:32,27,BASCH
AA0104,33533,57514374,1,PS,990923,10:11:46,10:11:52,6,10:11:52,10:13:04,72,HANG,0:00:00,0:00:00,0,NO_SERVER
AA0104,33534,24980229,2,PS,990923,10:21:05,10:21:11,6,10:21:11,10:21:28,17,AGENT,10:21:27,10:28:16,409,BASCH
AA0104,33535,24851511,2,PS,990923,10:27:22,10:27:27,5,10:27:27,10:28:00,33,AGENT,10:27:59,10:30:46,167,YIFAT
AA0104,33536,59061291,2,PS,990923,10:33:32,10:33:37,5,10:33:37,10:35:09,92,AGENT,10:35:08,10:36:26,78,ANAT
AA0104,33537,0,0,NW,990923,10:42:55,10:43:05,10,10:43:05,10:43:17,12,AGENT,10:43:16,10:43:43,27,VICKY
AA0104,33538,0,0,NW,990923,10:49:08,10:49:17,9,10:49:17,10:49:53,36,AGENT,10:49:52,10:50:09,17,ANAT
AA0104,33539,53186953,2,PS,990923,10:57:25,10:57:30,5,10:57:30,10:58:01,31,AGENT,10:58:00,10:59:15,75,AVI
AA0104,33540,24975104,1,PS,990923,11:05:55,11:06:01,6,11:06:01,11:06:34,33,HANG,0:00:00,0:00:00,0,NO_SERVER
AA0104,33541,0,0,NW,990923,11:15:42,11:15:52,10,11:15:52,11:16:35,43,AGENT,11:16:34,11:17:11,37,PINHAS
AA0104,33542,33404740,1,PS,990923,11:26:39,11:26:45,6,11:26:45,11:28:35,110,AGENT,11:28:34,11:30:07,93,BASCH
AA0104,33543,0,0,NW,990923,11:36:46,11:36:55,9,11:36:55,11:37:03,8,AGENT,11:37:02,11:37:39,37,AVI
AA0104,33544,14991483,2,PS,990923,11:46:14,11:46:20,6,11:46:20,11:47:16,56,AGENT,11:47:16,11:48:40,84,ANAT
AA0104,33545,0,0,PS,990923,12:01:33,12:01:43,10,0:00:00,0:00:00,0,AGENT,12:01:43,12:03:11,88,BASCH
AA0104,33546,0,0,PS,990923,12:12:43,12:12:51,8,0:00:00,0:00:00,0,AGENT,12:12:51,12:13:55,64,VICKY
AA0104,33547,0,0,PS,990923,12:27:49,12:28:00,11,0:00:00,0:00:00,0,AGENT,12:27:59,12:29:30,91,TOVA
AA0104,33548,65082729,1,PS,990923,12:45:09,12:45:15,6,12:45:15,12:45:35,20,AGENT,12:45:35,12:45:35,0,AVI
AA0104,33549,0,0,PS,990923,12:59:07,12:59:20,13,0:00:00,0:00:00,0,AGENT,12:59:19,13:00:35,76,ANAT
AA0104,33550,0,0,PS,990923,13:13:05,13:13:18,13,0:00:00,0:00:00,0,AGENT,13:13:17,13:23:56,639,BASCH
AA0104,33551,0,0,PS,990923,13:26:27,13:26:38,11,0:00:00,0:00:00,0,AGENT,13:26:36,13:56:50,1814,VICKY
AA0104,33553,0,0,PE,990923,13:42:25,13:42:25,0,0:00:00,0:00:00,0,HANG,0:00:00,0:00:00,0,NO_SERVER
AA0104,33554,0,0,NE,990923,13:53:46,13:53:57,11,0:00:00,0:00:00,0,AGENT,13:53:56,13:56:48,172,BASCH
AA0104,33555,30597587,2,PS,990923,14:02:07,14:02:12,5,14:02:12,14:02:24,12,HANG,0:00:00,0:00:00,0,NO_SERVER
AA0104,33556,67857375,2,PS,990923,14:14:17,14:14:23,6,14:14:23,14:16:41,138,AGENT,14:16:40,14:18:06,86,DORIT
AA0104,33557,22532980,2,PS,990923,14:28:46,14:28:52,6,14:28:52,14:29:39,47,AGENT,14:29:38,14:32:14,156,BASCH
AA0104,33558,0,0,PS,990923,14:45:01,14:45:12,11,0:00:00,0:00:00,0,AGENT,14:45:11,14:48:41,210,YIFAT
AA0104,33559,78191137,2,PS,990923,15:02:11,15:02:17,6,15:02:17,15:05:47,210,AGENT,15:05:46,15:05:49,3,STEREN
AA0104,33560,51888345,2,PS,990923,15:16:50,15:16:56,6,15:16:56,15:17:53,57,AGENT,15:17:52,15:19:12,80,YIFAT
AA0104,33561,0,0,PS,990923,15:30:45,15:30:54,9,0:00:00,0:00:00,0,AGENT,15:30:53,15:30:56,3,YIFAT
AA0104,33562,10699486,2,PS,990923,15:43:52,15:43:57,5,15:43:57,15:44:38,41,AGENT,15:44:37,15:44:38,1,AVI
AA0104,33563,0,0,PS,990923,16:03:46,16:03:59,13,0:00:00,0:00:00,0,AGENT,16:03:59,16:07:00,181,SHARON
AA0104,33564,0,0,NW,990923,16:18:21,16:18:30,9,16:18:30,16:18:38,8,AGENT,16:18:38,16:23:33,295,SHARON
AA0104,33565,0,0,PS,990923,16:33:46,16:33:55,9,0:00:00,0:00:00,0,AGENT,16:33:54,16:37:46,232,AVNI
AA0104,33566,0,0,PS,990923,16:56:48,16:56:56,8,0:00:00,0:00:00,0,AGENT,16:56:56,16:58:26,90,STEREN
AA0104,33567,0,0,NW,990923,17:14:53,17:15:02,9,17:15:02,17:16:13,71,HANG,0:00:00,0:00:00,0,NO_SERVER
AA0104,33568,0,0,PS,990923,17:42:05,17:42:15,10,0:00:00,0:00:00,0,AGENT,17:42:14,17:46:42,268,AVNI
AA0104,33569,0,0,PS,990923,18:10:09,18:10:19,10,0:00:00,0:00:00,0,AGENT,18:10:18,18:14:19,241,AVNI
AA0104,33570,0,0,PS,990923,18:44:51,18:45:00,9,0:00:00,0:00:00,0,AGENT,18:44:59,18:46:28,89,GILI
AA0104,33571,0,0,NE,990923,19:17:59,19:18:10,11,0:00:00,0:00:00,0,AGENT,19:18:10,19:26:41,511,MEIR
AA0104,33572,0,0,PS,990923,19:41:53,19:42:05,12,0:00:00,0:00:00,0,AGENT,19:42:04,19:44:21,137,MEIR
AA0104,33573,0,0,PS,990923,20:04:12,20:04:21,9,0:00:00,0:00:00,0,AGENT,20:04:20,20:05:38,78,AVNI
AA0104,33574,0,0,NW,990923,20:45:56,20:46:18,22,0:00:00,0:00:00,0,AGENT,20:46:17,20:47:42,85,MEIR
AA0104,33575,0,0,PS,990923,21:23:39,21:23:49,10,0:00:00,0:00:00,0,AGENT,21:23:48,21:25:20,92,MEIR
AA0104,33576,0,0,PS,990923,22:16:40,22:17:05,25,0:00:00,0:00:00,0,AGENT,22:17:04,22:18:07,63,STEREN
AA0104,33577,0,0,PS,990923,22:58:05,22:58:14,9,0:00:00,0:00:00,0,AGENT,22:58:14,23:02:02,228,AVNI
AA0104,33578,0,0,PS,990923,23:44:27,23:44:37,10,0:00:00,0:00:00,0,AGENT,23:44:36,23:47:51,195,YITZ
AA0104,33579,0,0,PS,990924,6:58:30,6:58:49,19,0:00:00,0:00:00,0,HANG,0:00:00,0:00:00,0,NO_SERVER
AA0104,33580,58280231,1,PS,990924,7:51:57,7:52:02,5,7:52:02,7:52:29,27,AGENT,7:52:29,7:53:31,62,ANAT
AA0104,33581,0,0,PS,990924,8:21:43,8:21:54,11,0:00:00,0:00:00,0,AGENT,8:21:53,8:23:15,82,BASCH
AA0104,33582,35884964,1,PS,990924,8:41:52,8:41:57,5,8:41:57,8:45:15,198,AGENT,8:45:15,8:46:15,60,BASCH
AA0104,33583,0,0,PS,990924,9:01:02,9:01:19,17,0:00:00,0:00:00,0,AGENT,9:01:19,9:02:28,69,ANAT
AA0104,33584,0,0,PS,990924,9:28:30,9:28:43,13,0:00:00,0:00:00,0,AGENT,9:28:42,9:31:03,141,SHARON
AA0104,33585,7191646,2,NE,990924,9:47:45,9:47:50,5,9:47:50,9:51:22,212,AGENT,9:51:21,9:53:40,139,ANAT
AA0104,33586,0,0,PS,990924,10:09:28,10:09:40,12,0:00:00,0:00:00,0,AGENT,10:09:38,10:12:07,149,DORIT
AA0104,33587,0,0,PS,990924,10:30:43,10:30:57,14,0:00:00,0:00:00,0,AGENT,10:30:56,10:32:01,65,ANAT
AA0104,33588,29380334,2,PS,990924,10:49:30,10:49:36,6,10:49:36,10:49:44,8,AGENT,10:49:43,10:51:40,117,ANAT
AA0104,33589,0,0,NW,990924,11:01:07,11:01:17,10,11:01:17,11:01:31,14,HANG,0:00:00,0:00:00,0,NO_SERVER
AA0104,33590,0,0,PS,990924,11:16:08,11:16:17,9,0:00:00,0:00:00,0,AGENT,11:16:17,11:17:01,44,SHARON
AA0104,33591,0,0,PS,990924,11:58:04,11:58:13,9,0:00:00,0:00:00,0,AGENT,11:58:12,12:00:01,109,DORIT
AA0104,33592,47148739,2,NE,990924,12:11:51,12:11:57,6,12:11:57,12:12:22,25,AGENT,12:12:22,12:14:14,112,SHARON
AA0104,33593,0,0,PS,990924,12:36:06,12:36:17,11,0:00:00,0:00:00,0,AGENT,12:36:16,12:37:10,54,SHARON
AA0104,33594,0,0,PS,990924,13:03:06,13:03:16,10,0:00:00,0:00:00,0,AGENT,13:03:15,13:04:48,93,BASCH
AA0104,33595,0,0,PS,990924,13:38:03,13:38:12,9,0:00:00,0:00:00,0,AGENT,13:38:11,13:51:17,786,GELBER
AA0104,33596,0,0,PS,990924,14:43:06,14:44:00,54,0:00:00,0:00:00,0,HANG,0:00:00,0:00:00,0,NO_SERVER
AA0104,33597,0,0,PS,990924,17:02:30,17:03:09,39,0:00:00,0:00:00,0,HANG,0:00:00,0:00:00,0,NO_SERVER
AA0104,33599,0,0,PS,990925,19:35:27,19:35:27,0,0:00:00,0:00:00,0,HANG,0:00:00,0:00:00,0,NO_SERVER
AA0104,33600,0,0,PS,990925,20:56:18,20:56:29,11,0:00:00,0:00:00,0,AGENT,20:56:28,20:57:18,50,ZOHARI
AA0104,33601,0,0,PS,990925,22:02:18,22:02:27,9,0:00:00,0:00:00,0,AGENT,22:02:27,22:08:10,343,BASCH
AA0104,33602,0,0,PS,990925,23:04:35,23:04:45,10,0:00:00,0:00:00,0,AGENT,23:04:45,23:07:00,135,ZOHARI
AA0104,33603,0,0,PS,990926,7:14:06,7:14:17,11,0:00:00,0:00:00,0,AGENT,7:14:16,7:15:47,91,ZOHARI
AA0104,33604,0,0,PS,990926,8:06:30,8:06:40,10,0:00:00,0:00:00,0,AGENT,8:06:40,8:06:54,14,NO_SERVER
AA0104,33605,0,0,PS,990926,8:36:48,8:36:56,8,0:00:00,0:00:00,0,AGENT,8:36:56,8:38:43,107,ZOHARI
AA0104,33606,0,0,PS,990926,8:56:18,8:56:29,11,0:00:00,0:00:00,0,AGENT,8:56:28,8:57:53,85,BASCH
AA0104,33607,0,0,NW,990926,9:14:38,9:14:51,13,0:00:00,0:00:00,0,AGENT,9:14:50,9:14:56,6,YIFAT
AA0104,33608,0,0,PS,990926,9:28:04,9:28:13,9,0:00:00,0:00:00,0,AGENT,9:28:12,9:28:15,3,NO_SERVER
AA0104,33609,0,0,PS,990926,9:41:49,9:41:58,9,0:00:00,0:00:00,0,AGENT,9:41:57,9:48:20,383,AVNI
AA0104,33610,31792849,1,PS,990926,9:49:44,9:49:50,6,9:49:50,9:50:57,67,HANG,0:00:00,0:00:00,0,NO_SERVER
AA0104,33611,57074585,2,PS,990926,9:59:01,9:59:06,5,9:59:06,9:59:26,20,AGENT,9:59:25,10:00:58,93,ZOHARI
AA0104,33612,0,0,NW,990926,10:12:33,10:12:46,13,0:00:00,0:00:00,0,AGENT,10:12:46,10:13:11,25,AVNI
AA0104,33613,67158097,2,PS,990926,10:26:20,10:26:25,5,10:26:25,10:26:47,22,AGENT,10:26:46,10:28:00,74,BASCH
AA0104,33614,0,0,PS,990926,10:44:11,10:44:22,11,0:00:00,0:00:00,0,AGENT,10:44:20,10:45:37,77,BASCH
AA0104,33615,69565307,1,PS,990926,10:55:19,10:55:24,5,10:55:24,10:55:37,13,AGENT,10:55:36,10:58:59,203,ZOHARI
AA0104,33616,0,0,NW,990926,11:03:18,11:03:31,13,0:00:00,0:00:00,0,AGENT,11:03:30,11:05:43,133,YIFAT
AA0104,33617,0,0,NE,990926,11:15:01,11:15:11,10,0:00:00,0:00:00,0,AGENT,11:15:10,11:18:35,205,AVNI
AA0104,33618,0,0,PS,990926,11:24:48,11:24:57,9,0:00:00,0:00:00,0,AGENT,11:24:56,11:29:51,295,ZOHARI
AA0104,33619,0,0,PS,990926,11:37:37,11:37:46,9,0:00:00,0:00:00,0,AGENT,11:37:46,11:38:19,33,YIFAT
AA0104,33620,9389941,1,PS,990926,11:48:51,11:48:56,5,11:48:56,11:49:16,20,AGENT,11:49:16,11:51:39,143,YIFAT
AA0104,33621,0,0,PS,990926,12:06:25,12:06:37,12,0:00:00,0:00:00,0,AGENT,12:06:36,12:10:11,215,YITZ
AA0104,33622,58706086,2,PS,990926,12:22:18,12:22:23,5,12:22:23,12:23:01,38,AGENT,12:23:00,12:25:15,135,AVNI
AA0104,33623,0,0,PS,990926,12:45:30,12:45:43,13,0:00:00,0:00:00,0,AGENT,12:45:43,12:46:30,47,VICKY
AA0104,33624,0,0,PS,990926,13:11:17,13:11:26,9,0:00:00,0:00:00,0,AGENT,13:11:25,13:12:30,65,AVNI
AA0104,33625,59227488,1,PS,990926,13:25:28,13:25:34,6,13:25:34,13:26:08,34,AGENT,13:26:06,13:27:52,106,YITZ
AA0104,33626,0,0,PS,990926,13:37:29,13:37:38,9,0:00:00,0:00:00,0,AGENT,13:37:38,13:39:32,114,AVNI
AA0104,33627,0,0,PS,990926,13:54:49,13:55:03,14,0:00:00,0:00:00,0,AGENT,13:55:03,13:59:06,243,ZOHARI
AA0104,33628,57918849,1,NE,990926,14:08:31,14:08:37,6,14:08:37,14:12:10,213,AGENT,14:12:10,14:17:31,321,VICKY
AA0104,33629,0,0,NE,990926,14:32:29,14:32:41,12,0:00:00,0:00:00,0,AGENT,14:32:40,14:35:47,187,ELI
AA0104,33630,34390344,1,PS,990926,14:52:03,14:52:09,6,14:52:09,14:52:41,32,HANG,0:00:00,0:00:00,0,NO_SERVER
AA0104,33631,14264295,2,PS,990926,15:09:09,15:09:14,5,15:09:14,15:11:24,130,AGENT,15:11:23,15:12:37,74,VICKY
AA0104,33632,0,0,NW,990926,15:44:20,15:44:29,9,15:44:29,15:44:45,16,AGENT,15:44:45,15:54:36,591,PINHAS
AA0104,33633,0,0,NW,990926,16:08:32,16:08:48,16,0:00:00,0:00:00,0,AGENT,16:08:48,16:09:30,42,MORIAH
AA0104,33634,0,0,PS,990926,16:44:37,16:44:53,16,0:00:00,0:00:00,0,AGENT,16:44:52,16:46:54,122,DARMON
AA0104,33635,0,0,PS,990926,17:22:45,17:22:54,9,0:00:00,0:00:00,0,AGENT,17:22:53,17:23:46,53,SHARON
AA0104,33636,0,0,PS,990926,18:04:29,18:04:43,14,0:00:00,0:00:00,0,AGENT,18:04:41,18:06:04,83,TOVA
AA0104,33637,0,0,PS,990926,18:36:18,18:36:29,11,0:00:00,0:00:00,0,AGENT,18:36:28,18:37:44,76,MORIAH
AA0104,33638,0,0,PS,990926,19:06:52,19:07:02,10,0:00:00,0:00:00,0,AGENT,19:07:01,19:07:53,52,SHARON
AA0104,33639,0,0,PS,990926,19:57:55,19:58:11,16,0:00:00,0:00:00,0,AGENT,19:58:10,20:00:41,151,BENSION
AA0104,33640,0,0,PS,990926,20:54:04,20:54:35,31,0:00:00,0:00:00,0,AGENT,20:54:15,20:55:19,64,MORIAH
AA0104,33641,0,0,PS,990926,21:57:23,21:57:38,15,0:00:00,0:00:00,0,AGENT,21:57:37,22:04:32,415,DARMON
AA0104,33642,51954378,2,PS,990926,23:08:12,23:08:17,5,23:08:17,23:08:48,31,AGENT,23:08:47,23:13:41,294,SHARON
AA0104,33643,0,0,PS,990927,7:18:39,7:18:51,12,0:00:00,0:00:00,0,AGENT,7:18:50,7:19:04,14,ZOHARI
AA0104,33644,0,0,PS,990927,8:13:49,8:13:58,9,0:00:00,0:00:00,0,AGENT,8:13:57,8:14:10,13,TOVA
AA0104,33645,0,0,NW,990927,8:36:40,8:36:57,17,0:00:00,0:00:00,0,AGENT,8:36:56,8:39:38,162,YITZ
AA0104,33646,0,0,PS,990927,8:55:02,8:55:11,9,0:00:00,0:00:00,0,AGENT,8:55:10,8:56:03,53,YITZ
AA0104,33647,58275413,2,PS,990927,9:10:24,9:10:30,6,9:10:30,9:11:14,44,AGENT,9:11:12,9:13:35,143,TOVA
AA0104,33648,57074585,2,PS,990927,9:30:16,9:30:30,14,9:30:30,9:33:17,167,AGENT,9:30:29,9:50:50,1221,ZOHARI
AA0104,33649,0,0,PS,990927,9:43:08,9:43:18,10,0:00:00,0:00:00,0,AGENT,9:43:17,9:48:41,324,YITZ
AA0104,33650,58810839,2,PS,990927,9:54:24,9:54:30,6,9:54:30,9:55:30,60,AGENT,9:55:29,9:56:27,58,TOVA
AA0104,33651,3968047,2,PS,990927,10:07:02,10:07:08,6,10:07:08,10:07:36,28,AGENT,10:07:34,10:11:07,213,BASCH
AA0104,33652,0,0,PS,990927,10:19:21,10:19:30,9,0:00:00,0:00:00,0,AGENT,10:19:29,10:19:31,2,TOVA
AA0104,33653,0,0,PS,990927,10:35:19,10:35:34,15,0:00:00,0:00:00,0,AGENT,10:35:33,10:37:09,96,BASCH
AA0104,33654,12887840,2,PS,990927,10:47:48,10:47:53,5,10:47:53,10:48:03,10,AGENT,10:48:02,10:49:20,78,BASCH
AA0104,33655,77253037,2,PS,990927,10:58:45,10:58:51,6,10:58:51,11:01:54,183,AGENT,11:01:52,11:02:38,46,BENSION
AA0104,33656,56210701,1,PS,990927,11:10:39,11:10:44,5,11:10:44,11:12:32,108,AGENT,11:12:31,11:13:13,42,TOVA
AA0104,33657,0,0,PS,990927,11:29:40,11:29:49,9,0:00:00,0:00:00,0,AGENT,11:29:48,11:35:19,331,YITZ
AA0104,33658,0,0,PS,990927,11:41:50,11:41:59,9,0:00:00,0:00:00,0,AGENT,11:41:58,11:43:06,68,BENSION
AA0104,33659,0,0,PS,990927,11:54:34,11:54:49,15,0:00:00,0:00:00,0,AGENT,11:54:48,11:56:47,119,TOVA
AA0104,33660,0,0,NE,990927,12:10:06,12:10:20,14,0:00:00,0:00:00,0,AGENT,12:10:19,12:16:37,378,ELI
AA0104,33661,31794381,1,PS,990927,12:26:36,12:26:41,5,12:26:41,12:27:51,70,AGENT,12:27:51,12:30:53,182,BENSION
AA0104,33662,0,0,PS,990927,12:40:55,12:41:10,15,0:00:00,0:00:00,0,AGENT,12:41:10,12:46:21,311,BENSION
AA0104,33663,0,0,PS,990927,12:54:37,12:54:46,9,0:00:00,0:00:00,0,AGENT,12:54:45,12:56:52,127,BASCH
AA0104,33664,0,0,NE,990927,13:06:02,13:06:14,12,0:00:00,0:00:00,0,AGENT,13:06:13,13:10:13,240,ZOHARI
AA0104,33665,0,0,NE,990927,13:25:57,13:26:13,16,0:00:00,0:00:00,0,AGENT,13:26:13,13:29:13,180,BASCH
AA0104,33666,13000567,2,PS,990927,13:41:42,13:41:48,6,13:41:48,13:41:59,11,AGENT,13:41:58,13:42:39,41,BASCH
AA0104,33667,55921597,1,NE,990927,13:54:40,13:54:45,5,13:54:45,13:56:39,114,AGENT,13:56:39,14:01:18,279,BASCH
AA0104,33668,52643202,2,PS,990927,14:09:46,14:09:52,6,14:09:52,14:12:06,134,AGENT,14:12:06,14:12:25,19,SHARON
AA0104,33669,51567014,2,PS,990927,14:24:14,14:24:20,6,14:24:20,14:25:48,88,AGENT,14:25:47,14:28:48,181,BASCH
AA0104,33670,0,0,PS,990927,14:42:47,14:43:01,14,0:00:00,0:00:00,0,AGENT,14:43:01,14:43:38,37,SHARON
AA0104,33671,0,0,NW,990927,14:58:41,14:58:51,10,14:58:51,14:59:58,67,AGENT,14:59:57,15:02:22,145,SHARON
AA0104,33672,0,0,PS,990927,15:26:15,15:26:24,9,0:00:00,0:00:00,0,AGENT,15:26:23,15:27:09,46,BASCH
AA0104,33673,25344037,2,PS,990927,16:16:33,16:16:38,5,16:16:38,16:16:39,1,HANG,0:00:00,0:00:00,0,NO_SERVER
AA0104,33674,22778559,1,PS,990927,16:34:07,16:34:12,5,16:34:12,16:34:46,34,AGENT,16:34:46,16:35:53,67,SHARON
AA0104,33675,0,0,PS,990927,17:08:20,17:08:31,11,0:00:00,0:00:00,0,AGENT,17:08:30,17:09:24,54,SHARON
AA0104,33676,30059463,2,PS,990927,17:41:00,17:41:06,6,17:41:06,17:41:52,46,AGENT,17:41:51,17:42:13,22,ANAT
AA0104,33677,0,0,PS,990927,18:12:09,18:12:19,10,0:00:00,0:00:00,0,AGENT,18:12:18,18:14:00,102,SHARON
AA0104,33678,0,0,NW,990927,18:46:19,18:46:29,10,18:46:29,18:47:31,62,AGENT,18:47:31,18:47:38,7,SHARON
AA0104,33679,0,0,PS,990927,19:26:35,19:26:48,13,0:00:00,0:00:00,0,AGENT,19:26:47,19:32:24,337,SHARON
AA0104,33680,0,0,PS,990927,20:07:59,20:08:07,8,0:00:00,0:00:00,0,AGENT,20:08:07,20:10:58,171,AVNI
AA0104,33681,0,0,PS,990927,20:53:14,20:53:27,13,0:00:00,0:00:00,0,AGENT,20:53:27,20:57:18,231,SHARON
AA0104,33682,0,0,PS,990927,21:47:34,21:47:49,15,0:00:00,0:00:00,0,AGENT,21:47:48,21:52:11,263,DARMON
AA0104,33683,0,0,NE,990927,22:14:30,22:14:39,9,0:00:00,0:00:00,0,AGENT,22:14:38,22:15:54,76,MORIAH
AA0104,33684,0,0,PS,990927,23:17:24,23:17:34,10,0:00:00,0:00:00,0,AGENT,23:17:36,23:17:40,4,NO_SERVER
AA0104,33685,0,0,NW,990928,1:01:49,1:02:10,21,0:00:00,0:00:00,0,HANG,0:00:00,0:00:00,0,NO_SERVER
AA0104,33686,0,0,PS,990928,7:42:06,7:42:16,10,0:00:00,0:00:00,0,AGENT,7:42:15,7:45:12,177,ANAT
AA0104,33687,7428345,2,PS,990928,8:21:27,8:21:32,5,8:21:32,8:21:37,5,AGENT,8:21:37,8:25:34,237,ANAT
AA0104,33688,12024519,2,PS,990928,8:45:38,8:45:42,4,8:45:42,8:46:32,50,AGENT,8:46:31,8:47:59,88,ANAT
AA0104,33689,1161660,2,PS,990928,9:00:51,9:00:57,6,9:00:57,9:01:31,34,AGENT,9:01:30,9:03:57,147,ANAT
AA0104,33690,28064335,2,PS,990928,9:21:16,9:21:21,5,9:21:21,9:21:45,24,AGENT,9:21:44,9:23:24,100,ANAT
AA0104,33691,50622380,2,PS,990928,9:30:46,9:30:52,6,9:30:52,9:31:47,55,AGENT,9:31:46,9:34:31,165,AVNI
AA0104,33692,30164461,2,NE,990928,9:42:00,9:42:05,5,9:42:05,9:43:59,114,AGENT,9:43:57,9:50:12,375,ANAT
AA0104,33693,52131323,2,PS,990928,10:00:29,10:00:34,5,10:00:34,10:01:03,29,HANG,0:00:00,0:00:00,0,NO_SERVER
AA0104,33694,52867744,2,PS,990928,10:07:58,10:08:03,5,10:08:03,10:11:10,187,AGENT,10:11:09,10:14:24,195,YIFAT
AA0104,33695,42710962,2,PS,990928,10:17:52,10:17:57,5,10:17:57,10:22:08,251,HANG,0:00:00,0:00:00,0,NO_SERVER
AA0104,33696,24927717,1,PS,990928,10:31:45,10:31:51,6,10:31:51,10:35:02,191,AGENT,10:35:01,10:36:32,91,YIFAT
AA0104,33697,29641727,2,PS,990928,10:44:35,10:44:41,6,10:44:41,10:48:20,219,AGENT,10:48:19,10:49:56,97,YIFAT
AA0104,33698,50052000,1,PS,990928,10:57:37,10:57:42,5,10:57:42,11:01:03,201,PHANTOM,11:01:03,11:01:06,3,NO_SERVER
AA0104,33699,0,0,NW,990928,11:12:32,11:12:41,9,11:12:41,11:16:00,199,HANG,0:00:00,0:00:00,0,NO_SERVER
AA0104,33700,28547628,1,PS,990928,11:23:57,11:24:03,6,11:24:03,11:26:35,152,AGENT,11:26:34,11:32:06,332,ANAT
AA0104,33701,45447547,2,PS,990928,11:37:43,11:37:48,5,11:37:48,11:38:44,56,AGENT,11:38:44,11:38:46,2,ANAT
AA0104,33702,0,0,NW,990928,11:48:10,11:48:19,9,11:48:19,11:50:52,153,HANG,0:00:00,0:00:00,0,NO_SERVER
AA0104,33704,0,0,PS,990928,12:05:45,12:05:45,0,0:00:00,0:00:00,0,HANG,0:00:00,0:00:00,0,NO_SERVER
AA0104,33705,55499289,2,PS,990928,12:13:25,12:13:30,5,12:13:30,12:14:13,43,HANG,0:00:00,0:00:00,0,NO_SERVER
AA0104,33706,0,0,PS,990928,12:21:26,12:23:24,118,0:00:00,0:00:00,0,HANG,0:00:00,0:00:00,0,NO_SERVER
AA0104,33707,29641727,2,PS,990928,12:31:37,12:31:43,6,12:31:43,12:32:16,33,HANG,0:00:00,0:00:00,0,NO_SERVER
AA0104,33708,54978564,2,PS,990928,12:44:33,12:44:39,6,12:44:39,12:45:13,34,AGENT,12:45:12,12:46:53,101,ANAT
AA0104,33709,22778559,1,PS,990928,12:55:39,12:55:44,5,12:55:44,12:55:59,15,AGENT,12:55:58,12:58:04,126,ZOHARI
AA0104,33710,25421769,2,PS,990928,13:06:33,13:06:39,6,13:06:39,13:09:08,149,AGENT,13:09:08,13:15:20,372,AVNI
AA0104,33711,0,0,PS,990928,13:23:44,13:23:57,13,0:00:00,0:00:00,0,AGENT,13:23:56,13:26:39,163,ANAT
AA0104,33712,0,0,NW,990928,13:41:25,13:41:35,10,13:41:35,13:42:15,40,AGENT,13:42:14,13:42:55,41,VICKY
AA0104,33713,7191646,2,NE,990928,13:52:30,13:52:36,6,13:52:36,13:53:10,34,AGENT,13:53:09,13:54:38,89,VICKY
AA0104,33714,29068244,2,PS,990928,14:06:27,14:06:32,5,14:06:32,14:07:54,82,HANG,0:00:00,0:00:00,0,NO_SERVER
AA0104,33715,17938986,2,PS,990928,14:16:37,14:16:43,6,14:16:43,14:17:30,47,AGENT,14:17:30,14:18:08,38,BASCH
AA0104,33716,0,0,PS,990928,14:32:00,14:32:11,11,0:00:00,0:00:00,0,AGENT,14:32:10,14:33:54,104,YIFAT
AA0104,33717,0,0,PS,990928,14:52:29,14:52:38,9,0:00:00,0:00:00,0,AGENT,14:52:37,14:52:38,1,YIFAT
AA0104,33718,0,0,PS,990928,15:14:07,15:14:16,9,0:00:00,0:00:00,0,AGENT,15:14:15,15:15:10,55,ZOHARI
AA0104,33719,0,0,PS,990928,15:55:07,15:55:22,15,0:00:00,0:00:00,0,AGENT,15:55:21,15:58:57,216,AVNI
AA0104,33720,0,0,NW,990928,16:26:05,16:26:18,13,0:00:00,0:00:00,0,AGENT,16:26:17,16:28:47,150,VICKY
AA0104,33721,0,0,PS,990928,16:50:52,16:51:00,8,0:00:00,0:00:00,0,AGENT,16:51:00,17:00:55,595,AVNI
AA0104,33723,0,0,PS,990928,17:18:36,17:18:36,0,0:00:00,0:00:00,0,HANG,0:00:00,0:00:00,0,NO_SERVER
AA0104,33724,0,0,PS,990928,17:42:56,17:43:12,16,0:00:00,0:00:00,0,AGENT,17:43:10,17:44:38,88,BASCH
AA0104,33725,0,0,PS,990928,18:01:55,18:02:04,9,0:00:00,0:00:00,0,AGENT,18:02:04,18:04:11,127,VICKY
AA0104,33726,0,0,NW,990928,18:34:29,18:34:40,11,0:00:00,0:00:00,0,AGENT,18:34:40,18:35:59,79,YITZ
AA0104,33727,0,0,PS,990928,19:32:55,19:33:11,16,0:00:00,0:00:00,0,AGENT,19:33:11,19:35:53,162,SHARON
AA0104,33728,0,0,PS,990928,20:25:04,20:25:15,11,0:00:00,0:00:00,0,AGENT,20:25:14,20:30:12,298,SHARON
AA0104,33729,0,0,PS,990928,21:01:15,21:01:25,10,0:00:00,0:00:00,0,AGENT,21:01:24,21:01:47,23,GILI
AA0104,33730,0,0,PS,990928,21:32:20,21:32:30,10,0:00:00,0:00:00,0,AGENT,21:32:29,21:33:24,55,DORIT
AA0104,33731,0,0,PS,990928,21:58:29,21:58:38,9,0:00:00,0:00:00,0,AGENT,21:58:37,21:58:57,20,GILI
AA0104,33732,0,0,PS,990928,22:44:13,22:44:21,8,0:00:00,0:00:00,0,AGENT,22:44:21,22:45:35,74,SHARON
AA0104,33733,0,0,PS,990928,23:45:39,23:45:48,9,0:00:00,0:00:00,0,AGENT,23:45:48,23:47:57,129,SHARON
AA0104,33734,0,0,PS,990929,7:09:38,7:09:52,14,0:00:00,0:00:00,0,AGENT,7:09:51,7:11:24,93,ANAT
AA0104,33735,0,0,PS,990929,8:06:55,8:07:07,12,0:00:00,0:00:00,0,AGENT,8:07:07,8:07:10,3,NO_SERVER
AA0104,33736,0,0,PS,990929,8:30:01,8:30:11,10,0:00:00,0:00:00,0,AGENT,8:30:10,8:32:29,139,ZOHARI
AA0104,33737,0,0,PS,990929,8:44:58,8:45:10,12,0:00:00,0:00:00,0,AGENT,8:45:09,8:46:08,59,ANAT
AA0104,33738,0,0,PS,990929,9:03:51,9:04:03,12,0:00:00,0:00:00,0,AGENT,9:04:02,9:05:47,105,SHARON
AA0104,33739,0,0,PS,990929,9:20:14,9:20:24,10,0:00:00,0:00:00,0,AGENT,9:20:23,9:20:27,4,NO_SERVER
AA0104,33740,0,0,PS,990929,9:33:27,9:33:37,10,0:00:00,0:00:00,0,AGENT,9:33:36,9:34:25,49,SHARON
AA0104,33741,3819091,2,PS,990929,9:46:11,9:46:16,5,9:46:16,9:50:07,231,AGENT,9:50:07,9:51:58,111,DORIT
AA0104,33742,23530603,2,PS,990929,9:55:43,9:55:49,6,9:55:49,9:58:28,159,AGENT,9:58:27,10:02:49,262,DORIT
AA0104,33743,51458594,2,PS,990929,10:09:05,10:09:11,6,10:09:11,10:09:48,37,AGENT,10:09:47,10:13:41,234,DORIT
AA0104,33744,0,0,PS,990929,10:17:46,10:17:55,9,0:00:00,0:00:00,0,AGENT,10:17:54,10:20:10,136,YIFAT
AA0104,33745,32387482,1,PS,990929,10:27:49,10:27:55,6,10:27:55,10:29:01,66,AGENT,10:29:00,10:29:49,49,DORIT
AA0104,33746,33185208,1,PS,990929,10:38:34,10:38:40,6,10:38:40,10:40:32,112,HANG,0:00:00,0:00:00,0,NO_SERVER
AA0104,33747,58029430,1,PS,990929,10:53:42,10:53:48,6,10:53:48,10:55:14,86,AGENT,10:55:13,10:55:47,34,ANAT
AA0104,33748,10858884,2,NE,990929,11:02:48,11:02:54,6,11:02:54,11:03:18,24,AGENT,11:03:16,11:04:43,87,SHARON
AA0104,33749,24069635,2,PS,990929,11:13:05,11:13:11,6,11:13:11,11:13:47,36,AGENT,11:13:46,11:17:30,224,SHARON
AA0104,33750,3374691,2,PS,990929,11:24:37,11:24:44,7,11:24:44,11:24:54,10,AGENT,11:24:54,11:25:42,48,SHARON
AA0104,33751,53359501,2,PS,990929,11:37:15,11:37:20,5,11:37:20,11:37:35,15,AGENT,11:37:34,11:38:12,38,ANAT
AA0104,33752,57432775,1,PS,990929,11:50:26,11:50:32,6,11:50:32,11:51:09,37,AGENT,11:51:07,11:56:43,336,ZOHARI
AA0104,33753,0,0,NW,990929,12:03:04,12:03:13,9,12:03:13,12:06:00,167,AGENT,12:05:59,12:06:28,29,SHARON
AA0104,33754,27885011,2,PS,990929,12:12:13,12:12:19,6,12:12:19,12:14:11,112,HANG,0:00:00,0:00:00,0,NO_SERVER
AA0104,33755,52164191,1,PS,990929,12:25:01,12:25:06,5,12:25:06,12:27:55,169,HANG,0:00:00,0:00:00,0,NO_SERVER
AA0104,33756,8258329,2,NE,990929,12:36:11,12:36:16,5,12:36:16,12:37:46,90,AGENT,12:37:45,12:39:19,94,SHARON
AA0104,33757,58029430,1,PS,990929,12:51:08,12:51:14,6,12:51:14,12:52:20,66,AGENT,12:52:19,12:53:02,43,DORIT
AA0104,33758,0,0,PS,990929,13:07:22,13:07:31,9,0:00:00,0:00:00,0,AGENT,13:07:30,13:09:57,147,ZOHARI
AA0104,33759,57379505,2,PS,990929,13:24:01,13:24:06,5,13:24:06,13:26:41,155,AGENT,13:26:40,13:28:18,98,DORIT
AA0104,33760,0,0,PS,990929,13:40:38,13:40:46,8,0:00:00,0:00:00,0,AGENT,13:40:45,13:41:47,62,DORIT
AA0104,33761,0,0,NW,990929,13:53:00,13:53:09,9,13:53:09,13:54:45,96,HANG,0:00:00,0:00:00,0,NO_SERVER
AA0104,33762,43745652,2,PS,990929,14:05:56,14:06:01,5,14:06:01,14:08:19,138,AGENT,14:08:18,14:08:58,40,YIFAT
AA0104,33763,30712699,2,NE,990929,14:15:17,14:15:23,6,14:15:23,14:18:23,180,AGENT,14:18:22,14:18:34,12,ZOHARI
AA0104,33764,22263115,2,PS,990929,14:26:53,14:26:59,6,14:26:59,14:27:14,15,AGENT,14:27:13,14:30:09,176,DORIT
AA0104,33765,58706086,2,PS,990929,14:44:08,14:44:14,6,14:44:14,14:44:50,36,AGENT,14:44:49,14:45:31,42,BASCH
AA0104,33766,33817438,1,PS,990929,15:10:26,15:10:32,6,15:10:32,15:11:23,51,AGENT,15:11:22,15:15:55,273,DORIT
AA0104,33767,0,0,PS,990929,15:41:22,15:41:31,9,0:00:00,0:00:00,0,AGENT,15:41:30,15:45:33,243,AVNI
AA0104,33768,0,0,NW,990929,16:07:36,16:07:45,9,16:07:45,16:10:06,141,AGENT,16:10:05,16:11:53,108,STEREN
AA0104,33769,52164191,1,PS,990929,16:32:40,16:32:45,5,16:32:45,16:33:15,30,AGENT,16:33:13,16:38:02,289,STEREN
AA0104,33770,0,0,NW,990929,17:15:45,17:16:00,15,0:00:00,0:00:00,0,AGENT,17:16:00,17:17:02,62,STEREN
AA0104,33771,0,0,PS,990929,17:46:58,17:47:15,17,0:00:00,0:00:00,0,AGENT,17:47:15,17:54:42,447,DARMON
AA0104,33772,0,0,PS,990929,18:10:25,18:10:37,12,0:00:00,0:00:00,0,AGENT,18:10:37,18:13:37,180,BASCH
AA0104,33773,0,0,PS,990929,18:41:08,18:41:18,10,0:00:00,0:00:00,0,AGENT,18:41:17,18:44:14,177,STEREN
AA0104,33774,0,0,PS,990929,19:06:44,19:06:53,9,0:00:00,0:00:00,0,AGENT,19:06:52,19:11:58,306,BASCH
AA0104,33775,0,0,PS,990929,19:29:02,19:29:15,13,0:00:00,0:00:00,0,AGENT,19:29:14,19:31:38,144,STEREN
AA0104,33776,0,0,PS,990929,20:08:34,20:08:45,11,0:00:00,0:00:00,0,AGENT,20:08:44,20:09:09,25,BASCH
AA0104,33777,27443696,1,PS,990929,20:38:36,20:38:41,5,20:38:41,20:39:45,64,AGENT,20:39:43,20:40:56,73,MEIR
AA0104,33778,0,0,PS,990929,21:16:35,21:16:43,8,0:00:00,0:00:00,0,AGENT,21:16:43,21:17:59,76,STEREN
AA0104,33779,0,0,PS,990929,21:49:43,21:49:54,11,0:00:00,0:00:00,0,AGENT,21:49:54,21:52:05,131,GILI
AA0104,33780,0,0,PS,990929,22:24:17,22:24:29,12,0:00:00,0:00:00,0,AGENT,22:24:28,22:25:16,48,GILI
AA0104,33781,0,0,PS,990929,23:24:33,23:24:44,11,0:00:00,0:00:00,0,AGENT,23:24:43,23:25:52,69,STEREN
AA0104,33782,0,0,NW,990930,1:52:16,1:52:34,18,0:00:00,0:00:00,0,HANG,0:00:00,0:00:00,0,NO_SERVER
AA0104,33783,0,0,PS,990930,7:34:26,7:34:35,9,0:00:00,0:00:00,0,AGENT,7:34:35,7:35:58,83,TOVA
AA0104,33784,0,0,PS,990930,8:08:04,8:08:19,15,0:00:00,0:00:00,0,AGENT,8:08:18,8:09:40,82,TOVA
AA0104,33785,0,0,NW,990930,8:37:37,8:37:46,9,8:37:46,8:39:01,75,AGENT,8:39:00,8:39:06,6,ANAT
AA0104,33786,0,0,NW,990930,8:54:33,8:54:48,15,0:00:00,0:00:00,0,AGENT,8:54:48,8:55:22,34,ROTH
AA0104,33787,0,0,NW,990930,9:09:58,9:10:08,10,9:10:08,9:14:20,252,HANG,0:00:00,0:00:00,0,NO_SERVER
AA0104,33788,0,0,PS,990930,9:23:14,9:23:24,10,0:00:00,0:00:00,0,AGENT,9:23:23,9:25:21,118,TOVA
AA0104,33789,51165645,2,PS,990930,9:40:07,9:40:12,5,9:40:12,9:40:15,3,AGENT,9:40:14,9:41:00,46,ANAT
AA0104,33790,65032120,2,PS,990930,9:52:55,9:53:00,5,9:53:00,9:53:38,38,AGENT,9:53:37,9:56:37,180,TOVA
AA0104,33791,65338329,2,PS,990930,9:57:31,9:57:38,7,9:57:38,9:57:47,9,HANG,0:00:00,0:00:00,0,NO_SERVER
AA0104,33792,0,0,PS,990930,10:06:22,10:06:32,10,0:00:00,0:00:00,0,AGENT,10:06:31,10:09:45,194,TOVA
AA0104,33793,0,0,PS,990930,10:22:23,10:22:37,14,0:00:00,0:00:00,0,AGENT,10:22:36,10:23:13,37,ANAT
AA0104,33794,52037405,2,PS,990930,10:36:55,10:37:00,5,10:37:00,10:37:34,34,AGENT,10:37:33,10:37:40,7,ROTH
AA0104,33795,57074585,2,PS,990930,10:48:19,10:48:25,6,10:48:25,10:49:32,67,AGENT,10:49:31,10:52:16,165,ROTH
AA0104,33796,54128681,2,PS,990930,11:02:02,11:02:08,6,11:02:08,11:02:44,36,AGENT,11:02:43,11:05:15,152,ROTH
AA0104,33797,51277036,2,PS,990930,11:07:17,11:07:23,6,11:07:23,11:07:45,22,HANG,0:00:00,0:00:00,0,NO_SERVER
AA0104,33798,58859752,2,PS,990930,11:16:11,11:16:17,6,11:16:17,11:18:56,159,AGENT,11:18:55,11:18:57,2,ANAT
AA0104,33799,23793540,1,PS,990930,11:22:06,11:22:11,5,11:22:11,11:23:18,67,HANG,0:00:00,0:00:00,0,NO_SERVER
AA0104,33800,14737530,1,PS,990930,11:26:44,11:26:50,6,11:26:50,11:28:04,74,HANG,0:00:00,0:00:00,0,NO_SERVER
AA0104,33801,57965006,2,PS,990930,11:35:22,11:35:28,6,11:35:28,11:36:49,81,AGENT,11:36:48,11:41:56,308,YIFAT
AA0104,33802,72600836,2,PS,990930,11:42:41,11:42:47,6,11:42:47,11:46:22,215,AGENT,11:46:21,11:47:04,43,YIFAT
AA0104,33803,0,0,NW,990930,11:51:03,11:51:09,6,0:00:00,0:00:00,0,HANG,0:00:00,0:00:00,0,NO_SERVER
AA0104,33804,50457233,1,PS,990930,12:00:01,12:00:07,6,12:00:07,12:01:19,72,AGENT,12:01:18,12:03:24,126,ZOHARI
AA0104,33805,0,0,NW,990930,12:09:44,12:09:54,10,12:09:54,12:11:01,67,AGENT,12:11:00,12:13:01,121,SHARON
AA0104,33806,54128681,2,PS,990930,12:20:56,12:21:01,5,12:21:01,12:21:15,14,AGENT,12:21:14,12:25:01,227,ROTH
AA0104,33807,0,0,PS,990930,12:39:50,12:39:59,9,0:00:00,0:00:00,0,AGENT,12:39:59,12:40:28,29,ROTH
AA0104,33808,69385714,2,PS,990930,12:57:30,12:57:36,6,12:57:36,12:57:53,17,AGENT,12:57:52,12:57:54,2,ANAT
AA0104,33809,78191137,2,PS,990930,13:11:55,13:12:00,5,13:12:00,13:12:53,53,AGENT,13:12:52,13:16:59,247,SHARON
AA0104,33810,27885011,2,PS,990930,13:28:48,13:28:53,5,13:28:53,13:31:54,181,PHANTOM,13:31:16,13:37:52,396,NO_SERVER
AA0104,33811,7431802,1,PS,990930,13:49:49,13:49:55,6,13:49:55,13:51:25,90,HANG,0:00:00,0:00:00,0,NO_SERVER
AA0104,33812,32389629,2,PS,990930,14:02:05,14:02:11,6,14:02:11,14:06:22,251,HANG,0:00:00,0:00:00,0,NO_SERVER
AA0104,33813,28136133,2,PS,990930,14:17:02,14:17:07,5,14:17:07,14:18:25,78,AGENT,14:18:24,14:20:44,140,ZOHARI
AA0104,33814,79727962,2,PS,990930,14:26:01,14:26:07,6,14:26:07,14:26:16,9,HANG,0:00:00,0:00:00,0,NO_SERVER
AA0104,33815,58118068,2,PS,990930,14:36:26,14:36:32,6,14:36:32,14:38:11,99,AGENT,14:38:10,14:41:33,203,SHARON
AA0104,33816,307158626,1,PS,990930,14:55:48,14:55:54,6,14:55:54,14:56:25,31,AGENT,14:56:24,15:04:01,457,ROTH
AA0104,33817,0,0,PS,990930,15:22:35,15:22:47,12,0:00:00,0:00:00,0,AGENT,15:22:46,15:24:15,89,SHARON
AA0104,33818,0,0,PS,990930,15:58:34,15:58:46,12,0:00:00,0:00:00,0,AGENT,15:58:46,16:01:06,140,YITZ
AA0104,33819,9682923,2,PS,990930,16:23:10,16:23:15,5,16:23:15,16:24:33,78,AGENT,16:24:32,16:26:08,96,STEREN
AA0104,33820,0,0,PS,990930,16:40:29,16:40:39,10,0:00:00,0:00:00,0,AGENT,16:40:38,16:41:56,78,YITZ
AA0104,33821,59630624,1,NE,990930,16:57:04,16:57:10,6,16:57:10,16:57:54,44,AGENT,16:57:53,16:59:35,102,STEREN
AA0104,33822,0,0,NW,990930,17:29:13,17:29:29,16,0:00:00,0:00:00,0,AGENT,17:29:28,17:30:42,74,YITZ
AA0104,33823,0,0,PS,990930,18:11:40,18:11:49,9,0:00:00,0:00:00,0,AGENT,18:11:48,18:18:13,385,STEREN
AA0104,33824,0,0,PS,990930,18:43:16,18:43:26,10,0:00:00,0:00:00,0,AGENT,18:43:25,18:44:44,79,YITZ
AA0104,33825,0,0,PS,990930,19:38:33,19:38:58,25,0:00:00,0:00:00,0,AGENT,19:38:58,19:42:36,218,AVNI
AA0104,33826,0,0,PS,990930,20:08:24,20:08:34,10,0:00:00,0:00:00,0,AGENT,20:08:33,20:10:46,133,STEREN
AA0104,33827,34082867,1,PS,990930,20:49:34,20:49:40,6,20:49:40,20:49:49,9,AGENT,20:49:48,20:53:03,195,YITZ
AA0104,33828,0,0,PS,990930,21:25:30,21:25:44,14,0:00:00,0:00:00,0,AGENT,21:25:44,21:27:37,113,MEIR
AA0104,33829,0,0,PS,990930,22:18:51,22:19:01,10,0:00:00,0:00:00,0,AGENT,22:19:00,22:20:47,107,YITZ
AA0104,33830,0,0,NW,990930,23:09:48,23:10:01,13,0:00:00,0:00:00,0,AGENT,23:10:00,23:11:04,64,VICKY
AA0105,45062,0,0,PS,990901,6:10:41,6:10:41,0,0:00:00,0:00:00,0,HANG,0:00:00,0:00:00,0,NO_SERVER
AA0105,45063,58826033,2,PS,990901,7:22:13,7:22:19,6,7:22:19,7:23:30,71,AGENT,7:23:29,7:24:46,77,BASCH
AA0105,45064,314234345,2,PE,990901,7:50:17,7:50:21,4,7:50:21,7:51:54,93,HANG,0:00:00,0:00:00,0,NO_SERVER
AA0105,45065,0,0,PS,990901,8:08:46,8:08:57,11,0:00:00,0:00:00,0,AGENT,8:08:56,8:10:06,70,BASCH
AA0105,45066,0,0,PS,990901,8:26:41,8:27:06,25,0:00:00,0:00:00,0,AGENT,8:27:05,8:35:40,515,ROTH
AA0105,45067,0,0,PS,990901,8:38:39,8:38:50,11,0:00:00,0:00:00,0,AGENT,8:38:49,8:39:34,45,NAAMA
AA0105,45068,0,0,NW,990901,8:51:59,8:52:08,9,8:52:08,8:52:13,5,AGENT,8:52:12,8:54:41,149,ROTH
AA0105,45069,0,0,NW,990901,9:05:34,9:05:47,13,0:00:00,0:00:00,0,AGENT,9:05:47,9:10:25,278,ZOHARI
AA0105,45070,0,0,PS,990901,9:17:36,9:17:46,10,0:00:00,0:00:00,0,AGENT,9:17:44,9:22:26,282,ROTH
AA0105,45071,0,0,PS,990901,9:28:16,9:28:32,16,0:00:00,0:00:00,0,AGENT,9:28:31,9:29:42,71,NAAMA
AA0105,45072,0,0,PS,990901,9:38:17,9:38:29,12,0:00:00,0:00:00,0,AGENT,9:38:28,9:41:21,173,BASCH
AA0105,45073,0,0,PS,990901,9:46:02,9:46:12,10,0:00:00,0:00:00,0,AGENT,9:46:12,9:47:00,48,DORIT
AA0105,45074,11050135,1,PS,990901,9:56:16,9:56:22,6,9:56:22,9:57:12,50,AGENT,9:57:11,9:57:33,22,SHARON
AA0105,45075,0,0,PS,990901,10:08:18,10:08:27,9,0:00:00,0:00:00,0,AGENT,10:08:26,10:10:20,114,SHARON
AA0105,45076,0,0,PS,990901,10:17:43,10:17:53,10,0:00:00,0:00:00,0,AGENT,10:17:52,10:18:45,53,ZOHARI
AA0105,45077,0,0,NE,990901,10:27:35,10:27:46,11,0:00:00,0:00:00,0,AGENT,10:27:45,10:31:37,232,ELI
AA0105,45078,58704610,2,PS,990901,10:37:50,10:37:55,5,10:37:55,10:38:33,38,AGENT,10:38:32,10:44:32,360,AVNI
AA0105,45079,0,0,PS,990901,10:51:20,10:51:32,12,0:00:00,0:00:00,0,AGENT,10:51:31,10:53:33,122,DORIT
AA0105,45080,0,0,PS,990901,11:02:53,11:03:01,8,0:00:00,0:00:00,0,AGENT,11:03:00,11:05:00,120,ROTH
AA0105,45081,0,0,NW,990901,11:13:47,11:13:56,9,11:13:56,11:16:31,155,HANG,0:00:00,0:00:00,0,NO_SERVER
AA0105,45082,0,0,NW,990901,11:26:59,11:27:08,9,11:27:08,11:27:10,2,HANG,0:00:00,0:00:00,0,NO_SERVER
AA0105,45083,0,0,PS,990901,11:41:44,11:41:53,9,0:00:00,0:00:00,0,AGENT,11:41:52,11:43:03,71,DORIT
AA0105,45084,0,0,PS,990901,11:54:40,11:54:52,12,0:00:00,0:00:00,0,AGENT,11:54:51,11:57:18,147,NAAMA
AA0105,45085,23383607,2,PS,990901,12:05:27,12:05:32,5,12:05:32,12:06:26,54,AGENT,12:06:26,12:07:34,68,NAAMA
AA0105,45086,0,0,PS,990901,12:19:37,12:19:46,9,0:00:00,0:00:00,0,AGENT,12:19:44,12:21:04,80,ROTH
AA0105,45087,0,0,PS,990901,12:33:22,12:33:32,10,0:00:00,0:00:00,0,AGENT,12:33:31,12:34:48,77,DORIT
AA0105,45088,0,0,PS,990901,12:48:26,12:48:37,11,0:00:00,0:00:00,0,AGENT,12:48:37,12:50:11,94,DORIT
AA0105,45089,0,0,PS,990901,12:58:11,12:58:22,11,0:00:00,0:00:00,0,AGENT,12:58:22,13:02:25,243,AVNI
AA0105,45090,0,0,PS,990901,13:13:40,13:13:50,10,0:00:00,0:00:00,0,AGENT,13:13:49,13:19:06,317,SHARON
AA0105,45091,0,0,NE,990901,13:30:58,13:31:08,10,0:00:00,0:00:00,0,AGENT,13:31:07,13:32:12,65,SHARON
AA0105,45092,0,0,PS,990901,13:43:47,13:43:56,9,0:00:00,0:00:00,0,AGENT,13:43:55,13:45:54,119,DORIT
AA0105,45093,0,0,PS,990901,13:56:42,13:56:51,9,0:00:00,0:00:00,0,AGENT,13:56:50,14:00:37,227,ROTH
AA0105,45094,0,0,PS,990901,14:07:11,14:07:29,18,0:00:00,0:00:00,0,AGENT,14:07:29,14:08:20,51,BENSION
AA0105,45095,0,0,PS,990901,14:22:43,14:22:52,9,0:00:00,0:00:00,0,AGENT,14:22:51,14:27:41,290,AVNI
AA0105,45096,0,0,PS,990901,14:33:39,14:33:50,11,0:00:00,0:00:00,0,AGENT,14:33:48,14:37:49,241,ZOHARI
AA0105,45097,0,0,PS,990901,14:42:07,14:42:20,13,0:00:00,0:00:00,0,AGENT,14:42:19,14:43:14,55,BENSION
AA0105,45098,0,0,NE,990901,14:55:21,14:55:35,14,0:00:00,0:00:00,0,AGENT,14:55:35,15:06:49,674,STEREN
AA0105,45099,33249988,1,PS,990901,15:07:27,15:07:32,5,15:07:32,15:07:40,8,AGENT,15:07:39,15:11:39,240,AVNI
AA0105,45100,0,0,NW,990901,15:18:17,15:18:26,9,15:18:26,15:21:18,172,HANG,0:00:00,0:00:00,0,NO_SERVER
AA0105,45101,13000567,2,PS,990901,15:31:08,15:31:14,6,15:31:14,15:32:39,85,AGENT,15:32:38,15:36:20,222,TOVA
AA0105,45102,0,0,PS,990901,15:41:37,15:41:45,8,0:00:00,0:00:00,0,AGENT,15:41:45,15:42:59,74,MORIAH
AA0105,45103,41546904,2,NE,990901,15:52:58,15:53:03,5,15:53:03,15:53:16,13,AGENT,15:53:14,16:00:01,407,TOVA
AA0105,45104,0,0,PS,990901,16:09:39,16:09:48,9,0:00:00,0:00:00,0,AGENT,16:09:48,16:11:03,75,AVI
AA0105,45105,0,0,NE,990901,16:26:13,16:27:16,63,0:00:00,0:00:00,0,AGENT,16:27:15,16:30:50,215,MORIAH
AA0105,45106,6692800,2,PS,990901,16:47:07,16:47:14,7,16:47:14,16:47:27,13,AGENT,16:47:25,16:48:43,78,BENSION
AA0105,45107,0,0,PS,990901,16:58:07,16:58:20,13,0:00:00,0:00:00,0,AGENT,16:58:19,17:03:18,299,BENSION
AA0105,45108,41543000,2,PS,990901,17:12:20,17:12:32,12,17:12:32,17:12:46,14,AGENT,17:12:31,17:12:46,15,AVI
AA0105,45109,0,0,PS,990901,17:33:19,17:33:28,9,0:00:00,0:00:00,0,AGENT,17:33:27,17:36:40,193,AVI
AA0105,45110,0,0,PS,990901,17:48:27,17:48:37,10,0:00:00,0:00:00,0,AGENT,17:48:36,17:49:39,63,VICKY
AA0105,45111,0,0,PS,990901,18:08:20,18:08:32,12,0:00:00,0:00:00,0,AGENT,18:08:31,18:08:33,2,ANAT
AA0105,45112,0,0,PS,990901,18:23:42,18:24:04,22,0:00:00,0:00:00,0,AGENT,18:24:03,18:26:49,166,ANAT
AA0105,45113,0,0,PS,990901,18:45:00,18:45:11,11,0:00:00,0:00:00,0,AGENT,18:45:11,18:46:27,76,BENSION
AA0105,45114,0,0,NW,990901,19:06:21,19:06:36,15,0:00:00,0:00:00,0,AGENT,19:06:34,19:07:14,40,VICKY
AA0105,45115,0,0,PS,990901,19:33:54,19:34:06,12,0:00:00,0:00:00,0,AGENT,19:34:05,19:34:06,1,BENSION
AA0105,45116,5445853,1,PS,990901,19:52:30,19:52:43,13,19:52:43,19:53:05,22,AGENT,19:52:43,19:56:25,222,MEIR
AA0105,45117,0,0,NE,990901,20:15:45,20:15:57,12,0:00:00,0:00:00,0,AGENT,20:15:56,20:18:48,172,VICKY
AA0105,45118,75560649,2,PS,990901,20:30:09,20:30:15,6,20:30:15,20:30:29,14,AGENT,20:30:28,20:31:40,72,AVI
AA0105,45119,0,0,PS,990901,20:46:54,20:47:04,10,0:00:00,0:00:00,0,AGENT,20:47:04,20:47:06,2,TOVA
AA0105,45120,3852118,1,PS,990901,20:58:31,20:58:37,6,20:58:37,21:01:11,154,AGENT,21:01:10,21:03:14,124,BENSION
AA0105,45121,0,0,PS,990901,21:19:21,21:19:31,10,0:00:00,0:00:00,0,AGENT,21:19:30,21:21:22,112,VICKY
AA0105,45122,0,0,PS,990901,21:42:20,21:42:34,14,0:00:00,0:00:00,0,AGENT,21:42:33,21:43:44,71,MEIR
AA0105,45123,28636975,1,PS,990901,21:59:47,21:59:53,6,21:59:53,22:01:02,69,AGENT,22:00:19,22:02:20,121,AVI
AA0105,45124,0,0,NW,990901,22:15:28,22:16:05,37,0:00:00,0:00:00,0,HANG,0:00:00,0:00:00,0,NO_SERVER
AA0105,45125,27885011,2,PS,990901,22:35:30,22:35:36,6,22:35:36,22:35:51,15,AGENT,22:35:50,22:36:39,49,AVI
AA0105,45126,52631397,1,PS,990901,22:54:03,22:54:08,5,22:54:08,22:54:33,25,AGENT,22:54:32,22:56:18,106,DARMON
AA0105,45127,59630624,1,NE,990901,23:20:57,23:21:02,5,23:21:02,23:22:00,58,AGENT,23:21:58,23:23:28,90,AVI
AA0105,45128,0,0,PS,990901,23:45:55,23:46:04,9,0:00:00,0:00:00,0,AGENT,23:46:03,23:46:46,43,VICKY
AA0105,45129,0,0,PS,990902,7:25:53,7:26:02,9,0:00:00,0:00:00,0,AGENT,7:26:02,7:26:05,3,MORIAH
AA0105,45130,0,0,PS,990902,7:53:17,7:53:34,17,0:00:00,0:00:00,0,AGENT,7:53:33,7:54:32,59,ANAT
AA0105,45131,0,0,PS,990902,8:18:23,8:18:34,11,0:00:00,0:00:00,0,AGENT,8:18:33,8:18:36,3,TOVA
AA0105,45132,0,0,NW,990902,8:30:49,8:31:02,13,0:00:00,0:00:00,0,AGENT,8:31:01,8:32:11,70,STEREN
AA0105,45133,11221934,2,PS,990902,8:41:56,8:42:02,6,8:42:02,8:43:29,87,AGENT,8:43:29,8:43:32,3,TOVA
AA0105,45134,15189558,2,PS,990902,8:50:59,8:51:05,6,8:51:05,8:54:12,187,AGENT,8:54:12,8:59:34,322,STEREN
AA0105,45135,0,0,PS,990902,9:01:33,9:01:46,13,0:00:00,0:00:00,0,AGENT,9:01:45,9:02:49,64,ANAT
AA0105,45136,32389629,2,PS,990902,9:13:38,9:13:44,6,9:13:44,9:14:06,22,AGENT,9:14:05,9:17:09,184,TOVA
AA0105,45137,0,0,PS,990902,9:28:13,9:28:31,18,0:00:00,0:00:00,0,AGENT,9:28:30,9:29:21,51,TOVA
AA0105,45138,22944698,2,PS,990902,9:39:27,9:39:33,6,9:39:33,9:39:45,12,AGENT,9:39:43,9:41:25,102,TOVA
AA0105,45139,59822551,1,PS,990902,9:46:43,9:46:49,6,9:46:49,9:48:14,85,HANG,0:00:00,0:00:00,0,NO_SERVER
AA0105,45140,0,0,PS,990902,9:57:12,9:57:20,8,0:00:00,0:00:00,0,AGENT,9:57:19,9:59:29,130,TOVA
AA0105,45141,0,0,NW,990902,10:05:02,10:05:11,9,10:05:11,10:07:13,122,HANG,0:00:00,0:00:00,0,NO_SERVER
AA0105,45142,0,0,NW,990902,10:13:17,10:13:26,9,10:13:26,10:19:56,390,AGENT,10:19:55,10:22:33,158,MORIAH
AA0105,45143,52867744,2,PS,990902,10:23:53,10:23:58,5,10:23:58,10:25:11,73,AGENT,10:25:10,10:30:05,295,TOVA
AA0105,45144,16686354,2,NE,990902,10:29:36,10:29:41,5,10:29:41,10:31:56,135,AGENT,10:31:55,10:32:42,47,TOVA
AA0105,45145,57831349,2,NE,990902,10:36:41,10:36:46,5,10:36:46,10:41:10,264,AGENT,10:41:09,10:43:29,140,ROTH
AA0105,45146,54665682,2,PS,990902,10:43:56,10:44:01,5,10:44:01,10:47:28,207,AGENT,10:47:27,10:50:34,187,ZOHARI
AA0105,45147,0,0,NW,990902,10:52:38,10:52:47,9,10:52:47,10:56:24,217,AGENT,10:56:23,10:59:10,167,MORIAH
AA0105,45148,64185333,2,PS,990902,11:03:19,11:03:24,5,11:03:24,11:05:04,100,AGENT,11:05:02,11:07:11,129,ZOHARI
AA0105,45149,34471920,1,PS,990902,11:10:15,11:10:20,5,11:10:20,11:11:35,75,HANG,0:00:00,0:00:00,0,NO_SERVER
AA0105,45150,54301114,1,PS,990902,11:15:02,11:15:08,6,11:15:08,11:16:09,61,HANG,0:00:00,0:00:00,0,NO_SERVER
AA0105,45151,0,0,NW,990902,11:21:54,11:22:03,9,11:22:03,11:26:45,282,AGENT,11:26:43,11:26:51,8,MORIAH
AA0105,45152,57195273,1,PS,990902,11:29:18,11:29:23,5,11:29:23,11:34:26,303,AGENT,11:34:26,11:36:54,148,TOVA
AA0105,45153,5244884,2,PS,990902,11:41:50,11:41:56,6,11:41:56,11:42:04,8,AGENT,11:42:03,11:44:03,120,STEREN
AA0105,45154,67946459,1,PS,990902,11:47:34,11:47:39,5,11:47:39,11:49:19,100,AGENT,11:49:18,11:51:34,136,DARMON
AA0105,45155,55371850,2,PS,990902,11:57:02,11:57:07,5,11:57:07,11:57:15,8,AGENT,11:57:14,12:02:45,331,MORIAH
AA0105,45156,0,0,NW,990902,12:08:34,12:08:43,9,12:08:43,12:10:45,122,HANG,0:00:00,0:00:00,0,NO_SERVER
AA0105,45157,0,0,NE,990902,12:19:49,12:20:02,13,0:00:00,0:00:00,0,AGENT,12:20:01,12:21:06,65,TOVA
AA0105,45158,0,0,PS,990902,12:29:26,12:29:35,9,0:00:00,0:00:00,0,AGENT,12:29:34,12:30:37,63,ROTH
AA0105,45159,0,0,PS,990902,12:42:16,12:42:26,10,0:00:00,0:00:00,0,AGENT,12:42:26,12:44:42,136,ZOHARI
AA0105,45160,38886883,1,PS,990902,12:46:49,12:46:55,6,12:46:55,12:47:05,10,AGENT,12:47:04,12:50:09,185,TOVA
AA0105,45161,0,0,PS,990902,12:58:15,12:58:26,11,0:00:00,0:00:00,0,AGENT,12:58:26,13:06:42,496,TOVA
AA0105,45162,0,0,PS,990902,13:07:12,13:07:21,9,0:00:00,0:00:00,0,AGENT,13:07:20,13:10:59,219,ROTH
AA0105,45163,0,0,NW,990902,13:17:32,13:17:41,9,13:17:41,13:18:50,69,HANG,0:00:00,0:00:00,0,NO_SERVER
AA0105,45164,0,0,PS,990902,13:27:01,13:27:09,8,0:00:00,0:00:00,0,AGENT,13:27:08,13:30:55,227,YIFAT
AA0105,45165,0,0,PS,990902,13:38:59,13:39:08,9,0:00:00,0:00:00,0,AGENT,13:39:07,13:40:10,63,KAZAV
AA0105,45166,0,0,PS,990902,13:55:49,13:55:58,9,0:00:00,0:00:00,0,AGENT,13:55:57,13:56:50,53,ROTH
AA0105,45167,10858884,2,NE,990902,14:02:47,14:02:52,5,14:02:52,14:05:21,149,AGENT,14:05:21,14:06:17,56,STEREN
AA0105,45168,30663462,2,PS,990902,14:13:31,14:13:37,6,14:13:37,14:14:32,55,AGENT,14:14:31,14:21:53,442,KAZAV
AA0105,45169,0,0,NW,990902,14:24:35,14:24:45,10,14:24:45,14:29:46,301,HANG,0:00:00,0:00:00,0,NO_SERVER
AA0105,45170,58704610,2,PS,990902,14:36:56,14:37:02,6,14:37:02,14:38:17,75,AGENT,14:38:16,14:40:49,153,ROTH
AA0105,45171,0,0,NW,990902,14:47:01,14:47:10,9,14:47:10,14:48:55,105,AGENT,14:48:54,14:49:43,49,ROTH
AA0105,45172,25177403,2,PS,990902,14:59:06,14:59:12,6,14:59:12,15:01:55,163,AGENT,15:01:55,15:03:11,76,KAZAV
AA0105,45173,24265456,2,PS,990902,15:08:34,15:08:40,6,15:08:40,15:14:13,333,AGENT,15:14:11,15:14:52,41,AVI
AA0105,45174,0,0,NW,990902,15:23:55,15:24:05,10,15:24:05,15:24:40,35,HANG,0:00:00,0:00:00,0,NO_SERVER
AA0105,45175,27901198,2,PS,990902,15:34:46,15:34:52,6,15:34:52,15:38:05,193,AGENT,15:38:03,15:44:43,400,KAZAV
AA0105,45176,55921597,1,NE,990902,15:45:07,15:45:13,6,15:45:13,15:49:09,236,AGENT,15:49:08,15:49:34,26,KAZAV
AA0105,45177,314222316,1,PS,990902,15:58:53,15:58:59,6,15:58:59,15:59:57,58,AGENT,15:59:56,16:03:14,198,VICKY
AA0105,45178,0,0,NW,990902,16:06:04,16:06:14,10,16:06:14,16:08:19,125,HANG,0:00:00,0:00:00,0,NO_SERVER
AA0105,45179,32814030,1,PS,990902,16:14:18,16:14:24,6,16:14:24,16:21:10,406,HANG,0:00:00,0:00:00,0,NO_SERVER
AA0105,45180,0,0,NW,990902,16:26:21,16:26:30,9,16:26:30,16:27:21,51,HANG,0:00:00,0:00:00,0,NO_SERVER
AA0105,45181,0,0,NW,990902,16:32:31,16:32:40,9,16:32:40,16:34:55,135,AGENT,16:34:55,16:36:08,73,BASCH
AA0105,45182,0,0,NW,990902,16:43:46,16:43:56,10,16:43:56,16:44:59,63,AGENT,16:44:58,16:46:18,80,PINHAS
AA0105,45183,0,0,NW,990902,16:54:36,16:54:46,10,16:54:46,16:58:46,240,AGENT,16:58:45,17:01:55,190,BASCH
AA0105,45184,29474020,2,PS,990902,17:08:55,17:09:01,6,17:09:01,17:09:46,45,AGENT,17:09:45,17:11:04,79,DARMON
AA0105,45185,0,0,NW,990902,17:18:38,17:18:48,10,17:18:48,17:19:24,36,HANG,0:00:00,0:00:00,0,NO_SERVER
AA0105,45186,0,0,NW,990902,17:25:59,17:26:09,10,17:26:09,17:27:41,92,HANG,0:00:00,0:00:00,0,NO_SERVER
AA0105,45187,57718637,1,PS,990902,17:38:32,17:38:37,5,17:38:37,17:41:12,155,AGENT,17:41:11,17:43:23,132,BASCH
AA0105,45188,0,0,NW,990902,17:56:09,17:56:19,10,17:56:19,17:56:47,28,AGENT,17:56:46,17:57:17,31,VICKY
AA0105,45189,0,0,NW,990902,18:02:55,18:03:04,9,18:03:04,18:04:38,94,HANG,0:00:00,0:00:00,0,NO_SERVER
AA0105,45190,0,0,NW,990902,18:16:32,18:16:52,20,0:00:00,0:00:00,0,AGENT,18:16:51,18:18:41,110,MEIR
AA0105,45191,0,0,NW,990902,18:42:47,18:42:56,9,0:00:00,0:00:00,0,HANG,0:00:00,0:00:00,0,NO_SERVER
AA0105,45192,32456329,1,PS,990902,18:51:07,18:51:12,5,18:51:12,18:53:12,120,AGENT,18:53:10,18:54:43,93,MEIR
AA0105,45193,306278797,1,PS,990902,18:59:04,18:59:09,5,18:59:09,19:00:18,69,HANG,0:00:00,0:00:00,0,NO_SERVER
AA0105,45194,54120605,1,PS,990902,19:11:03,19:11:08,5,19:11:08,19:11:34,26,AGENT,19:11:33,19:12:23,50,YITZ
AA0105,45195,0,0,PS,990902,19:27:08,19:27:18,10,0:00:00,0:00:00,0,AGENT,19:27:17,19:31:39,262,VICKY
AA0105,45196,12292785,1,PS,990902,19:55:42,19:55:48,6,19:55:48,19:55:58,10,AGENT,19:55:57,20:34:44,2327,AVI
AA0105,45197,0,0,PS,990902,20:13:14,20:13:24,10,0:00:00,0:00:00,0,AGENT,20:13:22,20:14:51,89,VICKY
AA0105,45198,29518289,2,PS,990902,20:35:58,20:36:04,6,20:36:04,20:39:40,216,AGENT,20:39:39,20:41:03,84,AVI
AA0105,45199,34168948,1,PS,990902,20:47:57,20:48:03,6,20:48:03,20:49:26,83,AGENT,20:49:25,20:51:07,102,AVI
AA0105,45200,0,0,PS,990902,21:12:06,21:12:19,13,0:00:00,0:00:00,0,AGENT,21:12:18,21:16:32,254,BASCH
AA0105,45201,0,0,NW,990902,21:38:07,21:38:16,9,21:38:16,21:38:18,2,HANG,0:00:00,0:00:00,0,NO_SERVER
AA0105,45202,0,0,NE,990902,22:15:13,22:15:23,10,0:00:00,0:00:00,0,AGENT,22:15:22,22:16:43,81,AVI
AA0105,45203,0,0,PS,990902,22:50:27,22:50:42,15,0:00:00,0:00:00,0,AGENT,22:50:42,22:51:26,44,VICKY
AA0105,45204,0,0,PS,990902,23:16:24,23:16:33,9,0:00:00,0:00:00,0,AGENT,23:16:33,23:17:24,51,AVI
AA0105,45205,32274987,1,PS,990902,23:34:34,23:34:40,6,23:34:40,23:35:12,32,HANG,23:35:12,23:35:24,12,NO_SERVER
AA0105,45207,0,0,PS,990903,1:17:05,1:17:05,0,0:00:00,0:00:00,0,HANG,0:00:00,0:00:00,0,NO_SERVER
AA0105,45208,0,0,NW,990903,7:03:26,7:03:40,14,0:00:00,0:00:00,0,AGENT,7:03:39,7:04:18,39,STEREN
AA0105,45210,0,0,PS,990903,7:04:42,7:04:42,0,0:00:00,0:00:00,0,HANG,0:00:00,0:00:00,0,NO_SERVER
AA0105,45211,0,0,NW,990903,8:10:14,8:10:32,18,0:00:00,0:00:00,0,AGENT,8:10:31,8:12:08,97,ZOHARI
AA0105,45212,0,0,PS,990903,8:18:42,8:18:50,8,0:00:00,0:00:00,0,AGENT,8:18:50,8:19:00,10,MORIAH
AA0105,45213,0,0,PS,990903,8:34:29,8:34:38,9,0:00:00,0:00:00,0,AGENT,8:34:37,8:36:48,131,ZOHARI
AA0105,45214,0,0,NW,990903,8:45:30,8:45:45,15,0:00:00,0:00:00,0,AGENT,8:45:44,8:47:54,130,ZOHARI
AA0105,45215,23770522,1,PS,990903,8:52:33,8:52:39,6,8:52:39,8:54:42,123,AGENT,8:54:41,8:56:52,131,ROTH
AA0105,45216,56632698,1,PS,990903,9:01:55,9:02:00,5,9:02:00,9:02:35,35,AGENT,9:02:34,9:03:38,64,ROTH
AA0105,45217,0,0,PS,990903,9:17:49,9:17:58,9,0:00:00,0:00:00,0,AGENT,9:17:57,9:20:22,145,ZOHARI
AA0105,45218,12734174,2,PS,990903,9:25:36,9:25:43,7,9:25:43,9:26:39,56,AGENT,9:26:38,9:32:54,376,BASCH
AA0105,45219,0,0,PS,990903,9:39:55,9:40:06,11,0:00:00,0:00:00,0,AGENT,9:40:05,9:40:52,47,NO_SERVER
AA0105,45220,0,0,NW,990903,9:52:42,9:52:51,9,9:52:51,9:54:03,72,AGENT,9:54:01,9:57:20,199,STEREN
AA0105,45221,23500168,2,PS,990903,10:02:13,10:02:19,6,10:02:19,10:02:44,25,AGENT,10:02:42,10:04:06,84,ROTH
AA0105,45222,0,0,PS,990903,10:14:39,10:14:47,8,0:00:00,0:00:00,0,AGENT,10:14:47,10:17:36,169,MORIAH
AA0105,45223,17716341,1,PS,990903,10:27:31,10:27:37,6,10:27:37,10:30:10,153,AGENT,10:30:09,10:30:11,2,MORIAH
AA0105,45224,54583281,1,PS,990903,10:35:20,10:35:25,5,10:35:25,10:40:22,297,AGENT,10:40:20,10:45:57,337,STEREN
AA0105,45225,0,0,PS,990903,10:46:53,10:47:02,9,0:00:00,0:00:00,0,AGENT,10:47:01,10:48:29,88,ZOHARI
AA0105,45226,22944698,2,PS,990903,10:59:04,10:59:10,6,10:59:10,11:00:09,59,AGENT,11:00:08,11:03:56,228,ELI
AA0105,45227,25381401,1,PS,990903,11:16:53,11:16:58,5,11:16:58,11:17:57,59,HANG,0:00:00,0:00:00,0,NO_SERVER
AA0105,45228,0,0,PS,990903,11:29:18,11:29:35,17,0:00:00,0:00:00,0,AGENT,11:29:34,11:31:12,98,BENSION
AA0105,45229,0,0,PS,990903,11:45:56,11:46:05,9,0:00:00,0:00:00,0,AGENT,11:46:04,11:46:50,46,ROTH
AA0105,45230,23672215,2,PS,990903,12:03:08,12:03:13,5,12:03:13,12:04:01,48,AGENT,12:04:00,12:04:07,7,BENSION
AA0105,45231,0,0,NE,990903,12:21:12,12:21:21,9,0:00:00,0:00:00,0,AGENT,12:21:20,12:26:04,284,STEREN
AA0105,45232,0,0,PS,990903,12:34:41,12:34:53,12,0:00:00,0:00:00,0,AGENT,12:34:52,12:36:36,104,ZOHARI
AA0105,45233,0,0,PS,990903,12:55:31,12:55:39,8,0:00:00,0:00:00,0,AGENT,12:55:38,12:58:10,152,ROTH
AA0105,45234,0,0,PS,990903,13:15:06,13:15:17,11,0:00:00,0:00:00,0,AGENT,13:15:16,13:15:32,16,ZOHARI
AA0105,45235,0,0,NW,990903,13:37:41,13:38:00,19,0:00:00,0:00:00,0,AGENT,13:37:59,13:39:50,111,MORIAH
AA0105,45237,0,0,PS,990903,14:10:55,14:10:55,0,0:00:00,0:00:00,0,HANG,0:00:00,0:00:00,0,NO_SERVER
AA0105,45238,0,0,NW,990903,14:44:22,14:44:59,37,0:00:00,0:00:00,0,HANG,0:00:00,0:00:00,0,NO_SERVER
AA0105,45239,0,0,NW,990903,15:45:06,15:45:43,37,0:00:00,0:00:00,0,HANG,0:00:00,0:00:00,0,NO_SERVER
AA0105,45240,0,0,PS,990903,17:08:01,17:08:15,14,0:00:00,0:00:00,0,HANG,0:00:00,0:00:00,0,NO_SERVER
AA0105,45241,0,0,NW,990904,8:45:10,8:45:39,29,0:00:00,0:00:00,0,HANG,0:00:00,0:00:00,0,NO_SERVER
AA0105,45243,0,0,PS,990904,19:26:50,19:26:50,0,0:00:00,0:00:00,0,HANG,0:00:00,0:00:00,0,NO_SERVER
AA0105,45244,0,0,PS,990904,19:58:56,19:59:09,13,0:00:00,0:00:00,0,HANG,0:00:00,0:00:00,0,NO_SERVER
AA0105,45245,34165332,1,PS,990904,20:18:43,20:18:49,6,20:18:49,20:20:56,127,AGENT,20:20:56,20:20:58,2,SHARON
AA0105,45246,0,0,NW,990904,20:31:32,20:31:41,9,20:31:41,20:32:56,75,AGENT,20:32:55,20:34:32,97,BASCH
AA0105,45247,0,0,PS,990904,20:45:50,20:46:03,13,0:00:00,0:00:00,0,AGENT,20:46:02,20:47:10,68,MORIAH
AA0105,45248,0,0,NW,990904,21:08:41,21:08:59,18,0:00:00,0:00:00,0,AGENT,21:08:58,21:09:42,44,MORIAH
AA0105,45249,0,0,PS,990904,21:41:22,21:41:34,12,0:00:00,0:00:00,0,AGENT,21:41:34,21:43:12,98,BASCH
AA0105,45250,0,0,PS,990904,22:07:10,22:07:20,10,0:00:00,0:00:00,0,AGENT,22:07:19,22:10:32,193,BASCH
AA0105,45251,0,0,PS,990904,22:37:55,22:38:07,12,0:00:00,0:00:00,0,AGENT,22:38:06,22:39:10,64,BASCH
AA0105,45252,0,0,PS,990904,23:11:24,23:11:34,10,0:00:00,0:00:00,0,AGENT,23:11:33,23:13:26,113,SHARON
AA0105,45253,0,0,NW,990905,0:25:59,0:26:37,38,0:00:00,0:00:00,0,HANG,0:00:00,0:00:00,0,NO_SERVER
AA0105,45254,54539366,1,PS,990905,7:10:24,7:10:30,6,7:10:30,7:11:30,60,AGENT,7:11:30,7:15:49,259,DORIT
AA0105,45255,53541983,2,PS,990905,7:29:14,7:29:20,6,7:29:20,7:30:11,51,AGENT,7:30:10,7:31:43,93,YIFAT
AA0105,45256,24617300,1,PS,990905,7:49:52,7:49:58,6,7:49:58,7:50:16,18,AGENT,7:50:14,7:50:56,42,ANAT
AA0105,45257,0,0,NW,990905,8:13:41,8:14:00,19,0:00:00,0:00:00,0,AGENT,8:13:58,8:16:01,123,ZOHARI
AA0105,45258,0,0,PS,990905,8:24:32,8:24:42,10,0:00:00,0:00:00,0,AGENT,8:24:41,8:30:17,336,ROTH
AA0105,45259,0,0,PS,990905,8:37:24,8:37:39,15,0:00:00,0:00:00,0,AGENT,8:37:39,8:40:19,160,ANAT
AA0105,45260,0,0,PS,990905,8:50:36,8:50:47,11,0:00:00,0:00:00,0,AGENT,8:50:45,8:52:28,103,ZOHARI
AA0105,45261,0,0,PS,990905,9:02:47,9:02:57,10,0:00:00,0:00:00,0,AGENT,9:02:56,9:04:16,80,ROTH
AA0105,45262,0,0,PS,990905,9:14:22,9:14:34,12,0:00:00,0:00:00,0,AGENT,9:14:32,9:16:54,142,ZOHARI
AA0105,45263,0,0,NW,990905,9:23:29,9:23:41,12,0:00:00,0:00:00,0,AGENT,9:23:41,9:26:56,195,ROTH
AA0105,45264,50171966,1,PS,990905,9:30:55,9:31:01,6,9:31:01,9:32:10,69,AGENT,9:32:09,9:34:53,164,STEREN
AA0105,45265,41543000,2,PS,990905,9:39:43,9:39:49,6,9:39:49,9:41:34,105,AGENT,9:41:33,9:43:23,110,ROTH
AA0105,45266,67416107,2,NE,990905,9:50:38,9:50:44,6,9:50:44,9:50:54,10,AGENT,9:50:54,9:53:00,126,STEREN
AA0105,45267,28854305,1,PS,990905,9:56:38,9:56:44,6,9:56:44,9:57:53,69,AGENT,9:57:51,9:58:31,40,ZOHARI
AA0105,45268,58704610,2,PS,990905,10:05:37,10:05:42,5,10:05:42,10:07:09,87,AGENT,10:07:08,10:08:39,91,STEREN
AA0105,45270,0,0,PS,990905,10:14:37,10:14:37,0,0:00:00,0:00:00,0,HANG,0:00:00,0:00:00,0,NO_SERVER
AA0105,45271,71520779,1,PS,990905,10:21:07,10:21:12,5,10:21:12,10:22:01,49,AGENT,10:22:00,10:23:12,72,ANAT
AA0105,45272,0,0,NW,990905,10:26:48,10:26:57,9,10:26:57,10:27:11,14,HANG,0:00:00,0:00:00,0,NO_SERVER
AA0105,45273,27901198,2,PS,990905,10:32:42,10:32:47,5,10:32:47,10:33:50,63,AGENT,10:33:49,10:37:59,250,NAAMA
AA0105,45274,24283707,1,PS,990905,10:39:24,10:39:30,6,10:39:30,10:42:27,177,HANG,0:00:00,0:00:00,0,NO_SERVER
AA0105,45275,67416107,2,NE,990905,10:44:56,10:45:01,5,10:45:01,10:48:17,196,AGENT,10:48:15,10:49:26,71,ROTH
AA0105,45276,58428335,1,PS,990905,10:52:53,10:52:58,5,10:52:58,10:53:08,10,HANG,0:00:00,0:00:00,0,NO_SERVER
AA0105,45277,56765985,2,PS,990905,10:57:50,10:57:55,5,10:57:55,10:59:47,112,HANG,0:00:00,0:00:00,0,NO_SERVER
AA0105,45278,22874192,2,PS,990905,11:04:25,11:04:30,5,11:04:30,11:07:22,172,AGENT,11:07:22,11:09:27,125,NAAMA
AA0105,45279,29647617,1,PS,990905,11:11:43,11:11:48,5,11:11:48,11:12:52,64,AGENT,11:12:51,11:13:53,62,NAAMA
AA0105,45280,57074585,2,PS,990905,11:20:28,11:20:33,5,11:20:33,11:20:58,25,AGENT,11:20:58,11:23:06,128,AVI
AA0105,45281,0,0,PS,990905,11:29:58,11:30:09,11,0:00:00,0:00:00,0,AGENT,11:30:08,11:35:00,292,ZOHARI
AA0105,45282,6692800,2,PS,990905,11:37:56,11:38:01,5,11:38:01,11:38:28,27,AGENT,11:38:27,11:40:05,98,AVI
AA0105,45283,50653195,2,PS,990905,11:47:19,11:47:25,6,11:47:25,11:50:15,170,AGENT,11:50:14,11:51:20,66,ROTH
AA0105,45284,0,0,PS,990905,11:59:57,12:00:07,10,0:00:00,0:00:00,0,AGENT,12:00:06,12:01:44,98,ANAT
AA0105,45285,74780917,2,NE,990905,12:07:16,12:07:21,5,12:07:21,12:07:36,15,AGENT,12:07:34,12:12:32,298,AVI
AA0105,45286,30663462,2,PS,990905,12:16:43,12:16:49,6,12:16:49,12:18:49,120,AGENT,12:18:48,12:21:33,165,ANAT
AA0105,45287,0,0,PS,990905,12:30:20,12:30:32,12,0:00:00,0:00:00,0,AGENT,12:30:31,12:51:03,1232,DORIT
AA0105,45288,0,0,PS,990905,12:39:16,12:39:25,9,0:00:00,0:00:00,0,AGENT,12:39:24,12:41:31,127,STEREN
AA0105,45289,0,0,PS,990905,12:50:24,12:50:33,9,0:00:00,0:00:00,0,AGENT,12:50:32,12:51:51,79,ROTH
AA0105,45290,32426736,1,PS,990905,13:00:56,13:01:01,5,13:01:01,13:02:17,76,AGENT,13:02:16,13:04:48,152,ROTH
AA0105,45291,38378667,1,PS,990905,13:11:55,13:12:01,6,13:12:01,13:14:07,126,AGENT,13:14:05,13:15:59,114,TOVA
AA0105,45292,0,0,PS,990905,13:22:00,13:22:10,10,0:00:00,0:00:00,0,AGENT,13:22:08,13:25:51,223,STEREN
AA0105,45293,29689387,1,PS,990905,13:31:38,13:31:44,6,13:31:44,13:32:22,38,AGENT,13:32:20,13:34:09,109,ROTH
AA0105,45294,0,0,NE,990905,13:50:23,13:50:34,11,0:00:00,0:00:00,0,AGENT,13:50:34,13:55:27,293,ELI
AA0105,45295,55920755,2,PS,990905,13:57:38,13:57:44,6,13:57:44,14:00:11,147,AGENT,14:00:10,14:02:07,117,STEREN
AA0105,45296,0,0,PS,990905,14:10:14,14:10:25,11,0:00:00,0:00:00,0,AGENT,14:10:24,14:11:45,81,AVI
AA0105,45297,306485608,2,PS,990905,14:19:38,14:19:44,6,14:19:44,14:20:11,27,AGENT,14:20:10,14:21:27,77,TOVA
AA0105,45298,52867744,2,PS,990905,14:25:18,14:25:24,6,14:25:24,14:27:14,110,AGENT,14:27:13,14:28:29,76,MORIAH
AA0105,45299,38552279,2,PS,990905,14:36:32,14:36:37,5,14:36:37,14:37:16,39,AGENT,14:37:16,14:38:15,59,YIFAT
AA0105,45300,8073371,2,PS,990905,14:46:15,14:46:20,5,14:46:20,14:50:53,273,AGENT,14:50:52,14:53:18,146,TOVA
AA0105,45301,22874192,2,PS,990905,14:54:42,14:54:48,6,14:54:48,14:59:51,303,AGENT,14:59:50,14:59:52,2,MORIAH
AA0105,45302,54665682,2,PS,990905,15:05:04,15:05:10,6,15:05:10,15:09:09,239,AGENT,15:09:08,15:11:26,138,BASCH
AA0105,45303,3744216,2,PS,990905,15:16:39,15:16:45,6,15:16:45,15:18:11,86,AGENT,15:18:10,15:23:41,331,ROTH
AA0105,45304,0,0,NW,990905,15:24:47,15:24:56,9,15:24:56,15:28:13,197,AGENT,15:28:12,15:29:50,98,MORIAH
AA0105,45305,0,0,NW,990905,15:35:50,15:35:59,9,15:35:59,15:37:12,73,HANG,0:00:00,0:00:00,0,NO_SERVER
AA0105,45306,22066336,1,PS,990905,15:42:56,15:43:02,6,15:43:02,15:46:54,232,AGENT,15:46:54,15:48:09,75,BASCH
AA0105,45307,41147513,2,PS,990905,15:52:27,15:52:33,6,15:52:33,15:52:56,23,AGENT,15:52:55,15:55:38,163,MORIAH
AA0105,45308,57460131,2,PS,990905,15:57:46,15:57:51,5,15:57:51,15:57:55,4,HANG,0:00:00,0:00:00,0,NO_SERVER
AA0105,45309,41543000,2,PS,990905,16:01:10,16:01:15,5,16:01:15,16:07:14,359,AGENT,16:07:14,16:07:16,2,MORIAH
AA0105,45310,0,0,PS,990905,16:10:37,16:15:39,302,0:00:00,0:00:00,0,HANG,0:00:00,0:00:00,0,NO_SERVER
AA0105,45311,0,0,NW,990905,16:25:01,16:25:10,9,16:25:10,16:27:42,152,HANG,0:00:00,0:00:00,0,NO_SERVER
AA0105,45312,0,0,NW,990905,16:34:40,16:34:50,10,16:34:50,16:39:15,265,AGENT,16:39:13,16:45:15,362,VICKY
AA0105,45313,304725393,2,PS,990905,16:50:05,16:50:10,5,16:50:10,16:51:32,82,AGENT,16:51:31,16:54:05,154,MORIAH
AA0105,45314,52375706,2,PS,990905,16:58:05,16:58:11,6,16:58:11,17:00:31,140,AGENT,17:00:31,17:02:50,139,MORIAH
AA0105,45315,67325910,2,PS,990905,17:12:18,17:12:24,6,17:12:24,17:12:45,21,AGENT,17:12:44,17:14:08,84,VICKY
AA0105,45316,0,0,NW,990905,17:24:46,17:24:55,9,17:24:55,17:26:41,106,AGENT,17:26:40,17:27:57,77,PINHAS
AA0105,45317,0,0,NW,990905,17:36:37,17:36:46,9,17:36:46,17:38:34,108,AGENT,17:38:33,17:39:48,75,BASCH
AA0105,45318,0,0,NW,990905,17:48:37,17:48:52,15,0:00:00,0:00:00,0,AGENT,17:48:52,17:49:33,41,BASCH
AA0105,45319,23822679,2,PS,990905,18:07:11,18:07:17,6,18:07:17,18:07:36,19,AGENT,18:07:35,18:10:25,170,VICKY
AA0105,45320,0,0,PS,990905,18:35:50,18:35:59,9,0:00:00,0:00:00,0,AGENT,18:35:58,18:36:00,2,TOVA
AA0105,45321,29333275,1,PS,990905,18:53:51,18:53:57,6,18:53:57,18:57:02,185,AGENT,18:57:01,18:57:03,2,VICKY
AA0105,45322,60280260,2,NE,990905,19:23:01,19:23:07,6,19:23:07,19:23:18,11,AGENT,19:23:17,19:28:32,315,VICKY
AA0105,45323,30513253,2,PS,990905,19:41:35,19:41:41,6,19:41:41,19:42:19,38,AGENT,19:42:18,19:45:20,182,BASCH
AA0105,45324,0,0,PS,990905,20:44:51,20:45:00,9,0:00:00,0:00:00,0,AGENT,20:44:59,20:46:47,108,VICKY
AA0105,45325,0,0,PS,990905,21:15:10,21:15:28,18,0:00:00,0:00:00,0,AGENT,21:15:27,21:19:01,214,BENSION
AA0105,45326,24916397,1,PS,990905,21:42:37,21:42:42,5,21:42:42,21:44:38,116,AGENT,21:44:37,21:44:38,1,VICKY
AA0105,45327,0,0,PS,990905,21:55:00,21:55:09,9,0:00:00,0:00:00,0,AGENT,21:55:08,21:59:46,278,BASCH
AA0105,45328,24265456,2,PS,990905,22:10:58,22:11:04,6,22:11:04,22:11:38,34,AGENT,22:11:37,22:14:49,192,BENSION
AA0105,45329,29518701,1,PS,990905,22:42:33,22:42:39,6,22:42:39,22:44:33,114,AGENT,22:44:32,22:46:57,145,BENSION
AA0105,45330,54128681,2,PS,990905,23:13:01,23:13:07,6,23:13:07,23:13:07,0,HANG,0:00:00,0:00:00,0,NO_SERVER
AA0105,45332,0,0,PS,990906,0:26:21,0:26:21,0,0:00:00,0:00:00,0,HANG,0:00:00,0:00:00,0,NO_SERVER
AA0105,45333,0,0,NE,990906,6:53:53,6:54:06,13,0:00:00,0:00:00,0,HANG,0:00:00,0:00:00,0,NO_SERVER
AA0105,45334,0,0,PS,990906,7:51:42,7:52:03,21,0:00:00,0:00:00,0,AGENT,7:52:02,7:53:45,103,TOVA
AA0105,45335,0,0,NW,990906,8:03:26,8:03:39,13,0:00:00,0:00:00,0,AGENT,8:03:39,8:04:19,40,MORIAH
AA0105,45336,0,0,PS,990906,8:21:20,8:21:29,9,0:00:00,0:00:00,0,AGENT,8:21:28,8:24:10,162,DORIT
AA0105,45337,0,0,NW,990906,8:36:56,8:37:09,13,0:00:00,0:00:00,0,AGENT,8:37:08,8:39:31,143,MORIAH
AA0105,45338,0,0,PS,990906,8:47:54,8:48:02,8,0:00:00,0:00:00,0,AGENT,8:48:01,8:49:19,78,SHARON
AA0105,45339,0,0,NW,990906,8:59:31,8:59:45,14,0:00:00,0:00:00,0,AGENT,8:59:43,9:02:25,162,SHARON
AA0105,45340,0,0,PS,990906,9:08:23,9:08:34,11,0:00:00,0:00:00,0,AGENT,9:08:33,9:09:44,71,YIFAT
AA0105,45341,33963455,1,PS,990906,9:18:05,9:18:11,6,9:18:11,9:18:44,33,HANG,0:00:00,0:00:00,0,NO_SERVER
AA0105,45342,29474020,2,PS,990906,9:23:52,9:23:58,6,9:23:58,9:24:18,20,AGENT,9:24:18,9:24:20,2,MORIAH
AA0105,45343,0,0,NW,990906,9:32:02,9:32:08,6,0:00:00,0:00:00,0,HANG,0:00:00,0:00:00,0,NO_SERVER
AA0105,45344,0,0,PE,990906,9:40:37,9:40:44,7,0:00:00,0:00:00,0,AGENT,9:40:44,9:44:15,211,YITZ
AA0105,45345,54653803,2,PS,990906,9:48:08,9:48:13,5,9:48:13,9:48:23,10,HANG,0:00:00,0:00:00,0,NO_SERVER
AA0105,45346,0,0,NW,990906,9:54:13,9:54:22,9,9:54:22,10:01:58,456,AGENT,10:01:57,10:04:14,137,SHARON
AA0105,45347,52867744,2,NE,990906,10:07:23,10:07:28,5,10:07:28,10:11:15,227,AGENT,10:11:14,10:20:59,585,MORIAH
AA0105,45348,52867744,2,PS,990906,10:15:32,10:15:37,5,10:15:37,10:17:50,133,AGENT,10:17:49,10:31:56,847,DORIT
AA0105,45349,58704610,2,PS,990906,10:22:55,10:23:00,5,10:23:00,10:24:55,115,AGENT,10:24:54,10:27:32,158,MORIAH
AA0105,45350,0,0,PS,990906,10:32:30,10:32:39,9,0:00:00,0:00:00,0,AGENT,10:32:38,10:33:21,43,SHARON
AA0105,45351,0,0,NE,990906,10:41:10,10:41:23,13,0:00:00,0:00:00,0,AGENT,10:41:22,10:49:03,461,ZOHARI
AA0105,45352,0,0,NW,990906,10:48:38,10:48:48,10,10:48:48,10:49:47,59,HANG,0:00:00,0:00:00,0,NO_SERVER
AA0105,45353,28863777,1,PS,990906,10:59:40,10:59:46,6,10:59:46,11:00:58,72,HANG,0:00:00,0:00:00,0,NO_SERVER
AA0105,45354,0,0,PS,990906,11:12:12,11:12:21,9,0:00:00,0:00:00,0,AGENT,11:12:21,11:22:34,613,ROTH
AA0105,45355,0,0,PS,990906,11:21:51,11:22:05,14,0:00:00,0:00:00,0,AGENT,11:22:04,11:23:33,89,ZOHARI
AA0105,45356,0,0,NE,990906,11:34:23,11:34:33,10,0:00:00,0:00:00,0,AGENT,11:34:32,11:34:34,2,TOVA
AA0105,45357,33474602,2,PS,990906,11:40:58,11:41:04,6,11:41:04,11:41:53,49,AGENT,11:41:52,11:48:51,419,BASCH
AA0105,45358,55921597,1,NE,990906,11:49:30,11:49:36,6,11:49:36,11:50:00,24,AGENT,11:49:59,11:53:10,191,TOVA
AA0105,45359,0,0,NW,990906,12:01:05,12:01:15,10,12:01:15,12:02:51,96,HANG,0:00:00,0:00:00,0,NO_SERVER
AA0105,45360,0,0,PS,990906,12:10:51,12:11:02,11,0:00:00,0:00:00,0,AGENT,12:11:01,12:13:03,122,TOVA
AA0105,45361,0,0,PS,990906,12:27:34,12:27:44,10,0:00:00,0:00:00,0,AGENT,12:27:43,12:28:51,68,DORIT
AA0105,45362,0,0,PS,990906,12:40:12,12:40:23,11,0:00:00,0:00:00,0,AGENT,12:40:22,12:41:41,79,ROTH
AA0105,45363,0,0,NE,990906,12:54:54,12:55:04,10,0:00:00,0:00:00,0,AGENT,12:55:03,12:56:57,114,BASCH
AA0105,45364,0,0,PS,990906,13:06:46,13:06:57,11,0:00:00,0:00:00,0,AGENT,13:06:56,13:08:49,113,ZOHARI
AA0105,45365,0,0,PS,990906,13:20:16,13:20:24,8,0:00:00,0:00:00,0,AGENT,13:20:23,13:22:00,97,BASCH
AA0105,45366,0,0,NW,990906,13:36:50,13:37:00,10,13:37:00,13:38:04,64,AGENT,13:38:03,13:39:15,72,SHARON
AA0105,45367,0,0,PS,990906,13:51:51,13:52:00,9,0:00:00,0:00:00,0,AGENT,13:51:59,13:55:50,231,ROTH
AA0105,45368,0,0,PS,990906,14:01:18,14:01:29,11,0:00:00,0:00:00,0,AGENT,14:01:29,14:02:13,44,SHARON
AA0105,45369,0,0,NW,990906,14:14:01,14:14:14,13,0:00:00,0:00:00,0,AGENT,14:14:13,14:23:39,566,SHARON
AA0105,45370,56765985,2,PS,990906,14:28:16,14:28:22,6,14:28:22,14:28:40,18,AGENT,14:28:39,14:31:15,156,MORIAH
AA0105,45371,0,0,NW,990906,14:39:54,14:40:03,9,14:40:03,14:40:19,16,AGENT,14:40:18,14:42:11,113,BASCH
AA0105,45372,0,0,NW,990906,14:45:35,14:45:45,10,14:45:45,14:46:43,58,AGENT,14:46:42,14:51:06,264,SHARON
AA0105,45373,25464504,2,PS,990906,15:00:54,15:01:00,6,15:01:00,15:02:35,95,AGENT,15:02:34,15:05:21,167,ROTH
AA0105,45374,0,0,PS,990906,15:17:17,15:17:26,9,0:00:00,0:00:00,0,AGENT,15:17:26,15:20:52,206,ROTH
AA0105,45375,29068244,2,PS,990906,15:28:01,15:28:06,5,15:28:06,15:28:21,15,AGENT,15:28:20,15:29:17,57,SHARON
AA0105,45376,31925183,2,PS,990906,15:39:25,15:39:30,5,15:39:30,15:42:45,195,AGENT,15:42:43,15:44:06,83,ROTH
AA0105,45377,0,0,PS,990906,15:52:58,15:53:07,9,0:00:00,0:00:00,0,AGENT,15:53:07,15:55:26,139,ROTH
AA0105,45378,0,0,NE,990906,16:06:56,16:07:08,12,0:00:00,0:00:00,0,AGENT,16:07:07,16:09:09,122,STEREN
AA0105,45379,0,0,PS,990906,16:24:00,16:24:09,9,0:00:00,0:00:00,0,AGENT,16:24:08,16:29:08,300,ROTH
AA0105,45380,52867744,2,PS,990906,16:38:03,16:38:09,6,16:38:09,16:39:14,65,AGENT,16:39:13,16:42:33,200,STEREN
AA0105,45381,0,0,PS,990906,16:58:11,16:58:28,17,0:00:00,0:00:00,0,AGENT,16:58:27,16:59:12,45,ANAT
AA0105,45382,0,0,NW,990906,17:14:49,17:14:58,9,17:14:58,17:26:47,709,AGENT,17:26:46,17:27:07,21,VICKY
AA0105,45383,24082448,2,PS,990906,17:45:31,17:45:37,6,17:45:37,17:49:15,218,AGENT,17:49:15,17:52:44,209,ANAT
AA0105,45384,0,0,NW,990906,18:12:25,18:12:33,8,18:12:33,18:12:49,16,HANG,0:00:00,0:00:00,0,NO_SERVER
AA0105,45385,57695173,2,PS,990906,18:31:04,18:31:17,13,18:31:17,18:32:12,55,AGENT,18:31:16,18:32:17,61,ANAT
AA0105,45386,0,0,NW,990906,18:50:17,18:50:30,13,0:00:00,0:00:00,0,AGENT,18:50:29,18:50:35,6,VICKY
AA0105,45387,0,0,PS,990906,19:15:56,19:16:06,10,0:00:00,0:00:00,0,AGENT,19:16:05,19:18:12,127,VICKY
AA0105,45388,0,0,PS,990906,19:48:52,19:49:02,10,0:00:00,0:00:00,0,AGENT,19:49:01,19:49:41,40,MEIR
AA0105,45389,0,0,PS,990906,20:18:38,20:18:51,13,0:00:00,0:00:00,0,AGENT,20:18:51,20:24:13,322,ANAT
AA0105,45390,58040742,2,PS,990906,20:44:06,20:44:12,6,20:44:12,20:44:57,45,AGENT,20:44:56,20:47:19,143,MEIR
AA0105,45391,37668043,1,PS,990906,21:02:11,21:02:16,5,21:02:16,21:03:21,65,AGENT,21:03:20,21:05:24,124,STEREN
AA0105,45392,0,0,PS,990906,21:25:08,21:25:17,9,0:00:00,0:00:00,0,AGENT,21:25:17,21:27:43,146,STEREN
AA0105,45393,309933992,1,PS,990906,21:46:04,21:46:10,6,21:46:10,21:47:02,52,AGENT,21:47:01,21:49:18,137,STEREN
AA0105,45394,0,0,PS,990906,22:14:29,22:14:38,9,0:00:00,0:00:00,0,AGENT,22:14:37,22:16:22,105,VICKY
AA0105,45395,0,0,PS,990906,23:03:06,23:03:16,10,0:00:00,0:00:00,0,AGENT,23:03:15,23:03:57,42,STEREN
AA0105,45396,0,0,PS,990906,23:36:57,23:37:10,13,0:00:00,0:00:00,0,AGENT,23:37:09,23:47:58,649,DARMON
AA0105,45397,0,0,PS,990907,7:02:38,7:02:51,13,0:00:00,0:00:00,0,AGENT,7:02:49,7:05:43,174,AVI
AA0105,45398,0,0,PS,990907,7:48:39,7:48:50,11,0:00:00,0:00:00,0,AGENT,7:48:49,7:51:20,151,TOVA
AA0105,45399,31893779,1,PS,990907,8:11:16,8:11:22,6,8:11:22,8:12:58,96,AGENT,8:12:58,8:14:13,75,TOVA
AA0105,45400,0,0,PS,990907,8:32:51,8:33:02,11,0:00:00,0:00:00,0,AGENT,8:33:01,8:35:12,131,YIFAT
AA0105,45401,0,0,NW,990907,8:48:51,8:49:00,9,8:49:00,8:49:37,37,AGENT,8:49:35,8:50:02,27,BASCH
AA0105,45402,69737062,2,PS,990907,8:56:58,8:57:04,6,8:57:04,8:58:13,69,AGENT,8:58:13,9:08:15,602,YIFAT
AA0105,45403,0,0,NW,990907,9:07:06,9:07:20,14,0:00:00,0:00:00,0,HANG,0:00:00,0:00:00,0,NO_SERVER
AA0105,45404,0,0,PS,990907,9:23:43,9:23:51,8,0:00:00,0:00:00,0,AGENT,9:23:51,9:24:41,50,MORIAH
AA0105,45405,51324440,2,PS,990907,9:32:47,9:32:52,5,9:32:52,9:33:13,21,AGENT,9:33:13,9:37:53,280,ROTH
AA0105,45406,0,0,PS,990907,9:48:38,9:48:46,8,0:00:00,0:00:00,0,AGENT,9:48:46,9:50:11,85,ROTH
AA0105,45407,0,0,PS,990907,10:02:34,10:02:42,8,0:00:00,0:00:00,0,AGENT,10:02:42,10:05:04,142,ROTH
AA0105,45408,27155795,1,PS,990907,10:13:16,10:13:22,6,10:13:22,10:15:04,102,AGENT,10:15:04,10:16:31,87,AVI
AA0105,45409,58704610,2,PS,990907,10:22:55,10:23:00,5,10:23:00,10:24:12,72,AGENT,10:24:10,10:25:45,95,TOVA
AA0105,45410,0,0,NE,990907,10:35:51,10:36:05,14,0:00:00,0:00:00,0,AGENT,10:36:05,10:36:38,33,ELI
AA0105,45411,0,0,PS,990907,10:48:52,10:49:03,11,0:00:00,0:00:00,0,AGENT,10:49:02,10:51:43,161,TOVA
AA0105,45412,56041478,1,PS,990907,10:59:02,10:59:08,6,10:59:08,11:00:46,98,AGENT,11:00:45,11:02:21,96,BASCH
AA0105,45413,28461895,1,PS,990907,11:14:04,11:14:11,7,11:14:11,11:16:14,123,AGENT,11:16:14,11:16:17,3,MORIAH
AA0105,45414,37640216,2,PS,990907,11:24:54,11:24:59,5,11:24:59,11:25:28,29,AGENT,11:25:28,11:27:35,127,AVI
AA0105,45415,22532980,2,PS,990907,11:35:35,11:35:41,6,11:35:41,11:38:49,188,AGENT,11:38:48,11:39:55,67,ROTH
AA0105,45416,69687275,2,NE,990907,11:43:42,11:43:48,6,11:43:48,11:47:05,197,AGENT,11:47:04,11:53:19,375,TOVA
AA0105,45417,29503323,1,PS,990907,11:55:59,11:56:05,6,11:56:05,11:56:19,14,AGENT,11:56:18,12:05:08,530,BASCH
AA0105,45418,0,0,PS,990907,12:06:22,12:06:32,10,0:00:00,0:00:00,0,AGENT,12:06:30,12:08:27,117,VICKY
AA0105,45419,24614976,1,PS,990907,12:21:11,12:21:16,5,12:21:16,12:23:07,111,AGENT,12:23:06,12:24:22,76,ROTH
AA0105,45420,0,0,NE,990907,12:34:38,12:34:49,11,0:00:00,0:00:00,0,AGENT,12:34:49,12:44:29,580,ELI
AA0105,45421,31687536,1,PS,990907,12:50:58,12:51:04,6,12:51:04,12:51:10,6,AGENT,12:51:09,12:51:17,8,AVI
AA0105,45422,0,0,PS,990907,13:09:14,13:09:22,8,0:00:00,0:00:00,0,AGENT,13:09:21,13:12:39,198,MORIAH
AA0105,45423,33052234,1,PS,990907,13:20:57,13:21:03,6,13:21:03,13:22:52,109,AGENT,13:22:51,13:26:31,220,BASCH
AA0105,45424,0,0,NW,990907,13:41:13,13:41:22,9,13:41:22,13:41:39,17,HANG,0:00:00,0:00:00,0,NO_SERVER
AA0105,45425,57476988,1,PS,990907,13:59:05,13:59:11,6,13:59:11,14:00:12,61,AGENT,14:00:11,14:01:29,78,STEREN
AA0105,45426,0,0,PS,990907,14:13:13,14:13:24,11,0:00:00,0:00:00,0,AGENT,14:13:23,14:15:12,109,AVI
AA0105,45427,0,0,PS,990907,14:29:25,14:29:34,9,0:00:00,0:00:00,0,AGENT,14:29:33,14:30:00,27,VICKY
AA0105,45428,78191137,2,PS,990907,14:38:28,14:38:34,6,14:38:34,14:39:51,77,AGENT,14:39:50,14:49:50,600,DORIT
AA0105,45429,0,0,NW,990907,14:48:44,14:48:54,10,14:48:54,14:52:18,204,AGENT,14:52:17,14:52:34,17,AVI
AA0105,45430,0,0,PS,990907,15:02:12,15:02:22,10,0:00:00,0:00:00,0,AGENT,15:02:22,15:08:13,351,ZOHARI
AA0105,45431,31869621,2,PS,990907,15:15:25,15:15:30,5,15:15:30,15:16:49,79,AGENT,15:16:47,15:28:55,728,ROTH
AA0105,45432,0,0,NW,990907,15:27:13,15:27:22,9,15:27:22,15:32:06,284,AGENT,15:32:04,15:33:12,68,ROTH
AA0105,45433,0,0,NW,990907,15:40:18,15:40:28,10,15:40:28,15:40:31,3,AGENT,15:40:30,15:43:11,161,STEREN
AA0105,45434,0,0,NW,990907,15:53:29,15:53:40,11,15:53:40,15:54:14,34,AGENT,15:54:13,15:55:15,62,STEREN
AA0105,45435,0,0,NW,990907,16:05:24,16:05:33,9,16:05:33,16:08:22,169,AGENT,16:08:22,16:09:16,54,VICKY
AA0105,45436,0,0,NW,990907,16:22:43,16:22:52,9,16:22:52,16:26:29,217,AGENT,16:26:29,16:26:52,23,STEREN
AA0105,45437,0,0,PS,990907,16:36:09,16:36:19,10,0:00:00,0:00:00,0,AGENT,16:36:19,16:37:44,85,SHARON
AA0105,45438,0,0,PS,990907,16:54:00,16:54:10,10,0:00:00,0:00:00,0,AGENT,16:54:09,16:57:07,178,SHARON
AA0105,45439,0,0,NW,990907,17:05:20,17:05:29,9,17:05:29,17:05:41,12,AGENT,17:05:40,17:06:43,63,STEREN
AA0105,45440,0,0,PS,990907,17:20:15,17:20:26,11,0:00:00,0:00:00,0,AGENT,17:20:25,17:21:10,45,SHARON
AA0105,45441,0,0,NW,990907,17:35:50,17:36:00,10,17:36:00,17:37:45,105,AGENT,17:37:44,17:39:04,80,VICKY
AA0105,45442,0,0,PS,990907,17:45:38,17:45:47,9,0:00:00,0:00:00,0,AGENT,17:45:46,17:47:46,120,DARMON
AA0105,45443,0,0,PS,990907,17:59:07,17:59:16,9,0:00:00,0:00:00,0,AGENT,17:59:15,18:03:47,272,VICKY
AA0105,45444,0,0,PS,990907,18:13:49,18:14:00,11,0:00:00,0:00:00,0,AGENT,18:13:59,18:15:42,103,STEREN
AA0105,45445,0,0,PS,990907,18:40:26,18:40:42,16,0:00:00,0:00:00,0,AGENT,18:40:34,18:41:06,32,SHARON
AA0105,45446,0,0,PS,990907,19:12:13,19:12:25,12,0:00:00,0:00:00,0,AGENT,19:12:23,19:13:15,52,DORIT
AA0105,45447,0,0,NW,990907,19:31:21,19:31:36,15,0:00:00,0:00:00,0,AGENT,19:31:36,19:39:33,477,DORIT
AA0105,45448,0,0,PS,990907,20:02:40,20:02:49,9,0:00:00,0:00:00,0,AGENT,20:02:48,20:03:30,42,SHARON
AA0105,45449,0,0,NW,990907,20:29:20,20:29:33,13,0:00:00,0:00:00,0,AGENT,20:29:32,20:31:24,112,STEREN
AA0105,45450,0,0,PS,990907,20:48:45,20:48:57,12,0:00:00,0:00:00,0,AGENT,20:48:56,20:52:08,192,BENSION
AA0105,45451,0,0,PS,990907,21:05:52,21:06:01,9,0:00:00,0:00:00,0,AGENT,21:06:00,21:08:21,141,SHARON
AA0105,45452,0,0,PS,990907,21:28:57,21:29:12,15,0:00:00,0:00:00,0,AGENT,21:29:12,21:30:10,58,BENSION
AA0105,45453,0,0,PS,990907,21:53:14,21:53:24,10,0:00:00,0:00:00,0,AGENT,21:53:23,21:56:40,197,BENSION
AA0105,45454,54982525,1,PS,990907,22:18:39,22:18:45,6,22:18:45,22:19:07,22,HANG,0:00:00,0:00:00,0,NO_SERVER
AA0105,45455,38239034,1,PS,990907,22:37:44,22:37:49,5,22:37:49,22:38:56,67,AGENT,22:38:56,22:42:40,224,ZOHARI
AA0105,45456,67621961,2,NE,990907,23:01:53,23:01:58,5,23:01:58,23:02:16,18,AGENT,23:02:15,23:02:38,23,SHARON
AA0105,45457,0,0,PS,990907,23:52:24,23:52:35,11,0:00:00,0:00:00,0,AGENT,23:52:35,23:54:28,113,SHARON
AA0105,45458,0,0,NW,990908,6:38:14,6:38:39,25,0:00:00,0:00:00,0,HANG,0:00:00,0:00:00,0,NO_SERVER
AA0105,45459,57718637,1,PS,990908,7:24:21,7:24:27,6,7:24:27,7:24:38,11,AGENT,7:24:37,7:25:59,82,TOVA
AA0105,45460,0,0,NW,990908,7:59:52,8:00:04,12,0:00:00,0:00:00,0,AGENT,8:00:03,8:01:18,75,STEREN
AA0105,45461,0,0,NW,990908,8:17:53,8:18:03,10,8:18:03,8:20:06,123,HANG,0:00:00,0:00:00,0,NO_SERVER
AA0105,45462,57918849,1,NE,990908,8:39:48,8:39:54,6,8:39:54,8:40:17,23,AGENT,8:40:16,8:42:38,142,BASCH
AA0105,45463,0,0,PS,990908,8:48:47,8:48:56,9,0:00:00,0:00:00,0,AGENT,8:48:55,8:52:51,236,ROTH
AA0105,45464,0,0,PS,990908,9:00:39,9:00:49,10,0:00:00,0:00:00,0,AGENT,9:00:48,9:07:31,403,YITZ
AA0105,45465,0,0,PS,990908,9:11:45,9:11:54,9,0:00:00,0:00:00,0,AGENT,9:11:53,9:19:10,437,DORIT
AA0105,45466,0,0,NW,990908,9:24:21,9:24:33,12,0:00:00,0:00:00,0,AGENT,9:24:32,9:25:55,83,DORIT
AA0105,45467,0,0,PS,990908,9:37:57,9:38:06,9,0:00:00,0:00:00,0,AGENT,9:38:05,9:39:44,99,ROTH
AA0105,45468,0,0,PS,990908,9:48:38,9:48:51,13,0:00:00,0:00:00,0,AGENT,9:48:51,9:49:33,42,BASCH
AA0105,45469,8258329,2,NE,990908,9:57:01,9:57:06,5,9:57:06,9:59:05,119,AGENT,9:59:03,10:01:57,174,ZOHARI
AA0105,45470,0,0,NW,990908,10:07:30,10:07:39,9,10:07:39,10:07:48,9,HANG,0:00:00,0:00:00,0,NO_SERVER
AA0105,45471,0,0,NW,990908,10:11:35,10:11:44,9,10:11:44,10:15:45,241,HANG,0:00:00,0:00:00,0,NO_SERVER
AA0105,45472,33474602,2,PS,990908,10:22:59,10:23:04,5,10:23:04,10:23:16,12,AGENT,10:23:14,10:23:22,8,STEREN
AA0105,45473,58044702,1,PS,990908,10:35:52,10:35:58,6,10:35:58,10:38:31,153,AGENT,10:38:29,10:41:19,170,SHARON
AA0105,45474,0,0,PS,990908,10:53:13,10:53:25,12,0:00:00,0:00:00,0,AGENT,10:53:24,10:54:27,63,SHARON
AA0105,45475,74780917,2,NE,990908,11:06:00,11:06:06,6,11:06:06,11:09:47,221,AGENT,11:09:47,11:16:23,396,ZOHARI
AA0105,45476,0,0,PS,990908,11:25:35,11:25:40,5,0:00:00,0:00:00,0,HANG,0:00:00,0:00:00,0,NO_SERVER
AA0105,45477,306485608,2,PS,990908,11:37:24,11:37:30,6,11:37:30,11:38:10,40,AGENT,11:38:09,11:38:47,38,DORIT
AA0105,45478,0,0,PS,990908,11:56:14,11:56:24,10,0:00:00,0:00:00,0,AGENT,11:56:22,11:58:24,122,BASCH
AA0105,45479,53186953,2,PS,990908,12:05:02,12:05:07,5,12:05:07,12:06:08,61,AGENT,12:06:07,12:07:25,78,STEREN
AA0105,45480,0,0,NE,990908,12:16:30,12:16:43,13,0:00:00,0:00:00,0,AGENT,12:16:42,12:16:59,17,ELI
AA0105,45481,42358408,2,PS,990908,12:25:27,12:25:32,5,12:25:32,12:25:54,22,AGENT,12:25:53,12:37:02,669,KAZAV
AA0105,45482,0,0,PS,990908,12:43:36,12:43:46,10,0:00:00,0:00:00,0,AGENT,12:43:46,12:47:12,206,YITZ
AA0105,45483,0,0,PS,990908,13:00:32,13:00:45,13,0:00:00,0:00:00,0,AGENT,13:00:44,13:02:56,132,STEREN
AA0105,45484,0,0,NW,990908,13:14:23,13:14:32,9,13:14:32,13:14:42,10,HANG,0:00:00,0:00:00,0,NO_SERVER
AA0105,45485,0,0,NW,990908,13:26:17,13:26:30,13,0:00:00,0:00:00,0,AGENT,13:26:29,13:29:12,163,STEREN
AA0105,45486,0,0,PS,990908,13:39:15,13:39:24,9,0:00:00,0:00:00,0,AGENT,13:39:23,13:44:59,336,DORIT
AA0105,45487,10952489,2,PS,990908,13:47:06,13:47:12,6,13:47:12,13:48:26,74,AGENT,13:48:26,13:48:51,25,BASCH
AA0105,45488,0,0,PS,990908,13:57:46,13:57:56,10,0:00:00,0:00:00,0,AGENT,13:57:55,13:59:48,113,BASCH
AA0105,45489,0,0,PE,990908,14:12:08,14:12:16,8,0:00:00,0:00:00,0,AGENT,14:12:16,14:12:49,33,DORIT
AA0105,45490,0,0,PS,990908,14:27:22,14:27:31,9,0:00:00,0:00:00,0,AGENT,14:27:30,14:31:38,248,DORIT
AA0105,45491,0,0,PS,990908,14:40:00,14:40:09,9,0:00:00,0:00:00,0,AGENT,14:40:09,14:41:11,62,MORIAH
AA0105,45492,50323468,2,PS,990908,14:49:32,14:49:37,5,14:49:37,14:49:51,14,AGENT,14:49:49,14:51:16,87,STEREN
AA0105,45493,0,0,NE,990908,15:04:15,15:04:28,13,0:00:00,0:00:00,0,AGENT,15:04:27,15:09:19,292,ELI
AA0105,45494,24304800,1,PS,990908,15:11:57,15:12:03,6,15:12:03,15:12:22,19,HANG,0:00:00,0:00:00,0,NO_SERVER
AA0105,45495,0,0,PS,990908,15:24:18,15:24:26,8,0:00:00,0:00:00,0,AGENT,15:24:26,15:25:56,90,ANAT
AA0105,45496,54042171,2,NE,990908,15:33:30,15:33:36,6,15:33:36,15:37:12,216,AGENT,15:37:11,15:42:14,303,MORIAH
AA0105,45498,0,0,PS,990908,15:41:29,15:41:29,0,0:00:00,0:00:00,0,HANG,0:00:00,0:00:00,0,NO_SERVER
AA0105,45499,22479612,2,PS,990908,15:49:06,15:49:11,5,15:49:11,15:50:09,58,AGENT,15:50:08,15:50:31,23,ANAT
AA0105,45500,0,0,NW,990908,15:57:27,15:57:36,9,15:57:36,15:57:45,9,HANG,0:00:00,0:00:00,0,NO_SERVER
AA0105,45501,0,0,PS,990908,16:12:20,16:12:30,10,0:00:00,0:00:00,0,AGENT,16:12:30,16:12:34,4,NO_SERVER
AA0105,45502,0,0,NW,990908,16:22:33,16:22:42,9,16:22:42,16:22:58,16,AGENT,16:22:57,16:23:43,46,AVI
AA0105,45503,0,0,NE,990908,16:36:51,16:37:04,13,0:00:00,0:00:00,0,AGENT,16:37:03,16:37:49,46,ELI
AA0105,45504,0,0,PS,990908,16:51:30,16:51:38,8,0:00:00,0:00:00,0,AGENT,16:51:38,16:51:47,9,MORIAH
AA0105,45505,0,0,NW,990908,17:12:12,17:12:31,19,0:00:00,0:00:00,0,AGENT,17:12:30,17:13:06,36,MORIAH
AA0105,45506,67472811,1,PS,990908,17:30:50,17:30:56,6,17:30:56,17:32:03,67,AGENT,17:32:02,17:35:35,213,ANAT
AA0105,45507,22958599,1,PS,990908,17:43:13,17:43:18,5,17:43:18,17:46:55,217,AGENT,17:46:54,17:47:45,51,ANAT
AA0105,45508,0,0,NW,990908,18:03:32,18:03:44,12,0:00:00,0:00:00,0,AGENT,18:03:48,18:05:29,101,NO_SERVER
AA0105,45509,962908463,2,PS,990908,18:24:49,18:24:54,5,18:24:54,18:25:20,26,AGENT,18:25:19,18:28:41,202,MORIAH
AA0105,45510,0,0,PS,990908,18:40:00,18:40:08,8,0:00:00,0:00:00,0,AGENT,18:40:07,18:43:20,193,ANAT
AA0105,45511,54583281,1,PS,990908,19:00:07,19:00:12,5,19:00:12,19:00:25,13,AGENT,19:00:24,19:01:54,90,MORIAH
AA0105,45512,0,0,NW,990908,19:15:27,19:15:41,14,0:00:00,0:00:00,0,AGENT,19:15:40,19:16:24,44,MORIAH
AA0105,45513,0,0,PS,990908,19:26:32,19:26:45,13,0:00:00,0:00:00,0,AGENT,19:26:43,19:30:18,215,AVI
AA0105,45514,28579050,1,PS,990908,19:53:19,19:53:25,6,19:53:25,19:54:15,50,AGENT,19:54:15,19:56:13,118,MORIAH
AA0105,45515,0,0,PS,990908,20:19:52,20:20:04,12,0:00:00,0:00:00,0,AGENT,20:20:04,20:23:25,201,BENSION
AA0105,45516,0,0,NE,990908,20:44:30,20:44:41,11,0:00:00,0:00:00,0,AGENT,20:44:40,20:56:07,687,MORIAH
AA0105,45517,0,0,NE,990908,21:06:09,21:06:18,9,0:00:00,0:00:00,0,AGENT,21:06:18,21:10:15,237,MORIAH
AA0105,45518,50051192,1,PS,990908,21:22:55,21:23:01,6,21:23:01,21:23:17,16,AGENT,21:23:16,21:23:37,21,AVI
AA0105,45519,0,0,NW,990908,21:42:11,21:42:27,16,0:00:00,0:00:00,0,AGENT,21:42:26,21:45:25,179,BENSION
AA0105,45520,28795789,1,PS,990908,22:02:32,22:02:38,6,22:02:38,22:04:47,129,AGENT,22:04:47,22:05:33,46,BENSION
AA0105,45521,54128681,2,PS,990908,22:28:41,22:28:46,5,22:28:46,22:29:15,29,AGENT,22:29:14,22:29:14,0,AVI
AA0105,45522,0,0,PS,990908,22:50:41,22:50:53,12,0:00:00,0:00:00,0,AGENT,22:50:52,22:53:11,139,BENSION
AA0105,45523,0,0,PS,990908,23:23:19,23:23:28,9,0:00:00,0:00:00,0,AGENT,23:23:28,23:24:40,72,AVI
AA0105,45525,0,0,PS,990909,4:41:06,4:41:06,0,0:00:00,0:00:00,0,HANG,0:00:00,0:00:00,0,NO_SERVER
AA0105,45526,0,0,PS,990909,7:18:34,7:18:44,10,0:00:00,0:00:00,0,AGENT,7:18:43,7:20:03,80,ANAT
AA0105,45527,0,0,PS,990909,7:53:29,7:53:45,16,0:00:00,0:00:00,0,AGENT,7:53:45,7:56:29,164,ANAT
AA0105,45528,0,0,NW,990909,8:26:59,8:27:15,16,0:00:00,0:00:00,0,AGENT,8:27:15,8:29:27,132,BASCH
AA0105,45529,0,0,PS,990909,8:42:07,8:42:15,8,0:00:00,0:00:00,0,AGENT,8:42:15,8:43:22,67,KAZAV
AA0105,45530,0,0,NW,990909,8:55:47,8:56:01,14,0:00:00,0:00:00,0,AGENT,8:56:00,8:56:36,36,ROTH
AA0105,45531,0,0,PS,990909,9:10:28,9:10:39,11,0:00:00,0:00:00,0,AGENT,9:10:39,9:11:26,47,ANAT
AA0105,45532,0,0,PS,990909,9:21:43,9:21:50,7,0:00:00,0:00:00,0,AGENT,9:21:49,9:23:00,71,DORIT
AA0105,45533,0,0,PS,990909,9:40:20,9:40:35,15,0:00:00,0:00:00,0,AGENT,9:40:35,9:41:35,60,ANAT
AA0105,45534,0,0,PS,990909,9:58:21,9:58:32,11,0:00:00,0:00:00,0,AGENT,9:58:31,10:00:20,109,ANAT
AA0105,45535,0,0,PS,990909,10:09:22,10:09:33,11,0:00:00,0:00:00,0,AGENT,10:09:32,10:11:08,96,DORIT
AA0105,45536,0,0,PS,990909,10:20:52,10:21:06,14,0:00:00,0:00:00,0,AGENT,10:21:05,10:21:36,31,NAAMA
AA0105,45537,0,0,NE,990909,10:36:47,10:36:59,12,0:00:00,0:00:00,0,AGENT,10:36:58,10:41:55,297,BASCH
AA0105,45538,0,0,PS,990909,10:49:21,10:49:30,9,0:00:00,0:00:00,0,AGENT,10:49:30,10:54:01,271,BASCH
AA0105,45539,0,0,PS,990909,11:05:01,11:05:12,11,0:00:00,0:00:00,0,AGENT,11:05:11,11:07:28,137,SHARON
AA0105,45540,0,0,NW,990909,11:19:45,11:19:54,9,11:19:54,11:20:31,37,AGENT,11:20:30,11:23:04,154,BASCH
AA0105,45541,0,0,NW,990909,11:35:05,11:35:19,14,0:00:00,0:00:00,0,AGENT,11:35:18,11:37:29,131,BASCH
AA0105,45542,0,0,PS,990909,11:50:29,11:50:45,16,0:00:00,0:00:00,0,AGENT,11:50:38,11:54:17,219,NAAMA
AA0105,45543,0,0,NE,990909,12:04:36,12:04:48,12,0:00:00,0:00:00,0,AGENT,12:04:46,12:06:47,121,ELI
AA0105,45544,0,0,PS,990909,12:26:44,12:26:53,9,0:00:00,0:00:00,0,AGENT,12:26:52,12:31:30,278,KAZAV
AA0105,45545,0,0,PS,990909,12:40:51,12:41:05,14,0:00:00,0:00:00,0,AGENT,12:41:04,12:41:47,43,ANAT
AA0105,45546,0,0,NW,990909,12:54:55,12:55:10,15,0:00:00,0:00:00,0,AGENT,12:55:10,12:57:18,128,SHARON
AA0105,45547,52896875,2,PS,990909,13:07:52,13:07:58,6,13:07:58,13:08:21,23,AGENT,13:08:20,13:09:28,68,DORIT
AA0105,45548,0,0,PS,990909,13:24:04,13:24:15,11,0:00:00,0:00:00,0,AGENT,13:24:14,13:25:02,48,DORIT
AA0105,45549,0,0,PS,990909,13:41:19,13:41:35,16,0:00:00,0:00:00,0,AGENT,13:41:34,13:42:26,52,NAAMA
AA0105,45550,0,0,PS,990909,13:58:13,13:58:23,10,0:00:00,0:00:00,0,AGENT,13:58:22,13:59:42,80,SHARON
AA0105,45551,13854815,2,PS,990909,14:12:53,14:12:58,5,14:12:58,14:14:11,73,AGENT,14:14:10,14:18:37,267,YIFAT
AA0105,45552,29437548,1,PS,990909,14:25:14,14:25:19,5,14:25:19,14:25:42,23,HANG,0:00:00,0:00:00,0,NO_SERVER
AA0105,45553,0,0,PS,990909,14:36:21,14:36:31,10,0:00:00,0:00:00,0,AGENT,14:36:30,14:37:22,52,BASCH
AA0105,45554,14872279,2,PS,990909,14:50:15,14:50:20,5,14:50:20,14:50:56,36,AGENT,14:50:55,14:52:24,89,DORIT
AA0105,45555,306485608,2,PS,990909,15:04:50,15:04:55,5,15:04:55,15:05:32,37,HANG,0:00:00,0:00:00,0,NO_SERVER
AA0105,45556,22874192,2,PS,990909,15:14:42,15:14:47,5,15:14:47,15:18:43,236,AGENT,15:18:42,15:19:46,64,DORIT
AA0105,45557,7211899,2,PS,990909,15:29:55,15:30:01,6,15:30:01,15:31:54,113,AGENT,15:31:53,15:34:16,143,ROTH
AA0105,45558,22263115,2,PS,990909,15:39:16,15:39:22,6,15:39:22,15:39:45,23,AGENT,15:39:44,15:40:34,50,KAZAV
AA0105,45559,3968047,2,PS,990909,15:49:35,15:49:40,5,15:49:40,15:50:07,27,AGENT,15:50:06,16:00:27,621,YITZ
AA0105,45560,0,0,NW,990909,16:02:24,16:02:33,9,16:02:33,16:02:57,24,HANG,0:00:00,0:00:00,0,NO_SERVER
AA0105,45561,0,0,PS,990909,16:14:43,16:14:54,11,0:00:00,0:00:00,0,AGENT,16:14:54,16:17:40,166,ZOHARI
AA0105,45562,58859752,2,PS,990909,16:26:48,16:26:54,6,16:26:54,16:28:22,88,AGENT,16:28:21,16:30:05,104,STEREN
AA0105,45563,14129662,2,NE,990909,16:37:48,16:37:54,6,16:37:54,16:38:41,47,AGENT,16:38:40,16:40:13,93,AVI
AA0105,45564,6435499,2,PS,990909,16:49:47,16:49:52,5,16:49:52,16:50:32,40,AGENT,16:50:32,16:51:04,32,AVI
AA0105,45565,59845610,1,PS,990909,17:01:42,17:01:48,6,17:01:48,17:07:20,332,AGENT,17:07:19,17:13:15,356,STEREN
AA0105,45566,0,0,PS,990909,17:16:53,17:17:08,15,0:00:00,0:00:00,0,AGENT,17:17:07,17:19:15,128,ZOHARI
AA0105,45567,0,0,PS,990909,17:36:27,17:36:41,14,0:00:00,0:00:00,0,AGENT,17:36:40,17:41:03,263,AVI
AA0105,45568,0,0,NE,990909,17:54:04,17:54:13,9,0:00:00,0:00:00,0,AGENT,17:54:13,17:56:57,164,ZOHARI
AA0105,45569,0,0,NW,990909,18:08:35,18:08:44,9,18:08:44,18:09:37,53,AGENT,18:09:36,18:10:21,45,STEREN
AA0105,45570,54349832,2,PS,990909,18:27:05,18:27:11,6,18:27:11,18:32:12,301,AGENT,18:32:11,18:32:52,41,STEREN
AA0105,45571,703074,2,PS,990909,18:53:31,18:53:36,5,18:53:36,18:53:42,6,AGENT,18:53:41,19:00:09,388,AVI
AA0105,45572,0,0,PS,990909,19:11:54,19:12:05,11,0:00:00,0:00:00,0,AGENT,19:12:04,19:13:31,87,ZOHARI
AA0105,45573,24829558,2,PS,990909,19:38:29,19:38:34,5,19:38:34,19:39:08,34,AGENT,19:39:07,19:40:32,85,STEREN
AA0105,45574,0,0,NW,990909,19:56:32,19:56:45,13,0:00:00,0:00:00,0,AGENT,19:56:44,19:57:37,53,AVI
AA0105,45575,33506544,1,PS,990909,20:19:18,20:19:23,5,20:19:23,20:19:38,15,HANG,0:00:00,0:00:00,0,NO_SERVER
AA0105,45576,52896875,2,PS,990909,20:46:57,20:47:02,5,20:47:02,20:47:25,23,AGENT,20:47:24,20:47:53,29,ZOHARI
AA0105,45577,22282974,2,PS,990909,21:15:29,21:15:35,6,21:15:35,21:15:57,22,AGENT,21:15:57,21:17:42,105,STEREN
AA0105,45578,0,0,PS,990909,21:37:56,21:38:09,13,0:00:00,0:00:00,0,AGENT,21:38:07,21:39:09,62,AVI
AA0105,45579,0,0,PS,990909,22:05:35,22:05:46,11,0:00:00,0:00:00,0,AGENT,22:05:45,22:09:50,245,ZOHARI
AA0105,45580,0,0,PS,990909,22:40:57,22:41:06,9,0:00:00,0:00:00,0,AGENT,22:41:05,22:47:58,413,STEREN
AA0105,45581,0,0,PS,990909,23:01:59,23:02:09,10,0:00:00,0:00:00,0,AGENT,23:02:08,23:04:14,126,ZOHARI
AA0105,45582,0,0,PS,990909,23:52:20,23:52:33,13,0:00:00,0:00:00,0,AGENT,23:52:33,23:57:45,312,DARMON
AA0105,45583,0,0,PS,990910,7:13:10,7:13:22,12,0:00:00,0:00:00,0,AGENT,7:13:21,7:15:44,143,SHARON
AA0105,45584,0,0,PS,990910,7:57:27,7:57:40,13,0:00:00,0:00:00,0,AGENT,7:57:39,7:58:01,22,BASCH
AA0105,45585,0,0,NW,990910,8:17:53,8:18:07,14,0:00:00,0:00:00,0,AGENT,8:18:06,8:18:40,34,BENSION
AA0105,45586,0,0,NW,990910,8:39:45,8:39:58,13,0:00:00,0:00:00,0,AGENT,8:39:57,8:40:24,27,AVNI
AA0105,45587,0,0,NW,990910,8:55:01,8:55:20,19,0:00:00,0:00:00,0,AGENT,8:55:19,8:55:44,25,BASCH
AA0105,45588,0,0,PS,990910,9:10:15,9:10:27,12,0:00:00,0:00:00,0,AGENT,9:10:26,9:11:12,46,DORIT
AA0105,45589,0,0,NE,990910,9:22:22,9:22:32,10,0:00:00,0:00:00,0,AGENT,9:22:31,9:24:05,94,SHARON
AA0105,45590,0,0,PS,990910,9:33:40,9:33:58,18,0:00:00,0:00:00,0,AGENT,9:33:56,9:38:55,299,DORIT
AA0105,45591,0,0,NW,990910,9:47:39,9:47:48,9,9:47:48,9:48:15,27,HANG,0:00:00,0:00:00,0,NO_SERVER
AA0105,45592,14872279,2,PS,990910,9:59:16,9:59:21,5,9:59:21,9:59:57,36,AGENT,9:59:56,10:00:44,48,BASCH
AA0105,45593,0,0,PS,990910,10:11:56,10:12:09,13,0:00:00,0:00:00,0,AGENT,10:12:08,10:12:39,31,BENSION
AA0105,45594,0,0,PS,990910,10:31:03,10:31:09,6,0:00:00,0:00:00,0,AGENT,10:31:14,10:31:18,4,NO_SERVER
AA0105,45595,0,0,PS,990910,10:43:11,10:43:21,10,0:00:00,0:00:00,0,AGENT,10:43:19,10:44:06,47,VICKY
AA0105,45596,0,0,PS,990910,11:01:08,11:01:17,9,0:00:00,0:00:00,0,AGENT,11:01:16,11:02:00,44,BASCH
AA0105,45597,0,0,PS,990910,11:16:12,11:16:25,13,0:00:00,0:00:00,0,AGENT,11:16:24,11:17:30,66,BENSION
AA0105,45598,32169625,1,PS,990910,11:35:26,11:35:32,6,11:35:32,11:35:49,17,AGENT,11:35:48,11:40:16,268,BENSION
AA0105,45599,0,0,PS,990910,12:10:26,12:10:35,9,0:00:00,0:00:00,0,AGENT,12:10:35,12:11:17,42,SHARON
AA0105,45600,0,0,PS,990910,12:41:18,12:41:35,17,0:00:00,0:00:00,0,AGENT,12:41:35,12:45:24,229,SHARON
AA0105,45601,0,0,PS,990910,13:09:03,13:10:26,83,0:00:00,0:00:00,0,HANG,0:00:00,0:00:00,0,NO_SERVER
AA0105,45602,0,0,PS,990910,13:45:53,13:46:17,24,0:00:00,0:00:00,0,HANG,0:00:00,0:00:00,0,NO_SERVER
AA0105,45603,0,0,PS,990910,15:15:37,15:15:53,16,0:00:00,0:00:00,0,HANG,0:00:00,0:00:00,0,NO_SERVER
AA0105,45604,0,0,PS,990910,19:37:03,19:37:30,27,0:00:00,0:00:00,0,HANG,0:00:00,0:00:00,0,NO_SERVER
AA0105,45606,0,0,PS,990911,17:50:26,17:50:26,0,0:00:00,0:00:00,0,HANG,0:00:00,0:00:00,0,NO_SERVER
AA0105,45607,0,0,NW,990912,11:22:04,11:22:53,49,0:00:00,0:00:00,0,HANG,0:00:00,0:00:00,0,NO_SERVER
AA0105,45608,0,0,PS,990912,19:15:35,19:16:04,29,0:00:00,0:00:00,0,HANG,0:00:00,0:00:00,0,NO_SERVER
AA0105,45609,0,0,PS,990912,19:53:58,19:54:13,15,0:00:00,0:00:00,0,HANG,0:00:00,0:00:00,0,NO_SERVER
AA0105,45610,65881252,1,PS,990912,20:19:24,20:19:29,5,20:19:29,20:19:49,20,AGENT,20:19:48,20:21:46,118,AVNI
AA0105,45611,0,0,NE,990912,20:35:49,20:36:02,13,0:00:00,0:00:00,0,AGENT,20:36:01,20:37:12,71,ZOHARI
AA0105,45612,0,0,PS,990912,21:04:36,21:04:47,11,0:00:00,0:00:00,0,AGENT,21:04:47,21:08:37,230,ELI
AA0105,45613,0,0,PS,990912,21:33:39,21:33:48,9,0:00:00,0:00:00,0,AGENT,21:33:47,21:35:24,97,ZOHARI
AA0105,45614,0,0,PS,990912,22:11:51,22:12:01,10,0:00:00,0:00:00,0,AGENT,22:12:00,22:13:31,91,ZOHARI
AA0105,45615,0,0,NW,990912,22:54:41,22:54:58,17,0:00:00,0:00:00,0,AGENT,22:54:57,22:56:47,110,SHARON
AA0105,45616,0,0,PS,990913,0:33:04,0:33:42,38,0:00:00,0:00:00,0,HANG,0:00:00,0:00:00,0,NO_SERVER
AA0105,45617,0,0,PS,990913,7:20:39,7:20:48,9,0:00:00,0:00:00,0,AGENT,7:20:48,7:21:44,56,VICKY
AA0105,45618,2205342,2,PS,990913,7:49:16,7:49:22,6,7:49:22,7:49:59,37,AGENT,7:49:57,7:50:26,29,YIFAT
AA0105,45619,0,0,PS,990913,8:09:32,8:09:47,15,0:00:00,0:00:00,0,AGENT,8:09:46,8:11:08,82,TOVA
AA0105,45620,0,0,PS,990913,8:25:14,8:25:26,12,0:00:00,0:00:00,0,AGENT,8:25:25,8:25:54,29,SHARON
AA0105,45621,0,0,PS,990913,8:36:12,8:36:22,10,0:00:00,0:00:00,0,AGENT,8:36:21,8:38:27,126,STEREN
AA0105,45622,0,0,NW,990913,8:45:21,8:45:30,9,8:45:30,8:46:45,75,AGENT,8:46:44,8:47:20,36,STEREN
AA0105,45623,0,0,NW,990913,8:55:38,8:55:47,9,8:55:47,8:55:56,9,AGENT,8:55:55,8:56:02,7,SHARON
AA0105,45624,0,0,PS,990913,9:06:18,9:06:28,10,0:00:00,0:00:00,0,AGENT,9:06:27,9:16:45,618,KAZAV
AA0105,45625,0,0,PS,990913,9:17:05,9:17:15,10,0:00:00,0:00:00,0,AGENT,9:17:13,9:32:52,939,ROTH
AA0105,45626,0,0,NW,990913,9:28:49,9:28:50,1,0:00:00,0:00:00,0,HANG,0:00:00,0:00:00,0,NO_SERVER
AA0105,45627,0,0,PS,990913,9:37:01,9:37:10,9,0:00:00,0:00:00,0,AGENT,9:37:08,9:37:53,45,GILI
AA0105,45628,0,0,NW,990913,9:44:15,9:44:24,9,9:44:24,9:44:46,22,AGENT,9:44:45,9:46:23,98,STEREN
AA0105,45629,0,0,NW,990913,9:53:10,9:53:19,9,9:53:19,9:53:53,34,AGENT,9:53:51,9:56:25,154,ROTH
AA0105,45630,27264902,1,PS,990913,10:06:56,10:07:02,6,10:07:02,10:07:21,19,AGENT,10:07:20,10:09:37,137,VICKY
AA0105,45631,0,0,PS,990913,10:14:32,10:14:45,13,0:00:00,0:00:00,0,AGENT,10:14:44,10:17:13,149,GILI
AA0105,45632,0,0,PS,990913,10:25:36,10:25:49,13,0:00:00,0:00:00,0,AGENT,10:25:47,10:26:51,64,GILI
AA0105,45633,23784374,1,PS,990913,10:34:39,10:34:44,5,10:34:44,10:34:51,7,AGENT,10:34:50,10:37:28,158,STEREN
AA0105,45634,77189132,2,PS,990913,10:41:03,10:41:09,6,10:41:09,10:41:27,18,AGENT,10:41:25,10:44:41,196,SHARON
AA0105,45635,0,0,PS,990913,10:49:47,10:49:57,10,0:00:00,0:00:00,0,AGENT,10:49:57,10:50:57,60,GILI
AA0105,45636,24859316,2,PS,990913,11:00:58,11:01:03,5,11:01:03,11:01:19,16,AGENT,11:01:17,11:06:10,293,SHARON
AA0105,45637,58704610,2,PS,990913,11:09:45,11:09:50,5,11:09:50,11:10:14,24,AGENT,11:10:13,11:13:37,204,VICKY
AA0105,45638,0,0,NE,990913,11:20:48,11:20:58,10,0:00:00,0:00:00,0,AGENT,11:20:56,11:26:42,346,TOVA
AA0105,45639,0,0,PS,990913,11:28:09,11:28:17,8,0:00:00,0:00:00,0,AGENT,11:28:17,11:29:19,62,ROTH
AA0105,45640,0,0,PS,990913,11:38:28,11:38:38,10,0:00:00,0:00:00,0,AGENT,11:38:37,11:39:50,73,KAZAV
AA0105,45641,0,0,PS,990913,11:49:32,11:49:49,17,0:00:00,0:00:00,0,AGENT,11:49:47,11:51:58,131,GILI
AA0105,45642,0,0,NW,990913,11:57:07,11:57:16,9,11:57:16,11:57:20,4,HANG,0:00:00,0:00:00,0,NO_SERVER
AA0105,45643,0,0,PS,990913,12:05:14,12:05:23,9,0:00:00,0:00:00,0,AGENT,12:05:23,12:08:07,164,TOVA
AA0105,45644,0,0,NW,990913,12:15:04,12:15:16,12,0:00:00,0:00:00,0,AGENT,12:15:15,12:15:59,44,ROTH
AA0105,45645,0,0,PS,990913,12:28:03,12:28:13,10,0:00:00,0:00:00,0,AGENT,12:28:12,12:30:03,111,STEREN
AA0105,45646,0,0,PS,990913,12:40:13,12:40:20,7,0:00:00,0:00:00,0,AGENT,12:40:20,12:42:36,136,ROTH
AA0105,45647,0,0,PS,990913,12:52:18,12:52:35,17,0:00:00,0:00:00,0,AGENT,12:52:34,12:59:18,404,SHARON
AA0105,45648,10283034,2,PS,990913,13:06:43,13:06:48,5,13:06:48,13:07:32,44,AGENT,13:07:31,13:07:38,7,ZOHARI
AA0105,45649,0,0,PS,990913,13:17:11,13:17:21,10,0:00:00,0:00:00,0,AGENT,13:17:21,13:20:45,204,TOVA
AA0105,45650,0,0,PS,990913,13:25:27,13:25:36,9,0:00:00,0:00:00,0,AGENT,13:25:35,13:28:31,176,ZOHARI
AA0105,45651,0,0,NE,990913,13:36:17,13:36:27,10,0:00:00,0:00:00,0,AGENT,13:36:26,13:39:48,202,ZOHARI
AA0105,45652,9682923,2,PS,990913,13:47:19,13:47:24,5,13:47:24,13:47:32,8,AGENT,13:47:30,13:54:09,399,KAZAV
AA0105,45653,30059463,2,PS,990913,13:53:25,13:53:30,5,13:53:30,13:54:27,57,HANG,0:00:00,0:00:00,0,NO_SERVER
AA0105,45654,4194296,2,PS,990913,14:00:42,14:00:48,6,14:00:48,14:03:00,132,AGENT,14:02:59,14:08:00,301,ANAT
AA0105,45656,0,0,PS,990913,14:08:09,14:08:09,0,0:00:00,0:00:00,0,HANG,0:00:00,0:00:00,0,NO_SERVER
AA0105,45657,0,0,NW,990913,14:11:26,14:11:36,10,14:11:36,14:17:53,377,HANG,0:00:00,0:00:00,0,NO_SERVER
AA0105,45658,0,0,NW,990913,14:20:26,14:20:36,10,14:20:36,14:23:56,200,AGENT,14:23:56,14:25:16,80,SHARON
AA0105,45659,78191137,2,PS,990913,14:30:30,14:30:36,6,14:30:36,14:31:14,38,AGENT,14:31:14,14:31:29,15,MORIAH
AA0105,45660,28547628,1,PS,990913,14:37:38,14:37:44,6,14:37:44,14:40:49,185,AGENT,14:40:49,14:44:56,247,YIFAT
AA0105,45661,0,0,NW,990913,14:49:38,14:49:47,9,14:49:47,14:51:54,127,HANG,0:00:00,0:00:00,0,NO_SERVER
AA0105,45662,27329697,1,PS,990913,15:01:11,15:01:16,5,15:01:16,15:03:22,126,AGENT,15:03:20,15:03:22,2,MORIAH
AA0105,45663,57379505,2,PS,990913,15:09:35,15:09:41,6,15:09:41,15:15:32,351,AGENT,15:15:31,15:16:30,59,SHARON
AA0105,45664,22612071,2,PS,990913,15:21:26,15:21:31,5,15:21:31,15:23:23,112,AGENT,15:23:22,15:31:35,493,STEREN
AA0105,45665,54145529,2,PS,990913,15:32:22,15:32:27,5,15:32:27,15:32:41,14,AGENT,15:32:41,15:35:01,140,ANAT
AA0105,45666,0,0,PS,990913,15:42:29,15:42:38,9,0:00:00,0:00:00,0,AGENT,15:42:37,15:47:07,270,SHARON
AA0105,45667,0,0,PS,990913,15:55:24,15:55:34,10,0:00:00,0:00:00,0,AGENT,15:55:33,16:01:02,329,BASCH
AA0105,45668,0,0,NE,990913,16:06:17,16:06:37,20,0:00:00,0:00:00,0,AGENT,16:06:37,16:08:28,111,ZOHARI
AA0105,45669,0,0,PS,990913,16:16:45,16:16:58,13,0:00:00,0:00:00,0,AGENT,16:16:57,16:18:15,78,BASCH
AA0105,45670,0,0,PS,990913,16:32:07,16:32:16,9,0:00:00,0:00:00,0,AGENT,16:32:15,16:32:16,1,MORIAH
AA0105,45671,32354755,1,PS,990913,16:42:01,16:42:07,6,16:42:07,16:44:53,166,AGENT,16:44:52,16:44:54,2,MORIAH
AA0105,45672,317705234,1,PS,990913,16:51:48,16:51:53,5,16:51:53,16:53:20,87,AGENT,16:53:19,16:56:37,198,ANAT
AA0105,45673,0,0,PS,990913,17:00:27,17:00:37,10,0:00:00,0:00:00,0,AGENT,17:00:36,17:01:46,70,AVNI
AA0105,45674,0,0,PS,990913,17:15:25,17:15:40,15,0:00:00,0:00:00,0,AGENT,17:15:39,17:17:34,115,AVNI
AA0105,45675,0,0,PS,990913,17:32:56,17:33:06,10,0:00:00,0:00:00,0,AGENT,17:33:05,17:33:06,1,ANAT
AA0105,45676,22017651,1,PS,990913,17:49:06,17:49:12,6,17:49:12,17:51:29,137,AGENT,17:51:28,17:54:07,159,MORIAH
AA0105,45677,0,0,NE,990913,18:07:10,18:07:23,13,0:00:00,0:00:00,0,AGENT,18:07:21,18:08:57,96,BASCH
AA0105,45678,37669413,1,PS,990913,18:18:23,18:17:33,-50,18:17:33,18:20:11,158,AGENT,18:20:10,18:21:40,90,AVNI
AA0105,45679,0,0,PS,990913,18:39:15,18:39:24,9,0:00:00,0:00:00,0,AGENT,18:39:23,18:43:28,245,MEIR
AA0105,45680,52031556,2,PS,990913,18:52:30,18:52:36,6,18:52:36,18:52:48,12,HANG,0:00:00,0:00:00,0,NO_SERVER
AA0105,45681,55699821,1,PS,990913,19:02:30,19:02:36,6,19:02:36,19:03:03,27,AGENT,19:03:02,19:04:53,111,BASCH
AA0105,45682,27736172,2,PS,990913,19:13:57,19:14:02,5,19:14:02,19:14:25,23,AGENT,19:14:24,19:17:59,215,ANAT
AA0105,45683,68001924,2,NE,990913,19:30:33,19:30:39,6,19:30:39,19:31:18,39,AGENT,19:31:17,19:31:18,1,MORIAH
AA0105,45684,0,0,PS,990913,19:43:36,19:43:46,10,0:00:00,0:00:00,0,AGENT,19:43:45,19:47:22,217,AVNI
AA0105,45685,0,0,NW,990913,20:04:46,20:04:56,10,20:04:56,20:08:28,212,HANG,0:00:00,0:00:00,0,NO_SERVER
AA0105,45686,0,0,PS,990913,20:21:30,20:21:45,15,0:00:00,0:00:00,0,AGENT,20:21:44,20:21:45,1,ANAT
AA0105,45687,0,0,PS,990913,20:38:52,20:39:03,11,0:00:00,0:00:00,0,AGENT,20:39:01,20:39:59,58,AVI
AA0105,45688,43329655,2,PS,990913,20:52:30,20:52:36,6,20:52:36,20:53:47,71,AGENT,20:53:46,20:53:47,1,ANAT
AA0105,45689,12253423,2,PS,990913,21:13:12,21:13:17,5,21:13:17,21:16:56,219,AGENT,21:16:55,21:18:18,83,MORIAH
AA0105,45690,0,0,PS,990913,21:33:31,21:33:41,10,0:00:00,0:00:00,0,AGENT,21:33:39,21:36:26,167,AVNI
AA0105,45691,0,0,PS,990913,21:45:09,21:45:17,8,0:00:00,0:00:00,0,AGENT,21:45:17,21:46:40,83,AVNI
AA0105,45692,23870736,2,PS,990913,22:09:42,22:09:47,5,22:09:47,22:12:28,161,HANG,0:00:00,0:00:00,0,NO_SERVER
AA0105,45693,78191137,2,PS,990913,22:23:54,22:23:59,5,22:23:59,22:24:51,52,AGENT,22:24:49,22:26:37,108,AVNI
AA0105,45694,0,0,PS,990913,22:47:45,22:47:54,9,0:00:00,0:00:00,0,AGENT,22:47:53,22:52:39,286,AVNI
AA0105,45695,0,0,PS,990913,23:23:45,23:23:59,14,0:00:00,0:00:00,0,AGENT,23:23:59,23:25:49,110,AVI
AA0105,45696,0,0,PS,990913,23:53:32,23:53:41,9,0:00:00,0:00:00,0,AGENT,23:53:40,23:56:30,170,AVI
AA0105,45697,0,0,PS,990914,5:47:04,5:47:42,38,0:00:00,0:00:00,0,HANG,0:00:00,0:00:00,0,NO_SERVER
AA0105,45698,0,0,PS,990914,7:22:01,7:22:12,11,0:00:00,0:00:00,0,AGENT,7:22:12,7:28:14,362,MORIAH
AA0105,45699,0,0,PS,990914,7:40:15,7:40:24,9,0:00:00,0:00:00,0,AGENT,7:40:22,7:46:07,345,YIFAT
AA0105,45700,0,0,NW,990914,7:58:02,7:58:19,17,0:00:00,0:00:00,0,AGENT,7:58:17,8:01:00,163,MORIAH
AA0105,45701,17457466,1,PS,990914,8:20:37,8:20:42,5,8:20:42,8:22:29,107,AGENT,8:22:28,8:24:10,102,KAZAV
AA0105,45702,0,0,NW,990914,8:28:18,8:28:27,9,8:28:27,8:29:22,55,HANG,0:00:00,0:00:00,0,NO_SERVER
AA0105,45703,0,0,PS,990914,8:39:24,8:39:33,9,0:00:00,0:00:00,0,AGENT,8:39:32,8:42:08,156,ANAT
AA0105,45704,0,0,NE,990914,8:47:08,8:47:21,13,0:00:00,0:00:00,0,AGENT,8:47:20,8:55:45,505,ELI
AA0105,45705,56630676,1,PS,990914,8:56:08,8:56:14,6,8:56:14,8:56:18,4,AGENT,8:56:17,9:00:10,233,TOVA
AA0105,45706,0,0,NW,990914,9:04:58,9:05:11,13,0:00:00,0:00:00,0,AGENT,9:05:10,9:06:10,60,GOLDIE
AA0105,45707,0,0,PS,990914,9:12:51,9:13:01,10,0:00:00,0:00:00,0,AGENT,9:13:01,9:14:06,65,TOVA
AA0105,45708,0,0,NW,990914,9:22:10,9:22:20,10,9:22:20,9:30:29,489,AGENT,9:30:27,9:32:24,117,GOLDIE
AA0105,45709,48820351,2,NE,990914,9:39:05,9:39:11,6,9:39:11,9:39:32,21,AGENT,9:39:31,9:45:40,369,MORIAH
AA0105,45710,0,0,PS,990914,9:49:41,9:49:55,14,0:00:00,0:00:00,0,AGENT,9:49:54,9:53:23,209,ANAT
AA0105,45711,0,0,PS,990914,10:00:24,10:00:37,13,0:00:00,0:00:00,0,AGENT,10:00:36,10:02:13,97,ANAT
AA0105,45712,53186953,2,PS,990914,10:09:38,10:09:44,6,10:09:44,10:10:30,46,AGENT,10:10:30,10:13:41,191,KAZAV
AA0105,45713,0,0,NW,990914,10:17:03,10:17:12,9,10:17:12,10:17:15,3,HANG,0:00:00,0:00:00,0,NO_SERVER
AA0105,45714,50316827,1,PS,990914,10:23:24,10:23:30,6,10:23:30,10:23:43,13,AGENT,10:23:42,10:40:40,1018,MORIAH
AA0105,45715,0,0,PS,990914,10:30:15,10:30:22,7,0:00:00,0:00:00,0,AGENT,10:30:22,10:32:32,130,DARMON
AA0105,45716,15239874,2,PS,990914,10:36:00,10:36:05,5,10:36:05,10:36:50,45,HANG,0:00:00,0:00:00,0,NO_SERVER
AA0105,45717,1574243,2,NE,990914,10:41:32,10:41:37,5,10:41:37,10:41:45,8,HANG,0:00:00,0:00:00,0,NO_SERVER
AA0105,45718,0,0,NW,990914,10:46:18,10:46:28,10,10:46:28,10:48:49,141,HANG,0:00:00,0:00:00,0,NO_SERVER
AA0105,45719,55864722,2,PS,990914,11:00:45,11:00:51,6,11:00:51,11:01:47,56,AGENT,11:01:45,11:05:44,239,DARMON
AA0105,45720,26680769,1,PS,990914,11:08:00,11:08:05,5,11:08:05,11:09:09,64,AGENT,11:09:08,11:17:17,489,YIFAT
AA0105,45721,24545113,1,PS,990914,11:16:57,11:17:03,6,11:17:03,11:17:42,39,AGENT,11:17:41,11:18:11,30,KAZAV
AA0105,45722,0,0,PS,990914,11:30:24,11:30:49,25,0:00:00,0:00:00,0,AGENT,11:30:48,11:34:00,192,YIFAT
AA0105,45723,22263115,2,PS,990914,11:41:43,11:41:49,6,11:41:49,11:42:40,51,AGENT,11:42:40,11:44:04,84,GOLDIE
AA0105,45724,22354435,1,PS,990914,11:49:24,11:49:29,5,11:49:29,11:51:41,132,AGENT,11:51:40,11:57:37,357,MORIAH
AA0105,45725,0,0,PS,990914,12:00:19,12:00:29,10,0:00:00,0:00:00,0,AGENT,12:00:28,12:06:01,333,AVNI
AA0105,45726,0,0,PS,990914,12:09:28,12:09:40,12,0:00:00,0:00:00,0,AGENT,12:09:39,12:10:13,34,ANAT
AA0105,45727,16426967,2,PS,990914,12:17:19,12:17:24,5,12:17:24,12:18:06,42,AGENT,12:18:06,12:20:03,117,ANAT
AA0105,45728,0,0,NW,990914,12:28:09,12:28:14,5,12:28:14,12:28:57,43,HANG,0:00:00,0:00:00,0,NO_SERVER
AA0105,45729,0,0,NW,990914,12:36:44,12:36:53,9,12:36:53,12:40:51,238,AGENT,12:40:50,12:42:56,126,AVNI
AA0105,45730,0,0,PS,990914,12:53:15,12:53:26,11,0:00:00,0:00:00,0,AGENT,12:53:25,12:56:49,204,KAZAV
AA0105,45731,24410680,1,PS,990914,13:05:41,13:05:46,5,13:05:46,13:06:03,17,AGENT,13:06:03,13:06:37,34,MORIAH
AA0105,45732,0,0,PS,990914,13:20:30,13:20:40,10,0:00:00,0:00:00,0,AGENT,13:20:39,13:24:29,230,ANAT
AA0105,45733,0,0,PS,990914,13:34:03,13:34:12,9,0:00:00,0:00:00,0,AGENT,13:34:12,13:36:53,161,TOVA
AA0105,45734,63730469,1,PS,990914,13:42:11,13:42:16,5,13:42:16,13:43:11,55,AGENT,13:43:10,13:43:59,49,TOVA
AA0105,45735,8258329,2,NE,990914,13:51:01,13:51:06,5,13:51:06,13:51:17,11,AGENT,13:51:16,13:57:11,355,KAZAV
AA0105,45736,50652734,1,PS,990914,13:59:40,13:59:45,5,13:59:45,14:07:08,443,AGENT,14:07:07,14:11:15,248,KAZAV
AA0105,45737,0,0,NW,990914,14:13:52,14:14:02,10,14:14:02,14:14:36,34,HANG,0:00:00,0:00:00,0,NO_SERVER
AA0105,45738,53986741,2,PS,990914,14:22:04,14:22:09,5,14:22:09,14:24:29,140,AGENT,14:24:28,14:26:41,133,AVNI
AA0105,45739,23383607,2,PS,990914,14:35:00,14:35:06,6,14:35:06,14:35:18,12,AGENT,14:35:17,14:35:55,38,BASCH
AA0105,45740,55387302,1,PS,990914,14:40:48,14:40:54,6,14:40:54,14:44:37,223,AGENT,14:44:35,14:47:25,170,KAZAV
AA0105,45741,0,0,PS,990914,14:51:33,14:51:42,9,0:00:00,0:00:00,0,AGENT,14:51:42,14:53:40,118,KAZAV
AA0105,45742,52842762,1,PS,990914,15:04:21,15:04:27,6,15:04:27,15:04:43,16,HANG,0:00:00,0:00:00,0,NO_SERVER
AA0105,45743,1201391,2,PS,990914,15:11:30,15:11:36,6,15:11:36,15:16:07,271,AGENT,15:16:07,15:22:10,363,ROTH
AA0105,45744,0,0,NE,990914,15:27:51,15:28:00,9,0:00:00,0:00:00,0,AGENT,15:27:59,15:37:27,568,ZOHARI
AA0105,45745,51689297,1,PS,990914,15:36:48,15:36:53,5,15:36:53,15:40:05,192,AGENT,15:40:05,15:42:45,160,KAZAV
AA0105,45746,8258329,2,NE,990914,15:48:46,15:48:52,6,15:48:52,15:49:55,63,AGENT,15:49:54,15:53:19,205,STEREN
AA0105,45747,13000567,2,PS,990914,15:59:03,15:59:08,5,15:59:08,15:59:48,40,AGENT,15:59:47,16:04:45,298,STEREN
AA0105,45748,0,0,PS,990914,16:09:44,16:10:00,16,0:00:00,0:00:00,0,AGENT,16:09:57,16:11:18,81,STEREN
AA0105,45749,54556444,1,PS,990914,16:17:47,16:17:52,5,16:17:52,16:18:09,17,AGENT,16:18:08,16:27:27,559,ZOHARI
AA0105,45750,42358408,2,PS,990914,16:31:54,16:31:59,5,16:31:59,16:32:42,43,AGENT,16:32:41,16:34:07,86,AVNI
AA0105,45751,0,0,NW,990914,16:41:17,16:41:27,10,16:41:27,16:42:01,34,AGENT,16:42:01,16:49:49,468,YITZ
AA0105,45752,0,0,PS,990914,16:54:30,16:54:43,13,0:00:00,0:00:00,0,AGENT,16:54:42,16:55:21,39,BENSION
AA0105,45753,0,0,PS,990914,17:04:48,17:05:00,12,0:00:00,0:00:00,0,AGENT,17:04:59,17:06:45,106,BENSION
AA0105,45754,0,0,PS,990914,17:17:10,17:17:18,8,0:00:00,0:00:00,0,AGENT,17:17:18,17:19:12,114,STEREN
AA0105,45755,0,0,PS,990914,17:35:09,17:35:18,9,0:00:00,0:00:00,0,AGENT,17:35:17,17:38:38,201,STEREN
AA0105,45756,0,0,NE,990914,17:47:57,17:48:14,17,0:00:00,0:00:00,0,AGENT,17:48:13,17:49:12,59,NAAMA
AA0105,45757,0,0,PS,990914,18:04:56,18:05:11,15,0:00:00,0:00:00,0,AGENT,18:05:11,18:06:41,90,BENSION
AA0105,45758,0,0,PS,990914,18:21:12,18:21:25,13,0:00:00,0:00:00,0,AGENT,18:21:24,18:21:54,30,NAAMA
AA0105,45759,0,0,NW,990914,18:38:18,18:38:30,12,0:00:00,0:00:00,0,AGENT,18:38:30,18:39:20,50,ROTH
AA0105,45760,0,0,PS,990914,18:53:02,18:53:12,10,0:00:00,0:00:00,0,AGENT,18:53:12,18:56:35,203,STEREN
AA0105,45761,0,0,NW,990914,19:10:48,19:11:04,16,0:00:00,0:00:00,0,AGENT,19:11:04,19:11:44,40,STEREN
AA0105,45762,0,0,PS,990914,19:32:10,19:32:20,10,0:00:00,0:00:00,0,AGENT,19:32:18,19:33:34,76,ROTH
AA0105,45763,0,0,NW,990914,19:46:14,19:46:30,16,0:00:00,0:00:00,0,AGENT,19:46:29,19:47:40,71,BENSION
AA0105,45764,10634848,1,NE,990914,20:08:33,20:08:39,6,20:08:39,20:08:52,13,AGENT,20:08:51,20:12:28,217,ROTH
AA0105,45765,0,0,PS,990914,20:31:47,20:31:58,11,0:00:00,0:00:00,0,AGENT,20:31:57,20:36:33,276,STEREN
AA0105,45766,0,0,PS,990914,20:52:15,20:52:24,9,0:00:00,0:00:00,0,AGENT,20:52:23,20:53:50,87,STEREN
AA0105,45767,33186792,2,PS,990914,21:18:37,21:18:43,6,21:18:43,21:18:56,13,AGENT,21:18:56,21:23:19,263,BENSION
AA0105,45768,0,0,PS,990914,21:38:21,21:38:37,16,0:00:00,0:00:00,0,AGENT,21:38:36,21:40:19,103,BENSION
AA0105,45769,25712514,1,PS,990914,21:52:22,21:52:27,5,21:52:27,21:54:35,128,AGENT,21:54:34,21:54:44,10,BENSION
AA0105,45770,0,0,PS,990914,22:21:18,22:21:31,13,0:00:00,0:00:00,0,AGENT,22:21:30,22:24:43,193,BENSION
AA0105,45771,0,0,PS,990914,22:49:11,22:49:22,11,0:00:00,0:00:00,0,AGENT,22:49:20,22:50:16,56,ZOHARI
AA0105,45772,59286591,1,PS,990914,23:18:37,23:18:48,11,23:18:48,23:19:24,36,AGENT,23:18:47,23:21:47,180,STEREN
AA0105,45773,0,0,PS,990914,23:47:11,23:47:20,9,0:00:00,0:00:00,0,AGENT,23:47:19,23:49:54,155,SHARON
AA0105,45774,0,0,PS,990915,6:17:29,6:18:30,61,0:00:00,0:00:00,0,HANG,0:00:00,0:00:00,0,NO_SERVER
AA0105,45775,0,0,PS,990915,7:43:43,7:43:52,9,0:00:00,0:00:00,0,AGENT,7:43:51,7:45:48,117,VICKY
AA0105,45776,0,0,PS,990915,8:03:06,8:03:15,9,0:00:00,0:00:00,0,AGENT,8:03:14,8:04:11,57,YIFAT
AA0105,45777,0,0,PS,990915,8:19:45,8:19:55,10,0:00:00,0:00:00,0,AGENT,8:19:54,8:20:51,57,YIFAT
AA0105,45778,0,0,PS,990915,8:36:36,8:36:44,8,0:00:00,0:00:00,0,AGENT,8:36:44,8:38:23,99,ROTH
AA0105,45779,0,0,NW,990915,8:47:53,8:48:02,9,8:48:02,8:48:14,12,AGENT,8:48:13,8:52:55,282,ROTH
AA0105,45780,0,0,NW,990915,9:00:11,9:00:24,13,0:00:00,0:00:00,0,AGENT,9:00:23,9:02:18,115,AVNI
AA0105,45781,0,0,PS,990915,9:09:37,9:09:46,9,0:00:00,0:00:00,0,AGENT,9:09:45,9:11:52,127,DORIT
AA0105,45782,0,0,NW,990915,9:17:26,9:17:36,10,9:17:36,9:18:59,83,HANG,0:00:00,0:00:00,0,NO_SERVER
AA0105,45783,52031556,2,PS,990915,9:30:05,9:30:11,6,9:30:11,9:30:24,13,AGENT,9:30:24,9:34:02,218,ROTH
AA0105,45784,0,0,PS,990915,9:42:16,9:42:25,9,0:00:00,0:00:00,0,AGENT,9:42:25,9:50:04,459,KAZAV
AA0105,45785,0,0,PS,990915,9:51:04,9:51:12,8,0:00:00,0:00:00,0,AGENT,9:51:11,9:54:29,198,ZOHARI
AA0105,45786,0,0,PS,990915,9:59:59,10:00:08,9,0:00:00,0:00:00,0,AGENT,10:00:07,10:02:34,147,AVNI
AA0105,45787,0,0,NW,990915,10:11:40,10:11:50,10,10:11:50,10:13:55,125,HANG,0:00:00,0:00:00,0,NO_SERVER
AA0105,45788,49996945,2,PS,990915,10:17:52,10:17:58,6,10:17:58,10:22:10,252,AGENT,10:22:09,10:26:17,248,STEREN
AA0105,45789,101030,2,NE,990915,10:28:26,10:28:32,6,10:28:32,10:28:51,19,AGENT,10:28:50,10:31:36,166,VICKY
AA0105,45790,53186953,2,PS,990915,10:36:52,10:36:57,5,10:36:57,10:37:25,28,AGENT,10:37:24,10:38:16,52,KAZAV
AA0105,45791,0,0,NE,990915,10:44:43,10:44:56,13,0:00:00,0:00:00,0,AGENT,10:44:54,10:53:23,509,ELI
AA0105,45792,0,0,PS,990915,10:53:59,10:54:08,9,0:00:00,0:00:00,0,AGENT,10:54:07,10:55:54,107,ROTH
AA0105,45793,0,0,NE,990915,11:04:07,11:04:16,9,0:00:00,0:00:00,0,AGENT,11:04:16,11:08:01,225,ZOHARI
AA0105,45794,0,0,PS,990915,11:13:34,11:13:44,10,0:00:00,0:00:00,0,AGENT,11:13:42,11:18:23,281,GOLDIE
AA0105,45795,0,0,PS,990915,11:23:54,11:24:04,10,0:00:00,0:00:00,0,AGENT,11:24:03,11:25:59,116,VICKY
AA0105,45796,52120771,1,NE,990915,11:32:25,11:32:31,6,11:32:31,11:34:03,92,AGENT,11:34:03,11:35:56,113,VICKY
AA0105,45797,0,0,PS,990915,11:49:24,11:49:34,10,0:00:00,0:00:00,0,AGENT,11:49:34,11:51:44,130,VICKY
AA0105,45798,0,0,PS,990915,12:02:02,12:02:11,9,0:00:00,0:00:00,0,AGENT,12:02:09,12:04:26,137,STEREN
AA0105,45799,0,0,PS,990915,12:13:26,12:13:35,9,0:00:00,0:00:00,0,AGENT,12:13:34,12:17:09,215,GOLDIE
AA0105,45800,0,0,PS,990915,12:24:24,12:24:34,10,0:00:00,0:00:00,0,AGENT,12:24:33,12:26:10,97,DORIT
AA0105,45801,0,0,PS,990915,12:38:07,12:38:16,9,0:00:00,0:00:00,0,AGENT,12:38:15,12:39:20,65,ROTH
AA0105,45802,0,0,PS,990915,12:52:20,12:52:33,13,0:00:00,0:00:00,0,AGENT,12:52:32,12:55:19,167,DORIT
AA0105,45803,0,0,PS,990915,13:06:03,13:06:12,9,0:00:00,0:00:00,0,AGENT,13:06:12,13:09:25,193,DORIT
AA0105,45804,27165570,1,PS,990915,13:14:41,13:14:46,5,13:14:46,13:16:44,118,AGENT,13:16:43,13:18:07,84,YIFAT
AA0105,45805,10473262,2,PS,990915,13:26:26,13:26:31,5,13:26:31,13:27:01,30,AGENT,13:27:00,13:31:11,251,STEREN
AA0105,45806,0,0,NE,990915,13:42:13,13:42:22,9,0:00:00,0:00:00,0,AGENT,13:42:21,13:48:36,375,ZOHARI
AA0105,45807,0,0,PS,990915,13:55:25,13:55:33,8,0:00:00,0:00:00,0,AGENT,13:55:32,13:57:48,136,GOLDIE
AA0105,45808,0,0,NW,990915,14:04:43,14:04:59,16,0:00:00,0:00:00,0,AGENT,14:04:57,14:15:19,622,GOLDIE
AA0105,45809,1574243,2,NE,990915,14:16:28,14:16:34,6,14:16:34,14:17:16,42,AGENT,14:17:16,14:17:53,37,STEREN
AA0105,45810,0,0,PS,990915,14:28:24,14:28:35,11,0:00:00,0:00:00,0,AGENT,14:28:34,14:34:31,357,GOLDIE
AA0105,45811,0,0,PS,990915,14:39:02,14:39:12,10,0:00:00,0:00:00,0,AGENT,14:39:11,14:45:29,378,GOLDIE
AA0105,45812,53186953,2,PS,990915,14:45:39,14:45:45,6,14:45:45,14:45:52,7,AGENT,14:45:51,14:46:48,57,GOLDIE
AA0105,45813,0,0,PS,990915,14:54:52,14:55:01,9,0:00:00,0:00:00,0,AGENT,14:55:00,14:58:10,190,STEREN
AA0105,45814,54565064,1,PS,990915,15:07:58,15:08:03,5,15:08:03,15:08:41,38,AGENT,15:08:40,15:10:06,86,MORIAH
AA0105,45815,37562147,1,PS,990915,15:13:34,15:13:39,5,15:13:39,15:13:56,17,AGENT,15:13:55,15:15:23,88,AVNI
AA0105,45816,0,0,PS,990915,15:20:53,15:21:03,10,0:00:00,0:00:00,0,AGENT,15:21:02,15:22:15,73,AVNI
AA0105,45817,54665682,2,PS,990915,15:29:55,15:30:01,6,15:30:01,15:30:30,29,AGENT,15:30:29,15:31:59,90,STEREN
AA0105,45818,12482634,2,NE,990915,15:34:43,15:34:49,6,15:34:49,15:35:10,21,AGENT,15:35:09,15:35:56,47,STEREN
AA0105,45819,3374691,2,PS,990915,15:41:12,15:41:18,6,15:41:18,15:41:34,16,AGENT,15:41:33,15:42:15,42,KAZAV
AA0105,45820,0,0,PS,990915,15:49:44,15:49:53,9,0:00:00,0:00:00,0,AGENT,15:49:52,15:51:30,98,GOLDIE
AA0105,45821,0,0,PS,990915,16:01:38,16:01:50,12,0:00:00,0:00:00,0,AGENT,16:01:49,16:01:55,6,BENSION
AA0105,45822,0,0,PS,990915,16:11:20,16:11:31,11,0:00:00,0:00:00,0,AGENT,16:11:30,16:15:07,217,BENSION
AA0105,45823,0,0,NW,990915,16:26:34,16:26:47,13,0:00:00,0:00:00,0,AGENT,16:26:46,16:27:52,66,MORIAH
AA0105,45824,0,0,PS,990915,16:40:11,16:40:23,12,0:00:00,0:00:00,0,AGENT,16:40:23,16:40:43,20,AVI
AA0105,45825,0,0,PS,990915,16:51:24,16:51:35,11,0:00:00,0:00:00,0,AGENT,16:51:34,16:51:48,14,AVNI
AA0105,45826,0,0,PS,990915,17:09:15,17:09:24,9,0:00:00,0:00:00,0,AGENT,17:09:24,17:12:05,161,ANAT
AA0105,45827,0,0,PS,990915,17:22:26,17:22:41,15,0:00:00,0:00:00,0,AGENT,17:22:34,17:25:51,197,MORIAH
AA0105,45828,0,0,PS,990915,17:36:32,17:36:41,9,0:00:00,0:00:00,0,AGENT,17:36:40,17:36:43,3,TOVA
AA0105,45829,0,0,PS,990915,18:00:57,18:01:13,16,0:00:00,0:00:00,0,AGENT,18:01:13,18:02:19,66,BENSION
AA0105,45830,0,0,NW,990915,18:21:59,18:22:15,16,0:00:00,0:00:00,0,AGENT,18:22:15,18:23:15,60,YITZ
AA0105,45831,0,0,PS,990915,18:37:05,18:37:19,14,0:00:00,0:00:00,0,AGENT,18:37:18,18:38:21,63,BENSION
AA0105,45832,0,0,PS,990915,18:51:29,18:51:42,13,0:00:00,0:00:00,0,AGENT,18:51:41,18:53:10,89,MORIAH
AA0105,45833,0,0,PS,990915,19:10:09,19:10:21,12,0:00:00,0:00:00,0,AGENT,19:10:20,19:12:55,155,AVI
AA0105,45834,0,0,PS,990915,19:35:14,19:35:31,17,0:00:00,0:00:00,0,AGENT,19:35:30,19:36:17,47,BENSION
AA0105,45835,0,0,NW,990915,19:55:22,19:55:32,10,0:00:00,0:00:00,0,AGENT,19:55:36,19:55:41,5,NO_SERVER
AA0105,45836,0,0,PS,990915,20:20:10,20:20:22,12,0:00:00,0:00:00,0,AGENT,20:20:21,20:21:20,59,AVI
AA0105,45837,0,0,PS,990915,20:38:55,20:39:09,14,0:00:00,0:00:00,0,AGENT,20:39:09,20:42:20,191,BASCH
AA0105,45838,0,0,PS,990915,20:53:47,20:53:58,11,0:00:00,0:00:00,0,AGENT,20:53:58,20:59:48,350,YITZ
AA0105,45839,0,0,PS,990915,21:14:46,21:14:56,10,0:00:00,0:00:00,0,AGENT,21:14:55,21:20:29,334,AVI
AA0105,45840,52867744,2,PS,990915,21:30:18,21:30:23,5,21:30:23,21:31:03,40,AGENT,21:31:03,21:32:53,110,YITZ
AA0105,45841,25235185,2,PS,990915,21:50:07,21:50:13,6,21:50:13,21:51:21,68,AGENT,21:51:20,21:51:39,19,BENSION
AA0105,45842,0,0,NE,990915,22:03:40,22:03:48,8,0:00:00,0:00:00,0,AGENT,22:03:47,22:06:20,153,AVI
AA0105,45843,0,0,PS,990915,22:23:15,22:23:24,9,0:00:00,0:00:00,0,AGENT,22:23:23,22:23:24,1,AVI
AA0105,45844,0,0,PS,990915,22:55:36,22:55:50,14,0:00:00,0:00:00,0,AGENT,22:55:49,22:56:16,27,BENSION
AA0105,45845,25246380,2,PS,990915,23:26:08,23:26:13,5,23:26:13,23:26:52,39,AGENT,23:26:52,23:27:56,64,BENSION
AA0105,45846,0,0,PS,990916,0:39:45,0:40:04,19,0:00:00,0:00:00,0,HANG,0:00:00,0:00:00,0,NO_SERVER
AA0105,45847,0,0,PS,990916,6:56:00,6:56:38,38,0:00:00,0:00:00,0,HANG,0:00:00,0:00:00,0,NO_SERVER
AA0105,45848,0,0,PS,990916,8:00:55,8:01:07,12,0:00:00,0:00:00,0,AGENT,8:01:07,8:04:44,217,DORIT
AA0105,45849,57332249,2,PS,990916,8:15:25,8:15:30,5,8:15:30,8:16:10,40,AGENT,8:16:09,8:16:12,3,TOVA
AA0105,45850,0,0,PS,990916,8:35:26,8:35:37,11,0:00:00,0:00:00,0,AGENT,8:35:36,8:36:06,30,MORIAH
AA0105,45851,0,0,PS,990916,8:45:27,8:45:36,9,0:00:00,0:00:00,0,AGENT,8:45:35,8:46:44,69,KAZAV
AA0105,45852,0,0,PS,990916,8:53:31,8:53:42,11,0:00:00,0:00:00,0,AGENT,8:53:41,8:54:37,56,YIFAT
AA0105,45853,25022625,2,PS,990916,9:05:52,9:05:59,7,9:05:59,9:06:51,52,AGENT,9:06:51,9:10:35,224,TOVA
AA0105,45854,0,0,PS,990916,9:10:52,9:11:01,9,9:11:01,9:14:44,223,PHANTOM,9:14:43,9:14:47,4,NO_SERVER
AA0105,45855,0,0,PS,990916,9:23:49,9:23:58,9,0:00:00,0:00:00,0,AGENT,9:23:57,9:26:21,144,KAZAV
AA0105,45856,0,0,PS,990916,9:42:20,9:42:28,8,0:00:00,0:00:00,0,AGENT,9:42:28,9:43:59,91,ANAT
AA0105,45857,0,0,NW,990916,9:53:42,9:53:52,10,9:53:52,9:57:23,211,AGENT,9:57:22,9:59:05,103,KAZAV
AA0105,45858,4970810,2,PS,990916,10:07:57,10:08:03,6,10:08:03,10:08:41,38,AGENT,10:08:40,10:10:09,89,TOVA
AA0105,45859,15239874,2,PS,990916,10:17:55,10:18:00,5,10:18:00,10:19:15,75,AGENT,10:19:14,10:19:15,1,MORIAH
AA0105,45860,55041289,2,PS,990916,10:24:21,10:24:26,5,10:24:26,10:24:52,26,AGENT,10:24:51,10:29:09,258,DORIT
AA0105,45861,0,0,NW,990916,10:28:43,10:28:52,9,10:28:52,10:32:40,228,AGENT,10:32:39,10:38:51,372,MORIAH
AA0105,45862,43265578,2,PS,990916,10:39:12,10:39:17,5,10:39:17,10:39:46,29,AGENT,10:39:45,10:42:45,180,MORIAH
AA0105,45863,0,0,PS,990916,10:52:03,10:52:12,9,0:00:00,0:00:00,0,AGENT,10:52:11,10:56:40,269,ANAT
AA0105,45864,0,0,NE,990916,11:06:34,11:06:44,10,0:00:00,0:00:00,0,AGENT,11:06:44,11:08:02,78,MORIAH
AA0105,45865,23683378,1,PS,990916,11:18:24,11:18:29,5,11:18:29,11:19:38,69,AGENT,11:19:36,11:21:16,100,ROTH
AA0105,45866,0,0,PS,990916,11:27:42,11:27:54,12,0:00:00,0:00:00,0,AGENT,11:27:53,11:41:20,807,ZOHARI
AA0105,45867,0,0,PS,990916,11:44:59,11:45:05,6,0:00:00,0:00:00,0,AGENT,11:45:12,11:45:25,13,NO_SERVER
AA0105,45868,0,0,PS,990916,11:57:07,11:57:15,8,0:00:00,0:00:00,0,AGENT,11:57:15,11:58:02,47,ROTH
AA0105,45869,0,0,PS,990916,12:03:57,12:04:10,13,0:00:00,0:00:00,0,AGENT,12:04:09,12:07:03,174,TOVA
AA0105,45870,29474020,2,PS,990916,12:16:25,12:16:30,5,12:16:30,12:17:06,36,AGENT,12:17:05,12:19:04,119,TOVA
AA0105,45871,0,0,NE,990916,12:25:33,12:25:43,10,0:00:00,0:00:00,0,AGENT,12:25:42,12:25:45,3,MORIAH
AA0105,45872,0,0,PS,990916,12:41:02,12:41:12,10,0:00:00,0:00:00,0,AGENT,12:41:11,12:42:11,60,DORIT
AA0105,45873,0,0,NW,990916,12:55:57,12:56:07,10,12:56:07,12:56:13,6,AGENT,12:56:12,12:59:14,182,MORIAH
AA0105,45874,0,0,NE,990916,13:06:58,13:07:10,12,0:00:00,0:00:00,0,AGENT,13:07:09,13:12:30,321,TOVA
AA0105,45875,0,0,NW,990916,13:17:43,13:17:53,10,13:17:53,13:19:18,85,AGENT,13:19:18,13:22:13,175,MORIAH
AA0105,45876,54665682,2,PS,990916,13:27:55,13:28:01,6,13:28:01,13:30:56,175,AGENT,13:30:55,13:36:00,305,DORIT
AA0105,45877,51294858,2,PS,990916,13:40:37,13:40:43,6,13:40:43,13:41:03,20,AGENT,13:41:03,13:43:10,127,TOVA
AA0105,45878,32245748,2,PS,990916,13:51:51,13:51:56,5,13:51:56,13:53:31,95,AGENT,13:53:30,14:00:31,421,ROTH
AA0105,45879,68319755,2,PS,990916,14:03:03,14:03:09,6,14:03:09,14:05:06,117,AGENT,14:05:06,14:05:16,10,GOLDIE
AA0105,45880,1574243,2,NE,990916,14:09:46,14:09:52,6,14:09:52,14:12:41,169,AGENT,14:12:41,14:13:04,23,DORIT
AA0105,45881,0,0,NW,990916,14:21:18,14:21:28,10,14:21:28,14:24:10,162,AGENT,14:24:09,14:26:03,114,STEREN
AA0105,45882,29452034,1,PS,990916,14:32:59,14:33:05,6,14:33:05,14:33:48,43,AGENT,14:33:46,14:35:06,80,GOLDIE
AA0105,45883,0,0,NW,990916,14:45:45,14:45:54,9,14:45:54,14:46:19,25,HANG,0:00:00,0:00:00,0,NO_SERVER
AA0105,45884,0,0,PS,990916,14:52:50,14:52:59,9,0:00:00,0:00:00,0,AGENT,14:52:58,14:56:13,195,ROTH
AA0105,45885,34884809,1,PS,990916,14:57:35,14:57:40,5,14:57:40,14:59:14,94,HANG,0:00:00,0:00:00,0,NO_SERVER
AA0105,45886,30663462,2,PS,990916,15:07:48,15:07:53,5,15:07:53,15:15:20,447,AGENT,15:15:19,15:21:20,361,STEREN
AA0105,45887,58869587,2,PS,990916,15:22:01,15:22:07,6,15:22:07,15:24:00,113,HANG,0:00:00,0:00:00,0,NO_SERVER
AA0105,45888,28626448,1,PS,990916,15:30:52,15:30:58,6,15:30:58,15:35:45,287,AGENT,15:35:44,15:36:51,67,STEREN
AA0105,45889,38279345,1,PS,990916,15:41:29,15:41:35,6,15:41:35,15:42:56,81,HANG,0:00:00,0:00:00,0,NO_SERVER
AA0105,45890,9682923,2,PS,990916,15:51:36,15:51:43,7,15:51:43,15:54:54,191,AGENT,15:54:53,16:02:47,474,GILI
AA0105,45892,0,0,PS,990916,16:02:20,16:02:20,0,0:00:00,0:00:00,0,HANG,0:00:00,0:00:00,0,NO_SERVER
AA0105,45893,52120771,1,NE,990916,16:10:16,16:10:22,6,16:10:22,16:11:13,51,AGENT,16:11:12,16:12:22,70,GILI
AA0105,45894,27008085,1,PS,990916,16:23:27,16:23:33,6,16:23:33,16:25:56,143,AGENT,16:25:55,16:26:02,7,AVI
AA0105,45895,23699390,2,NE,990916,16:38:36,16:38:41,5,16:38:41,16:39:50,69,HANG,0:00:00,0:00:00,0,NO_SERVER
AA0105,45896,13000567,2,PS,990916,16:48:57,16:49:02,5,16:49:02,16:50:09,67,AGENT,16:50:09,16:54:51,282,VICKY
AA0105,45897,0,0,NW,990916,17:01:19,17:01:28,9,17:01:28,17:02:05,37,HANG,0:00:00,0:00:00,0,NO_SERVER
AA0105,45898,0,0,PS,990916,17:19:24,17:19:36,12,0:00:00,0:00:00,0,AGENT,17:19:35,17:20:41,66,VICKY
AA0105,45899,317760924,2,PS,990916,17:31:06,17:31:11,5,17:31:11,17:34:46,215,AGENT,17:34:46,17:36:08,82,GILI
AA0105,45900,0,0,PS,990916,17:57:20,17:57:29,9,0:00:00,0:00:00,0,AGENT,17:57:28,17:59:25,117,VICKY
AA0105,45901,0,0,PS,990916,18:18:14,18:18:23,9,0:00:00,0:00:00,0,AGENT,18:18:22,18:22:09,227,GILI
AA0105,45902,0,0,PS,990916,18:42:28,18:42:37,9,0:00:00,0:00:00,0,AGENT,18:42:36,18:44:47,131,GILI
AA0105,45903,0,0,PS,990916,19:08:12,19:08:22,10,0:00:00,0:00:00,0,AGENT,19:08:21,19:08:28,7,NO_SERVER
AA0105,45904,0,0,PS,990916,19:22:15,19:22:25,10,0:00:00,0:00:00,0,AGENT,19:22:24,19:38:39,975,STEREN
AA0105,45905,0,0,PS,990916,19:46:51,19:47:02,11,0:00:00,0:00:00,0,AGENT,19:47:01,19:47:43,42,GOLDIE
AA0105,45906,0,0,PS,990916,20:16:17,20:16:32,15,0:00:00,0:00:00,0,AGENT,20:16:32,20:18:57,145,GILI
AA0105,45907,0,0,NW,990916,20:54:35,20:54:50,15,0:00:00,0:00:00,0,AGENT,20:54:48,20:56:56,128,STEREN
AA0105,45908,0,0,PS,990916,21:19:35,21:19:50,15,0:00:00,0:00:00,0,AGENT,21:19:50,21:23:53,243,VICKY
AA0105,45909,58704610,2,PS,990916,21:54:55,21:55:00,5,21:55:00,21:55:23,23,AGENT,21:55:22,21:56:16,54,MEIR
AA0105,45910,7191646,2,NE,990916,22:13:39,22:13:45,6,22:13:45,22:17:00,195,AGENT,22:16:59,22:29:02,723,AVNI
AA0105,45911,23699390,2,PS,990916,22:36:14,22:36:20,6,22:36:20,22:37:11,51,AGENT,22:37:10,22:40:43,213,GELBER
AA0105,45912,0,0,PS,990916,23:15:47,23:15:57,10,0:00:00,0:00:00,0,AGENT,23:15:56,23:16:45,49,GELBER
AA0105,45913,0,0,NE,990916,23:58:48,23:58:58,10,0:00:00,0:00:00,0,AGENT,23:58:57,0:01:39,162,AVNI
AA0105,45914,0,0,PS,990917,7:07:31,7:07:47,16,0:00:00,0:00:00,0,AGENT,7:07:47,7:09:08,81,BENSION
AA0105,45915,0,0,PS,990917,7:48:23,7:48:35,12,0:00:00,0:00:00,0,AGENT,7:48:34,7:50:17,103,STEREN
AA0105,45916,0,0,PS,990917,8:15:28,8:15:38,10,0:00:00,0:00:00,0,AGENT,8:15:37,8:19:33,236,MORIAH
AA0105,45917,0,0,PS,990917,8:32:26,8:32:35,9,0:00:00,0:00:00,0,AGENT,8:32:34,8:36:18,224,SHARON
AA0105,45918,12482634,2,NE,990917,8:46:30,8:46:36,6,8:46:36,8:48:13,97,AGENT,8:48:11,8:48:31,20,STEREN
AA0105,45919,59065060,2,PS,990917,8:57:05,8:57:11,6,8:57:11,8:57:40,29,AGENT,8:57:40,8:59:15,95,SHARON
AA0105,45920,27388818,2,PS,990917,9:13:51,9:13:57,6,9:13:57,9:14:49,52,AGENT,9:14:48,9:17:41,173,STEREN
AA0105,45921,0,0,PS,990917,9:30:08,9:30:17,9,0:00:00,0:00:00,0,AGENT,9:30:16,9:32:40,144,DORIT
AA0105,45922,58704610,2,PS,990917,9:41:45,9:41:51,6,9:41:51,9:43:12,81,AGENT,9:43:12,9:45:00,108,MORIAH
AA0105,45923,0,0,NW,990917,9:54:57,9:55:15,18,0:00:00,0:00:00,0,AGENT,9:55:13,9:55:42,29,BENSION
AA0105,45924,15441082,2,PS,990917,10:06:02,10:06:08,6,10:06:08,10:06:17,9,AGENT,10:06:17,10:09:02,165,SHARON
AA0105,45925,24207532,2,PS,990917,10:19:00,10:19:06,6,10:19:06,10:19:29,23,AGENT,10:19:28,10:19:32,4,MORIAH
AA0105,45926,0,0,PS,990917,10:39:06,10:39:26,20,0:00:00,0:00:00,0,AGENT,10:39:18,10:42:53,215,DORIT
AA0105,45927,0,0,NW,990917,10:58:29,10:58:42,13,0:00:00,0:00:00,0,AGENT,10:58:41,11:00:39,118,STEREN
AA0105,45928,52842762,1,PS,990917,11:12:18,11:12:24,6,11:12:24,11:13:19,55,AGENT,11:13:18,11:18:48,330,DORIT
AA0105,45929,28711224,1,PS,990917,11:28:36,11:28:42,6,11:28:42,11:29:06,24,AGENT,11:29:05,11:29:55,50,SHARON
AA0105,45930,0,0,PS,990917,11:49:11,11:49:20,9,0:00:00,0:00:00,0,AGENT,11:49:20,11:56:22,422,STEREN
AA0105,45931,0,0,NW,990917,12:15:09,12:15:23,14,0:00:00,0:00:00,0,AGENT,12:15:22,12:22:55,453,MORIAH
AA0105,45932,0,0,NW,990917,12:31:50,12:32:04,14,0:00:00,0:00:00,0,AGENT,12:32:03,12:33:37,94,DORIT
AA0105,45933,36189249,1,PS,990917,13:03:24,13:03:30,6,13:03:30,13:03:48,18,AGENT,13:03:48,13:05:54,126,DORIT
AA0105,45934,0,0,PS,990917,13:30:00,13:30:12,12,0:00:00,0:00:00,0,AGENT,13:30:12,13:31:38,86,SHARON
AA0105,45936,0,0,PS,990917,14:08:19,14:08:19,0,0:00:00,0:00:00,0,HANG,0:00:00,0:00:00,0,NO_SERVER
AA0105,45937,0,0,PS,990917,15:08:10,15:08:29,19,0:00:00,0:00:00,0,HANG,0:00:00,0:00:00,0,NO_SERVER
AA0105,45938,0,0,NW,990917,20:05:34,20:05:40,6,0:00:00,0:00:00,0,HANG,0:00:00,0:00:00,0,NO_SERVER
AA0105,45939,0,0,PS,990918,18:57:33,18:57:49,16,0:00:00,0:00:00,0,HANG,0:00:00,0:00:00,0,NO_SERVER
AA0105,45940,62333810,1,PS,990918,19:52:20,19:52:26,6,19:52:26,19:52:50,24,AGENT,19:52:49,19:52:50,1,AVI
AA0105,45941,0,0,PS,990918,20:33:30,20:33:39,9,0:00:00,0:00:00,0,AGENT,20:33:38,20:39:52,374,DARMON
AA0105,45942,0,0,NE,990918,21:00:27,21:00:36,9,0:00:00,0:00:00,0,AGENT,21:00:35,21:08:28,473,DARMON
AA0105,45943,0,0,PS,990918,21:42:21,21:42:39,18,0:00:00,0:00:00,0,AGENT,21:42:37,21:44:07,90,SHARON
AA0105,45944,221148802,2,PS,990918,22:11:14,22:11:20,6,22:11:20,22:12:55,95,AGENT,22:12:54,22:14:19,85,AVI
AA0105,45945,0,0,PS,990918,23:14:07,23:14:17,10,0:00:00,0:00:00,0,AGENT,23:14:16,23:20:09,353,DORIT
AA0105,45946,0,0,NW,990919,3:28:06,3:28:22,16,0:00:00,0:00:00,0,HANG,0:00:00,0:00:00,0,NO_SERVER
AA0105,45947,0,0,PS,990919,7:34:49,7:35:11,22,0:00:00,0:00:00,0,AGENT,7:35:01,7:36:03,62,SHARON
AA0105,45948,0,0,PS,990919,7:55:57,7:56:16,19,0:00:00,0:00:00,0,AGENT,7:56:16,7:57:04,48,ANAT
AA0105,45949,0,0,NW,990919,8:14:04,8:14:36,32,0:00:00,0:00:00,0,AGENT,8:14:34,8:15:19,45,SHARON
AA0105,45950,0,0,NW,990919,8:32:46,8:32:59,13,0:00:00,0:00:00,0,AGENT,8:32:58,8:33:20,22,AVNI
AA0105,45951,0,0,PS,990919,8:42:13,8:42:23,10,0:00:00,0:00:00,0,AGENT,8:42:22,8:43:51,89,TOVA
AA0105,45952,0,0,NW,990919,8:53:45,8:53:55,10,8:53:55,8:55:20,85,AGENT,8:55:20,8:55:44,24,SHARON
AA0105,45953,0,0,PS,990919,9:07:58,9:08:08,10,0:00:00,0:00:00,0,AGENT,9:08:07,9:10:07,120,YIFAT
AA0105,45954,0,0,PS,990919,9:27:30,9:27:41,11,0:00:00,0:00:00,0,AGENT,9:27:41,9:36:00,499,ANAT
AA0105,45955,0,0,PS,990919,9:43:44,9:43:52,8,0:00:00,0:00:00,0,AGENT,9:43:51,9:44:55,64,YIFAT
AA0105,45956,0,0,PS,990919,10:04:16,10:04:25,9,0:00:00,0:00:00,0,AGENT,10:04:24,10:06:08,104,AVNI
AA0105,45957,0,0,PS,990919,10:29:23,10:29:33,10,0:00:00,0:00:00,0,AGENT,10:29:32,10:30:33,61,TOVA
AA0105,45958,0,0,PS,990919,11:00:21,11:00:30,9,0:00:00,0:00:00,0,AGENT,11:00:29,11:02:35,126,AVNI
AA0105,45959,0,0,PS,990919,11:38:09,11:38:18,9,0:00:00,0:00:00,0,AGENT,11:38:17,11:39:15,58,AVNI
AA0105,45960,0,0,NW,990920,17:07:29,17:07:36,7,0:00:00,0:00:00,0,HANG,0:00:00,0:00:00,0,NO_SERVER
AA0105,45961,0,0,PS,990920,20:44:20,20:44:32,12,0:00:00,0:00:00,0,HANG,0:00:00,0:00:00,0,NO_SERVER
AA0105,45962,0,0,PS,990920,21:26:29,21:26:44,15,0:00:00,0:00:00,0,AGENT,21:26:43,21:28:13,90,DORIT
AA0105,45963,54613724,2,NE,990920,21:50:22,21:50:27,5,21:50:27,21:52:28,121,AGENT,21:52:27,21:53:16,49,SHARON
AA0105,45964,0,0,PS,990920,22:26:19,22:26:28,9,0:00:00,0:00:00,0,AGENT,22:26:28,22:27:04,36,DORIT
AA0105,45965,28704385,2,PS,990920,22:52:46,22:52:51,5,22:52:51,22:52:56,5,AGENT,22:52:55,22:53:24,29,SHARON
AA0105,45966,0,0,NE,990920,23:27:58,23:28:08,10,0:00:00,0:00:00,0,AGENT,23:28:07,23:29:10,63,ZOHARI
AA0105,45967,0,0,PS,990921,1:01:51,1:02:08,17,0:00:00,0:00:00,0,HANG,0:00:00,0:00:00,0,NO_SERVER
AA0105,45968,0,0,PS,990921,6:42:31,6:43:09,38,0:00:00,0:00:00,0,HANG,0:00:00,0:00:00,0,NO_SERVER
AA0105,45969,0,0,PS,990921,7:26:00,7:26:10,10,0:00:00,0:00:00,0,AGENT,7:26:08,7:27:47,99,YIFAT
AA0105,45970,0,0,PS,990921,7:49:04,7:49:17,13,0:00:00,0:00:00,0,AGENT,7:49:15,7:50:28,73,ANAT
AA0105,45971,0,0,PS,990921,8:03:45,8:03:54,9,0:00:00,0:00:00,0,AGENT,8:03:53,8:03:56,3,MORIAH
AA0105,45972,0,0,NW,990921,8:24:14,8:24:24,10,8:24:24,8:25:56,92,HANG,0:00:00,0:00:00,0,NO_SERVER
AA0105,45973,0,0,NW,990921,8:41:18,8:41:27,9,8:41:27,8:42:41,74,AGENT,8:42:40,8:44:51,131,ANAT
AA0105,45974,0,0,PS,990921,8:54:04,8:54:15,11,0:00:00,0:00:00,0,AGENT,8:54:13,8:54:59,46,KAZAV
AA0105,45975,0,0,PS,990921,9:06:49,9:07:01,12,0:00:00,0:00:00,0,AGENT,9:07:00,9:08:07,67,AVI
AA0105,45976,0,0,PS,990921,9:19:56,9:20:06,10,0:00:00,0:00:00,0,AGENT,9:20:04,9:20:58,54,KAZAV
AA0105,45977,0,0,NW,990921,9:31:52,9:32:01,9,9:32:01,9:32:52,51,AGENT,9:32:51,9:35:20,149,AVNI
AA0105,45978,0,0,PS,990921,9:43:57,9:44:07,10,0:00:00,0:00:00,0,AGENT,9:44:05,9:46:18,133,AVNI
AA0105,45979,0,0,NW,990921,9:50:08,9:50:18,10,9:50:18,9:54:34,256,AGENT,9:54:33,9:57:01,148,AVI
AA0105,45980,0,0,PS,990921,10:01:11,10:01:20,9,0:00:00,0:00:00,0,AGENT,10:01:19,10:03:59,160,AVI
AA0105,45981,50008960,2,PS,990921,10:08:33,10:08:38,5,10:08:38,10:10:08,90,AGENT,10:10:07,10:12:14,127,AVI
AA0105,45982,45933116,2,NE,990921,10:15:52,10:15:58,6,10:15:58,10:16:25,27,AGENT,10:16:24,10:16:35,11,AVNI
AA0105,45983,25291774,2,PS,990921,10:22:06,10:22:12,6,10:22:12,10:22:18,6,AGENT,10:22:16,10:23:27,71,DORIT
AA0105,45984,313771297,1,PE,990921,10:30:00,10:30:04,4,10:30:04,10:30:32,28,HANG,0:00:00,0:00:00,0,NO_SERVER
AA0105,45985,8477440,2,PS,990921,10:38:07,10:38:13,6,10:38:13,10:38:54,41,AGENT,10:38:53,10:41:00,127,ROTH
AA0105,45986,32388548,1,PS,990921,10:46:17,10:46:23,6,10:46:23,10:47:17,54,PHANTOM,10:47:16,10:47:22,6,NO_SERVER
AA0105,45987,0,0,PS,990921,10:55:47,10:55:56,9,0:00:00,0:00:00,0,AGENT,10:55:55,11:00:22,267,DORIT
AA0105,45988,67566851,1,PS,990921,11:01:20,11:01:27,7,11:01:27,11:01:42,15,AGENT,11:01:41,11:15:38,837,ANAT
AA0105,45989,24851511,2,PS,990921,11:10:30,11:10:35,5,11:10:35,11:10:49,14,HANG,0:00:00,0:00:00,0,NO_SERVER
AA0105,45990,0,0,PS,990921,11:19:49,11:19:58,9,0:00:00,0:00:00,0,AGENT,11:19:57,11:21:15,78,BASCH
AA0105,45991,0,0,PS,990921,11:28:06,11:28:14,8,0:00:00,0:00:00,0,AGENT,11:28:13,11:29:24,71,AVNI
AA0105,45992,0,0,PS,990921,11:43:49,11:43:58,9,0:00:00,0:00:00,0,AGENT,11:43:58,11:46:52,174,ROTH
AA0105,45993,28465698,2,NE,990921,11:49:17,11:49:22,5,11:49:22,11:50:18,56,AGENT,11:50:17,11:51:08,51,ELI
AA0105,45994,0,0,PS,990921,12:01:11,12:01:19,8,0:00:00,0:00:00,0,AGENT,12:01:18,12:01:51,33,KAZAV
AA0105,45995,32166746,2,PS,990921,12:12:17,12:12:23,6,12:12:23,12:12:25,2,AGENT,12:12:24,12:15:40,196,ROTH
AA0105,45996,0,0,PS,990921,12:25:48,12:25:58,10,0:00:00,0:00:00,0,AGENT,12:25:58,12:33:53,475,YIFAT
AA0105,45997,0,0,PS,990921,12:33:56,12:34:04,8,0:00:00,0:00:00,0,AGENT,12:34:04,12:35:44,100,ROTH
AA0105,45998,0,0,PS,990921,12:49:42,12:49:51,9,0:00:00,0:00:00,0,AGENT,12:49:50,12:50:40,50,ROTH
AA0105,45999,0,0,PS,990921,13:05:39,13:05:48,9,0:00:00,0:00:00,0,AGENT,13:05:47,13:08:05,138,AVNI
AA0105,46000,0,0,NE,990921,13:14:07,13:14:20,13,0:00:00,0:00:00,0,AGENT,13:14:19,13:15:02,43,AVI
AA0105,46001,29641727,2,PS,990921,13:29:09,13:29:15,6,13:29:15,13:32:30,195,AGENT,13:32:30,13:33:16,46,DORIT
AA0105,46002,46535043,1,PS,990921,13:38:56,13:39:02,6,13:39:02,13:41:59,177,AGENT,13:41:58,13:50:23,505,ANAT
AA0105,46003,67282467,2,PS,990921,13:48:37,13:48:43,6,13:48:43,13:51:07,144,AGENT,13:51:06,13:52:51,105,BASCH
AA0105,46004,59197178,2,PS,990921,13:58:47,13:58:52,5,13:58:52,13:58:57,5,AGENT,13:58:55,14:03:00,245,KAZAV
AA0105,46005,0,0,NW,990921,14:07:37,14:07:50,13,0:00:00,0:00:00,0,AGENT,14:07:49,14:10:43,174,AVNI
AA0105,46006,0,0,PS,990921,14:19:46,14:19:56,10,0:00:00,0:00:00,0,AGENT,14:19:55,14:21:24,89,AVI
AA0105,46007,0,0,PS,990921,14:35:32,14:35:47,15,0:00:00,0:00:00,0,AGENT,14:35:46,14:36:59,73,BASCH
AA0105,46008,0,0,PS,990921,14:46:07,14:46:17,10,0:00:00,0:00:00,0,AGENT,14:46:16,14:47:48,92,AVI
AA0105,46009,22225197,1,PS,990921,14:59:26,14:59:32,6,14:59:32,14:59:41,9,AGENT,14:59:40,15:01:38,118,TOVA
AA0105,46010,3519519,1,PS,990921,15:11:27,15:11:33,6,15:11:33,15:14:13,160,AGENT,15:14:12,15:14:57,45,VICKY
AA0105,46011,22456891,1,PS,990921,15:23:16,15:23:22,6,15:23:22,15:26:44,202,AGENT,15:26:43,15:28:40,117,KAZAV
AA0105,46012,0,0,NW,990921,15:34:21,15:34:30,9,15:34:30,15:35:13,43,AGENT,15:35:12,15:36:02,50,ROTH
AA0105,46013,0,0,NW,990921,15:45:31,15:45:40,9,15:45:40,15:46:33,53,HANG,0:00:00,0:00:00,0,NO_SERVER
AA0105,46014,0,0,NW,990921,15:54:23,15:54:32,9,15:54:32,15:55:24,52,HANG,0:00:00,0:00:00,0,NO_SERVER
AA0105,46015,57432775,1,PS,990921,16:04:05,16:04:11,6,16:04:11,16:06:46,155,AGENT,16:06:45,16:07:51,66,AVNI
AA0105,46016,0,0,NE,990921,16:17:07,16:17:16,9,0:00:00,0:00:00,0,AGENT,16:17:15,16:18:55,100,VICKY
AA0105,46017,0,0,NW,990921,16:28:21,16:28:39,18,0:00:00,0:00:00,0,AGENT,16:28:37,16:31:58,201,YITZ
AA0105,46018,0,0,PS,990921,16:38:49,16:38:57,8,0:00:00,0:00:00,0,AGENT,16:38:56,16:42:32,216,AVNI
AA0105,46019,0,0,NW,990921,16:58:59,16:59:14,15,0:00:00,0:00:00,0,AGENT,16:59:13,17:00:27,74,YITZ
AA0105,46020,0,0,NW,990921,17:12:53,17:13:02,9,17:13:02,17:13:33,31,AGENT,17:13:32,17:13:59,27,BENSION
AA0105,46021,0,0,PS,990921,17:31:38,17:31:47,9,0:00:00,0:00:00,0,AGENT,17:31:46,17:34:01,135,STEREN
AA0105,46022,0,0,NE,990921,17:53:05,17:53:16,11,0:00:00,0:00:00,0,AGENT,17:53:15,17:54:39,84,VICKY
AA0105,46023,0,0,PS,990921,18:09:32,18:09:44,12,0:00:00,0:00:00,0,AGENT,18:09:44,18:11:39,115,ZOHARI
AA0105,46024,0,0,NW,990921,18:28:22,18:28:23,1,0:00:00,0:00:00,0,HANG,0:00:00,0:00:00,0,NO_SERVER
AA0105,46025,0,0,PS,990921,18:49:53,18:50:08,15,0:00:00,0:00:00,0,AGENT,18:50:01,18:51:09,68,BENSION
AA0105,46026,33135740,1,PS,990921,19:10:26,19:10:31,5,19:10:31,19:13:17,166,AGENT,19:13:16,19:13:18,2,VICKY
AA0105,46027,3234416,2,PS,990921,19:40:06,19:40:12,6,19:40:12,19:41:29,77,AGENT,19:41:28,19:42:19,51,TOVA
AA0105,46028,0,0,NW,990921,19:56:15,19:56:27,12,0:00:00,0:00:00,0,AGENT,19:56:26,19:56:34,8,GOLDIE
AA0105,46029,0,0,PS,990921,20:24:14,20:24:24,10,0:00:00,0:00:00,0,AGENT,20:24:23,20:25:36,73,STEREN
AA0105,46030,0,0,PS,990921,20:43:41,20:43:55,14,0:00:00,0:00:00,0,AGENT,20:43:54,20:45:40,106,BENSION
AA0105,46031,0,0,PS,990921,21:03:48,21:03:58,10,0:00:00,0:00:00,0,AGENT,21:03:56,21:11:57,481,GOLDIE
AA0105,46032,0,0,PS,990921,21:20:09,21:20:25,16,0:00:00,0:00:00,0,AGENT,21:20:21,21:24:09,228,STEREN
AA0105,46033,0,0,PS,990921,21:42:35,21:42:45,10,0:00:00,0:00:00,0,AGENT,21:42:44,21:46:37,233,GOLDIE
AA0105,46034,0,0,NE,990921,22:00:44,22:00:56,12,0:00:00,0:00:00,0,AGENT,22:00:55,22:01:35,40,GILI
AA0105,46035,0,0,PS,990921,22:23:41,22:23:50,9,0:00:00,0:00:00,0,AGENT,22:23:49,22:30:19,390,GOLDIE
AA0105,46036,0,0,PS,990921,22:53:38,22:53:48,10,0:00:00,0:00:00,0,AGENT,22:53:47,22:55:52,125,GOLDIE
AA0105,46037,25085291,1,PS,990921,23:16:01,23:16:07,6,23:16:07,23:19:40,213,AGENT,23:19:39,23:22:18,159,BENSION
AA0105,46038,0,0,NW,990921,23:54:22,23:54:40,18,0:00:00,0:00:00,0,AGENT,23:54:39,23:56:36,117,BENSION
AA0105,46039,0,0,PS,990922,7:01:21,7:01:36,15,0:00:00,0:00:00,0,AGENT,7:01:35,7:04:10,155,GOLDIE
AA0105,46040,0,0,PS,990922,7:31:44,7:32:00,16,0:00:00,0:00:00,0,AGENT,7:31:59,7:34:07,128,TOVA
AA0105,46041,0,0,NW,990922,7:57:46,7:57:48,2,0:00:00,0:00:00,0,HANG,0:00:00,0:00:00,0,NO_SERVER
AA0105,46042,0,0,PS,990922,8:16:03,8:16:14,11,0:00:00,0:00:00,0,AGENT,8:16:14,8:21:38,324,KAZAV
AA0105,46043,0,0,PS,990922,8:29:34,8:29:43,9,0:00:00,0:00:00,0,AGENT,8:29:43,8:30:41,58,KAZAV
AA0105,46044,0,0,PS,990922,8:44:02,8:44:11,9,0:00:00,0:00:00,0,AGENT,8:44:10,8:48:21,251,GOLDIE
AA0105,46045,0,0,NW,990922,8:55:23,8:55:31,8,0:00:00,0:00:00,0,AGENT,8:55:30,8:56:01,31,KAZAV
AA0105,46046,57253494,1,PS,990922,9:04:44,9:04:50,6,9:04:50,9:04:52,2,AGENT,9:04:52,9:05:55,63,TOVA
AA0105,46047,0,0,PS,990922,9:12:45,9:12:58,13,0:00:00,0:00:00,0,AGENT,9:12:57,9:14:14,77,TOVA
AA0105,46048,53585345,2,PS,990922,9:20:55,9:21:00,5,9:21:00,9:21:48,48,AGENT,9:21:47,9:23:32,105,YIFAT
AA0105,46049,0,0,PS,990922,9:31:44,9:31:53,9,0:00:00,0:00:00,0,AGENT,9:31:52,9:40:07,495,STEREN
AA0105,46050,0,0,PS,990922,9:42:55,9:43:04,9,0:00:00,0:00:00,0,AGENT,9:43:04,9:46:15,191,GOLDIE
AA0105,46051,3704988,2,PS,990922,9:49:17,9:49:23,6,9:49:23,9:49:55,32,AGENT,9:49:54,9:50:01,7,ROTH
AA0105,46052,0,0,PS,990922,10:00:19,10:00:29,10,0:00:00,0:00:00,0,AGENT,10:00:28,10:01:20,52,GOLDIE
AA0105,46053,0,0,PS,990922,10:07:10,10:07:19,9,0:00:00,0:00:00,0,AGENT,10:07:18,10:07:59,41,ZOHARI
AA0105,46054,58704610,2,PS,990922,10:16:11,10:16:17,6,10:16:17,10:17:19,62,AGENT,10:17:18,10:19:57,159,AVNI
AA0105,46055,34496497,1,PS,990922,10:25:22,10:25:28,6,10:25:28,10:27:13,105,AGENT,10:27:13,10:28:32,79,AVNI
AA0105,46056,310963145,2,PS,990922,10:32:42,10:32:48,6,10:32:48,10:32:52,4,AGENT,10:32:51,10:36:34,223,AVNI
AA0105,46057,30663462,2,PS,990922,10:37:38,10:37:59,21,10:37:59,10:38:15,16,AGENT,10:38:14,10:41:00,166,ROTH
AA0105,46058,0,0,NW,990922,10:46:02,10:46:11,9,10:46:11,10:46:22,11,AGENT,10:46:20,10:48:14,114,ROTH
AA0105,46059,0,0,PS,990922,10:55:14,10:55:24,10,0:00:00,0:00:00,0,AGENT,10:55:23,10:56:10,47,STEREN
AA0105,46060,30663462,2,PS,990922,11:03:07,11:03:13,6,11:03:13,11:03:52,39,AGENT,11:03:51,11:07:45,234,KAZAV
AA0105,46061,63730469,1,PS,990922,11:09:31,11:09:36,5,11:09:36,11:09:54,18,AGENT,11:09:53,11:10:14,21,KAZAV
AA0105,46062,0,0,PS,990922,11:18:12,11:18:22,10,0:00:00,0:00:00,0,AGENT,11:18:21,11:22:38,257,VICKY
AA0105,46063,302428792,2,PS,990922,11:25:16,11:25:21,5,11:25:21,11:27:27,126,AGENT,11:27:27,11:27:36,9,TOVA
AA0105,46064,59823765,1,PS,990922,11:35:03,11:35:09,6,11:35:09,11:36:01,52,AGENT,11:36:00,11:38:34,154,YIFAT
AA0105,46065,1574243,2,NE,990922,11:44:44,11:44:50,6,11:44:50,11:45:38,48,AGENT,11:45:37,11:47:16,99,STEREN
AA0105,46066,16686354,2,NE,990922,11:51:52,11:51:58,6,11:51:58,11:52:12,14,AGENT,11:52:11,11:54:16,125,TOVA
AA0105,46067,54676242,2,PS,990922,11:59:38,11:59:43,5,11:59:43,11:59:47,4,AGENT,11:59:46,12:01:07,81,AVNI
AA0105,46068,28711224,1,PS,990922,12:13:03,12:13:08,5,12:13:08,12:13:24,16,AGENT,12:13:23,12:14:49,86,AVNI
AA0105,46069,0,0,PS,990922,12:25:02,12:25:12,10,0:00:00,0:00:00,0,AGENT,12:25:10,12:26:54,104,ROTH
AA0105,46070,0,0,NW,990922,12:37:55,12:38:09,14,0:00:00,0:00:00,0,AGENT,12:38:08,12:39:07,59,KAZAV
AA0105,46071,50285840,2,PS,990922,12:52:46,12:52:51,5,12:52:51,12:53:00,9,AGENT,12:52:59,12:54:00,61,VICKY
AA0105,46072,0,0,PS,990922,13:07:22,13:07:37,15,0:00:00,0:00:00,0,AGENT,13:07:35,13:09:00,85,GOLDIE
AA0105,46073,0,0,PS,990922,13:20:55,13:21:06,11,0:00:00,0:00:00,0,AGENT,13:21:04,13:21:52,48,YIFAT
AA0105,46074,0,0,PS,990922,13:32:48,13:32:57,9,0:00:00,0:00:00,0,AGENT,13:32:56,13:34:18,82,ZOHARI
AA0105,46075,0,0,NE,990922,13:49:18,13:49:27,9,0:00:00,0:00:00,0,AGENT,13:49:27,13:50:20,53,KAZAV
AA0105,46076,0,0,PS,990922,14:02:09,14:02:18,9,0:00:00,0:00:00,0,AGENT,14:02:17,14:03:23,66,STEREN
AA0105,46077,0,0,PS,990922,14:18:21,14:18:32,11,0:00:00,0:00:00,0,AGENT,14:18:30,14:30:31,721,BASCH
AA0105,46078,0,0,NW,990922,14:31:37,14:31:49,12,0:00:00,0:00:00,0,AGENT,14:31:48,14:32:14,26,KAZAV
AA0105,46079,0,0,PS,990922,14:46:52,14:47:01,9,0:00:00,0:00:00,0,AGENT,14:47:01,14:52:03,302,ROTH
AA0105,46080,30161327,2,PS,990922,14:55:12,14:55:18,6,14:55:18,14:55:23,5,AGENT,14:55:22,14:56:22,60,ROTH
AA0105,46081,0,0,NE,990922,15:07:41,15:07:52,11,0:00:00,0:00:00,0,AGENT,15:07:51,15:09:25,94,ZOHARI
AA0105,46082,317769073,2,PE,990922,15:18:11,15:18:16,5,15:18:16,15:18:56,40,AGENT,15:18:55,15:23:25,270,DORIT
AA0105,46083,0,0,PS,990922,15:26:23,15:26:32,9,0:00:00,0:00:00,0,AGENT,15:26:30,15:34:09,459,ANAT
AA0105,46084,1574243,2,NE,990922,15:34:33,15:34:39,6,15:34:39,15:34:57,18,AGENT,15:34:56,15:35:56,60,ANAT
AA0105,46085,32238313,2,PS,990922,15:43:43,15:43:48,5,15:43:48,15:43:56,8,HANG,0:00:00,0:00:00,0,NO_SERVER
AA0105,46086,0,0,PS,990922,16:03:29,16:03:39,10,0:00:00,0:00:00,0,AGENT,16:03:38,16:06:02,144,BASCH
AA0105,46087,0,0,PS,990922,16:17:19,16:17:29,10,0:00:00,0:00:00,0,AGENT,16:17:28,16:20:09,161,AVI
AA0105,46088,0,0,PS,990922,16:27:05,16:27:15,10,0:00:00,0:00:00,0,AGENT,16:27:14,16:28:08,54,STEREN
AA0105,46089,0,0,PS,990922,16:43:36,16:43:46,10,0:00:00,0:00:00,0,AGENT,16:43:45,16:45:39,114,DORIT
AA0105,46090,0,0,PS,990922,16:54:30,16:54:49,19,0:00:00,0:00:00,0,AGENT,16:54:48,16:57:03,135,STEREN
AA0105,46091,0,0,NE,990922,17:12:59,17:13:08,9,0:00:00,0:00:00,0,AGENT,17:13:08,17:13:13,5,MORIAH
AA0105,46092,0,0,PS,990922,17:35:45,17:35:57,12,0:00:00,0:00:00,0,AGENT,17:35:56,17:38:54,178,SHARON
AA0105,46093,0,0,PS,990922,17:56:01,17:56:11,10,0:00:00,0:00:00,0,AGENT,17:56:10,17:57:20,70,MORIAH
AA0105,46094,0,0,NE,990922,18:14:35,18:14:44,9,0:00:00,0:00:00,0,AGENT,18:14:43,18:17:24,161,BASCH
AA0105,46095,56457682,1,PS,990922,18:28:12,18:28:18,6,18:28:18,18:28:25,7,AGENT,18:28:23,18:29:12,49,AVI
AA0105,46096,0,0,NW,990922,18:54:11,18:54:28,17,0:00:00,0:00:00,0,AGENT,18:54:27,18:56:37,130,MEIR
AA0105,46097,0,0,PS,990922,19:22:40,19:22:52,12,0:00:00,0:00:00,0,AGENT,19:22:52,19:24:25,93,DORIT
AA0105,46098,0,0,NW,990922,19:40:58,19:41:15,17,0:00:00,0:00:00,0,AGENT,19:41:15,19:43:10,115,BENSION
AA0105,46099,0,0,PS,990922,20:10:40,20:10:50,10,0:00:00,0:00:00,0,AGENT,20:10:49,20:13:04,135,DORIT
AA0105,46100,0,0,PS,990922,20:35:32,20:35:42,10,0:00:00,0:00:00,0,AGENT,20:35:41,20:36:52,71,SHARON
AA0105,46101,0,0,NW,990922,21:11:21,21:11:35,14,0:00:00,0:00:00,0,AGENT,21:11:34,21:14:43,189,MORIAH
AA0105,46102,0,0,PS,990922,21:33:54,21:34:10,16,0:00:00,0:00:00,0,AGENT,21:34:09,21:36:14,125,BENSION
AA0105,46103,0,0,PS,990922,21:58:04,21:58:17,13,0:00:00,0:00:00,0,AGENT,21:58:16,22:01:10,174,SHARON
AA0105,46104,0,0,NE,990922,22:22:57,22:23:07,10,0:00:00,0:00:00,0,AGENT,22:23:06,22:24:27,81,GILI
AA0105,46105,0,0,PS,990922,22:53:51,22:54:05,14,0:00:00,0:00:00,0,AGENT,22:54:04,22:54:52,48,BENSION
AA0105,46106,0,0,PS,990922,23:32:23,23:32:32,9,0:00:00,0:00:00,0,AGENT,23:32:31,23:33:31,60,GILI
AA0105,46107,52120771,1,NE,990923,7:31:54,7:31:59,5,7:31:59,7:32:47,48,AGENT,7:32:46,7:33:46,60,ANAT
AA0105,46108,0,0,NW,990923,7:57:58,7:58:08,10,7:58:08,7:58:38,30,AGENT,7:58:36,7:59:37,61,VICKY
AA0105,46109,0,0,PS,990923,8:15:58,8:16:09,11,0:00:00,0:00:00,0,AGENT,8:16:08,8:17:24,76,AVI
AA0105,46110,0,0,PS,990923,8:33:35,8:33:47,12,0:00:00,0:00:00,0,AGENT,8:33:46,8:34:58,72,ANAT
AA0105,46111,0,0,PS,990923,8:46:31,8:46:45,14,0:00:00,0:00:00,0,AGENT,8:46:45,8:47:27,42,ANAT
AA0105,46112,0,0,PS,990923,8:58:48,8:59:00,12,0:00:00,0:00:00,0,AGENT,8:58:59,9:01:09,130,ANAT
AA0105,46113,0,0,NW,990923,9:10:11,9:10:21,10,9:10:21,9:11:46,85,AGENT,9:11:45,9:13:09,84,VICKY
AA0105,46114,0,0,PS,990923,9:22:09,9:22:18,9,0:00:00,0:00:00,0,AGENT,9:22:17,9:24:47,150,VICKY
AA0105,46115,0,0,NW,990923,9:36:26,9:36:41,15,0:00:00,0:00:00,0,AGENT,9:36:40,9:42:02,322,VICKY
AA0105,46116,0,0,PS,990923,9:44:32,9:44:42,10,0:00:00,0:00:00,0,AGENT,9:44:41,9:46:07,86,VICKY
AA0105,46117,32223752,1,PS,990923,9:53:18,9:53:24,6,9:53:24,9:53:39,15,AGENT,9:53:37,9:54:18,41,AVI
AA0105,46118,0,0,PS,990923,10:00:26,10:00:38,12,0:00:00,0:00:00,0,AGENT,10:00:38,10:02:29,111,BASCH
AA0105,46119,1574243,2,NE,990923,10:07:48,10:07:54,6,10:07:54,10:09:52,118,AGENT,10:09:51,10:10:41,50,BASCH
AA0105,46120,13000567,2,PS,990923,10:16:20,10:16:26,6,10:16:26,10:17:21,55,AGENT,10:17:20,10:17:24,4,AVI
AA0105,46121,24851511,2,PS,990923,10:23:11,10:23:17,6,10:23:17,10:24:21,64,HANG,0:00:00,0:00:00,0,NO_SERVER
AA0105,46122,25146077,1,PS,990923,10:30:29,10:30:35,6,10:30:35,10:34:21,226,AGENT,10:34:19,10:35:57,98,BASCH
AA0105,46123,58704610,2,PS,990923,10:41:08,10:41:14,6,10:41:14,10:42:10,56,AGENT,10:42:09,10:43:14,65,BASCH
AA0105,46124,703074,2,PS,990923,10:46:26,10:46:32,6,10:46:32,10:47:09,37,AGENT,10:47:09,10:47:10,1,ANAT
AA0105,46125,56765985,2,PS,990923,10:54:41,10:54:48,7,10:54:48,10:55:36,48,HANG,0:00:00,0:00:00,0,NO_SERVER
AA0105,46126,0,0,PS,990923,11:03:19,11:03:31,12,0:00:00,0:00:00,0,AGENT,11:03:30,11:06:27,177,ANAT
AA0105,46127,31439813,1,PS,990923,11:10:46,11:10:51,5,11:10:51,11:11:28,37,AGENT,11:11:27,11:12:10,43,TOVA
AA0105,46128,0,0,NW,990923,11:23:24,11:23:34,10,11:23:34,11:26:41,187,AGENT,11:26:40,11:28:20,100,PINHAS
AA0105,46129,58826009,2,PS,990923,11:32:19,11:32:25,6,11:32:25,11:32:36,11,AGENT,11:32:36,11:38:14,338,BASCH
AA0105,46130,0,0,NE,990923,11:43:27,11:43:39,12,0:00:00,0:00:00,0,AGENT,11:43:38,11:46:55,197,AVI
AA0105,46131,0,0,NW,990923,11:52:31,11:52:41,10,11:52:41,11:53:00,19,AGENT,11:52:59,11:53:31,32,VICKY
AA0105,46132,0,0,PS,990923,12:06:56,12:07:07,11,0:00:00,0:00:00,0,AGENT,12:07:06,12:08:59,113,BASCH
AA0105,46133,0,0,PS,990923,12:29:51,12:30:08,17,0:00:00,0:00:00,0,AGENT,12:30:07,12:30:09,2,ANAT
AA0105,46134,57464265,2,PS,990923,12:45:21,12:45:26,5,12:45:26,12:45:42,16,AGENT,12:45:41,12:46:08,27,AVI
AA0105,46135,0,0,PS,990923,12:59:54,13:00:03,9,0:00:00,0:00:00,0,AGENT,13:00:03,13:02:49,166,VICKY
AA0105,46136,0,0,PS,990923,13:13:13,13:13:21,8,0:00:00,0:00:00,0,AGENT,13:13:20,13:14:04,44,YIFAT
AA0105,46137,0,0,PS,990923,13:28:50,13:28:59,9,0:00:00,0:00:00,0,AGENT,13:28:58,13:33:04,246,YIFAT
AA0105,46138,24291445,2,PS,990923,13:41:45,13:41:51,6,13:41:51,13:42:36,45,AGENT,13:42:36,13:42:39,3,YIFAT
AA0105,46139,54016787,1,PS,990923,13:54:29,13:54:34,5,13:54:34,13:54:59,25,PHANTOM,13:54:59,13:56:20,81,NO_SERVER
AA0105,46140,58704610,2,PS,990923,14:02:19,14:02:24,5,14:02:24,14:04:09,105,HANG,0:00:00,0:00:00,0,NO_SERVER
AA0105,46141,43288190,2,PS,990923,14:15:48,14:15:54,6,14:15:54,14:17:03,69,AGENT,14:17:02,14:19:38,156,BASCH
AA0105,46142,27885011,2,PS,990923,14:28:55,14:29:01,6,14:29:01,14:31:04,123,AGENT,14:31:03,14:33:15,132,AVI
AA0105,46143,38530739,1,PS,990923,14:45:39,14:46:01,22,14:46:01,14:46:13,12,AGENT,14:46:13,14:47:50,97,BASCH
AA0105,46144,0,0,NE,990923,15:05:07,15:05:16,9,0:00:00,0:00:00,0,AGENT,15:05:16,15:23:53,1117,ELI
AA0105,46145,33769464,1,PS,990923,15:16:46,15:16:52,6,15:16:52,15:18:04,72,HANG,0:00:00,0:00:00,0,NO_SERVER
AA0105,46146,0,0,PS,990923,15:31:25,15:31:33,8,0:00:00,0:00:00,0,AGENT,15:31:33,15:37:05,332,DORIT
AA0105,46147,58704610,2,PS,990923,15:44:08,15:44:14,6,15:44:14,15:44:29,15,HANG,0:00:00,0:00:00,0,NO_SERVER
AA0105,46148,0,0,NE,990923,16:03:42,16:03:54,12,0:00:00,0:00:00,0,AGENT,16:03:53,16:09:10,317,AVNI
AA0105,46149,0,0,PS,990923,16:18:20,16:18:33,13,0:00:00,0:00:00,0,AGENT,16:18:32,16:19:42,70,YITZ
AA0105,46150,0,0,PS,990923,16:32:34,16:32:43,9,0:00:00,0:00:00,0,AGENT,16:32:43,16:33:50,67,SHARON
AA0105,46151,0,0,PS,990923,16:56:24,16:56:35,11,0:00:00,0:00:00,0,AGENT,16:56:34,17:06:41,607,ZOHARI
AA0105,46152,0,0,PS,990923,17:12:34,17:12:43,9,0:00:00,0:00:00,0,AGENT,17:12:42,17:18:24,342,ZOHARI
AA0105,46153,0,0,PS,990923,17:37:47,17:37:56,9,0:00:00,0:00:00,0,AGENT,17:37:56,17:41:26,210,AVNI
AA0105,46154,0,0,NE,990923,18:02:30,18:02:47,17,0:00:00,0:00:00,0,AGENT,18:02:45,18:03:11,26,SHARON
AA0105,46155,0,0,PS,990923,18:49:29,18:49:48,19,0:00:00,0:00:00,0,AGENT,18:49:47,19:01:46,719,GILI
AA0105,46156,0,0,PS,990923,19:18:38,19:18:52,14,0:00:00,0:00:00,0,AGENT,19:18:52,19:19:30,38,SHARON
AA0105,46157,0,0,PS,990923,19:42:39,19:42:52,13,0:00:00,0:00:00,0,AGENT,19:42:52,19:44:38,106,GILI
AA0105,46158,0,0,PS,990923,20:07:10,20:07:19,9,0:00:00,0:00:00,0,AGENT,20:07:18,20:09:06,108,GILI
AA0105,46159,0,0,PS,990923,20:50:02,20:50:13,11,0:00:00,0:00:00,0,AGENT,20:50:13,20:51:22,69,SHARON
AA0105,46160,0,0,PS,990923,21:32:07,21:32:16,9,0:00:00,0:00:00,0,AGENT,21:32:15,21:35:24,189,AVNI
AA0105,46161,0,0,PS,990923,22:17:47,22:17:57,10,0:00:00,0:00:00,0,AGENT,22:17:56,22:18:46,50,YITZ
AA0105,46162,0,0,PS,990923,22:58:41,22:58:53,12,0:00:00,0:00:00,0,AGENT,22:58:52,23:01:36,164,YITZ
AA0105,46163,30577092,2,PS,990923,23:45:39,23:45:44,5,23:45:44,23:45:56,12,AGENT,23:45:55,23:48:13,138,AVNI
AA0105,46164,24512279,2,PS,990924,7:05:07,7:05:13,6,7:05:13,7:06:01,48,AGENT,7:06:00,7:07:20,80,DORIT
AA0105,46165,0,0,NW,990924,7:59:35,7:59:53,18,0:00:00,0:00:00,0,AGENT,7:59:52,8:00:43,51,SHARON
AA0105,46166,0,0,PS,990924,8:24:41,8:24:53,12,0:00:00,0:00:00,0,AGENT,8:24:51,8:26:25,94,ANAT
AA0105,46167,13100896,1,PS,990924,8:43:34,8:43:40,6,8:43:40,8:45:42,122,AGENT,8:45:41,8:47:19,98,SHARON
AA0105,46168,30457154,2,PS,990924,9:01:09,9:01:15,6,9:01:15,9:02:12,57,AGENT,9:02:11,9:03:26,75,BASCH
AA0105,46169,0,0,PS,990924,9:29:17,9:29:26,9,0:00:00,0:00:00,0,AGENT,9:29:24,9:39:45,621,BASCH
AA0105,46170,58755026,2,PS,990924,9:47:53,9:47:58,5,9:47:58,9:48:07,9,HANG,0:00:00,0:00:00,0,NO_SERVER
AA0105,46171,0,0,PS,990924,9:59:57,10:00:06,9,0:00:00,0:00:00,0,AGENT,10:00:06,10:02:03,117,BASCH
AA0105,46172,0,0,PS,990924,10:26:04,10:26:14,10,0:00:00,0:00:00,0,AGENT,10:26:12,10:27:21,69,DORIT
AA0105,46173,11483260,1,PS,990924,10:44:32,10:44:37,5,10:44:37,10:44:52,15,HANG,0:00:00,0:00:00,0,NO_SERVER
AA0105,46174,33841370,1,PS,990924,10:58:30,10:58:36,6,10:58:36,11:00:10,94,AGENT,11:00:09,11:01:06,57,SHARON
AA0105,46175,25345067,2,PS,990924,11:11:34,11:11:40,6,11:11:40,11:12:08,28,AGENT,11:12:08,11:13:50,102,SHARON
AA0105,46176,0,0,PS,990924,11:55:01,11:55:10,9,0:00:00,0:00:00,0,AGENT,11:55:09,11:55:54,45,ANAT
AA0105,46177,0,0,PS,990924,12:09:57,12:10:11,14,0:00:00,0:00:00,0,AGENT,12:10:10,12:11:00,50,ANAT
AA0105,46178,0,0,PS,990924,12:32:14,12:32:27,13,0:00:00,0:00:00,0,AGENT,12:32:26,12:35:20,174,BASCH
AA0105,46179,73597874,2,PS,990924,12:57:32,12:57:37,5,12:57:37,12:57:51,14,HANG,0:00:00,0:00:00,0,NO_SERVER
AA0105,46180,0,0,PS,990924,13:34:40,13:34:51,11,0:00:00,0:00:00,0,AGENT,13:34:50,13:35:39,49,SHARON
AA0105,46181,0,0,PS,990924,14:37:59,14:38:07,8,0:00:00,0:00:00,0,HANG,0:00:00,0:00:00,0,NO_SERVER
AA0105,46182,0,0,NW,990924,16:22:11,16:22:35,24,0:00:00,0:00:00,0,HANG,0:00:00,0:00:00,0,NO_SERVER
AA0105,46183,0,0,NW,990925,19:03:12,19:03:39,27,0:00:00,0:00:00,0,HANG,0:00:00,0:00:00,0,NO_SERVER
AA0105,46184,0,0,PS,990925,21:02:10,21:02:22,12,0:00:00,0:00:00,0,AGENT,21:02:21,21:02:57,36,AVI
AA0105,46185,0,0,PS,990925,22:03:04,22:03:13,9,0:00:00,0:00:00,0,AGENT,22:03:13,22:04:17,64,AVNI
AA0105,46186,0,0,PS,990925,23:04:49,23:04:59,10,0:00:00,0:00:00,0,AGENT,23:04:58,23:10:04,306,AVNI
AA0105,46187,0,0,PS,990926,7:16:06,7:16:16,10,0:00:00,0:00:00,0,AGENT,7:16:15,7:25:31,556,BASCH
AA0105,46188,0,0,PS,990926,8:08:53,8:09:06,13,0:00:00,0:00:00,0,AGENT,8:09:04,8:10:13,69,YITZ
AA0105,46189,0,0,NW,990926,8:38:51,8:39:01,10,8:39:01,8:40:33,92,HANG,0:00:00,0:00:00,0,NO_SERVER
AA0105,46190,0,0,PS,990926,8:58:42,8:58:51,9,0:00:00,0:00:00,0,AGENT,8:58:50,9:00:00,70,AVNI
AA0105,46191,0,0,NE,990926,9:16:45,9:16:55,10,0:00:00,0:00:00,0,AGENT,9:16:55,9:18:37,102,ZOHARI
AA0105,46192,0,0,NW,990926,9:28:18,9:28:31,13,0:00:00,0:00:00,0,AGENT,9:28:30,9:32:17,227,AVNI
AA0105,46193,0,0,PS,990926,9:42:01,9:42:16,15,0:00:00,0:00:00,0,AGENT,9:42:14,9:43:34,80,YITZ
AA0105,46194,23383607,2,PS,990926,9:50:17,9:50:22,5,9:50:22,9:53:29,187,AGENT,9:53:28,9:57:11,223,AVNI
AA0105,46195,0,0,PS,990926,10:06:10,10:06:19,9,0:00:00,0:00:00,0,AGENT,10:06:19,10:06:59,40,YIFAT
AA0105,46196,0,0,PS,990926,10:17:40,10:17:51,11,0:00:00,0:00:00,0,AGENT,10:17:49,10:18:31,42,YITZ
AA0105,46197,0,0,PS,990926,10:33:41,10:33:51,10,0:00:00,0:00:00,0,AGENT,10:33:50,10:34:09,19,VICKY
AA0105,46198,0,0,PS,990926,10:49:42,10:49:52,10,0:00:00,0:00:00,0,AGENT,10:49:51,10:50:21,30,DORIT
AA0105,46199,23872237,2,PS,990926,10:58:12,10:58:18,6,10:58:18,10:59:33,75,AGENT,10:59:32,11:03:23,231,DORIT
AA0105,46200,29641727,2,PS,990926,11:06:33,11:06:39,6,11:06:39,11:07:16,37,AGENT,11:07:15,11:08:20,65,YIFAT
AA0105,46201,0,0,PS,990926,11:19:31,11:19:41,10,0:00:00,0:00:00,0,AGENT,11:19:40,11:22:36,176,DORIT
AA0105,46202,0,0,PS,990926,11:29:27,11:29:40,13,0:00:00,0:00:00,0,AGENT,11:29:39,11:32:05,146,VICKY
AA0105,46203,54926209,2,PS,990926,11:41:14,11:41:20,6,11:41:20,11:42:19,59,AGENT,11:42:18,11:43:22,64,YITZ
AA0105,46204,0,0,PS,990926,11:57:16,11:57:26,10,0:00:00,0:00:00,0,AGENT,11:57:25,11:59:27,122,YIFAT
AA0105,46205,0,0,PS,990926,12:14:22,12:14:30,8,0:00:00,0:00:00,0,AGENT,12:14:29,12:16:03,94,YITZ
AA0105,46206,0,0,PS,990926,12:33:52,12:34:03,11,0:00:00,0:00:00,0,AGENT,12:34:03,12:37:23,200,DORIT
AA0105,46207,0,0,PS,990926,12:57:20,12:57:31,11,0:00:00,0:00:00,0,AGENT,12:57:30,12:58:21,51,ZOHARI
AA0105,46208,0,0,PS,990926,13:16:49,13:16:59,10,0:00:00,0:00:00,0,AGENT,13:16:58,13:17:15,17,TOVA
AA0105,46209,58704610,2,PS,990926,13:28:01,13:28:07,6,13:28:07,13:29:17,70,AGENT,13:29:16,13:30:27,71,YITZ
AA0105,46210,0,0,PS,990926,13:44:42,13:44:51,9,0:00:00,0:00:00,0,AGENT,13:44:50,13:45:41,51,VICKY
AA0105,46211,0,0,NE,990926,14:03:32,14:03:41,9,0:00:00,0:00:00,0,AGENT,14:03:41,14:05:41,120,TOVA
AA0105,46212,0,0,PS,990926,14:14:50,14:15:01,11,0:00:00,0:00:00,0,AGENT,14:15:00,14:17:13,133,YITZ
AA0105,46213,0,0,NE,990926,14:37:05,14:37:16,11,0:00:00,0:00:00,0,AGENT,14:37:15,14:40:05,170,VICKY
AA0105,46214,0,0,NW,990926,14:56:24,14:56:37,13,0:00:00,0:00:00,0,AGENT,14:56:36,14:57:34,58,AVNI
AA0105,46215,0,0,PS,990926,15:17:40,15:17:53,13,0:00:00,0:00:00,0,AGENT,15:17:48,15:19:31,103,TOVA
AA0105,46216,0,0,NW,990926,15:47:34,15:47:41,7,0:00:00,0:00:00,0,HANG,0:00:00,0:00:00,0,NO_SERVER
AA0105,46217,0,0,PS,990926,16:11:51,16:12:00,9,0:00:00,0:00:00,0,AGENT,16:11:59,16:13:12,73,TOVA
AA0105,46218,0,0,PS,990926,16:56:43,16:56:56,13,0:00:00,0:00:00,0,AGENT,16:56:56,17:03:49,413,DARMON
AA0105,46219,0,0,NW,990926,17:29:52,17:30:00,8,0:00:00,0:00:00,0,HANG,0:00:00,0:00:00,0,NO_SERVER
AA0105,46220,0,0,PS,990926,18:11:21,18:11:30,9,0:00:00,0:00:00,0,AGENT,18:11:30,18:12:33,63,SHARON
AA0105,46221,0,0,NW,990926,18:42:12,18:42:19,7,0:00:00,0:00:00,0,HANG,0:00:00,0:00:00,0,NO_SERVER
AA0105,46222,0,0,PS,990926,19:21:31,19:21:40,9,0:00:00,0:00:00,0,AGENT,19:21:39,19:23:39,120,TOVA
AA0105,46223,57202111,2,PS,990926,20:07:27,20:07:32,5,20:07:32,20:08:17,45,AGENT,20:08:15,20:11:58,223,TOVA
AA0105,46224,0,0,PS,990926,21:07:37,21:07:46,9,0:00:00,0:00:00,0,AGENT,21:07:46,21:10:14,148,SHARON
AA0105,46225,0,0,NW,990926,22:04:38,22:04:46,8,0:00:00,0:00:00,0,HANG,0:00:00,0:00:00,0,NO_SERVER
AA0105,46226,0,0,PS,990926,23:41:37,23:41:52,15,0:00:00,0:00:00,0,AGENT,23:41:51,23:42:52,61,SHARON
AA0105,46227,0,0,PS,990927,7:36:36,7:36:46,10,0:00:00,0:00:00,0,AGENT,7:36:45,7:40:27,222,ZOHARI
AA0105,46228,0,0,NW,990927,8:18:31,8:18:40,9,8:18:40,8:19:01,21,HANG,0:00:00,0:00:00,0,NO_SERVER
AA0105,46229,0,0,PS,990927,8:44:45,8:45:01,16,0:00:00,0:00:00,0,AGENT,8:45:00,8:46:11,71,BASCH
AA0105,46230,13720867,2,PE,990927,8:57:39,8:57:44,5,8:57:44,9:06:21,517,HANG,0:00:00,0:00:00,0,NO_SERVER
AA0105,46231,31382021,1,PS,990927,9:24:25,9:24:31,6,9:24:31,9:25:35,64,AGENT,9:25:33,9:27:08,95,BENSION
AA0105,46232,55279970,2,NE,990927,9:38:42,9:38:48,6,9:38:48,9:40:06,78,AGENT,9:40:05,9:57:55,1070,ZOHARI
AA0105,46233,23817067,2,PS,990927,9:50:38,9:50:43,5,9:50:43,9:51:40,57,AGENT,9:51:39,9:53:08,89,YITZ
AA0105,46234,23822679,2,PS,990927,10:00:35,10:00:41,6,10:00:41,10:01:56,75,HANG,0:00:00,0:00:00,0,NO_SERVER
AA0105,46235,13904420,2,PS,990927,10:09:06,10:09:12,6,10:09:12,10:09:49,37,AGENT,10:09:48,10:10:37,49,VICKY
AA0105,46236,53186953,2,PS,990927,10:23:24,10:23:29,5,10:23:29,10:25:06,97,AGENT,10:25:05,10:25:39,34,BASCH
AA0105,46237,33766023,1,PS,990927,10:39:34,10:39:40,6,10:39:40,10:39:49,9,AGENT,10:39:48,10:47:24,456,BENSION
AA0105,46238,0,0,PS,990927,10:52:56,10:53:13,17,0:00:00,0:00:00,0,AGENT,10:53:12,10:53:47,35,BENSION
AA0105,46239,0,0,NW,990927,11:03:12,11:03:21,9,11:03:21,11:03:23,2,HANG,0:00:00,0:00:00,0,NO_SERVER
AA0105,46240,63611537,2,PS,990927,11:12:28,11:12:33,5,11:12:33,11:12:38,5,AGENT,11:12:38,11:20:17,459,YITZ
AA0105,46241,0,0,PS,990927,11:29:51,11:30:01,10,0:00:00,0:00:00,0,AGENT,11:30:00,11:30:57,57,BENSION
AA0105,46242,0,0,PS,990927,11:43:30,11:43:43,13,0:00:00,0:00:00,0,AGENT,11:43:39,11:45:47,128,NO_SERVER
AA0105,46243,0,0,PS,990927,11:56:05,11:56:18,13,0:00:00,0:00:00,0,AGENT,0:00:00,0:00:00,0,BASCH
AA0105,46244,0,0,PS,990927,12:11:56,12:12:06,10,0:00:00,0:00:00,0,AGENT,12:12:06,12:13:29,83,YITZ
AA0105,46245,28058592,1,PS,990927,12:27:08,12:27:14,6,12:27:14,12:29:23,129,AGENT,12:29:23,12:34:04,281,ZOHARI
AA0105,46246,0,0,NW,990927,12:42:49,12:42:59,10,12:42:59,12:43:04,5,HANG,0:00:00,0:00:00,0,NO_SERVER
AA0105,46247,0,0,PS,990927,12:55:53,12:56:03,10,0:00:00,0:00:00,0,AGENT,12:56:02,13:12:55,1013,YITZ
AA0105,46248,0,0,PS,990927,13:10:47,13:10:58,11,0:00:00,0:00:00,0,AGENT,0:00:00,0:00:00,0,ZOHARI
AA0105,46249,0,0,PS,990927,13:29:25,13:29:35,10,0:00:00,0:00:00,0,AGENT,13:29:35,13:32:39,184,BENSION
AA0105,46250,0,0,PS,990927,13:43:36,13:43:47,11,0:00:00,0:00:00,0,AGENT,13:43:46,13:45:09,83,YITZ
AA0105,46251,0,0,NW,990927,13:57:37,13:57:47,10,13:57:47,13:59:25,98,AGENT,13:59:24,14:03:02,218,BENSION
AA0105,46252,68059401,1,PS,990927,14:13:57,14:14:02,5,14:14:02,14:16:14,132,AGENT,14:16:13,14:16:16,3,SHARON
AA0105,46253,0,0,PS,990927,14:28:54,14:29:05,11,0:00:00,0:00:00,0,AGENT,14:29:04,14:33:27,263,ZOHARI
AA0105,46254,28622421,1,PS,990927,14:44:05,14:44:11,6,14:44:11,14:44:14,3,AGENT,14:44:13,14:47:01,168,SHARON
AA0105,46255,8258329,2,NE,990927,15:02:49,15:02:55,6,15:02:55,15:03:16,21,AGENT,15:03:16,15:05:34,138,ANAT
AA0105,46256,0,0,PS,990927,15:34:03,15:34:13,10,0:00:00,0:00:00,0,AGENT,15:34:12,15:37:11,179,BASCH
AA0105,46257,0,0,PS,990927,16:20:11,16:20:20,9,0:00:00,0:00:00,0,AGENT,16:20:19,16:22:32,133,AVNI
AA0105,46258,0,0,NW,990927,16:35:11,16:35:20,9,16:35:20,16:36:20,60,AGENT,16:36:20,16:36:32,12,MORIAH
AA0105,46259,0,0,PS,990927,17:24:28,17:24:42,14,0:00:00,0:00:00,0,AGENT,17:24:41,17:35:45,664,SHARON
AA0105,46260,0,0,NE,990927,17:44:29,17:44:37,8,0:00:00,0:00:00,0,AGENT,17:44:37,17:45:00,23,MORIAH
AA0105,46261,0,0,NE,990927,18:25:23,18:25:50,27,0:00:00,0:00:00,0,AGENT,18:25:49,18:28:36,167,ANAT
AA0105,46262,0,0,PS,990927,18:54:58,18:55:12,14,0:00:00,0:00:00,0,AGENT,18:55:11,18:55:14,3,ANAT
AA0105,46263,0,0,PS,990927,19:34:24,19:34:35,11,0:00:00,0:00:00,0,AGENT,19:34:34,19:38:27,233,ANAT
AA0105,46264,0,0,PS,990927,20:18:18,20:18:28,10,0:00:00,0:00:00,0,AGENT,20:18:27,20:19:12,45,GILI
AA0105,46265,0,0,PS,990927,21:13:13,21:13:23,10,0:00:00,0:00:00,0,AGENT,21:13:22,21:20:26,424,AVNI
AA0105,46266,14738017,1,PS,990927,21:52:01,21:52:07,6,21:52:07,21:52:51,44,AGENT,21:52:50,21:55:35,165,SHARON
AA0105,46267,0,0,PS,990927,22:28:39,22:28:48,9,0:00:00,0:00:00,0,AGENT,22:28:48,22:32:14,206,GILI
AA0105,46268,0,0,PS,990927,23:37:45,23:37:54,9,0:00:00,0:00:00,0,AGENT,23:37:53,23:40:00,127,MORIAH
AA0105,46269,0,0,PS,990928,6:30:04,6:30:27,23,0:00:00,0:00:00,0,HANG,0:00:00,0:00:00,0,NO_SERVER
AA0105,46270,0,0,PS,990928,7:53:11,7:53:22,11,0:00:00,0:00:00,0,AGENT,7:53:21,7:57:02,221,ANAT
AA0105,46271,58201484,1,PS,990928,8:24:31,8:24:36,5,8:24:36,8:28:49,253,AGENT,8:28:48,8:33:53,305,PINHAS
AA0105,46272,57747453,1,PS,990928,8:48:34,8:48:40,6,8:48:40,8:49:44,64,HANG,0:00:00,0:00:00,0,NO_SERVER
AA0105,46273,53517397,2,PS,990928,9:03:44,9:03:50,6,9:03:50,9:04:01,11,AGENT,9:04:01,9:04:56,55,ANAT
AA0105,46274,306654187,1,PS,990928,9:24:11,9:24:16,5,9:24:16,9:26:26,130,AGENT,9:26:25,9:28:23,118,AVNI
AA0105,46275,23065295,1,PS,990928,9:37:08,9:37:13,5,9:37:13,9:40:52,219,AGENT,9:40:51,9:41:03,12,YIFAT
AA0105,46276,42672089,2,PS,990928,9:55:01,9:55:06,5,9:55:06,10:00:13,307,AGENT,10:00:13,10:01:20,67,YIFAT
AA0105,46277,57253494,1,PS,990928,10:07:27,10:07:32,5,10:07:32,10:11:02,210,AGENT,10:11:01,10:17:09,368,ANAT
AA0105,46278,0,0,NW,990928,10:17:47,10:17:56,9,10:17:56,10:19:19,83,HANG,0:00:00,0:00:00,0,NO_SERVER
AA0105,46279,43461177,1,PS,990928,10:28:55,10:29:01,6,10:29:01,10:29:10,9,HANG,0:00:00,0:00:00,0,NO_SERVER
AA0105,46280,9663006,1,PS,990928,10:36:51,10:36:57,6,10:36:57,10:38:10,73,HANG,0:00:00,0:00:00,0,NO_SERVER
AA0105,46281,16992406,1,PS,990928,10:50:52,10:50:58,6,10:50:58,10:54:51,233,AGENT,10:54:49,10:57:17,148,ANAT
AA0105,46282,0,0,NW,990928,11:03:14,11:03:24,10,11:03:24,11:04:33,69,HANG,0:00:00,0:00:00,0,NO_SERVER
AA0105,46283,64185333,2,PS,990928,11:15:52,11:15:57,5,11:15:57,11:17:00,63,AGENT,11:16:59,11:18:52,113,YIFAT
AA0105,46284,4586186,2,PS,990928,11:25:13,11:25:19,6,11:25:19,11:26:24,65,AGENT,11:26:23,11:33:06,403,AVNI
AA0105,46285,22263115,2,PS,990928,11:36:10,11:36:16,6,11:36:16,11:36:27,11,HANG,0:00:00,0:00:00,0,NO_SERVER
AA0105,46286,57253494,1,PS,990928,11:43:03,11:43:09,6,11:43:09,11:47:37,268,AGENT,11:47:36,11:50:00,144,YIFAT
AA0105,46287,38293304,1,PS,990928,11:57:58,11:58:04,6,11:58:04,11:58:20,16,HANG,0:00:00,0:00:00,0,NO_SERVER
AA0105,46288,52031556,2,PS,990928,12:05:10,12:05:15,5,12:05:15,12:09:58,283,AGENT,12:09:58,12:12:11,133,ANAT
AA0105,46289,51715183,2,PS,990928,12:16:31,12:16:36,5,12:16:36,12:25:06,510,AGENT,12:25:04,12:27:02,118,ANAT
AA0105,46290,25124181,2,NE,990928,12:34:37,12:34:43,6,12:34:43,12:37:46,183,AGENT,12:37:46,12:41:51,245,AVNI
AA0105,46291,10858884,2,NE,990928,12:49:22,12:49:28,6,12:49:28,12:50:26,58,AGENT,12:50:25,12:53:19,174,ZOHARI
AA0105,46292,0,0,PS,990928,13:01:24,13:01:33,9,0:00:00,0:00:00,0,AGENT,13:01:32,13:02:40,68,VICKY
AA0105,46293,32369142,2,PS,990928,13:14:17,13:14:22,5,13:14:22,13:15:25,63,AGENT,13:15:24,13:25:51,627,VICKY
AA0105,46294,0,0,PS,990928,13:33:50,13:33:59,9,0:00:00,0:00:00,0,AGENT,13:33:58,13:35:38,100,ANAT
AA0105,46295,17299231,2,PS,990928,13:47:49,13:47:55,6,13:47:55,13:48:50,55,AGENT,13:48:50,13:49:54,64,VICKY
AA0105,46296,67158097,2,PS,990928,13:57:37,13:57:43,6,13:57:43,13:58:43,60,AGENT,13:58:42,13:59:51,69,BASCH
AA0105,46297,25124181,2,NE,990928,14:10:53,14:10:59,6,14:10:59,14:11:57,58,AGENT,14:11:57,14:19:55,478,AVNI
AA0105,46298,31909146,2,PS,990928,14:24:41,14:24:47,6,14:24:47,14:24:53,6,AGENT,14:24:53,14:26:57,124,VICKY
AA0105,46299,0,0,PS,990928,14:47:50,14:47:59,9,0:00:00,0:00:00,0,AGENT,14:47:59,14:49:09,70,AVNI
AA0105,46300,52705076,1,PS,990928,15:02:59,15:03:04,5,15:03:04,15:08:23,319,PHANTOM,15:08:23,15:08:28,5,NO_SERVER
AA0105,46301,0,0,PS,990928,15:48:49,15:48:57,8,0:00:00,0:00:00,0,AGENT,15:48:56,15:49:51,55,BASCH
AA0105,46302,0,0,NE,990928,16:15:12,16:15:22,10,0:00:00,0:00:00,0,AGENT,16:15:22,16:16:43,81,BASCH
AA0105,46303,0,0,NE,990928,16:41:46,16:41:56,10,0:00:00,0:00:00,0,AGENT,16:41:55,16:51:29,574,VICKY
AA0105,46304,0,0,PS,990928,17:12:14,17:12:23,9,0:00:00,0:00:00,0,AGENT,17:12:22,17:29:05,1003,VICKY
AA0105,46305,0,0,PS,990928,17:38:24,17:38:32,8,0:00:00,0:00:00,0,AGENT,17:38:32,17:40:33,121,YITZ
AA0105,46306,55260194,2,PS,990928,17:55:50,17:55:55,5,17:55:55,17:57:19,84,HANG,0:00:00,0:00:00,0,NO_SERVER
AA0105,46307,74780917,2,NE,990928,18:24:28,18:24:33,5,18:24:33,18:25:10,37,AGENT,18:25:10,18:25:58,48,BASCH
AA0105,46308,0,0,PS,990928,19:08:24,19:08:35,11,0:00:00,0:00:00,0,AGENT,19:08:34,19:13:24,290,BASCH
AA0105,46309,0,0,PS,990928,20:17:41,20:17:54,13,0:00:00,0:00:00,0,AGENT,20:17:54,20:19:04,70,BASCH
AA0105,46310,0,0,NW,990928,20:53:16,20:53:26,10,20:53:26,20:55:26,120,AGENT,20:55:26,20:58:09,163,GILI
AA0105,46311,31792591,2,PS,990928,21:26:29,21:26:35,6,21:26:35,21:26:45,10,AGENT,21:26:44,21:30:04,200,DORIT
AA0105,46312,0,0,PS,990928,21:53:30,21:53:40,10,0:00:00,0:00:00,0,AGENT,21:53:40,21:56:03,143,DORIT
AA0105,46313,0,0,PS,990928,22:34:22,22:34:32,10,0:00:00,0:00:00,0,AGENT,22:34:30,22:35:44,74,SHARON
AA0105,46314,0,0,PS,990928,23:33:32,23:33:42,10,0:00:00,0:00:00,0,AGENT,23:33:42,23:34:21,39,DORIT
AA0105,46315,0,0,PS,990929,7:05:30,7:05:40,10,0:00:00,0:00:00,0,AGENT,7:05:39,7:07:24,105,YIFAT
AA0105,46316,0,0,PS,990929,7:59:28,7:59:40,12,0:00:00,0:00:00,0,AGENT,7:59:39,8:01:11,92,ANAT
AA0105,46317,0,0,PS,990929,8:26:57,8:27:10,13,0:00:00,0:00:00,0,AGENT,8:27:09,8:29:42,153,DORIT
AA0105,46318,0,0,NW,990929,8:42:27,8:42:36,9,8:42:36,8:43:45,69,AGENT,8:43:44,8:44:19,35,SHARON
AA0105,46319,51895019,2,PS,990929,9:00:07,9:00:12,5,9:00:12,9:01:20,68,AGENT,9:01:20,9:02:57,97,SHARON
AA0105,46320,0,0,PS,990929,9:19:48,9:19:57,9,0:00:00,0:00:00,0,AGENT,9:19:57,9:20:50,53,ANAT
AA0105,46321,0,0,PS,990929,9:32:16,9:32:25,9,0:00:00,0:00:00,0,AGENT,9:32:24,9:33:31,67,ANAT
AA0105,46322,313658841,2,PS,990929,9:45:49,9:45:55,6,9:45:55,9:46:40,45,AGENT,9:46:39,9:50:55,256,AVNI
AA0105,46323,0,0,NW,990929,9:53:22,9:53:31,9,9:53:31,10:04:16,645,HANG,0:00:00,0:00:00,0,NO_SERVER
AA0105,46324,0,0,PS,990929,10:14:08,10:14:18,10,0:00:00,0:00:00,0,AGENT,10:14:17,10:16:31,134,ZOHARI
AA0105,46325,0,0,PS,990929,10:23:18,10:23:29,11,0:00:00,0:00:00,0,AGENT,10:23:28,10:25:16,108,SHARON
AA0105,46326,68741495,2,NE,990929,10:35:51,10:35:57,6,10:35:57,10:36:03,6,AGENT,10:36:02,10:41:15,313,ZOHARI
AA0105,46327,23793540,1,PS,990929,10:44:28,10:44:33,5,10:44:33,10:44:47,14,AGENT,10:44:46,10:46:56,130,SHARON
AA0105,46328,52031556,2,PS,990929,10:55:56,10:56:02,6,10:56:02,10:57:30,88,HANG,0:00:00,0:00:00,0,NO_SERVER
AA0105,46329,52031556,2,PS,990929,11:05:38,11:05:44,6,11:05:44,11:06:30,46,AGENT,11:06:30,11:08:20,110,ANAT
AA0105,46330,25124181,2,NE,990929,11:15:25,11:15:30,5,11:15:30,11:17:41,131,AGENT,11:17:39,11:20:17,158,SHARON
AA0105,46331,0,0,PS,990929,11:29:59,11:30:10,11,0:00:00,0:00:00,0,AGENT,11:30:09,11:34:45,276,SHARON
AA0105,46332,50892322,2,PS,990929,11:41:33,11:41:39,6,11:41:39,11:42:31,52,AGENT,11:42:29,11:43:31,62,ZOHARI
AA0105,46333,0,0,NW,990929,11:56:10,11:56:19,9,11:56:19,11:59:26,187,AGENT,11:59:25,11:59:56,31,ANAT
AA0105,46334,48820351,2,NE,990929,12:07:55,12:08:00,5,12:08:00,12:08:42,42,AGENT,12:08:42,12:11:16,154,SHARON
AA0105,46335,0,0,NW,990929,12:16:59,12:17:08,9,12:17:08,12:17:15,7,HANG,0:00:00,0:00:00,0,NO_SERVER
AA0105,46336,54128681,2,PS,990929,12:27:15,12:27:20,5,12:27:20,12:29:52,152,AGENT,12:29:51,12:32:55,184,YIFAT
AA0105,46337,58695172,1,PS,990929,12:41:20,12:41:26,6,12:41:26,12:42:51,85,AGENT,12:42:50,12:44:13,83,YIFAT
AA0105,46338,57831356,2,NE,990929,12:57:52,12:57:57,5,12:57:57,13:02:51,294,AGENT,13:02:51,13:03:12,21,ANAT
AA0105,46339,0,0,PS,990929,13:20:14,13:20:25,11,0:00:00,0:00:00,0,AGENT,13:20:24,13:23:27,183,ANAT
AA0105,46340,0,0,PS,990929,13:34:38,13:34:48,10,0:00:00,0:00:00,0,AGENT,13:34:47,13:44:12,565,ZOHARI
AA0105,46341,43288190,2,PS,990929,13:49:14,13:49:20,6,13:49:20,13:52:10,170,AGENT,13:52:09,13:54:24,135,BASCH
AA0105,46342,53978706,1,PS,990929,13:58:53,13:58:59,6,13:58:59,14:01:25,146,AGENT,14:01:24,14:02:42,78,YIFAT
AA0105,46343,55653984,1,PS,990929,14:13:15,14:13:21,6,14:13:21,14:13:59,38,AGENT,14:13:59,14:14:36,37,DORIT
AA0105,46344,57918849,1,NE,990929,14:22:33,14:22:39,6,14:22:39,14:25:29,170,AGENT,14:25:28,14:29:43,255,BASCH
AA0105,46345,27770932,2,PS,990929,14:38:16,14:38:21,5,14:38:21,14:38:38,17,AGENT,14:38:37,14:42:30,233,BASCH
AA0105,46346,55279970,2,NE,990929,15:06:45,15:06:50,5,15:06:50,15:08:48,118,AGENT,15:08:47,15:19:39,652,AVNI
AA0105,46347,0,0,PS,990929,15:35:22,15:35:37,15,0:00:00,0:00:00,0,AGENT,15:35:36,15:36:45,69,BASCH
AA0105,46348,0,0,PS,990929,16:06:20,16:06:39,19,0:00:00,0:00:00,0,AGENT,16:06:39,16:07:30,51,AVNI
AA0105,46349,42813816,1,NE,990929,16:28:26,16:28:32,6,16:28:32,16:28:47,15,AGENT,16:28:46,16:30:31,105,STEREN
AA0105,46350,67158097,2,PS,990929,17:09:54,17:10:00,6,17:10:00,17:10:35,35,AGENT,17:10:34,17:11:51,77,STEREN
AA0105,46351,0,0,PS,990929,17:39:39,17:39:57,18,0:00:00,0:00:00,0,AGENT,17:39:57,17:42:17,140,DARMON
AA0105,46352,0,0,PS,990929,18:01:51,18:02:00,9,0:00:00,0:00:00,0,AGENT,18:01:59,18:03:11,72,BASCH
AA0105,46353,23699390,2,NE,990929,18:35:12,18:35:18,6,18:35:18,18:35:27,9,AGENT,18:35:26,18:38:21,175,STEREN
AA0105,46354,0,0,PS,990929,19:02:40,19:02:50,10,0:00:00,0:00:00,0,AGENT,19:02:49,19:03:56,67,BASCH
AA0105,46355,0,0,PS,990929,19:26:19,19:26:32,13,0:00:00,0:00:00,0,AGENT,19:26:32,19:30:50,258,VICKY
AA0105,46356,0,0,PS,990929,19:53:34,19:53:47,13,0:00:00,0:00:00,0,AGENT,19:53:46,19:55:21,95,MEIR
AA0105,46357,0,0,PS,990929,20:36:34,20:36:44,10,0:00:00,0:00:00,0,AGENT,20:36:43,20:39:35,172,MEIR
AA0105,46358,0,0,PS,990929,21:08:12,21:08:33,21,0:00:00,0:00:00,0,AGENT,21:08:33,21:10:20,107,MEIR
AA0105,46359,0,0,PS,990929,21:45:35,21:45:44,9,0:00:00,0:00:00,0,AGENT,21:45:43,21:46:10,27,STEREN
AA0105,46360,0,0,PS,990929,22:14:45,22:14:54,9,0:00:00,0:00:00,0,AGENT,22:14:53,22:15:50,57,GILI
AA0105,46361,0,0,PS,990929,23:16:49,23:16:58,9,0:00:00,0:00:00,0,AGENT,23:16:57,23:20:19,202,VICKY
AA0105,46363,0,0,PS,990930,0:10:58,0:10:58,0,0:00:00,0:00:00,0,HANG,0:00:00,0:00:00,0,NO_SERVER
AA0105,46364,0,0,NE,990930,7:13:24,7:14:03,39,0:00:00,0:00:00,0,HANG,0:00:00,0:00:00,0,NO_SERVER
AA0105,46365,0,0,PS,990930,7:58:51,7:59:01,10,0:00:00,0:00:00,0,AGENT,7:59:00,8:00:05,65,YIFAT
AA0105,46366,32274219,1,PS,990930,8:34:39,8:34:44,5,8:34:44,8:36:44,120,AGENT,8:36:44,8:37:30,46,ANAT
AA0105,46367,25684986,2,PS,990930,8:50:42,8:50:48,6,8:50:48,8:52:13,85,AGENT,8:52:13,8:52:15,2,TOVA
AA0105,46368,0,0,PS,990930,9:08:19,9:08:28,9,0:00:00,0:00:00,0,AGENT,9:08:27,9:10:28,121,YIFAT
AA0105,46369,63193346,2,PS,990930,9:18:49,9:18:55,6,9:18:55,9:20:50,115,AGENT,9:20:50,9:22:47,117,SHARON
AA0105,46370,25549700,1,PS,990930,9:36:23,9:36:29,6,9:36:29,9:36:57,28,AGENT,9:36:57,9:38:09,72,ANAT
AA0105,46371,0,0,NE,990930,9:50:47,9:50:57,10,0:00:00,0:00:00,0,AGENT,0:00:00,0:00:00,0,ZOHARI
AA0105,46372,30442495,2,PS,990930,9:55:47,9:55:52,5,9:55:52,9:57:44,112,AGENT,9:57:42,9:57:48,6,ANAT
AA0105,46373,0,0,NE,990930,10:06:21,10:06:33,12,0:00:00,0:00:00,0,AGENT,10:06:32,10:07:33,61,ZOHARI
AA0105,46374,0,0,NE,990930,10:22:34,10:22:46,12,0:00:00,0:00:00,0,AGENT,10:22:46,10:23:52,66,TOVA
AA0105,46375,0,0,NE,990930,10:28:00,10:28:36,36,0:00:00,0:00:00,0,HANG,0:00:00,0:00:00,0,NO_SERVER
AA0105,46376,0,0,NE,990930,10:35:17,10:35:30,13,0:00:00,0:00:00,0,AGENT,10:35:30,10:35:34,4,NO_SERVER
AA0105,46377,0,0,NE,990930,10:41:44,10:41:54,10,10:41:54,10:45:01,187,PHANTOM,10:45:00,10:45:03,3,NO_SERVER
AA0105,46378,0,0,NE,990930,10:49:11,10:49:23,12,0:00:00,0:00:00,0,AGENT,10:49:23,10:49:27,4,NO_SERVER
AA0105,46379,0,0,NW,990930,11:01:24,11:01:34,10,11:01:34,11:01:40,6,HANG,0:00:00,0:00:00,0,NO_SERVER
AA0105,46380,30229546,2,PS,990930,11:05:13,11:05:18,5,11:05:18,11:09:29,251,AGENT,11:09:29,11:11:35,126,YIFAT
AA0105,46381,0,0,NW,990930,11:17:31,11:17:40,9,11:17:40,11:21:47,247,HANG,0:00:00,0:00:00,0,NO_SERVER
AA0105,46383,0,0,PS,990930,11:25:40,11:25:40,0,0:00:00,0:00:00,0,HANG,0:00:00,0:00:00,0,NO_SERVER
AA0105,46384,0,0,NW,990930,11:28:57,11:29:02,5,0:00:00,0:00:00,0,HANG,0:00:00,0:00:00,0,NO_SERVER
AA0105,46385,9202045,2,PS,990930,11:37:17,11:37:22,5,11:37:22,11:38:00,38,HANG,0:00:00,0:00:00,0,NO_SERVER
AA0105,46386,0,0,NW,990930,11:44:00,11:44:10,10,11:44:10,11:44:18,8,HANG,0:00:00,0:00:00,0,NO_SERVER
AA0105,46387,0,0,PS,990930,11:47:52,11:48:03,11,0:00:00,0:00:00,0,AGENT,11:48:02,11:53:49,347,ZOHARI
AA0105,46388,42513184,1,PS,990930,11:54:26,11:54:31,5,11:54:31,11:57:57,206,AGENT,11:57:56,12:01:10,194,ZOHARI
AA0105,46389,7191646,2,NE,990930,12:04:39,12:04:44,5,12:04:44,12:08:14,210,AGENT,12:08:13,12:11:10,177,ANAT
AA0105,46390,0,0,NW,990930,12:17:27,12:17:39,12,0:00:00,0:00:00,0,AGENT,12:17:38,12:17:53,15,ROTH
AA0105,46391,0,0,PS,990930,12:31:01,12:31:10,9,0:00:00,0:00:00,0,AGENT,12:31:10,12:32:42,92,TOVA
AA0105,46392,0,0,PS,990930,12:53:36,12:53:45,9,0:00:00,0:00:00,0,AGENT,12:53:44,12:55:59,135,TOVA
AA0105,46393,0,0,PS,990930,13:05:19,13:05:31,12,0:00:00,0:00:00,0,AGENT,13:05:30,13:08:30,180,SHARON
AA0105,46394,12081501,2,PS,990930,13:24:58,13:25:04,6,13:25:04,13:26:56,112,AGENT,13:26:55,13:28:25,90,ROTH
AA0105,46395,54134291,2,PS,990930,13:44:36,13:44:41,5,13:44:41,13:44:51,10,AGENT,13:44:50,13:48:58,248,ZOHARI
AA0105,46396,22809040,1,PS,990930,13:55:29,13:55:35,6,13:55:35,13:55:45,10,HANG,0:00:00,0:00:00,0,NO_SERVER
AA0105,46397,55476253,2,NE,990930,14:05:43,14:05:49,6,14:05:49,14:07:54,125,AGENT,14:07:54,14:09:52,118,ELI
AA0105,46398,54042171,2,NE,990930,14:19:39,14:19:44,5,14:19:44,14:20:30,46,AGENT,14:20:29,14:22:25,116,SHARON
AA0105,46399,54613724,2,NE,990930,14:28:31,14:28:37,6,14:28:37,14:34:19,342,AGENT,14:34:19,14:37:03,164,ZOHARI
AA0105,46400,307158626,1,PS,990930,14:52:28,14:52:34,6,14:52:34,14:53:21,47,AGENT,14:53:21,14:53:45,24,ZOHARI
AA0105,46401,0,0,PS,990930,15:15:12,15:15:37,25,0:00:00,0:00:00,0,AGENT,15:15:36,15:19:14,218,YITZ
AA0105,46402,0,0,PS,990930,15:50:01,15:50:11,10,0:00:00,0:00:00,0,AGENT,15:50:11,15:51:54,103,STEREN
AA0105,46403,0,0,PS,990930,16:21:32,16:21:41,9,0:00:00,0:00:00,0,AGENT,16:21:40,16:24:44,184,VICKY
AA0105,46404,0,0,PS,990930,16:35:06,16:35:18,12,0:00:00,0:00:00,0,AGENT,16:35:17,16:36:51,94,STEREN
AA0105,46405,200011955,2,PS,990930,16:53:41,16:53:46,5,16:53:46,16:54:43,57,HANG,0:00:00,0:00:00,0,NO_SERVER
AA0105,46406,0,0,PS,990930,17:23:37,17:23:46,9,0:00:00,0:00:00,0,AGENT,17:23:45,17:24:26,41,VICKY
AA0105,46407,55476253,2,NE,990930,17:56:49,17:56:54,5,17:56:54,17:57:53,59,AGENT,17:57:52,17:59:50,118,AVNI
AA0105,46408,0,0,PS,990930,18:38:42,18:38:53,11,0:00:00,0:00:00,0,AGENT,18:38:52,18:40:13,81,MEIR
AA0105,46409,0,0,PS,990930,19:24:01,19:24:10,9,0:00:00,0:00:00,0,AGENT,19:24:09,19:27:35,206,YITZ
AA0105,46410,0,0,PS,990930,20:02:08,20:02:17,9,0:00:00,0:00:00,0,AGENT,20:02:16,20:28:26,1570,YITZ
AA0105,46411,0,0,PS,990930,20:46:11,20:46:25,14,0:00:00,0:00:00,0,AGENT,20:46:24,20:48:18,114,MEIR
AA0105,46412,0,0,PS,990930,21:16:20,21:16:35,15,0:00:00,0:00:00,0,AGENT,21:16:34,21:21:20,286,MEIR
AA0105,46413,0,0,PS,990930,21:58:13,21:58:30,17,0:00:00,0:00:00,0,AGENT,21:58:29,22:00:58,149,STEREN
AA0105,46414,0,0,PS,990930,22:55:02,22:55:12,10,0:00:00,0:00:00,0,AGENT,22:55:12,22:59:31,259,AVNI
AA0106,45822,0,0,NW,990901,3:22:38,3:23:07,29,0:00:00,0:00:00,0,HANG,0:00:00,0:00:00,0,NO_SERVER
AA0106,45823,0,0,PS,990901,7:19:05,7:19:14,9,0:00:00,0:00:00,0,AGENT,7:19:13,7:22:51,218,DORIT
AA0106,45824,0,0,PS,990901,7:48:11,7:48:24,13,0:00:00,0:00:00,0,AGENT,7:48:23,7:52:46,263,DORIT
AA0106,45825,28622710,1,PS,990901,8:06:40,8:06:46,6,8:06:46,8:06:54,8,AGENT,8:06:53,8:08:14,81,ROTH
AA0106,45826,0,0,PS,990901,8:22:06,8:22:16,10,0:00:00,0:00:00,0,AGENT,8:22:15,8:26:39,264,YITZ
AA0106,45827,0,0,NW,990901,8:36:04,8:36:18,14,0:00:00,0:00:00,0,AGENT,8:36:16,8:38:02,106,STEREN
AA0106,45828,0,0,PS,990901,8:49:20,8:49:33,13,0:00:00,0:00:00,0,AGENT,8:49:32,8:50:55,83,NAAMA
AA0106,45829,0,0,PS,990901,9:03:25,9:03:37,12,0:00:00,0:00:00,0,AGENT,9:03:36,9:04:39,63,BASCH
AA0106,45830,0,0,PS,990901,9:12:50,9:13:01,11,0:00:00,0:00:00,0,AGENT,9:13:00,9:19:15,375,BASCH
AA0106,45831,0,0,PS,990901,9:24:47,9:24:56,9,0:00:00,0:00:00,0,AGENT,9:24:55,9:48:06,1391,STEREN
AA0106,45832,0,0,PS,990901,9:35:59,9:36:09,10,0:00:00,0:00:00,0,AGENT,9:36:08,9:42:17,369,AVNI
AA0106,45833,0,0,NW,990901,9:44:13,9:44:22,9,9:44:22,9:46:20,118,AGENT,9:46:20,9:46:55,35,AVNI
AA0106,45834,48820351,2,NE,990901,9:56:33,9:56:39,6,9:56:39,9:57:07,28,AGENT,9:57:05,10:04:37,452,ZOHARI
AA0106,45835,0,0,NW,990901,10:08:03,10:08:17,14,0:00:00,0:00:00,0,AGENT,10:08:15,10:21:25,790,BASCH
AA0106,45836,28863777,1,PS,990901,10:16:07,10:16:13,6,10:16:13,10:16:32,19,AGENT,10:16:31,10:17:56,85,AVNI
AA0106,45837,57211559,2,PS,990901,10:26:06,10:26:11,5,10:26:11,10:26:47,36,AGENT,10:26:45,10:29:01,136,NAAMA
AA0106,45838,0,0,NE,990901,10:37:06,10:37:16,10,0:00:00,0:00:00,0,AGENT,10:37:16,10:41:45,269,ELI
AA0106,45839,0,0,PS,990901,10:49:02,10:49:14,12,0:00:00,0:00:00,0,AGENT,10:49:13,10:50:13,60,NAAMA
AA0106,45840,0,0,PS,990901,11:01:31,11:01:41,10,0:00:00,0:00:00,0,AGENT,11:01:41,11:05:15,214,STEREN
AA0106,45841,0,0,PS,990901,11:13:32,11:13:44,12,0:00:00,0:00:00,0,AGENT,11:13:43,11:28:17,874,BASCH
AA0106,45842,48820351,2,NE,990901,11:24:24,11:24:29,5,11:24:29,11:26:48,139,AGENT,11:26:48,11:35:33,525,AVNI
AA0106,45843,28890796,2,PS,990901,11:40:04,11:40:09,5,11:40:09,11:40:28,19,AGENT,11:40:27,11:44:22,235,ROTH
AA0106,45844,0,0,PS,990901,11:53:15,11:53:24,9,0:00:00,0:00:00,0,AGENT,11:53:24,11:57:42,258,ROTH
AA0106,45845,0,0,PS,990901,12:05:13,12:05:21,8,0:00:00,0:00:00,0,AGENT,12:05:21,12:31:30,1569,STEREN
AA0106,45846,0,0,PS,990901,12:18:08,12:18:22,14,0:00:00,0:00:00,0,AGENT,12:18:21,12:26:22,481,BASCH
AA0106,45847,0,0,NE,990901,12:31:52,12:32:02,10,0:00:00,0:00:00,0,AGENT,12:32:02,12:33:05,63,ELI
AA0106,45848,0,0,PS,990901,12:45:27,12:45:54,27,0:00:00,0:00:00,0,AGENT,12:45:53,12:54:16,503,ZOHARI
AA0106,45849,0,0,PS,990901,12:56:23,12:56:33,10,0:00:00,0:00:00,0,AGENT,12:56:31,12:56:42,11,SHARON
AA0106,45850,0,0,PS,990901,13:12:33,13:12:42,9,0:00:00,0:00:00,0,AGENT,13:12:41,13:17:18,277,ROTH
AA0106,45851,0,0,PS,990901,13:29:06,13:29:17,11,0:00:00,0:00:00,0,AGENT,13:29:17,13:30:23,66,SHARON
AA0106,45852,25509183,2,PS,990901,13:42:28,13:42:34,6,13:42:34,13:43:35,61,AGENT,13:43:34,13:44:52,78,AVNI
AA0106,45853,0,0,NW,990901,13:56:29,13:56:44,15,0:00:00,0:00:00,0,AGENT,13:56:43,13:58:48,125,SHARON
AA0106,45854,0,0,PS,990901,14:07:08,14:07:17,9,0:00:00,0:00:00,0,AGENT,14:07:16,14:12:37,321,DORIT
AA0106,45855,0,0,PS,990901,14:21:47,14:21:56,9,0:00:00,0:00:00,0,AGENT,14:21:56,14:23:53,117,ROTH
AA0106,45856,0,0,PS,990901,14:33:09,14:33:20,11,0:00:00,0:00:00,0,AGENT,14:33:19,14:34:25,66,MORIAH
AA0106,45857,0,0,PS,990901,14:41:33,14:41:42,9,0:00:00,0:00:00,0,AGENT,14:41:41,14:45:59,258,ROTH
AA0106,45858,0,0,PS,990901,14:55:17,14:55:26,9,0:00:00,0:00:00,0,AGENT,14:55:25,14:59:16,231,AVNI
AA0106,45859,24578205,2,PS,990901,15:06:42,15:06:48,6,15:06:48,15:07:36,48,AGENT,15:07:35,15:10:07,152,SHARON
AA0106,45860,0,0,NW,990901,15:17:42,15:17:51,9,15:17:51,15:17:52,1,HANG,0:00:00,0:00:00,0,NO_SERVER
AA0106,45861,0,0,PS,990901,15:28:57,15:29:06,9,0:00:00,0:00:00,0,AGENT,15:29:05,15:32:57,232,SHARON
AA0106,45862,0,0,NE,990901,15:38:07,15:38:16,9,0:00:00,0:00:00,0,AGENT,15:38:15,15:39:17,62,MORIAH
AA0106,45863,33346792,1,PS,990901,15:48:24,15:48:29,5,15:48:29,15:48:51,22,AGENT,15:48:50,15:50:57,127,TOVA
AA0106,45864,0,0,PS,990901,16:03:28,16:03:37,9,0:00:00,0:00:00,0,AGENT,16:03:36,16:10:52,436,AVNI
AA0106,45865,0,0,PS,990901,16:22:03,16:22:15,12,0:00:00,0:00:00,0,AGENT,16:22:14,16:24:39,145,ANAT
AA0106,45866,0,0,PS,990901,16:43:17,16:43:27,10,0:00:00,0:00:00,0,AGENT,16:43:26,16:49:09,343,AVNI
AA0106,45867,0,0,NW,990901,16:53:56,16:54:12,16,0:00:00,0:00:00,0,AGENT,16:54:11,16:56:05,114,AVNI
AA0106,45868,0,0,PS,990901,17:07:13,17:07:30,17,0:00:00,0:00:00,0,AGENT,17:07:29,17:08:09,40,ANAT
AA0106,45869,0,0,PS,990901,17:25:43,17:25:53,10,0:00:00,0:00:00,0,AGENT,17:25:52,17:27:13,81,AVI
AA0106,45870,0,0,PS,990901,17:44:34,17:44:44,10,0:00:00,0:00:00,0,AGENT,17:44:44,17:46:51,127,VICKY
AA0106,45871,0,0,NE,990901,17:58:45,17:58:56,11,0:00:00,0:00:00,0,AGENT,17:58:55,17:59:41,46,TOVA
AA0106,45872,0,0,NW,990901,18:18:09,18:18:23,14,0:00:00,0:00:00,0,AGENT,18:18:22,18:18:56,34,VICKY
AA0106,45873,0,0,PS,990901,18:33:20,18:33:42,22,0:00:00,0:00:00,0,AGENT,18:33:42,18:35:16,94,AVI
AA0106,45874,0,0,PS,990901,18:55:17,18:55:25,8,0:00:00,0:00:00,0,AGENT,18:55:25,19:01:06,341,MEIR
AA0106,45875,0,0,PS,990901,19:26:33,19:26:45,12,0:00:00,0:00:00,0,AGENT,19:26:44,19:28:03,79,MEIR
AA0106,45876,0,0,PS,990901,19:42:56,19:43:06,10,0:00:00,0:00:00,0,AGENT,19:43:06,19:45:30,144,MEIR
AA0106,45877,0,0,PS,990901,20:09:50,20:10:01,11,0:00:00,0:00:00,0,AGENT,20:10:00,20:20:41,641,ANAT
AA0106,45878,12439642,2,PS,990901,20:28:04,20:28:10,6,20:28:10,20:28:28,18,AGENT,20:28:27,20:29:31,64,MEIR
AA0106,45879,0,0,PS,990901,20:41:14,20:41:23,9,0:00:00,0:00:00,0,AGENT,20:41:23,20:42:08,45,AVI
AA0106,45880,0,0,PS,990901,20:52:58,20:53:14,16,0:00:00,0:00:00,0,AGENT,20:53:12,20:53:47,35,BENSION
AA0106,45881,0,0,PS,990901,21:09:07,21:09:17,10,0:00:00,0:00:00,0,AGENT,21:09:16,21:11:05,109,VICKY
AA0106,45882,0,0,PS,990901,21:29:50,21:29:59,9,0:00:00,0:00:00,0,AGENT,21:29:58,21:31:21,83,MORIAH
AA0106,45883,0,0,PS,990901,21:53:06,21:53:21,15,0:00:00,0:00:00,0,AGENT,21:53:20,21:54:33,73,BENSION
AA0106,45884,703074,2,PS,990901,22:08:12,22:08:18,6,22:08:18,22:12:39,261,AGENT,22:12:38,22:17:32,294,DARMON
AA0106,45885,58029620,2,PS,990901,22:27:02,22:27:08,6,22:27:08,22:29:34,146,AGENT,22:29:34,22:30:18,44,DARMON
AA0106,45886,0,0,PS,990901,22:49:56,22:50:04,8,0:00:00,0:00:00,0,AGENT,22:50:04,22:52:46,162,AVI
AA0106,45887,57056244,2,NE,990901,23:13:39,23:13:45,6,23:13:45,23:14:59,74,AGENT,23:14:58,23:16:34,96,AVI
AA0106,45888,33404708,1,PS,990901,23:34:38,23:34:43,5,23:34:43,23:36:01,78,AGENT,23:36:01,23:37:06,65,AVI
AA0106,45889,0,0,PS,990902,6:26:01,6:26:23,22,0:00:00,0:00:00,0,HANG,0:00:00,0:00:00,0,NO_SERVER
AA0106,45890,0,0,PS,990902,7:27:00,7:27:09,9,0:00:00,0:00:00,0,AGENT,7:27:08,7:28:02,54,YIFAT
AA0106,45891,0,0,PS,990902,7:54:04,7:54:14,10,0:00:00,0:00:00,0,AGENT,7:54:13,7:58:47,274,TOVA
AA0106,45892,0,0,PS,990902,8:18:38,8:18:48,10,0:00:00,0:00:00,0,AGENT,8:18:46,8:23:03,257,ZOHARI
AA0106,45893,0,0,PS,990902,8:31:58,8:32:12,14,0:00:00,0:00:00,0,AGENT,8:32:11,8:32:13,2,TOVA
AA0106,45894,0,0,PS,990902,8:39:43,8:40:10,27,0:00:00,0:00:00,0,HANG,0:00:00,0:00:00,0,NO_SERVER
AA0106,45895,38652509,1,PS,990902,8:46:40,8:46:46,6,8:46:46,8:48:32,106,AGENT,8:48:32,8:49:51,79,MORIAH
AA0106,45896,22479612,2,PS,990902,8:56:55,8:57:01,6,8:57:01,8:58:44,103,AGENT,8:58:43,8:59:54,71,ANAT
AA0106,45897,30059463,2,PS,990902,9:06:52,9:06:57,5,9:06:57,9:08:25,88,AGENT,9:08:24,9:10:16,112,ZOHARI
AA0106,45898,0,0,PS,990902,9:19:22,9:19:32,10,0:00:00,0:00:00,0,AGENT,9:19:30,9:26:33,423,STEREN
AA0106,45899,77624039,2,PS,990902,9:32:53,9:32:59,6,9:32:59,9:34:09,70,AGENT,9:34:07,9:38:09,242,ZOHARI
AA0106,45900,27445717,1,PS,990902,9:42:58,9:43:04,6,9:43:04,9:43:13,9,HANG,0:00:00,0:00:00,0,NO_SERVER
AA0106,45901,23768070,2,PS,990902,9:48:58,9:49:03,5,9:49:03,9:51:00,117,AGENT,9:51:00,10:02:45,705,MORIAH
AA0106,45902,0,0,PS,990902,9:59:28,9:59:38,10,0:00:00,0:00:00,0,AGENT,9:59:37,10:02:14,157,TOVA
AA0106,45903,13000567,2,PS,990902,10:07:01,10:07:06,5,10:07:06,10:07:20,14,HANG,0:00:00,0:00:00,0,NO_SERVER
AA0106,45904,10858884,2,NE,990902,10:14:24,10:14:29,5,10:14:29,10:16:38,129,AGENT,10:16:37,10:18:01,84,ELI
AA0106,45905,27217165,1,PS,990902,10:22:01,10:22:06,5,10:22:06,10:24:56,170,AGENT,10:24:56,10:25:42,46,STEREN
AA0106,45906,53585345,2,PS,990902,10:29:03,10:29:09,6,10:29:09,10:30:56,107,AGENT,10:30:55,10:33:45,170,MORIAH
AA0106,45907,0,0,NW,990902,10:35:59,10:36:09,10,10:36:09,10:36:47,38,HANG,0:00:00,0:00:00,0,NO_SERVER
AA0106,45908,9682923,2,PS,990902,10:40:48,10:40:53,5,10:40:53,10:44:52,239,AGENT,10:44:51,10:49:30,279,TOVA
AA0106,45909,41543000,2,PS,990902,10:47:59,10:48:05,6,10:48:05,10:50:35,150,AGENT,10:50:33,10:53:49,196,ROTH
AA0106,45910,51238699,1,PS,990902,10:59:10,10:59:15,5,10:59:15,11:00:03,48,AGENT,11:00:02,11:00:05,3,MORIAH
AA0106,45911,14264295,2,PS,990902,11:06:56,11:07:01,5,11:07:01,11:08:06,65,AGENT,11:08:05,11:10:21,136,STEREN
AA0106,45912,55476253,2,NE,990902,11:12:57,11:13:02,5,11:13:02,11:13:25,23,AGENT,11:13:24,11:26:41,797,ELI
AA0106,45913,0,0,PS,990902,11:19:02,11:20:45,103,0:00:00,0:00:00,0,HANG,0:00:00,0:00:00,0,NO_SERVER
AA0106,45914,0,0,NW,990902,11:26:59,11:27:09,10,11:27:09,11:28:55,106,HANG,0:00:00,0:00:00,0,NO_SERVER
AA0106,45915,14534705,1,PS,990902,11:35:04,11:35:11,7,11:35:11,11:35:17,6,HANG,0:00:00,0:00:00,0,NO_SERVER
AA0106,45916,0,0,PS,990902,11:43:58,11:44:08,10,0:00:00,0:00:00,0,AGENT,11:44:07,11:47:01,174,ROTH
AA0106,45917,51929339,2,PS,990902,11:49:59,11:50:04,5,11:50:04,11:51:11,67,AGENT,11:51:10,11:53:35,145,ROTH
AA0106,45918,0,0,PS,990902,11:59:37,11:59:46,9,0:00:00,0:00:00,0,AGENT,11:59:45,12:06:15,390,ROTH
AA0106,45919,59822551,1,PS,990902,12:09:01,12:09:07,6,12:09:07,12:10:25,78,AGENT,12:10:23,12:12:36,133,YIFAT
AA0106,45920,0,0,PS,990902,12:18:27,12:18:36,9,0:00:00,0:00:00,0,AGENT,12:18:35,12:19:17,42,TOVA
AA0106,45921,0,0,PS,990902,12:28:02,12:28:20,18,0:00:00,0:00:00,0,AGENT,12:28:19,12:32:09,230,ANAT
AA0106,45922,33474602,2,PS,990902,12:41:16,12:41:21,5,12:41:21,12:41:26,5,AGENT,12:41:25,12:42:10,45,ZOHARI
AA0106,45923,52120771,1,NE,990902,12:45:48,12:45:54,6,12:45:54,12:46:08,14,HANG,0:00:00,0:00:00,0,NO_SERVER
AA0106,45924,0,0,PS,990902,12:54:55,12:55:03,8,0:00:00,0:00:00,0,AGENT,12:55:02,12:57:32,150,ROTH
AA0106,45925,880666,1,PS,990902,13:05:16,13:05:22,6,13:05:22,13:05:28,6,AGENT,13:05:27,13:06:45,78,ZOHARI
AA0106,45926,0,0,NE,990902,13:16:16,13:16:25,9,0:00:00,0:00:00,0,AGENT,13:16:25,13:19:18,173,KAZAV
AA0106,45927,69687275,2,PS,990902,13:23:25,13:23:30,5,13:23:30,13:23:34,4,AGENT,13:23:34,13:26:02,148,MORIAH
AA0106,45928,0,0,PS,990902,13:35:14,13:35:23,9,0:00:00,0:00:00,0,AGENT,13:35:22,13:36:40,78,ROTH
AA0106,45929,0,0,NW,990902,13:49:32,13:49:45,13,0:00:00,0:00:00,0,AGENT,13:49:44,13:50:11,27,STEREN
AA0106,45930,33146341,1,PS,990902,13:58:40,13:58:45,5,13:58:45,13:59:38,53,HANG,0:00:00,0:00:00,0,NO_SERVER
AA0106,45931,29641727,2,PS,990902,14:08:24,14:08:29,5,14:08:29,14:08:50,21,AGENT,14:08:48,14:09:53,65,STEREN
AA0106,45932,37507258,1,PS,990902,14:19:31,14:19:37,6,14:19:37,14:24:30,293,AGENT,14:24:28,14:26:03,95,STEREN
AA0106,45933,6420236,2,PS,990902,14:31:15,14:31:21,6,14:31:21,14:31:57,36,AGENT,14:31:56,14:37:19,323,KAZAV
AA0106,45934,38408647,1,PS,990902,14:40:35,14:40:41,6,14:40:41,14:40:55,14,AGENT,14:40:54,14:47:27,393,ROTH
AA0106,45935,54128681,2,PS,990902,14:50:23,14:50:29,6,14:50:29,14:51:47,78,AGENT,14:51:46,14:56:23,277,ROTH
AA0106,45936,32066250,1,PS,990902,14:59:59,15:00:05,6,15:00:05,15:01:32,87,HANG,0:00:00,0:00:00,0,NO_SERVER
AA0106,45937,78191137,2,PS,990902,15:07:23,15:07:29,6,15:07:29,15:09:57,148,AGENT,15:09:56,15:13:44,228,KAZAV
AA0106,45938,14264295,2,PS,990902,15:20:52,15:20:58,6,15:20:58,15:23:00,122,AGENT,15:22:59,15:24:57,118,AVI
AA0106,45939,52867744,2,PS,990902,15:33:33,15:33:39,6,15:33:39,15:36:34,175,AGENT,15:36:33,15:48:49,736,ZOHARI
AA0106,45941,0,0,PS,990902,15:44:10,15:44:10,0,0:00:00,0:00:00,0,HANG,0:00:00,0:00:00,0,NO_SERVER
AA0106,45942,3374691,2,PS,990902,15:48:36,15:48:42,6,15:48:42,15:48:53,11,HANG,0:00:00,0:00:00,0,NO_SERVER
AA0106,45943,0,0,NE,990902,15:55:56,15:56:06,10,0:00:00,0:00:00,0,AGENT,15:56:05,16:00:05,240,ELI
AA0106,45944,0,0,NW,990902,16:04:06,16:04:15,9,16:04:15,16:09:47,332,AGENT,16:09:46,16:15:14,328,ROTH
AA0106,45945,0,0,NW,990902,16:17:50,16:18:00,10,16:18:00,16:18:14,14,HANG,0:00:00,0:00:00,0,NO_SERVER
AA0106,45946,309959948,2,PS,990902,16:21:49,16:21:55,6,16:21:55,16:22:31,36,AGENT,16:22:30,16:26:53,263,VICKY
AA0106,45947,0,0,NW,990902,16:30:17,16:30:26,9,16:30:26,16:30:57,31,HANG,0:00:00,0:00:00,0,NO_SERVER
AA0106,45948,55507891,1,PS,990902,16:38:55,16:39:00,5,16:39:00,16:39:03,3,AGENT,16:39:03,16:41:23,140,AVI
AA0106,45949,0,0,NW,990902,16:47:26,16:47:35,9,16:47:35,16:51:11,216,AGENT,16:51:11,16:51:51,40,VICKY
AA0106,45950,33379777,1,PS,990902,17:03:38,17:03:43,5,17:03:43,17:04:01,18,HANG,0:00:00,0:00:00,0,NO_SERVER
AA0106,45951,53374542,1,PS,990902,17:12:16,17:12:21,5,17:12:21,17:14:27,126,AGENT,17:14:26,17:16:52,146,BASCH
AA0106,45952,56421472,2,PS,990902,17:21:07,17:21:13,6,17:21:13,17:22:12,59,HANG,0:00:00,0:00:00,0,NO_SERVER
AA0106,45953,0,0,NW,990902,17:33:12,17:33:21,9,17:33:21,17:35:25,124,HANG,0:00:00,0:00:00,0,NO_SERVER
AA0106,45954,0,0,NW,990902,17:42:18,17:42:27,9,17:42:27,17:43:06,39,AGENT,17:43:05,17:43:37,32,AVI
AA0106,45955,24246902,1,PS,990902,17:57:43,17:57:48,5,17:57:48,17:58:19,31,AGENT,17:58:18,18:01:26,188,VICKY
AA0106,45956,0,0,NW,990902,18:03:40,18:03:50,10,18:03:50,18:04:41,51,HANG,0:00:00,0:00:00,0,NO_SERVER
AA0106,45957,58428335,1,PS,990902,18:17:23,18:17:28,5,18:17:28,18:18:15,47,AGENT,18:18:15,18:20:01,106,AVI
AA0106,45958,33221524,1,PS,990902,18:42:49,18:42:55,6,18:42:55,18:43:43,48,AGENT,18:43:42,18:47:05,203,BASCH
AA0106,45960,0,0,PS,990902,18:53:14,18:53:14,0,0:00:00,0:00:00,0,HANG,0:00:00,0:00:00,0,NO_SERVER
AA0106,45961,58118068,2,PS,990902,18:59:13,18:59:18,5,18:59:18,19:01:20,122,HANG,0:00:00,0:00:00,0,NO_SERVER
AA0106,45962,0,0,PS,990902,19:16:35,19:16:50,15,0:00:00,0:00:00,0,AGENT,19:16:49,19:19:15,146,BASCH
AA0106,45963,0,0,PS,990902,19:29:50,19:30:01,11,0:00:00,0:00:00,0,AGENT,19:30:01,19:31:05,64,AVI
AA0106,45964,0,0,NE,990902,19:56:00,19:56:09,9,0:00:00,0:00:00,0,AGENT,19:56:08,20:02:19,371,VICKY
AA0106,45965,0,0,NW,990902,20:13:33,20:13:46,13,0:00:00,0:00:00,0,AGENT,20:13:45,20:16:45,180,BASCH
AA0106,45966,59630624,1,NE,990902,20:37:33,20:37:39,6,20:37:39,20:39:49,130,AGENT,20:39:48,20:41:16,88,MEIR
AA0106,45967,53541983,2,PS,990902,20:48:16,20:48:21,5,20:48:21,20:49:22,61,AGENT,20:49:21,20:49:22,1,AVI
AA0106,45968,0,0,NW,990902,21:10:52,21:11:06,14,0:00:00,0:00:00,0,AGENT,21:11:05,21:13:04,119,MEIR
AA0106,45969,29456217,1,PS,990902,21:36:20,21:36:42,22,21:36:42,21:36:52,10,AGENT,21:36:51,21:39:03,132,AVI
AA0106,45970,0,0,PS,990902,22:14:49,22:15:00,11,0:00:00,0:00:00,0,AGENT,22:14:59,22:16:18,79,VICKY
AA0106,45971,0,0,NW,990902,22:48:49,22:48:58,9,22:48:58,22:49:34,36,AGENT,22:49:33,22:49:41,8,PINHAS
AA0106,45972,0,0,NW,990902,23:15:14,23:15:23,9,23:15:23,23:15:51,28,AGENT,23:15:50,23:27:05,675,PINHAS
AA0106,45973,24157513,1,PS,990902,23:33:49,23:33:54,5,23:33:54,23:34:22,28,HANG,23:34:24,23:34:27,3,NO_SERVER
AA0106,45975,0,0,PS,990903,1:16:09,1:16:09,0,0:00:00,0:00:00,0,HANG,0:00:00,0:00:00,0,NO_SERVER
AA0106,45976,0,0,NW,990903,7:02:16,7:02:29,13,0:00:00,0:00:00,0,AGENT,7:02:28,7:03:16,48,ZOHARI
AA0106,45977,0,0,PS,990903,7:04:24,7:04:29,5,7:04:29,7:05:07,38,AGENT,7:05:05,7:11:18,373,ELI
AA0106,45978,0,0,NW,990903,7:36:47,7:37:00,13,0:00:00,0:00:00,0,AGENT,7:37:00,7:37:49,49,ZOHARI
AA0106,45979,0,0,PS,990903,7:50:42,7:50:52,10,0:00:00,0:00:00,0,AGENT,7:50:51,7:51:22,31,ROTH
AA0106,45980,0,0,PS,990903,8:03:03,8:03:15,12,0:00:00,0:00:00,0,AGENT,8:03:13,8:04:19,66,BASCH
AA0106,45981,0,0,PS,990903,8:10:58,8:11:06,8,0:00:00,0:00:00,0,AGENT,8:11:06,8:13:07,121,MORIAH
AA0106,45982,57252942,2,PS,990903,8:19:03,8:19:08,5,8:19:08,8:19:17,9,AGENT,8:19:16,8:22:56,220,ZOHARI
AA0106,45983,0,0,NW,990903,8:34:54,8:35:09,15,0:00:00,0:00:00,0,AGENT,8:35:08,8:35:46,38,MORIAH
AA0106,45984,0,0,NW,990903,8:45:34,8:45:44,10,8:45:44,8:45:56,12,AGENT,8:45:55,8:48:34,159,BASCH
AA0106,45985,55926240,1,PS,990903,8:53:34,8:53:40,6,8:53:40,8:55:16,96,HANG,0:00:00,0:00:00,0,NO_SERVER
AA0106,45986,0,0,PS,990903,9:02:57,9:03:07,10,0:00:00,0:00:00,0,AGENT,9:03:07,9:04:44,97,ZOHARI
AA0106,45987,0,0,PS,990903,9:18:09,9:18:18,9,0:00:00,0:00:00,0,AGENT,9:18:18,9:22:45,267,STEREN
AA0106,45988,46985933,2,PS,990903,9:26:19,9:26:25,6,9:26:25,9:28:13,108,AGENT,9:28:12,9:34:29,377,STEREN
AA0106,45989,0,0,NE,990903,9:40:48,9:40:59,11,0:00:00,0:00:00,0,AGENT,9:40:59,9:57:23,984,ELI
AA0106,45990,3214681,1,PS,990903,9:55:26,9:55:32,6,9:55:32,9:55:54,22,AGENT,9:55:53,9:58:28,155,BENSION
AA0106,45991,22217392,2,PS,990903,10:03:37,10:03:42,5,10:03:42,10:04:12,30,AGENT,10:04:11,10:06:40,149,ROTH
AA0106,45992,0,0,PS,990903,10:16:24,10:16:35,11,0:00:00,0:00:00,0,AGENT,10:16:34,10:32:36,962,ELI
AA0106,45993,56058019,1,PS,990903,10:29:55,10:30:00,5,10:30:00,10:30:14,14,HANG,0:00:00,0:00:00,0,NO_SERVER
AA0106,45994,14941629,2,PS,990903,10:35:36,10:35:41,5,10:35:41,10:35:54,13,AGENT,10:35:53,10:37:05,72,ELI
AA0106,45995,53585345,2,PS,990903,10:43:34,10:43:40,6,10:43:40,10:43:44,4,AGENT,10:43:43,10:46:09,146,ZOHARI
AA0106,45996,10473262,2,PS,990903,10:54:39,10:54:45,6,10:54:45,10:55:17,32,AGENT,10:55:16,10:55:18,2,MORIAH
AA0106,45997,0,0,PS,990903,11:11:34,11:11:52,18,0:00:00,0:00:00,0,AGENT,11:11:51,11:14:14,143,BENSION
AA0106,45998,0,0,PS,990903,11:24:28,11:24:36,8,0:00:00,0:00:00,0,AGENT,11:24:36,11:25:44,68,ROTH
AA0106,45999,57695173,2,PS,990903,11:35:56,11:36:02,6,11:36:02,11:36:09,7,AGENT,11:36:08,11:37:11,63,ZOHARI
AA0106,46000,0,0,PS,990903,11:56:04,11:56:18,14,0:00:00,0:00:00,0,AGENT,11:56:16,11:57:22,66,BASCH
AA0106,46001,0,0,NW,990903,12:10:49,12:10:59,10,12:10:59,12:11:12,13,AGENT,12:11:11,12:11:28,17,ROTH
AA0106,46002,0,0,PS,990903,12:26:13,12:26:23,10,0:00:00,0:00:00,0,AGENT,12:26:22,12:28:15,113,ROTH
AA0106,46003,0,0,PS,990903,12:43:06,12:43:17,11,0:00:00,0:00:00,0,AGENT,12:43:16,12:45:02,106,ELI
AA0106,46004,22469118,2,PS,990903,12:57:51,12:57:56,5,12:57:56,12:58:37,41,AGENT,12:58:36,13:00:22,106,BENSION
AA0106,46005,0,0,PS,990903,13:22:53,13:23:02,9,0:00:00,0:00:00,0,AGENT,13:23:02,13:23:54,52,ROTH
AA0106,46006,0,0,PS,990903,13:52:30,13:52:40,10,0:00:00,0:00:00,0,AGENT,13:52:40,13:53:49,69,ZOHARI
AA0106,46007,0,0,NE,990903,14:29:17,14:29:47,30,0:00:00,0:00:00,0,HANG,0:00:00,0:00:00,0,NO_SERVER
AA0106,46008,0,0,NW,990903,15:01:08,15:01:34,26,0:00:00,0:00:00,0,HANG,0:00:00,0:00:00,0,NO_SERVER
AA0106,46009,0,0,NW,990903,16:11:13,16:11:31,18,0:00:00,0:00:00,0,HANG,0:00:00,0:00:00,0,NO_SERVER
AA0106,46010,0,0,NW,990903,17:47:30,17:48:08,38,0:00:00,0:00:00,0,HANG,0:00:00,0:00:00,0,NO_SERVER
AA0106,46011,0,0,NW,990904,14:30:30,14:30:53,23,0:00:00,0:00:00,0,HANG,0:00:00,0:00:00,0,NO_SERVER
AA0106,46012,0,0,PS,990904,19:43:55,19:44:05,10,0:00:00,0:00:00,0,HANG,0:00:00,0:00:00,0,NO_SERVER
AA0106,46013,34375766,2,PS,990904,20:09:03,20:09:09,6,20:09:09,20:10:08,59,HANG,0:00:00,0:00:00,0,NO_SERVER
AA0106,46014,22986871,2,PS,990904,20:23:03,20:23:08,5,20:23:08,20:23:11,3,AGENT,20:23:10,20:24:48,98,BASCH
AA0106,46015,50050558,2,PS,990904,20:36:31,20:36:36,5,20:36:36,20:37:09,33,AGENT,20:37:08,20:37:55,47,SHARON
AA0106,46016,0,0,PS,990904,20:52:11,20:52:23,12,0:00:00,0:00:00,0,AGENT,20:52:22,20:53:32,70,MORIAH
AA0106,46017,0,0,PS,990904,21:17:03,21:17:13,10,0:00:00,0:00:00,0,AGENT,21:17:12,21:22:15,303,BASCH
AA0106,46018,0,0,PS,990904,21:46:18,21:46:29,11,0:00:00,0:00:00,0,AGENT,21:46:29,21:47:27,58,BASCH
AA0106,46019,0,0,PS,990904,22:17:28,22:17:38,10,0:00:00,0:00:00,0,AGENT,22:17:37,22:18:32,55,BASCH
AA0106,46020,0,0,NW,990904,22:45:21,22:45:34,13,0:00:00,0:00:00,0,AGENT,22:45:33,22:45:48,15,ZOHARI
AA0106,46021,0,0,NE,990904,23:21:02,23:21:12,10,0:00:00,0:00:00,0,AGENT,23:21:11,23:23:43,152,ZOHARI
AA0106,46022,0,0,NW,990905,0:53:52,0:54:30,38,0:00:00,0:00:00,0,HANG,0:00:00,0:00:00,0,NO_SERVER
AA0106,46023,42943100,2,PS,990905,7:11:27,7:11:32,5,7:11:32,7:12:21,49,AGENT,7:12:21,7:14:55,154,ANAT
AA0106,46024,57212581,2,PS,990905,7:31:11,7:31:17,6,7:31:17,7:31:52,35,AGENT,7:31:51,7:32:24,33,YIFAT
AA0106,46025,0,0,PS,990905,7:53:55,7:54:05,10,0:00:00,0:00:00,0,AGENT,7:54:04,7:57:58,234,ANAT
AA0106,46026,0,0,PS,990905,8:16:45,8:16:54,9,0:00:00,0:00:00,0,AGENT,8:16:54,8:18:04,70,ROTH
AA0106,46027,0,0,PS,990905,8:25:18,8:25:29,11,0:00:00,0:00:00,0,AGENT,8:25:27,8:29:17,230,AVI
AA0106,46028,0,0,PS,990905,8:41:10,8:41:21,11,0:00:00,0:00:00,0,AGENT,8:41:19,8:42:35,76,NAAMA
AA0106,46029,0,0,NW,990905,8:52:38,8:52:51,13,0:00:00,0:00:00,0,AGENT,8:52:50,8:54:59,129,ZOHARI
AA0106,46030,0,0,PS,990905,9:07:50,9:08:06,16,0:00:00,0:00:00,0,AGENT,9:08:05,9:15:00,415,ANAT
AA0106,46031,25090630,2,PS,990905,9:15:14,9:15:20,6,9:15:20,9:16:14,54,HANG,0:00:00,0:00:00,0,NO_SERVER
AA0106,46032,71820039,2,PS,990905,9:24:41,9:24:46,5,9:24:46,9:25:05,19,AGENT,9:25:05,9:27:07,122,NAAMA
AA0106,46033,22778559,1,PS,990905,9:32:10,9:32:16,6,9:32:16,9:32:54,38,AGENT,9:32:53,9:35:20,147,NAAMA
AA0106,46034,69687275,2,PS,990905,9:40:12,9:40:18,6,9:40:18,9:43:24,186,AGENT,9:43:23,9:46:00,157,DORIT
AA0106,46035,0,0,NW,990905,9:51:15,9:51:25,10,9:51:25,9:52:58,93,HANG,0:00:00,0:00:00,0,NO_SERVER
AA0106,46036,55920755,2,PS,990905,9:59:51,9:59:57,6,9:59:57,10:00:37,40,AGENT,10:00:36,10:02:16,100,AVI
AA0106,46037,71820039,2,PS,990905,10:06:38,10:06:43,5,10:06:43,10:11:13,270,AGENT,10:11:12,10:17:01,349,ANAT
AA0106,46038,22901136,1,PS,990905,10:16:14,10:16:20,6,10:16:20,10:17:51,91,AGENT,10:17:50,10:20:13,143,AVI
AA0106,46039,63611537,2,PS,990905,10:25:35,10:25:40,5,10:25:40,10:26:31,51,AGENT,10:26:30,10:32:51,381,ROTH
AA0106,46040,0,0,NW,990905,10:32:24,10:32:33,9,10:32:33,10:39:27,414,AGENT,10:39:25,10:40:12,47,DORIT
AA0106,46041,0,0,NW,990905,10:42:47,10:42:56,9,10:42:56,10:49:31,395,AGENT,10:49:30,10:50:39,69,ROTH
AA0106,46042,14971980,2,PS,990905,10:53:35,10:53:40,5,10:53:40,10:54:59,79,AGENT,10:54:58,10:57:23,145,ANAT
AA0106,46043,27901198,2,PS,990905,11:02:15,11:02:21,6,11:02:21,11:04:14,113,AGENT,11:04:13,11:07:59,226,AVI
AA0106,46044,49996945,2,PS,990905,11:08:04,11:08:09,5,11:08:09,11:09:47,98,HANG,0:00:00,0:00:00,0,NO_SERVER
AA0106,46045,28981082,1,PS,990905,11:14:54,11:14:59,5,11:14:59,11:18:01,182,AGENT,11:17:59,11:18:37,38,DORIT
AA0106,46046,33855834,2,PS,990905,11:24:50,11:24:55,5,11:24:55,11:27:08,133,AGENT,11:27:06,11:30:01,175,STEREN
AA0106,46047,303878839,2,PS,990905,11:34:13,11:34:19,6,11:34:19,11:36:25,126,AGENT,11:36:24,11:38:32,128,STEREN
AA0106,46048,33474602,2,PS,990905,11:44:15,11:44:21,6,11:44:21,11:45:12,51,AGENT,11:45:10,11:48:45,215,NAAMA
AA0106,46049,0,0,PS,990905,11:56:50,11:56:59,9,0:00:00,0:00:00,0,AGENT,11:56:58,11:58:24,86,ANAT
AA0106,46050,52867744,2,PS,990905,12:03:44,12:03:50,6,12:03:50,12:03:57,7,AGENT,12:03:56,12:06:56,180,DORIT
AA0106,46051,0,0,NW,990905,12:18:21,12:18:30,9,12:18:30,12:19:06,36,AGENT,12:19:06,12:19:31,25,ROTH
AA0106,46052,34512384,1,PS,990905,12:31:24,12:31:30,6,12:31:30,12:32:50,80,AGENT,12:32:49,12:32:51,2,ANAT
AA0106,46053,0,0,PS,990905,12:40:40,12:40:50,10,0:00:00,0:00:00,0,AGENT,12:40:49,12:41:56,67,ANAT
AA0106,46054,29551009,2,PS,990905,12:50:54,12:50:59,5,12:50:59,12:51:16,17,AGENT,12:51:15,12:52:34,79,AVI
AA0106,46055,28951945,2,PS,990905,13:02:41,13:02:46,5,13:02:46,13:02:55,9,HANG,0:00:00,0:00:00,0,NO_SERVER
AA0106,46056,25440017,1,PS,990905,13:12:23,13:12:28,5,13:12:28,13:14:31,123,AGENT,13:14:31,13:16:31,120,STEREN
AA0106,46057,23793540,1,PS,990905,13:22:03,13:22:09,6,13:22:09,13:22:28,19,AGENT,13:22:27,13:24:40,133,ROTH
AA0106,46058,0,0,NW,990905,13:31:51,13:32:00,9,13:32:00,13:32:13,13,HANG,0:00:00,0:00:00,0,NO_SERVER
AA0106,46059,4782215,2,PS,990905,13:50:06,13:50:12,6,13:50:12,13:50:51,39,AGENT,13:50:50,13:52:19,89,AVI
AA0106,46060,55921597,1,NE,990905,13:57:42,13:57:47,5,13:57:47,13:58:04,17,AGENT,13:58:03,13:59:35,92,ZOHARI
AA0106,46061,63611537,2,PS,990905,14:07:55,14:08:01,6,14:08:01,14:08:23,22,AGENT,14:08:22,14:08:27,5,MORIAH
AA0106,46062,25440017,1,PS,990905,14:19:23,14:19:29,6,14:19:29,14:22:18,169,AGENT,14:22:17,14:25:21,184,DORIT
AA0106,46063,0,0,PS,990905,14:28:47,14:29:04,17,0:00:00,0:00:00,0,AGENT,14:29:03,14:40:38,695,ZOHARI
AA0106,46064,0,0,NW,990905,14:38:10,14:38:19,9,14:38:19,14:38:24,5,AGENT,14:38:24,14:39:01,37,AVI
AA0106,46065,42943100,2,PS,990905,14:48:15,14:48:21,6,14:48:21,14:52:19,238,AGENT,14:52:17,14:54:42,145,DORIT
AA0106,46066,13860424,2,PS,990905,14:57:12,14:57:17,5,14:57:17,15:00:29,192,AGENT,15:00:29,15:11:02,633,TOVA
AA0106,46067,52867744,2,PS,990905,15:06:55,15:07:00,5,15:07:00,15:10:13,193,AGENT,15:10:13,15:15:08,295,MORIAH
AA0106,46068,50347749,1,NE,990905,15:19:36,15:19:42,6,15:19:42,15:20:35,53,AGENT,15:20:34,15:22:16,102,STEREN
AA0106,46069,0,0,NW,990905,15:27:30,15:27:39,9,15:27:39,15:28:20,41,AGENT,15:28:19,15:29:44,85,ROTH
AA0106,46070,314234345,2,PE,990905,15:35:53,15:35:57,4,15:35:57,15:43:12,435,HANG,0:00:00,0:00:00,0,NO_SERVER
AA0106,46071,3949625,2,PS,990905,15:47:35,15:47:40,5,15:47:40,15:50:23,163,AGENT,15:50:21,15:56:33,372,STEREN
AA0106,46072,57460131,2,PS,990905,15:54:55,15:55:00,5,15:55:00,15:56:47,107,AGENT,15:56:46,15:56:49,3,MORIAH
AA0106,46073,59165621,2,PS,990905,15:59:38,15:59:44,6,15:59:44,16:04:44,300,AGENT,16:04:43,16:10:06,323,VICKY
AA0106,46075,0,0,PS,990905,16:10:17,16:10:17,0,0:00:00,0:00:00,0,HANG,0:00:00,0:00:00,0,NO_SERVER
AA0106,46076,56656705,2,PS,990905,16:12:59,16:13:05,6,16:13:05,16:15:12,127,AGENT,16:15:11,16:16:07,56,VICKY
AA0106,46077,9103060,2,NE,990905,16:20:21,16:20:27,6,16:20:27,16:22:04,97,AGENT,16:22:02,16:24:22,140,TOVA
AA0106,46078,54539366,1,PS,990905,16:27:33,16:27:38,5,16:27:38,16:28:11,33,AGENT,16:28:10,16:28:46,36,BASCH
AA0106,46079,74780917,2,NE,990905,16:35:43,16:35:48,5,16:35:48,16:36:46,58,AGENT,16:36:45,16:40:30,225,BASCH
AA0106,46080,0,0,NW,990905,16:42:50,16:43:03,13,0:00:00,0:00:00,0,HANG,0:00:00,0:00:00,0,NO_SERVER
AA0106,46081,0,0,NW,990905,16:51:54,16:52:03,9,16:52:03,16:52:13,10,HANG,0:00:00,0:00:00,0,NO_SERVER
AA0106,46082,65313108,2,PS,990905,16:58:36,16:58:41,5,16:58:41,17:02:06,205,AGENT,17:02:05,17:03:51,106,TOVA
AA0106,46083,0,0,NW,990905,17:13:16,17:13:29,13,0:00:00,0:00:00,0,AGENT,17:13:28,17:14:28,60,BASCH
AA0106,46084,0,0,NW,990905,17:26:22,17:26:31,9,17:26:31,17:27:04,33,AGENT,17:27:02,17:27:13,11,VICKY
AA0106,46085,29474020,2,PS,990905,17:37:29,17:37:35,6,17:37:35,17:38:05,30,AGENT,17:38:05,17:38:31,26,VICKY
AA0106,46086,0,0,PS,990905,17:47:43,17:47:53,10,0:00:00,0:00:00,0,AGENT,17:47:52,17:53:01,309,TOVA
AA0106,46087,0,0,PS,990905,18:06:03,18:06:17,14,0:00:00,0:00:00,0,AGENT,18:06:16,18:08:01,105,TOVA
AA0106,46088,0,0,PS,990905,18:34:45,18:34:54,9,0:00:00,0:00:00,0,AGENT,18:34:53,18:37:45,172,MORIAH
AA0106,46089,62866918,1,PS,990905,18:50:52,18:50:58,6,18:50:58,18:54:16,198,HANG,0:00:00,0:00:00,0,NO_SERVER
AA0106,46090,0,0,NW,990905,19:17:04,19:17:18,14,0:00:00,0:00:00,0,AGENT,19:17:17,19:20:36,199,VICKY
AA0106,46091,37663655,1,PS,990905,19:36:32,19:36:37,5,19:36:37,19:36:54,17,AGENT,19:36:53,19:37:24,31,BASCH
AA0106,46092,0,0,NW,990905,20:45:10,20:45:23,13,0:00:00,0:00:00,0,AGENT,20:45:23,20:45:32,9,MORIAH
AA0106,46093,0,0,PS,990905,21:15:29,21:15:38,9,0:00:00,0:00:00,0,AGENT,21:15:38,21:21:23,345,MORIAH
AA0106,46094,34478214,1,PS,990905,21:42:56,21:43:01,5,21:43:01,21:45:29,148,AGENT,21:45:28,21:46:38,70,BENSION
AA0106,46095,0,0,NW,990905,21:55:44,21:55:53,9,21:55:53,21:57:21,88,AGENT,21:57:20,21:57:29,9,VICKY
AA0106,46096,58704610,2,PS,990905,22:15:20,22:15:26,6,22:15:26,22:16:03,37,AGENT,22:16:02,22:17:56,114,VICKY
AA0106,46097,0,0,NW,990905,22:49:48,22:50:04,16,0:00:00,0:00:00,0,AGENT,22:50:03,22:51:19,76,VICKY
AA0106,46098,0,0,NW,990905,23:17:22,23:17:32,10,23:17:32,23:18:49,77,HANG,0:00:00,0:00:00,0,NO_SERVER
AA0106,46100,0,0,PS,990906,4:39:10,4:39:10,0,0:00:00,0:00:00,0,HANG,0:00:00,0:00:00,0,NO_SERVER
AA0106,46101,0,0,PS,990906,7:07:50,7:07:59,9,0:00:00,0:00:00,0,AGENT,7:07:58,7:09:31,93,BASCH
AA0106,46102,0,0,PS,990906,7:51:45,7:51:54,9,0:00:00,0:00:00,0,AGENT,7:51:54,7:53:24,90,BASCH
AA0106,46103,0,0,PS,990906,8:02:52,8:03:01,9,0:00:00,0:00:00,0,AGENT,8:03:00,8:04:07,67,SHARON
AA0106,46104,0,0,NW,990906,8:20:51,8:21:07,16,0:00:00,0:00:00,0,AGENT,8:21:05,8:34:07,782,SHARON
AA0106,46105,0,0,PS,990906,8:36:24,8:36:33,9,0:00:00,0:00:00,0,AGENT,8:36:33,8:39:13,160,BASCH
AA0106,46106,0,0,PS,990906,8:47:52,8:48:03,11,0:00:00,0:00:00,0,AGENT,8:48:02,8:49:00,58,DORIT
AA0106,46107,0,0,PS,990906,8:59:41,8:59:51,10,0:00:00,0:00:00,0,AGENT,8:59:50,9:00:14,24,TOVA
AA0106,46108,0,0,PS,990906,9:08:31,9:08:40,9,0:00:00,0:00:00,0,AGENT,9:08:39,9:09:08,29,SHARON
AA0106,46109,0,0,NW,990906,9:18:39,9:18:49,10,9:18:49,9:20:28,99,AGENT,9:20:26,9:21:16,50,MORIAH
AA0106,46110,22263115,2,PS,990906,9:25:10,9:25:16,6,9:25:16,9:26:00,44,AGENT,9:25:58,9:26:31,33,MORIAH
AA0106,46111,0,0,NW,990906,9:34:14,9:34:23,9,9:34:23,9:35:32,69,HANG,0:00:00,0:00:00,0,NO_SERVER
AA0106,46112,0,0,PS,990906,9:46:01,9:46:09,8,0:00:00,0:00:00,0,AGENT,9:46:08,9:53:15,427,ROTH
AA0106,46113,50347749,1,NE,990906,9:52:52,9:53:10,18,9:53:10,9:53:20,10,AGENT,9:53:09,9:58:21,312,ROTH
AA0106,46114,58060310,2,PS,990906,10:01:43,10:01:48,5,10:01:48,10:03:06,78,AGENT,10:03:06,10:06:42,216,DORIT
AA0106,46115,27155795,1,PS,990906,10:07:41,10:07:47,6,10:07:47,10:11:37,230,AGENT,10:11:36,10:12:41,65,BASCH
AA0106,46116,74780917,2,NE,990906,10:16:11,10:16:17,6,10:16:17,10:17:59,102,AGENT,10:17:58,10:25:44,466,TOVA
AA0106,46117,22612071,2,PS,990906,10:23:13,10:23:19,6,10:23:19,10:23:41,22,HANG,0:00:00,0:00:00,0,NO_SERVER
AA0106,46118,0,0,NW,990906,10:30:56,10:31:06,10,10:31:06,10:31:43,37,AGENT,10:31:42,10:32:42,60,ROTH
AA0106,46119,0,0,PS,990906,10:40:53,10:41:03,10,0:00:00,0:00:00,0,AGENT,10:41:03,10:45:35,272,YITZ
AA0106,46120,57074585,2,PS,990906,10:47:53,10:47:59,6,10:47:59,10:48:20,21,AGENT,10:48:19,10:50:44,145,MORIAH
AA0106,46121,0,0,PS,990906,10:56:36,10:56:48,12,0:00:00,0:00:00,0,AGENT,10:56:47,11:03:28,401,ZOHARI
AA0106,46122,0,0,PS,990906,11:07:44,11:07:54,10,0:00:00,0:00:00,0,AGENT,11:07:53,11:10:12,139,SHARON
AA0106,46123,310054630,1,PS,990906,11:18:05,11:18:11,6,11:18:11,11:21:04,173,AGENT,11:21:03,11:24:30,207,YIFAT
AA0106,46124,0,0,NE,990906,11:33:18,11:33:27,9,0:00:00,0:00:00,0,AGENT,11:33:26,11:34:46,80,ZOHARI
AA0106,46125,0,0,NW,990906,11:40:48,11:40:58,10,11:40:58,11:45:17,259,HANG,0:00:00,0:00:00,0,NO_SERVER
AA0106,46126,0,0,NW,990906,11:55:20,11:55:30,10,11:55:30,11:55:41,11,AGENT,11:55:40,11:57:50,130,MORIAH
AA0106,46127,53517397,2,PS,990906,12:05:20,12:05:26,6,12:05:26,12:06:51,85,AGENT,12:06:51,12:07:52,61,BASCH
AA0106,46128,0,0,NE,990906,12:20:32,12:20:44,12,0:00:00,0:00:00,0,AGENT,12:20:44,12:22:07,83,ZOHARI
AA0106,46129,0,0,NW,990906,12:33:32,12:33:41,9,12:33:41,12:35:17,96,HANG,0:00:00,0:00:00,0,NO_SERVER
AA0106,46130,24265456,2,PS,990906,12:52:08,12:52:13,5,12:52:13,12:52:34,21,AGENT,12:52:34,12:55:38,184,MORIAH
AA0106,46131,34923326,2,PS,990906,13:06:03,13:06:09,6,13:06:09,13:06:54,45,AGENT,13:06:53,13:09:00,127,YIFAT
AA0106,46132,0,0,PS,990906,13:19:45,13:19:55,10,0:00:00,0:00:00,0,AGENT,13:19:54,13:20:56,62,DORIT
AA0106,46133,0,0,PS,990906,13:36:41,13:36:51,10,0:00:00,0:00:00,0,AGENT,13:36:49,13:40:44,235,ROTH
AA0106,46134,0,0,PS,990906,13:50:23,13:50:31,8,0:00:00,0:00:00,0,AGENT,13:50:31,13:55:51,320,DORIT
AA0106,46135,0,0,PS,990906,14:00:14,14:00:25,11,0:00:00,0:00:00,0,AGENT,14:00:24,14:00:35,11,SHARON
AA0106,46136,0,0,NE,990906,14:12:49,14:12:59,10,0:00:00,0:00:00,0,AGENT,14:12:58,14:22:39,581,DORIT
AA0106,46137,0,0,PS,990906,14:27:25,14:27:34,9,0:00:00,0:00:00,0,AGENT,14:27:34,14:40:05,751,ANAT
AA0106,46138,0,0,PS,990906,14:39:08,14:39:17,9,0:00:00,0:00:00,0,AGENT,14:39:16,14:44:24,308,DORIT
AA0106,46139,0,0,NW,990906,14:44:54,14:45:04,10,14:45:04,14:45:55,51,AGENT,14:45:53,14:48:31,158,BASCH
AA0106,46140,23085137,1,PS,990906,15:00:33,15:00:39,6,15:00:39,15:03:29,170,AGENT,15:03:28,15:05:54,146,SHARON
AA0106,46141,0,0,PS,990906,15:18:26,15:18:38,12,0:00:00,0:00:00,0,AGENT,15:18:37,15:20:34,117,SHARON
AA0106,46142,0,0,NW,990906,15:29:23,15:29:35,12,0:00:00,0:00:00,0,AGENT,15:29:34,15:29:59,25,SHARON
AA0106,46143,59630624,1,NE,990906,15:41:04,15:41:10,6,15:41:10,15:43:52,162,HANG,0:00:00,0:00:00,0,NO_SERVER
AA0106,46144,0,0,PS,990906,15:54:12,15:54:21,9,0:00:00,0:00:00,0,AGENT,15:54:20,15:55:44,84,STEREN
AA0106,46145,0,0,NW,990906,16:08:47,16:08:56,9,16:08:56,16:10:57,121,HANG,0:00:00,0:00:00,0,NO_SERVER
AA0106,46146,74780917,2,NE,990906,16:27:19,16:27:25,6,16:27:25,16:27:36,11,AGENT,16:27:35,16:31:40,245,ANAT
AA0106,46147,0,0,NW,990906,16:41:13,16:41:22,9,16:41:22,16:42:46,84,AGENT,16:42:45,16:45:32,167,ROTH
AA0106,46148,22013551,2,NE,990906,17:02:59,17:03:10,11,17:03:10,17:03:45,35,AGENT,17:03:09,17:07:01,232,VICKY
AA0106,46149,63193346,2,PS,990906,17:17:55,17:18:00,5,17:18:00,17:22:19,259,AGENT,17:22:18,17:24:36,138,DARMON
AA0106,46150,25648734,1,PS,990906,17:42:00,17:42:05,5,17:42:05,17:42:53,48,AGENT,17:42:52,17:48:43,351,STEREN
AA0106,46151,0,0,PS,990906,18:07:13,18:07:27,14,0:00:00,0:00:00,0,AGENT,18:07:25,18:09:09,104,STEREN
AA0106,46152,0,0,NW,990906,18:29:43,18:29:58,15,18:29:58,18:32:27,149,AGENT,18:29:57,18:33:33,216,VICKY
AA0106,46153,0,0,PS,990906,18:51:49,18:52:02,13,0:00:00,0:00:00,0,AGENT,18:52:01,18:54:57,176,MEIR
AA0106,46154,0,0,PS,990906,19:20:23,19:20:34,11,0:00:00,0:00:00,0,AGENT,19:20:33,19:22:58,145,STEREN
AA0106,46155,0,0,PS,990906,19:49:04,19:49:12,8,0:00:00,0:00:00,0,AGENT,19:49:11,19:51:43,152,ANAT
AA0106,46156,0,0,NW,990906,20:19:47,20:19:57,10,20:19:57,20:20:06,9,AGENT,20:20:06,20:20:31,25,MEIR
AA0106,46157,4312914,2,PS,990906,20:44:08,20:44:14,6,20:44:14,20:45:18,64,AGENT,20:45:18,20:46:58,100,VICKY
AA0106,46158,0,0,PS,990906,21:03:54,21:04:06,12,0:00:00,0:00:00,0,AGENT,21:04:05,21:07:51,226,MEIR
AA0106,46159,0,0,PS,990906,21:25:22,21:25:32,10,0:00:00,0:00:00,0,AGENT,21:25:31,21:28:20,169,MEIR
AA0106,46160,25532086,1,PS,990906,21:47:38,21:47:43,5,21:47:43,21:47:52,9,AGENT,21:47:51,21:53:58,367,MEIR
AA0106,46161,0,0,PS,990906,22:14:32,22:14:42,10,0:00:00,0:00:00,0,AGENT,22:14:41,22:18:03,202,DARMON
AA0106,46162,0,0,PS,990906,23:04:19,23:04:29,10,0:00:00,0:00:00,0,AGENT,23:04:29,23:05:38,69,GILI
AA0106,46163,0,0,PS,990906,23:40:43,23:40:56,13,0:00:00,0:00:00,0,AGENT,23:40:56,23:42:06,70,VICKY
AA0106,46164,0,0,PS,990907,7:09:08,7:09:18,10,0:00:00,0:00:00,0,AGENT,7:09:17,7:11:58,161,MORIAH
AA0106,46165,0,0,PS,990907,7:49:31,7:49:40,9,0:00:00,0:00:00,0,AGENT,7:49:39,7:51:17,98,MORIAH
AA0106,46166,50610716,2,PS,990907,8:12:33,8:12:39,6,8:12:39,8:12:46,7,AGENT,8:12:45,8:19:48,423,YIFAT
AA0106,46167,0,0,PS,990907,8:32:45,8:32:54,9,0:00:00,0:00:00,0,AGENT,8:32:53,8:34:33,100,ROTH
AA0106,46168,0,0,NW,990907,8:48:24,8:48:38,14,0:00:00,0:00:00,0,AGENT,8:48:36,8:49:32,56,BASCH
AA0106,46169,27851484,2,PS,990907,8:56:23,8:56:28,5,8:56:28,8:57:06,38,AGENT,8:57:05,8:58:48,103,AVI
AA0106,46170,0,0,PS,990907,9:06:33,9:06:41,8,0:00:00,0:00:00,0,AGENT,9:06:41,9:09:00,139,ROTH
AA0106,46171,0,0,PS,990907,9:20:03,9:20:12,9,0:00:00,0:00:00,0,AGENT,9:20:11,9:32:56,765,AVI
AA0106,46172,0,0,NW,990907,9:32:36,9:32:46,10,9:32:46,9:33:58,72,AGENT,9:33:57,9:34:56,59,AVI
AA0106,46173,69687275,2,PS,990907,9:48:52,9:48:57,5,9:48:57,9:50:16,79,AGENT,9:50:15,9:52:38,143,ROTH
AA0106,46174,0,0,NW,990907,10:03:37,10:03:46,9,10:03:46,10:05:59,133,HANG,0:00:00,0:00:00,0,NO_SERVER
AA0106,46175,0,0,NW,990907,10:15:58,10:16:07,9,10:16:07,10:16:30,23,HANG,0:00:00,0:00:00,0,NO_SERVER
AA0106,46176,31955149,1,PS,990907,10:24:44,10:24:50,6,10:24:50,10:25:13,23,AGENT,10:25:13,10:25:20,7,ROTH
AA0106,46177,65032120,2,PS,990907,10:37:59,10:38:04,5,10:38:04,10:39:37,93,AGENT,10:39:36,10:41:57,141,BASCH
AA0106,46178,0,0,PS,990907,10:52:00,10:52:14,14,0:00:00,0:00:00,0,AGENT,10:52:13,10:52:42,29,TOVA
AA0106,46179,0,0,PS,990907,11:03:45,11:03:59,14,0:00:00,0:00:00,0,AGENT,11:03:58,11:06:52,174,TOVA
AA0106,46180,52031556,2,PS,990907,11:15:16,11:15:22,6,11:15:22,11:16:08,46,AGENT,11:16:08,11:16:10,2,MORIAH
AA0106,46181,0,0,NW,990907,11:24:48,11:24:57,9,11:24:57,11:28:40,223,AGENT,11:28:39,11:29:45,66,AVI
AA0106,46182,50094002,2,PS,990907,11:37:13,11:37:19,6,11:37:19,11:42:14,295,AGENT,11:42:14,11:42:23,9,ROTH
AA0106,46183,0,0,NW,990907,11:47:21,11:47:31,10,11:47:31,11:56:00,509,AGENT,11:56:00,11:58:12,132,AVI
AA0106,46184,51689297,1,PS,990907,12:05:23,12:05:29,6,12:05:29,12:05:42,13,AGENT,12:05:41,12:08:59,198,ROTH
AA0106,46185,33146341,1,PS,990907,12:20:01,12:20:06,5,12:20:06,12:22:45,159,HANG,0:00:00,0:00:00,0,NO_SERVER
AA0106,46186,0,0,PS,990907,12:32:28,12:32:37,9,0:00:00,0:00:00,0,AGENT,12:32:36,12:35:06,150,AVI
AA0106,46187,0,0,PS,990907,12:49:20,12:49:32,12,0:00:00,0:00:00,0,AGENT,12:49:31,12:53:43,252,VICKY
AA0106,46188,0,0,PS,990907,13:06:40,13:06:55,15,0:00:00,0:00:00,0,AGENT,13:06:54,13:08:45,111,TOVA
AA0106,46189,0,0,PS,990907,13:19:28,13:19:39,11,0:00:00,0:00:00,0,AGENT,13:19:38,13:21:23,105,TOVA
AA0106,46190,0,0,NW,990907,13:39:08,13:39:22,14,0:00:00,0:00:00,0,AGENT,13:39:20,13:40:29,69,AVI
AA0106,46191,0,0,PS,990907,13:57:43,13:57:52,9,0:00:00,0:00:00,0,AGENT,13:57:51,14:00:05,134,STEREN
AA0106,46192,69687275,2,PS,990907,14:09:54,14:10:13,19,14:10:13,14:10:59,46,PHANTOM,14:10:12,14:11:03,51,NO_SERVER
AA0106,46193,0,0,PS,990907,14:27:49,14:27:58,9,0:00:00,0:00:00,0,AGENT,14:27:58,14:29:52,114,ROTH
AA0106,46194,29503323,1,PS,990907,14:36:22,14:36:28,6,14:36:28,14:37:58,90,AGENT,14:37:57,14:47:25,568,AVI
AA0106,46195,24442634,2,PS,990907,14:46:42,14:46:48,6,14:46:48,14:48:12,84,AGENT,14:48:11,14:49:06,55,AVI
AA0106,46196,54128681,2,PS,990907,14:55:58,14:56:03,5,14:56:03,14:57:28,85,AGENT,14:57:27,15:00:38,191,STEREN
AA0106,46197,74780917,2,NE,990907,15:10:20,15:10:26,6,15:10:26,15:12:52,146,AGENT,15:12:51,15:13:22,31,VICKY
AA0106,46198,63193346,2,PS,990907,15:22:58,15:23:04,6,15:23:04,15:23:48,44,AGENT,15:23:47,15:29:27,340,DORIT
AA0106,46199,38305926,2,PS,990907,15:32:00,15:32:06,6,15:32:06,15:33:06,60,AGENT,15:33:05,15:34:25,80,SHARON
AA0106,46200,0,0,PS,990907,15:42:33,15:42:42,9,0:00:00,0:00:00,0,AGENT,15:42:41,15:46:17,216,ROTH
AA0106,46201,0,0,PS,990907,15:54:58,15:55:06,8,0:00:00,0:00:00,0,AGENT,15:55:05,15:58:58,233,ROTH
AA0106,46202,0,0,NW,990907,16:06:14,16:06:23,9,16:06:23,16:06:44,21,HANG,0:00:00,0:00:00,0,NO_SERVER
AA0106,46203,0,0,PS,990907,16:19:28,16:19:37,9,0:00:00,0:00:00,0,AGENT,16:19:36,16:20:33,57,SHARON
AA0106,46204,55343784,2,PS,990907,16:29:44,16:29:50,6,16:29:50,16:31:29,99,AGENT,16:31:28,16:33:52,144,DARMON
AA0106,46205,0,0,NW,990907,16:45:45,16:45:55,10,16:45:55,16:46:36,41,HANG,0:00:00,0:00:00,0,NO_SERVER
AA0106,46206,0,0,NW,990907,16:54:16,16:54:25,9,16:54:25,16:54:41,16,HANG,0:00:00,0:00:00,0,NO_SERVER
AA0106,46207,0,0,PS,990907,17:06:07,17:06:17,10,0:00:00,0:00:00,0,AGENT,17:06:16,17:06:23,7,SHARON
AA0106,46208,213215,2,PS,990907,17:20:28,17:20:34,6,17:20:34,17:21:10,36,AGENT,17:21:09,17:25:28,259,DARMON
AA0106,46209,0,0,NW,990907,17:36:27,17:36:36,9,17:36:36,17:37:04,28,HANG,0:00:00,0:00:00,0,NO_SERVER
AA0106,46210,0,0,PS,990907,17:44:43,17:44:52,9,0:00:00,0:00:00,0,AGENT,17:44:52,17:46:42,110,SHARON
AA0106,46211,0,0,NE,990907,17:58:13,17:58:25,12,0:00:00,0:00:00,0,AGENT,17:58:24,18:00:30,126,SHARON
AA0106,46212,0,0,PS,990907,18:12:36,18:12:50,14,0:00:00,0:00:00,0,AGENT,18:12:49,18:14:39,110,BENSION
AA0106,46213,0,0,PS,990907,18:39:40,18:39:54,14,0:00:00,0:00:00,0,AGENT,18:39:53,18:41:18,85,ZOHARI
AA0106,46214,0,0,PS,990907,19:09:37,19:09:50,13,0:00:00,0:00:00,0,AGENT,19:09:49,19:13:15,206,BENSION
AA0106,46215,0,0,NE,990907,19:30:56,19:31:06,10,0:00:00,0:00:00,0,AGENT,19:31:05,19:33:58,173,ZOHARI
AA0106,46216,0,0,PS,990907,20:01:15,20:01:29,14,0:00:00,0:00:00,0,AGENT,20:01:27,20:08:05,398,BENSION
AA0106,46217,0,0,NE,990907,20:26:31,20:26:42,11,0:00:00,0:00:00,0,AGENT,20:26:41,20:29:33,172,ZOHARI
AA0106,46218,0,0,PS,990907,20:46:25,20:46:34,9,0:00:00,0:00:00,0,AGENT,20:46:33,20:47:25,52,SHARON
AA0106,46219,0,0,NE,990907,21:03:23,21:03:37,14,0:00:00,0:00:00,0,AGENT,21:03:35,21:04:35,60,BENSION
AA0106,46220,0,0,PS,990907,21:27:48,21:28:01,13,0:00:00,0:00:00,0,AGENT,21:28:00,21:37:05,545,DARMON
AA0106,46221,0,0,PS,990907,21:52:26,21:52:36,10,0:00:00,0:00:00,0,AGENT,21:52:35,21:53:15,40,DORIT
AA0106,46222,3968047,2,PS,990907,22:17:17,22:17:23,6,22:17:23,22:17:46,23,AGENT,22:17:45,22:20:59,194,DARMON
AA0106,46223,3968047,2,PS,990907,22:37:35,22:37:40,5,22:37:40,22:38:38,58,AGENT,22:38:36,22:40:24,108,SHARON
AA0106,46224,32274987,1,PS,990907,23:01:10,23:01:32,22,23:01:32,23:01:39,7,AGENT,23:01:38,23:02:24,46,BENSION
AA0106,46225,0,0,PS,990907,23:43:32,23:43:41,9,0:00:00,0:00:00,0,AGENT,23:43:41,23:47:22,221,BENSION
AA0106,46226,0,0,NW,990908,6:27:44,6:27:58,14,0:00:00,0:00:00,0,HANG,0:00:00,0:00:00,0,NO_SERVER
AA0106,46227,0,0,PS,990908,7:22:42,7:22:53,11,0:00:00,0:00:00,0,AGENT,7:22:52,7:24:58,126,BASCH
AA0106,46228,0,0,PS,990908,7:57:34,7:57:44,10,0:00:00,0:00:00,0,AGENT,7:57:44,7:59:26,102,BASCH
AA0106,46229,0,0,PS,990908,8:15:02,8:15:14,12,0:00:00,0:00:00,0,AGENT,8:15:13,8:19:39,266,ZOHARI
AA0106,46230,0,0,PS,990908,8:37:02,8:37:11,9,0:00:00,0:00:00,0,AGENT,8:37:10,8:39:37,147,BASCH
AA0106,46231,0,0,NW,990908,8:46:53,8:47:03,10,8:47:03,8:48:13,70,AGENT,8:48:12,8:49:13,61,DORIT
AA0106,46232,69687275,2,PS,990908,8:58:26,8:58:31,5,8:58:31,8:58:34,3,AGENT,8:58:34,9:00:56,142,BASCH
AA0106,46233,25219700,2,PS,990908,9:09:40,9:09:46,6,9:09:46,9:11:12,86,AGENT,9:11:11,9:12:42,91,STEREN
AA0106,46234,0,0,NW,990908,9:21:56,9:22:05,9,9:22:05,9:23:04,59,HANG,0:00:00,0:00:00,0,NO_SERVER
AA0106,46235,0,0,PS,990908,9:37:17,9:37:32,15,0:00:00,0:00:00,0,AGENT,9:37:32,9:38:09,37,BASCH
AA0106,46236,0,0,NW,990908,9:47:37,9:47:51,14,0:00:00,0:00:00,0,AGENT,9:47:49,9:48:33,44,BASCH
AA0106,46238,0,0,NE,990908,9:57:46,9:57:46,0,0:00:00,0:00:00,0,HANG,0:00:00,0:00:00,0,NO_SERVER
AA0106,46239,7915192,2,PS,990908,10:06:23,10:06:28,5,10:06:28,10:08:40,132,AGENT,10:08:39,10:09:38,59,STEREN
AA0106,46240,27101393,2,PS,990908,10:12:24,10:12:30,6,10:12:30,10:15:42,192,AGENT,10:15:41,10:17:40,119,DORIT
AA0106,46241,58704610,2,PS,990908,10:22:43,10:22:49,6,10:22:49,10:23:05,16,AGENT,10:23:05,10:27:35,270,ROTH
AA0106,46242,57882755,2,PS,990908,10:35:41,10:35:47,6,10:35:47,10:35:55,8,HANG,0:00:00,0:00:00,0,NO_SERVER
AA0106,46243,0,0,PS,990908,10:48:55,10:49:05,10,0:00:00,0:00:00,0,AGENT,10:49:04,10:51:50,166,BASCH
AA0106,46244,58035064,1,PS,990908,11:04:57,11:05:02,5,11:05:02,11:06:43,101,AGENT,11:06:42,11:12:36,354,YITZ
AA0106,46245,0,0,NW,990908,11:20:28,11:20:44,16,0:00:00,0:00:00,0,AGENT,11:20:43,11:21:41,58,SHARON
AA0106,46246,0,0,PS,990908,11:33:22,11:33:32,10,0:00:00,0:00:00,0,AGENT,11:33:31,11:34:40,69,ROTH
AA0106,46247,0,0,PS,990908,11:56:18,11:56:30,12,0:00:00,0:00:00,0,AGENT,11:56:29,12:00:02,213,YITZ
AA0106,46248,33769464,1,PS,990908,12:05:03,12:05:08,5,12:05:08,12:06:48,100,AGENT,12:06:47,12:07:51,64,ROTH
AA0106,46249,0,0,NE,990908,12:17:38,12:17:47,9,0:00:00,0:00:00,0,AGENT,12:17:46,12:19:22,96,ELI
AA0106,46250,0,0,NW,990908,12:32:25,12:32:37,12,0:00:00,0:00:00,0,AGENT,12:32:36,12:33:08,32,STEREN
AA0106,46251,0,0,NE,990908,12:45:33,12:45:47,14,0:00:00,0:00:00,0,AGENT,12:45:46,12:50:51,305,ZOHARI
AA0106,46252,0,0,PS,990908,13:02:33,13:02:45,12,0:00:00,0:00:00,0,AGENT,13:02:44,13:04:02,78,DORIT
AA0106,46253,29474020,2,PS,990908,13:14:51,13:14:57,6,13:14:57,13:17:14,137,AGENT,13:17:13,13:18:01,48,ROTH
AA0106,46254,58704610,2,PS,990908,13:29:23,13:29:29,6,13:29:29,13:30:18,49,AGENT,0:00:00,0:00:00,0,ROTH
AA0106,46255,0,0,NW,990908,13:41:57,13:42:06,9,13:42:06,13:45:30,204,AGENT,13:45:28,13:46:07,39,STEREN
AA0106,46256,29435088,1,PS,990908,13:54:02,13:54:08,6,13:54:08,13:55:42,94,HANG,0:00:00,0:00:00,0,NO_SERVER
AA0106,46257,22263115,2,PS,990908,14:06:29,14:06:34,5,14:06:34,14:06:45,11,HANG,0:00:00,0:00:00,0,NO_SERVER
AA0106,46258,0,0,PS,990908,14:23:40,14:23:51,11,0:00:00,0:00:00,0,AGENT,14:23:50,14:29:21,331,MORIAH
AA0106,46259,0,0,NE,990908,14:35:29,14:35:41,12,0:00:00,0:00:00,0,AGENT,14:35:40,14:41:43,363,ELI
AA0106,46260,0,0,PS,990908,14:44:18,14:44:29,11,0:00:00,0:00:00,0,AGENT,14:44:27,14:46:51,144,KAZAV
AA0106,46261,51293231,2,PS,990908,15:01:03,15:01:08,5,15:01:08,15:05:28,260,AGENT,15:05:26,15:08:27,181,ROTH
AA0106,46262,6692800,2,PS,990908,15:13:19,15:13:25,6,15:13:25,15:14:47,82,AGENT,15:14:46,15:19:14,268,KAZAV
AA0106,46263,59597989,1,PS,990908,15:27:13,15:27:19,6,15:27:19,15:27:39,20,AGENT,15:27:38,15:31:51,253,ANAT
AA0106,46264,703074,2,PS,990908,15:34:41,15:34:47,6,15:34:47,15:38:27,220,HANG,0:00:00,0:00:00,0,NO_SERVER
AA0106,46265,0,0,NW,990908,15:43:00,15:43:09,9,15:43:09,15:43:30,21,HANG,0:00:00,0:00:00,0,NO_SERVER
AA0106,46266,0,0,NW,990908,15:51:23,15:51:33,10,15:51:33,15:51:51,18,HANG,0:00:00,0:00:00,0,NO_SERVER
AA0106,46267,0,0,NW,990908,15:59:56,16:00:06,10,16:00:06,16:00:29,23,HANG,0:00:00,0:00:00,0,NO_SERVER
AA0106,46268,57068116,2,PS,990908,16:14:04,16:14:10,6,16:14:10,16:15:43,93,AGENT,16:15:42,16:17:16,94,AVI
AA0106,46269,0,0,PS,990908,16:27:39,16:27:51,12,0:00:00,0:00:00,0,AGENT,16:27:50,16:31:19,209,MORIAH
AA0106,46270,15369473,2,PE,990908,16:38:23,16:38:27,4,16:38:27,16:39:43,76,AGENT,16:39:41,16:48:57,556,MORIAH
AA0106,46271,0,0,PS,990908,16:57:49,16:58:00,11,0:00:00,0:00:00,0,AGENT,16:58:00,17:00:29,149,AVI
AA0106,46272,0,0,PS,990908,17:16:17,17:16:27,10,0:00:00,0:00:00,0,AGENT,17:16:26,17:23:28,422,ANAT
AA0106,46273,68800994,1,PS,990908,17:33:09,17:33:15,6,17:33:15,17:35:42,147,AGENT,17:35:42,17:37:22,100,ANAT
AA0106,46274,0,0,PS,990908,17:47:44,17:47:53,9,0:00:00,0:00:00,0,AGENT,17:47:53,17:51:00,187,ANAT
AA0106,46275,0,0,PS,990908,18:08:25,18:08:40,15,0:00:00,0:00:00,0,AGENT,18:08:38,18:09:06,28,BENSION
AA0106,46276,0,0,PS,990908,18:27:59,18:28:14,15,0:00:00,0:00:00,0,AGENT,18:28:13,18:29:38,85,BENSION
AA0106,46277,0,0,NW,990908,18:45:36,18:45:48,12,0:00:00,0:00:00,0,AGENT,18:45:47,18:47:39,112,MORIAH
AA0106,46278,0,0,PS,990908,19:05:52,19:06:01,9,0:00:00,0:00:00,0,AGENT,19:06:01,19:06:05,4,MORIAH
AA0106,46279,0,0,PS,990908,19:18:14,19:18:24,10,0:00:00,0:00:00,0,AGENT,19:18:23,19:23:28,305,MORIAH
AA0106,46280,0,0,PS,990908,19:32:15,19:32:26,11,0:00:00,0:00:00,0,AGENT,19:32:25,19:34:18,113,AVI
AA0106,46281,0,0,PS,990908,19:59:21,19:59:42,21,0:00:00,0:00:00,0,AGENT,19:59:34,20:00:59,85,MEIR
AA0106,46282,0,0,NW,990908,20:23:53,20:24:08,15,0:00:00,0:00:00,0,AGENT,20:24:08,20:25:23,75,BENSION
AA0106,46283,0,0,PS,990908,20:51:50,20:51:59,9,0:00:00,0:00:00,0,AGENT,20:51:58,20:53:15,77,BENSION
AA0106,46284,0,0,NW,990908,21:10:22,21:10:31,9,21:10:31,21:12:19,108,HANG,0:00:00,0:00:00,0,NO_SERVER
AA0106,46285,0,0,PS,990908,21:28:59,21:29:07,8,0:00:00,0:00:00,0,AGENT,21:29:06,21:32:02,176,AVI
AA0106,46286,0,0,PS,990908,21:48:21,21:48:32,11,0:00:00,0:00:00,0,AGENT,21:48:32,21:51:04,152,AVI
AA0106,46287,0,0,NW,990908,22:14:14,22:14:23,9,22:14:23,22:14:27,4,AGENT,22:14:26,22:15:19,53,BENSION
AA0106,46288,24157513,1,PS,990908,22:35:02,22:35:07,5,22:35:07,22:36:01,54,AGENT,22:36:00,22:38:06,126,BENSION
AA0106,46289,0,0,PS,990908,23:04:11,23:04:20,9,0:00:00,0:00:00,0,AGENT,23:04:20,23:05:25,65,DARMON
AA0106,46290,0,0,PS,990908,23:40:21,23:40:30,9,0:00:00,0:00:00,0,AGENT,23:40:29,23:42:56,147,AVI
AA0106,46292,0,0,PS,990909,6:56:36,6:56:36,0,0:00:00,0:00:00,0,HANG,0:00:00,0:00:00,0,NO_SERVER
AA0106,46293,0,0,PS,990909,7:31:32,7:31:43,11,0:00:00,0:00:00,0,AGENT,7:31:42,7:33:35,113,SHARON
AA0106,46294,0,0,PS,990909,8:09:04,8:09:15,11,0:00:00,0:00:00,0,AGENT,8:09:14,8:10:25,71,DORIT
AA0106,46295,0,0,PS,990909,8:32:23,8:32:33,10,0:00:00,0:00:00,0,AGENT,8:32:32,8:33:49,77,SHARON
AA0106,46296,0,0,PS,990909,8:46:20,8:46:35,15,0:00:00,0:00:00,0,AGENT,8:46:33,8:49:46,193,ANAT
AA0106,46297,0,0,PS,990909,9:02:13,9:02:23,10,0:00:00,0:00:00,0,AGENT,9:02:22,9:04:52,150,YIFAT
AA0106,46298,0,0,PS,990909,9:14:49,9:14:59,10,0:00:00,0:00:00,0,AGENT,9:14:58,9:18:10,192,DORIT
AA0106,46299,50962349,1,PS,990909,9:25:51,9:25:56,5,9:25:56,9:26:11,15,AGENT,9:26:10,9:27:46,96,ROTH
AA0106,46300,24137937,1,PS,990909,9:45:26,9:45:32,6,9:45:32,9:46:13,41,PHANTOM,9:46:12,9:46:25,13,NO_SERVER
AA0106,46301,0,0,PS,990909,10:01:43,10:01:53,10,0:00:00,0:00:00,0,AGENT,10:01:53,10:01:55,2,ANAT
AA0106,46302,0,0,NE,990909,10:15:15,10:15:25,10,0:00:00,0:00:00,0,AGENT,10:15:23,10:16:10,47,KAZAV
AA0106,46303,0,0,PS,990909,10:25:43,10:25:52,9,0:00:00,0:00:00,0,AGENT,10:25:52,10:27:15,83,YIFAT
AA0106,46304,0,0,PS,990909,10:40:02,10:40:12,10,0:00:00,0:00:00,0,AGENT,10:40:11,10:41:40,89,DORIT
AA0106,46305,0,0,PS,990909,10:53:55,10:54:04,9,0:00:00,0:00:00,0,AGENT,10:54:03,10:55:04,61,KAZAV
AA0106,46306,0,0,NW,990909,11:07:46,11:07:55,9,0:00:00,0:00:00,0,AGENT,11:07:54,11:08:13,19,BASCH
AA0106,46307,59858928,2,PS,990909,11:23:15,11:23:20,5,11:23:20,11:23:33,13,AGENT,11:23:32,11:24:31,59,BASCH
AA0106,46308,0,0,PS,990909,11:38:54,11:39:06,12,0:00:00,0:00:00,0,AGENT,11:39:06,11:43:04,238,DORIT
AA0106,46309,0,0,PS,990909,11:55:15,11:55:28,13,0:00:00,0:00:00,0,AGENT,11:55:27,11:56:18,51,DORIT
AA0106,46310,0,0,PS,990909,12:06:29,12:06:38,9,0:00:00,0:00:00,0,AGENT,12:06:37,12:09:20,163,ROTH
AA0106,46311,0,0,PS,990909,12:31:27,12:31:43,16,0:00:00,0:00:00,0,AGENT,12:31:42,12:32:13,31,BASCH
AA0106,46312,0,0,PS,990909,12:44:05,12:44:15,10,0:00:00,0:00:00,0,AGENT,12:44:15,12:44:39,24,SHARON
AA0106,46313,65032120,2,PS,990909,12:57:28,12:57:34,6,12:57:34,12:57:43,9,AGENT,12:57:41,12:59:28,107,KAZAV
AA0106,46314,68741495,2,NE,990909,13:12:16,13:12:21,5,13:12:21,13:13:02,41,AGENT,13:13:02,13:15:27,145,VICKY
AA0106,46315,0,0,PS,990909,13:29:35,13:29:43,8,0:00:00,0:00:00,0,AGENT,13:29:42,13:30:06,24,DORIT
AA0106,46316,0,0,PS,990909,13:45:31,13:45:41,10,0:00:00,0:00:00,0,AGENT,13:45:40,13:46:39,59,KAZAV
AA0106,46317,57389397,1,PS,990909,14:06:14,14:06:20,6,14:06:20,14:07:34,74,AGENT,14:07:34,14:09:17,103,DORIT
AA0106,46318,33689787,2,PS,990909,14:17:57,14:18:03,6,14:18:03,14:18:47,44,AGENT,14:18:46,14:21:03,137,YIFAT
AA0106,46319,0,0,NW,990909,14:27:57,14:28:07,10,14:28:07,14:31:42,215,HANG,0:00:00,0:00:00,0,NO_SERVER
AA0106,46320,0,0,NE,990909,14:46:54,14:47:05,11,0:00:00,0:00:00,0,AGENT,14:47:04,14:59:15,731,ELI
AA0106,46321,57379505,2,PS,990909,14:56:54,14:57:00,6,14:57:00,14:58:08,68,AGENT,14:58:07,15:05:03,416,SHARON
AA0106,46322,25429143,1,PS,990909,15:10:36,15:10:41,5,15:10:41,15:10:55,14,AGENT,15:10:54,15:12:28,94,DORIT
AA0106,46323,5361936,2,PS,990909,15:21:59,15:22:04,5,15:22:04,15:23:01,57,AGENT,15:23:00,15:26:28,208,KAZAV
AA0106,46324,53616124,1,PS,990909,15:34:18,15:34:24,6,15:34:24,15:36:12,108,PHANTOM,15:36:11,15:36:16,5,NO_SERVER
AA0106,46325,57918849,1,NE,990909,15:43:01,15:43:07,6,15:43:07,15:47:46,279,AGENT,15:47:44,15:51:10,206,ELI
AA0106,46326,0,0,PS,990909,16:00:30,16:00:43,13,0:00:00,0:00:00,0,AGENT,16:00:41,16:11:10,629,YITZ
AA0106,46327,51578045,1,PS,990909,16:12:04,16:12:10,6,16:12:10,16:15:20,190,AGENT,16:15:19,16:19:48,269,AVI
AA0106,46328,0,0,NW,990909,16:28:07,16:28:13,6,0:00:00,0:00:00,0,HANG,0:00:00,0:00:00,0,NO_SERVER
AA0106,46329,0,0,NE,990909,16:37:27,16:37:36,9,0:00:00,0:00:00,0,AGENT,16:37:36,16:39:43,127,ROTH
AA0106,46330,56808926,1,PS,990909,16:49:34,16:49:40,6,16:49:40,16:52:08,148,AGENT,16:52:08,16:53:28,80,STEREN
AA0106,46331,0,0,NW,990909,17:03:06,17:03:15,9,17:03:15,17:07:13,238,HANG,0:00:00,0:00:00,0,NO_SERVER
AA0106,46332,57220618,1,PS,990909,17:14:56,17:15:01,5,17:15:01,17:15:14,13,AGENT,17:15:13,17:18:54,221,AVI
AA0106,46333,0,0,NE,990909,17:34:31,17:34:43,12,0:00:00,0:00:00,0,AGENT,17:34:42,17:36:40,118,ZOHARI
AA0106,46334,53902169,2,PS,990909,17:53:03,17:53:08,5,17:53:08,17:54:37,89,AGENT,17:54:36,17:56:28,112,YITZ
AA0106,46335,0,0,NW,990909,18:08:44,18:08:53,9,18:08:53,18:10:59,126,AGENT,18:10:58,18:12:33,95,YITZ
AA0106,46336,4312914,2,PS,990909,18:28:15,18:28:21,6,18:28:21,18:33:01,280,AGENT,18:33:00,18:34:28,88,STEREN
AA0106,46337,11775780,1,PS,990909,18:54:13,18:54:19,6,18:54:19,18:54:47,28,AGENT,18:54:46,18:57:18,152,STEREN
AA0106,46338,0,0,PS,990909,19:13:38,19:13:48,10,0:00:00,0:00:00,0,AGENT,19:13:47,19:14:48,61,ZOHARI
AA0106,46339,33644022,2,PS,990909,19:39:49,19:39:54,5,19:39:54,19:40:51,57,HANG,0:00:00,0:00:00,0,NO_SERVER
AA0106,46340,24811135,1,PS,990909,20:19:34,20:19:39,5,20:19:39,20:19:57,18,AGENT,20:19:57,20:21:44,107,STEREN
AA0106,46341,24944878,1,PS,990909,20:48:06,20:48:11,5,20:48:11,20:48:31,20,AGENT,20:48:30,21:00:17,707,ZOHARI
AA0106,46342,0,0,PS,990909,21:16:49,21:17:04,15,0:00:00,0:00:00,0,AGENT,21:17:03,21:19:12,129,ZOHARI
AA0106,46343,3852118,1,PS,990909,21:38:21,21:38:27,6,21:38:27,21:39:15,48,AGENT,21:39:14,21:43:28,254,AVI
AA0106,46344,29474020,2,PS,990909,22:05:45,22:05:51,6,22:05:51,22:07:31,100,AGENT,22:07:29,22:09:00,91,AVI
AA0106,46345,0,0,PS,990909,22:41:20,22:41:33,13,0:00:00,0:00:00,0,AGENT,22:41:32,22:45:02,210,AVI
AA0106,46346,0,0,PS,990909,23:06:15,23:06:24,9,0:00:00,0:00:00,0,AGENT,23:06:24,23:07:16,52,STEREN
AA0106,46347,0,0,PS,990909,23:56:32,23:56:46,14,0:00:00,0:00:00,0,AGENT,23:56:45,0:00:33,228,AVI
AA0106,46348,0,0,NW,990910,7:14:20,7:14:38,18,0:00:00,0:00:00,0,AGENT,7:14:37,7:16:45,128,BENSION
AA0106,46349,0,0,PS,990910,7:57:32,7:57:46,14,0:00:00,0:00:00,0,AGENT,7:57:45,7:58:55,70,BENSION
AA0106,46350,0,0,PS,990910,8:19:15,8:19:24,9,0:00:00,0:00:00,0,AGENT,8:19:23,8:24:36,313,VICKY
AA0106,46351,0,0,PS,990910,8:39:45,8:39:57,12,0:00:00,0:00:00,0,AGENT,8:39:56,8:41:32,96,SHARON
AA0106,46352,0,0,PS,990910,8:54:11,8:54:22,11,0:00:00,0:00:00,0,AGENT,8:54:21,8:56:01,100,SHARON
AA0106,46353,0,0,PS,990910,9:09:36,9:09:45,9,0:00:00,0:00:00,0,AGENT,9:09:45,9:10:29,44,VICKY
AA0106,46354,0,0,NE,990910,9:21:54,9:22:04,10,0:00:00,0:00:00,0,AGENT,9:22:03,9:22:23,20,AVNI
AA0106,46355,0,0,PS,990910,9:33:16,9:33:29,13,0:00:00,0:00:00,0,AGENT,9:33:28,9:34:22,54,BENSION
AA0106,46356,3267788,2,PS,990910,9:45:26,9:45:32,6,9:45:32,9:46:24,52,AGENT,9:46:24,9:48:53,149,DORIT
AA0106,46357,25173972,1,PS,990910,9:59:01,9:59:07,6,9:59:07,10:00:28,81,AGENT,10:00:27,10:01:09,42,BENSION
AA0106,46358,0,0,PS,990910,10:14:33,10:14:43,10,0:00:00,0:00:00,0,AGENT,10:14:42,10:18:26,224,SHARON
AA0106,46359,0,0,PS,990910,10:32:23,10:32:32,9,0:00:00,0:00:00,0,AGENT,10:32:31,10:33:16,45,SHARON
AA0106,46360,0,0,PS,990910,10:45:56,10:46:06,10,0:00:00,0:00:00,0,AGENT,10:46:05,10:50:20,255,SHARON
AA0106,46361,0,0,PS,990910,11:02:39,11:02:50,11,0:00:00,0:00:00,0,AGENT,11:02:48,11:04:16,88,BENSION
AA0106,46362,0,0,PS,990910,11:21:39,11:21:49,10,0:00:00,0:00:00,0,AGENT,11:21:48,11:22:27,39,SHARON
AA0106,46363,0,0,PS,990910,11:46:24,11:46:43,19,0:00:00,0:00:00,0,AGENT,11:46:42,11:48:35,113,BASCH
AA0106,46364,0,0,NW,990910,12:11:53,12:12:02,9,12:12:02,12:12:29,27,AGENT,12:12:28,12:13:28,60,BASCH
AA0106,46365,0,0,PS,990910,12:46:16,12:46:29,13,0:00:00,0:00:00,0,AGENT,12:46:28,12:49:44,196,DORIT
AA0106,46367,0,0,PS,990910,13:13:18,13:13:18,0,0:00:00,0:00:00,0,HANG,0:00:00,0:00:00,0,NO_SERVER
AA0106,46368,0,0,PS,990910,13:49:12,13:49:26,14,0:00:00,0:00:00,0,HANG,0:00:00,0:00:00,0,NO_SERVER
AA0106,46370,0,0,PS,990910,15:25:27,15:25:27,0,0:00:00,0:00:00,0,HANG,0:00:00,0:00:00,0,NO_SERVER
AA0106,46371,0,0,NW,990910,20:09:04,20:09:29,25,0:00:00,0:00:00,0,HANG,0:00:00,0:00:00,0,NO_SERVER
AA0106,46372,0,0,PS,990911,18:43:11,18:43:34,23,0:00:00,0:00:00,0,HANG,0:00:00,0:00:00,0,NO_SERVER
AA0106,46373,0,0,PS,990912,11:45:44,11:45:56,12,0:00:00,0:00:00,0,HANG,0:00:00,0:00:00,0,NO_SERVER
AA0106,46374,0,0,NW,990912,19:18:12,19:18:30,18,0:00:00,0:00:00,0,HANG,0:00:00,0:00:00,0,NO_SERVER
AA0106,46375,0,0,PS,990912,19:55:29,19:55:44,15,0:00:00,0:00:00,0,HANG,0:00:00,0:00:00,0,NO_SERVER
AA0106,46376,0,0,PS,990912,20:19:57,20:20:07,10,0:00:00,0:00:00,0,AGENT,20:20:06,20:20:40,34,SHARON
AA0106,46377,0,0,PS,990912,20:35:56,20:36:04,8,0:00:00,0:00:00,0,AGENT,20:36:04,20:36:41,37,SHARON
AA0106,46378,0,0,PS,990912,21:05:08,21:05:17,9,0:00:00,0:00:00,0,AGENT,21:05:17,21:09:57,280,AVNI
AA0106,46379,0,0,PS,990912,21:35:21,21:35:29,8,0:00:00,0:00:00,0,AGENT,21:35:28,21:36:19,51,SHARON
AA0106,46380,0,0,PS,990912,22:12:42,22:12:51,9,0:00:00,0:00:00,0,AGENT,22:12:50,22:15:06,136,AVNI
AA0106,46381,0,0,NE,990912,22:59:09,22:59:22,13,0:00:00,0:00:00,0,AGENT,22:59:21,23:11:38,737,ELI
AA0106,46382,0,0,PS,990913,0:38:13,0:38:27,14,0:00:00,0:00:00,0,HANG,0:00:00,0:00:00,0,NO_SERVER
AA0106,46383,0,0,PS,990913,7:21:44,7:21:56,12,0:00:00,0:00:00,0,AGENT,7:21:55,7:27:35,340,TOVA
AA0106,46384,0,0,PS,990913,7:53:51,7:54:05,14,0:00:00,0:00:00,0,AGENT,7:54:04,7:56:01,117,TOVA
AA0106,46385,0,0,NW,990913,8:12:05,8:12:14,9,8:12:14,8:13:08,54,AGENT,8:13:07,8:14:45,98,STEREN
AA0106,46386,0,0,PS,990913,8:27:32,8:27:41,9,0:00:00,0:00:00,0,AGENT,8:27:41,8:34:07,386,SHARON
AA0106,46387,0,0,PS,990913,8:38:02,8:38:11,9,0:00:00,0:00:00,0,AGENT,8:38:10,8:43:08,298,KAZAV
AA0106,46388,0,0,PS,990913,8:47:41,8:47:53,12,0:00:00,0:00:00,0,AGENT,8:47:52,8:49:57,125,VICKY
AA0106,46389,0,0,NW,990913,8:56:30,8:56:44,14,0:00:00,0:00:00,0,AGENT,8:56:43,8:57:24,41,STEREN
AA0106,46390,0,0,PS,990913,9:07:03,9:07:12,9,0:00:00,0:00:00,0,AGENT,9:07:11,9:09:53,162,ZOHARI
AA0106,46391,0,0,PS,990913,9:17:49,9:18:01,12,0:00:00,0:00:00,0,AGENT,9:18:00,9:18:56,56,SHARON
AA0106,46392,0,0,PS,990913,9:30:04,9:30:27,23,0:00:00,0:00:00,0,AGENT,9:30:26,9:32:08,102,VICKY
AA0106,46393,0,0,NE,990913,9:37:46,9:37:56,10,0:00:00,0:00:00,0,AGENT,9:37:55,9:47:03,548,ZOHARI
AA0106,46394,0,0,PS,990913,9:45:30,9:45:42,12,0:00:00,0:00:00,0,AGENT,9:45:41,9:49:42,241,TOVA
AA0106,46395,0,0,NE,990913,9:54:40,9:54:49,9,0:00:00,0:00:00,0,AGENT,9:54:48,9:58:40,232,TOVA
AA0106,46396,27147834,1,PS,990913,10:07:09,10:07:14,5,10:07:14,10:07:41,27,AGENT,10:07:40,10:09:36,116,TOVA
AA0106,46397,0,0,PS,990913,10:15:37,10:15:48,11,0:00:00,0:00:00,0,AGENT,10:15:47,10:16:43,56,SHARON
AA0106,46398,0,0,PS,990913,10:25:54,10:26:05,11,0:00:00,0:00:00,0,AGENT,10:26:05,10:27:26,81,VICKY
AA0106,46399,0,0,NW,990913,10:35:01,10:35:12,11,0:00:00,0:00:00,0,AGENT,10:35:11,10:36:23,72,ROTH
AA0106,46400,0,0,PS,990913,10:42:40,10:42:53,13,0:00:00,0:00:00,0,AGENT,10:42:52,10:48:47,355,STEREN
AA0106,46401,0,0,PS,990913,10:52:13,10:52:22,9,0:00:00,0:00:00,0,AGENT,10:52:22,10:53:44,82,GILI
AA0106,46402,58147646,2,PS,990913,11:01:58,11:02:03,5,11:02:03,11:02:55,52,AGENT,11:02:54,11:05:18,144,ROTH
AA0106,46403,11771508,2,PS,990913,11:10:47,11:10:52,5,11:10:52,11:10:59,7,AGENT,11:10:58,11:12:31,93,STEREN
AA0106,46404,0,0,PS,990913,11:21:45,11:21:58,13,0:00:00,0:00:00,0,AGENT,11:21:57,11:24:16,139,ROTH
AA0106,46405,25499047,2,PS,990913,11:28:29,11:28:35,6,11:28:35,11:29:06,31,AGENT,11:29:05,11:32:51,226,ZOHARI
AA0106,46406,308886118,1,PS,990913,11:38:37,11:38:43,6,11:38:43,11:38:48,5,AGENT,11:38:47,11:42:10,203,VICKY
AA0106,46407,0,0,PS,990913,11:49:34,11:49:46,12,0:00:00,0:00:00,0,AGENT,11:49:46,11:52:39,173,TOVA
AA0106,46408,0,0,PS,990913,11:57:07,11:57:16,9,0:00:00,0:00:00,0,AGENT,11:57:15,12:01:01,226,ROTH
AA0106,46409,0,0,NW,990913,12:04:40,12:04:57,17,0:00:00,0:00:00,0,AGENT,12:04:56,12:07:12,136,VICKY
AA0106,46410,0,0,PS,990913,12:14:36,12:14:46,10,0:00:00,0:00:00,0,AGENT,12:14:45,12:16:31,106,SHARON
AA0106,46411,0,0,NW,990913,12:25:43,12:25:53,10,12:25:53,12:26:24,31,AGENT,12:26:23,12:38:46,743,VICKY
AA0106,46412,0,0,PS,990913,12:39:33,12:39:42,9,0:00:00,0:00:00,0,AGENT,12:39:42,12:41:57,135,STEREN
AA0106,46413,0,0,PS,990913,12:50:52,12:51:06,14,0:00:00,0:00:00,0,AGENT,12:51:05,12:52:19,74,TOVA
AA0106,46414,0,0,NW,990913,13:06:13,13:06:23,10,13:06:23,13:09:07,164,HANG,0:00:00,0:00:00,0,NO_SERVER
AA0106,46415,0,0,NE,990913,13:20:35,13:20:44,9,0:00:00,0:00:00,0,AGENT,13:20:43,13:32:43,720,KAZAV
AA0106,46416,0,0,NE,990913,13:26:41,13:26:55,14,0:00:00,0:00:00,0,AGENT,13:26:54,13:30:10,196,ELI
AA0106,46417,31451099,1,PS,990913,13:37:44,13:37:50,6,13:37:50,13:38:20,30,AGENT,13:38:19,13:40:55,156,TOVA
AA0106,46418,48820351,2,NE,990913,13:48:10,13:48:15,5,13:48:15,13:48:22,7,AGENT,13:48:21,13:51:19,178,ROTH
AA0106,46419,22874192,2,PS,990913,13:54:31,13:54:37,6,13:54:37,13:56:36,119,AGENT,13:56:35,13:58:15,100,BASCH
AA0106,46420,2043974,1,NE,990913,14:03:41,14:03:47,6,14:03:47,14:07:48,241,AGENT,14:07:48,14:07:50,2,MORIAH
AA0106,46421,58029620,2,PS,990913,14:11:11,14:11:17,6,14:11:17,14:15:35,258,AGENT,14:15:34,14:17:21,107,BASCH
AA0106,46422,54665682,2,PS,990913,14:19:07,14:19:12,5,14:19:12,14:20:31,79,AGENT,14:20:30,14:20:32,2,MORIAH
AA0106,46423,63730469,1,PS,990913,14:27:08,14:27:14,6,14:27:14,14:27:42,28,AGENT,14:27:41,14:28:20,39,ROTH
AA0106,46424,27832948,1,PS,990913,14:34:01,14:34:06,5,14:34:06,14:35:04,58,HANG,0:00:00,0:00:00,0,NO_SERVER
AA0106,46425,23650765,2,PS,990913,14:41:30,14:41:35,5,14:41:35,14:42:01,26,AGENT,14:42:00,14:43:13,73,SHARON
AA0106,46426,23699390,2,PS,990913,14:50:04,14:50:09,5,14:50:09,14:51:01,52,AGENT,14:51:00,14:52:06,66,STEREN
AA0106,46427,12482634,2,NE,990913,15:00:02,15:00:07,5,15:00:07,15:00:16,9,AGENT,15:00:16,15:05:51,335,SHARON
AA0106,46428,314574559,2,PS,990913,15:06:49,15:06:55,6,15:06:55,15:09:17,142,HANG,0:00:00,0:00:00,0,NO_SERVER
AA0106,46429,29347192,1,PS,990913,15:15:36,15:15:41,5,15:15:41,15:21:20,339,AGENT,15:21:19,15:23:04,105,STEREN
AA0106,46430,48820351,2,NE,990913,15:29:04,15:29:09,5,15:29:09,15:31:42,153,AGENT,15:31:41,15:35:15,214,STEREN
AA0106,46431,54921580,2,PS,990913,15:39:19,15:39:24,5,15:39:24,15:40:35,71,AGENT,15:40:34,15:41:18,44,ROTH
AA0106,46432,0,0,NE,990913,15:51:34,15:51:44,10,0:00:00,0:00:00,0,AGENT,15:51:43,15:52:57,74,BASCH
AA0106,46433,0,0,PS,990913,16:05:17,16:05:27,10,0:00:00,0:00:00,0,AGENT,16:05:26,16:11:12,346,AVNI
AA0106,46434,0,0,PS,990913,16:13:12,16:13:25,13,0:00:00,0:00:00,0,AGENT,16:13:25,16:15:03,98,MORIAH
AA0106,46435,0,0,PS,990913,16:29:56,16:30:07,11,0:00:00,0:00:00,0,AGENT,16:30:06,16:31:47,101,AVI
AA0106,46436,0,0,NW,990913,16:39:37,16:39:46,9,16:39:46,16:44:56,310,AGENT,16:44:56,16:52:54,478,AVI
AA0106,46437,54128681,2,PS,990913,16:53:14,16:53:19,5,16:53:19,16:54:58,99,AGENT,16:54:58,16:58:43,225,AVNI
AA0106,46438,0,0,NW,990913,17:01:17,17:01:27,10,17:01:27,17:01:52,25,AGENT,17:01:51,17:03:24,93,AVNI
AA0106,46439,0,0,NW,990913,17:17:03,17:17:18,15,0:00:00,0:00:00,0,AGENT,17:17:18,17:17:42,24,AVI
AA0106,46440,0,0,PS,990913,17:37:23,17:37:37,14,0:00:00,0:00:00,0,AGENT,17:37:36,17:38:46,70,ANAT
AA0106,46441,59630624,1,NE,990913,17:51:27,17:51:33,6,17:51:33,17:53:51,138,AGENT,17:53:49,17:55:25,96,ANAT
AA0106,46442,0,0,PS,990913,18:07:39,18:07:49,10,0:00:00,0:00:00,0,AGENT,18:07:48,18:09:18,90,MORIAH
AA0106,46443,0,0,NW,990913,18:18:48,18:18:58,10,18:18:58,18:19:04,6,HANG,0:00:00,0:00:00,0,NO_SERVER
AA0106,46444,0,0,PS,990913,18:38:52,18:39:13,21,0:00:00,0:00:00,0,AGENT,18:39:06,18:39:20,14,NO_SERVER
AA0106,46445,77624039,2,PS,990913,18:51:43,18:51:48,5,18:51:48,18:52:56,68,HANG,0:00:00,0:00:00,0,NO_SERVER
AA0106,46446,0,0,NW,990913,19:03:02,19:03:12,10,19:03:12,19:05:52,160,AGENT,19:05:51,19:06:48,57,AVI
AA0106,46447,38703906,1,PS,990913,19:13:59,19:14:05,6,19:14:05,19:17:01,176,AGENT,19:17:01,19:20:13,192,BASCH
AA0106,46448,3519519,1,PS,990913,19:31:21,19:31:26,5,19:31:26,19:34:00,154,AGENT,19:33:59,19:36:40,161,BASCH
AA0106,46449,0,0,PS,990913,19:53:01,19:53:20,19,0:00:00,0:00:00,0,AGENT,19:53:20,19:57:40,260,AVNI
AA0106,46450,33186792,2,PS,990913,20:07:42,20:07:47,5,20:07:47,20:08:11,24,AGENT,20:08:10,20:12:53,283,BASCH
AA0106,46451,29569316,1,PS,990913,20:19:21,20:19:26,5,20:19:26,20:19:46,20,AGENT,20:19:45,20:19:47,2,MORIAH
AA0106,46452,0,0,PS,990913,20:35:35,20:35:48,13,0:00:00,0:00:00,0,AGENT,20:35:47,20:38:44,177,MEIR
AA0106,46453,0,0,PS,990913,20:52:18,20:52:27,9,0:00:00,0:00:00,0,AGENT,20:52:26,20:59:36,430,MORIAH
AA0106,46454,0,0,PS,990913,21:10:19,21:10:30,11,0:00:00,0:00:00,0,AGENT,21:10:29,21:13:40,191,MORIAH
AA0106,46455,0,0,PS,990913,21:30:21,21:30:33,12,0:00:00,0:00:00,0,AGENT,21:30:32,21:31:45,73,MORIAH
AA0106,46456,54613724,2,NE,990913,21:43:10,21:43:16,6,21:43:16,21:43:20,4,AGENT,21:43:19,21:43:21,2,MORIAH
AA0106,46457,14678718,1,PS,990913,22:05:51,22:05:57,6,22:05:57,22:09:51,234,AGENT,22:09:51,22:18:07,496,GELBER
AA0106,46458,58806399,1,PS,990913,22:21:05,22:21:10,5,22:21:10,22:23:07,117,AGENT,22:23:07,22:23:48,41,AVI
AA0106,46459,0,0,PS,990913,22:43:33,22:43:43,10,0:00:00,0:00:00,0,AGENT,22:43:42,22:45:52,130,AVI
AA0106,46460,57480766,1,PS,990913,23:22:06,23:22:12,6,23:22:12,23:22:41,29,AGENT,23:22:40,23:22:47,7,AVI
AA0106,46461,0,0,PS,990913,23:48:16,23:48:25,9,0:00:00,0:00:00,0,AGENT,23:48:24,23:52:31,247,AVI
AA0106,46462,0,0,PS,990914,3:09:09,3:09:40,31,0:00:00,0:00:00,0,HANG,0:00:00,0:00:00,0,NO_SERVER
AA0106,46463,0,0,PS,990914,7:20:00,7:20:11,11,0:00:00,0:00:00,0,AGENT,7:20:09,7:20:13,4,MORIAH
AA0106,46464,0,0,PS,990914,7:38:18,7:38:28,10,0:00:00,0:00:00,0,AGENT,7:38:27,7:42:36,249,TOVA
AA0106,46465,31790793,2,PS,990914,7:56:15,7:56:21,6,7:56:21,7:56:36,15,AGENT,7:56:35,8:00:34,239,ANAT
AA0106,46466,0,0,NW,990914,8:19:01,8:19:10,9,8:19:10,8:19:35,25,AGENT,8:19:34,8:21:38,124,BASCH
AA0106,46467,8073371,2,PS,990914,8:26:50,8:26:56,6,8:26:56,8:27:45,49,HANG,0:00:00,0:00:00,0,NO_SERVER
AA0106,46468,0,0,NW,990914,8:35:47,8:35:56,9,8:35:56,8:36:40,44,AGENT,8:36:40,8:41:06,266,GOLDIE
AA0106,46469,0,0,PS,990914,8:44:47,8:44:57,10,0:00:00,0:00:00,0,AGENT,8:44:55,8:46:20,85,TOVA
AA0106,46470,0,0,NW,990914,8:55:07,8:55:16,9,8:55:16,8:58:07,171,HANG,0:00:00,0:00:00,0,NO_SERVER
AA0106,46471,0,0,PS,990914,9:06:07,9:06:24,17,0:00:00,0:00:00,0,AGENT,9:06:22,9:10:16,234,ANAT
AA0106,46472,0,0,NW,990914,9:13:27,9:13:36,9,9:13:36,9:16:20,164,AGENT,9:16:19,9:19:15,176,GOLDIE
AA0106,46473,0,0,PS,990914,9:24:09,9:24:19,10,0:00:00,0:00:00,0,AGENT,9:24:18,9:26:14,116,BASCH
AA0106,46474,0,0,PS,990914,9:35:25,9:35:35,10,0:00:00,0:00:00,0,AGENT,9:35:35,9:38:38,183,MORIAH
AA0106,46475,55641609,1,PS,990914,9:42:35,9:42:41,6,9:42:41,9:43:21,40,AGENT,9:43:20,9:46:20,180,BASCH
AA0106,46476,10500049,2,PS,990914,9:54:29,9:54:35,6,9:54:35,9:54:51,16,AGENT,9:54:50,9:56:05,75,MORIAH
AA0106,46477,0,0,PS,990914,10:06:02,10:06:11,9,0:00:00,0:00:00,0,AGENT,10:06:10,10:06:23,13,BASCH
AA0106,46478,43238989,1,PS,990914,10:13:12,10:13:18,6,10:13:18,10:14:02,44,AGENT,10:14:02,10:15:07,65,MORIAH
AA0106,46479,58029430,1,PS,990914,10:21:35,10:21:40,5,10:21:40,10:23:10,90,AGENT,10:23:10,10:24:22,72,TOVA
AA0106,46480,0,0,PS,990914,10:28:47,10:29:01,14,0:00:00,0:00:00,0,AGENT,10:28:59,10:30:23,84,ANAT
AA0106,46481,0,0,PS,990914,10:34:31,10:34:39,8,0:00:00,0:00:00,0,AGENT,10:34:39,10:35:49,70,TOVA
AA0106,46482,56476807,2,PS,990914,10:39:40,10:39:45,5,10:39:45,10:39:55,10,HANG,0:00:00,0:00:00,0,NO_SERVER
AA0106,46483,0,0,PS,990914,10:43:49,10:43:58,9,0:00:00,0:00:00,0,AGENT,10:43:58,10:44:08,10,MORIAH
AA0106,46484,0,0,PS,990914,10:54:16,10:54:34,18,0:00:00,0:00:00,0,AGENT,10:54:33,10:59:24,291,GOLDIE
AA0106,46485,5246863,1,PS,990914,11:02:40,11:02:46,6,11:02:46,11:04:32,106,AGENT,11:04:31,11:06:05,94,ANAT
AA0106,46486,30442495,2,PS,990914,11:11:35,11:11:40,5,11:11:40,11:12:44,64,AGENT,11:12:42,11:17:29,287,TOVA
AA0106,46487,0,0,NE,990914,11:23:51,11:23:59,8,0:00:00,0:00:00,0,AGENT,11:23:58,11:24:01,3,MORIAH
AA0106,46488,0,0,NW,990914,11:34:12,11:34:21,9,11:34:21,11:35:12,51,AGENT,11:35:12,11:35:42,30,AVNI
AA0106,46489,0,0,NW,990914,11:44:51,11:45:00,9,11:45:00,11:46:04,64,HANG,0:00:00,0:00:00,0,NO_SERVER
AA0106,46490,10500049,2,PS,990914,11:52:03,11:52:09,6,11:52:09,11:54:10,121,AGENT,11:54:10,12:00:53,403,ANAT
AA0106,46491,0,0,NW,990914,12:02:19,12:02:28,9,12:02:28,12:02:32,4,AGENT,12:02:31,12:03:18,47,BASCH
AA0106,46492,0,0,PS,990914,12:11:09,12:11:27,18,0:00:00,0:00:00,0,AGENT,12:11:26,12:13:15,109,ANAT
AA0106,46493,0,0,NE,990914,12:18:52,12:19:06,14,0:00:00,0:00:00,0,AGENT,12:19:06,12:20:41,95,ELI
AA0106,46494,0,0,PS,990914,12:31:51,12:32:03,12,0:00:00,0:00:00,0,AGENT,12:32:01,12:32:55,54,BASCH
AA0106,46495,32405870,1,PS,990914,12:38:16,12:38:22,6,12:38:22,12:38:34,12,HANG,0:00:00,0:00:00,0,NO_SERVER
AA0106,46496,0,0,PS,990914,12:50:48,12:51:00,12,0:00:00,0:00:00,0,AGENT,12:50:59,12:59:01,482,BASCH
AA0106,46497,50353564,2,PS,990914,13:04:41,13:04:47,6,13:04:47,13:05:02,15,AGENT,13:05:01,13:05:15,14,MORIAH
AA0106,46498,4312914,2,PS,990914,13:13:29,13:13:34,5,13:13:34,13:15:59,145,AGENT,13:15:58,13:17:00,62,BASCH
AA0106,46499,306485608,2,PS,990914,13:30:13,13:30:19,6,13:30:19,13:30:51,32,AGENT,13:30:50,13:32:12,82,TOVA
AA0106,46500,51294858,2,PS,990914,13:41:36,13:41:42,6,13:41:42,13:41:58,16,AGENT,13:41:56,13:42:00,4,MORIAH
AA0106,46501,55387302,1,PS,990914,13:50:06,13:50:11,5,13:50:11,13:50:35,24,AGENT,13:50:34,13:50:43,9,KAZAV
AA0106,46502,59184945,1,PS,990914,13:58:11,13:58:16,5,13:58:16,14:02:07,231,AGENT,14:02:06,14:06:48,282,ROTH
AA0106,46503,25124181,2,NE,990914,14:10:23,14:10:28,5,14:10:28,14:11:22,54,AGENT,14:11:21,14:18:56,455,ELI
AA0106,46504,0,0,PS,990914,14:19:07,14:19:19,12,0:00:00,0:00:00,0,AGENT,14:19:18,14:21:33,135,BASCH
AA0106,46505,0,0,NW,990914,14:26:17,14:26:26,9,14:26:26,14:27:28,62,HANG,0:00:00,0:00:00,0,NO_SERVER
AA0106,46506,74780917,2,NE,990914,14:37:07,14:37:13,6,14:37:13,14:37:29,16,AGENT,14:37:28,14:38:19,51,ELI
AA0106,46507,53186953,2,PS,990914,14:43:26,14:43:31,5,14:43:31,14:45:59,148,AGENT,14:45:59,14:48:06,127,AVNI
AA0106,46508,0,0,PS,990914,14:54:37,14:54:46,9,0:00:00,0:00:00,0,AGENT,14:54:45,15:00:04,319,AVNI
AA0106,46509,52867744,2,PS,990914,15:07:47,15:07:52,5,15:07:52,15:12:37,285,AGENT,15:12:35,15:15:10,155,BASCH
AA0106,46510,33506544,1,PS,990914,15:21:44,15:21:50,6,15:21:50,15:22:50,60,AGENT,15:22:49,15:24:30,101,KAZAV
AA0106,46511,78191137,2,PS,990914,15:34:54,15:35:00,6,15:35:00,15:36:23,83,AGENT,15:36:22,15:41:30,308,BASCH
AA0106,46512,13000567,2,PS,990914,15:45:14,15:45:20,6,15:45:20,15:45:48,28,AGENT,15:45:47,15:51:30,343,AVNI
AA0106,46513,0,0,PS,990914,15:57:56,15:58:07,11,0:00:00,0:00:00,0,AGENT,15:58:06,16:01:06,180,AVNI
AA0106,46514,0,0,NW,990914,16:07:15,16:07:29,14,0:00:00,0:00:00,0,AGENT,16:07:28,16:08:49,81,YITZ
AA0106,46515,0,0,PS,990914,16:15:01,16:15:09,8,0:00:00,0:00:00,0,AGENT,16:15:08,16:17:01,113,YITZ
AA0106,46516,24699738,1,PS,990914,16:27:48,16:27:54,6,16:27:54,16:28:02,8,AGENT,16:28:01,16:28:52,51,BENSION
AA0106,46517,10952489,2,PS,990914,16:38:35,16:38:41,6,16:38:41,16:39:44,63,AGENT,16:39:43,16:41:53,130,YITZ
AA0106,46518,0,0,PS,990914,16:52:20,16:52:30,10,0:00:00,0:00:00,0,AGENT,16:52:29,16:55:46,197,AVNI
AA0106,46519,0,0,PS,990914,17:01:32,17:01:47,15,0:00:00,0:00:00,0,AGENT,17:01:46,17:05:28,222,AVNI
AA0106,46520,0,0,NW,990914,17:13:27,17:13:37,10,17:13:37,17:15:26,109,HANG,17:15:26,17:15:31,5,NO_SERVER
AA0106,46521,0,0,NW,990914,17:31:38,17:31:51,13,0:00:00,0:00:00,0,AGENT,17:31:50,17:32:30,40,STEREN
AA0106,46522,0,0,PS,990914,17:43:03,17:43:14,11,0:00:00,0:00:00,0,AGENT,17:43:12,17:45:12,120,ZOHARI
AA0106,46523,0,0,PS,990914,18:01:31,18:01:43,12,0:00:00,0:00:00,0,AGENT,18:01:42,18:02:32,50,BENSION
AA0106,46524,0,0,PS,990914,18:17:30,18:17:38,8,0:00:00,0:00:00,0,AGENT,18:17:38,18:21:03,205,ROTH
AA0106,46525,0,0,NE,990914,18:35:17,18:35:28,11,0:00:00,0:00:00,0,AGENT,18:35:28,18:35:40,12,ZOHARI
AA0106,46526,0,0,PS,990914,18:46:33,18:46:42,9,0:00:00,0:00:00,0,AGENT,18:46:41,18:49:00,139,ROTH
AA0106,46527,0,0,PS,990914,19:05:41,19:05:53,12,0:00:00,0:00:00,0,AGENT,19:05:52,19:10:05,253,ZOHARI
AA0106,46528,0,0,PS,990914,19:24:16,19:24:29,13,0:00:00,0:00:00,0,AGENT,19:24:28,19:25:48,80,NAAMA
AA0106,46529,29660834,2,PS,990914,19:40:33,19:40:39,6,19:40:39,19:40:59,20,AGENT,19:40:58,19:44:18,200,STEREN
AA0106,46530,57074585,2,PS,990914,19:59:36,19:59:41,5,19:59:41,20:00:29,48,AGENT,20:00:28,20:01:42,74,NAAMA
AA0106,46531,0,0,PS,990914,20:19:41,20:19:50,9,0:00:00,0:00:00,0,AGENT,20:19:49,20:21:32,103,ZOHARI
AA0106,46532,0,0,PS,990914,20:44:43,20:44:52,9,0:00:00,0:00:00,0,AGENT,20:44:51,20:45:31,40,NAAMA
AA0106,46533,0,0,PS,990914,21:04:22,21:04:30,8,0:00:00,0:00:00,0,AGENT,21:04:30,21:06:01,91,ROTH
AA0106,46534,0,0,PS,990914,21:31:18,21:31:27,9,0:00:00,0:00:00,0,AGENT,21:31:26,21:35:01,215,SHARON
AA0106,46535,0,0,PS,990914,21:46:26,21:46:36,10,0:00:00,0:00:00,0,AGENT,21:46:35,21:47:18,43,ZOHARI
AA0106,46536,25627027,2,PS,990914,22:02:24,22:02:29,5,22:02:29,22:03:48,79,AGENT,22:03:47,22:05:31,104,STEREN
AA0106,46537,0,0,PS,990914,22:30:21,22:30:31,10,0:00:00,0:00:00,0,AGENT,22:30:29,22:31:14,45,SHARON
AA0106,46538,0,0,PS,990914,23:06:37,23:06:54,17,0:00:00,0:00:00,0,AGENT,23:06:48,23:11:36,288,SHARON
AA0106,46539,0,0,PS,990914,23:35:42,23:36:11,29,0:00:00,0:00:00,0,AGENT,23:36:10,23:38:26,136,STEREN
AA0106,46540,0,0,NW,990915,0:50:09,0:50:31,22,0:00:00,0:00:00,0,HANG,0:00:00,0:00:00,0,NO_SERVER
AA0106,46541,0,0,NW,990915,7:44:34,7:44:59,25,0:00:00,0:00:00,0,HANG,0:00:00,0:00:00,0,NO_SERVER
AA0106,46542,0,0,NW,990915,8:03:55,8:04:08,13,0:00:00,0:00:00,0,AGENT,8:04:07,8:04:41,34,VICKY
AA0106,46543,53326039,2,PS,990915,8:19:57,8:20:03,6,8:20:03,8:20:11,8,AGENT,8:20:10,8:22:55,165,ROTH
AA0106,46544,0,0,PS,990915,8:37:46,8:37:58,12,0:00:00,0:00:00,0,AGENT,8:37:57,8:40:50,173,VICKY
AA0106,46545,0,0,PS,990915,8:48:12,8:48:20,8,0:00:00,0:00:00,0,AGENT,8:48:19,8:51:04,165,KAZAV
AA0106,46546,22980072,2,PS,990915,9:00:19,9:00:41,22,9:00:41,9:01:19,38,AGENT,9:01:18,9:03:29,131,VICKY
AA0106,46547,57437162,2,PS,990915,9:09:39,9:09:44,5,9:09:44,9:11:06,82,AGENT,9:11:06,9:12:57,111,VICKY
AA0106,46548,31776834,1,PS,990915,9:17:52,9:17:58,6,9:17:58,9:19:00,62,AGENT,9:18:59,9:34:13,914,VICKY
AA0106,46549,27401272,1,PS,990915,9:30:29,9:30:35,6,9:30:35,9:31:01,26,AGENT,9:31:00,9:32:52,112,ZOHARI
AA0106,46550,0,0,PS,990915,9:43:49,9:43:59,10,0:00:00,0:00:00,0,AGENT,9:43:58,9:47:00,182,ROTH
AA0106,46551,0,0,PS,990915,9:52:40,9:52:49,9,0:00:00,0:00:00,0,AGENT,9:52:48,10:00:13,445,VICKY
AA0106,46552,24651580,1,PS,990915,10:00:39,10:00:44,5,10:00:44,10:01:52,68,AGENT,10:01:52,10:01:54,2,YIFAT
AA0106,46553,57918849,1,NE,990915,10:13:03,10:13:09,6,10:13:09,10:14:47,98,AGENT,10:14:46,10:18:41,235,KAZAV
AA0106,46554,0,0,NW,990915,10:19:05,10:19:14,9,10:19:14,10:23:37,263,AGENT,10:23:36,10:25:57,141,AVNI
AA0106,46555,24651580,1,PS,990915,10:30:00,10:30:05,5,10:30:05,10:30:20,15,AGENT,10:30:19,10:32:05,106,AVNI
AA0106,46556,0,0,NW,990915,10:38:02,10:38:11,9,10:38:11,10:38:24,13,HANG,0:00:00,0:00:00,0,NO_SERVER
AA0106,46557,0,0,PS,990915,10:46:11,10:46:36,25,0:00:00,0:00:00,0,AGENT,10:46:36,10:47:48,72,YIFAT
AA0106,46558,1187707,2,PS,990915,10:54:28,10:54:34,6,10:54:34,10:54:59,25,AGENT,10:54:57,10:57:05,128,KAZAV
AA0106,46559,57756892,1,PS,990915,11:05:31,11:05:37,6,11:05:37,11:07:37,120,AGENT,11:07:36,11:08:41,65,YIFAT
AA0106,46560,54539366,1,PS,990915,11:15:46,11:15:51,5,11:15:51,11:16:02,11,AGENT,11:16:01,11:17:01,60,VICKY
AA0106,46561,28457521,2,PS,990915,11:28:01,11:28:06,5,11:28:06,11:28:55,49,AGENT,11:28:54,11:31:58,184,GOLDIE
AA0106,46562,24927717,1,PS,990915,11:34:54,11:34:59,5,11:34:59,11:35:49,50,AGENT,11:35:48,11:38:20,152,ROTH
AA0106,46563,0,0,PS,990915,11:54:26,11:54:34,8,0:00:00,0:00:00,0,AGENT,11:54:33,11:59:22,289,KAZAV
AA0106,46564,0,0,PS,990915,12:03:26,12:03:35,9,0:00:00,0:00:00,0,AGENT,12:03:35,12:06:40,185,DORIT
AA0106,46565,0,0,PS,990915,12:16:42,12:16:52,10,0:00:00,0:00:00,0,AGENT,12:16:51,12:19:35,164,STEREN
AA0106,46566,0,0,PS,990915,12:27:11,12:27:20,9,0:00:00,0:00:00,0,AGENT,12:27:19,12:36:06,527,AVNI
AA0106,46567,0,0,PS,990915,12:43:22,12:43:32,10,0:00:00,0:00:00,0,AGENT,12:43:30,12:45:35,125,ZOHARI
AA0106,46568,69367779,2,PS,990915,12:53:34,12:53:40,6,12:53:40,12:53:49,9,AGENT,12:53:49,12:54:59,70,STEREN
AA0106,46569,52031556,2,NE,990915,13:06:59,13:07:05,6,13:07:05,13:07:35,30,AGENT,13:07:34,13:11:09,215,STEREN
AA0106,46570,0,0,PS,990915,13:18:29,13:18:39,10,0:00:00,0:00:00,0,AGENT,13:18:37,13:20:57,140,DORIT
AA0106,46571,0,0,PS,990915,13:31:22,13:31:30,8,0:00:00,0:00:00,0,AGENT,13:31:29,13:34:44,195,ROTH
AA0106,46572,0,0,PS,990915,13:47:11,13:47:24,13,0:00:00,0:00:00,0,AGENT,13:47:23,13:50:12,169,VICKY
AA0106,46573,0,0,PS,990915,13:57:50,13:58:00,10,0:00:00,0:00:00,0,AGENT,13:58:00,13:59:31,91,GOLDIE
AA0106,46574,3519519,1,PS,990915,14:06:54,14:06:59,5,14:06:59,14:07:25,26,AGENT,14:07:24,14:08:49,85,ROTH
AA0106,46575,0,0,PS,990915,14:18:24,14:18:34,10,0:00:00,0:00:00,0,AGENT,14:18:33,14:21:36,183,MORIAH
AA0106,46576,52623048,2,PS,990915,14:32:28,14:32:34,6,14:32:34,14:33:31,57,AGENT,14:33:31,14:36:28,177,BASCH
AA0106,46577,0,0,NW,990915,14:41:53,14:42:02,9,14:42:02,14:42:21,19,AGENT,14:42:19,14:42:32,13,AVNI
AA0106,46578,0,0,PS,990915,14:47:30,14:47:39,9,0:00:00,0:00:00,0,AGENT,14:47:38,14:50:35,177,MORIAH
AA0106,46579,31435613,1,PS,990915,14:58:51,14:58:56,5,14:58:56,14:59:16,20,AGENT,14:59:15,15:07:56,521,AVNI
AA0106,46580,30271852,2,PS,990915,15:10:32,15:10:38,6,15:10:38,15:10:55,17,AGENT,15:10:54,15:13:33,159,ROTH
AA0106,46581,38341715,1,PS,990915,15:15:39,15:15:45,6,15:15:45,15:18:13,148,AGENT,15:18:12,15:19:15,63,STEREN
AA0106,46582,0,0,PS,990915,15:27:21,15:27:30,9,0:00:00,0:00:00,0,AGENT,15:27:30,15:28:37,67,GOLDIE
AA0106,46583,0,0,NE,990915,15:33:02,15:33:11,9,0:00:00,0:00:00,0,AGENT,15:33:11,15:37:49,278,ANAT
AA0106,46584,0,0,PS,990915,15:38:49,15:38:58,9,0:00:00,0:00:00,0,AGENT,15:38:57,15:39:01,4,MORIAH
AA0106,46585,0,0,PS,990915,15:45:01,15:45:10,9,0:00:00,0:00:00,0,AGENT,15:45:09,15:47:06,117,SHARON
AA0106,46586,0,0,PS,990915,15:57:01,15:57:12,11,0:00:00,0:00:00,0,AGENT,15:57:11,15:58:22,71,ANAT
AA0106,46587,0,0,NE,990915,16:05:08,16:05:18,10,0:00:00,0:00:00,0,AGENT,16:05:17,16:05:21,4,MORIAH
AA0106,46588,0,0,PS,990915,16:19:46,16:19:55,9,0:00:00,0:00:00,0,AGENT,16:19:55,16:23:22,207,BENSION
AA0106,46589,0,0,PS,990915,16:34:33,16:34:43,10,0:00:00,0:00:00,0,AGENT,16:34:42,16:36:46,124,AVNI
AA0106,46590,0,0,PS,990915,16:48:24,16:48:36,12,0:00:00,0:00:00,0,AGENT,16:48:35,16:49:16,41,AVI
AA0106,46591,0,0,NE,990915,16:58:41,16:58:54,13,0:00:00,0:00:00,0,AGENT,16:58:53,17:00:28,95,TOVA
AA0106,46592,0,0,PS,990915,17:15:10,17:15:24,14,0:00:00,0:00:00,0,AGENT,17:15:23,17:15:26,3,ANAT
AA0106,46593,0,0,NE,990915,17:32:46,17:32:53,7,0:00:00,0:00:00,0,AGENT,17:33:03,17:34:34,91,NO_SERVER
AA0106,46594,0,0,PS,990915,17:49:23,17:49:35,12,0:00:00,0:00:00,0,AGENT,17:49:33,17:52:23,170,YITZ
AA0106,46595,0,0,NW,990915,18:13:04,18:13:17,13,0:00:00,0:00:00,0,AGENT,18:13:16,18:13:46,30,MORIAH
AA0106,46596,0,0,PS,990915,18:28:58,18:29:09,11,0:00:00,0:00:00,0,AGENT,18:29:08,18:30:47,99,TOVA
AA0106,46597,33387077,1,PS,990915,18:46:16,18:46:22,6,18:46:22,18:47:42,80,HANG,0:00:00,0:00:00,0,NO_SERVER
AA0106,46598,0,0,PS,990915,18:59:17,18:59:29,12,0:00:00,0:00:00,0,AGENT,18:59:28,19:03:36,248,ANAT
AA0106,46599,0,0,PS,990915,19:22:45,19:22:57,12,0:00:00,0:00:00,0,AGENT,19:22:52,19:26:19,207,YITZ
AA0106,46600,0,0,NW,990915,19:46:38,19:46:51,13,0:00:00,0:00:00,0,AGENT,19:46:50,19:47:06,16,YITZ
AA0106,46601,0,0,PS,990915,20:12:24,20:12:34,10,0:00:00,0:00:00,0,AGENT,20:12:33,20:13:21,48,AVI
AA0106,46602,0,0,PS,990915,20:31:08,20:31:16,8,0:00:00,0:00:00,0,AGENT,20:31:16,20:31:20,4,MORIAH
AA0106,46603,0,0,NW,990915,20:49:03,20:49:16,13,0:00:00,0:00:00,0,AGENT,20:49:15,20:50:08,53,YITZ
AA0106,46604,0,0,PS,990915,21:07:30,21:07:38,8,0:00:00,0:00:00,0,AGENT,21:07:37,21:10:54,197,MORIAH
AA0106,46605,0,0,PS,990915,21:24:16,21:24:28,12,0:00:00,0:00:00,0,AGENT,21:24:27,21:25:53,86,BENSION
AA0106,46606,0,0,NE,990915,21:41:49,21:41:59,10,0:00:00,0:00:00,0,AGENT,21:41:58,21:51:13,555,MORIAH
AA0106,46607,25429325,2,PS,990915,21:56:54,21:57:00,6,21:57:00,21:57:06,6,AGENT,21:57:05,21:58:21,76,AVI
AA0106,46608,0,0,PS,990915,22:18:48,22:18:58,10,0:00:00,0:00:00,0,AGENT,22:18:57,22:19:17,20,BENSION
AA0106,46609,29518289,2,PS,990915,22:42:45,22:42:50,5,22:42:50,22:43:08,18,AGENT,22:43:07,22:44:29,82,AVI
AA0106,46610,0,0,PS,990915,23:15:06,23:15:16,10,0:00:00,0:00:00,0,AGENT,23:15:16,23:16:01,45,AVI
AA0106,46611,55981112,1,PS,990915,23:54:29,23:54:35,6,23:54:35,23:55:21,46,AGENT,23:55:20,23:56:47,87,GELBER
AA0106,46612,0,0,NW,990916,5:42:53,5:43:31,38,0:00:00,0:00:00,0,HANG,0:00:00,0:00:00,0,NO_SERVER
AA0106,46613,0,0,PS,990916,7:10:43,7:10:53,10,0:00:00,0:00:00,0,AGENT,7:10:52,7:14:35,223,TOVA
AA0106,46614,0,0,PS,990916,8:01:23,8:01:34,11,0:00:00,0:00:00,0,AGENT,8:01:32,8:05:16,224,ZOHARI
AA0106,46615,1147347,1,PS,990916,8:15:52,8:15:57,5,8:15:57,8:16:45,48,AGENT,8:16:45,8:18:04,79,ANAT
AA0106,46616,0,0,PS,990916,8:37:03,8:37:12,9,0:00:00,0:00:00,0,AGENT,8:37:11,8:38:40,89,KAZAV
AA0106,46617,0,0,PS,990916,8:46:27,8:46:38,11,0:00:00,0:00:00,0,AGENT,8:46:38,8:48:30,112,TOVA
AA0106,46618,0,0,NW,990916,8:56:05,8:56:14,9,8:56:14,8:56:57,43,AGENT,8:56:56,9:03:11,375,MORIAH
AA0106,46619,0,0,NW,990916,9:08:37,9:08:47,10,9:08:47,9:11:26,159,HANG,0:00:00,0:00:00,0,NO_SERVER
AA0106,46620,0,0,NW,990916,9:20:45,9:20:54,9,9:20:54,9:23:48,174,AGENT,9:23:48,9:23:54,6,MORIAH
AA0106,46621,29661931,2,PS,990916,9:42:01,9:42:07,6,9:42:07,9:42:21,14,AGENT,9:42:20,9:44:02,102,TOVA
AA0106,46622,0,0,PS,990916,9:53:25,9:53:37,12,0:00:00,0:00:00,0,AGENT,9:53:35,9:54:21,46,MORIAH
AA0106,46623,0,0,PS,990916,10:04:31,10:04:39,8,0:00:00,0:00:00,0,AGENT,10:04:39,10:04:42,3,MORIAH
AA0106,46624,13089362,2,PS,990916,10:14:07,10:14:12,5,10:14:12,10:14:49,37,AGENT,10:14:48,10:15:38,50,ROTH
AA0106,46625,50850429,2,PS,990916,10:22:06,10:22:11,5,10:22:11,10:22:50,39,AGENT,10:22:49,10:23:44,55,KAZAV
AA0106,46626,23793540,1,PS,990916,10:26:56,10:27:02,6,10:27:02,10:28:23,81,HANG,0:00:00,0:00:00,0,NO_SERVER
AA0106,46627,31463482,1,PS,990916,10:34:08,10:34:14,6,10:34:14,10:34:26,12,AGENT,10:34:26,10:38:19,233,ZOHARI
AA0106,46628,68194745,2,PS,990916,10:43:54,10:44:00,6,10:44:00,10:44:08,8,AGENT,10:44:07,10:47:17,190,MORIAH
AA0106,46629,0,0,NW,990916,10:56:14,10:56:23,9,10:56:23,10:58:49,146,AGENT,10:58:46,11:01:08,142,ROTH
AA0106,46630,1489624,2,PS,990916,11:11:37,11:11:43,6,11:11:43,11:12:13,30,AGENT,11:12:13,11:13:48,95,ANAT
AA0106,46631,24410680,1,PS,990916,11:22:38,11:22:43,5,11:22:43,11:23:02,19,AGENT,11:23:01,11:23:04,3,MORIAH
AA0106,46632,0,0,PS,990916,11:33:19,11:33:28,9,0:00:00,0:00:00,0,AGENT,11:33:28,11:35:16,108,YIFAT
AA0106,46633,0,0,PS,990916,11:50:16,11:50:27,11,0:00:00,0:00:00,0,AGENT,11:50:25,11:51:52,87,DORIT
AA0106,46634,0,0,NE,990916,11:59:53,12:00:17,24,0:00:00,0:00:00,0,AGENT,12:00:15,12:02:58,163,ANAT
AA0106,46635,0,0,PS,990916,12:09:44,12:09:58,14,0:00:00,0:00:00,0,AGENT,12:09:57,12:12:22,145,TOVA
AA0106,46636,52086576,1,PS,990916,12:19:03,12:19:08,5,12:19:08,12:19:22,14,HANG,0:00:00,0:00:00,0,NO_SERVER
AA0106,46637,0,0,PS,990916,12:26:55,12:27:03,8,0:00:00,0:00:00,0,AGENT,12:27:02,12:31:25,263,ROTH
AA0106,46638,0,0,PS,990916,12:43:30,12:43:39,9,0:00:00,0:00:00,0,AGENT,12:43:39,12:48:53,314,ROTH
AA0106,46639,0,0,PS,990916,12:57:26,12:57:35,9,0:00:00,0:00:00,0,AGENT,12:57:35,13:01:34,239,GOLDIE
AA0106,46640,62866918,1,PS,990916,13:07:27,13:07:33,6,13:07:33,13:08:25,52,AGENT,13:08:24,13:11:09,165,KAZAV
AA0106,46641,0,0,NE,990916,13:18:51,13:19:01,10,0:00:00,0:00:00,0,AGENT,13:18:59,13:19:37,38,ROTH
AA0106,46642,29665320,2,PS,990916,13:27:47,13:27:53,6,13:27:53,13:29:16,83,AGENT,13:29:15,13:31:19,124,KAZAV
AA0106,46643,0,0,NW,990916,13:38:41,13:38:50,9,13:38:50,13:40:14,84,AGENT,13:40:13,13:41:29,76,MORIAH
AA0106,46644,54042171,2,NE,990916,13:51:44,13:51:50,6,13:51:50,13:52:46,56,AGENT,13:52:45,13:56:21,216,ZOHARI
AA0106,46645,54665682,2,PS,990916,14:02:17,14:02:22,5,14:02:22,14:02:46,24,AGENT,14:02:45,14:05:50,185,KAZAV
AA0106,46646,57918849,1,NE,990916,14:09:39,14:09:45,6,14:09:45,14:13:35,230,AGENT,14:13:34,14:19:42,368,ZOHARI
AA0106,46647,0,0,PS,990916,14:25:51,14:26:00,9,0:00:00,0:00:00,0,AGENT,14:25:59,14:27:44,105,ZOHARI
AA0106,46648,0,0,PS,990916,14:35:43,14:35:53,10,0:00:00,0:00:00,0,AGENT,14:35:52,14:39:36,224,STEREN
AA0106,46649,0,0,PS,990916,14:48:13,14:48:22,9,0:00:00,0:00:00,0,AGENT,14:48:21,14:51:34,193,DORIT
AA0106,46650,0,0,PS,990916,14:53:37,14:53:47,10,0:00:00,0:00:00,0,AGENT,14:53:47,14:55:10,83,MORIAH
AA0106,46651,2983385,2,PS,990916,14:58:29,14:58:34,5,14:58:34,15:03:55,321,AGENT,15:03:54,15:07:33,219,ROTH
AA0106,46652,54539366,1,PS,990916,15:09:34,15:09:40,6,15:09:40,15:12:20,160,HANG,0:00:00,0:00:00,0,NO_SERVER
AA0106,46653,0,0,NW,990916,15:18:00,15:18:10,10,15:18:10,15:18:45,35,HANG,0:00:00,0:00:00,0,NO_SERVER
AA0106,46654,22532980,2,PS,990916,15:26:52,15:26:58,6,15:26:58,15:27:47,49,AGENT,15:27:47,15:30:22,155,KAZAV
AA0106,46655,71520779,1,PS,990916,15:33:37,15:33:43,6,15:33:43,15:38:10,267,AGENT,15:38:09,15:55:03,1014,GOLDIE
AA0106,46656,0,0,NW,990916,15:44:51,15:45:00,9,15:45:00,15:45:40,40,HANG,0:00:00,0:00:00,0,NO_SERVER
AA0106,46657,68162254,1,PS,990916,15:52:24,15:52:29,5,15:52:29,15:58:31,362,AGENT,15:58:30,16:02:32,242,GOLDIE
AA0106,46658,0,0,NW,990916,16:07:21,16:07:31,10,16:07:31,16:07:56,25,AGENT,16:07:55,16:08:25,30,AVI
AA0106,46659,54128681,2,PS,990916,16:18:14,16:18:19,5,16:18:19,16:18:34,15,AGENT,16:18:32,16:20:44,132,VICKY
AA0106,46660,0,0,PS,990916,16:35:11,16:35:20,9,0:00:00,0:00:00,0,AGENT,16:35:19,16:45:32,613,AVI
AA0106,46661,52867744,2,PS,990916,16:44:31,16:44:36,5,16:44:36,16:45:30,54,AGENT,16:45:29,16:50:55,326,GOLDIE
AA0106,46662,48820351,2,NE,990916,16:56:34,16:56:40,6,16:56:40,16:59:47,187,AGENT,16:59:46,17:03:26,220,AVI
AA0106,46663,0,0,NW,990916,17:17:47,17:17:56,9,17:17:56,17:21:08,192,HANG,0:00:00,0:00:00,0,NO_SERVER
AA0106,46664,0,0,NW,990916,17:32:21,17:32:22,1,0:00:00,0:00:00,0,HANG,0:00:00,0:00:00,0,NO_SERVER
AA0106,46665,0,0,NW,990916,17:57:03,17:57:21,18,0:00:00,0:00:00,0,AGENT,17:57:23,17:57:40,17,NO_SERVER
AA0106,46666,0,0,NW,990916,18:17:46,18:17:58,12,0:00:00,0:00:00,0,AGENT,18:17:57,18:18:35,38,AVI
AA0106,46667,0,0,PS,990916,18:41:09,18:41:17,8,0:00:00,0:00:00,0,AGENT,18:41:17,18:44:00,163,MEIR
AA0106,46668,0,0,PS,990916,19:08:08,19:08:21,13,0:00:00,0:00:00,0,AGENT,19:08:20,19:09:55,95,AVI
AA0106,46669,0,0,PS,990916,19:22:21,19:22:31,10,0:00:00,0:00:00,0,AGENT,19:22:30,19:27:18,288,AVI
AA0106,46670,0,0,PS,990916,19:49:05,19:49:16,11,0:00:00,0:00:00,0,AGENT,19:49:15,19:51:47,152,GILI
AA0106,46671,0,0,PS,990916,20:18:41,20:18:54,13,0:00:00,0:00:00,0,AGENT,20:18:54,20:19:41,47,AVI
AA0106,46672,0,0,PS,990916,20:54:44,20:54:56,12,0:00:00,0:00:00,0,AGENT,20:54:54,20:55:06,12,AVI
AA0106,46673,0,0,NW,990916,21:20:43,21:21:00,17,0:00:00,0:00:00,0,AGENT,21:20:59,21:23:07,128,MEIR
AA0106,46674,53357307,2,PS,990916,21:54:57,21:55:03,6,21:55:03,21:56:11,68,AGENT,21:56:10,21:57:54,104,AVNI
AA0106,46675,56091879,1,PS,990916,22:13:45,22:13:50,5,22:13:50,22:22:04,494,AGENT,22:22:03,22:22:40,37,GELBER
AA0106,46676,72600836,2,PS,990916,22:51:43,22:51:48,5,22:51:48,22:52:11,23,AGENT,22:52:10,22:53:17,67,AVNI
AA0106,46677,0,0,PS,990916,23:23:35,23:23:44,9,0:00:00,0:00:00,0,AGENT,23:23:43,23:26:19,156,AVNI
AA0106,46678,0,0,PS,990917,0:32:59,0:33:37,38,0:00:00,0:00:00,0,HANG,0:00:00,0:00:00,0,NO_SERVER
AA0106,46679,0,0,PS,990917,7:22:28,7:22:40,12,0:00:00,0:00:00,0,AGENT,7:22:39,7:26:06,207,BENSION
AA0106,46680,0,0,PS,990917,7:59:52,8:00:04,12,0:00:00,0:00:00,0,AGENT,8:00:03,8:01:15,72,BENSION
AA0106,46681,0,0,PS,990917,8:20:46,8:20:57,11,0:00:00,0:00:00,0,AGENT,8:20:56,8:23:03,127,BENSION
AA0106,46682,0,0,NW,990917,8:38:14,8:38:24,10,0:00:00,0:00:00,0,HANG,0:00:00,0:00:00,0,NO_SERVER
AA0106,46683,0,0,PS,990917,8:48:39,8:49:08,29,0:00:00,0:00:00,0,AGENT,8:49:06,8:50:23,77,SHARON
AA0106,46684,34337634,2,PS,990917,8:59:33,8:59:39,6,8:59:39,9:01:55,136,AGENT,9:01:54,9:02:59,65,BENSION
AA0106,46685,0,0,NW,990917,9:17:34,9:17:43,9,9:17:43,9:19:23,100,HANG,0:00:00,0:00:00,0,NO_SERVER
AA0106,46686,0,0,PS,990917,9:34:49,9:35:01,12,0:00:00,0:00:00,0,AGENT,9:35:01,9:36:40,99,BENSION
AA0106,46687,29569316,1,PS,990917,9:46:04,9:46:10,6,9:46:10,9:47:16,66,AGENT,9:47:15,9:50:10,175,MORIAH
AA0106,46688,25186339,1,PS,990917,9:59:31,9:59:37,6,9:59:37,9:59:53,16,AGENT,9:59:52,10:01:14,82,BENSION
AA0106,46689,57993131,2,PS,990917,10:11:57,10:12:03,6,10:12:03,10:12:20,17,AGENT,10:12:20,10:13:20,60,SHARON
AA0106,46690,0,0,PS,990917,10:28:09,10:28:20,11,0:00:00,0:00:00,0,AGENT,10:28:19,10:31:26,187,SHARON
AA0106,46691,0,0,PS,990917,10:49:17,10:49:28,11,0:00:00,0:00:00,0,AGENT,10:49:27,10:51:11,104,MORIAH
AA0106,46692,31942345,1,PS,990917,11:04:22,11:04:28,6,11:04:28,11:05:32,64,HANG,0:00:00,0:00:00,0,NO_SERVER
AA0106,46693,50499136,2,PS,990917,11:21:44,11:21:49,5,11:21:49,11:22:33,44,AGENT,11:22:33,11:24:13,100,SHARON
AA0106,46694,9614488,2,PS,990917,11:37:50,11:37:56,6,11:37:56,11:38:16,20,AGENT,11:38:16,11:38:55,39,SHARON
AA0106,46695,0,0,PS,990917,11:57:39,11:57:48,9,0:00:00,0:00:00,0,AGENT,11:57:47,12:02:30,283,DORIT
AA0106,46696,0,0,NW,990917,12:23:40,12:23:52,12,0:00:00,0:00:00,0,AGENT,12:23:51,12:25:59,128,MORIAH
AA0106,46697,0,0,PS,990917,12:47:01,12:47:12,11,0:00:00,0:00:00,0,AGENT,12:47:10,12:48:23,73,BENSION
AA0106,46698,0,0,NW,990917,13:15:48,13:16:01,13,0:00:00,0:00:00,0,AGENT,13:16:00,13:18:46,166,MORIAH
AA0106,46699,0,0,PS,990917,13:49:38,13:49:48,10,0:00:00,0:00:00,0,AGENT,13:49:47,13:51:16,89,DORIT
AA0106,46700,0,0,PS,990917,13:53:51,13:54:14,23,0:00:00,0:00:00,0,HANG,0:00:00,0:00:00,0,NO_SERVER
AA0106,46701,0,0,NW,990917,14:48:31,14:49:32,61,0:00:00,0:00:00,0,HANG,0:00:00,0:00:00,0,NO_SERVER
AA0106,46702,0,0,PS,990917,15:59:20,15:59:32,12,0:00:00,0:00:00,0,HANG,0:00:00,0:00:00,0,NO_SERVER
AA0106,46703,0,0,PS,990918,0:51:38,0:52:16,38,0:00:00,0:00:00,0,HANG,0:00:00,0:00:00,0,NO_SERVER
AA0106,46704,0,0,NW,990918,19:25:33,19:25:47,14,0:00:00,0:00:00,0,HANG,0:00:00,0:00:00,0,NO_SERVER
AA0106,46705,56817471,1,PS,990918,20:08:39,20:08:45,6,20:08:45,20:08:59,14,AGENT,20:08:58,20:10:32,94,SHARON
AA0106,46706,303264253,1,PS,990918,20:40:31,20:40:36,5,20:40:36,20:41:47,71,AGENT,20:41:46,20:42:29,43,AVI
AA0106,46707,0,0,PS,990918,21:11:35,21:11:46,11,0:00:00,0:00:00,0,AGENT,21:11:45,21:12:09,24,AVI
AA0106,46708,0,0,PS,990918,21:56:16,21:56:27,11,0:00:00,0:00:00,0,AGENT,21:56:26,21:57:09,43,AVI
AA0106,46709,0,0,NW,990918,22:33:00,22:33:13,13,0:00:00,0:00:00,0,AGENT,22:33:12,22:33:30,18,ROTH
AA0106,46710,0,0,PS,990918,23:44:36,23:45:19,43,0:00:00,0:00:00,0,AGENT,23:45:19,23:52:04,405,DARMON
AA0106,46711,0,0,PS,990919,7:06:27,7:06:36,9,0:00:00,0:00:00,0,AGENT,7:06:36,7:07:29,53,GILI
AA0106,46712,0,0,PS,990919,7:46:37,7:46:47,10,0:00:00,0:00:00,0,AGENT,7:46:46,7:50:05,199,ROTH
AA0106,46713,0,0,PS,990919,8:04:40,8:04:56,16,0:00:00,0:00:00,0,AGENT,8:04:55,8:06:22,87,ANAT
AA0106,46714,0,0,NW,990919,8:25:51,8:26:04,13,0:00:00,0:00:00,0,AGENT,8:26:02,8:26:07,5,MORIAH
AA0106,46715,0,0,PS,990919,8:38:05,8:38:15,10,0:00:00,0:00:00,0,AGENT,8:38:15,8:42:38,263,ROTH
AA0106,46716,0,0,PS,990919,8:49:12,8:49:21,9,0:00:00,0:00:00,0,AGENT,8:49:21,8:50:23,62,YIFAT
AA0106,46717,0,0,PS,990919,8:55:31,8:55:40,9,0:00:00,0:00:00,0,AGENT,8:55:40,8:57:55,135,TOVA
AA0106,46718,0,0,NW,990919,9:09:39,9:09:52,13,0:00:00,0:00:00,0,AGENT,9:09:51,9:13:07,196,AVNI
AA0106,46719,0,0,PS,990919,9:29:18,9:29:26,8,0:00:00,0:00:00,0,AGENT,9:29:26,9:33:45,259,AVNI
AA0106,46720,0,0,PS,990919,9:45:10,9:45:26,16,0:00:00,0:00:00,0,AGENT,9:45:25,9:48:21,176,SHARON
AA0106,46721,0,0,PS,990919,10:06:28,10:06:37,9,0:00:00,0:00:00,0,AGENT,10:06:36,10:08:40,124,ANAT
AA0106,46722,0,0,PS,990919,10:32:42,10:32:51,9,0:00:00,0:00:00,0,AGENT,10:32:50,10:34:12,82,AVNI
AA0106,46723,0,0,NW,990919,11:02:22,11:02:34,12,0:00:00,0:00:00,0,AGENT,11:02:34,11:03:24,50,SHARON
AA0106,46724,0,0,NW,990919,11:56:02,11:56:11,9,11:56:11,11:56:28,17,AGENT,11:56:28,11:57:03,35,AVNI
AA0106,46725,0,0,NW,990920,19:32:34,19:32:52,18,0:00:00,0:00:00,0,HANG,0:00:00,0:00:00,0,NO_SERVER
AA0106,46726,0,0,PS,990920,21:00:11,21:00:21,10,0:00:00,0:00:00,0,AGENT,21:00:21,21:01:05,44,SHARON
AA0106,46727,0,0,PS,990920,21:31:02,21:31:12,10,0:00:00,0:00:00,0,AGENT,21:31:11,21:32:04,53,DORIT
AA0106,46728,0,0,PS,990920,21:57:07,21:57:17,10,0:00:00,0:00:00,0,AGENT,21:57:17,22:01:53,276,SHARON
AA0106,46729,0,0,PS,990920,22:33:10,22:33:20,10,0:00:00,0:00:00,0,AGENT,22:33:19,22:34:43,84,DORIT
AA0106,46730,0,0,PS,990920,22:56:34,22:56:45,11,0:00:00,0:00:00,0,AGENT,22:56:44,22:58:25,101,SHARON
AA0106,46731,0,0,NW,990920,23:34:46,23:34:55,9,23:34:55,23:35:37,42,HANG,0:00:00,0:00:00,0,NO_SERVER
AA0106,46732,0,0,NW,990921,1:04:16,1:04:53,37,0:00:00,0:00:00,0,HANG,0:00:00,0:00:00,0,NO_SERVER
AA0106,46733,0,0,PS,990921,6:44:53,6:45:10,17,0:00:00,0:00:00,0,HANG,0:00:00,0:00:00,0,NO_SERVER
AA0106,46734,22603955,1,PS,990921,7:26:04,7:26:10,6,7:26:10,7:26:28,18,AGENT,7:26:27,7:26:38,11,MORIAH
AA0106,46735,0,0,NW,990921,7:49:27,7:49:40,13,0:00:00,0:00:00,0,AGENT,7:49:39,7:51:23,104,AVI
AA0106,46736,0,0,PS,990921,8:04:39,8:04:49,10,0:00:00,0:00:00,0,AGENT,8:04:47,8:12:10,443,AVI
AA0106,46737,0,0,PS,990921,8:24:48,8:24:57,9,0:00:00,0:00:00,0,AGENT,8:24:56,8:25:09,13,ROTH
AA0106,46738,0,0,PS,990921,8:40:25,8:40:34,9,0:00:00,0:00:00,0,AGENT,8:40:33,9:01:28,1255,ROTH
AA0106,46739,0,0,PS,990921,8:49:17,8:49:30,13,0:00:00,0:00:00,0,AGENT,8:49:29,8:50:30,61,AVI
AA0106,46740,0,0,PS,990921,9:03:23,9:03:31,8,0:00:00,0:00:00,0,AGENT,9:03:31,9:04:24,53,AVNI
AA0106,46741,0,0,NE,990921,9:15:47,9:15:57,10,0:00:00,0:00:00,0,AGENT,9:15:55,9:58:14,2539,ELI
AA0106,46742,0,0,PS,990921,9:32:13,9:32:24,11,0:00:00,0:00:00,0,AGENT,9:32:23,9:34:04,101,KAZAV
AA0106,46743,0,0,NE,990921,9:43:18,9:43:28,10,0:00:00,0:00:00,0,AGENT,9:43:27,9:45:10,103,BASCH
AA0106,46744,0,0,PS,990921,9:50:07,9:50:15,8,0:00:00,0:00:00,0,AGENT,9:50:13,9:51:36,83,ROTH
AA0106,46745,9643602,2,PS,990921,9:56:38,9:56:44,6,9:56:44,9:57:14,30,AGENT,9:57:13,9:57:15,2,AVI
AA0106,46746,53186953,2,PS,990921,10:03:05,10:03:10,5,10:03:10,10:03:27,17,AGENT,10:03:27,10:05:35,128,YIFAT
AA0106,46747,24947061,2,PS,990921,10:09:39,10:09:44,5,10:09:44,10:11:22,98,AGENT,10:11:21,10:14:28,187,YIFAT
AA0106,46748,310992045,1,PS,990921,10:16:29,10:16:34,5,10:16:34,10:16:44,10,AGENT,10:16:43,10:18:07,84,ANAT
AA0106,46749,24927717,1,PS,990921,10:22:58,10:23:04,6,10:23:04,10:23:26,22,AGENT,10:23:25,10:25:15,110,ROTH
AA0106,46750,0,0,NW,990921,10:32:42,10:32:52,10,10:32:52,10:36:21,209,AGENT,10:36:20,10:37:58,98,AVNI
AA0106,46751,0,0,PS,990921,10:45:06,10:45:15,9,0:00:00,0:00:00,0,AGENT,10:45:14,10:46:28,74,ANAT
AA0106,46752,57163537,2,PS,990921,10:51:31,10:51:37,6,10:51:37,10:52:19,42,AGENT,10:52:18,10:54:19,121,MORIAH
AA0106,46753,50252386,2,PS,990921,10:58:20,10:58:26,6,10:58:26,10:58:53,27,AGENT,10:58:52,11:00:18,86,YIFAT
AA0106,46754,33823170,1,PS,990921,11:05:59,11:06:05,6,11:06:05,11:06:14,9,AGENT,11:06:13,11:12:10,357,DORIT
AA0106,46755,11041316,1,PS,990921,11:14:14,11:14:20,6,11:14:20,11:16:50,150,AGENT,11:16:49,11:18:21,92,YIFAT
AA0106,46756,58365917,2,PS,990921,11:24:13,11:24:19,6,11:24:19,11:24:30,11,AGENT,11:24:29,11:25:15,46,ROTH
AA0106,46757,0,0,NE,990921,11:37:11,11:37:20,9,0:00:00,0:00:00,0,AGENT,11:37:19,11:39:32,133,KAZAV
AA0106,46758,55737605,1,PS,990921,11:47:15,11:47:21,6,11:47:21,11:48:02,41,PHANTOM,11:48:01,11:48:05,4,NO_SERVER
AA0106,46759,0,0,PS,990921,11:58:20,11:58:34,14,0:00:00,0:00:00,0,AGENT,11:58:33,12:06:05,452,BASCH
AA0106,46760,0,0,PS,990921,12:10:14,12:10:23,9,0:00:00,0:00:00,0,AGENT,12:10:22,12:13:34,192,AVNI
AA0106,46761,0,0,PS,990921,12:23:49,12:24:03,14,0:00:00,0:00:00,0,AGENT,12:24:02,12:26:39,157,DORIT
AA0106,46762,0,0,PS,990921,12:32:40,12:32:50,10,0:00:00,0:00:00,0,AGENT,12:32:49,12:35:58,189,BASCH
AA0106,46763,0,0,PS,990921,12:47:17,12:47:33,16,0:00:00,0:00:00,0,AGENT,12:47:31,12:48:43,72,ANAT
AA0106,46764,0,0,PS,990921,13:05:07,13:05:21,14,0:00:00,0:00:00,0,AGENT,13:05:20,13:06:11,51,AVI
AA0106,46765,0,0,NW,990921,13:12:40,13:12:49,9,13:12:49,13:13:02,13,HANG,0:00:00,0:00:00,0,NO_SERVER
AA0106,46766,0,0,PS,990921,13:29:07,13:29:18,11,0:00:00,0:00:00,0,AGENT,13:29:18,13:32:30,192,MORIAH
AA0106,46767,54128681,2,PS,990921,13:38:42,13:38:48,6,13:38:48,13:39:04,16,AGENT,13:39:03,13:41:28,145,MORIAH
AA0106,46768,0,0,PS,990921,13:45:48,13:45:57,9,0:00:00,0:00:00,0,AGENT,13:45:56,13:48:03,127,YIFAT
AA0106,46769,0,0,NE,990921,13:54:49,13:55:00,11,0:00:00,0:00:00,0,AGENT,13:55:00,13:58:17,197,BASCH
AA0106,46770,0,0,NW,990921,14:04:10,14:04:20,10,0:00:00,0:00:00,0,AGENT,14:04:25,14:04:40,15,NO_SERVER
AA0106,46771,0,0,NE,990921,14:15:28,14:15:37,9,0:00:00,0:00:00,0,AGENT,14:15:36,14:20:08,272,KAZAV
AA0106,46772,0,0,NW,990921,14:25:47,14:25:56,9,14:25:56,14:26:21,25,AGENT,14:26:20,14:26:34,14,AVI
AA0106,46773,0,0,PS,990921,14:39:54,14:40:05,11,0:00:00,0:00:00,0,AGENT,14:40:04,14:42:50,166,VICKY
AA0106,46774,0,0,NW,990921,14:52:08,14:52:21,13,0:00:00,0:00:00,0,AGENT,14:52:20,14:54:25,125,AVI
AA0106,46775,1574243,2,NE,990921,15:05:57,15:06:03,6,15:06:03,15:08:01,118,AGENT,15:08:00,15:09:05,65,ZOHARI
AA0106,46776,0,0,PS,990921,15:17:57,15:18:06,9,0:00:00,0:00:00,0,AGENT,15:18:05,15:21:21,196,KAZAV
AA0106,46777,0,0,NW,990921,15:26:26,15:26:36,10,15:26:36,15:29:24,168,AGENT,15:29:23,15:29:53,30,VICKY
AA0106,46778,703074,2,PS,990921,15:36:37,15:36:43,6,15:36:43,15:37:09,26,AGENT,15:37:08,15:37:21,13,ROTH
AA0106,46779,59630624,1,NE,990921,15:47:16,15:47:22,6,15:47:22,15:47:26,4,AGENT,15:47:26,15:48:40,74,ELI
AA0106,46780,54497045,2,PS,990921,15:57:35,15:57:40,5,15:57:40,15:59:36,116,AGENT,15:59:35,15:59:41,6,BENSION
AA0106,46781,29347549,1,PS,990921,16:06:39,16:06:45,6,16:06:45,16:07:55,70,AGENT,16:07:55,16:09:28,93,AVNI
AA0106,46782,0,0,PS,990921,16:19:31,16:19:41,10,0:00:00,0:00:00,0,AGENT,16:19:41,16:20:58,77,VICKY
AA0106,46783,0,0,NW,990921,16:32:55,16:33:13,18,0:00:00,0:00:00,0,AGENT,16:33:12,16:34:14,62,YITZ
AA0106,46784,22263115,2,PS,990921,16:40:49,16:40:54,5,16:40:54,16:41:15,21,AGENT,16:41:15,16:47:12,357,ZOHARI
AA0106,46785,0,0,PS,990921,17:02:33,17:02:43,10,0:00:00,0:00:00,0,AGENT,17:02:42,17:03:40,58,VICKY
AA0106,46786,0,0,NW,990921,17:17:27,17:17:41,14,0:00:00,0:00:00,0,AGENT,17:17:40,17:18:19,39,YITZ
AA0106,46787,0,0,PS,990921,17:33:17,17:33:27,10,0:00:00,0:00:00,0,AGENT,17:33:26,17:37:25,239,GOLDIE
AA0106,46788,0,0,NW,990921,17:56:20,17:56:34,14,0:00:00,0:00:00,0,AGENT,17:56:33,17:57:55,82,STEREN
AA0106,46789,0,0,PS,990921,18:11:58,18:12:07,9,0:00:00,0:00:00,0,AGENT,18:12:06,18:13:35,89,STEREN
AA0106,46790,0,0,PS,990921,18:30:46,18:30:55,9,0:00:00,0:00:00,0,AGENT,18:30:54,18:32:03,69,BENSION
AA0106,46791,0,0,PS,990921,18:55:05,18:55:19,14,0:00:00,0:00:00,0,AGENT,18:55:18,18:56:47,89,VICKY
AA0106,46792,0,0,PS,990921,19:21:28,19:21:38,10,0:00:00,0:00:00,0,AGENT,19:21:37,19:22:20,43,VICKY
AA0106,46793,58704610,2,PS,990921,19:42:01,19:42:06,5,19:42:06,19:43:21,75,AGENT,19:43:20,19:47:14,234,BENSION
AA0106,46794,0,0,PS,990921,19:59:12,19:59:23,11,0:00:00,0:00:00,0,AGENT,19:59:22,20:01:38,136,TOVA
AA0106,46795,0,0,PS,990921,20:25:58,20:26:29,31,0:00:00,0:00:00,0,AGENT,20:26:28,20:28:50,142,VICKY
AA0106,46796,0,0,PS,990921,20:49:31,20:49:40,9,0:00:00,0:00:00,0,AGENT,20:49:40,20:51:25,105,GOLDIE
AA0106,46797,0,0,PS,990921,21:04:42,21:04:53,11,0:00:00,0:00:00,0,AGENT,21:04:52,21:11:10,378,ZOHARI
AA0106,46798,0,0,PS,990921,21:21:13,21:21:22,9,0:00:00,0:00:00,0,AGENT,21:21:21,21:22:44,83,GOLDIE
AA0106,46799,0,0,PS,990921,21:43:53,21:44:01,8,0:00:00,0:00:00,0,AGENT,21:44:00,21:46:36,156,STEREN
AA0106,46800,0,0,PS,990921,22:01:38,22:01:47,9,0:00:00,0:00:00,0,AGENT,22:01:46,22:03:47,121,GILI
AA0106,46801,0,0,PS,990921,22:24:05,22:24:22,17,0:00:00,0:00:00,0,AGENT,22:24:22,22:26:10,108,BENSION
AA0106,46802,0,0,PS,990921,22:56:59,22:57:09,10,0:00:00,0:00:00,0,AGENT,22:57:08,22:59:49,161,GILI
AA0106,46803,550525,1,PS,990921,23:16:16,23:16:21,5,23:16:21,23:19:45,204,AGENT,23:19:45,23:20:21,36,STEREN
AA0106,46804,78768348,2,PS,990921,23:54:51,23:54:57,6,23:54:57,23:55:23,26,AGENT,23:55:22,23:57:48,146,YITZ
AA0106,46805,0,0,PS,990922,7:02:45,7:02:55,10,0:00:00,0:00:00,0,AGENT,7:02:54,7:05:36,162,YIFAT
AA0106,46806,0,0,PS,990922,7:33:24,7:33:33,9,0:00:00,0:00:00,0,AGENT,7:33:33,7:35:29,116,GOLDIE
AA0106,46807,0,0,NW,990922,7:57:46,7:57:59,13,0:00:00,0:00:00,0,AGENT,7:57:58,7:58:34,36,GOLDIE
AA0106,46808,0,0,PS,990922,8:16:15,8:16:24,9,0:00:00,0:00:00,0,AGENT,8:16:23,8:17:51,88,ROTH
AA0106,46809,0,0,PS,990922,8:30:22,8:30:31,9,0:00:00,0:00:00,0,AGENT,8:30:30,8:31:18,48,TOVA
AA0106,46810,0,0,PS,990922,8:44:05,8:44:17,12,0:00:00,0:00:00,0,AGENT,8:44:16,8:45:29,73,YIFAT
AA0106,46811,0,0,PS,990922,8:55:26,8:55:34,8,0:00:00,0:00:00,0,AGENT,8:55:33,8:57:19,106,ZOHARI
AA0106,46812,53494142,2,PS,990922,9:05:03,9:05:08,5,9:05:08,9:05:37,29,AGENT,9:05:37,9:07:09,92,KAZAV
AA0106,46813,0,0,PS,990922,9:13:25,9:13:34,9,0:00:00,0:00:00,0,AGENT,9:13:33,9:16:00,147,KAZAV
AA0106,46815,0,0,PS,990922,9:23:28,9:23:28,0,0:00:00,0:00:00,0,HANG,0:00:00,0:00:00,0,NO_SERVER
AA0106,46816,0,0,PS,990922,9:34:26,9:34:36,10,0:00:00,0:00:00,0,AGENT,9:34:35,9:35:47,72,ROTH
AA0106,46817,0,0,NE,990922,9:45:07,9:45:17,10,0:00:00,0:00:00,0,AGENT,9:45:16,9:46:27,71,VICKY
AA0106,46818,0,0,PS,990922,9:53:15,9:53:29,14,0:00:00,0:00:00,0,AGENT,9:53:28,9:55:51,143,YIFAT
AA0106,46819,0,0,NE,990922,10:04:24,10:04:35,11,0:00:00,0:00:00,0,AGENT,10:04:34,10:07:08,154,ZOHARI
AA0106,46820,0,0,PS,990922,10:11:18,10:11:28,10,0:00:00,0:00:00,0,AGENT,10:11:26,10:11:30,4,NO_SERVER
AA0106,46821,0,0,PS,990922,10:20:05,10:20:14,9,0:00:00,0:00:00,0,AGENT,10:20:13,10:27:30,437,VICKY
AA0106,46822,0,0,NW,990922,10:27:32,10:27:41,9,10:27:41,10:27:58,17,HANG,10:28:02,10:32:39,277,NO_SERVER
AA0106,46823,49921232,2,PS,990922,10:33:24,10:33:29,5,10:33:29,10:33:36,7,AGENT,10:33:35,10:34:46,71,VICKY
AA0106,46824,23895501,2,PS,990922,10:41:18,10:41:24,6,10:41:24,10:41:43,19,AGENT,10:41:41,10:44:22,161,TOVA
AA0106,46825,0,0,PS,990922,10:50:32,10:50:43,11,0:00:00,0:00:00,0,AGENT,10:50:42,10:52:06,84,AVNI
AA0106,46826,0,0,PS,990922,10:58:32,10:58:45,13,0:00:00,0:00:00,0,AGENT,10:58:44,11:00:05,81,YIFAT
AA0106,46827,0,0,NW,990922,11:04:27,11:04:36,9,11:04:36,11:07:46,190,HANG,0:00:00,0:00:00,0,NO_SERVER
AA0106,46828,0,0,PS,990922,11:14:27,11:14:36,9,0:00:00,0:00:00,0,AGENT,11:14:35,11:40:42,1567,STEREN
AA0106,46829,54570817,1,PS,990922,11:23:26,11:23:32,6,11:23:32,11:23:48,16,HANG,0:00:00,0:00:00,0,NO_SERVER
AA0106,46830,74450255,1,PS,990922,11:28:37,11:28:43,6,11:28:43,11:31:24,161,AGENT,11:31:23,11:32:35,72,ROTH
AA0106,46831,54570817,1,PS,990922,11:39:41,11:39:46,5,11:39:46,11:40:04,18,AGENT,11:40:03,11:52:43,760,ROTH
AA0106,46832,65337966,1,PS,990922,11:47:30,11:47:36,6,11:47:36,11:48:20,44,AGENT,11:48:19,11:49:07,48,VICKY
AA0106,46833,22263115,2,PS,990922,11:55:58,11:56:03,5,11:56:03,11:57:05,62,AGENT,11:57:04,11:59:23,139,TOVA
AA0106,46834,0,0,NW,990922,12:10:05,12:10:19,14,0:00:00,0:00:00,0,AGENT,12:10:18,12:11:26,68,KAZAV
AA0106,46835,0,0,PS,990922,12:18:28,12:18:38,10,0:00:00,0:00:00,0,AGENT,12:18:36,12:24:43,367,STEREN
AA0106,46836,5850011,2,PS,990922,12:31:58,12:32:04,6,12:32:04,12:32:30,26,AGENT,12:32:29,12:40:23,474,ZOHARI
AA0106,46837,0,0,PS,990922,12:46:35,12:46:50,15,0:00:00,0:00:00,0,AGENT,12:46:49,12:47:42,53,VICKY
AA0106,46838,0,0,NW,990922,13:00:17,13:00:27,10,13:00:27,13:01:09,42,AGENT,13:01:08,13:02:40,92,AVNI
AA0106,46839,43288190,2,PS,990922,13:13:28,13:13:34,6,13:13:34,13:13:59,25,AGENT,13:13:58,13:18:42,284,STEREN
AA0106,46840,0,0,PS,990922,13:28:06,13:28:17,11,0:00:00,0:00:00,0,AGENT,13:28:16,13:30:19,123,ZOHARI
AA0106,46841,0,0,PS,990922,13:43:42,13:43:51,9,0:00:00,0:00:00,0,AGENT,13:43:50,13:46:27,157,KAZAV
AA0106,46842,0,0,PS,990922,13:57:31,13:57:40,9,0:00:00,0:00:00,0,AGENT,13:57:39,14:02:28,289,ZOHARI
AA0106,46843,0,0,NW,990922,14:13:16,14:13:29,13,0:00:00,0:00:00,0,AGENT,14:13:28,14:14:14,46,AVNI
AA0106,46844,0,0,PS,990922,14:26:14,14:26:24,10,0:00:00,0:00:00,0,AGENT,14:26:22,14:26:29,7,NO_SERVER
AA0106,46845,0,0,NW,990922,14:41:39,14:41:54,15,0:00:00,0:00:00,0,AGENT,14:41:53,14:42:39,46,MORIAH
AA0106,46846,0,0,PS,990922,14:52:46,14:52:57,11,0:00:00,0:00:00,0,AGENT,14:52:56,14:55:58,182,AVNI
AA0106,46847,0,0,NE,990922,15:02:23,15:02:35,12,0:00:00,0:00:00,0,AGENT,15:02:34,15:05:34,180,ELI
AA0106,46848,0,0,NW,990922,15:13:12,15:13:22,10,15:13:22,15:13:53,31,AGENT,15:13:51,15:14:21,30,AVNI
AA0106,46849,65840514,2,PS,990922,15:22:02,15:22:07,5,15:22:07,15:23:21,74,AGENT,15:23:21,15:25:08,107,MORIAH
AA0106,46850,29474020,2,PS,990922,15:32:20,15:32:25,5,15:32:25,15:32:41,16,AGENT,15:32:39,15:33:25,46,KAZAV
AA0106,46851,0,0,PS,990922,15:40:04,15:40:17,13,0:00:00,0:00:00,0,AGENT,15:40:16,15:44:37,261,BASCH
AA0106,46852,0,0,PS,990922,15:51:00,15:51:12,12,0:00:00,0:00:00,0,AGENT,15:51:11,15:53:16,125,ANAT
AA0106,46853,0,0,NE,990922,16:13:32,16:13:41,9,0:00:00,0:00:00,0,AGENT,16:13:40,16:19:35,355,AVNI
AA0106,46854,0,0,PS,990922,16:22:55,16:23:08,13,0:00:00,0:00:00,0,AGENT,16:23:07,16:24:00,53,ANAT
AA0106,46855,0,0,PS,990922,16:33:51,16:34:02,11,0:00:00,0:00:00,0,AGENT,16:34:01,16:35:12,71,YITZ
AA0106,46856,0,0,NE,990922,16:51:32,16:51:45,13,0:00:00,0:00:00,0,AGENT,16:51:44,16:52:40,56,ANAT
AA0106,46857,0,0,PS,990922,17:04:56,17:05:08,12,0:00:00,0:00:00,0,AGENT,17:05:07,17:08:51,224,MORIAH
AA0106,46858,0,0,NW,990922,17:25:16,17:25:35,19,0:00:00,0:00:00,0,AGENT,17:25:33,17:33:58,505,MORIAH
AA0106,46859,0,0,PS,990922,17:48:00,17:48:10,10,0:00:00,0:00:00,0,AGENT,17:48:08,17:49:05,57,ANAT
AA0106,46860,0,0,PS,990922,18:08:13,18:08:22,9,0:00:00,0:00:00,0,AGENT,18:08:21,18:08:57,36,BENSION
AA0106,46861,0,0,NE,990922,18:23:43,18:23:52,9,0:00:00,0:00:00,0,AGENT,18:23:51,18:25:21,90,MEIR
AA0106,46862,0,0,NE,990922,18:47:03,18:47:16,13,0:00:00,0:00:00,0,AGENT,18:47:16,18:51:27,251,MEIR
AA0106,46863,0,0,PS,990922,19:19:14,19:19:29,15,0:00:00,0:00:00,0,AGENT,19:19:28,19:21:24,116,DORIT
AA0106,46864,0,0,PS,990922,19:37:49,19:38:00,11,0:00:00,0:00:00,0,AGENT,19:37:59,19:39:03,64,DORIT
AA0106,46865,0,0,PS,990922,20:02:11,20:02:20,9,0:00:00,0:00:00,0,AGENT,20:02:19,20:04:35,136,BASCH
AA0106,46866,0,0,PS,990922,20:30:33,20:30:44,11,0:00:00,0:00:00,0,AGENT,20:30:43,20:36:37,354,DORIT
AA0106,46867,0,0,PS,990922,21:01:28,21:01:37,9,0:00:00,0:00:00,0,AGENT,21:01:36,21:02:32,56,SHARON
AA0106,46868,0,0,PS,990922,21:22:06,21:22:20,14,0:00:00,0:00:00,0,AGENT,21:22:19,21:22:43,24,DORIT
AA0106,46869,0,0,NE,990922,21:53:19,21:53:36,17,0:00:00,0:00:00,0,AGENT,21:53:35,21:54:41,66,SHARON
AA0106,46870,0,0,PS,990922,22:16:45,22:16:57,12,0:00:00,0:00:00,0,AGENT,22:16:56,22:20:49,233,GILI
AA0106,46871,0,0,PS,990922,22:50:07,22:50:22,15,0:00:00,0:00:00,0,AGENT,22:50:21,22:51:10,49,GILI
AA0106,46872,0,0,PS,990922,23:25:18,23:25:31,13,0:00:00,0:00:00,0,AGENT,23:25:30,23:27:48,138,AVI
AA0106,46873,0,0,PS,990923,5:26:57,5:27:08,11,0:00:00,0:00:00,0,HANG,0:00:00,0:00:00,0,NO_SERVER
AA0106,46874,59601351,2,PS,990923,7:33:00,7:33:06,6,7:33:06,7:34:00,54,AGENT,7:33:59,7:36:23,144,ANAT
AA0106,46875,0,0,PS,990923,7:59:07,7:59:16,9,0:00:00,0:00:00,0,AGENT,7:59:16,8:00:03,47,TOVA
AA0106,46876,0,0,PS,990923,8:16:45,8:16:57,12,0:00:00,0:00:00,0,AGENT,8:16:56,8:23:17,381,BASCH
AA0106,46877,0,0,PS,990923,8:34:26,8:34:35,9,0:00:00,0:00:00,0,AGENT,8:34:34,8:35:56,82,TOVA
AA0106,46878,0,0,PS,990923,8:47:53,8:48:03,10,0:00:00,0:00:00,0,AGENT,8:48:02,8:50:42,160,DORIT
AA0106,46879,0,0,PS,990923,9:00:22,9:00:34,12,0:00:00,0:00:00,0,AGENT,9:00:33,9:03:26,173,BASCH
AA0106,46880,52752003,2,PS,990923,9:10:24,9:10:30,6,9:10:30,9:10:56,26,AGENT,9:10:55,9:11:40,45,VICKY
AA0106,46881,54270186,2,PS,990923,9:20:22,9:20:28,6,9:20:28,9:20:58,30,AGENT,9:20:57,9:22:59,122,YIFAT
AA0106,46882,0,0,PS,990923,9:34:49,9:35:05,16,0:00:00,0:00:00,0,AGENT,9:35:04,9:35:27,23,BASCH
AA0106,46883,0,0,PS,990923,9:42:35,9:42:44,9,0:00:00,0:00:00,0,AGENT,9:42:43,9:43:21,38,VICKY
AA0106,46884,0,0,PS,990923,9:52:38,9:52:49,11,0:00:00,0:00:00,0,AGENT,9:52:48,9:57:12,264,BASCH
AA0106,46885,0,0,PS,990923,10:00:09,10:00:21,12,0:00:00,0:00:00,0,AGENT,10:00:20,10:02:40,140,AVI
AA0106,46886,52120771,1,NE,990923,10:07:42,10:07:48,6,10:07:48,10:10:31,163,AGENT,10:10:30,10:11:50,80,AVI
AA0106,46887,43141639,1,PS,990923,10:16:34,10:16:39,5,10:16:39,10:17:27,48,AGENT,10:17:25,10:21:07,222,VICKY
AA0106,46888,58029620,2,PS,990923,10:23:50,10:23:56,6,10:23:56,10:24:07,11,HANG,0:00:00,0:00:00,0,NO_SERVER
AA0106,46889,67158097,2,PS,990923,10:30:25,10:30:31,6,10:30:31,10:31:07,36,AGENT,10:31:07,10:32:20,73,BASCH
AA0106,46890,0,0,PS,990923,10:37:32,10:37:43,11,0:00:00,0:00:00,0,AGENT,10:37:42,10:40:15,153,ANAT
AA0106,46891,16686354,2,NE,990923,10:44:15,10:44:21,6,10:44:21,10:44:48,27,AGENT,10:44:46,10:45:34,48,ANAT
AA0106,46892,0,0,PS,990923,10:53:01,10:53:11,10,0:00:00,0:00:00,0,AGENT,10:53:10,10:55:38,148,VICKY
AA0106,46893,53916318,2,PS,990923,10:59:12,10:59:17,5,10:59:17,10:59:34,17,AGENT,10:59:33,11:00:36,63,AVI
AA0106,46894,0,0,PS,990923,11:07:11,11:07:19,8,0:00:00,0:00:00,0,AGENT,11:07:19,11:08:38,79,TOVA
AA0106,46895,56421472,2,PS,990923,11:16:39,11:16:44,5,11:16:44,11:17:56,72,AGENT,11:17:55,11:19:56,121,VICKY
AA0106,46897,0,0,PS,990923,11:27:22,11:27:22,0,0:00:00,0:00:00,0,HANG,0:00:00,0:00:00,0,NO_SERVER
AA0106,46898,38530739,1,PS,990923,11:33:48,11:33:54,6,11:33:54,11:35:00,66,HANG,0:00:00,0:00:00,0,NO_SERVER
AA0106,46899,703074,2,PS,990923,11:44:33,11:44:39,6,11:44:39,11:45:23,44,AGENT,11:45:23,11:47:22,119,DORIT
AA0106,46900,0,0,NE,990923,11:57:35,11:57:49,14,0:00:00,0:00:00,0,AGENT,11:57:48,12:00:36,168,AVI
AA0106,46901,0,0,NW,990923,12:10:52,12:11:09,17,0:00:00,0:00:00,0,AGENT,12:11:07,12:11:57,50,ANAT
AA0106,46902,0,0,PS,990923,12:30:46,12:31:00,14,0:00:00,0:00:00,0,AGENT,12:30:59,12:33:16,137,AVI
AA0106,46903,0,0,NW,990923,12:46:56,12:47:05,9,12:47:05,12:51:33,268,HANG,0:00:00,0:00:00,0,NO_SERVER
AA0106,46904,0,0,PS,990923,13:05:58,13:06:09,11,0:00:00,0:00:00,0,AGENT,13:06:08,13:10:17,249,AVI
AA0106,46905,0,0,PS,990923,13:16:37,13:16:48,11,0:00:00,0:00:00,0,AGENT,13:16:48,13:19:59,191,VICKY
AA0106,46906,0,0,PS,990923,13:34:31,13:34:40,9,0:00:00,0:00:00,0,AGENT,13:34:39,13:36:15,96,YIFAT
AA0106,46907,0,0,PS,990923,13:48:17,13:48:30,13,0:00:00,0:00:00,0,AGENT,13:48:29,13:49:40,71,DORIT
AA0106,46908,49996945,2,PS,990923,13:56:53,13:56:59,6,13:56:59,13:57:08,9,AGENT,13:57:07,13:57:09,2,ANAT
AA0106,46909,10473262,2,PS,990923,14:08:20,14:08:26,6,14:08:26,14:08:54,28,AGENT,14:08:53,14:08:53,0,AVI
AA0106,46910,52174893,2,PS,990923,14:18:50,14:18:56,6,14:18:56,14:21:04,128,AGENT,14:21:04,14:21:52,48,BASCH
AA0106,46911,0,0,PS,990923,14:33:51,14:34:02,11,0:00:00,0:00:00,0,AGENT,14:34:02,14:38:09,247,BASCH
AA0106,46912,0,0,PS,990923,14:48:39,14:48:51,12,0:00:00,0:00:00,0,AGENT,14:48:50,14:50:14,84,BASCH
AA0106,46913,37622966,2,PS,990923,15:06:41,15:06:47,6,15:06:47,15:07:27,40,AGENT,15:07:26,15:18:57,691,STEREN
AA0106,46914,0,0,NE,990923,15:20:53,15:21:10,17,0:00:00,0:00:00,0,AGENT,15:21:09,15:37:16,967,ZOHARI
AA0106,46915,0,0,PS,990923,15:34:40,15:34:50,10,0:00:00,0:00:00,0,AGENT,15:34:49,15:47:20,751,YIFAT
AA0106,46916,0,0,PS,990923,15:51:46,15:52:00,14,0:00:00,0:00:00,0,AGENT,15:52:00,15:52:53,53,ZOHARI
AA0106,46917,0,0,NW,990923,16:06:55,16:07:04,9,16:07:04,16:09:11,127,AGENT,16:09:10,16:10:23,73,YITZ
AA0106,46918,0,0,PS,990923,16:25:44,16:25:54,10,0:00:00,0:00:00,0,AGENT,16:25:52,16:29:38,226,YITZ
AA0106,46919,0,0,PS,990923,16:42:49,16:43:03,14,0:00:00,0:00:00,0,AGENT,16:43:02,16:45:41,159,SHARON
AA0106,46920,28622421,1,PS,990923,17:02:02,17:02:07,5,17:02:07,17:02:17,10,HANG,0:00:00,0:00:00,0,NO_SERVER
AA0106,46921,0,0,NW,990923,17:20:10,17:20:19,9,17:20:19,17:20:25,6,AGENT,17:20:24,17:21:45,81,AVNI
AA0106,46922,0,0,NE,990923,17:48:27,17:48:35,8,0:00:00,0:00:00,0,AGENT,17:48:34,17:50:28,114,AVNI
AA0106,46923,54128681,2,PS,990923,18:12:34,18:12:40,6,18:12:40,18:13:57,77,AGENT,18:13:56,18:14:50,54,YITZ
AA0106,46924,0,0,NE,990923,18:49:29,18:49:40,11,0:00:00,0:00:00,0,AGENT,18:49:38,18:50:59,81,AVNI
AA0106,46925,0,0,PS,990923,19:18:01,19:18:12,11,0:00:00,0:00:00,0,AGENT,19:18:10,19:18:58,48,GILI
AA0106,46926,0,0,PS,990923,19:42:01,19:42:11,10,0:00:00,0:00:00,0,AGENT,19:42:11,19:44:29,138,ZOHARI
AA0106,46927,0,0,NW,990923,20:06:57,20:07:11,14,0:00:00,0:00:00,0,AGENT,20:07:10,20:07:46,36,YITZ
AA0106,46928,0,0,PS,990923,20:48:30,20:48:39,9,0:00:00,0:00:00,0,AGENT,20:48:38,20:49:43,65,GILI
AA0106,46929,0,0,PS,990923,21:27:01,21:27:10,9,0:00:00,0:00:00,0,AGENT,21:27:09,21:29:10,121,STEREN
AA0106,46930,0,0,PS,990923,22:17:08,22:17:23,15,0:00:00,0:00:00,0,AGENT,22:17:23,22:20:42,199,ZOHARI
AA0106,46931,0,0,PS,990923,22:58:33,22:58:44,11,0:00:00,0:00:00,0,AGENT,22:58:43,22:59:21,38,GILI
AA0106,46932,0,0,PS,990923,23:44:45,23:44:55,10,0:00:00,0:00:00,0,AGENT,23:44:54,23:53:09,495,DARMON
AA0106,46933,0,0,PS,990924,7:13:40,7:13:52,12,0:00:00,0:00:00,0,AGENT,7:13:51,7:15:18,87,SHARON
AA0106,46934,0,0,PS,990924,7:59:37,7:59:46,9,0:00:00,0:00:00,0,AGENT,7:59:45,8:03:45,240,BASCH
AA0106,46935,0,0,NW,990924,8:24:23,8:24:32,9,8:24:32,8:25:55,83,AGENT,8:25:54,8:26:39,45,SHARON
AA0106,46936,0,0,NW,990924,8:47:38,8:47:48,10,8:47:48,8:49:17,89,AGENT,8:49:16,8:49:20,4,SHARON
AA0106,46937,27839299,2,NW,990924,9:08:57,9:09:02,5,9:09:02,9:12:42,220,PHANTOM,9:12:41,9:12:47,6,NO_SERVER
AA0106,46938,0,0,PS,990924,9:36:11,9:36:21,10,0:00:00,0:00:00,0,AGENT,9:36:20,9:38:16,116,SHARON
AA0106,46939,22473201,1,PS,990924,9:49:52,9:49:58,6,9:49:58,9:52:21,143,HANG,0:00:00,0:00:00,0,NO_SERVER
AA0106,46940,0,0,PS,990924,10:13:28,10:13:39,11,0:00:00,0:00:00,0,AGENT,10:13:38,10:22:42,544,ELI
AA0106,46941,0,0,PS,990924,10:36:14,10:36:25,11,0:00:00,0:00:00,0,AGENT,10:36:23,10:41:45,322,ANAT
AA0106,46942,52896875,2,PS,990924,10:51:08,10:51:14,6,10:51:14,10:51:19,5,AGENT,10:51:18,11:02:25,667,DORIT
AA0106,46943,51895019,2,PS,990924,11:02:04,11:02:10,6,11:02:10,11:03:56,106,AGENT,11:03:55,11:05:17,82,DORIT
AA0106,46944,0,0,PS,990924,11:26:17,11:26:28,11,0:00:00,0:00:00,0,AGENT,11:26:27,11:28:46,139,DORIT
AA0106,46945,0,0,PS,990924,12:00:48,12:00:57,9,0:00:00,0:00:00,0,AGENT,12:00:56,12:01:59,63,DORIT
AA0106,46946,0,0,PS,990924,12:14:32,12:14:41,9,0:00:00,0:00:00,0,AGENT,12:14:41,12:16:24,103,DORIT
AA0106,46947,0,0,PS,990924,12:39:23,12:39:33,10,0:00:00,0:00:00,0,AGENT,12:39:33,12:41:22,109,BASCH
AA0106,46948,0,0,PS,990924,13:12:57,13:13:25,28,0:00:00,0:00:00,0,AGENT,13:13:24,13:14:16,52,SHARON
AA0106,46949,0,0,PS,990924,13:43:09,13:43:20,11,0:00:00,0:00:00,0,AGENT,13:43:19,13:46:16,177,SHARON
AA0106,46950,0,0,NW,990924,15:03:01,15:03:09,8,0:00:00,0:00:00,0,HANG,0:00:00,0:00:00,0,NO_SERVER
AA0106,46951,0,0,PS,990924,18:33:22,18:33:37,15,0:00:00,0:00:00,0,HANG,0:00:00,0:00:00,0,NO_SERVER
AA0106,46952,0,0,NE,990925,20:03:15,20:03:26,11,0:00:00,0:00:00,0,AGENT,20:03:24,20:04:14,50,AVNI
AA0106,46953,0,0,PS,990925,21:03:00,21:03:15,15,0:00:00,0:00:00,0,AGENT,21:03:14,21:05:53,159,BASCH
AA0106,46954,0,0,PS,990925,22:04:35,22:04:44,9,0:00:00,0:00:00,0,AGENT,22:04:43,22:06:18,95,ZOHARI
AA0106,46955,0,0,PS,990925,23:15:55,23:16:13,18,0:00:00,0:00:00,0,AGENT,23:16:12,23:16:53,41,AVI
AA0106,46956,0,0,PS,990926,7:25:00,7:25:13,13,0:00:00,0:00:00,0,AGENT,7:25:13,7:27:06,113,ZOHARI
AA0106,46957,0,0,PS,990926,8:09:08,8:09:18,10,0:00:00,0:00:00,0,AGENT,8:09:17,8:16:39,442,ZOHARI
AA0106,46958,0,0,PS,990926,8:40:47,8:40:58,11,0:00:00,0:00:00,0,AGENT,8:40:56,8:42:26,90,YITZ
AA0106,46959,0,0,PS,990926,9:00:24,9:00:42,18,0:00:00,0:00:00,0,AGENT,9:00:40,9:07:48,428,ZOHARI
AA0106,46960,0,0,PS,990926,9:16:55,9:17:04,9,0:00:00,0:00:00,0,AGENT,9:17:03,9:27:49,646,AVNI
AA0106,46961,33780560,2,PS,990926,9:29:01,9:29:06,5,9:29:06,9:29:25,19,AGENT,9:29:24,9:30:18,54,VICKY
AA0106,46962,0,0,PS,990926,9:43:10,9:43:19,9,0:00:00,0:00:00,0,AGENT,9:43:18,9:43:59,41,YIFAT
AA0106,46963,55139778,1,PS,990926,9:51:06,9:51:12,6,9:51:12,9:55:19,247,PHANTOM,9:55:18,9:55:22,4,NO_SERVER
AA0106,46964,0,0,NE,990926,10:07:14,10:07:24,10,0:00:00,0:00:00,0,AGENT,10:07:22,10:08:02,40,VICKY
AA0106,46965,0,0,NE,990926,10:15:39,10:15:53,14,0:00:00,0:00:00,0,AGENT,10:15:51,10:15:57,6,NO_SERVER
AA0106,46966,16686354,2,NE,990926,10:28:12,10:28:17,5,10:28:17,10:28:48,31,AGENT,10:28:48,10:30:16,88,ELI
AA0106,46967,0,0,PS,990926,10:46:41,10:46:51,10,0:00:00,0:00:00,0,AGENT,10:46:50,10:59:36,766,VICKY
AA0106,46968,42672089,2,PS,990926,10:56:07,10:56:13,6,10:56:13,10:56:42,29,AGENT,10:56:41,10:59:19,158,BASCH
AA0106,46969,0,0,PS,990926,11:03:41,11:03:50,9,0:00:00,0:00:00,0,AGENT,11:03:49,11:05:14,85,DORIT
AA0106,46970,0,0,PS,990926,11:16:02,11:16:11,9,0:00:00,0:00:00,0,AGENT,11:16:10,11:16:58,48,DORIT
AA0106,46971,0,0,PS,990926,11:25:16,11:25:24,8,0:00:00,0:00:00,0,AGENT,11:25:23,11:26:49,86,BASCH
AA0106,46972,0,0,NW,990926,11:37:49,11:38:04,15,0:00:00,0:00:00,0,AGENT,11:38:04,11:39:35,91,DORIT
AA0106,46973,0,0,PS,990926,11:49:26,11:49:44,18,0:00:00,0:00:00,0,AGENT,11:49:43,11:51:55,132,BASCH
AA0106,46974,0,0,PS,990926,12:07:25,12:07:34,9,0:00:00,0:00:00,0,AGENT,12:07:33,12:08:59,86,AVNI
AA0106,46975,24947061,2,PS,990926,12:22:19,12:22:24,5,12:22:24,12:24:05,101,AGENT,12:24:05,12:25:22,77,BASCH
AA0106,46976,0,0,PS,990926,12:48:12,12:48:22,10,0:00:00,0:00:00,0,AGENT,12:48:22,12:49:36,74,DORIT
AA0106,46977,0,0,PS,990926,13:12:16,13:12:25,9,0:00:00,0:00:00,0,AGENT,13:12:24,13:13:39,75,TOVA
AA0106,46978,31942345,1,PS,990926,13:25:41,13:25:47,6,13:25:47,13:26:38,51,AGENT,13:26:38,13:29:37,179,VICKY
AA0106,46979,0,0,PS,990926,13:40:49,13:41:14,25,0:00:00,0:00:00,0,AGENT,13:41:13,13:49:16,483,AVNI
AA0106,46980,0,0,PS,990926,13:58:23,13:58:33,10,0:00:00,0:00:00,0,AGENT,13:58:32,14:02:12,220,YITZ
AA0106,46981,0,0,PS,990926,14:10:14,14:10:23,9,0:00:00,0:00:00,0,AGENT,14:10:23,14:13:04,161,YITZ
AA0106,46982,0,0,NE,990926,14:30:40,14:30:54,14,0:00:00,0:00:00,0,AGENT,14:30:53,14:32:06,73,YITZ
AA0106,46983,0,0,PS,990926,14:49:16,14:49:28,12,0:00:00,0:00:00,0,AGENT,14:49:27,14:51:27,120,ZOHARI
AA0106,46984,0,0,PS,990926,15:08:19,15:08:28,9,0:00:00,0:00:00,0,AGENT,15:08:27,15:11:20,173,VICKY
AA0106,46985,0,0,PS,990926,15:42:53,15:43:03,10,0:00:00,0:00:00,0,AGENT,15:43:03,15:46:36,213,YITZ
AA0106,46986,0,0,PS,990926,16:05:14,16:05:23,9,0:00:00,0:00:00,0,AGENT,16:05:22,16:06:43,81,AVNI
AA0106,46987,0,0,PS,990926,16:35:15,16:35:27,12,0:00:00,0:00:00,0,AGENT,16:35:26,16:35:50,24,BENSION
AA0106,46988,0,0,NW,990926,17:18:12,17:18:30,18,0:00:00,0:00:00,0,AGENT,17:18:29,17:18:49,20,SHARON
AA0106,46989,0,0,PS,990926,17:59:01,17:59:14,13,0:00:00,0:00:00,0,AGENT,17:59:13,18:00:50,97,BENSION
AA0106,46990,0,0,PS,990926,18:33:02,18:33:13,11,0:00:00,0:00:00,0,AGENT,18:33:12,18:34:47,95,TOVA
AA0106,46991,0,0,PS,990926,19:05:42,19:05:52,10,0:00:00,0:00:00,0,AGENT,19:05:51,19:06:49,58,SHARON
AA0106,46992,0,0,PS,990926,19:53:47,19:53:58,11,0:00:00,0:00:00,0,AGENT,19:53:57,19:54:49,52,TOVA
AA0106,46993,0,0,PS,990926,20:50:48,20:50:57,9,0:00:00,0:00:00,0,AGENT,20:50:57,20:50:58,1,TOVA
AA0106,46994,0,0,PS,990926,21:55:29,21:55:41,12,0:00:00,0:00:00,0,AGENT,21:55:41,21:56:36,55,BENSION
AA0106,46995,0,0,PS,990926,23:06:42,23:06:57,15,0:00:00,0:00:00,0,AGENT,23:06:56,23:07:04,8,BENSION
AA0106,46996,0,0,PS,990927,7:15:22,7:15:34,12,0:00:00,0:00:00,0,AGENT,7:15:33,7:16:47,74,BENSION
AA0106,46997,0,0,PS,990927,8:11:40,8:11:53,13,0:00:00,0:00:00,0,AGENT,8:11:52,8:25:34,822,BASCH
AA0106,46998,0,0,PS,990927,8:35:05,8:35:15,10,0:00:00,0:00:00,0,AGENT,8:35:15,8:36:48,93,BASCH
AA0106,46999,0,0,NW,990927,8:54:14,8:54:23,9,8:54:23,8:57:15,172,HANG,8:57:19,8:57:23,4,NO_SERVER
AA0106,47000,0,0,PS,990927,9:12:14,9:12:25,11,0:00:00,0:00:00,0,AGENT,9:12:24,9:22:01,577,YITZ
AA0106,47001,33474602,2,PS,990927,9:31:58,9:32:03,5,9:32:03,9:34:52,169,AGENT,9:34:51,9:39:48,297,BASCH
AA0106,47002,50704212,1,PS,990927,9:43:49,9:43:55,6,9:43:55,9:45:46,111,HANG,0:00:00,0:00:00,0,NO_SERVER
AA0106,47003,52146842,1,PS,990927,9:54:48,9:54:54,6,9:54:54,9:56:06,72,AGENT,9:56:05,10:04:32,507,BASCH
AA0106,47004,24362444,1,PS,990927,10:07:13,10:07:19,6,10:07:19,10:08:00,41,AGENT,10:07:59,10:09:34,95,BENSION
AA0106,47005,0,0,PS,990927,10:22:14,10:22:24,10,0:00:00,0:00:00,0,AGENT,10:22:23,10:22:25,2,TOVA
AA0106,47006,50850429,2,PS,990927,10:38:14,10:38:20,6,10:38:20,10:38:27,7,AGENT,10:38:26,10:39:51,85,YITZ
AA0106,47007,0,0,NE,990927,10:50:29,10:50:43,14,0:00:00,0:00:00,0,AGENT,10:50:42,11:07:37,1015,ELI
AA0106,47008,17938986,2,PS,990927,11:01:41,11:01:46,5,11:01:46,11:02:11,25,HANG,0:00:00,0:00:00,0,NO_SERVER
AA0106,47009,11180403,2,PS,990927,11:10:43,11:10:49,6,11:10:49,11:11:47,58,HANG,0:00:00,0:00:00,0,NO_SERVER
AA0106,47010,0,0,NE,990927,11:25:28,11:25:42,14,0:00:00,0:00:00,0,AGENT,11:25:41,11:27:16,95,ZOHARI
AA0106,47011,22263115,2,PS,990927,11:38:31,11:38:36,5,11:38:36,11:38:40,4,AGENT,11:38:39,11:41:03,144,BENSION
AA0106,47012,0,0,PS,990927,11:51:01,11:51:13,12,0:00:00,0:00:00,0,AGENT,11:51:12,11:53:09,117,TOVA
AA0106,47013,0,0,NW,990927,12:04:41,12:04:57,16,0:00:00,0:00:00,0,AGENT,12:04:56,12:07:23,147,VICKY
AA0106,47014,0,0,NE,990927,12:22:40,12:22:51,11,0:00:00,0:00:00,0,AGENT,12:22:50,12:24:08,78,ELI
AA0106,47015,0,0,NW,990927,12:37:20,12:37:29,9,12:37:29,12:38:26,57,AGENT,12:38:26,12:40:05,99,PINHAS
AA0106,47016,0,0,NW,990927,12:53:07,12:53:17,10,12:53:17,12:54:48,91,AGENT,12:54:47,12:54:57,10,PINHAS
AA0106,47017,24927717,1,PS,990927,13:06:58,13:07:04,6,13:07:04,13:09:34,150,AGENT,13:09:33,13:11:21,108,BENSION
AA0106,47018,0,0,PS,990927,13:27:23,13:27:32,9,0:00:00,0:00:00,0,AGENT,13:27:31,13:27:34,3,TOVA
AA0106,47019,47220819,1,PS,990927,13:42:07,13:42:13,6,13:42:13,13:42:45,32,AGENT,13:42:44,13:42:46,2,TOVA
AA0106,47020,314421132,1,PS,990927,13:57:08,13:57:14,6,13:57:14,13:57:27,13,AGENT,13:57:26,13:58:41,75,BENSION
AA0106,47021,8962094,2,NE,990927,14:12:53,14:12:59,6,14:12:59,14:14:44,105,AGENT,14:14:43,14:23:06,503,ZOHARI
AA0106,47022,0,0,NE,990927,14:26:40,14:26:50,10,0:00:00,0:00:00,0,AGENT,14:26:50,14:27:48,58,ZOHARI
AA0106,47023,65607277,2,PS,990927,14:43:14,14:43:20,6,14:43:20,14:43:49,29,AGENT,14:43:48,14:45:40,112,YITZ
AA0106,47024,0,0,PS,990927,15:01:05,15:01:19,14,0:00:00,0:00:00,0,AGENT,15:01:18,15:03:00,102,ANAT
AA0106,47025,0,0,PS,990927,15:28:11,15:28:22,11,0:00:00,0:00:00,0,AGENT,15:28:21,15:30:53,152,YITZ
AA0106,47026,24342644,1,PS,990927,16:16:54,16:16:59,5,16:16:59,16:17:11,12,AGENT,16:17:10,16:19:34,144,AVNI
AA0106,47027,0,0,PS,990927,16:34:46,16:35:19,33,0:00:00,0:00:00,0,HANG,0:00:00,0:00:00,0,NO_SERVER
AA0106,47028,0,0,NW,990927,17:08:59,17:09:09,10,0:00:00,0:00:00,0,AGENT,17:09:11,17:09:19,8,NO_SERVER
AA0106,47029,68001924,2,NE,990927,17:41:29,17:41:35,6,17:41:35,17:42:10,35,AGENT,17:42:10,17:42:13,3,MORIAH
AA0106,47030,0,0,NE,990927,18:14:07,18:14:18,11,0:00:00,0:00:00,0,AGENT,18:14:17,18:15:35,78,MORIAH
AA0106,47031,0,0,NW,990927,18:46:57,18:47:06,9,18:47:06,18:47:46,40,AGENT,18:47:45,18:49:29,104,SHARON
AA0106,47032,0,0,NE,990927,19:27:53,19:28:02,9,0:00:00,0:00:00,0,AGENT,19:28:01,19:30:44,163,AVNI
AA0106,47033,0,0,PS,990927,20:08:28,20:08:41,13,0:00:00,0:00:00,0,AGENT,20:08:40,20:10:12,92,SHARON
AA0106,47034,0,0,PS,990927,20:54:27,20:54:43,16,0:00:00,0:00:00,0,AGENT,20:54:42,21:00:36,354,ANAT
AA0106,47035,10604577,2,PS,990927,21:48:31,21:48:36,5,21:48:36,21:49:05,29,AGENT,21:49:04,21:49:38,34,MORIAH
AA0106,47036,0,0,PS,990927,22:19:41,22:19:53,12,0:00:00,0:00:00,0,AGENT,22:19:52,22:35:50,958,MORIAH
AA0106,47037,0,0,PS,990927,23:23:04,23:23:16,12,0:00:00,0:00:00,0,AGENT,23:23:16,23:26:32,196,SHARON
AA0106,47039,0,0,PS,990928,1:40:11,1:40:11,0,0:00:00,0:00:00,0,HANG,0:00:00,0:00:00,0,NO_SERVER
AA0106,47040,0,0,PS,990928,7:44:29,7:44:39,10,0:00:00,0:00:00,0,AGENT,7:44:38,8:27:28,2570,YIFAT
AA0106,47041,22983050,2,PS,990928,8:21:47,8:21:52,5,8:21:52,8:24:52,180,AGENT,8:24:52,8:28:43,231,PINHAS
AA0106,47042,24469355,2,PS,990928,8:46:25,8:46:31,6,8:46:31,8:48:03,92,AGENT,8:48:03,8:49:13,70,ANAT
AA0106,47043,24927717,1,PS,990928,9:01:10,9:01:16,6,9:01:16,9:01:25,9,HANG,0:00:00,0:00:00,0,NO_SERVER
AA0106,47044,54924196,2,PS,990928,9:20:44,9:20:50,6,9:20:50,9:20:53,3,AGENT,9:20:52,9:23:00,128,AVNI
AA0106,47045,0,0,NE,990928,9:30:10,9:30:22,12,0:00:00,0:00:00,0,AGENT,9:30:21,9:37:23,422,ZOHARI
AA0106,47046,0,0,NW,990928,9:40:46,9:40:56,10,9:40:56,9:43:04,128,HANG,0:00:00,0:00:00,0,NO_SERVER
AA0106,47047,23721897,1,PS,990928,9:58:40,9:58:46,6,9:58:46,9:58:47,1,HANG,0:00:00,0:00:00,0,NO_SERVER
AA0106,47048,52643202,2,PS,990928,10:07:18,10:07:23,5,10:07:23,10:10:18,175,AGENT,10:10:18,10:10:52,34,ANAT
AA0106,47049,10858884,2,NE,990928,10:16:43,10:16:48,5,10:16:48,10:25:03,495,AGENT,10:25:02,10:27:08,126,ANAT
AA0106,47050,58029430,1,PS,990928,10:32:54,10:33:00,6,10:33:00,10:34:17,77,AGENT,10:34:16,10:34:58,42,YIFAT
AA0106,47051,0,0,NW,990928,10:43:45,10:43:54,9,10:43:54,10:45:16,82,HANG,0:00:00,0:00:00,0,NO_SERVER
AA0106,47052,50069228,2,PS,990928,10:55:46,10:55:51,5,10:55:51,10:58:11,140,AGENT,10:58:10,10:58:22,12,AVNI
AA0106,47053,1574243,2,NE,990928,11:09:58,11:10:03,5,11:10:03,11:10:16,13,AGENT,11:10:15,11:13:25,190,ZOHARI
AA0106,47054,0,0,PS,990928,11:20:58,11:21:07,9,0:00:00,0:00:00,0,AGENT,11:21:06,11:24:05,179,YIFAT
AA0106,47055,56450570,1,PS,990928,11:31:45,11:31:51,6,11:31:51,11:32:26,35,HANG,0:00:00,0:00:00,0,NO_SERVER
AA0106,47056,0,0,NW,990928,11:40:38,11:40:48,10,11:40:48,11:41:34,46,HANG,0:00:00,0:00:00,0,NO_SERVER
AA0106,47057,28869063,2,PS,990928,11:51:52,11:51:58,6,11:51:58,11:54:22,144,AGENT,11:54:22,11:54:28,6,ANAT
AA0106,47058,57918849,1,NE,990928,12:03:48,12:03:54,6,12:03:54,12:05:52,118,AGENT,12:05:51,12:09:01,190,ZOHARI
AA0106,47059,31794381,1,PS,990928,12:13:46,12:13:51,5,12:13:51,12:23:33,582,AGENT,12:23:32,12:24:12,40,ANAT
AA0106,47060,58029620,2,PS,990928,12:31:33,12:31:39,6,12:31:39,12:34:19,160,HANG,0:00:00,0:00:00,0,NO_SERVER
AA0106,47061,63193346,2,PS,990928,12:45:35,12:45:55,20,12:45:55,12:46:48,53,AGENT,12:45:54,12:50:21,267,ZOHARI
AA0106,47062,0,0,PS,990928,12:56:19,12:56:29,10,0:00:00,0:00:00,0,AGENT,12:56:28,12:57:33,65,YIFAT
AA0106,47063,71520779,1,NE,990928,13:06:44,13:06:50,6,13:06:50,13:10:08,198,AGENT,13:10:08,13:14:11,243,ANAT
AA0106,47064,0,0,PS,990928,13:26:28,13:26:38,10,0:00:00,0:00:00,0,AGENT,13:26:37,13:31:46,309,AVNI
AA0106,47065,0,0,PS,990928,13:43:53,13:44:06,13,0:00:00,0:00:00,0,AGENT,13:44:05,13:46:00,115,ANAT
AA0106,47066,3704988,2,PS,990928,13:52:58,13:53:04,6,13:53:04,13:54:43,99,AGENT,13:54:43,13:55:05,22,VICKY
AA0106,47067,14264295,2,PS,990928,14:06:57,14:07:03,6,14:07:03,14:09:54,171,AGENT,14:09:53,14:10:15,22,AVNI
AA0106,47068,29333275,1,PS,990928,14:21:34,14:21:40,6,14:21:40,14:23:19,99,AGENT,14:23:18,14:24:49,91,VICKY
AA0106,47069,14346852,1,PS,990928,14:39:54,14:40:00,6,14:40:00,14:40:11,11,AGENT,14:40:10,14:41:23,73,BASCH
AA0106,47070,53909412,2,PS,990928,14:56:38,14:56:43,5,14:56:43,14:58:38,115,HANG,0:00:00,0:00:00,0,NO_SERVER
AA0106,47071,0,0,PS,990928,15:32:26,15:32:36,10,0:00:00,0:00:00,0,AGENT,15:32:35,15:33:36,61,BASCH
AA0106,47072,0,0,PS,990928,16:03:27,16:03:38,11,0:00:00,0:00:00,0,AGENT,16:03:38,16:04:39,61,BASCH
AA0106,47073,0,0,PS,990928,16:35:05,16:35:24,19,0:00:00,0:00:00,0,AGENT,16:35:24,16:36:36,72,AVNI
AA0106,47074,37635950,2,PS,990928,17:02:09,17:02:13,4,17:02:13,17:02:29,16,AGENT,17:02:28,17:03:49,81,BASCH
AA0106,47075,0,0,PS,990928,17:28:13,17:28:21,8,0:00:00,0:00:00,0,AGENT,17:28:21,17:30:27,126,BASCH
AA0106,47076,0,0,PS,990928,17:51:50,17:52:00,10,0:00:00,0:00:00,0,AGENT,17:51:59,17:53:01,62,BASCH
AA0106,47077,0,0,PS,990928,18:13:09,18:13:18,9,0:00:00,0:00:00,0,AGENT,18:13:17,18:16:01,164,VICKY
AA0106,47078,0,0,PS,990928,18:53:02,18:53:11,9,0:00:00,0:00:00,0,AGENT,18:53:11,18:58:27,316,VICKY
AA0106,47079,0,0,PS,990928,19:54:37,19:54:47,10,0:00:00,0:00:00,0,AGENT,19:54:46,19:55:51,65,YITZ
AA0106,47080,0,0,PS,990928,20:42:35,20:42:44,9,0:00:00,0:00:00,0,AGENT,20:42:44,20:42:50,6,NO_SERVER
AA0106,47081,0,0,PS,990928,21:10:27,21:10:40,13,0:00:00,0:00:00,0,AGENT,21:10:38,21:10:44,6,NO_SERVER
AA0106,47082,0,0,PS,990928,21:43:25,21:43:38,13,0:00:00,0:00:00,0,AGENT,21:43:37,21:44:43,66,DORIT
AA0106,47083,0,0,NE,990928,22:10:36,22:10:52,16,0:00:00,0:00:00,0,AGENT,22:10:51,22:12:35,104,DARMON
AA0106,47084,0,0,PS,990928,23:02:45,23:02:56,11,0:00:00,0:00:00,0,AGENT,23:02:55,23:03:37,42,DORIT
AA0106,47085,0,0,PS,990929,0:14:47,0:15:01,14,0:00:00,0:00:00,0,HANG,0:00:00,0:00:00,0,NO_SERVER
AA0106,47086,27807460,1,PS,990929,7:26:45,7:26:51,6,7:26:51,7:27:25,34,AGENT,7:27:24,7:35:00,456,YIFAT
AA0106,47087,0,0,PS,990929,8:17:36,8:17:46,10,0:00:00,0:00:00,0,AGENT,8:17:44,8:18:53,69,ZOHARI
AA0106,47088,0,0,NW,990929,8:34:23,8:34:33,10,8:34:33,8:35:02,29,HANG,0:00:00,0:00:00,0,NO_SERVER
AA0106,47089,0,0,PS,990929,8:51:13,8:51:26,13,0:00:00,0:00:00,0,AGENT,8:51:24,8:52:18,54,SHARON
AA0106,47090,30007603,2,PS,990929,9:10:18,9:10:23,5,9:10:23,9:11:37,74,AGENT,9:11:36,9:12:42,66,ANAT
AA0106,47091,30007603,2,PS,990929,9:26:01,9:26:06,5,9:26:06,9:26:33,27,AGENT,9:26:32,9:28:44,132,SHARON
AA0106,47092,0,0,PS,990929,9:38:32,9:38:41,9,0:00:00,0:00:00,0,AGENT,9:38:39,9:42:15,216,DORIT
AA0106,47093,69687275,2,PS,990929,9:49:12,9:49:17,5,9:49:17,9:51:51,154,AGENT,9:51:51,9:53:57,126,ANAT
AA0106,47094,31770266,1,PS,990929,9:59:35,9:59:40,5,9:59:40,10:05:03,323,AGENT,10:05:02,10:08:01,179,ZOHARI
AA0106,47095,0,0,PS,990929,10:14:14,10:14:25,11,0:00:00,0:00:00,0,AGENT,10:14:24,10:15:21,57,ANAT
AA0106,47096,0,0,PS,990929,10:24:09,10:24:20,11,0:00:00,0:00:00,0,AGENT,10:24:20,10:27:16,176,YIFAT
AA0106,47097,17415225,2,PS,990929,10:35:56,10:36:01,5,10:36:01,10:36:32,31,AGENT,10:36:32,10:49:39,787,YIFAT
AA0106,47098,22263115,2,PS,990929,10:44:38,10:44:44,6,10:44:44,10:45:31,47,AGENT,10:45:30,10:50:10,280,DORIT
AA0106,47099,25627027,2,PS,990929,10:55:57,10:56:02,5,10:56:02,10:56:18,16,HANG,0:00:00,0:00:00,0,NO_SERVER
AA0106,47100,55920755,2,PS,990929,11:03:45,11:03:51,6,11:03:51,11:04:22,31,AGENT,11:04:21,11:07:19,178,YIFAT
AA0106,47101,22969265,2,PS,990929,11:14:02,11:14:08,6,11:14:08,11:14:21,13,AGENT,11:14:20,11:16:29,129,YIFAT
AA0106,47102,0,0,PS,990929,11:25:39,11:25:51,12,0:00:00,0:00:00,0,AGENT,11:25:50,11:26:04,14,SHARON
AA0106,47103,46521662,2,PS,990929,11:38:17,11:38:22,5,11:38:22,11:39:15,53,AGENT,11:39:14,11:42:23,189,ZOHARI
AA0106,47104,23653512,1,PS,990929,11:51:19,11:51:25,6,11:51:25,11:51:45,20,AGENT,11:51:44,11:52:28,44,AVNI
AA0106,47105,49992639,2,PS,990929,12:03:26,12:03:32,6,12:03:32,12:04:07,35,AGENT,12:04:06,12:08:23,257,YIFAT
AA0106,47106,27424282,1,PS,990929,12:10:33,12:10:39,6,12:10:39,12:12:02,83,HANG,0:00:00,0:00:00,0,NO_SERVER
AA0106,47107,50614072,1,PS,990929,12:21:55,12:22:00,5,12:22:00,12:22:07,7,AGENT,12:22:05,12:22:09,4,YIFAT
AA0106,47108,48820351,2,NE,990929,12:31:12,12:31:18,6,12:31:18,12:33:53,155,HANG,0:00:00,0:00:00,0,NO_SERVER
AA0106,47109,52867744,2,PS,990929,12:45:30,12:45:36,6,12:45:36,12:47:16,100,AGENT,12:47:15,12:52:15,300,ANAT
AA0106,47110,0,0,PS,990929,13:01:15,13:06:24,309,0:00:00,0:00:00,0,HANG,0:00:00,0:00:00,0,NO_SERVER
AA0106,47111,58704610,2,PS,990929,13:25:17,13:25:22,5,13:25:22,13:26:42,80,HANG,0:00:00,0:00:00,0,NO_SERVER
AA0106,47112,0,0,PS,990929,13:41:09,13:41:21,12,0:00:00,0:00:00,0,AGENT,13:41:20,13:41:22,2,YIFAT
AA0106,47113,65032120,2,PS,990929,13:53:09,13:53:15,6,13:53:15,13:54:06,51,AGENT,13:54:05,13:59:59,354,SHARON
AA0106,47114,0,0,PS,990929,14:05:12,14:05:21,9,0:00:00,0:00:00,0,AGENT,14:05:21,14:08:25,184,BASCH
AA0106,47115,703074,2,PS,990929,14:14:19,14:14:24,5,14:14:24,14:14:41,17,AGENT,14:14:40,14:18:02,202,DORIT
AA0106,47116,27404748,1,PS,990929,14:23:06,14:23:11,5,14:23:11,14:25:06,115,AGENT,14:25:05,14:26:27,82,YIFAT
AA0106,47117,27008085,1,PS,990929,14:37:21,14:37:27,6,14:37:27,14:37:45,18,AGENT,14:37:44,14:38:34,50,BASCH
AA0106,47118,27900018,1,PS,990929,15:05:40,15:05:45,5,15:05:45,15:06:21,36,AGENT,15:06:21,15:08:42,141,AVNI
AA0106,47119,0,0,PS,990929,15:34:48,15:34:58,10,0:00:00,0:00:00,0,AGENT,15:34:57,15:36:30,93,AVNI
AA0106,47120,0,0,PS,990929,16:04:56,16:05:11,15,0:00:00,0:00:00,0,AGENT,16:05:10,16:06:59,109,VICKY
AA0106,47121,7191646,2,NE,990929,16:27:39,16:27:44,5,16:27:44,16:28:07,23,AGENT,16:28:06,16:37:06,540,AVNI
AA0106,47122,0,0,NW,990929,17:09:07,17:09:17,10,17:09:17,17:09:41,24,HANG,0:00:00,0:00:00,0,NO_SERVER
AA0106,47123,0,0,PS,990929,17:38:29,17:38:40,11,0:00:00,0:00:00,0,AGENT,17:38:39,17:40:50,131,BASCH
AA0106,47124,0,0,PS,990929,18:01:33,18:01:43,10,0:00:00,0:00:00,0,AGENT,18:01:41,18:05:06,205,STEREN
AA0106,47125,3652195,2,PS,990929,18:34:34,18:34:40,6,18:34:40,18:35:24,44,AGENT,18:35:24,18:36:53,89,MEIR
AA0106,47126,0,0,PS,990929,19:02:03,19:02:12,9,0:00:00,0:00:00,0,AGENT,19:02:12,19:04:06,114,GILI
AA0106,47127,0,0,PS,990929,19:23:32,19:23:43,11,0:00:00,0:00:00,0,AGENT,19:23:42,19:27:43,241,BASCH
AA0106,47128,0,0,PS,990929,19:51:33,19:51:42,9,0:00:00,0:00:00,0,AGENT,19:51:41,19:52:11,30,BASCH
AA0106,47129,0,0,PS,990929,20:34:41,20:34:55,14,0:00:00,0:00:00,0,AGENT,20:34:55,20:35:52,57,MEIR
AA0106,47130,0,0,NW,990929,21:04:01,21:04:14,13,0:00:00,0:00:00,0,AGENT,21:04:13,21:10:09,356,STEREN
AA0106,47131,54613724,2,NE,990929,21:38:38,21:38:44,6,21:38:44,21:39:28,44,AGENT,21:39:27,21:40:37,70,DARMON
AA0106,47132,0,0,PS,990929,22:11:50,22:12:02,12,0:00:00,0:00:00,0,AGENT,22:12:02,22:14:13,131,GILI
AA0106,47133,0,0,PS,990929,23:09:32,23:09:41,9,0:00:00,0:00:00,0,AGENT,23:09:40,23:11:10,90,STEREN
AA0106,47134,0,0,NW,990929,23:57:06,23:57:20,14,0:00:00,0:00:00,0,AGENT,23:57:21,23:57:27,6,NO_SERVER
AA0106,47135,0,0,PS,990930,7:06:15,7:06:26,11,0:00:00,0:00:00,0,HANG,0:00:00,0:00:00,0,NO_SERVER
AA0106,47136,0,0,PS,990930,7:54:48,7:55:01,13,0:00:00,0:00:00,0,AGENT,7:54:59,7:57:44,165,TOVA
AA0106,47137,0,0,PS,990930,8:34:03,8:34:12,9,0:00:00,0:00:00,0,AGENT,8:34:11,8:38:43,272,YIFAT
AA0106,47138,0,0,PS,990930,8:50:29,8:50:39,10,0:00:00,0:00:00,0,AGENT,8:50:37,8:52:45,128,ANAT
AA0106,47139,34143529,1,PS,990930,9:05:44,9:05:50,6,9:05:50,9:06:58,68,PHANTOM,9:06:57,9:07:01,4,NO_SERVER
AA0106,47140,64664733,2,PS,990930,9:17:17,9:17:22,5,9:17:22,9:19:32,130,AGENT,9:19:32,9:20:46,74,SHARON
AA0106,47141,0,0,PE,990930,9:33:55,9:34:03,8,0:00:00,0:00:00,0,AGENT,9:34:02,9:38:20,258,YIFAT
AA0106,47142,0,0,NW,990930,9:45:55,9:46:04,9,9:46:04,9:46:41,37,HANG,0:00:00,0:00:00,0,NO_SERVER
AA0106,47143,58704610,2,PS,990930,9:54:39,9:54:44,5,9:54:44,9:55:19,35,AGENT,9:55:18,9:57:05,107,SHARON
AA0106,47144,54128681,2,PS,990930,10:01:04,10:01:10,6,10:01:10,10:02:58,108,AGENT,10:02:58,10:04:35,97,TOVA
AA0106,47145,71820039,2,PS,990930,10:17:40,10:17:45,5,10:17:45,10:18:17,32,AGENT,10:18:17,10:21:41,204,TOVA
AA0106,47146,0,0,PS,990930,10:30:01,10:30:11,10,0:00:00,0:00:00,0,AGENT,10:30:11,10:42:17,726,TOVA
AA0106,47147,0,0,NE,990930,10:45:17,10:45:26,9,0:00:00,0:00:00,0,AGENT,10:45:26,10:46:40,74,ANAT
AA0106,47148,55499289,2,PS,990930,11:00:12,11:00:18,6,11:00:18,11:02:12,114,AGENT,11:02:11,11:02:13,2,TOVA
AA0106,47149,52146842,1,PS,990930,11:05:29,11:05:34,5,11:05:34,11:11:42,368,AGENT,11:11:41,11:13:14,93,YIFAT
AA0106,47150,22668156,2,PS,990930,11:18:26,11:18:31,5,11:18:31,11:18:50,19,HANG,0:00:00,0:00:00,0,NO_SERVER
AA0106,47151,7287170,2,PS,990930,11:21:45,11:21:50,5,11:21:50,11:24:43,173,AGENT,11:24:42,11:25:09,27,YIFAT
AA0106,47152,24327207,2,PS,990930,11:27:32,11:27:37,5,11:27:37,11:28:28,51,HANG,0:00:00,0:00:00,0,NO_SERVER
AA0106,47153,51141984,2,PS,990930,11:36:42,11:36:48,6,11:36:48,11:38:07,79,AGENT,11:38:06,11:38:09,3,TOVA
AA0106,47154,0,0,NW,990930,11:44:11,11:44:20,9,11:44:20,11:44:58,38,HANG,0:00:00,0:00:00,0,NO_SERVER
AA0106,47155,0,0,NW,990930,11:49:11,11:49:20,9,11:49:20,11:50:24,64,HANG,0:00:00,0:00:00,0,NO_SERVER
AA0106,47156,33058777,1,PS,990930,11:56:39,11:56:45,6,11:56:45,11:57:31,46,HANG,0:00:00,0:00:00,0,NO_SERVER
AA0106,47157,58859752,2,PS,990930,12:04:16,12:04:22,6,12:04:22,12:08:06,224,AGENT,12:08:05,12:08:09,4,ANAT
AA0106,47158,0,0,PS,990930,12:17:20,12:17:34,14,0:00:00,0:00:00,0,AGENT,12:17:33,12:17:35,2,TOVA
AA0106,47159,0,0,PS,990930,12:30:12,12:30:23,11,0:00:00,0:00:00,0,AGENT,12:30:22,12:33:12,170,ZOHARI
AA0106,47160,0,0,PS,990930,12:52:56,12:53:14,18,0:00:00,0:00:00,0,AGENT,12:53:13,12:54:58,105,SHARON
AA0106,47161,0,0,NE,990930,13:05:05,13:05:17,12,0:00:00,0:00:00,0,AGENT,13:05:16,13:08:58,222,ELI
AA0106,47162,67325910,2,PS,990930,13:24:20,13:24:25,5,13:24:25,13:26:05,100,AGENT,13:26:05,13:30:26,261,SHARON
AA0106,47163,0,0,NW,990930,13:42:39,13:42:48,9,13:42:48,13:44:19,91,HANG,0:00:00,0:00:00,0,NO_SERVER
AA0106,47164,24851511,2,PS,990930,13:55:14,13:55:20,6,13:55:20,13:58:48,208,HANG,0:00:00,0:00:00,0,NO_SERVER
AA0106,47165,55653984,1,PS,990930,14:08:46,14:08:51,5,14:08:51,14:10:27,96,HANG,0:00:00,0:00:00,0,NO_SERVER
AA0106,47166,14504765,2,PS,990930,14:22:15,14:22:20,5,14:22:20,14:24:51,151,AGENT,14:24:50,14:34:15,565,ZOHARI
AA0106,47167,55279970,2,NE,990930,14:34:54,14:35:00,6,14:35:00,14:35:45,45,HANG,0:00:00,0:00:00,0,NO_SERVER
AA0106,47169,0,0,PS,990930,14:54:44,14:54:44,0,0:00:00,0:00:00,0,HANG,0:00:00,0:00:00,0,NO_SERVER
AA0106,47170,0,0,PS,990930,15:20:14,15:20:23,9,0:00:00,0:00:00,0,AGENT,15:20:22,15:22:07,105,ROTH
AA0106,47171,0,0,PS,990930,15:50:53,15:51:02,9,0:00:00,0:00:00,0,AGENT,15:51:01,15:54:55,234,ROTH
AA0106,47172,0,0,PS,990930,16:22:06,16:22:14,8,0:00:00,0:00:00,0,AGENT,16:22:13,16:24:59,166,YITZ
AA0106,47173,0,0,PS,990930,16:37:41,16:37:49,8,0:00:00,0:00:00,0,AGENT,16:37:49,16:41:26,217,VICKY
AA0106,47174,28544807,1,PS,990930,16:56:21,16:56:26,5,16:56:26,16:56:29,3,AGENT,16:56:29,16:56:42,13,AVNI
AA0106,47175,0,0,PS,990930,17:24:38,17:24:48,10,0:00:00,0:00:00,0,AGENT,17:24:47,17:27:23,156,AVNI
AA0106,47176,0,0,PS,990930,17:59:14,17:59:23,9,0:00:00,0:00:00,0,AGENT,17:59:23,18:00:52,89,STEREN
AA0106,47177,0,0,PS,990930,18:40:36,18:40:48,12,0:00:00,0:00:00,0,AGENT,18:40:47,18:41:05,18,STEREN
AA0106,47178,0,0,PS,990930,19:31:15,19:31:26,11,0:00:00,0:00:00,0,AGENT,19:31:25,19:33:03,98,STEREN
AA0106,47179,0,0,PS,990930,20:05:10,20:05:22,12,0:00:00,0:00:00,0,AGENT,20:05:22,20:06:10,48,STEREN
AA0106,47180,0,0,PS,990930,20:48:52,20:49:04,12,0:00:00,0:00:00,0,AGENT,20:49:03,20:49:57,54,MEIR
AA0106,47181,0,0,PS,990930,21:17:51,21:18:01,10,0:00:00,0:00:00,0,AGENT,21:18:00,21:24:41,401,AVNI
AA0106,47182,0,0,PS,990930,22:01:48,22:02:15,27,0:00:00,0:00:00,0,AGENT,22:02:14,22:08:51,397,AVNI
AA0106,47183,0,0,PS,990930,23:04:32,23:04:42,10,0:00:00,0:00:00,0,AGENT,23:04:41,23:06:08,87,AVNI
AA0107,4606,59839134,1,TT,990901,10:17:27,10:17:29,2,0:00:00,0:00:00,0,AGENT,10:17:28,10:20:08,160,ROTH
AA0107,4607,0,0,TT,990901,16:03:16,16:03:18,2,0:00:00,0:00:00,0,AGENT,16:03:18,16:03:20,2,ANAT
AA0107,4608,0,0,NW,990901,23:14:46,23:22:08,442,0:00:00,0:00:00,0,HANG,0:00:00,0:00:00,0,NO_SERVER
AA0107,4609,0,0,NW,990901,23:31:17,23:31:53,36,23:31:53,23:34:13,140,HANG,0:00:00,0:00:00,0,NO_SERVER
AA0107,4610,0,0,NW,990902,7:58:18,7:58:37,19,0:00:00,0:00:00,0,AGENT,7:58:37,8:00:27,110,ANAT
AA0107,4611,51190106,2,TT,990902,18:29:40,18:29:42,2,0:00:00,0:00:00,0,AGENT,18:29:42,18:30:11,29,BASCH
AA0107,4612,24822546,1,TT,990902,19:41:36,19:41:36,0,19:41:36,19:41:45,9,HANG,19:41:47,19:41:53,6,NO_SERVER
AA0107,4613,904078,1,TT,990902,19:47:14,19:47:15,1,19:47:15,19:47:51,36,HANG,0:00:00,0:00:00,0,NO_SERVER
AA0107,4614,55279970,2,TT,990902,20:12:58,20:12:58,0,20:12:58,20:13:03,5,HANG,0:00:00,0:00:00,0,NO_SERVER
AA0107,4615,55279970,2,TT,990902,22:09:36,22:09:38,2,0:00:00,0:00:00,0,AGENT,22:09:37,22:09:42,5,BASCH
AA0107,4616,0,0,TT,990903,7:01:23,7:01:25,2,0:00:00,0:00:00,0,AGENT,7:01:24,7:01:34,10,ROTH
AA0107,4617,0,0,TT,990903,9:34:46,9:34:48,2,0:00:00,0:00:00,0,AGENT,9:34:47,9:35:14,27,STEREN
AA0107,4618,25381401,1,TT,990903,11:21:25,11:21:26,1,11:21:26,11:21:39,13,AGENT,11:21:38,11:21:54,16,BASCH
AA0107,4619,27901198,2,TT,990905,18:11:14,18:11:14,0,18:11:14,18:11:25,11,AGENT,18:11:24,18:11:41,17,GELBER
AA0107,4620,37669413,1,TT,990905,20:24:26,20:24:27,1,0:00:00,0:00:00,0,AGENT,20:24:27,20:28:43,256,BASCH
AA0107,4621,0,0,TT,990906,9:41:35,9:41:37,2,0:00:00,0:00:00,0,AGENT,9:41:36,9:41:40,4,TOVA
AA0107,4622,0,0,TT,990906,10:32:56,10:32:56,0,10:32:56,10:33:34,38,AGENT,10:33:34,10:35:50,136,BASCH
AA0107,4623,33823618,1,TT,990906,10:43:07,10:43:07,0,10:43:07,10:45:47,160,AGENT,10:45:46,10:48:31,165,BASCH
AA0107,4624,0,0,TT,990906,11:11:01,11:11:04,3,0:00:00,0:00:00,0,AGENT,11:11:02,11:11:05,3,TOVA
AA0107,4625,0,0,TT,990906,11:47:11,11:47:11,0,11:47:11,11:48:44,93,AGENT,11:48:43,11:48:45,2,TOVA
AA0107,4626,0,0,TT,990906,12:41:32,12:41:34,2,0:00:00,0:00:00,0,AGENT,12:41:33,12:44:00,147,BASCH
AA0107,4627,314386806,1,TT,990906,14:43:37,14:43:39,2,0:00:00,0:00:00,0,AGENT,14:43:38,14:45:46,128,BASCH
AA0107,4628,0,0,TT,990906,16:29:48,16:29:49,1,0:00:00,0:00:00,0,AGENT,16:29:49,16:29:57,8,ROTH
AA0107,4629,303338180,1,TT,990906,20:58:04,20:58:05,1,0:00:00,0:00:00,0,AGENT,20:58:05,20:58:07,2,ANAT
AA0107,4630,0,0,TT,990907,7:17:35,7:17:37,2,0:00:00,0:00:00,0,AGENT,7:17:36,7:20:19,163,TOVA
AA0107,4631,0,0,TT,990907,9:10:09,9:10:11,2,0:00:00,0:00:00,0,AGENT,9:10:10,9:12:07,117,YIFAT
AA0107,4632,58894601,2,TT,990907,10:04:46,10:04:47,1,10:04:47,10:05:31,44,AGENT,10:05:30,10:05:54,24,ROTH
AA0107,4633,0,0,TT,990907,11:02:35,11:02:38,3,0:00:00,0:00:00,0,AGENT,11:02:36,11:03:27,51,AVI
AA0107,4634,0,0,TT,990907,12:24:15,12:24:17,2,0:00:00,0:00:00,0,AGENT,12:24:16,12:24:19,3,TOVA
AA0107,4635,55539530,2,TT,990907,17:55:00,17:55:02,2,0:00:00,0:00:00,0,AGENT,17:55:01,17:57:16,135,STEREN
AA0107,4636,0,0,TT,990907,23:00:22,23:00:24,2,0:00:00,0:00:00,0,AGENT,23:00:24,23:01:12,48,BENSION
AA0107,4637,0,0,TT,990908,12:44:10,12:44:12,2,0:00:00,0:00:00,0,AGENT,12:44:11,12:46:27,136,ROTH
AA0107,4638,0,0,TT,990908,13:58:11,13:58:11,0,13:58:11,13:58:29,18,AGENT,13:58:28,13:59:45,77,SHARON
AA0107,4639,13000567,2,TT,990908,15:47:11,15:47:12,1,15:47:12,15:47:45,33,AGENT,15:47:45,15:50:18,153,ROTH
AA0107,4640,0,0,TT,990908,16:34:02,16:34:04,2,16:34:04,16:35:36,92,AGENT,16:34:03,16:38:40,277,ANAT
AA0107,4641,0,0,TT,990908,19:08:06,19:08:09,3,0:00:00,0:00:00,0,AGENT,19:08:08,19:10:22,134,AVI
AA0107,4642,0,0,TT,990909,9:55:26,9:55:26,0,9:55:26,9:56:43,77,HANG,0:00:00,0:00:00,0,NO_SERVER
AA0107,4643,0,0,TT,990909,10:53:06,10:53:08,2,0:00:00,0:00:00,0,AGENT,10:53:07,10:54:49,102,ANAT
AA0107,4644,25293028,2,TT,990909,20:10:42,20:10:43,1,20:10:43,20:11:22,39,AGENT,20:11:21,20:14:10,169,STEREN
AA0107,4645,0,0,TT,990909,20:28:52,20:28:53,1,0:00:00,0:00:00,0,AGENT,20:28:53,20:29:08,15,STEREN
AA0107,4646,57758013,2,TT,990909,22:46:22,22:46:24,2,0:00:00,0:00:00,0,AGENT,22:46:23,22:50:16,233,AVI
AA0107,4647,0,0,TT,990912,20:06:15,20:06:17,2,0:00:00,0:00:00,0,AGENT,20:06:16,20:07:34,78,SHARON
AA0107,4648,0,0,TT,990913,9:02:03,9:02:05,2,0:00:00,0:00:00,0,AGENT,9:02:05,9:03:42,97,YIFAT
AA0107,4649,0,0,TT,990913,10:38:26,10:38:28,2,0:00:00,0:00:00,0,AGENT,10:38:27,10:44:08,341,KAZAV
AA0107,4650,0,0,TT,990913,14:00:10,14:00:10,0,14:00:10,14:00:42,32,AGENT,14:00:42,14:00:48,6,ROTH
AA0107,4651,27123421,1,TT,990913,15:49:22,15:49:22,0,15:49:22,15:50:13,51,AGENT,15:50:13,16:00:18,605,ROTH
AA0107,4652,314574559,2,TT,990913,15:57:34,15:57:34,0,15:57:34,15:58:14,40,AGENT,15:58:13,15:58:32,19,STEREN
AA0107,4653,0,0,TT,990913,22:54:09,22:54:11,2,0:00:00,0:00:00,0,AGENT,22:54:10,22:54:57,47,AVI
AA0107,4654,0,0,TT,990914,7:08:48,7:08:50,2,0:00:00,0:00:00,0,AGENT,7:08:49,7:09:05,16,YIFAT
AA0107,4655,28697621,1,TT,990914,8:35:20,8:35:22,2,0:00:00,0:00:00,0,AGENT,8:35:21,8:36:34,73,KAZAV
AA0107,4656,0,0,TT,990914,10:34:04,10:34:04,0,10:34:04,10:34:07,3,AGENT,10:34:07,10:34:08,1,TOVA
AA0107,4657,0,0,TT,990914,10:54:43,10:54:45,2,0:00:00,0:00:00,0,AGENT,10:54:44,11:02:24,460,YIFAT
AA0107,4658,0,0,TT,990914,13:09:29,13:09:31,2,0:00:00,0:00:00,0,AGENT,13:09:30,13:10:52,82,YIFAT
AA0107,4659,25779315,1,TT,990914,14:28:57,14:28:57,0,14:28:57,14:29:12,15,AGENT,14:29:11,14:31:00,109,ROTH
AA0107,4660,0,0,TT,990915,15:20:43,15:20:45,2,0:00:00,0:00:00,0,AGENT,15:20:44,15:22:21,97,SHARON
AA0107,4661,0,0,TT,990915,16:15:06,16:15:06,0,16:15:06,16:15:20,14,AGENT,16:15:20,16:16:06,46,AVI
AA0107,4662,24136566,1,TT,990916,10:41:32,10:41:35,3,0:00:00,0:00:00,0,AGENT,10:41:34,10:45:42,248,DORIT
AA0107,4663,0,0,TT,990916,13:42:49,13:42:49,0,13:42:49,13:43:16,27,AGENT,13:43:15,13:43:16,1,TOVA
AA0107,4664,0,0,TT,990916,14:22:40,14:22:42,2,0:00:00,0:00:00,0,AGENT,14:22:41,14:24:24,103,ROTH
AA0107,4665,0,0,TT,990916,16:06:09,16:06:12,3,0:00:00,0:00:00,0,AGENT,16:06:12,16:11:17,305,VICKY
AA0107,4666,0,0,TT,990916,16:12:03,16:12:03,0,16:12:03,16:12:13,10,HANG,0:00:00,0:00:00,0,NO_SERVER
AA0107,4667,0,0,TT,990916,17:13:54,17:13:54,0,17:13:54,17:14:06,12,AGENT,17:14:05,17:14:12,7,AVI
AA0107,4668,0,0,TT,990916,19:20:57,19:20:59,2,0:00:00,0:00:00,0,AGENT,19:20:58,19:21:01,3,GILI
AA0107,4669,14414726,2,TT,990916,19:30:34,19:30:36,2,19:30:36,19:31:57,81,HANG,19:30:35,19:39:45,550,NO_SERVER
AA0107,4670,0,0,TT,990916,23:05:33,23:05:35,2,0:00:00,0:00:00,0,AGENT,23:05:34,23:06:36,62,GELBER
AA0107,4671,51664878,2,TT,990916,23:18:56,23:18:58,2,0:00:00,0:00:00,0,AGENT,23:18:57,23:19:47,50,GELBER
AA0107,4672,0,0,TT,990917,9:26:26,9:26:26,0,9:26:26,9:27:16,50,AGENT,9:27:16,9:27:32,16,STEREN
AA0107,4673,0,0,NW,990917,17:29:19,17:30:53,94,0:00:00,0:00:00,0,HANG,0:00:00,0:00:00,0,NO_SERVER
AA0107,4674,0,0,TT,990919,6:53:55,6:53:57,2,0:00:00,0:00:00,0,AGENT,6:53:56,6:53:59,3,NO_SERVER
AA0107,4675,0,0,TT,990920,21:04:24,21:04:26,2,0:00:00,0:00:00,0,AGENT,21:04:25,21:05:57,92,DORIT
AA0107,4676,10634848,1,TT,990920,21:15:22,21:15:24,2,0:00:00,0:00:00,0,AGENT,21:15:23,21:15:37,14,PINHAS
AA0107,4677,0,0,TT,990920,22:49:19,22:49:21,2,0:00:00,0:00:00,0,AGENT,22:49:20,22:49:32,12,DORIT
AA0107,4678,0,0,TT,990921,9:23:03,9:23:05,2,0:00:00,0:00:00,0,AGENT,9:23:04,9:24:05,61,YIFAT
AA0107,4679,0,0,TT,990921,11:02:11,11:02:11,0,11:02:11,11:04:20,129,HANG,0:00:00,0:00:00,0,NO_SERVER
AA0107,4680,0,0,TT,990921,11:21:18,11:21:20,2,0:00:00,0:00:00,0,AGENT,11:21:19,11:21:26,7,YIFAT
AA0107,4681,0,0,TT,990921,11:23:50,11:23:50,0,11:23:50,11:25:20,90,AGENT,11:25:19,11:31:23,364,ROTH
AA0107,4682,0,0,TT,990921,16:14:28,16:14:30,2,0:00:00,0:00:00,0,AGENT,16:14:29,16:14:31,2,TOVA
AA0107,4683,0,0,TT,990921,17:03:40,17:03:40,0,17:03:40,17:04:09,29,PHANTOM,17:04:08,17:04:30,22,NO_SERVER
AA0107,4684,23544638,2,TT,990921,17:26:00,17:26:03,3,0:00:00,0:00:00,0,AGENT,17:26:02,17:26:05,3,TOVA
AA0107,4685,51732048,0,TT,990922,11:53:24,11:53:24,0,11:53:24,11:54:22,58,AGENT,11:54:21,11:54:22,1,TOVA
AA0107,4686,50040492,2,TT,990922,12:52:26,12:52:29,3,0:00:00,0:00:00,0,AGENT,12:52:27,13:01:30,543,KAZAV
AA0107,4687,0,0,TT,990922,15:04:42,15:04:44,2,0:00:00,0:00:00,0,AGENT,15:04:43,15:07:00,137,ROTH
AA0107,4688,25068438,1,TT,990923,14:00:12,14:00:12,0,14:00:12,14:03:19,187,AGENT,14:03:18,14:06:10,172,BASCH
AA0107,4689,22473201,1,TT,990924,9:56:48,9:56:50,2,0:00:00,0:00:00,0,AGENT,9:56:50,9:58:24,94,BASCH
AA0107,4690,50002161,2,TT,990924,11:13:24,11:13:26,2,0:00:00,0:00:00,0,AGENT,11:13:26,11:14:51,85,ANAT
AA0107,4691,31792849,1,TT,990926,9:59:55,9:59:56,1,9:59:56,10:00:12,16,HANG,10:00:13,10:00:16,3,NO_SERVER
AA0107,4692,55279970,2,TT,990926,11:10:01,11:10:03,2,0:00:00,0:00:00,0,AGENT,11:10:02,11:10:11,9,BASCH
AA0107,4693,0,0,TT,990926,16:55:01,16:55:03,2,0:00:00,0:00:00,0,AGENT,16:55:02,16:55:05,3,TOVA
AA0107,4694,0,0,TT,990927,10:28:31,10:28:32,1,0:00:00,0:00:00,0,AGENT,10:28:32,10:29:30,58,BASCH
AA0107,4695,33906777,1,TT,990927,11:19:59,11:20:01,2,0:00:00,0:00:00,0,AGENT,11:20:00,11:20:02,2,TOVA
AA0107,4696,0,0,TT,990927,11:57:12,11:57:14,2,0:00:00,0:00:00,0,AGENT,11:57:13,11:57:15,2,TOVA
AA0107,4697,0,0,TT,990927,12:49:11,12:49:14,3,0:00:00,0:00:00,0,AGENT,12:49:13,12:49:52,39,BASCH
AA0107,4698,54569397,2,TT,990927,13:34:14,13:34:16,2,0:00:00,0:00:00,0,AGENT,13:34:16,13:34:20,4,BASCH
AA0107,4699,23699390,2,TT,990927,14:43:16,14:43:19,3,0:00:00,0:00:00,0,AGENT,14:43:18,14:43:21,3,ANAT
AA0107,4700,57211559,2,TT,990928,8:06:46,8:06:48,2,0:00:00,0:00:00,0,AGENT,8:06:47,8:06:52,5,ANAT
AA0107,4701,0,0,TT,990928,10:28:17,10:28:19,2,0:00:00,0:00:00,0,AGENT,10:28:19,10:30:29,130,PINHAS
AA0107,4702,0,0,TT,990928,12:53:45,12:53:45,0,12:53:45,12:55:18,93,AGENT,12:55:17,12:58:40,203,VICKY
AA0107,4703,0,0,TT,990928,13:59:10,13:59:13,3,0:00:00,0:00:00,0,AGENT,13:59:12,13:59:14,2,ANAT
AA0107,4704,23729759,1,TT,990928,14:21:19,14:21:21,2,0:00:00,0:00:00,0,AGENT,14:21:21,14:22:36,75,YIFAT
AA0107,4705,0,0,TT,990928,16:31:39,16:31:42,3,0:00:00,0:00:00,0,AGENT,16:31:40,16:31:53,13,DORIT
AA0107,4706,33677360,2,TT,990928,18:32:17,18:32:19,2,0:00:00,0:00:00,0,AGENT,18:32:18,18:32:33,15,BASCH
AA0107,4707,0,0,TT,990928,23:06:30,23:06:32,2,0:00:00,0:00:00,0,AGENT,23:06:31,23:08:03,92,DORIT
AA0107,4708,65281537,1,TT,990929,10:13:12,10:13:12,0,10:13:12,10:13:18,6,AGENT,10:13:17,10:14:03,46,SHARON
AA0107,4709,27770932,2,TT,990929,12:22:33,12:22:33,0,12:22:33,12:24:00,87,HANG,0:00:00,0:00:00,0,NO_SERVER
AA0107,4710,50614072,1,TT,990929,12:51:00,12:51:02,2,0:00:00,0:00:00,0,AGENT,12:51:02,12:53:05,123,YIFAT
AA0107,4711,14872279,2,TT,990929,13:11:25,13:11:27,2,0:00:00,0:00:00,0,AGENT,13:11:27,13:11:31,4,YIFAT
AA0107,4712,0,0,TT,990929,14:42:53,14:42:53,0,14:42:53,14:43:26,33,AGENT,14:43:26,14:50:54,448,DORIT
AA0107,4713,58144338,2,TT,990929,22:57:50,22:57:50,0,22:57:50,22:58:34,44,AGENT,22:58:34,22:58:53,19,STEREN
AA0107,4714,57918849,1,TT,990930,10:13:27,10:13:29,2,0:00:00,0:00:00,0,AGENT,10:13:28,10:13:30,2,TOVA
AA0107,4715,32810103,1,TT,990930,10:16:14,10:16:16,2,0:00:00,0:00:00,0,AGENT,10:16:15,10:17:57,102,ROTH
AA0107,4716,23793540,1,TT,990930,13:29:52,13:29:54,2,0:00:00,0:00:00,0,AGENT,13:29:54,13:31:52,118,PINHAS
AA0107,4717,32389629,2,TT,990930,14:17:49,14:17:51,2,0:00:00,0:00:00,0,AGENT,14:17:51,14:19:35,104,PINHAS
AA0107,4718,200011955,2,TT,990930,17:00:04,17:00:04,0,17:00:04,17:01:42,98,AGENT,17:01:42,17:06:23,281,STEREN
AA0108,3694,55279970,2,TT,990901,7:04:04,7:04:04,0,7:04:04,7:04:31,27,HANG,0:00:00,0:00:00,0,NO_SERVER
AA0108,3695,64471147,2,TT,990901,11:31:39,11:31:41,2,0:00:00,0:00:00,0,AGENT,11:31:40,11:34:04,144,DORIT
AA0108,3696,0,0,NW,990902,6:48:06,6:48:27,21,0:00:00,0:00:00,0,HANG,0:00:00,0:00:00,0,NO_SERVER
AA0108,3697,52150810,2,TT,990902,18:31:36,18:31:36,0,18:31:36,18:31:55,19,AGENT,18:31:54,18:35:02,188,AVI
AA0108,3698,25434457,2,TT,990902,19:43:04,19:43:07,3,0:00:00,0:00:00,0,AGENT,19:43:05,19:43:44,39,MEIR
AA0108,3699,15672835,2,TT,990902,19:51:10,19:51:10,0,19:51:10,19:51:29,19,AGENT,19:51:28,19:51:32,4,BASCH
AA0108,3700,54971965,1,TT,990902,19:57:45,19:57:45,0,19:57:45,19:59:08,83,HANG,0:00:00,0:00:00,0,NO_SERVER
AA0108,3701,24087934,2,TT,990902,20:13:46,20:13:46,0,20:13:46,20:15:02,76,HANG,0:00:00,0:00:00,0,NO_SERVER
AA0108,3702,59778696,1,TT,990902,23:36:21,23:36:22,1,0:00:00,0:00:00,0,AGENT,23:36:22,23:38:36,134,AVI
AA0108,3703,34164095,1,TT,990903,6:58:56,6:58:58,2,0:00:00,0:00:00,0,AGENT,6:58:57,7:00:55,118,STEREN
AA0108,3704,0,0,TT,990903,9:07:28,9:07:30,2,0:00:00,0:00:00,0,AGENT,9:07:30,9:08:22,52,STEREN
AA0108,3705,31915382,1,TT,990903,10:03:24,10:03:25,1,0:00:00,0:00:00,0,AGENT,10:03:25,10:04:38,73,BASCH
AA0108,3706,0,0,NW,990905,13:00:41,13:01:55,74,0:00:00,0:00:00,0,HANG,0:00:00,0:00:00,0,NO_SERVER
AA0108,3707,0,0,TT,990905,16:44:10,16:44:13,3,0:00:00,0:00:00,0,AGENT,16:44:11,16:44:26,15,GELBER
AA0108,3708,22251797,2,TT,990905,18:11:52,18:11:54,2,0:00:00,0:00:00,0,AGENT,18:11:53,18:11:57,4,BASCH
AA0108,3709,62866918,1,TT,990905,20:25:18,20:25:20,2,0:00:00,0:00:00,0,AGENT,20:25:19,20:25:37,18,TOVA
AA0108,3710,0,0,TT,990905,20:35:10,20:35:12,2,0:00:00,0:00:00,0,AGENT,20:35:11,20:36:11,60,TOVA
AA0108,3711,0,0,TT,990905,21:17:50,21:17:51,1,0:00:00,0:00:00,0,AGENT,21:17:51,21:20:10,139,BASCH
AA0108,3712,55279970,2,TT,990906,9:59:45,9:59:45,0,9:59:45,10:00:25,40,AGENT,10:00:24,10:00:26,2,TOVA
AA0108,3713,55279970,2,TT,990906,10:35:01,10:35:01,0,10:35:01,10:35:22,21,AGENT,10:35:21,10:39:08,227,ROTH
AA0108,3714,0,0,TT,990906,10:49:59,10:50:02,3,0:00:00,0:00:00,0,AGENT,10:50:00,10:53:16,196,DORIT
AA0108,3715,38305926,2,TT,990906,11:15:08,11:15:08,0,11:15:08,11:15:24,16,AGENT,11:15:23,11:15:24,1,TOVA
AA0108,3716,0,0,TT,990906,11:48:58,11:48:58,0,11:48:58,11:49:10,12,AGENT,11:49:09,11:49:10,1,TOVA
AA0108,3717,0,0,TT,990906,14:07:12,14:07:15,3,0:00:00,0:00:00,0,AGENT,14:07:14,14:09:03,109,BASCH
AA0108,3718,38381828,1,TT,990906,16:30:30,16:30:30,0,16:30:30,16:30:42,12,HANG,0:00:00,0:00:00,0,NO_SERVER
AA0108,3719,0,0,TT,990906,19:52:01,19:52:03,2,0:00:00,0:00:00,0,AGENT,19:52:03,19:54:05,122,ANAT
AA0108,3720,0,0,TT,990907,9:38:07,9:38:10,3,0:00:00,0:00:00,0,AGENT,9:38:08,9:40:02,114,ROTH
AA0108,3721,69632123,1,TT,990907,12:14:43,12:14:45,2,0:00:00,0:00:00,0,AGENT,12:14:44,12:15:25,41,ROTH
AA0108,3722,57202111,2,TT,990907,12:24:50,12:24:53,3,0:00:00,0:00:00,0,AGENT,12:24:52,12:25:12,20,ROTH
AA0108,3723,0,0,TT,990907,19:04:45,19:04:47,2,0:00:00,0:00:00,0,AGENT,19:04:46,19:05:49,63,SHARON
AA0108,3724,67434803,1,TT,990908,6:56:27,6:56:30,3,0:00:00,0:00:00,0,AGENT,6:56:29,7:01:31,302,STEREN
AA0108,3725,0,0,TT,990908,11:45:22,11:45:22,0,11:45:22,11:46:14,52,AGENT,11:46:13,11:46:25,12,SHARON
AA0108,3726,33870312,1,TT,990908,13:38:40,13:38:40,0,13:38:40,13:40:08,88,AGENT,13:40:08,13:44:09,241,SHARON
AA0108,3727,69661478,2,TT,990908,15:47:34,15:47:36,2,0:00:00,0:00:00,0,AGENT,15:47:35,15:47:38,3,ANAT
AA0108,3728,0,0,TT,990908,16:25:44,16:25:46,2,0:00:00,0:00:00,0,AGENT,16:25:45,16:25:57,12,AVI
AA0108,3729,29277688,1,TT,990908,21:19:20,21:19:22,2,0:00:00,0:00:00,0,AGENT,21:19:21,21:21:26,125,AVI
AA0108,3730,0,0,TT,990909,8:15:58,8:16:00,2,0:00:00,0:00:00,0,AGENT,8:15:59,8:16:06,7,DORIT
AA0108,3731,0,0,TT,990909,10:10:51,10:10:52,1,0:00:00,0:00:00,0,AGENT,10:10:52,10:19:51,539,NAAMA
AA0108,3732,962908463,2,TT,990909,20:19:11,20:19:13,2,0:00:00,0:00:00,0,AGENT,20:19:12,20:19:31,19,ZOHARI
AA0108,3733,37582376,1,TT,990909,20:29:42,20:29:44,2,0:00:00,0:00:00,0,AGENT,20:29:43,20:33:11,208,STEREN
AA0108,3734,0,0,TT,990910,11:55:50,11:55:52,2,0:00:00,0:00:00,0,AGENT,11:55:51,12:18:02,1331,DORIT
AA0108,3735,22131072,2,TT,990913,6:55:44,6:55:46,2,0:00:00,0:00:00,0,AGENT,6:55:46,6:56:18,32,YIFAT
AA0108,3736,0,0,TT,990913,9:53:26,9:53:26,0,9:53:26,9:54:06,40,AGENT,9:54:04,9:54:29,25,STEREN
AA0108,3737,0,0,TT,990913,11:11:33,11:11:33,0,11:11:33,11:12:43,70,AGENT,11:12:42,11:13:18,36,GILI
AA0108,3738,0,0,TT,990913,14:29:46,14:29:46,0,14:29:46,14:31:31,105,HANG,0:00:00,0:00:00,0,NO_SERVER
AA0108,3739,57476988,1,TT,990913,15:41:20,15:41:22,2,0:00:00,0:00:00,0,AGENT,15:41:21,15:42:57,96,STEREN
AA0108,3740,0,0,TT,990913,19:22:27,19:22:30,3,0:00:00,0:00:00,0,AGENT,19:22:28,19:22:51,23,GELBER
AA0108,3741,25331513,2,TT,990913,21:36:09,21:36:09,0,21:36:09,21:38:06,117,AGENT,21:38:05,21:39:13,68,AVI
AA0108,3742,22357230,2,TT,990914,6:57:52,6:57:54,2,0:00:00,0:00:00,0,AGENT,6:57:53,6:58:01,8,YIFAT
AA0108,3743,0,0,TT,990914,7:55:35,7:55:37,2,0:00:00,0:00:00,0,AGENT,7:55:36,7:57:19,103,BASCH
AA0108,3744,0,0,TT,990914,8:41:02,8:41:02,0,8:41:02,8:42:15,73,AGENT,8:42:14,8:42:21,7,ANAT
AA0108,3745,26680769,1,TT,990914,11:19:00,11:19:02,2,0:00:00,0:00:00,0,AGENT,11:19:01,11:19:15,14,KAZAV
AA0108,3746,0,0,TT,990914,12:29:08,12:29:10,2,0:00:00,0:00:00,0,AGENT,12:29:09,12:30:18,69,KAZAV
AA0108,3747,0,0,TT,990914,14:32:18,14:32:18,0,14:32:18,14:32:54,36,AGENT,14:32:53,14:41:34,521,NAAMA
AA0108,3748,0,0,TT,990915,9:14:36,9:14:38,2,0:00:00,0:00:00,0,AGENT,9:14:37,9:15:08,31,STEREN
AA0108,3749,0,0,NW,990915,10:25:58,10:26:04,6,0:00:00,0:00:00,0,HANG,0:00:00,0:00:00,0,NO_SERVER
AA0108,3750,55279970,2,TT,990915,13:26:15,13:26:16,1,0:00:00,0:00:00,0,AGENT,13:26:16,13:31:51,335,DORIT
AA0108,3751,0,0,TT,990915,15:21:37,15:21:39,2,0:00:00,0:00:00,0,AGENT,15:21:38,15:22:49,71,STEREN
AA0108,3752,0,0,TT,990915,16:17:29,16:17:30,1,0:00:00,0:00:00,0,AGENT,16:17:30,16:20:08,158,AVI
AA0108,3753,65281529,2,TT,990916,7:42:20,7:42:22,2,0:00:00,0:00:00,0,AGENT,7:42:22,7:44:41,139,ANAT
AA0108,3754,29665320,2,TT,990916,13:38:30,13:38:32,2,0:00:00,0:00:00,0,AGENT,13:38:31,13:38:36,5,KAZAV
AA0108,3755,2418036,2,TT,990916,15:25:39,15:25:42,3,0:00:00,0:00:00,0,AGENT,15:25:41,15:25:50,9,GOLDIE
AA0108,3756,48820351,2,TT,990916,16:12:47,16:12:47,0,16:12:47,16:12:52,5,HANG,0:00:00,0:00:00,0,NO_SERVER
AA0108,3757,0,0,TT,990916,16:49:44,16:49:44,0,16:49:44,16:53:44,240,HANG,0:00:00,0:00:00,0,NO_SERVER
AA0108,3758,27236389,1,TT,990916,19:21:46,19:21:46,0,19:21:46,19:24:04,138,HANG,0:00:00,0:00:00,0,NO_SERVER
AA0108,3759,54145529,2,TT,990916,19:36:48,19:36:50,2,0:00:00,0:00:00,0,AGENT,19:36:49,19:37:06,17,GILI
AA0108,3760,44461135,2,TT,990916,23:07:19,23:07:21,2,0:00:00,0:00:00,0,AGENT,23:07:20,23:11:02,222,GELBER
AA0108,3761,30088660,2,TT,990916,23:20:06,23:20:07,1,0:00:00,0:00:00,0,AGENT,23:20:07,23:20:25,18,GELBER
AA0108,3762,40612806,1,TT,990917,9:47:49,9:47:49,0,9:47:49,9:48:29,40,HANG,0:00:00,0:00:00,0,NO_SERVER
AA0108,3763,0,0,TT,990920,21:06:14,21:06:16,2,0:00:00,0:00:00,0,AGENT,21:06:15,21:12:34,379,DORIT
AA0108,3764,59167916,1,TT,990921,9:23:35,9:23:37,2,0:00:00,0:00:00,0,AGENT,9:23:36,9:28:37,301,KAZAV
AA0108,3765,0,0,TT,990921,10:21:30,10:21:32,2,0:00:00,0:00:00,0,AGENT,10:21:31,10:28:36,425,ANAT
AA0108,3766,0,0,TT,990921,11:05:38,11:05:38,0,11:05:38,11:06:20,42,AGENT,11:06:19,11:07:58,99,AVI
AA0108,3767,0,0,TT,990921,11:21:38,11:21:39,1,0:00:00,0:00:00,0,AGENT,11:21:39,11:24:16,157,BASCH
AA0108,3768,0,0,TT,990921,11:26:12,11:26:12,0,11:26:12,11:26:43,31,AGENT,11:26:42,11:29:26,164,BASCH
AA0108,3769,0,0,TT,990921,17:13:21,17:13:23,2,0:00:00,0:00:00,0,AGENT,17:13:23,17:13:25,2,TOVA
AA0108,3770,0,0,TT,990921,23:02:42,23:02:44,2,0:00:00,0:00:00,0,AGENT,23:02:43,23:04:41,118,GILI
AA0108,3771,67810689,2,TT,990922,9:01:33,9:01:35,2,9:01:35,9:02:02,27,AGENT,9:01:34,9:03:41,127,KAZAV
AA0108,3772,33436528,1,TT,990922,9:56:43,9:56:45,2,0:00:00,0:00:00,0,AGENT,9:56:44,9:56:47,3,TOVA
AA0108,3773,34818641,1,TT,990922,11:19:29,11:19:29,0,11:19:29,11:23:17,228,AGENT,11:23:16,11:25:04,108,KAZAV
AA0108,3774,7671241,1,TT,990922,11:41:16,11:41:18,2,0:00:00,0:00:00,0,AGENT,11:41:17,11:41:19,2,TOVA
AA0108,3775,13000567,2,TT,990922,11:55:30,11:55:30,0,11:55:30,11:55:37,7,AGENT,11:55:36,12:00:46,310,ROTH
AA0108,3776,0,0,TT,990922,15:09:37,15:09:38,1,0:00:00,0:00:00,0,AGENT,15:09:38,15:10:35,57,BASCH
AA0108,3777,63664932,2,TT,990924,9:10:26,9:10:27,1,9:10:27,9:11:07,40,AGENT,9:11:06,9:11:21,15,ANAT
AA0108,3778,33906777,1,TT,990924,9:53:32,9:53:34,2,0:00:00,0:00:00,0,AGENT,9:53:33,9:55:08,95,DORIT
AA0108,3779,0,0,TT,990924,9:57:19,9:57:20,1,9:57:20,9:57:36,16,AGENT,9:57:35,9:58:46,71,DORIT
AA0108,3780,0,0,TT,990924,12:14:54,12:14:54,0,12:14:54,12:15:09,15,AGENT,12:15:08,12:15:15,7,BASCH
AA0108,3781,28622421,1,TT,990925,20:25:29,20:25:31,2,0:00:00,0:00:00,0,AGENT,20:25:30,20:32:54,444,ZOHARI
AA0108,3782,28424109,1,TT,990926,10:52:58,10:53:00,2,0:00:00,0:00:00,0,AGENT,10:53:00,10:53:19,19,BASCH
AA0108,3783,0,0,TT,990926,16:57:34,16:57:36,2,0:00:00,0:00:00,0,AGENT,16:57:35,16:57:38,3,TOVA
AA0108,3784,33906777,1,TT,990927,10:29:53,10:29:53,0,10:29:53,10:30:13,20,HANG,0:00:00,0:00:00,0,NO_SERVER
AA0108,3785,0,0,TT,990927,10:40:23,10:40:23,0,10:40:23,10:40:35,12,AGENT,10:40:34,10:40:38,4,TOVA
AA0108,3786,0,0,TT,990927,11:20:50,11:20:52,2,0:00:00,0:00:00,0,AGENT,11:20:52,11:22:49,117,TOVA
AA0108,3787,32779456,1,TT,990927,11:28:37,11:28:39,2,0:00:00,0:00:00,0,AGENT,11:28:38,11:28:42,4,TOVA
AA0108,3788,11180403,2,TT,990927,11:39:22,11:39:22,0,11:39:22,11:39:29,7,AGENT,11:39:28,11:39:30,2,TOVA
AA0108,3789,0,0,TT,990927,12:53:06,12:53:09,3,0:00:00,0:00:00,0,AGENT,12:53:07,12:54:11,64,BASCH
AA0108,3790,29354024,1,TT,990927,20:20:38,20:20:40,2,0:00:00,0:00:00,0,AGENT,20:20:40,20:21:51,71,ANAT
AA0108,3791,0,0,TT,990928,8:21:31,8:21:31,0,8:21:31,8:22:46,75,HANG,0:00:00,0:00:00,0,NO_SERVER
AA0108,3792,22384234,1,TT,990928,12:56:38,12:56:38,0,12:56:38,12:57:38,60,AGENT,12:57:38,12:57:46,8,YIFAT
AA0108,3793,0,0,TT,990928,13:59:30,13:59:30,0,13:59:30,14:00:00,30,HANG,0:00:00,0:00:00,0,NO_SERVER
AA0108,3794,23793540,1,TT,990928,14:24:45,14:24:47,2,0:00:00,0:00:00,0,AGENT,14:24:46,14:26:43,117,BASCH
AA0108,3795,0,0,TT,990928,19:29:09,19:29:11,2,0:00:00,0:00:00,0,AGENT,19:29:10,19:32:42,212,SHARON
AA0108,3796,25742347,1,TT,990929,7:01:16,7:01:18,2,0:00:00,0:00:00,0,AGENT,7:01:17,7:01:27,10,YIFAT
AA0108,3797,59192617,1,TT,990929,10:14:31,10:14:33,2,0:00:00,0:00:00,0,AGENT,10:14:32,10:15:44,72,YIFAT
AA0108,3798,63730469,1,TT,990929,10:30:22,10:30:22,0,10:30:22,10:30:28,6,HANG,0:00:00,0:00:00,0,NO_SERVER
AA0108,3799,25236241,1,TT,990929,12:17:53,12:17:56,3,0:00:00,0:00:00,0,AGENT,12:17:54,12:17:57,3,ANAT
AA0108,3800,32810103,1,TT,990929,12:44:07,12:44:09,2,0:00:00,0:00:00,0,AGENT,12:44:08,12:45:06,58,ANAT
AA0108,3801,33944760,2,TT,990929,13:03:49,13:03:49,0,13:03:49,13:03:55,6,AGENT,13:03:54,13:05:30,96,DORIT
AA0108,3802,0,0,TT,990929,14:02:33,14:03:10,37,14:03:10,14:04:38,88,PHANTOM,14:04:38,14:05:03,25,NO_SERVER
AA0108,3803,32810103,1,TT,990930,9:37:28,9:37:30,2,0:00:00,0:00:00,0,AGENT,9:37:29,9:37:33,4,TOVA
AA0108,3804,24654626,1,TT,990930,12:11:31,12:11:33,2,0:00:00,0:00:00,0,AGENT,12:11:33,12:11:38,5,ANAT
AA0108,3805,23897754,1,TT,990930,14:32:14,14:32:16,2,0:00:00,0:00:00,0,AGENT,14:32:15,14:33:27,72,PINHAS
AA0108,3806,0,0,TT,990930,14:45:27,14:45:29,2,0:00:00,0:00:00,0,AGENT,14:45:28,14:45:31,3,SHARON
AA0109,39565,0,0,PS,990901,1:00:30,1:00:40,10,0:00:00,0:00:00,0,HANG,0:00:00,0:00:00,0,NO_SERVER
AA0109,39566,0,0,PS,990901,7:03:06,7:03:15,9,0:00:00,0:00:00,0,AGENT,7:03:14,7:03:23,9,GELBER
AA0109,39567,0,0,PS,990901,7:38:49,7:39:03,14,0:00:00,0:00:00,0,AGENT,7:39:02,7:39:40,38,BASCH
AA0109,39568,0,0,PS,990901,8:02:41,8:02:50,9,0:00:00,0:00:00,0,AGENT,8:02:49,8:04:23,94,DORIT
AA0109,39569,0,0,PS,990901,8:15:00,8:15:12,12,0:00:00,0:00:00,0,AGENT,8:15:10,8:18:51,221,SHARON
AA0109,39570,0,0,PS,990901,8:31:59,8:32:09,10,0:00:00,0:00:00,0,AGENT,8:32:08,8:33:10,62,DORIT
AA0109,39571,0,0,PS,990901,8:44:19,8:44:29,10,0:00:00,0:00:00,0,AGENT,8:44:28,8:45:12,44,BASCH
AA0109,39572,0,0,PS,990901,8:59:51,9:00:00,9,0:00:00,0:00:00,0,AGENT,9:00:00,9:00:38,38,STEREN
AA0109,39573,25219700,2,PS,990901,9:07:51,9:07:56,5,9:07:56,9:09:11,75,AGENT,9:09:10,9:11:10,120,DORIT
AA0109,39574,0,0,PS,990901,9:19:32,9:19:42,10,0:00:00,0:00:00,0,AGENT,9:19:42,9:21:23,101,ZOHARI
AA0109,39575,0,0,NW,990901,9:30:49,9:31:02,13,0:00:00,0:00:00,0,AGENT,9:31:01,9:33:18,137,ZOHARI
AA0109,39576,0,0,PS,990901,9:41:31,9:41:40,9,0:00:00,0:00:00,0,AGENT,9:41:39,9:44:57,198,BASCH
AA0109,39577,69687275,2,PS,990901,9:48:47,9:48:53,6,9:48:53,9:49:19,26,AGENT,9:49:17,9:54:00,283,ROTH
AA0109,39578,29571379,1,NW,990901,9:59:03,9:59:12,9,9:59:12,9:59:25,13,HANG,0:00:00,0:00:00,0,NO_SERVER
AA0109,39579,742338,2,PS,990901,10:10:35,10:10:41,6,10:10:41,10:12:06,85,AGENT,10:12:05,10:14:39,154,STEREN
AA0109,39580,27726686,2,PS,990901,10:20:46,10:20:51,5,10:20:51,10:21:06,15,AGENT,10:21:06,10:22:02,56,STEREN
AA0109,39581,65032120,2,PS,990901,10:29:17,10:29:23,6,10:29:23,10:29:47,24,AGENT,10:29:46,10:33:37,231,NAAMA
AA0109,39582,54234489,1,PS,990901,10:40:23,10:40:29,6,10:40:29,10:41:37,68,AGENT,10:41:36,10:43:22,106,BASCH
AA0109,39583,0,0,PS,990901,10:55:54,10:56:03,9,0:00:00,0:00:00,0,AGENT,10:56:03,10:57:22,79,STEREN
AA0109,39584,43288190,2,PS,990901,11:06:07,11:06:12,5,11:06:12,11:06:18,6,AGENT,11:06:17,11:09:20,183,SHARON
AA0109,39585,0,0,NW,990901,11:17:32,11:17:42,10,11:17:42,11:18:13,31,HANG,0:00:00,0:00:00,0,NO_SERVER
AA0109,39586,62711049,1,PS,990901,11:29:48,11:29:53,5,11:29:53,11:30:57,64,AGENT,11:30:57,11:32:05,68,SHARON
AA0109,39587,23640485,2,PS,990901,11:42:34,11:42:40,6,11:42:40,11:43:46,66,AGENT,11:43:45,11:46:34,169,DORIT
AA0109,39588,55719603,2,PS,990901,11:56:20,11:56:25,5,11:56:25,11:56:50,25,AGENT,11:56:50,12:02:39,349,STEREN
AA0109,39589,69605723,2,PS,990901,12:07:05,12:07:11,6,12:07:11,12:08:19,68,AGENT,12:08:19,12:10:09,110,ROTH
AA0109,39590,0,0,PS,990901,12:21:27,12:21:40,13,0:00:00,0:00:00,0,AGENT,12:21:38,12:22:31,53,NAAMA
AA0109,39591,0,0,NW,990901,12:36:07,12:36:19,12,0:00:00,0:00:00,0,AGENT,12:36:18,12:39:22,184,AVNI
AA0109,39592,0,0,PS,990901,12:49:32,12:49:44,12,0:00:00,0:00:00,0,AGENT,12:49:43,12:50:52,69,BASCH
AA0109,39593,0,0,NW,990901,13:02:03,13:02:16,13,0:00:00,0:00:00,0,AGENT,13:02:15,13:03:26,71,ZOHARI
AA0109,39594,0,0,PS,990901,13:19:08,13:19:18,10,0:00:00,0:00:00,0,AGENT,13:19:17,13:21:38,141,STEREN
AA0109,39595,0,0,PS,990901,13:33:05,13:33:14,9,0:00:00,0:00:00,0,AGENT,13:33:13,13:34:43,90,ROTH
AA0109,39596,6420236,2,PS,990901,13:46:32,13:46:38,6,13:46:38,13:46:52,14,AGENT,13:46:52,13:46:59,7,MORIAH
AA0109,39597,0,0,PS,990901,14:00:49,14:00:58,9,0:00:00,0:00:00,0,AGENT,14:00:57,14:01:54,57,DORIT
AA0109,39598,0,0,PS,990901,14:11:28,14:11:37,9,0:00:00,0:00:00,0,AGENT,14:11:36,14:13:39,123,NAAMA
AA0109,39599,0,0,PS,990901,14:24:53,14:25:02,9,0:00:00,0:00:00,0,AGENT,14:25:01,14:26:08,67,STEREN
AA0109,39600,0,0,NW,990901,14:35:23,14:35:38,15,0:00:00,0:00:00,0,AGENT,14:35:36,14:36:10,34,SHARON
AA0109,39601,0,0,NW,990901,14:43:45,14:44:02,17,0:00:00,0:00:00,0,AGENT,14:44:00,14:44:24,24,BENSION
AA0109,39602,0,0,PS,990901,14:58:34,14:58:43,9,0:00:00,0:00:00,0,AGENT,14:58:42,15:01:27,165,ROTH
AA0109,39603,57070534,2,PS,990901,15:10:31,15:10:37,6,15:10:37,15:11:15,38,AGENT,15:11:14,15:12:37,83,ANAT
AA0109,39604,0,0,NW,990901,15:20:14,15:20:29,15,0:00:00,0:00:00,0,AGENT,15:20:28,15:21:34,66,ZOHARI
AA0109,39605,25246380,2,PS,990901,15:30:15,15:30:21,6,15:30:21,15:31:43,82,AGENT,15:31:42,15:32:07,25,BENSION
AA0109,39606,0,0,PS,990901,15:40:46,15:40:54,8,0:00:00,0:00:00,0,AGENT,15:40:53,15:40:56,3,MORIAH
AA0109,39607,9682923,2,PS,990901,15:50:49,15:50:54,5,15:50:54,15:51:38,44,HANG,0:00:00,0:00:00,0,NO_SERVER
AA0109,39608,0,0,NW,990901,16:08:48,16:08:58,10,16:08:58,16:09:21,23,HANG,0:00:00,0:00:00,0,NO_SERVER
AA0109,39609,0,0,PS,990901,16:26:02,16:26:12,10,0:00:00,0:00:00,0,AGENT,16:26:11,16:30:25,254,ANAT
AA0109,39610,0,0,PS,990901,16:46:57,16:47:06,9,0:00:00,0:00:00,0,AGENT,16:47:05,16:48:42,97,MORIAH
AA0109,39611,57965006,2,PS,990901,16:56:25,16:56:31,6,16:56:31,16:56:59,28,AGENT,16:56:58,16:58:17,79,AVI
AA0109,39612,0,0,PS,990901,17:11:37,17:11:50,13,0:00:00,0:00:00,0,AGENT,17:11:50,17:13:23,93,BENSION
AA0109,39613,0,0,PS,990901,17:33:08,17:33:21,13,0:00:00,0:00:00,0,AGENT,17:33:20,17:36:02,162,BENSION
AA0109,39614,0,0,PS,990901,17:47:48,17:48:02,14,0:00:00,0:00:00,0,AGENT,17:48:01,17:48:20,19,BENSION
AA0109,39615,0,0,PS,990901,18:06:07,18:06:19,12,0:00:00,0:00:00,0,AGENT,18:06:18,18:10:03,225,MORIAH
AA0109,39616,0,0,PS,990901,18:23:42,18:23:53,11,0:00:00,0:00:00,0,AGENT,18:23:52,18:26:03,131,BENSION
AA0109,39617,0,0,PS,990901,18:43:23,18:43:38,15,0:00:00,0:00:00,0,AGENT,18:43:37,18:48:15,278,MEIR
AA0109,39618,0,0,NW,990901,19:06:14,19:06:33,19,0:00:00,0:00:00,0,AGENT,19:06:33,19:09:13,160,MEIR
AA0109,39619,0,0,PS,990901,19:33:47,19:33:58,11,0:00:00,0:00:00,0,AGENT,19:33:57,19:35:23,86,ANAT
AA0109,39620,0,0,PS,990901,19:51:05,19:51:16,11,0:00:00,0:00:00,0,AGENT,19:51:16,19:52:18,62,MORIAH
AA0109,39621,0,0,PS,990901,20:15:23,20:15:33,10,0:00:00,0:00:00,0,AGENT,20:15:33,20:17:14,101,MEIR
AA0109,39622,12410957,1,PS,990901,20:30:08,20:30:13,5,20:30:13,20:32:04,111,AGENT,20:32:03,20:36:06,243,TOVA
AA0109,39623,314017401,1,PE,990901,20:47:24,20:47:29,5,20:47:29,20:49:13,104,AGENT,20:49:12,20:49:40,28,VICKY
AA0109,39624,15588221,2,PS,990901,20:59:43,20:59:48,5,20:59:48,21:01:02,74,AGENT,21:01:01,21:02:14,73,AVI
AA0109,39625,0,0,NE,990901,21:18:48,21:18:57,9,0:00:00,0:00:00,0,AGENT,21:18:56,21:19:00,4,MORIAH
AA0109,39626,0,0,PS,990901,21:41:26,21:41:40,14,0:00:00,0:00:00,0,AGENT,21:41:40,21:43:15,95,BENSION
AA0109,39627,0,0,NW,990901,21:58:58,21:59:14,16,0:00:00,0:00:00,0,AGENT,21:59:13,21:59:54,41,BENSION
AA0109,39628,16517435,1,PS,990901,22:14:51,22:14:57,6,22:14:57,22:17:37,160,AGENT,22:17:36,22:27:55,619,DARMON
AA0109,39629,0,0,PS,990901,22:41:36,22:41:49,13,0:00:00,0:00:00,0,AGENT,22:41:48,22:43:26,98,AVI
AA0109,39630,25461484,1,PS,990901,22:57:01,22:57:06,5,22:57:06,22:58:06,60,PHANTOM,22:58:05,22:58:11,6,NO_SERVER
AA0109,39631,32340168,1,PS,990901,23:24:33,23:24:39,6,23:24:39,23:25:08,29,AGENT,23:25:08,23:26:59,111,VICKY
AA0109,39632,33474602,2,PS,990901,23:51:24,23:51:30,6,23:51:30,23:52:08,38,HANG,0:00:00,0:00:00,0,NO_SERVER
AA0109,39633,28520088,2,PS,990902,7:27:25,7:27:30,5,7:27:30,7:28:07,37,AGENT,7:28:06,7:29:59,113,YIFAT
AA0109,39634,0,0,PS,990902,7:55:44,7:55:53,9,0:00:00,0:00:00,0,AGENT,7:55:52,7:56:00,8,STEREN
AA0109,39635,0,0,PS,990902,8:19:16,8:19:25,9,0:00:00,0:00:00,0,AGENT,8:19:24,8:20:51,87,TOVA
AA0109,39636,0,0,PS,990902,8:33:03,8:33:14,11,0:00:00,0:00:00,0,AGENT,8:33:13,8:36:31,198,ANAT
AA0109,39637,0,0,NW,990902,8:42:29,8:42:38,9,8:42:38,8:43:53,75,HANG,0:00:00,0:00:00,0,NO_SERVER
AA0109,39638,51190106,2,PS,990902,8:52:13,8:52:19,6,8:52:19,8:53:17,58,HANG,0:00:00,0:00:00,0,NO_SERVER
AA0109,39639,5088414,2,PS,990902,8:59:39,8:59:45,6,8:59:45,9:00:07,22,AGENT,9:00:05,9:04:30,265,STEREN
AA0109,39640,68851955,1,PS,990902,9:09:23,9:09:29,6,9:09:29,9:10:23,54,AGENT,9:10:22,9:12:48,146,ZOHARI
AA0109,39641,53636924,2,PS,990902,9:24:10,9:24:15,5,9:24:15,9:24:37,22,AGENT,9:24:35,9:26:25,110,MORIAH
AA0109,39642,1136894,2,PS,990902,9:35:12,9:35:18,6,9:35:18,9:36:13,55,AGENT,9:36:12,9:36:50,38,MORIAH
AA0109,39643,33474602,2,PS,990902,9:44:13,9:44:19,6,9:44:19,9:44:47,28,HANG,0:00:00,0:00:00,0,NO_SERVER
AA0109,39644,29482635,1,PS,990902,9:51:33,9:51:38,5,9:51:38,9:53:24,106,AGENT,9:53:23,9:54:50,87,ANAT
AA0109,39645,0,0,PS,990902,10:01:41,10:01:52,11,0:00:00,0:00:00,0,AGENT,10:01:50,10:02:46,56,ANAT
AA0109,39646,0,0,NW,990902,10:11:24,10:11:34,10,10:11:34,10:18:02,388,AGENT,10:18:00,10:20:12,132,STEREN
AA0109,39647,0,0,NW,990902,10:22:08,10:22:10,2,0:00:00,0:00:00,0,HANG,0:00:00,0:00:00,0,NO_SERVER
AA0109,39648,50078823,2,PS,990902,10:26:18,10:26:24,6,10:26:24,10:27:00,36,AGENT,10:26:58,10:39:03,725,ANAT
AA0109,39649,0,0,NW,990902,10:32:28,10:32:37,9,10:32:37,10:34:21,104,HANG,0:00:00,0:00:00,0,NO_SERVER
AA0109,39650,0,0,NW,990902,10:38:37,10:38:46,9,10:38:46,10:39:20,34,HANG,0:00:00,0:00:00,0,NO_SERVER
AA0109,39651,64599525,1,PS,990902,10:42:36,10:42:41,5,10:42:41,10:43:46,65,HANG,0:00:00,0:00:00,0,NO_SERVER
AA0109,39652,25684036,1,PS,990902,10:47:34,10:47:40,6,10:47:40,10:50:24,164,HANG,0:00:00,0:00:00,0,NO_SERVER
AA0109,39653,15239874,2,PS,990902,10:57:13,10:57:18,5,10:57:18,10:59:23,125,AGENT,10:59:22,11:00:10,48,ANAT
AA0109,39654,52031556,2,PS,990902,11:05:24,11:05:30,6,11:05:30,11:05:38,8,HANG,0:00:00,0:00:00,0,NO_SERVER
AA0109,39655,1043249,2,PS,990902,11:10:35,11:10:40,5,11:10:40,11:13:34,174,AGENT,11:13:32,11:16:50,198,DARMON
AA0109,39656,64445208,2,PS,990902,11:19:13,11:19:19,6,11:19:19,11:19:23,4,AGENT,11:19:22,11:20:27,65,DARMON
AA0109,39657,52031556,2,PS,990902,11:26:14,11:26:19,5,11:26:19,11:26:58,39,AGENT,11:26:57,11:27:05,8,MORIAH
AA0109,39658,63611537,2,PS,990902,11:31:29,11:31:35,6,11:31:35,11:34:29,174,AGENT,11:34:28,11:34:30,2,MORIAH
AA0109,39659,0,0,PS,990902,11:42:36,11:50:37,481,0:00:00,0:00:00,0,HANG,0:00:00,0:00:00,0,NO_SERVER
AA0109,39660,33151754,1,PS,990902,12:05:02,12:05:07,5,12:05:07,12:06:52,105,AGENT,12:06:51,12:07:50,59,STEREN
AA0109,39661,0,0,NE,990902,12:15:26,12:15:39,13,0:00:00,0:00:00,0,AGENT,12:15:38,12:18:19,161,TOVA
AA0109,39662,38719860,2,PS,990902,12:25:34,12:25:39,5,12:25:39,12:25:59,20,AGENT,12:25:57,12:26:47,50,ANAT
AA0109,39663,57831356,2,NE,990902,12:37:57,12:38:03,6,12:38:03,12:38:36,33,AGENT,12:38:35,12:41:31,176,ROTH
AA0109,39664,0,0,PS,990902,12:45:32,12:45:43,11,0:00:00,0:00:00,0,AGENT,12:45:41,13:01:38,957,KAZAV
AA0109,39665,0,0,PS,990902,12:54:01,12:54:11,10,0:00:00,0:00:00,0,AGENT,12:54:11,12:57:50,219,TOVA
AA0109,39666,28716413,2,PS,990902,13:04:47,13:04:52,5,13:04:52,13:05:05,13,AGENT,13:05:04,13:06:44,100,STEREN
AA0109,39667,0,0,PS,990902,13:15:31,13:15:40,9,0:00:00,0:00:00,0,AGENT,13:15:39,13:17:31,112,STEREN
AA0109,39668,307667170,1,PS,990902,13:22:22,13:22:28,6,13:22:28,13:24:33,125,AGENT,13:24:32,13:26:07,95,ZOHARI
AA0109,39669,2238632,1,PS,990902,13:35:59,13:36:05,6,13:36:05,13:36:11,6,AGENT,13:36:10,13:37:41,91,STEREN
AA0109,39670,0,0,PS,990902,13:50:07,13:50:15,8,0:00:00,0:00:00,0,AGENT,13:50:14,13:50:58,44,KAZAV
AA0109,39671,63193346,2,PS,990902,14:00:28,14:00:34,6,14:00:34,14:00:53,19,AGENT,14:00:52,14:02:19,87,ZOHARI
AA0109,39672,0,0,PS,990902,14:09:59,14:10:08,9,0:00:00,0:00:00,0,AGENT,14:10:07,14:11:47,100,STEREN
AA0109,39673,0,0,NW,990902,14:21:50,14:21:59,9,14:21:59,14:23:42,103,HANG,0:00:00,0:00:00,0,NO_SERVER
AA0109,39674,31893779,1,PS,990902,14:31:02,14:31:08,6,14:31:08,14:33:39,151,AGENT,14:33:39,14:36:11,152,ZOHARI
AA0109,39675,33346792,1,PS,990902,14:40:43,14:40:49,6,14:40:49,14:41:39,50,AGENT,14:41:39,14:42:33,54,KAZAV
AA0109,39676,27995489,2,PS,990902,14:51:39,14:51:44,5,14:51:44,14:52:21,37,AGENT,14:52:20,14:52:22,2,MORIAH
AA0109,39677,0,0,NW,990902,15:00:44,15:00:53,9,15:00:53,15:03:50,177,HANG,0:00:00,0:00:00,0,NO_SERVER
AA0109,39678,13000567,2,PS,990902,15:15:09,15:15:14,5,15:15:14,15:17:25,131,AGENT,15:17:24,15:18:07,43,ZOHARI
AA0109,39679,63193346,2,PS,990902,15:25:22,15:25:28,6,15:25:28,15:28:40,192,AGENT,15:28:39,15:31:44,185,ZOHARI
AA0109,39680,52120771,1,NE,990902,15:39:56,15:40:02,6,15:40:02,15:46:20,378,AGENT,15:46:19,15:48:14,115,BASCH
AA0109,39681,35739622,1,PS,990902,15:51:27,15:51:32,5,15:51:32,15:54:13,161,AGENT,15:54:12,15:56:21,129,KAZAV
AA0109,39682,0,0,NW,990902,16:03:08,16:03:18,10,16:03:18,16:03:34,16,HANG,0:00:00,0:00:00,0,NO_SERVER
AA0109,39683,32175473,2,PS,990902,16:10:42,16:10:48,6,16:10:48,16:12:57,129,AGENT,16:12:56,16:14:31,95,BASCH
AA0109,39684,32254872,1,PS,990902,16:20:16,16:20:21,5,16:20:21,16:22:06,105,HANG,0:00:00,0:00:00,0,NO_SERVER
AA0109,39685,33823618,1,PS,990902,16:28:19,16:28:24,5,16:28:24,16:32:10,226,AGENT,16:32:09,16:33:56,107,BASCH
AA0109,39686,14504765,2,PS,990902,16:39:39,16:39:44,5,16:39:44,16:39:59,15,AGENT,16:39:58,16:42:52,174,BASCH
AA0109,39687,0,0,NW,990902,16:47:41,16:47:50,9,16:47:50,16:51:56,246,AGENT,16:51:55,16:52:57,62,VICKY
AA0109,39688,10634848,1,NE,990902,17:03:49,17:03:54,5,17:03:54,17:04:39,45,HANG,0:00:00,0:00:00,0,NO_SERVER
AA0109,39689,56398498,2,PS,990902,17:14:02,17:14:08,6,17:14:08,17:14:52,44,HANG,0:00:00,0:00:00,0,NO_SERVER
AA0109,39690,0,0,NW,990902,17:21:46,17:21:56,10,17:21:56,17:22:32,36,AGENT,17:22:31,17:29:18,407,PINHAS
AA0109,39691,0,0,NW,990902,17:34:49,17:34:58,9,17:34:58,17:35:24,26,HANG,0:00:00,0:00:00,0,NO_SERVER
AA0109,39692,7191646,2,NE,990902,17:41:35,17:41:40,5,17:41:40,17:42:50,70,AGENT,17:42:50,17:49:51,421,VICKY
AA0109,39693,0,0,NW,990902,17:57:23,17:57:33,10,17:57:33,17:58:56,83,AGENT,17:58:56,17:58:56,0,AVI
AA0109,39694,59630624,1,NE,990902,18:04:18,18:04:23,5,18:04:23,18:04:43,20,AGENT,18:04:42,18:14:46,604,AVI
AA0109,39695,53357307,2,PS,990902,18:17:38,18:17:44,6,18:17:44,18:18:03,19,AGENT,18:18:02,18:19:09,67,VICKY
AA0109,39696,9730748,1,PS,990902,18:43:01,18:43:07,6,18:43:07,18:44:47,100,AGENT,18:44:45,18:47:27,162,AVI
AA0109,39697,57070534,2,PS,990902,18:53:25,18:53:31,6,18:53:31,18:54:19,48,HANG,0:00:00,0:00:00,0,NO_SERVER
AA0109,39698,24947061,2,PS,990902,19:00:02,19:00:07,5,19:00:07,19:01:11,64,HANG,0:00:00,0:00:00,0,NO_SERVER
AA0109,39699,0,0,NW,990902,19:13:22,19:13:35,13,0:00:00,0:00:00,0,AGENT,19:13:34,19:14:21,47,AVI
AA0109,39700,0,0,PS,990902,19:28:14,19:28:28,14,0:00:00,0:00:00,0,AGENT,19:28:27,19:30:41,134,BASCH
AA0109,39701,0,0,NE,990902,19:56:40,19:56:50,10,0:00:00,0:00:00,0,AGENT,19:56:49,19:59:51,182,BASCH
AA0109,39702,0,0,PS,990902,20:14:17,20:14:32,15,0:00:00,0:00:00,0,AGENT,20:14:32,20:16:03,91,MEIR
AA0109,39703,25115155,1,PS,990902,20:38:03,20:38:08,5,20:38:08,20:41:21,193,AGENT,20:41:21,20:42:30,69,MEIR
AA0109,39704,0,0,PS,990902,20:50:55,20:51:07,12,0:00:00,0:00:00,0,AGENT,20:51:07,20:53:40,153,MEIR
AA0109,39705,0,0,NW,990902,21:19:31,21:20:06,35,0:00:00,0:00:00,0,AGENT,21:20:05,21:21:20,75,VICKY
AA0109,39706,0,0,NE,990902,21:39:08,21:39:18,10,0:00:00,0:00:00,0,AGENT,21:39:17,21:41:21,124,AVI
AA0109,39707,0,0,PS,990902,22:19:58,22:20:12,14,0:00:00,0:00:00,0,AGENT,22:20:11,22:22:38,147,VICKY
AA0109,39708,0,0,PS,990902,22:53:42,22:53:51,9,0:00:00,0:00:00,0,AGENT,22:53:50,22:56:01,131,AVI
AA0109,39709,0,0,PS,990902,23:19:40,23:19:53,13,0:00:00,0:00:00,0,AGENT,23:19:52,23:20:48,56,BASCH
AA0109,39710,0,0,PS,990902,23:39:43,23:39:54,11,0:00:00,0:00:00,0,AGENT,23:39:53,23:44:58,305,AVI
AA0109,39711,0,0,NW,990903,1:20:23,1:21:01,38,0:00:00,0:00:00,0,HANG,0:00:00,0:00:00,0,NO_SERVER
AA0109,39712,0,0,PS,990903,7:04:04,7:04:46,42,0:00:00,0:00:00,0,HANG,0:00:00,0:00:00,0,NO_SERVER
AA0109,39713,0,0,NW,990903,7:19:46,7:20:05,19,0:00:00,0:00:00,0,AGENT,7:20:04,7:20:39,35,ZOHARI
AA0109,39714,0,0,PS,990903,7:41:19,7:41:32,13,0:00:00,0:00:00,0,AGENT,7:41:30,7:44:19,169,STEREN
AA0109,39715,0,0,NW,990903,7:55:31,7:55:44,13,0:00:00,0:00:00,0,AGENT,7:55:43,7:56:38,55,MORIAH
AA0109,39716,0,0,PS,990903,8:11:04,8:11:13,9,0:00:00,0:00:00,0,AGENT,8:11:12,8:13:07,115,BASCH
AA0109,39717,0,0,PS,990903,8:19:31,8:19:40,9,0:00:00,0:00:00,0,AGENT,8:19:39,8:24:37,298,ROTH
AA0109,39718,0,0,PS,990903,8:34:59,8:35:15,16,0:00:00,0:00:00,0,AGENT,8:35:13,8:35:51,38,BENSION
AA0109,39719,0,0,PS,990903,8:45:53,8:46:03,10,0:00:00,0:00:00,0,AGENT,8:46:02,8:48:02,120,ELI
AA0109,39720,23510530,2,PS,990903,8:53:46,8:53:53,7,8:53:53,8:54:12,19,AGENT,8:54:11,8:55:20,69,MORIAH
AA0109,39721,0,0,NW,990903,9:01:24,9:01:36,12,0:00:00,0:00:00,0,AGENT,9:01:36,9:05:48,252,STEREN
AA0109,39722,0,0,NW,990903,9:17:35,9:17:49,14,0:00:00,0:00:00,0,AGENT,9:17:48,9:18:47,59,ROTH
AA0109,39723,0,0,NW,990903,9:25:23,9:25:33,10,9:25:33,9:26:16,43,HANG,0:00:00,0:00:00,0,NO_SERVER
AA0109,39724,0,0,PS,990903,9:39:29,9:39:39,10,0:00:00,0:00:00,0,AGENT,9:39:38,9:41:03,85,BENSION
AA0109,39725,0,0,NW,990903,9:52:38,9:52:47,9,9:52:47,9:53:52,65,AGENT,9:53:52,9:55:47,115,BENSION
AA0109,39726,22217392,2,PS,990903,10:01:32,10:01:38,6,10:01:38,10:02:11,33,AGENT,10:02:10,10:02:14,4,MORIAH
AA0109,39727,0,0,PS,990903,10:14:15,10:14:24,9,0:00:00,0:00:00,0,AGENT,10:14:23,10:15:35,72,ROTH
AA0109,39728,0,0,NW,990903,10:26:51,10:27:00,9,10:27:00,10:30:15,195,AGENT,10:30:15,10:30:21,6,MORIAH
AA0109,39729,3744216,2,PS,990903,10:35:53,10:35:59,6,10:35:59,10:37:10,71,AGENT,10:37:09,10:44:49,460,ELI
AA0109,39730,33965351,1,PS,990903,10:43:50,10:43:56,6,10:43:56,10:44:07,11,AGENT,10:44:06,10:44:35,29,BASCH
AA0109,39731,32783698,1,PS,990903,10:55:46,10:55:51,5,10:55:51,10:57:24,93,AGENT,10:57:23,10:59:25,122,MORIAH
AA0109,39732,37649936,2,PS,990903,11:14:05,11:14:10,5,11:14:10,11:14:22,12,AGENT,11:14:21,11:17:14,173,BENSION
AA0109,39733,0,0,NW,990903,11:26:40,11:26:50,10,11:26:50,11:28:29,99,AGENT,11:28:28,11:28:39,11,MORIAH
AA0109,39734,0,0,PS,990903,11:43:40,11:43:49,9,0:00:00,0:00:00,0,AGENT,11:43:48,11:44:41,53,BASCH
AA0109,39735,28767473,1,PS,990903,12:03:03,12:03:09,6,12:03:09,12:04:19,70,AGENT,12:04:18,12:08:33,255,ELI
AA0109,39736,0,0,NW,990903,12:22:56,12:23:09,13,0:00:00,0:00:00,0,AGENT,12:23:08,12:23:50,42,ZOHARI
AA0109,39737,0,0,NW,990903,12:35:51,12:36:00,9,12:36:00,12:37:34,94,AGENT,12:37:33,12:37:46,13,ROTH
AA0109,39738,58704610,2,PS,990903,12:56:39,12:56:45,6,12:56:45,12:57:06,21,AGENT,12:57:05,12:58:29,84,BENSION
AA0109,39739,0,0,PS,990903,13:20:07,13:20:22,15,0:00:00,0:00:00,0,AGENT,13:20:21,13:21:49,88,ZOHARI
AA0109,39740,0,0,PS,990903,13:47:20,13:47:34,14,0:00:00,0:00:00,0,AGENT,13:47:33,13:53:25,352,ELI
AA0109,39741,0,0,PS,990903,14:18:07,14:18:17,10,0:00:00,0:00:00,0,HANG,0:00:00,0:00:00,0,NO_SERVER
AA0109,39742,0,0,PS,990903,14:52:46,14:53:08,22,0:00:00,0:00:00,0,HANG,0:00:00,0:00:00,0,NO_SERVER
AA0109,39743,0,0,PS,990903,16:00:54,16:01:18,24,0:00:00,0:00:00,0,HANG,0:00:00,0:00:00,0,NO_SERVER
AA0109,39744,0,0,NW,990903,17:10:51,17:11:07,16,0:00:00,0:00:00,0,HANG,0:00:00,0:00:00,0,NO_SERVER
AA0109,39745,0,0,NW,990904,10:17:00,10:17:38,38,0:00:00,0:00:00,0,HANG,0:00:00,0:00:00,0,NO_SERVER
AA0109,39746,0,0,PS,990904,19:30:27,19:30:46,19,0:00:00,0:00:00,0,HANG,0:00:00,0:00:00,0,NO_SERVER
AA0109,39747,0,0,PS,990904,20:04:59,20:05:10,11,0:00:00,0:00:00,0,AGENT,20:05:09,20:06:09,60,ZOHARI
AA0109,39748,65575086,2,PS,990904,20:20:53,20:20:58,5,20:20:58,20:21:02,4,AGENT,20:21:02,20:22:09,67,SHARON
AA0109,39749,59630624,1,NE,990904,20:32:08,20:32:14,6,20:32:14,20:32:19,5,AGENT,20:32:18,20:34:06,108,ZOHARI
AA0109,39750,0,0,PS,990904,20:45:11,20:45:20,9,0:00:00,0:00:00,0,AGENT,20:45:19,20:45:56,37,ZOHARI
AA0109,39751,0,0,PS,990904,21:04:09,21:04:19,10,0:00:00,0:00:00,0,AGENT,21:04:18,21:06:33,135,ZOHARI
AA0109,39752,0,0,PS,990904,21:37:18,21:37:28,10,0:00:00,0:00:00,0,AGENT,21:37:28,21:40:23,175,BASCH
AA0109,39753,0,0,NW,990904,22:01:59,22:02:11,12,0:00:00,0:00:00,0,AGENT,22:02:10,22:06:22,252,BASCH
AA0109,39754,0,0,NW,990904,22:34:37,22:34:49,12,0:00:00,0:00:00,0,AGENT,22:34:49,22:35:08,19,SHARON
AA0109,39755,0,0,NW,990904,23:08:23,23:08:41,18,0:00:00,0:00:00,0,AGENT,23:08:40,23:09:19,39,SHARON
AA0109,39756,0,0,NW,990905,0:24:56,0:25:33,37,0:00:00,0:00:00,0,HANG,0:00:00,0:00:00,0,NO_SERVER
AA0109,39757,22131072,2,PS,990905,7:14:03,7:14:08,5,7:14:08,7:15:00,52,AGENT,7:14:59,7:16:00,61,ANAT
AA0109,39758,69137537,1,PS,990905,7:31:18,7:31:23,5,7:31:23,7:33:13,110,AGENT,7:33:12,7:34:02,50,ANAT
AA0109,39759,0,0,PS,990905,7:54:53,7:55:03,10,0:00:00,0:00:00,0,AGENT,7:55:03,7:56:06,63,DORIT
AA0109,39760,0,0,PS,990905,8:16:48,8:16:58,10,0:00:00,0:00:00,0,AGENT,8:16:57,8:18:16,79,ANAT
AA0109,39761,0,0,PS,990905,8:26:23,8:26:32,9,0:00:00,0:00:00,0,AGENT,8:26:31,8:29:24,173,STEREN
AA0109,39762,0,0,PS,990905,8:43:45,8:44:00,15,0:00:00,0:00:00,0,AGENT,8:43:58,8:45:44,106,AVI
AA0109,39763,0,0,PS,990905,8:54:17,8:54:38,21,0:00:00,0:00:00,0,AGENT,8:54:37,8:56:11,94,AVI
AA0109,39764,23004922,1,PS,990905,9:09:30,9:09:36,6,9:09:36,9:10:54,78,HANG,9:10:54,9:10:58,4,NO_SERVER
AA0109,39765,57253494,1,PS,990905,9:16:35,9:16:40,5,9:16:40,9:16:47,7,AGENT,9:16:46,9:21:49,303,ANAT
AA0109,39766,304767486,2,PS,990905,9:25:49,9:25:54,5,9:25:54,9:27:11,77,AGENT,9:27:11,9:28:53,102,NAAMA
AA0109,39767,5088414,2,PS,990905,9:33:43,9:33:49,6,9:33:49,9:34:29,40,AGENT,9:34:27,9:37:16,169,ZOHARI
AA0109,39768,58232042,1,PS,990905,9:44:13,9:44:19,6,9:44:19,9:46:38,139,AGENT,9:46:38,9:49:03,145,ANAT
AA0109,39769,8962094,2,NE,990905,9:53:00,9:53:06,6,9:53:06,9:53:54,48,AGENT,9:53:53,9:55:29,96,AVI
AA0109,39770,26680769,1,PS,990905,10:00:36,10:00:42,6,10:00:42,10:00:58,16,HANG,0:00:00,0:00:00,0,NO_SERVER
AA0109,39771,57831356,2,NE,990905,10:06:48,10:06:53,5,10:06:53,10:10:21,208,AGENT,10:10:20,10:14:55,275,ELI
AA0109,39772,25124181,2,NE,990905,10:16:13,10:16:19,6,10:16:19,10:17:13,54,AGENT,10:17:12,10:21:27,255,ROTH
AA0109,39773,25192089,1,PS,990905,10:24:56,10:25:02,6,10:25:02,10:28:02,180,AGENT,10:28:02,10:28:38,36,DORIT
AA0109,39774,52146842,1,PS,990905,10:34:30,10:34:36,6,10:34:36,10:35:51,75,AGENT,10:35:49,10:38:08,139,ANAT
AA0109,39775,41543000,2,PS,990905,10:40:10,10:40:16,6,10:40:16,10:45:17,301,AGENT,10:45:16,10:48:11,175,ROTH
AA0109,39777,0,0,PS,990905,10:49:56,10:49:56,0,0:00:00,0:00:00,0,HANG,0:00:00,0:00:00,0,NO_SERVER
AA0109,39778,25177403,2,PS,990905,10:54:10,10:54:16,6,10:54:16,10:54:16,0,HANG,0:00:00,0:00:00,0,NO_SERVER
AA0109,39779,34342162,1,PS,990905,10:59:10,10:59:15,5,10:59:15,11:02:00,165,HANG,0:00:00,0:00:00,0,NO_SERVER
AA0109,39780,69687275,2,PS,990905,11:05:16,11:05:21,5,11:05:21,11:09:37,256,AGENT,11:09:36,11:10:56,80,NAAMA
AA0109,39781,31469174,1,PS,990905,11:14:40,11:14:45,5,11:14:45,11:17:50,185,AGENT,11:17:49,11:19:58,129,ANAT
AA0109,39782,29474020,2,PS,990905,11:24:41,11:24:46,5,11:24:46,11:24:56,10,HANG,0:00:00,0:00:00,0,NO_SERVER
AA0109,39783,33151754,1,PS,990905,11:31:38,11:31:44,6,11:31:44,11:34:34,170,AGENT,11:34:33,11:36:35,122,AVI
AA0109,39784,0,0,NW,990905,11:41:02,11:41:11,9,11:41:11,11:42:17,66,HANG,0:00:00,0:00:00,0,NO_SERVER
AA0109,39785,0,0,PS,990905,11:53:35,11:53:45,10,0:00:00,0:00:00,0,AGENT,11:53:44,11:56:43,179,NAAMA
AA0109,39786,0,0,NE,990905,12:01:14,12:01:25,11,0:00:00,0:00:00,0,AGENT,12:01:23,12:19:26,1083,ELI
AA0109,39787,0,0,NE,990905,12:20:26,12:20:39,13,0:00:00,0:00:00,0,AGENT,12:20:38,12:23:27,169,ELI
AA0109,39788,24141004,2,PS,990905,12:31:34,12:31:40,6,12:31:40,12:31:40,0,HANG,0:00:00,0:00:00,0,NO_SERVER
AA0109,39789,58029430,1,PS,990905,12:39:41,12:39:47,6,12:39:47,12:40:03,16,AGENT,12:40:02,12:41:32,90,ROTH
AA0109,39790,27323427,1,PS,990905,12:50:38,12:50:43,5,12:50:43,12:52:16,93,HANG,0:00:00,0:00:00,0,NO_SERVER
AA0109,39791,313663411,1,PS,990905,13:04:27,13:04:33,6,13:04:33,13:06:53,140,HANG,0:00:00,0:00:00,0,NO_SERVER
AA0109,39792,51058493,2,PS,990905,13:15:04,13:15:10,6,13:15:10,13:16:35,85,AGENT,13:16:34,13:18:43,129,STEREN
AA0109,39793,78191137,2,PS,990905,13:23:49,13:23:55,6,13:23:55,13:24:07,12,AGENT,13:24:06,13:29:01,295,NAAMA
AA0109,39794,0,0,PS,990905,13:33:40,13:33:53,13,0:00:00,0:00:00,0,AGENT,13:33:52,13:35:37,105,ZOHARI
AA0109,39795,14264295,2,PS,990905,13:51:13,13:51:19,6,13:51:19,13:51:24,5,AGENT,13:51:23,13:55:21,238,DORIT
AA0109,39796,6.02157E+11,0,PS,990905,13:58:52,13:58:56,4,13:58:56,14:01:57,181,AGENT,14:01:56,14:05:03,187,MORIAH
AA0109,39797,0,0,PS,990905,14:12:02,14:12:11,9,0:00:00,0:00:00,0,AGENT,14:12:11,14:15:10,179,AVI
AA0109,39798,304765399,1,PS,990905,14:20:09,14:20:14,5,14:20:14,14:24:45,271,AGENT,14:24:44,14:24:50,6,MORIAH
AA0109,39799,23579550,1,PS,990905,14:32:41,14:32:46,5,14:32:46,14:33:16,30,HANG,0:00:00,0:00:00,0,NO_SERVER
AA0109,39800,57074585,2,PS,990905,14:42:24,14:42:29,5,14:42:29,14:42:36,7,AGENT,14:42:35,14:50:46,491,TOVA
AA0109,39801,28495828,1,PS,990905,14:52:04,14:52:10,6,14:52:10,14:52:28,18,HANG,0:00:00,0:00:00,0,NO_SERVER
AA0109,39802,28495828,1,PS,990905,14:57:19,14:57:25,6,14:57:25,14:58:18,53,HANG,0:00:00,0:00:00,0,NO_SERVER
AA0109,39803,0,0,PS,990905,15:02:57,15:03:06,9,15:03:06,15:09:53,407,PHANTOM,15:09:52,15:10:00,8,NO_SERVER
AA0109,39804,25670506,1,PS,990905,15:18:33,15:18:38,5,15:18:38,15:20:54,136,AGENT,15:20:53,15:24:40,227,BASCH
AA0109,39805,0,0,PS,990905,15:28:59,15:29:09,10,0:00:00,0:00:00,0,AGENT,15:29:08,15:33:39,271,ZOHARI
AA0109,39806,0,0,NW,990905,15:36:27,15:36:36,9,15:36:36,15:42:24,348,AGENT,15:42:23,15:43:33,70,BASCH
AA0109,39807,24207532,2,PS,990905,15:46:22,15:46:27,5,15:46:27,15:47:54,87,HANG,0:00:00,0:00:00,0,NO_SERVER
AA0109,39808,313663932,2,PS,990905,15:52:57,15:53:03,6,15:53:03,15:56:13,190,AGENT,15:56:12,15:56:14,2,MORIAH
AA0109,39809,52867744,2,PS,990905,15:59:07,15:59:12,5,15:59:12,16:02:22,190,AGENT,16:02:21,16:12:10,589,TOVA
AA0109,39810,29474020,2,PS,990905,16:07:06,16:07:11,5,16:07:11,16:07:20,9,HANG,0:00:00,0:00:00,0,NO_SERVER
AA0109,39811,0,0,NW,990905,16:10:54,16:11:03,9,16:11:03,16:11:25,22,HANG,0:00:00,0:00:00,0,NO_SERVER
AA0109,39812,0,0,NW,990905,16:13:50,16:13:59,9,16:13:59,16:14:10,11,HANG,0:00:00,0:00:00,0,NO_SERVER
AA0109,39813,0,0,NW,990905,16:18:02,16:18:11,9,16:18:11,16:23:21,310,AGENT,16:23:20,16:24:18,58,MORIAH
AA0109,39814,0,0,NW,990905,16:28:58,16:29:08,10,16:29:08,16:30:55,107,HANG,0:00:00,0:00:00,0,NO_SERVER
AA0109,39815,34188243,2,PS,990905,16:39:55,16:40:00,5,16:40:00,16:41:38,98,AGENT,16:41:38,16:43:41,123,TOVA
AA0109,39816,0,0,NW,990905,16:52:05,16:52:15,10,16:52:15,16:56:51,276,AGENT,16:56:50,16:59:54,184,MORIAH
AA0109,39817,59813717,2,PS,990905,17:03:32,17:03:38,6,17:03:38,17:03:47,9,AGENT,17:03:46,17:03:55,9,MORIAH
AA0109,39818,0,0,NE,990905,17:19:11,17:19:25,14,0:00:00,0:00:00,0,AGENT,17:19:24,17:21:28,124,TOVA
AA0109,39819,0,0,PS,990905,17:29:40,17:33:10,210,0:00:00,0:00:00,0,HANG,0:00:00,0:00:00,0,NO_SERVER
AA0109,39820,0,0,PS,990905,17:42:37,17:42:51,14,0:00:00,0:00:00,0,AGENT,17:42:50,17:45:42,172,TOVA
AA0109,39821,15504814,2,PS,990905,17:53:30,17:53:36,6,17:53:36,17:55:07,91,AGENT,17:55:06,17:57:16,130,VICKY
AA0109,39822,0,0,NW,990905,18:20:10,18:20:23,13,0:00:00,0:00:00,0,AGENT,18:20:22,18:25:23,301,VICKY
AA0109,39823,0,0,PS,990905,18:42:45,18:42:56,11,0:00:00,0:00:00,0,AGENT,18:42:55,18:43:36,41,VICKY
AA0109,39824,0,0,NW,990905,19:00:42,19:00:55,13,0:00:00,0:00:00,0,AGENT,19:00:54,19:01:41,47,MORIAH
AA0109,39825,29022514,2,PS,990905,19:27:42,19:27:48,6,19:27:48,19:28:47,59,AGENT,19:28:46,19:29:48,62,BASCH
AA0109,39826,0,0,NW,990905,19:44:44,19:44:54,10,19:44:54,19:44:54,0,HANG,0:00:00,0:00:00,0,NO_SERVER
AA0109,39827,0,0,PS,990905,20:45:30,20:45:46,16,0:00:00,0:00:00,0,AGENT,20:45:45,20:47:05,80,TOVA
AA0109,39828,50652734,1,PS,990905,21:18:13,21:18:19,6,21:18:19,21:19:23,64,AGENT,21:19:22,21:21:27,125,VICKY
AA0109,39829,27322833,2,PS,990905,21:42:57,21:43:03,6,21:43:03,21:43:14,11,AGENT,21:43:13,21:48:56,343,MORIAH
AA0109,39830,23740194,2,PS,990905,21:52:06,21:52:12,6,21:52:12,21:53:26,74,AGENT,21:53:26,21:54:42,76,BENSION
AA0109,39831,0,0,NW,990905,22:08:32,22:08:41,9,22:08:41,22:08:57,16,HANG,0:00:00,0:00:00,0,NO_SERVER
AA0109,39832,0,0,PS,990905,22:37:10,22:37:20,10,0:00:00,0:00:00,0,AGENT,22:37:19,22:41:25,246,BASCH
AA0109,39833,0,0,NW,990905,23:10:24,23:10:34,10,23:10:34,23:10:52,18,HANG,0:00:00,0:00:00,0,NO_SERVER
AA0109,39834,0,0,PS,990905,23:46:13,23:46:28,15,0:00:00,0:00:00,0,AGENT,23:46:27,23:47:30,63,BENSION
AA0109,39835,0,0,NE,990906,6:46:44,6:47:21,37,0:00:00,0:00:00,0,HANG,0:00:00,0:00:00,0,NO_SERVER
AA0109,39836,23866395,2,PS,990906,7:51:54,7:52:00,6,7:52:00,7:53:28,88,AGENT,7:53:28,7:54:19,51,SHARON
AA0109,39837,0,0,PS,990906,8:03:35,8:03:46,11,0:00:00,0:00:00,0,AGENT,8:03:45,8:07:19,214,TOVA
AA0109,39838,0,0,NW,990906,8:22:59,8:23:14,15,0:00:00,0:00:00,0,AGENT,8:23:12,8:23:32,20,SHARON
AA0109,39839,0,0,NW,990906,8:37:22,8:37:35,13,0:00:00,0:00:00,0,AGENT,8:37:34,8:48:36,662,ZOHARI
AA0109,39840,0,0,PS,990906,8:47:56,8:48:06,10,0:00:00,0:00:00,0,AGENT,8:48:05,8:48:07,2,TOVA
AA0109,39841,0,0,NW,990906,9:00:35,9:00:45,10,0:00:00,0:00:00,0,AGENT,9:00:46,9:01:02,16,NO_SERVER
AA0109,39842,0,0,PS,990906,9:08:52,9:09:01,9,0:00:00,0:00:00,0,AGENT,9:09:00,9:40:42,1902,DORIT
AA0109,39843,0,0,NW,990906,9:18:54,9:19:03,9,9:19:03,9:20:44,101,AGENT,9:20:43,9:22:02,79,SHARON
AA0109,39844,42477224,2,PS,990906,9:25:40,9:25:46,6,9:25:46,9:26:26,40,AGENT,9:26:25,9:27:07,42,SHARON
AA0109,39845,0,0,NW,990906,9:34:25,9:34:35,10,9:34:35,9:35:45,70,AGENT,9:35:43,9:37:01,78,SHARON
AA0109,39846,0,0,PS,990906,9:46:03,9:46:17,14,0:00:00,0:00:00,0,AGENT,9:46:16,9:57:47,691,ZOHARI
AA0109,39847,71520779,1,PS,990906,9:53:17,9:53:23,6,9:53:23,9:53:34,11,AGENT,9:53:33,10:09:04,931,MORIAH
AA0109,39848,51888345,2,PE,990906,10:01:44,10:01:49,5,10:01:49,10:03:29,100,HANG,0:00:00,0:00:00,0,NO_SERVER
AA0109,39849,59604033,2,PS,990906,10:08:38,10:08:43,5,10:08:43,10:08:58,15,HANG,0:00:00,0:00:00,0,NO_SERVER
AA0109,39850,0,0,NW,990906,10:13:33,10:13:43,10,10:13:43,10:16:36,173,HANG,0:00:00,0:00:00,0,NO_SERVER
AA0109,39851,14264295,2,PS,990906,10:21:55,10:22:01,6,10:22:01,10:22:07,6,AGENT,10:22:06,10:24:50,164,MORIAH
AA0109,39852,51293231,2,PS,990906,10:28:37,10:28:42,5,10:28:42,10:29:41,59,AGENT,10:29:39,10:31:22,103,YITZ
AA0109,39853,51458594,2,PS,990906,10:38:07,10:38:13,6,10:38:13,10:38:46,33,AGENT,10:38:45,10:39:28,43,TOVA
AA0109,39854,51953800,2,PS,990906,10:46:26,10:46:31,5,10:46:31,10:46:49,18,AGENT,10:46:48,10:51:16,268,TOVA
AA0109,39855,0,0,PS,990906,10:54:29,10:54:38,9,0:00:00,0:00:00,0,AGENT,10:54:38,10:56:20,102,ZOHARI
AA0109,39856,51549830,2,PS,990906,11:05:28,11:05:34,6,11:05:34,11:05:48,14,AGENT,11:05:47,11:07:28,101,ROTH
AA0109,39857,22715197,2,PS,990906,11:16:56,11:17:02,6,11:17:02,11:17:55,53,AGENT,11:17:55,11:19:41,106,BASCH
AA0109,39858,0,0,PS,990906,11:30:04,11:30:30,26,0:00:00,0:00:00,0,AGENT,11:30:29,11:31:19,50,BASCH
AA0109,39859,0,0,NE,990906,11:39:23,11:39:33,10,0:00:00,0:00:00,0,AGENT,11:39:32,11:44:46,314,TOVA
AA0109,39860,22868814,1,PS,990906,11:46:07,11:46:13,6,11:46:13,11:46:25,12,AGENT,11:46:24,11:48:38,134,TOVA
AA0109,39861,74780917,2,NE,990906,11:57:01,11:57:07,6,11:57:07,11:57:13,6,AGENT,11:57:12,11:59:39,147,YITZ
AA0109,39862,58704610,2,PS,990906,12:06:14,12:06:19,5,12:06:19,12:07:03,44,AGENT,12:07:02,12:09:32,150,TOVA
AA0109,39863,0,0,NW,990906,12:21:08,12:21:17,9,12:21:17,12:21:44,27,HANG,0:00:00,0:00:00,0,NO_SERVER
AA0109,39864,0,0,PS,990906,12:34:12,12:34:24,12,0:00:00,0:00:00,0,AGENT,12:34:22,12:45:20,658,DORIT
AA0109,39865,0,0,PS,990906,12:51:19,12:51:27,8,0:00:00,0:00:00,0,AGENT,12:51:27,12:53:59,152,DORIT
AA0109,39866,0,0,PS,990906,13:05:18,13:05:26,8,0:00:00,0:00:00,0,AGENT,13:05:26,13:07:19,113,BASCH
AA0109,39867,0,0,NE,990906,13:17:31,13:17:42,11,0:00:00,0:00:00,0,AGENT,13:17:41,13:21:33,232,TOVA
AA0109,39868,0,0,PS,990906,13:33:45,13:33:56,11,0:00:00,0:00:00,0,AGENT,13:33:54,13:34:00,6,ROTH
AA0109,39869,0,0,NE,990906,13:47:40,13:47:53,13,0:00:00,0:00:00,0,AGENT,13:47:52,13:55:16,444,ELI
AA0109,39870,54665682,2,PS,990906,13:58:40,13:58:46,6,13:58:46,13:59:14,28,AGENT,13:59:13,14:03:21,248,ROTH
AA0109,39871,54241443,2,NE,990906,14:10:51,14:10:57,6,14:10:57,14:11:15,18,AGENT,14:11:13,14:11:18,5,MORIAH
AA0109,39872,0,0,PS,990906,14:26:30,14:26:41,11,0:00:00,0:00:00,0,AGENT,14:26:41,14:30:19,218,BASCH
AA0109,39873,0,0,NW,990906,14:36:35,14:36:44,9,14:36:44,14:37:01,17,AGENT,14:37:00,14:39:25,145,BASCH
AA0109,39874,0,0,PS,990906,14:44:39,14:44:51,12,0:00:00,0:00:00,0,AGENT,14:44:50,14:46:39,109,ZOHARI
AA0109,39875,58232042,1,PS,990906,14:56:03,14:56:09,6,14:56:09,14:57:46,97,AGENT,14:57:46,15:01:59,253,ANAT
AA0109,39876,56765985,2,PS,990906,15:10:01,15:10:06,5,15:10:06,15:10:23,17,AGENT,15:10:23,15:10:33,10,STEREN
AA0109,39877,57442600,2,PS,990906,15:23:51,15:23:56,5,15:23:56,15:24:08,12,HANG,0:00:00,0:00:00,0,NO_SERVER
AA0109,39878,50613553,1,PS,990906,15:32:35,15:32:41,6,15:32:41,15:32:55,14,AGENT,15:32:54,15:36:39,225,ROTH
AA0109,39879,59630624,1,NE,990906,15:44:41,15:44:46,5,15:44:46,15:46:04,78,AGENT,15:46:03,15:46:53,50,DARMON
AA0109,39880,0,0,PS,990906,16:01:41,16:01:51,10,0:00:00,0:00:00,0,AGENT,16:01:50,16:03:03,73,ROTH
AA0109,39881,33583436,1,PS,990906,16:13:15,16:13:21,6,16:13:21,16:13:36,15,AGENT,16:13:35,16:13:56,21,ROTH
AA0109,39882,0,0,NW,990906,16:31:49,16:31:58,9,16:31:58,16:32:28,30,AGENT,16:32:28,16:33:32,64,ROTH
AA0109,39883,0,0,PS,990906,16:49:11,16:49:20,9,0:00:00,0:00:00,0,AGENT,16:49:19,16:50:44,85,VICKY
AA0109,39884,9128869,2,PS,990906,17:07:54,17:08:00,6,17:08:00,17:10:11,131,AGENT,17:10:09,17:14:12,243,GELBER
AA0109,39885,22263115,2,PS,990906,17:24:31,17:24:37,6,17:24:37,17:27:18,161,HANG,0:00:00,0:00:00,0,NO_SERVER
AA0109,39886,28962520,2,PS,990906,17:50:23,17:50:29,6,17:50:29,17:50:40,11,AGENT,17:50:39,17:51:16,37,VICKY
AA0109,39887,25617416,1,PS,990906,18:17:20,18:17:41,21,18:17:41,18:18:07,26,AGENT,18:18:06,18:21:57,231,MEIR
AA0109,39888,0,0,PS,990906,18:33:00,18:33:10,10,0:00:00,0:00:00,0,AGENT,18:33:09,18:34:47,98,STEREN
AA0109,39889,0,0,NE,990906,18:53:36,18:53:49,13,0:00:00,0:00:00,0,AGENT,18:53:47,18:58:05,258,VICKY
AA0109,39890,0,0,PS,990906,19:21:06,19:21:20,14,0:00:00,0:00:00,0,AGENT,19:21:19,19:22:33,74,VICKY
AA0109,39891,27976802,2,PS,990906,19:49:07,19:49:12,5,19:49:12,19:49:30,18,HANG,0:00:00,0:00:00,0,NO_SERVER
AA0109,39892,57451726,2,PS,990906,20:20:53,20:20:58,5,20:20:58,20:21:06,8,AGENT,20:21:05,20:23:01,116,STEREN
AA0109,39893,27490820,2,PS,990906,20:44:30,20:44:36,6,20:44:36,20:46:53,137,AGENT,20:46:51,20:51:30,279,STEREN
AA0109,39894,0,0,PS,990906,21:05:35,21:05:43,8,0:00:00,0:00:00,0,AGENT,21:05:43,21:12:47,424,VICKY
AA0109,39895,0,0,NE,990906,21:27:23,21:27:35,12,0:00:00,0:00:00,0,AGENT,21:27:34,21:28:58,84,VICKY
AA0109,39896,32387482,1,PS,990906,21:47:57,21:48:03,6,21:48:03,21:48:17,14,AGENT,21:48:15,21:48:44,29,VICKY
AA0109,39897,25246380,2,PS,990906,22:14:59,22:15:04,5,22:15:04,22:15:55,51,AGENT,22:15:55,22:21:33,338,GILI
AA0109,39898,0,0,NE,990906,23:05:25,23:05:38,13,0:00:00,0:00:00,0,AGENT,23:05:37,23:06:41,64,VICKY
AA0109,39899,0,0,PS,990906,23:48:54,23:49:02,8,0:00:00,0:00:00,0,AGENT,23:49:02,23:50:07,65,GILI
AA0109,39900,0,0,NW,990907,7:09:12,7:09:22,10,0:00:00,0:00:00,0,AGENT,7:09:25,7:09:49,24,NO_SERVER
AA0109,39901,13680327,2,PS,990907,7:50:04,7:50:10,6,7:50:10,7:50:30,20,AGENT,7:50:29,7:51:37,68,YIFAT
AA0109,39902,0,0,PS,990907,8:14:39,8:14:48,9,0:00:00,0:00:00,0,AGENT,8:14:46,8:15:38,52,AVI
AA0109,39903,0,0,PS,990907,8:33:27,8:33:38,11,0:00:00,0:00:00,0,AGENT,8:33:36,8:37:27,231,BASCH
AA0109,39904,0,0,PS,990907,8:49:27,8:49:37,10,0:00:00,0:00:00,0,AGENT,8:49:35,8:52:27,172,TOVA
AA0109,39905,35796002,1,PS,990907,8:56:34,8:56:39,5,8:56:39,8:58:57,138,PHANTOM,8:58:57,8:59:02,5,NO_SERVER
AA0109,39906,0,0,PS,990907,9:08:27,9:08:36,9,0:00:00,0:00:00,0,AGENT,9:08:35,9:09:25,50,AVI
AA0109,39907,0,0,PS,990907,9:26:05,9:26:16,11,0:00:00,0:00:00,0,AGENT,9:26:15,9:30:03,228,TOVA
AA0109,39908,30442495,2,PS,990907,9:33:18,9:33:23,5,9:33:23,9:33:42,19,AGENT,9:33:41,9:45:12,691,BASCH
AA0109,39909,0,0,PS,990907,9:48:43,9:48:56,13,0:00:00,0:00:00,0,AGENT,9:48:55,9:55:34,399,TOVA
AA0109,39910,0,0,NE,990907,10:03:22,10:03:32,10,0:00:00,0:00:00,0,AGENT,10:03:31,10:18:18,887,MORIAH
AA0109,39911,6387088,2,PS,990907,10:14:36,10:14:42,6,10:14:42,10:14:54,12,HANG,0:00:00,0:00:00,0,NO_SERVER
AA0109,39912,54128681,2,PS,990907,10:22:38,10:22:43,5,10:22:43,10:23:24,41,AGENT,10:23:23,10:26:51,208,AVI
AA0109,39913,0,0,PS,990907,10:35:46,10:35:59,13,0:00:00,0:00:00,0,AGENT,10:35:58,10:44:26,508,TOVA
AA0109,39914,0,0,PS,990907,10:48:43,10:48:53,10,0:00:00,0:00:00,0,AGENT,10:48:53,10:50:23,90,MORIAH
AA0109,39915,51929339,2,PS,990907,10:58:04,10:58:10,6,10:58:10,10:58:35,25,PHANTOM,10:58:13,11:00:39,146,NO_SERVER
AA0109,39916,57948051,2,PS,990907,11:11:01,11:11:07,6,11:11:07,11:12:04,57,AGENT,11:12:03,11:12:45,42,AVI
AA0109,39917,55279970,2,NE,990907,11:20:55,11:21:00,5,11:21:00,11:22:38,98,AGENT,11:22:37,11:27:51,314,TOVA
AA0109,39918,22263115,2,PS,990907,11:33:51,11:33:57,6,11:33:57,11:35:53,116,HANG,0:00:00,0:00:00,0,NO_SERVER
AA0109,39919,56765985,2,PS,990907,11:42:19,11:42:24,5,11:42:24,11:44:09,105,AGENT,11:44:09,11:46:17,128,BASCH
AA0109,39920,0,0,NW,990907,11:51:55,11:52:05,10,11:52:05,11:53:36,91,HANG,0:00:00,0:00:00,0,NO_SERVER
AA0109,39921,0,0,NW,990907,12:03:29,12:03:38,9,12:03:38,12:06:13,155,AGENT,12:06:12,12:14:29,497,AVI
AA0109,39922,56071020,1,PS,990907,12:20:52,12:20:58,6,12:20:58,12:21:44,46,HANG,0:00:00,0:00:00,0,NO_SERVER
AA0109,39923,12482634,2,NE,990907,12:30:01,12:30:06,5,12:30:06,12:30:30,24,AGENT,12:30:29,12:32:59,150,VICKY
AA0109,39924,0,0,NW,990907,12:48:12,12:48:22,10,12:48:22,12:49:59,97,AGENT,12:49:58,12:51:04,66,AVI
AA0109,39925,0,0,PS,990907,13:06:55,13:07:06,11,0:00:00,0:00:00,0,AGENT,13:07:05,13:10:52,227,AVI
AA0109,39926,32426736,1,PS,990907,13:19:43,13:19:48,5,13:19:48,13:21:31,103,AGENT,13:21:30,13:23:54,144,TOVA
AA0109,39927,0,0,NE,990907,13:41:11,13:41:21,10,0:00:00,0:00:00,0,AGENT,13:41:20,13:42:05,45,AVI
AA0109,39928,14995666,2,PS,990907,13:58:24,13:58:30,6,13:58:30,13:58:52,22,AGENT,13:58:51,14:02:39,228,VICKY
AA0109,39929,0,0,PS,990907,14:11:06,14:11:16,10,0:00:00,0:00:00,0,AGENT,14:11:14,14:12:37,83,BASCH
AA0109,39930,0,0,PS,990907,14:28:05,14:28:16,11,0:00:00,0:00:00,0,AGENT,14:28:15,14:29:11,56,STEREN
AA0109,39931,53494142,2,PS,990907,14:36:26,14:36:32,6,14:36:32,14:37:45,73,AGENT,14:37:43,14:37:44,1,AVI
AA0109,39932,78191137,2,PS,990907,14:45:56,14:46:01,5,14:46:01,14:46:26,25,HANG,0:00:00,0:00:00,0,NO_SERVER
AA0109,39933,6420236,2,PS,990907,14:54:29,14:54:36,7,14:54:36,14:54:44,8,AGENT,14:54:43,15:07:08,745,ROTH
AA0109,39934,15239874,2,PS,990907,15:08:12,15:08:18,6,15:08:18,15:09:19,61,AGENT,15:09:19,15:10:32,73,STEREN
AA0109,39935,27490820,2,PS,990907,15:19:14,15:19:20,6,15:19:20,15:20:51,91,AGENT,15:20:50,15:22:55,125,DORIT
AA0109,39936,0,0,NW,990907,15:30:46,15:30:55,9,15:30:55,15:34:15,200,AGENT,15:34:14,15:35:52,98,STEREN
AA0109,39937,0,0,PS,990907,15:44:54,15:45:08,14,0:00:00,0:00:00,0,AGENT,15:45:06,15:50:13,307,STEREN
AA0109,39938,0,0,PS,990907,15:59:30,15:59:43,13,0:00:00,0:00:00,0,AGENT,15:59:43,16:02:22,159,STEREN
AA0109,39939,0,0,NW,990907,16:07:50,16:07:59,9,16:07:59,16:08:14,15,HANG,0:00:00,0:00:00,0,NO_SERVER
AA0109,39940,0,0,NW,990907,16:21:59,16:22:16,17,0:00:00,0:00:00,0,AGENT,16:22:12,16:23:29,77,STEREN
AA0109,39941,0,0,PS,990907,16:32:32,16:32:41,9,0:00:00,0:00:00,0,AGENT,16:32:39,16:33:44,65,STEREN
AA0109,39942,0,0,NW,990907,16:54:51,16:55:01,10,16:55:01,16:55:30,29,AGENT,16:55:29,16:56:04,35,VICKY
AA0109,39943,0,0,PS,990907,17:08:27,17:08:37,10,0:00:00,0:00:00,0,AGENT,17:08:36,17:12:33,237,SHARON
AA0109,39944,0,0,PS,990907,17:22:11,17:22:25,14,0:00:00,0:00:00,0,AGENT,17:22:24,17:23:30,66,BENSION
AA0109,39945,0,0,NW,990907,17:38:06,17:38:15,9,17:38:15,17:39:08,53,AGENT,17:39:07,17:40:04,57,VICKY
AA0109,39946,0,0,PS,990907,17:48:46,17:48:58,12,0:00:00,0:00:00,0,AGENT,17:48:57,17:49:44,47,SHARON
AA0109,39947,0,0,NW,990907,18:03:49,18:04:01,12,0:00:00,0:00:00,0,AGENT,18:04:01,18:09:18,317,VICKY
AA0109,39948,0,0,PS,990907,18:18:57,18:19:08,11,0:00:00,0:00:00,0,AGENT,18:19:07,18:19:47,40,ZOHARI
AA0109,39949,0,0,PS,990907,18:52:46,18:53:05,19,0:00:00,0:00:00,0,AGENT,18:52:59,18:55:07,128,STEREN
AA0109,39950,0,0,NW,990907,19:16:03,19:16:15,12,0:00:00,0:00:00,0,AGENT,19:16:20,19:16:25,5,NO_SERVER
AA0109,39951,0,0,PS,990907,19:40:26,19:40:41,15,0:00:00,0:00:00,0,AGENT,19:40:39,19:40:54,15,BENSION
AA0109,39952,0,0,PS,990907,20:13:18,20:13:35,17,0:00:00,0:00:00,0,AGENT,20:13:34,20:14:12,38,BENSION
AA0109,39953,0,0,NW,990907,20:34:27,20:34:39,12,0:00:00,0:00:00,0,AGENT,20:34:38,20:35:22,44,STEREN
AA0109,39954,0,0,PS,990907,20:55:24,20:55:35,11,0:00:00,0:00:00,0,AGENT,20:55:35,21:02:26,411,SHARON
AA0109,39955,0,0,PS,990907,21:11:44,21:11:54,10,0:00:00,0:00:00,0,AGENT,21:11:53,21:18:23,390,DORIT
AA0109,39956,0,0,PS,990907,21:36:23,21:36:33,10,0:00:00,0:00:00,0,AGENT,21:36:32,21:38:00,88,SHARON
AA0109,39957,0,0,PS,990907,21:59:22,21:59:34,12,0:00:00,0:00:00,0,AGENT,21:59:33,22:04:35,302,DORIT
AA0109,39958,0,0,PS,990907,22:28:58,22:29:13,15,0:00:00,0:00:00,0,AGENT,22:29:12,22:32:06,174,BENSION
AA0109,39959,57391393,1,PS,990907,22:46:45,22:46:50,5,22:46:50,22:47:36,46,AGENT,22:47:36,22:51:48,252,SHARON
AA0109,39960,0,0,PS,990907,23:15:48,23:15:57,9,0:00:00,0:00:00,0,AGENT,23:15:56,23:16:23,27,SHARON
AA0109,39961,0,0,PS,990908,0:48:05,0:48:40,35,0:00:00,0:00:00,0,HANG,0:00:00,0:00:00,0,NO_SERVER
AA0109,39962,0,0,PS,990908,7:08:15,7:08:24,9,0:00:00,0:00:00,0,AGENT,7:08:24,7:08:35,11,DORIT
AA0109,39963,0,0,PS,990908,7:36:51,7:37:01,10,0:00:00,0:00:00,0,AGENT,7:37:00,7:39:10,130,DORIT
AA0109,39964,0,0,NW,990908,8:08:18,8:08:27,9,8:08:27,8:08:43,16,HANG,0:00:00,0:00:00,0,NO_SERVER
AA0109,39965,0,0,NE,990908,8:23:17,8:23:31,14,0:00:00,0:00:00,0,AGENT,8:23:29,8:27:36,247,BASCH
AA0109,39966,0,0,NW,990908,8:42:05,8:42:14,9,8:42:14,8:44:42,148,AGENT,8:44:41,8:46:02,81,DORIT
AA0109,39967,0,0,NW,990908,8:53:26,8:53:36,10,8:53:36,8:54:49,73,AGENT,8:54:48,8:56:42,114,ROTH
AA0109,39968,0,0,NW,990908,9:07:30,9:07:38,8,9:07:38,9:08:23,45,HANG,0:00:00,0:00:00,0,NO_SERVER
AA0109,39969,33151754,1,PS,990908,9:17:40,9:17:45,5,9:17:45,9:18:41,56,AGENT,9:18:40,9:22:05,205,ROTH
AA0109,39970,0,0,PS,990908,9:30:35,9:38:15,460,0:00:00,0:00:00,0,HANG,0:00:00,0:00:00,0,NO_SERVER
AA0109,39971,11710647,2,PS,990908,9:50:56,9:51:02,6,9:51:02,9:55:12,250,AGENT,9:55:11,9:59:19,248,DORIT
AA0109,39972,308922400,1,PS,990908,10:03:10,10:03:16,6,10:03:16,10:05:50,154,AGENT,10:05:49,10:09:04,195,ROTH
AA0109,39973,58029620,2,PS,990908,10:10:33,10:10:39,6,10:10:39,10:10:56,17,HANG,0:00:00,0:00:00,0,NO_SERVER
AA0109,39974,29035417,1,PS,990908,10:16:18,10:16:24,6,10:16:24,10:18:01,97,AGENT,10:18:00,10:21:12,192,ROTH
AA0109,39975,0,0,NE,990908,10:26:00,10:26:14,14,0:00:00,0:00:00,0,AGENT,10:26:14,10:34:45,511,ZOHARI
AA0109,39976,57882755,2,PS,990908,10:38:26,10:38:32,6,10:38:32,10:41:02,150,HANG,0:00:00,0:00:00,0,NO_SERVER
AA0109,39977,0,0,PS,990908,10:55:06,10:55:15,9,0:00:00,0:00:00,0,AGENT,10:55:13,10:55:35,22,BASCH
AA0109,39978,59630624,1,NE,990908,11:07:09,11:07:14,5,11:07:14,11:08:42,88,HANG,0:00:00,0:00:00,0,NO_SERVER
AA0109,39979,0,0,PS,990908,11:21:44,11:21:54,10,0:00:00,0:00:00,0,AGENT,11:21:53,11:25:38,225,YITZ
AA0109,39980,33094186,1,PS,990908,11:34:27,11:34:33,6,11:34:33,11:34:46,13,AGENT,11:34:45,11:38:35,230,ROTH
AA0109,39981,0,0,PS,990908,11:57:51,11:58:01,10,0:00:00,0:00:00,0,AGENT,11:58:00,12:00:07,127,STEREN
AA0109,39982,23740574,1,PS,990908,12:05:03,12:05:09,6,12:05:09,12:07:21,132,AGENT,12:07:20,12:11:28,248,YITZ
AA0109,39983,71820039,2,PS,990908,12:18:02,12:18:08,6,12:18:08,12:20:06,118,AGENT,12:20:06,12:24:12,246,BASCH
AA0109,39984,0,0,PS,990908,12:35:33,12:35:44,11,0:00:00,0:00:00,0,AGENT,12:35:43,12:36:23,40,KAZAV
AA0109,39985,0,0,NE,990908,12:52:30,12:52:43,13,0:00:00,0:00:00,0,AGENT,12:52:42,13:13:18,1236,ZOHARI
AA0109,39986,0,0,PS,990908,13:07:00,13:07:08,8,0:00:00,0:00:00,0,AGENT,13:07:08,13:07:48,40,ROTH
AA0109,39987,23573637,2,PS,990908,13:20:22,13:20:27,5,13:20:27,13:20:35,8,AGENT,13:20:34,13:22:14,100,ROTH
AA0109,39988,33870312,1,PS,990908,13:31:07,13:31:12,5,13:31:12,13:32:23,71,HANG,0:00:00,0:00:00,0,NO_SERVER
AA0109,39989,26107565,2,PS,990908,13:44:32,13:44:38,6,13:44:38,13:45:05,27,AGENT,13:45:04,13:45:11,7,KAZAV
AA0109,39990,0,0,PS,990908,13:53:18,13:53:27,9,0:00:00,0:00:00,0,AGENT,13:53:27,13:56:09,162,BASCH
AA0109,39991,23807142,1,PS,990908,14:03:24,14:03:29,5,14:03:29,14:05:53,144,AGENT,14:05:52,14:07:16,84,DORIT
AA0109,39992,0,0,PS,990908,14:22:30,14:22:39,9,0:00:00,0:00:00,0,AGENT,14:22:39,14:23:40,61,STEREN
AA0109,39993,0,0,PS,990908,14:35:13,14:35:23,10,0:00:00,0:00:00,0,AGENT,14:35:22,14:42:18,416,BASCH
AA0109,39994,52078425,2,PS,990908,14:43:28,14:43:34,6,14:43:34,14:44:00,26,AGENT,14:43:59,14:44:04,5,ANAT
AA0109,39995,58148701,2,PS,990908,14:59:59,15:00:04,5,15:00:04,15:02:32,148,AGENT,15:02:31,15:07:33,302,MORIAH
AA0109,39996,32084550,2,PS,990908,15:09:55,15:10:00,5,15:10:00,15:13:02,182,AGENT,15:13:02,15:16:32,210,ANAT
AA0109,39997,24578502,1,PS,990908,15:25:33,15:25:38,5,15:25:38,15:26:04,26,AGENT,15:26:03,15:27:33,90,ANAT
AA0109,39998,33146341,1,PS,990908,15:34:16,15:34:22,6,15:34:22,15:34:51,29,HANG,0:00:00,0:00:00,0,NO_SERVER
AA0109,39999,41630443,2,PS,990908,15:38:14,15:38:20,6,15:38:20,15:41:18,178,AGENT,15:41:17,15:55:45,868,ZOHARI
AA0109,40000,57866956,2,PS,990908,15:48:30,15:48:36,6,15:48:36,15:49:08,32,AGENT,15:49:07,15:55:28,381,MORIAH
AA0109,40001,52031556,2,PS,990908,15:56:28,15:56:34,6,15:56:34,15:56:40,6,AGENT,15:56:39,15:59:13,154,ROTH
AA0109,40002,0,0,PS,990908,16:10:20,16:10:33,13,0:00:00,0:00:00,0,AGENT,16:10:33,16:15:37,304,AVI
AA0109,40003,962908463,2,PS,990908,16:20:27,16:20:33,6,16:20:33,16:20:49,16,HANG,0:00:00,0:00:00,0,NO_SERVER
AA0109,40004,0,0,PS,990908,16:35:25,16:35:34,9,0:00:00,0:00:00,0,AGENT,16:35:34,16:39:16,222,MORIAH
AA0109,40005,0,0,PS,990908,16:45:52,16:46:01,9,0:00:00,0:00:00,0,AGENT,16:46:00,16:51:58,358,BENSION
AA0109,40006,0,0,PS,990908,17:02:42,17:02:52,10,0:00:00,0:00:00,0,AGENT,17:02:51,17:04:58,127,ANAT
AA0109,40007,0,0,PS,990908,17:23:40,17:23:50,10,0:00:00,0:00:00,0,AGENT,17:23:50,17:27:23,213,ANAT
AA0109,40008,0,0,NW,990908,17:35:33,17:35:42,9,17:35:42,17:36:41,59,HANG,0:00:00,0:00:00,0,NO_SERVER
AA0109,40009,0,0,NE,990908,17:49:32,17:49:42,10,0:00:00,0:00:00,0,AGENT,17:49:40,17:50:20,40,MORIAH
AA0109,40010,0,0,NW,990908,18:11:36,18:11:55,19,0:00:00,0:00:00,0,AGENT,18:11:55,18:12:44,49,AVI
AA0109,40011,25359605,2,PS,990908,18:28:13,18:28:18,5,18:28:18,18:28:55,37,AGENT,18:28:55,18:30:33,98,MORIAH
AA0109,40012,0,0,PS,990908,18:47:45,18:47:58,13,0:00:00,0:00:00,0,AGENT,18:47:57,18:56:47,530,ANAT
AA0109,40013,0,0,PS,990908,19:06:46,19:06:59,13,0:00:00,0:00:00,0,AGENT,19:06:58,19:08:07,69,ANAT
AA0109,40014,0,0,NW,990908,19:19:13,19:19:26,13,0:00:00,0:00:00,0,AGENT,19:19:25,19:19:25,0,AVI
AA0109,40015,0,0,NE,990908,19:33:12,19:33:22,10,0:00:00,0:00:00,0,AGENT,19:33:21,19:35:07,106,MORIAH
AA0109,40016,0,0,PS,990908,19:59:45,19:59:55,10,0:00:00,0:00:00,0,AGENT,19:59:55,20:01:04,69,BENSION
AA0109,40017,0,0,NW,990908,20:28:21,20:28:37,16,0:00:00,0:00:00,0,AGENT,20:28:36,20:29:41,65,AVI
AA0109,40018,0,0,NW,990908,20:52:32,20:52:42,10,20:52:42,20:52:51,9,AGENT,20:52:50,20:54:07,77,MEIR
AA0109,40019,54990585,1,PS,990908,21:10:36,21:10:41,5,21:10:41,21:10:54,13,AGENT,21:10:53,21:12:11,78,MORIAH
AA0109,40020,0,0,NE,990908,21:28:16,21:28:27,11,0:00:00,0:00:00,0,AGENT,21:28:27,21:28:55,28,AVI
AA0109,40021,0,0,PS,990908,21:46:32,21:46:46,14,0:00:00,0:00:00,0,AGENT,21:46:45,21:48:53,128,BENSION
AA0109,40022,0,0,NE,990908,22:10:30,22:10:44,14,0:00:00,0:00:00,0,AGENT,22:10:44,22:12:42,118,DARMON
AA0109,40023,57695173,2,PS,990908,22:31:39,22:31:44,5,22:31:44,22:33:05,81,AGENT,22:33:04,22:34:21,77,AVI
AA0109,40024,0,0,PS,990908,22:59:01,22:59:14,13,0:00:00,0:00:00,0,AGENT,22:59:13,23:08:12,539,AVI
AA0109,40025,0,0,PS,990908,23:35:57,23:36:09,12,0:00:00,0:00:00,0,AGENT,23:36:09,23:37:35,86,AVI
AA0109,40026,0,0,PS,990909,6:52:42,6:52:58,16,0:00:00,0:00:00,0,HANG,0:00:00,0:00:00,0,NO_SERVER
AA0109,40027,0,0,PS,990909,7:31:30,7:31:42,12,0:00:00,0:00:00,0,AGENT,7:31:41,7:34:24,163,NAAMA
AA0109,40028,0,0,PS,990909,8:04:05,8:04:15,10,0:00:00,0:00:00,0,AGENT,8:04:13,8:06:18,125,BASCH
AA0109,40029,0,0,PS,990909,8:30:15,8:30:26,11,0:00:00,0:00:00,0,AGENT,8:30:25,8:41:13,648,DORIT
AA0109,40030,0,0,PS,990909,8:45:49,8:45:59,10,0:00:00,0:00:00,0,AGENT,8:45:57,8:50:20,263,KAZAV
AA0109,40031,0,0,PS,990909,9:01:19,9:01:29,10,0:00:00,0:00:00,0,AGENT,9:01:28,9:02:37,69,DORIT
AA0109,40032,0,0,PS,990909,9:13:12,9:13:22,10,0:00:00,0:00:00,0,AGENT,9:13:21,9:13:47,26,SHARON
AA0109,40033,54978564,2,PS,990909,9:25:25,9:25:30,5,9:25:30,9:25:46,16,AGENT,9:25:46,9:30:34,288,SHARON
AA0109,40034,29514494,1,PS,990909,9:45:01,9:45:07,6,9:45:07,9:45:50,43,AGENT,9:45:49,9:46:42,53,ANAT
AA0109,40035,0,0,NE,990909,10:00:46,10:00:55,9,0:00:00,0:00:00,0,AGENT,10:00:54,10:02:10,76,KAZAV
AA0109,40036,0,0,PS,990909,10:13:44,10:14:01,17,0:00:00,0:00:00,0,AGENT,10:14:00,10:19:36,336,SHARON
AA0109,40037,41630443,2,PS,990909,10:24:40,10:24:45,5,10:24:45,10:24:48,3,AGENT,10:24:47,10:27:13,146,ROTH
AA0109,40038,0,0,NW,990909,10:39:01,10:39:11,10,10:39:11,10:42:00,169,AGENT,10:41:59,10:43:15,76,BASCH
AA0109,40039,0,0,NW,990909,10:55:53,10:56:08,15,0:00:00,0:00:00,0,AGENT,10:56:06,10:57:35,89,ROTH
AA0109,40040,0,0,PS,990909,11:09:24,11:09:33,9,0:00:00,0:00:00,0,AGENT,11:09:32,11:13:51,259,SHARON
AA0109,40041,0,0,NE,990909,11:28:03,11:28:12,9,0:00:00,0:00:00,0,AGENT,11:28:11,11:30:58,167,KAZAV
AA0109,40042,0,0,PS,990909,11:41:39,11:41:51,12,0:00:00,0:00:00,0,AGENT,11:41:49,11:46:17,268,KAZAV
AA0109,40043,0,0,PS,990909,11:56:52,11:57:02,10,0:00:00,0:00:00,0,AGENT,11:57:01,11:58:02,61,KAZAV
AA0109,40044,0,0,NW,990909,12:11:59,12:12:14,15,0:00:00,0:00:00,0,AGENT,12:12:13,12:13:49,96,ROTH
AA0109,40045,0,0,PS,990909,12:33:47,12:33:57,10,0:00:00,0:00:00,0,AGENT,12:33:55,12:35:04,69,ANAT
AA0109,40046,0,0,PS,990909,12:45:55,12:46:16,21,0:00:00,0:00:00,0,AGENT,12:46:14,12:49:48,214,ANAT
AA0109,40047,0,0,NW,990909,12:59:13,12:59:23,10,12:59:23,13:00:31,68,AGENT,13:00:30,13:08:25,475,ROTH
AA0109,40048,55921597,1,NE,990909,13:14:12,13:14:17,5,13:14:17,13:15:31,74,AGENT,13:15:31,13:16:50,79,VICKY
AA0109,40049,0,0,PS,990909,13:34:03,13:34:14,11,0:00:00,0:00:00,0,AGENT,13:34:13,13:34:38,25,DORIT
AA0109,40050,0,0,NW,990909,13:49:56,13:50:09,13,0:00:00,0:00:00,0,AGENT,13:50:08,13:54:24,256,ROTH
AA0109,40051,25124819,1,PS,990909,14:07:50,14:07:56,6,14:07:56,14:09:23,87,AGENT,14:09:22,14:10:57,95,DORIT
AA0109,40052,0,0,NW,990909,14:20:59,14:21:08,9,14:21:08,14:28:57,469,AGENT,14:28:56,14:30:17,81,ROTH
AA0109,40053,33290677,1,PS,990909,14:39:26,14:39:32,6,14:39:32,14:39:58,26,AGENT,14:39:57,14:43:24,207,ROTH
AA0109,40054,60281235,2,PS,990909,14:52:12,14:52:17,5,14:52:17,14:52:37,20,AGENT,14:52:36,14:54:40,124,KAZAV
AA0109,40055,14504765,2,PS,990909,15:07:42,15:07:47,5,15:07:47,15:10:00,133,AGENT,15:09:59,15:13:49,230,ROTH
AA0109,40056,51609329,1,PS,990909,15:20:06,15:20:12,6,15:20:12,15:22:35,143,AGENT,15:22:34,15:24:43,129,DORIT
AA0109,40057,31877970,2,PS,990909,15:34:17,15:34:23,6,15:34:23,15:35:55,92,PHANTOM,15:35:54,15:35:59,5,NO_SERVER
AA0109,40058,54128681,2,PS,990909,15:45:34,15:45:39,5,15:45:39,15:47:26,107,AGENT,15:47:25,15:52:18,293,DORIT
AA0109,40059,0,0,PS,990909,15:59:55,16:00:03,8,0:00:00,0:00:00,0,AGENT,16:00:02,16:02:43,161,ROTH
AA0109,40060,14504765,2,PS,990909,16:11:36,16:11:41,5,16:11:41,16:12:16,35,AGENT,16:12:15,16:17:16,301,YITZ
AA0109,40061,51440469,2,PS,990909,16:25:15,16:25:21,6,16:25:21,16:26:13,52,AGENT,16:26:12,16:28:16,124,STEREN
AA0109,40062,0,0,PS,990909,16:36:20,16:36:30,10,0:00:00,0:00:00,0,AGENT,16:36:30,16:40:57,267,ZOHARI
AA0109,40063,0,0,NW,990909,16:48:43,16:48:52,9,16:48:52,16:49:11,19,AGENT,16:49:09,16:50:27,78,AVI
AA0109,40064,12887816,1,PS,990909,17:00:58,17:01:03,5,17:01:03,17:07:16,373,AGENT,17:07:15,17:12:53,338,AVI
AA0109,40065,0,0,PS,990909,17:16:48,17:16:57,9,0:00:00,0:00:00,0,AGENT,17:16:56,17:17:40,44,STEREN
AA0109,40066,0,0,PS,990909,17:36:03,17:36:13,10,0:00:00,0:00:00,0,AGENT,17:36:12,17:36:13,1,AVI
AA0109,40067,23949225,2,PS,990909,17:54:02,17:54:07,5,17:54:07,17:56:34,147,AGENT,17:56:33,17:58:06,93,YITZ
AA0109,40068,0,0,PS,990909,18:13:07,18:13:19,12,0:00:00,0:00:00,0,AGENT,18:13:18,18:14:11,53,AVI
AA0109,40069,0,0,PS,990909,18:34:33,18:34:43,10,0:00:00,0:00:00,0,AGENT,18:34:42,18:40:22,340,ZOHARI
AA0109,40070,0,0,NE,990909,18:59:54,19:00:05,11,0:00:00,0:00:00,0,AGENT,19:00:04,19:02:47,163,ZOHARI
AA0109,40071,0,0,NW,990909,19:15:50,19:16:05,15,0:00:00,0:00:00,0,AGENT,19:16:04,19:17:18,74,AVI
AA0109,40072,57974156,1,PS,990909,19:41:11,19:41:16,5,19:41:16,19:41:48,32,AGENT,19:41:47,19:43:11,84,STEREN
AA0109,40073,58859752,2,PS,990909,20:20:06,20:20:12,6,20:20:12,20:20:16,4,AGENT,20:20:15,20:23:10,175,ZOHARI
AA0109,40074,0,0,NW,990909,20:52:33,20:52:52,19,0:00:00,0:00:00,0,AGENT,20:52:51,20:53:25,34,AVI
AA0109,40075,57654543,1,PS,990909,21:16:53,21:16:58,5,21:16:58,21:19:30,152,AGENT,21:19:29,21:21:27,118,ZOHARI
AA0109,40076,54128681,2,PS,990909,21:41:42,21:41:47,5,21:41:47,21:42:19,32,HANG,0:00:00,0:00:00,0,NO_SERVER
AA0109,40077,32389629,2,PS,990909,22:08:28,22:08:34,6,22:08:34,22:09:04,30,AGENT,22:09:04,22:09:53,49,AVI
AA0109,40078,28575710,1,PS,990909,22:42:11,22:42:17,6,22:42:17,22:45:08,171,AGENT,22:45:08,22:45:58,50,AVI
AA0109,40079,0,0,PS,990909,23:11:15,23:11:26,11,0:00:00,0:00:00,0,AGENT,23:11:26,23:12:57,91,AVI
AA0109,40080,0,0,PS,990910,0:01:24,0:01:46,22,0:00:00,0:00:00,0,HANG,0:00:00,0:00:00,0,NO_SERVER
AA0109,40081,0,0,PS,990910,7:25:24,7:25:33,9,0:00:00,0:00:00,0,AGENT,7:25:32,7:26:53,81,SHARON
AA0109,40082,0,0,PS,990910,8:00:47,8:00:57,10,0:00:00,0:00:00,0,AGENT,8:00:56,8:02:06,70,DORIT
AA0109,40083,0,0,PS,990910,8:20:39,8:20:50,11,0:00:00,0:00:00,0,AGENT,8:20:50,8:22:17,87,BENSION
AA0109,40084,0,0,PS,990910,8:41:02,8:41:12,10,0:00:00,0:00:00,0,AGENT,8:41:12,8:44:25,193,VICKY
AA0109,40085,0,0,PS,990910,8:55:29,8:55:41,12,0:00:00,0:00:00,0,AGENT,8:55:39,9:01:41,362,BENSION
AA0109,40086,0,0,PS,990910,9:12:11,9:12:23,12,0:00:00,0:00:00,0,AGENT,9:12:22,9:12:23,1,VICKY
AA0109,40087,0,0,PS,990910,9:23:12,9:23:21,9,0:00:00,0:00:00,0,AGENT,9:23:20,9:26:04,164,BENSION
AA0109,40088,0,0,NW,990910,9:35:14,9:35:27,13,0:00:00,0:00:00,0,AGENT,9:35:26,9:36:31,65,AVNI
AA0109,40089,0,0,NW,990910,9:48:26,9:48:41,15,0:00:00,0:00:00,0,AGENT,9:48:40,9:49:59,79,AVNI
AA0109,40090,47555438,1,PS,990910,9:59:44,9:59:49,5,9:59:49,10:00:50,61,AGENT,10:00:48,10:01:37,49,BASCH
AA0109,40091,0,0,PE,990910,10:15:27,10:15:36,9,0:00:00,0:00:00,0,AGENT,10:15:34,10:17:30,116,AVNI
AA0109,40092,0,0,PS,990910,10:32:29,10:32:38,9,0:00:00,0:00:00,0,AGENT,10:32:38,10:34:07,89,AVNI
AA0109,40093,0,0,PS,990910,10:46:08,10:46:20,12,0:00:00,0:00:00,0,AGENT,10:46:19,10:53:37,438,VICKY
AA0109,40094,0,0,PS,990910,11:05:19,11:05:32,13,0:00:00,0:00:00,0,AGENT,11:05:31,11:08:34,183,SHARON
AA0109,40095,0,0,PS,990910,11:23:20,11:23:29,9,0:00:00,0:00:00,0,AGENT,11:23:28,11:26:44,196,VICKY
AA0109,40096,0,0,PS,990910,11:46:50,11:46:59,9,0:00:00,0:00:00,0,AGENT,11:46:58,11:49:29,151,AVNI
AA0109,40097,23855265,1,PS,990910,12:12:46,12:12:51,5,12:12:51,12:13:34,43,AGENT,12:13:33,12:15:09,96,BASCH
AA0109,40098,0,0,PS,990910,12:50:56,12:51:08,12,0:00:00,0:00:00,0,AGENT,12:51:07,12:52:58,111,BASCH
AA0109,40099,0,0,PS,990910,13:13:38,13:14:01,23,0:00:00,0:00:00,0,HANG,0:00:00,0:00:00,0,NO_SERVER
AA0109,40101,0,0,PS,990910,13:56:16,13:56:16,0,0:00:00,0:00:00,0,HANG,0:00:00,0:00:00,0,NO_SERVER
AA0109,40102,0,0,PS,990910,15:38:11,15:38:49,38,0:00:00,0:00:00,0,HANG,0:00:00,0:00:00,0,NO_SERVER
AA0109,40103,0,0,PS,990910,21:19:53,21:20:07,14,0:00:00,0:00:00,0,HANG,0:00:00,0:00:00,0,NO_SERVER
AA0109,40104,0,0,PS,990911,18:55:39,18:55:54,15,0:00:00,0:00:00,0,HANG,0:00:00,0:00:00,0,NO_SERVER
AA0109,40105,0,0,PS,990912,12:13:59,12:14:13,14,0:00:00,0:00:00,0,HANG,0:00:00,0:00:00,0,NO_SERVER
AA0109,40106,0,0,PS,990912,19:21:50,19:22:07,17,0:00:00,0:00:00,0,HANG,0:00:00,0:00:00,0,NO_SERVER
AA0109,40107,0,0,PS,990912,19:58:48,19:58:57,9,0:00:00,0:00:00,0,AGENT,19:58:56,20:02:50,234,AVNI
AA0109,40108,0,0,PS,990912,20:20:56,20:21:13,17,0:00:00,0:00:00,0,AGENT,20:21:12,20:22:34,82,SHARON
AA0109,40109,0,0,PS,990912,20:37:37,20:37:47,10,0:00:00,0:00:00,0,AGENT,20:37:46,20:45:13,447,AVNI
AA0109,40110,0,0,PS,990912,21:09:52,21:10:05,13,0:00:00,0:00:00,0,AGENT,21:10:04,21:15:39,335,ZOHARI
AA0109,40111,68352319,1,PS,990912,21:36:41,21:36:46,5,21:36:46,21:37:33,47,AGENT,21:37:32,21:42:22,290,SHARON
AA0109,40112,0,0,PS,990912,22:15:42,22:15:53,11,0:00:00,0:00:00,0,AGENT,22:15:52,22:18:01,129,SHARON
AA0109,40113,0,0,PS,990912,23:02:27,23:02:37,10,0:00:00,0:00:00,0,AGENT,23:02:36,23:03:06,30,SHARON
AA0109,40115,0,0,PS,990913,0:51:50,0:51:50,0,0:00:00,0:00:00,0,HANG,0:00:00,0:00:00,0,NO_SERVER
AA0109,40116,22066302,2,PS,990913,7:27:25,7:27:31,6,7:27:31,7:27:40,9,AGENT,7:27:39,7:31:26,227,TOVA
AA0109,40117,0,0,PS,990913,7:56:42,7:56:53,11,0:00:00,0:00:00,0,AGENT,7:56:52,7:58:06,74,VICKY
AA0109,40118,0,0,PS,990913,8:14:14,8:14:27,13,0:00:00,0:00:00,0,AGENT,8:14:26,8:15:25,59,TOVA
AA0109,40119,0,0,PS,990913,8:29:08,8:29:17,9,0:00:00,0:00:00,0,AGENT,8:29:17,8:33:35,258,ZOHARI
AA0109,40120,0,0,PS,990913,8:39:31,8:39:47,16,0:00:00,0:00:00,0,AGENT,8:39:46,8:41:14,88,TOVA
AA0109,40121,0,0,PS,990913,8:48:08,8:48:18,10,0:00:00,0:00:00,0,AGENT,8:48:16,8:49:48,92,KAZAV
AA0109,40122,0,0,PE,990913,8:59:35,8:59:43,8,0:00:00,0:00:00,0,AGENT,8:59:42,8:59:45,3,NO_SERVER
AA0109,40123,0,0,PS,990913,9:09:04,9:09:14,10,0:00:00,0:00:00,0,AGENT,9:09:12,9:11:15,123,SHARON
AA0109,40124,0,0,PS,990913,9:19:15,9:19:25,10,0:00:00,0:00:00,0,AGENT,9:19:25,9:20:02,37,VICKY
AA0109,40125,0,0,PS,990913,9:32:17,9:32:26,9,0:00:00,0:00:00,0,AGENT,9:32:25,9:33:30,65,SHARON
AA0109,40126,0,0,NW,990913,9:38:41,9:38:50,9,9:38:50,9:39:07,17,AGENT,9:39:06,9:44:17,311,SHARON
AA0109,40127,0,0,PS,990913,9:47:32,9:47:41,9,0:00:00,0:00:00,0,AGENT,9:47:40,9:49:19,99,STEREN
AA0109,40128,0,0,PS,990913,9:56:48,9:56:56,8,0:00:00,0:00:00,0,AGENT,9:56:56,9:58:17,81,ROTH
AA0109,40129,38342630,2,PS,990913,10:07:53,10:07:59,6,10:07:59,10:09:34,95,AGENT,10:09:34,10:10:33,59,KAZAV
AA0109,40130,0,0,PS,990913,10:17:47,10:17:58,11,0:00:00,0:00:00,0,AGENT,10:17:56,10:18:41,45,KAZAV
AA0109,40131,0,0,PS,990913,10:28:17,10:28:27,10,0:00:00,0:00:00,0,AGENT,10:28:26,10:30:20,114,VICKY
AA0109,40132,0,0,PS,990913,10:36:27,10:36:37,10,0:00:00,0:00:00,0,AGENT,10:36:35,10:43:05,390,ROTH
AA0109,40133,0,0,NE,990913,10:43:42,10:43:56,14,0:00:00,0:00:00,0,AGENT,10:43:55,10:44:31,36,ELI
AA0109,40134,0,0,PS,990913,10:54:20,10:54:29,9,0:00:00,0:00:00,0,AGENT,10:54:28,11:04:27,599,STEREN
AA0109,40135,23530603,2,PS,990913,11:04:37,11:04:43,6,11:04:43,11:05:07,24,AGENT,11:05:06,11:06:40,94,ZOHARI
AA0109,40136,57425308,1,PS,990913,11:11:43,11:11:49,6,11:11:49,11:12:38,49,AGENT,11:12:37,11:13:56,79,STEREN
AA0109,40137,55680607,1,PS,990913,11:23:13,11:23:19,6,11:23:19,11:23:57,38,HANG,0:00:00,0:00:00,0,NO_SERVER
AA0109,40138,0,0,PS,990913,11:31:38,11:31:48,10,0:00:00,0:00:00,0,AGENT,11:31:47,11:33:28,101,KAZAV
AA0109,40139,0,0,PS,990913,11:42:02,11:42:11,9,0:00:00,0:00:00,0,AGENT,11:42:09,11:43:29,80,KAZAV
AA0109,40140,29421799,1,PS,990913,11:50:52,11:50:58,6,11:50:58,11:52:10,72,AGENT,11:52:08,11:53:03,55,GILI
AA0109,40141,0,0,PS,990913,12:00:03,12:00:14,11,0:00:00,0:00:00,0,AGENT,12:00:13,12:00:55,42,GILI
AA0109,40142,0,0,PS,990913,12:07:43,12:08:00,17,0:00:00,0:00:00,0,AGENT,12:07:58,12:11:57,239,ZOHARI
AA0109,40143,0,0,PS,990913,12:18:46,12:18:59,13,0:00:00,0:00:00,0,AGENT,12:18:58,12:21:12,134,SHARON
AA0109,40144,0,0,PS,990913,12:29:54,12:30:04,10,0:00:00,0:00:00,0,AGENT,12:30:02,12:34:09,247,YIFAT
AA0109,40145,0,0,PS,990913,12:42:56,12:43:04,8,0:00:00,0:00:00,0,AGENT,12:43:03,12:43:50,47,KAZAV
AA0109,40146,0,0,PS,990913,12:56:29,12:56:38,9,0:00:00,0:00:00,0,AGENT,12:56:37,12:59:35,178,ZOHARI
AA0109,40147,44276616,2,PS,990913,13:08:30,13:08:35,5,13:08:35,13:08:52,17,AGENT,13:08:51,13:11:08,137,ROTH
AA0109,40148,0,0,NW,990913,13:19:57,13:20:06,9,13:20:06,13:22:17,131,AGENT,13:22:16,13:22:37,21,VICKY
AA0109,40149,0,0,NW,990913,13:30:34,13:30:47,13,0:00:00,0:00:00,0,AGENT,13:30:46,13:32:11,85,ROTH
AA0109,40150,0,0,PS,990913,13:43:29,13:43:38,9,0:00:00,0:00:00,0,AGENT,13:43:37,13:45:22,105,ZOHARI
AA0109,40151,22874192,2,PS,990913,13:50:05,13:50:10,5,13:50:10,13:53:15,185,AGENT,13:53:13,13:53:15,2,MORIAH
AA0109,40152,25262437,2,PS,990913,13:59:58,14:00:04,6,14:00:04,14:00:14,10,AGENT,14:00:13,14:04:01,228,MORIAH
AA0109,40153,22642912,2,PS,990913,14:07:08,14:07:14,6,14:07:14,14:08:05,51,AGENT,14:08:04,14:09:10,66,MORIAH
AA0109,40154,0,0,NW,990913,14:11:26,14:11:36,10,14:11:36,14:12:29,53,HANG,0:00:00,0:00:00,0,NO_SERVER
AA0109,40155,50062082,2,PS,990913,14:16:37,14:16:43,6,14:16:43,14:18:40,117,AGENT,14:18:39,14:22:02,203,YIFAT
AA0109,40156,54665682,2,PS,990913,14:24:19,14:24:25,6,14:24:25,14:25:22,57,AGENT,14:25:20,14:29:20,240,SHARON
AA0109,40157,0,0,PS,990913,14:31:44,14:31:52,8,0:00:00,0:00:00,0,AGENT,14:31:51,14:35:58,247,MORIAH
AA0109,40158,12770830,2,PS,990913,14:38:52,14:38:57,5,14:38:57,14:40:34,97,AGENT,14:40:32,14:42:59,147,ANAT
AA0109,40159,0,0,PS,990913,14:48:53,14:49:02,9,0:00:00,0:00:00,0,AGENT,14:49:01,14:57:51,530,BASCH
AA0109,40160,32954356,1,PS,990913,14:56:03,14:56:08,5,14:56:08,14:58:34,146,AGENT,14:58:32,15:03:54,322,BASCH
AA0109,40161,3652195,2,PS,990913,15:05:51,15:05:57,6,15:05:57,15:11:14,317,AGENT,15:11:12,15:16:36,324,ZOHARI
AA0109,40162,50347749,1,NE,990913,15:16:49,15:16:55,6,15:16:55,15:18:41,106,AGENT,15:18:40,15:20:52,132,STEREN
AA0109,40163,22263115,2,PS,990913,15:26:42,15:26:47,5,15:26:47,15:28:17,90,AGENT,15:28:17,15:30:54,157,BASCH
AA0109,40164,10587137,2,NE,990913,15:34:33,15:34:38,5,15:34:38,15:35:09,31,AGENT,15:35:08,15:36:23,75,ANAT
AA0109,40165,0,0,PS,990913,15:44:14,15:44:23,9,0:00:00,0:00:00,0,AGENT,15:44:22,15:48:36,254,STEREN
AA0109,40166,0,0,PS,990913,15:57:25,15:57:38,13,0:00:00,0:00:00,0,AGENT,15:57:37,15:59:21,104,ANAT
AA0109,40167,22263115,2,PS,990913,16:06:57,16:07:03,6,16:07:03,16:07:11,8,AGENT,16:07:10,16:10:47,217,ROTH
AA0109,40168,0,0,NE,990913,16:20:45,16:20:56,11,0:00:00,0:00:00,0,AGENT,16:20:55,16:21:26,31,BASCH
AA0109,40169,0,0,PS,990913,16:34:11,16:34:25,14,0:00:00,0:00:00,0,AGENT,16:34:24,16:39:04,280,ANAT
AA0109,40170,29453602,1,PS,990913,16:43:39,16:43:45,6,16:43:45,16:45:42,117,AGENT,16:45:40,16:45:54,14,MORIAH
AA0109,40171,25688045,1,PS,990913,16:53:47,16:53:53,6,16:53:53,16:56:40,167,AGENT,16:56:39,16:57:13,34,AVI
AA0109,40172,28626448,1,PS,990913,17:03:25,17:03:30,5,17:03:30,17:06:13,163,AGENT,17:06:12,17:07:29,77,AVNI
AA0109,40173,0,0,PS,990913,17:20:00,17:20:15,15,0:00:00,0:00:00,0,AGENT,17:20:14,17:21:08,54,ANAT
AA0109,40174,0,0,NW,990913,17:41:38,17:41:43,5,0:00:00,0:00:00,0,HANG,0:00:00,0:00:00,0,NO_SERVER
AA0109,40175,0,0,NW,990913,17:58:25,17:58:38,13,0:00:00,0:00:00,0,AGENT,17:58:37,18:02:51,254,AVNI
AA0109,40176,0,0,NW,990913,18:11:54,18:12:03,9,18:12:03,18:12:40,37,HANG,0:00:00,0:00:00,0,NO_SERVER
AA0109,40177,29510922,1,PS,990913,18:23:06,18:23:12,6,18:23:12,18:23:25,13,HANG,0:00:00,0:00:00,0,NO_SERVER
AA0109,40178,0,0,PS,990913,18:41:58,18:42:08,10,0:00:00,0:00:00,0,AGENT,18:42:08,18:45:38,210,MORIAH
AA0109,40179,0,0,PS,990913,18:55:29,18:55:38,9,0:00:00,0:00:00,0,AGENT,18:55:38,18:56:28,50,AVI
AA0109,40180,58706086,2,PS,990913,19:07:50,19:07:56,6,19:07:56,19:09:35,99,AGENT,19:09:33,19:11:57,144,BASCH
AA0109,40181,54042171,2,NE,990913,19:14:59,19:15:05,6,19:15:05,19:16:22,77,AGENT,19:16:22,19:23:34,432,MORIAH
AA0109,40182,30164461,2,NE,990913,19:31:26,19:31:31,5,19:31:31,19:31:50,19,AGENT,19:31:50,19:34:12,142,ANAT
AA0109,40183,30597587,2,PS,990913,19:43:47,19:43:53,6,19:43:53,19:46:42,169,AGENT,19:46:42,19:47:32,50,ANAT
AA0109,40184,0,0,PS,990913,20:04:48,20:05:45,57,0:00:00,0:00:00,0,AGENT,20:05:44,20:08:04,140,BASCH
AA0109,40185,0,0,NE,990913,20:18:08,20:18:17,9,0:00:00,0:00:00,0,AGENT,20:18:16,20:18:51,35,BASCH
AA0109,40186,0,0,NW,990913,20:31:49,20:31:58,9,20:31:58,20:32:09,11,AGENT,20:32:08,20:34:14,126,MEIR
AA0109,40187,0,0,PS,990913,20:50:26,20:50:33,7,0:00:00,0:00:00,0,AGENT,20:50:33,20:50:39,6,MORIAH
AA0109,40188,0,0,NW,990913,21:06:42,21:06:55,13,0:00:00,0:00:00,0,AGENT,21:06:54,21:07:06,12,AVNI
AA0109,40189,3852118,1,PS,990913,21:23:35,21:23:41,6,21:23:41,21:24:32,51,AGENT,21:24:31,21:25:38,67,MEIR
AA0109,40190,24991598,2,PS,990913,21:40:27,21:40:32,5,21:40:32,21:41:35,63,AGENT,21:41:34,21:43:19,105,MEIR
AA0109,40191,27139807,2,PS,990913,22:00:58,22:01:03,5,22:01:03,22:03:21,138,HANG,0:00:00,0:00:00,0,NO_SERVER
AA0109,40193,0,0,PS,990913,22:20:26,22:20:26,0,0:00:00,0:00:00,0,HANG,0:00:00,0:00:00,0,NO_SERVER
AA0109,40194,22944698,2,PS,990913,22:33:41,22:33:46,5,22:33:46,22:34:05,19,AGENT,22:34:05,22:38:40,275,AVNI
AA0109,40195,57104549,2,PS,990913,23:09:37,23:09:43,6,23:09:43,23:10:45,62,AGENT,23:10:44,23:10:45,1,AVI
AA0109,40196,58311309,1,PS,990913,23:37:52,23:37:57,5,23:37:57,23:38:27,30,AGENT,23:38:26,23:39:54,88,AVI
AA0109,40197,0,0,PS,990914,1:27:59,1:28:43,44,0:00:00,0:00:00,0,HANG,0:00:00,0:00:00,0,NO_SERVER
AA0109,40198,0,0,PS,990914,7:10:43,7:10:55,12,0:00:00,0:00:00,0,AGENT,7:10:54,7:12:15,81,ANAT
AA0109,40199,0,0,PS,990914,7:33:13,7:33:23,10,0:00:00,0:00:00,0,AGENT,7:33:23,7:33:56,33,TOVA
AA0109,40200,45447547,2,PS,990914,7:53:15,7:53:20,5,7:53:20,7:53:27,7,AGENT,7:53:26,7:55:08,102,ANAT
AA0109,40201,0,0,PS,990914,8:14:36,8:14:45,9,0:00:00,0:00:00,0,AGENT,8:14:44,8:15:07,23,YIFAT
AA0109,40202,28697621,1,PS,990914,8:24:24,8:24:29,5,8:24:29,8:25:35,66,HANG,0:00:00,0:00:00,0,NO_SERVER
AA0109,40203,0,0,NW,990914,8:30:14,8:30:23,9,8:30:23,8:31:11,48,HANG,0:00:00,0:00:00,0,NO_SERVER
AA0109,40204,24265456,2,PS,990914,8:41:08,8:41:13,5,8:41:13,8:41:21,8,AGENT,8:41:20,8:41:33,13,KAZAV
AA0109,40205,25737388,1,PS,990914,8:50:03,8:50:08,5,8:50:08,8:51:28,80,AGENT,8:51:27,8:53:02,95,KAZAV
AA0109,40206,0,0,NW,990914,8:58:56,8:59:05,9,8:59:05,8:59:25,20,HANG,0:00:00,0:00:00,0,NO_SERVER
AA0109,40207,0,0,PS,990914,9:07:59,9:08:15,16,0:00:00,0:00:00,0,AGENT,9:08:14,9:08:17,3,MORIAH
AA0109,40208,0,0,PS,990914,9:18:21,9:18:34,13,0:00:00,0:00:00,0,AGENT,9:18:33,9:20:51,138,TOVA
AA0109,40209,1136894,2,PS,990914,9:24:32,9:24:37,5,9:24:37,9:25:00,23,AGENT,9:24:58,9:27:00,122,MORIAH
AA0109,40210,1947589,2,PS,990914,9:35:55,9:36:01,6,9:36:01,9:36:25,24,AGENT,9:36:23,9:38:43,140,ANAT
AA0109,40211,0,0,NW,990914,9:43:43,9:43:52,9,9:43:52,9:44:27,35,AGENT,9:44:27,9:46:20,113,GOLDIE
AA0109,40212,57252942,2,PS,990914,9:55:17,9:55:23,6,9:55:23,9:55:43,20,AGENT,9:55:42,9:56:07,25,AVNI
AA0109,40213,0,0,PS,990914,10:06:37,10:06:47,10,0:00:00,0:00:00,0,AGENT,10:06:46,10:09:14,148,KAZAV
AA0109,40214,57918849,1,NE,990914,10:13:33,10:13:39,6,10:13:39,10:15:54,135,AGENT,10:15:53,10:18:55,182,KAZAV
AA0109,40215,22077721,1,PS,990914,10:22:41,10:22:46,5,10:22:46,10:24:28,102,AGENT,10:24:27,10:24:51,24,TOVA
AA0109,40216,0,0,NW,990914,10:30:57,10:31:06,9,10:31:06,10:32:11,65,AGENT,10:32:11,10:34:03,112,GOLDIE
AA0109,40217,54613724,2,NE,990914,10:37:29,10:37:35,6,10:37:35,10:40:30,175,AGENT,10:40:29,10:42:19,110,ANAT
AA0109,40218,0,0,PS,990914,10:44:39,10:44:47,8,0:00:00,0:00:00,0,AGENT,10:44:46,10:46:23,97,KAZAV
AA0109,40219,0,0,NW,990914,10:55:30,10:55:39,9,10:55:39,11:03:09,450,HANG,0:00:00,0:00:00,0,NO_SERVER
AA0109,40220,51929339,2,PS,990914,11:09:03,11:09:09,6,11:09:09,11:10:22,73,AGENT,11:10:21,11:12:29,128,BASCH
AA0109,40221,27442193,1,PS,990914,11:18:00,11:18:05,5,11:18:05,11:18:16,11,AGENT,11:18:15,11:18:39,24,KAZAV
AA0109,40222,24327207,2,PS,990914,11:30:58,11:31:03,5,11:31:03,11:31:24,21,AGENT,11:31:23,11:32:06,43,TOVA
AA0109,40223,49996945,2,PS,990914,11:42:27,11:42:32,5,11:42:32,11:43:06,34,AGENT,11:43:05,11:48:52,347,AVNI
AA0109,40224,48820351,2,NE,990914,11:50:00,11:50:05,5,11:50:05,11:51:29,84,AGENT,11:51:28,11:51:30,2,MORIAH
AA0109,40225,0,0,PS,990914,11:59:01,11:59:10,9,0:00:00,0:00:00,0,AGENT,11:59:09,12:00:05,56,BASCH
AA0109,40226,0,0,PS,990914,12:07:47,12:07:56,9,0:00:00,0:00:00,0,AGENT,12:07:55,12:09:13,78,GOLDIE
AA0109,40227,0,0,PS,990914,12:16:25,12:16:37,12,0:00:00,0:00:00,0,AGENT,12:16:37,12:18:01,84,ANAT
AA0109,40228,0,0,PS,990914,12:25:17,12:25:28,11,0:00:00,0:00:00,0,AGENT,12:25:27,12:26:30,63,BASCH
AA0109,40229,0,0,PS,990914,12:35:06,12:35:15,9,0:00:00,0:00:00,0,AGENT,12:35:15,12:38:02,167,TOVA
AA0109,40230,0,0,PS,990914,12:44:08,12:44:18,10,0:00:00,0:00:00,0,AGENT,12:44:17,12:46:44,147,TOVA
AA0109,40231,0,0,PS,990914,12:59:24,12:59:33,9,0:00:00,0:00:00,0,AGENT,12:59:32,13:03:39,247,AVNI
AA0109,40232,1947589,2,PS,990914,13:09:26,13:09:31,5,13:09:31,13:09:39,8,AGENT,13:09:38,13:15:54,376,BASCH
AA0109,40233,0,0,PS,990914,13:26:07,13:26:18,11,0:00:00,0:00:00,0,AGENT,13:26:18,13:26:20,2,MORIAH
AA0109,40234,0,0,NE,990914,13:35:25,13:35:33,8,0:00:00,0:00:00,0,AGENT,13:35:32,13:38:47,195,MORIAH
AA0109,40235,0,0,PS,990914,13:45:51,13:46:01,10,0:00:00,0:00:00,0,AGENT,13:46:00,13:47:04,64,KAZAV
AA0109,40236,32350720,2,PS,990914,13:52:52,13:52:57,5,13:52:57,13:56:04,187,AGENT,13:56:03,13:57:51,108,AVNI
AA0109,40237,22263115,2,PS,990914,14:03:06,14:03:12,6,14:03:12,14:05:54,162,HANG,0:00:00,0:00:00,0,NO_SERVER
AA0109,40238,23822679,2,PS,990914,14:12:57,14:13:02,5,14:13:02,14:14:55,113,AGENT,14:14:54,14:18:14,200,YIFAT
AA0109,40239,6692800,2,PS,990914,14:22:23,14:22:29,6,14:22:29,14:25:09,160,AGENT,14:25:09,14:28:27,198,KAZAV
AA0109,40240,4312914,2,PS,990914,14:35:33,14:35:39,6,14:35:39,14:35:59,20,AGENT,14:35:59,14:36:53,54,BASCH
AA0109,40241,0,0,PS,990914,14:42:05,14:59:15,1030,0:00:00,0:00:00,0,HANG,0:00:00,0:00:00,0,NO_SERVER
AA0109,40242,5876156,2,PS,990914,15:17:17,15:17:23,6,15:17:23,15:20:04,161,AGENT,15:20:03,15:21:20,77,KAZAV
AA0109,40243,0,0,PS,990914,15:31:15,15:31:24,9,0:00:00,0:00:00,0,AGENT,15:31:23,15:36:49,326,ROTH
AA0109,40245,0,0,PS,990914,15:42:51,15:42:51,0,0:00:00,0:00:00,0,HANG,0:00:00,0:00:00,0,NO_SERVER
AA0109,40246,0,0,PS,990914,15:53:02,15:53:12,10,0:00:00,0:00:00,0,AGENT,15:53:12,15:59:12,360,ZOHARI
AA0109,40247,22612071,2,PS,990914,16:02:42,16:02:48,6,16:02:48,16:04:32,104,AGENT,16:04:31,16:09:02,271,DARMON
AA0109,40248,0,0,PS,990914,16:13:27,16:13:37,10,0:00:00,0:00:00,0,AGENT,16:13:37,16:15:39,122,SHARON
AA0109,40249,28898005,1,PS,990914,16:22:30,16:22:36,6,16:22:36,16:22:51,15,AGENT,16:22:51,16:26:54,243,AVNI
AA0109,40250,17473034,1,PS,990914,16:37:29,16:37:35,6,16:37:35,16:38:08,33,AGENT,16:38:07,16:46:58,531,ZOHARI
AA0109,40251,0,0,NW,990914,16:50:59,16:51:12,13,0:00:00,0:00:00,0,AGENT,16:51:11,16:52:42,91,STEREN
AA0109,40252,56147150,1,PS,990914,16:58:54,16:59:00,6,16:59:00,16:59:59,59,AGENT,16:59:57,17:06:25,388,ROTH
AA0109,40253,29421252,1,PS,990914,17:12:48,17:12:53,5,17:12:53,17:13:05,12,AGENT,17:13:05,17:15:19,134,SHARON
AA0109,40254,0,0,PS,990914,17:26:53,17:27:06,13,0:00:00,0:00:00,0,AGENT,17:27:05,17:27:26,21,NAAMA
AA0109,40255,0,0,PS,990914,17:41:11,17:41:20,9,0:00:00,0:00:00,0,AGENT,17:41:19,17:42:20,61,BENSION
AA0109,40256,0,0,PS,990914,17:57:57,17:58:05,8,0:00:00,0:00:00,0,AGENT,17:58:05,18:00:09,124,SHARON
AA0109,40257,0,0,PS,990914,18:14:15,18:14:25,10,0:00:00,0:00:00,0,AGENT,18:14:24,18:14:41,17,ROTH
AA0109,40258,0,0,NE,990914,18:31:56,18:32:09,13,0:00:00,0:00:00,0,AGENT,18:32:09,18:36:24,255,SHARON
AA0109,40259,0,0,NW,990914,18:44:31,18:44:45,14,0:00:00,0:00:00,0,AGENT,18:44:43,18:45:58,75,YITZ
AA0109,40260,0,0,NW,990914,19:01:48,19:01:57,9,19:01:57,19:02:56,59,AGENT,19:02:55,19:03:34,39,STEREN
AA0109,40261,0,0,PS,990914,19:22:49,19:23:06,17,0:00:00,0:00:00,0,AGENT,19:23:05,19:24:22,77,BENSION
AA0109,40262,0,0,PS,990914,19:39:39,19:39:49,10,0:00:00,0:00:00,0,AGENT,19:39:47,19:41:01,74,NAAMA
AA0109,40263,0,0,PS,990914,19:59:30,19:59:44,14,0:00:00,0:00:00,0,AGENT,19:59:43,20:01:28,105,BENSION
AA0109,40264,0,0,PS,990914,20:17:14,20:17:29,15,0:00:00,0:00:00,0,AGENT,20:17:28,20:27:56,628,NAAMA
AA0109,40265,0,0,PS,990914,20:43:00,20:43:11,11,0:00:00,0:00:00,0,AGENT,20:43:11,20:45:04,113,YITZ
AA0109,40266,0,0,PS,990914,21:03:22,21:03:40,18,0:00:00,0:00:00,0,AGENT,21:03:39,21:05:09,90,SHARON
AA0109,40267,22851182,2,PS,990914,21:28:09,21:28:15,6,21:28:15,21:28:43,28,AGENT,21:28:42,21:30:24,102,SHARON
AA0109,40268,0,0,PS,990914,21:46:04,21:46:13,9,0:00:00,0:00:00,0,AGENT,21:46:12,21:48:08,116,ROTH
AA0109,40269,0,0,PS,990914,22:01:26,22:01:41,15,0:00:00,0:00:00,0,AGENT,22:01:41,22:03:58,137,BENSION
AA0109,40270,0,0,PS,990914,22:29:06,22:29:17,11,0:00:00,0:00:00,0,AGENT,22:29:16,22:29:17,1,BENSION
AA0109,40271,0,0,PS,990914,23:04:19,23:04:36,17,0:00:00,0:00:00,0,AGENT,23:04:35,23:05:35,60,BENSION
AA0109,40272,0,0,PS,990914,23:30:21,23:30:30,9,0:00:00,0:00:00,0,AGENT,23:30:29,23:31:52,83,SHARON
AA0109,40274,0,0,PS,990915,0:48:01,0:48:01,0,0:00:00,0:00:00,0,HANG,0:00:00,0:00:00,0,NO_SERVER
AA0109,40275,0,0,PS,990915,7:45:49,7:46:02,13,0:00:00,0:00:00,0,AGENT,7:46:01,7:47:16,75,DORIT
AA0109,40276,0,0,NW,990915,8:06:46,8:06:56,10,8:06:56,8:07:01,5,AGENT,8:07:00,8:09:20,140,VICKY
AA0109,40277,0,0,PS,990915,8:21:08,8:21:18,10,0:00:00,0:00:00,0,AGENT,8:21:17,8:24:14,177,SHARON
AA0109,40278,0,0,PS,990915,8:38:44,8:38:52,8,0:00:00,0:00:00,0,AGENT,8:38:52,8:42:18,206,ROTH
AA0109,40279,0,0,PS,990915,8:49:02,8:49:13,11,0:00:00,0:00:00,0,AGENT,8:49:13,8:50:15,62,STEREN
AA0109,40280,4359329,2,PS,990915,9:01:31,9:01:37,6,9:01:37,9:01:59,22,HANG,0:00:00,0:00:00,0,NO_SERVER
AA0109,40281,30164461,2,NE,990915,9:10:18,9:10:24,6,9:10:24,9:10:38,14,AGENT,9:10:37,9:12:57,140,ELI
AA0109,40282,0,0,PS,990915,9:17:35,9:17:44,9,0:00:00,0:00:00,0,AGENT,9:17:43,9:19:46,123,KAZAV
AA0109,40283,0,0,PS,990915,9:29:35,9:29:44,9,0:00:00,0:00:00,0,AGENT,9:29:44,9:30:55,71,ZOHARI
AA0109,40284,0,0,PS,990915,9:41:54,9:42:03,9,0:00:00,0:00:00,0,AGENT,9:42:02,9:46:29,267,ZOHARI
AA0109,40285,0,0,NE,990915,9:51:03,9:51:15,12,0:00:00,0:00:00,0,AGENT,9:51:14,10:16:40,1526,ELI
AA0109,40286,33474602,2,PS,990915,10:00:06,10:00:12,6,10:00:12,10:00:22,10,AGENT,10:00:21,10:08:37,496,VICKY
AA0109,40287,0,0,PS,990915,10:11:59,10:12:09,10,0:00:00,0:00:00,0,AGENT,10:12:08,10:15:08,180,ZOHARI
AA0109,40288,8258329,2,NE,990915,10:17:16,10:17:22,6,10:17:22,10:20:28,186,AGENT,10:20:28,10:22:30,122,KAZAV
AA0109,40289,58029430,1,PS,990915,10:26:59,10:27:05,6,10:27:05,10:27:34,29,AGENT,10:27:33,10:28:01,28,STEREN
AA0109,40290,16426967,2,PS,990915,10:34:34,10:34:40,6,10:34:40,10:36:08,88,AGENT,10:36:08,10:38:06,118,DORIT
AA0109,40291,0,0,NW,990915,10:43:15,10:43:24,9,10:43:24,10:43:24,0,HANG,0:00:00,0:00:00,0,NO_SERVER
AA0109,40292,0,0,PS,990915,10:52:56,10:53:06,10,0:00:00,0:00:00,0,AGENT,10:53:05,10:57:44,279,ZOHARI
AA0109,40293,0,0,NW,990915,11:01:28,11:01:38,10,11:01:38,11:03:25,107,AGENT,11:03:25,11:03:52,27,STEREN
AA0109,40294,0,0,PS,990915,11:11:54,11:12:03,9,0:00:00,0:00:00,0,AGENT,11:12:02,11:14:41,159,ROTH
AA0109,40295,0,0,PS,990915,11:21:55,11:22:07,12,0:00:00,0:00:00,0,AGENT,11:22:06,11:22:49,43,DORIT
AA0109,40296,0,0,NW,990915,11:32:03,11:32:17,14,0:00:00,0:00:00,0,AGENT,11:32:16,11:33:35,79,GOLDIE
AA0109,40297,0,0,PS,990915,11:40:19,11:40:27,8,0:00:00,0:00:00,0,AGENT,11:40:26,11:41:16,50,STEREN
AA0109,40298,0,0,PS,990915,11:59:31,11:59:39,8,0:00:00,0:00:00,0,AGENT,11:59:39,12:02:45,186,DORIT
AA0109,40299,0,0,NE,990915,12:10:36,12:11:00,24,0:00:00,0:00:00,0,AGENT,12:10:59,12:11:56,57,ROTH
AA0109,40300,0,0,PS,990915,12:19:48,12:19:57,9,0:00:00,0:00:00,0,AGENT,12:19:56,12:21:12,76,STEREN
AA0109,40301,0,0,NE,990915,12:31:47,12:31:56,9,0:00:00,0:00:00,0,AGENT,12:31:55,12:35:59,244,KAZAV
AA0109,40302,0,0,PS,990915,12:49:13,12:49:23,10,0:00:00,0:00:00,0,AGENT,12:49:22,12:53:04,222,ZOHARI
AA0109,40303,0,0,PS,990915,13:02:05,13:02:16,11,0:00:00,0:00:00,0,AGENT,13:02:15,13:02:31,16,GOLDIE
AA0109,40304,0,0,PS,990915,13:11:21,13:11:31,10,0:00:00,0:00:00,0,AGENT,13:11:30,13:15:35,245,DORIT
AA0109,40305,58029430,1,PS,990915,13:22:26,13:22:31,5,13:22:31,13:24:15,104,AGENT,13:24:14,13:24:38,24,VICKY
AA0109,40306,0,0,NW,990915,13:39:28,13:39:29,1,0:00:00,0:00:00,0,HANG,0:00:00,0:00:00,0,NO_SERVER
AA0109,40307,0,0,PS,990915,13:51:20,13:51:38,18,0:00:00,0:00:00,0,AGENT,13:51:36,13:52:18,42,VICKY
AA0109,40308,0,0,NE,990915,14:00:43,14:00:51,8,0:00:00,0:00:00,0,AGENT,14:00:51,14:02:16,85,KAZAV
AA0109,40309,17331851,1,PS,990915,14:11:08,14:11:14,6,14:11:14,14:11:30,16,AGENT,14:11:30,14:12:31,61,VICKY
AA0109,40310,52867744,2,PS,990915,14:23:06,14:23:11,5,14:23:11,14:23:40,29,AGENT,14:23:38,14:25:36,118,VICKY
AA0109,40311,0,0,PS,990915,14:35:22,14:35:34,12,0:00:00,0:00:00,0,AGENT,14:35:33,14:39:44,251,ZOHARI
AA0109,40312,57379505,2,PS,990915,14:42:56,14:43:01,5,14:43:01,14:43:09,8,AGENT,14:43:08,14:46:40,212,ROTH
AA0109,40313,0,0,PS,990915,14:48:27,14:48:36,9,0:00:00,0:00:00,0,AGENT,14:48:35,14:51:00,145,AVNI
AA0109,40314,59197178,2,PS,990915,15:02:28,15:02:34,6,15:02:34,15:04:13,99,AGENT,15:04:13,15:06:38,145,ROTH
AA0109,40315,24927717,1,PS,990915,15:11:20,15:11:26,6,15:11:26,15:12:15,49,HANG,0:00:00,0:00:00,0,NO_SERVER
AA0109,40316,1574243,2,NE,990915,15:17:20,15:17:25,5,15:17:25,15:18:34,69,AGENT,15:18:33,15:19:06,33,ROTH
AA0109,40317,0,0,PS,990915,15:27:38,15:27:46,8,0:00:00,0:00:00,0,AGENT,15:27:46,15:29:47,121,KAZAV
AA0109,40318,22681993,2,NE,990915,15:33:08,15:33:13,5,15:33:13,15:33:48,35,AGENT,15:33:46,15:37:21,215,MORIAH
AA0109,40319,0,0,PS,990915,15:39:35,15:39:50,15,0:00:00,0:00:00,0,AGENT,15:39:50,15:40:52,62,ANAT
AA0109,40320,0,0,PS,990915,15:47:11,15:47:26,15,0:00:00,0:00:00,0,AGENT,15:47:24,15:49:27,123,ANAT
AA0109,40321,32899270,1,PS,990915,15:59:10,15:59:16,6,15:59:16,15:59:29,13,AGENT,15:59:28,16:08:45,557,STEREN
AA0109,40322,0,0,NW,990915,16:07:51,16:08:00,9,16:08:00,16:08:07,7,HANG,0:00:00,0:00:00,0,NO_SERVER
AA0109,40323,57364465,1,PS,990915,16:23:29,16:23:35,6,16:23:35,16:23:59,24,AGENT,16:23:58,16:26:43,165,ANAT
AA0109,40324,0,0,PS,990915,16:38:30,16:38:40,10,0:00:00,0:00:00,0,AGENT,16:38:39,16:41:50,191,AVNI
AA0109,40325,0,0,NE,990915,16:49:51,16:50:02,11,0:00:00,0:00:00,0,AGENT,16:50:01,16:52:54,173,MORIAH
AA0109,40326,0,0,PS,990915,17:05:38,17:05:49,11,0:00:00,0:00:00,0,AGENT,17:05:48,17:08:25,157,AVI
AA0109,40327,0,0,PS,990915,17:19:24,17:19:40,16,0:00:00,0:00:00,0,AGENT,17:19:39,17:21:03,84,ANAT
AA0109,40328,57460131,2,PS,990915,17:34:41,17:34:47,6,17:34:47,17:35:22,35,AGENT,17:35:21,17:37:08,107,AVI
AA0109,40329,0,0,PS,990915,17:57:15,17:57:25,10,0:00:00,0:00:00,0,AGENT,17:57:24,17:59:10,106,MORIAH
AA0109,40330,0,0,PS,990915,18:18:20,18:18:29,9,0:00:00,0:00:00,0,AGENT,18:18:28,18:18:58,30,BASCH
AA0109,40331,0,0,PS,990915,18:35:53,18:36:09,16,0:00:00,0:00:00,0,AGENT,18:36:08,18:36:10,2,TOVA
AA0109,40332,0,0,PS,990915,18:51:04,18:51:14,10,0:00:00,0:00:00,0,AGENT,18:51:13,18:55:27,254,BASCH
AA0109,40333,0,0,PS,990915,19:03:31,19:03:49,18,0:00:00,0:00:00,0,AGENT,19:03:49,19:05:04,75,BENSION
AA0109,40334,0,0,PS,990915,19:30:44,19:30:55,11,0:00:00,0:00:00,0,AGENT,19:30:53,19:31:38,45,MORIAH
AA0109,40335,0,0,PS,990915,19:51:38,19:51:50,12,0:00:00,0:00:00,0,AGENT,19:51:49,19:54:30,161,AVI
AA0109,40336,0,0,PS,990915,20:15:31,20:15:41,10,0:00:00,0:00:00,0,AGENT,20:15:40,20:17:14,94,AVI
AA0109,40337,0,0,PS,990915,20:35:04,20:35:13,9,0:00:00,0:00:00,0,AGENT,20:35:12,20:37:15,123,BASCH
AA0109,40338,0,0,PS,990915,20:52:23,20:52:33,10,0:00:00,0:00:00,0,AGENT,20:52:32,21:03:24,652,BASCH
AA0109,40339,0,0,PS,990915,21:11:00,21:11:16,16,0:00:00,0:00:00,0,AGENT,21:11:16,21:11:16,0,BENSION
AA0109,40340,27452077,1,PS,990915,21:27:34,21:27:39,5,21:27:39,21:28:35,56,AGENT,21:28:34,21:31:16,162,BENSION
AA0109,40341,0,0,PS,990915,21:47:51,21:48:01,10,0:00:00,0:00:00,0,AGENT,21:48:01,21:48:02,1,AVI
AA0109,40342,0,0,PS,990915,22:01:52,22:02:10,18,0:00:00,0:00:00,0,AGENT,22:02:09,22:03:08,59,BENSION
AA0109,40343,59630624,1,NE,990915,22:19:52,22:19:57,5,22:19:57,22:22:04,127,AGENT,22:22:03,22:23:15,72,AVI
AA0109,40344,0,0,PS,990915,22:50:01,22:50:17,16,0:00:00,0:00:00,0,AGENT,22:50:16,22:50:54,38,BENSION
AA0109,40345,0,0,PS,990915,23:24:13,23:24:22,9,0:00:00,0:00:00,0,AGENT,23:24:21,23:26:53,152,AVI
AA0109,40347,0,0,PS,990916,0:17:36,0:17:36,0,0:00:00,0:00:00,0,HANG,0:00:00,0:00:00,0,NO_SERVER
AA0109,40348,23530603,2,PS,990916,6:47:33,6:47:39,6,6:47:39,6:49:42,123,AGENT,6:49:41,6:49:52,11,YIFAT
AA0109,40349,0,0,PS,990916,8:02:50,8:03:01,11,0:00:00,0:00:00,0,AGENT,8:03:01,8:04:27,86,ANAT
AA0109,40350,15241045,2,PS,990916,8:16:08,8:16:14,6,8:16:14,8:16:16,2,AGENT,8:16:15,8:18:11,116,TOVA
AA0109,40351,0,0,NW,990916,8:35:29,8:35:38,9,8:35:38,8:36:46,68,AGENT,8:36:45,8:38:04,79,MORIAH
AA0109,40352,0,0,PS,990916,8:45:37,8:45:45,8,0:00:00,0:00:00,0,AGENT,8:45:45,8:48:20,155,DORIT
AA0109,40353,0,0,PS,990916,8:54:59,8:55:08,9,0:00:00,0:00:00,0,AGENT,8:55:08,8:59:11,243,YIFAT
AA0109,40354,8073371,2,PS,990916,9:07:23,9:07:29,6,9:07:29,9:08:29,60,AGENT,9:08:28,9:09:49,81,ZOHARI
AA0109,40355,0,0,NW,990916,9:17:43,9:17:52,9,9:17:52,9:18:16,24,AGENT,9:18:15,9:23:41,326,MORIAH
AA0109,40356,0,0,PS,990916,9:27:05,9:27:14,9,0:00:00,0:00:00,0,AGENT,9:27:14,9:27:50,36,KAZAV
AA0109,40357,0,0,PS,990916,9:48:19,9:48:36,17,0:00:00,0:00:00,0,AGENT,9:48:35,10:01:23,768,DORIT
AA0109,40358,23530603,2,PS,990916,9:55:55,9:56:01,6,9:56:01,9:56:44,43,AGENT,9:56:43,9:56:45,2,MORIAH
AA0109,40359,0,0,NW,990916,10:06:45,10:06:54,9,10:06:54,10:07:28,34,HANG,0:00:00,0:00:00,0,NO_SERVER
AA0109,40360,0,0,PS,990916,10:17:07,10:17:15,8,0:00:00,0:00:00,0,AGENT,10:17:14,10:24:47,453,DORIT
AA0109,40361,12251724,1,PS,990916,10:23:24,10:23:29,5,10:23:29,10:25:04,95,AGENT,10:25:03,10:25:58,55,MORIAH
AA0109,40362,10858884,2,NE,990916,10:29:07,10:29:12,5,10:29:12,10:29:25,13,AGENT,10:29:23,10:31:01,98,TOVA
AA0109,40363,29554219,1,PS,990916,10:37:17,10:37:22,5,10:37:22,10:37:56,34,AGENT,10:37:55,10:39:13,78,ANAT
AA0109,40364,0,0,PS,990916,10:46:20,10:46:29,9,0:00:00,0:00:00,0,AGENT,10:46:28,10:47:40,72,DORIT
AA0109,40365,25629965,2,PS,990916,11:00:29,11:00:34,5,11:00:34,11:00:40,6,AGENT,11:00:40,11:01:26,46,ANAT
AA0109,40366,57831356,2,NE,990916,11:12:45,11:12:50,5,11:12:50,11:14:08,78,AGENT,11:14:07,11:14:58,51,KAZAV
AA0109,40367,0,0,PS,990916,11:24:11,11:24:22,11,0:00:00,0:00:00,0,AGENT,11:24:20,11:24:23,3,MORIAH
AA0109,40368,38297453,2,PS,990916,11:34:23,11:34:29,6,11:34:29,11:34:46,17,AGENT,11:34:45,11:38:41,236,KAZAV
AA0109,40369,0,0,PS,990916,11:52:16,11:52:26,10,0:00:00,0:00:00,0,AGENT,11:52:25,11:53:47,82,TOVA
AA0109,40370,24410680,1,PS,990916,12:00:21,12:00:26,5,12:00:26,12:02:05,99,AGENT,12:02:04,12:06:00,236,ROTH
AA0109,40371,0,0,NW,990916,12:15:00,12:15:09,9,12:15:09,12:19:36,267,HANG,0:00:00,0:00:00,0,NO_SERVER
AA0109,40372,0,0,NW,990916,12:29:00,12:29:12,12,0:00:00,0:00:00,0,AGENT,12:29:12,12:30:13,61,MORIAH
AA0109,40373,0,0,PS,990916,12:48:13,12:48:31,18,0:00:00,0:00:00,0,AGENT,12:48:30,12:51:51,201,GOLDIE
AA0109,40374,6692800,2,PS,990916,12:59:09,12:59:15,6,12:59:15,12:59:27,12,AGENT,12:59:26,12:59:28,2,MORIAH
AA0109,40375,50835032,2,PS,990916,13:09:48,13:09:54,6,13:09:54,13:11:03,69,AGENT,13:11:02,13:26:58,956,DORIT
AA0109,40376,22125660,2,PS,990916,13:19:43,13:19:48,5,13:19:48,13:19:53,5,AGENT,13:19:52,13:21:08,76,ROTH
AA0109,40377,71520779,1,PS,990916,13:28:34,13:28:39,5,13:28:39,13:31:24,165,AGENT,13:31:23,13:31:32,9,KAZAV
AA0109,40378,37691920,1,PS,990916,13:40:53,13:40:59,6,13:40:59,13:41:55,56,AGENT,13:41:55,13:42:51,56,ROTH
AA0109,40379,63193346,2,PS,990916,13:53:24,13:53:29,5,13:53:29,13:54:18,49,AGENT,13:54:18,13:55:40,82,ANAT
AA0109,40380,24927717,1,PS,990916,14:04:55,14:05:01,6,14:05:01,14:05:12,11,HANG,0:00:00,0:00:00,0,NO_SERVER
AA0109,40381,24927717,1,PS,990916,14:10:03,14:10:09,6,14:10:09,14:10:18,9,HANG,0:00:00,0:00:00,0,NO_SERVER
AA0109,40382,0,0,NW,990916,14:15:53,14:16:03,10,14:16:03,14:19:13,190,AGENT,14:19:11,14:20:45,94,STEREN
AA0109,40383,9205253,2,PS,990916,14:30:19,14:30:25,6,14:30:25,14:30:51,26,AGENT,14:30:50,14:30:52,2,MORIAH
AA0109,40384,0,0,PS,990916,14:43:24,14:43:33,9,0:00:00,0:00:00,0,AGENT,14:43:32,14:47:35,243,KAZAV
AA0109,40385,12887816,1,PS,990916,15:04:43,15:04:48,5,15:04:48,15:05:04,16,HANG,0:00:00,0:00:00,0,NO_SERVER
AA0109,40386,52120771,1,NE,990916,15:10:38,15:10:43,5,15:10:43,15:13:09,146,AGENT,15:13:08,15:18:58,350,ELI
AA0109,40387,57074585,2,PS,990916,15:18:42,15:18:47,5,15:18:47,15:18:59,12,HANG,0:00:00,0:00:00,0,NO_SERVER
AA0109,40388,28711224,1,PS,990916,15:26:56,15:27:02,6,15:27:02,15:30:28,206,AGENT,15:30:27,15:36:17,350,KAZAV
AA0109,40389,24410680,1,PS,990916,15:34:41,15:34:47,6,15:34:47,15:38:24,217,AGENT,15:38:24,15:42:15,231,KAZAV
AA0109,40390,0,0,NW,990916,15:46:33,15:46:43,10,15:46:43,15:47:00,17,HANG,0:00:00,0:00:00,0,NO_SERVER
AA0109,40391,48820351,2,NE,990916,15:54:39,15:54:45,6,15:54:45,15:55:04,19,AGENT,15:55:03,16:06:47,704,ZOHARI
AA0109,40392,38238598,2,PS,990916,16:02:19,16:02:24,5,16:02:24,16:03:10,46,HANG,0:00:00,0:00:00,0,NO_SERVER
AA0109,40393,17936709,2,PS,990916,16:12:10,16:12:15,5,16:12:15,16:12:20,5,AGENT,16:12:19,16:19:47,448,ROTH
AA0109,40394,45800935,2,PS,990916,16:24:57,16:25:03,6,16:25:03,16:26:00,57,AGENT,16:26:00,16:27:28,88,AVI
AA0109,40395,0,0,PS,990916,16:40:06,16:40:16,10,0:00:00,0:00:00,0,AGENT,16:40:14,16:42:10,116,ROTH
AA0109,40396,58704610,2,PS,990916,16:49:43,16:49:49,6,16:49:49,16:51:01,72,AGENT,16:51:00,16:57:02,362,GOLDIE
AA0109,40397,0,0,PS,990916,17:02:43,17:02:53,10,0:00:00,0:00:00,0,AGENT,17:02:53,17:04:39,106,GILI
AA0109,40398,0,0,NW,990916,17:20:59,17:21:09,10,17:21:09,17:22:15,66,HANG,0:00:00,0:00:00,0,NO_SERVER
AA0109,40399,27839406,1,PS,990916,17:35:58,17:36:04,6,17:36:04,17:36:13,9,AGENT,17:36:12,17:37:42,90,GILI
AA0109,40400,0,0,PS,990916,18:00:12,18:00:21,9,0:00:00,0:00:00,0,AGENT,18:00:20,18:05:29,309,GILI
AA0109,40401,0,0,PS,990916,18:22:56,18:23:06,10,0:00:00,0:00:00,0,AGENT,18:23:05,18:35:17,732,GOLDIE
AA0109,40402,0,0,PS,990916,18:42:57,18:43:06,9,0:00:00,0:00:00,0,AGENT,18:43:05,18:45:57,172,STEREN
AA0109,40403,0,0,NW,990916,19:10:22,19:10:39,17,0:00:00,0:00:00,0,HANG,0:00:00,0:00:00,0,NO_SERVER
AA0109,40404,0,0,PS,990916,19:25:53,19:26:02,9,0:00:00,0:00:00,0,AGENT,19:26:01,19:39:14,793,AVNI
AA0109,40405,0,0,PS,990916,19:49:25,19:49:34,9,0:00:00,0:00:00,0,AGENT,19:49:34,19:52:23,169,GOLDIE
AA0109,40406,0,0,PS,990916,20:20:39,20:20:53,14,0:00:00,0:00:00,0,AGENT,20:20:52,20:31:04,612,MEIR
AA0109,40407,0,0,PS,990916,20:55:13,20:55:28,15,0:00:00,0:00:00,0,AGENT,20:55:28,20:58:43,195,AVI
AA0109,40408,0,0,NE,990916,21:22:08,21:22:22,14,0:00:00,0:00:00,0,AGENT,21:22:21,21:23:11,50,AVI
AA0109,40409,0,0,PS,990916,21:57:17,21:57:30,13,0:00:00,0:00:00,0,AGENT,21:57:29,21:59:46,137,MEIR
AA0109,40410,24282246,2,PS,990916,22:14:20,22:14:25,5,22:14:25,22:14:40,15,HANG,0:00:00,0:00:00,0,NO_SERVER
AA0109,40411,29474020,2,PS,990916,22:33:24,22:33:30,6,22:33:30,22:33:46,16,AGENT,22:33:46,22:37:06,200,GELBER
AA0109,40412,0,0,PS,990916,23:08:31,23:08:40,9,0:00:00,0:00:00,0,AGENT,23:08:40,23:11:22,162,VICKY
AA0109,40413,0,0,PS,990916,23:52:34,23:52:46,12,0:00:00,0:00:00,0,AGENT,23:52:45,23:58:28,343,GELBER
AA0109,40414,0,0,PS,990917,7:03:52,7:04:04,12,0:00:00,0:00:00,0,AGENT,7:04:03,7:06:39,156,STEREN
AA0109,40415,0,0,PS,990917,7:44:16,7:44:27,11,0:00:00,0:00:00,0,AGENT,7:44:27,7:45:25,58,MORIAH
AA0109,40416,0,0,NW,990917,8:15:27,8:15:44,17,0:00:00,0:00:00,0,AGENT,8:15:43,8:16:12,29,BENSION
AA0109,40417,0,0,PS,990917,8:33:27,8:33:35,8,0:00:00,0:00:00,0,AGENT,8:33:35,8:34:59,84,MORIAH
AA0109,40418,26059097,2,PS,990917,8:46:56,8:47:02,6,8:47:02,8:48:22,80,AGENT,8:48:21,8:48:25,4,MORIAH
AA0109,40420,0,0,PS,990917,8:57:42,8:57:42,0,0:00:00,0:00:00,0,HANG,0:00:00,0:00:00,0,NO_SERVER
AA0109,40421,28994457,2,PS,990917,9:13:56,9:14:02,6,9:14:02,9:15:04,62,AGENT,9:15:03,9:27:07,724,DORIT
AA0109,40422,69737062,2,PS,990917,9:30:10,9:30:16,6,9:30:16,9:31:18,62,AGENT,9:31:17,9:31:28,11,BENSION
AA0109,40423,56765985,2,PS,990917,9:42:11,9:42:17,6,9:42:17,9:43:21,64,AGENT,9:43:20,9:43:56,36,SHARON
AA0109,40424,22473201,1,PS,990917,9:55:16,9:55:21,5,9:55:21,9:55:30,9,AGENT,9:55:29,9:55:33,4,MORIAH
AA0109,40425,7191646,2,NE,990917,10:06:31,10:06:36,5,10:06:36,10:07:14,38,AGENT,10:07:13,10:13:59,406,MORIAH
AA0109,40426,310077417,1,PS,990917,10:19:53,10:19:59,6,10:19:59,10:20:41,42,AGENT,10:20:40,10:30:07,567,STEREN
AA0109,40427,0,0,PS,990917,10:41:17,10:41:30,13,0:00:00,0:00:00,0,AGENT,10:41:28,10:42:41,73,DORIT
AA0109,40428,33965351,1,PS,990917,10:59:50,10:59:56,6,10:59:56,11:00:01,5,AGENT,11:00:01,11:02:14,133,MORIAH
AA0109,40429,0,0,PS,990917,11:17:53,11:18:07,14,0:00:00,0:00:00,0,AGENT,11:18:07,11:21:23,196,MORIAH
AA0109,40430,0,0,PS,990917,11:31:56,11:32:05,9,0:00:00,0:00:00,0,AGENT,11:32:05,11:41:03,538,MORIAH
AA0109,40431,0,0,PS,990917,11:51:50,11:51:59,9,0:00:00,0:00:00,0,AGENT,11:51:58,11:53:37,99,DARMON
AA0109,40432,57476988,1,PS,990917,12:16:04,12:16:09,5,12:16:09,12:17:00,51,AGENT,12:17:00,12:17:49,49,DORIT
AA0109,40433,0,0,NW,990917,12:36:11,12:36:21,10,0:00:00,0:00:00,0,AGENT,12:36:23,12:36:29,6,NO_SERVER
AA0109,40434,0,0,NW,990917,13:09:13,13:09:36,23,0:00:00,0:00:00,0,AGENT,13:09:36,13:10:01,25,SHARON
AA0109,40435,0,0,PS,990917,13:37:10,13:37:19,9,0:00:00,0:00:00,0,AGENT,13:37:18,13:39:15,117,DORIT
AA0109,40436,0,0,PS,990917,14:27:01,14:27:18,17,0:00:00,0:00:00,0,HANG,0:00:00,0:00:00,0,NO_SERVER
AA0109,40437,0,0,PS,990917,15:22:54,15:23:05,11,0:00:00,0:00:00,0,HANG,0:00:00,0:00:00,0,NO_SERVER
AA0109,40438,0,0,NW,990917,21:22:45,21:23:10,25,0:00:00,0:00:00,0,HANG,0:00:00,0:00:00,0,NO_SERVER
AA0109,40439,0,0,PS,990918,19:06:21,19:06:39,18,0:00:00,0:00:00,0,HANG,0:00:00,0:00:00,0,NO_SERVER
AA0109,40440,62333810,1,PS,990918,19:54:43,19:54:48,5,19:54:48,19:56:25,97,AGENT,19:56:24,19:58:48,144,DORIT
AA0109,40441,0,0,PS,990918,20:37:19,20:37:27,8,0:00:00,0:00:00,0,AGENT,20:37:27,20:38:44,77,ROTH
AA0109,40442,0,0,PS,990918,21:06:18,21:06:29,11,0:00:00,0:00:00,0,AGENT,21:06:28,21:08:01,93,DORIT
AA0109,40443,0,0,PS,990918,21:46:15,21:46:24,9,0:00:00,0:00:00,0,AGENT,21:46:23,21:50:27,244,DORIT
AA0109,40444,0,0,PS,990918,22:17:57,22:18:08,11,0:00:00,0:00:00,0,AGENT,22:18:07,22:19:51,104,DORIT
AA0109,40445,0,0,PS,990918,23:29:02,23:29:13,11,0:00:00,0:00:00,0,AGENT,23:29:12,23:30:54,102,SHARON
AA0109,40446,0,0,NW,990919,3:32:01,3:32:39,38,0:00:00,0:00:00,0,HANG,0:00:00,0:00:00,0,NO_SERVER
AA0109,40447,0,0,PS,990919,7:39:05,7:39:21,16,0:00:00,0:00:00,0,AGENT,7:39:20,7:39:59,39,ANAT
AA0109,40448,0,0,NW,990919,7:59:19,7:59:32,13,0:00:00,0:00:00,0,AGENT,7:59:31,8:00:13,42,MORIAH
AA0109,40449,0,0,NW,990919,8:18:12,8:18:25,13,0:00:00,0:00:00,0,AGENT,8:18:25,8:18:48,23,SHARON
AA0109,40450,0,0,NW,990919,8:35:11,8:35:25,14,0:00:00,0:00:00,0,AGENT,8:35:23,8:39:16,233,AVNI
AA0109,40451,0,0,PS,990919,8:44:41,8:44:50,9,0:00:00,0:00:00,0,AGENT,8:44:49,8:46:22,93,TOVA
AA0109,40452,54581103,1,PS,990919,8:54:18,8:54:23,5,8:54:23,8:55:13,50,PHANTOM,8:55:13,8:55:16,3,NO_SERVER
AA0109,40453,0,0,PS,990919,9:07:46,9:07:59,13,0:00:00,0:00:00,0,AGENT,9:07:58,9:08:01,3,ANAT
AA0109,40454,0,0,PS,990919,9:27:02,9:27:11,9,0:00:00,0:00:00,0,AGENT,9:27:11,9:29:30,139,ROTH
AA0109,40455,1968676,2,PS,990919,9:42:37,9:42:43,6,9:42:43,9:43:05,22,AGENT,9:43:03,9:46:36,213,ROTH
AA0109,40456,0,0,PS,990919,9:58:20,9:58:29,9,0:00:00,0:00:00,0,AGENT,9:58:28,9:59:57,89,TOVA
AA0109,40457,0,0,PS,990919,10:22:13,10:22:23,10,0:00:00,0:00:00,0,AGENT,10:22:22,10:27:50,328,ANAT
AA0109,40458,0,0,PS,990919,10:56:25,10:56:35,10,0:00:00,0:00:00,0,AGENT,10:56:35,10:57:41,66,SHARON
AA0109,40459,0,0,PS,990919,11:36:28,11:36:37,9,0:00:00,0:00:00,0,AGENT,11:36:36,11:37:21,45,AVNI
AA0109,40460,0,0,NW,990919,17:41:35,17:41:36,1,0:00:00,0:00:00,0,HANG,0:00:00,0:00:00,0,NO_SERVER
AA0109,40462,0,0,PS,990920,20:43:43,20:43:43,0,0:00:00,0:00:00,0,HANG,0:00:00,0:00:00,0,NO_SERVER
AA0109,40463,0,0,PS,990920,21:24:37,21:24:47,10,0:00:00,0:00:00,0,AGENT,21:24:47,21:25:54,67,SHARON
AA0109,40464,0,0,PS,990920,21:49:27,21:49:41,14,0:00:00,0:00:00,0,AGENT,21:49:40,21:52:24,164,SHARON
AA0109,40465,34500223,1,PS,990920,22:19:27,22:19:32,5,22:19:32,22:20:11,39,HANG,0:00:00,0:00:00,0,NO_SERVER
AA0109,40466,0,0,PS,990920,22:49:46,22:49:55,9,0:00:00,0:00:00,0,AGENT,22:49:54,22:52:14,140,DORIT
AA0109,40468,0,0,PS,990920,23:21:49,23:21:49,0,0:00:00,0:00:00,0,HANG,0:00:00,0:00:00,0,NO_SERVER
AA0109,40470,0,0,PS,990921,0:46:39,0:46:39,0,0:00:00,0:00:00,0,HANG,0:00:00,0:00:00,0,NO_SERVER
AA0109,40471,0,0,PS,990921,6:20:05,6:20:20,15,0:00:00,0:00:00,0,HANG,0:00:00,0:00:00,0,NO_SERVER
AA0109,40472,0,0,PS,990921,7:24:26,7:24:38,12,0:00:00,0:00:00,0,AGENT,7:24:38,7:31:41,423,ANAT
AA0109,40473,0,0,PS,990921,7:39:09,7:39:29,20,0:00:00,0:00:00,0,AGENT,7:39:28,7:42:57,209,ANAT
AA0109,40474,0,0,PS,990921,8:02:38,8:02:47,9,0:00:00,0:00:00,0,AGENT,8:02:47,8:03:59,72,YIFAT
AA0109,40475,0,0,NW,990921,8:21:25,8:21:41,16,0:00:00,0:00:00,0,AGENT,8:21:40,8:22:05,25,ANAT
AA0109,40476,0,0,NE,990921,8:38:11,8:38:21,10,0:00:00,0:00:00,0,AGENT,8:38:20,8:38:24,4,MORIAH
AA0109,40477,0,0,NW,990921,8:48:15,8:48:24,9,8:48:24,8:49:48,84,HANG,0:00:00,0:00:00,0,NO_SERVER
AA0109,40478,0,0,PS,990921,9:04:23,9:04:32,9,0:00:00,0:00:00,0,AGENT,9:04:31,9:05:53,82,KAZAV
AA0109,40479,0,0,PS,990921,9:15:58,9:16:07,9,0:00:00,0:00:00,0,AGENT,9:16:07,9:18:06,119,YIFAT
AA0109,40480,0,0,NE,990921,9:33:04,9:33:13,9,0:00:00,0:00:00,0,AGENT,9:33:12,9:35:10,118,MORIAH
AA0109,40481,0,0,PS,990921,9:44:56,9:45:06,10,0:00:00,0:00:00,0,AGENT,9:45:05,9:45:07,2,YIFAT
AA0109,40482,32405870,1,PS,990921,9:50:10,9:50:16,6,9:50:16,9:50:35,19,AGENT,9:50:33,9:52:02,89,AVI
AA0109,40483,0,0,NW,990921,9:56:45,9:56:55,10,9:56:55,9:56:56,1,HANG,0:00:00,0:00:00,0,NO_SERVER
AA0109,40484,0,0,NW,990921,10:01:54,10:02:03,9,10:02:03,10:05:49,226,AGENT,10:05:48,10:05:59,11,AVI
AA0109,40485,16619892,2,PS,990921,10:11:58,10:12:04,6,10:12:04,10:13:39,95,HANG,0:00:00,0:00:00,0,NO_SERVER
AA0109,40486,0,0,PS,990921,10:19:13,10:19:23,10,0:00:00,0:00:00,0,AGENT,10:19:22,10:20:05,43,YIFAT
AA0109,40487,0,0,NE,990921,10:25:50,10:25:59,9,0:00:00,0:00:00,0,AGENT,10:25:58,10:33:30,452,ROTH
AA0109,40488,33394115,1,PS,990921,10:34:19,10:34:25,6,10:34:25,10:34:52,27,AGENT,10:34:51,10:39:11,260,ANAT
AA0109,40489,0,0,PS,990921,10:41:44,10:41:54,10,0:00:00,0:00:00,0,AGENT,10:41:52,10:42:55,63,ANAT
AA0109,40490,69715209,2,PS,990921,10:50:13,10:50:18,5,10:50:18,10:51:06,48,AGENT,10:51:05,10:57:48,403,ANAT
AA0109,40491,59748897,2,PS,990921,10:57:10,10:57:16,6,10:57:16,10:58:49,93,AGENT,10:58:48,11:05:07,379,KAZAV
AA0109,40492,0,0,PS,990921,11:05:13,11:05:22,9,0:00:00,0:00:00,0,AGENT,11:05:20,11:09:22,242,KAZAV
AA0109,40493,37635950,2,PS,990921,11:14:08,11:14:14,6,11:14:14,11:15:02,48,AGENT,11:15:01,11:15:29,28,DORIT
AA0109,40494,0,0,PS,990921,11:23:28,11:23:37,9,0:00:00,0:00:00,0,AGENT,11:23:36,11:27:17,221,AVNI
AA0109,40495,0,0,PS,990921,11:34:36,11:34:45,9,0:00:00,0:00:00,0,AGENT,11:34:45,11:35:43,58,ANAT
AA0109,40496,0,0,PS,990921,11:46:44,11:46:57,13,0:00:00,0:00:00,0,AGENT,11:46:56,11:47:58,62,BASCH
AA0109,40497,0,0,PS,990921,11:56:53,11:57:02,9,0:00:00,0:00:00,0,AGENT,11:57:02,11:59:59,177,ANAT
AA0109,40498,0,0,PS,990921,12:06:26,12:06:42,16,0:00:00,0:00:00,0,AGENT,12:06:42,12:09:49,187,AVI
AA0109,40499,54145529,2,PS,990921,12:16:41,12:16:47,6,12:16:47,12:17:04,17,PHANTOM,12:17:04,12:17:10,6,NO_SERVER
AA0109,40500,0,0,NW,990921,12:28:51,12:29:00,9,12:29:00,12:29:46,46,AGENT,12:29:44,12:34:21,277,AVNI
AA0109,40501,0,0,PS,990921,12:41:37,12:41:51,14,0:00:00,0:00:00,0,AGENT,12:41:51,12:44:13,142,ANAT
AA0109,40502,0,0,PS,990921,12:59:10,12:59:18,8,0:00:00,0:00:00,0,AGENT,12:59:18,12:59:59,41,KAZAV
AA0109,40503,29373164,2,PS,990921,13:08:27,13:08:33,6,13:08:33,13:08:45,12,AGENT,13:08:44,13:09:38,54,YIFAT
AA0109,40504,0,0,PS,990921,13:23:55,13:24:05,10,0:00:00,0:00:00,0,AGENT,13:24:04,13:34:03,599,ANAT
AA0109,40505,0,0,PS,990921,13:36:08,13:36:26,18,0:00:00,0:00:00,0,AGENT,13:36:25,13:37:44,79,ANAT
AA0109,40506,67158097,2,PS,990921,13:41:43,13:41:49,6,13:41:49,13:43:36,107,AGENT,13:43:35,13:45:18,103,AVI
AA0109,40507,31942345,1,PS,990921,13:49:47,13:49:52,5,13:49:52,13:50:02,10,HANG,0:00:00,0:00:00,0,NO_SERVER
AA0109,40508,0,0,PS,990921,13:57:38,13:57:47,9,0:00:00,0:00:00,0,AGENT,13:57:47,13:59:34,107,DORIT
AA0109,40509,1574243,2,NE,990921,14:06:06,14:06:12,6,14:06:12,14:06:37,25,AGENT,14:06:36,14:07:19,43,TOVA
AA0109,40510,0,0,PS,990921,14:18:29,14:18:38,9,0:00:00,0:00:00,0,AGENT,14:18:37,14:19:18,41,DORIT
AA0109,40511,0,0,PS,990921,14:29:29,14:29:38,9,0:00:00,0:00:00,0,AGENT,14:29:37,14:40:37,660,ROTH
AA0109,40512,0,0,PS,990921,14:44:11,14:44:21,10,0:00:00,0:00:00,0,AGENT,14:44:19,14:47:04,165,ROTH
AA0109,40513,0,0,NW,990921,14:56:49,14:56:55,6,0:00:00,0:00:00,0,HANG,0:00:00,0:00:00,0,NO_SERVER
AA0109,40514,0,0,NW,990921,15:09:05,15:09:14,9,15:09:14,15:11:22,128,AGENT,15:11:21,15:28:42,1041,GOLDIE
AA0109,40515,14346852,1,PS,990921,15:21:00,15:21:05,5,15:21:05,15:21:27,22,AGENT,15:21:26,15:26:39,313,KAZAV
AA0109,40516,0,0,PS,990921,15:31:03,15:31:13,10,0:00:00,0:00:00,0,AGENT,15:31:12,15:34:42,210,ROTH
AA0109,40517,0,0,PS,990921,15:39:14,15:39:23,9,0:00:00,0:00:00,0,AGENT,15:39:22,15:49:13,591,AVNI
AA0109,40518,0,0,PS,990921,15:50:25,15:50:35,10,0:00:00,0:00:00,0,AGENT,15:50:34,15:59:31,537,GOLDIE
AA0109,40519,0,0,PS,990921,16:00:53,16:01:05,12,0:00:00,0:00:00,0,AGENT,16:01:05,16:02:15,70,TOVA
AA0109,40520,0,0,PS,990921,16:08:24,16:08:32,8,0:00:00,0:00:00,0,AGENT,16:08:31,16:09:28,57,STEREN
AA0109,40521,0,0,PS,990921,16:20:41,16:20:51,10,0:00:00,0:00:00,0,AGENT,16:20:50,16:23:10,140,STEREN
AA0109,40522,0,0,PS,990921,16:33:03,16:33:15,12,0:00:00,0:00:00,0,AGENT,16:33:14,16:35:26,132,STEREN
AA0109,40523,3652195,2,PS,990921,16:41:23,16:41:28,5,16:41:28,16:42:02,34,AGENT,16:42:01,16:43:55,114,BENSION
AA0109,40524,0,0,PS,990921,17:03:14,17:03:22,8,0:00:00,0:00:00,0,AGENT,17:03:22,17:07:47,265,TOVA
AA0109,40525,0,0,NE,990921,17:18:35,17:18:44,9,0:00:00,0:00:00,0,AGENT,17:18:43,17:29:47,664,ZOHARI
AA0109,40526,33506544,1,PS,990921,17:33:30,17:33:36,6,17:33:36,17:34:53,77,AGENT,17:34:52,17:37:05,133,STEREN
AA0109,40527,0,0,NE,990921,17:56:59,17:57:09,10,0:00:00,0:00:00,0,AGENT,17:57:08,17:58:35,87,VICKY
AA0109,40528,0,0,PS,990921,18:15:25,18:15:35,10,0:00:00,0:00:00,0,AGENT,18:15:34,18:18:52,198,GOLDIE
AA0109,40529,0,0,PS,990921,18:35:45,18:35:53,8,0:00:00,0:00:00,0,AGENT,18:35:53,18:38:48,175,STEREN
AA0109,40530,0,0,PS,990921,18:55:42,18:55:57,15,0:00:00,0:00:00,0,AGENT,18:55:56,18:56:59,63,BENSION
AA0109,40531,0,0,PS,990921,19:22:29,19:22:40,11,0:00:00,0:00:00,0,AGENT,19:22:39,19:24:45,126,BENSION
AA0109,40532,31810138,2,PS,990921,19:43:01,19:43:07,6,19:43:07,19:44:09,62,AGENT,19:44:08,19:44:15,7,GOLDIE
AA0109,40533,0,0,PS,990921,19:59:44,19:59:53,9,0:00:00,0:00:00,0,AGENT,19:59:53,20:00:44,51,GOLDIE
AA0109,40534,0,0,PS,990921,20:29:11,20:29:20,9,0:00:00,0:00:00,0,AGENT,20:29:19,20:32:16,177,STEREN
AA0109,40535,0,0,PS,990921,20:50:06,20:50:18,12,0:00:00,0:00:00,0,AGENT,20:50:18,20:51:43,85,BENSION
AA0109,40536,38251815,2,PS,990921,21:05:05,21:05:11,6,21:05:11,21:06:30,79,AGENT,21:06:29,21:10:40,251,STEREN
AA0109,40537,0,0,NW,990921,21:22:09,21:22:18,9,21:22:18,21:22:32,14,AGENT,21:22:32,21:24:10,98,YITZ
AA0109,40538,0,0,PS,990921,21:44:29,21:44:39,10,0:00:00,0:00:00,0,AGENT,21:44:39,21:45:53,74,GILI
AA0109,40539,0,0,PS,990921,22:07:52,22:08:02,10,0:00:00,0:00:00,0,AGENT,22:08:02,22:12:08,246,YITZ
AA0109,40540,0,0,NE,990921,22:26:32,22:26:42,10,0:00:00,0:00:00,0,AGENT,22:26:41,22:36:15,574,ZOHARI
AA0109,40541,0,0,PS,990921,22:58:46,22:58:59,13,0:00:00,0:00:00,0,AGENT,22:58:59,23:00:13,74,BENSION
AA0109,40542,0,0,PS,990921,23:22:27,23:22:37,10,0:00:00,0:00:00,0,AGENT,23:22:36,23:25:33,177,STEREN
AA0109,40543,0,0,PS,990921,23:56:44,23:56:54,10,0:00:00,0:00:00,0,AGENT,23:56:54,23:59:41,167,STEREN
AA0109,40544,0,0,PS,990922,7:05:35,7:05:45,10,0:00:00,0:00:00,0,AGENT,7:05:44,7:07:25,101,TOVA
AA0109,40545,0,0,PS,990922,7:35:45,7:36:01,16,0:00:00,0:00:00,0,AGENT,7:35:59,7:37:07,68,VICKY
AA0109,40546,0,0,PS,990922,7:58:23,7:58:34,11,0:00:00,0:00:00,0,AGENT,7:58:34,7:59:29,55,YIFAT
AA0109,40547,0,0,PS,990922,8:00:05,8:00:24,19,0:00:00,0:00:00,0,HANG,0:00:00,0:00:00,0,NO_SERVER
AA0109,40548,0,0,PS,990922,8:18:30,8:18:38,8,0:00:00,0:00:00,0,AGENT,8:18:38,8:19:24,46,ROTH
AA0109,40549,0,0,NW,990922,8:31:21,8:31:30,9,8:31:30,8:31:48,18,AGENT,8:31:46,8:32:29,43,GOLDIE
AA0109,40550,0,0,NW,990922,8:45:52,8:46:01,9,8:46:01,8:47:46,105,AGENT,8:47:46,8:49:30,104,ROTH
AA0109,40551,24442634,2,PS,990922,8:58:33,8:58:39,6,8:58:39,8:58:43,4,AGENT,8:58:42,9:00:09,87,ROTH
AA0109,40552,58029620,2,PS,990922,9:07:19,9:07:25,6,9:07:25,9:07:38,13,AGENT,9:07:38,9:08:20,42,TOVA
AA0109,40553,0,0,PS,990922,9:15:06,9:15:15,9,0:00:00,0:00:00,0,AGENT,9:15:14,9:24:11,537,VICKY
AA0109,40554,58859752,2,PS,990922,9:22:18,9:22:23,5,9:22:23,9:23:18,55,AGENT,9:23:17,9:24:09,52,ZOHARI
AA0109,40555,0,0,PS,990922,9:34:09,9:34:18,9,0:00:00,0:00:00,0,AGENT,9:34:18,9:36:59,161,AVNI
AA0109,40556,0,0,PS,990922,9:44:39,9:44:48,9,0:00:00,0:00:00,0,AGENT,9:44:47,9:47:23,156,STEREN
AA0109,40557,0,0,PS,990922,9:53:02,9:53:11,9,0:00:00,0:00:00,0,AGENT,9:53:10,9:54:39,89,KAZAV
AA0109,40558,0,0,PS,990922,10:04:00,10:04:10,10,0:00:00,0:00:00,0,AGENT,10:04:09,10:04:12,3,TOVA
AA0109,40559,0,0,PS,990922,10:11:16,10:11:27,11,0:00:00,0:00:00,0,AGENT,10:11:26,10:20:00,514,YIFAT
AA0109,40560,0,0,PS,990922,10:19:51,10:20:00,9,0:00:00,0:00:00,0,AGENT,10:20:00,10:23:38,218,GOLDIE
AA0109,40561,24927717,1,PS,990922,10:27:22,10:27:27,5,10:27:27,10:27:36,9,AGENT,10:27:35,10:27:42,7,YIFAT
AA0109,40562,59614776,2,PS,990922,10:32:59,10:33:05,6,10:33:05,10:33:20,15,AGENT,10:33:18,10:34:46,88,TOVA
AA0109,40563,13000567,2,PS,990922,10:40:38,10:40:43,5,10:40:43,10:40:50,7,AGENT,10:40:49,10:42:33,104,YIFAT
AA0109,40564,0,0,NE,990922,10:47:43,10:47:52,9,0:00:00,0:00:00,0,AGENT,10:47:51,10:50:35,164,KAZAV
AA0109,40565,0,0,PS,990922,10:56:03,10:56:15,12,0:00:00,0:00:00,0,AGENT,10:56:14,10:59:43,209,VICKY
AA0109,40566,22207476,2,NE,990922,11:03:45,11:03:50,5,11:03:50,11:04:46,56,AGENT,11:04:45,11:11:54,429,TOVA
AA0109,40567,0,0,NW,990922,11:10:41,11:10:50,9,11:10:50,11:11:25,35,AGENT,11:11:25,11:12:05,40,ROTH
AA0109,40568,78191137,2,PS,990922,11:20:01,11:20:07,6,11:20:07,11:20:53,46,AGENT,11:20:52,11:26:49,357,ZOHARI
AA0109,40569,0,0,NW,990922,11:26:27,11:26:37,10,11:26:37,11:26:42,5,HANG,0:00:00,0:00:00,0,NO_SERVER
AA0109,40570,14264295,2,PS,990922,11:33:39,11:33:45,6,11:33:45,11:34:31,46,AGENT,11:34:29,11:38:17,228,GOLDIE
AA0109,40571,0,0,NW,990922,11:44:01,11:44:10,9,11:44:10,11:47:37,207,AGENT,11:47:35,11:48:34,59,STEREN
AA0109,40572,30442495,2,PS,990922,11:53:55,11:54:01,6,11:54:01,11:54:12,11,AGENT,11:54:11,11:58:56,285,GOLDIE
AA0109,40573,59184507,1,PS,990922,12:02:57,12:03:02,5,12:03:02,12:03:06,4,AGENT,12:03:05,12:04:30,85,STEREN
AA0109,40574,0,0,PS,990922,12:15:07,12:15:16,9,0:00:00,0:00:00,0,AGENT,12:15:15,12:18:38,203,ZOHARI
AA0109,40575,0,0,PS,990922,12:28:10,12:28:19,9,0:00:00,0:00:00,0,AGENT,12:28:18,12:34:02,344,ROTH
AA0109,40576,0,0,NE,990922,12:42:13,12:42:23,10,0:00:00,0:00:00,0,AGENT,12:42:22,12:45:43,201,VICKY
AA0109,40577,0,0,PS,990922,12:56:03,12:56:11,8,0:00:00,0:00:00,0,AGENT,12:56:11,12:57:57,106,YIFAT
AA0109,40578,24819690,2,PS,990922,13:10:19,13:10:25,6,13:10:25,13:10:47,22,AGENT,13:10:46,13:12:42,116,GOLDIE
AA0109,40579,0,0,NE,990922,13:24:19,13:24:28,9,0:00:00,0:00:00,0,AGENT,13:24:28,13:28:52,264,TOVA
AA0109,40580,0,0,PS,990922,13:39:28,13:39:38,10,0:00:00,0:00:00,0,AGENT,13:39:37,13:46:19,402,AVNI
AA0109,40581,51893436,1,PS,990922,13:53:01,13:53:07,6,13:53:07,13:53:45,38,AGENT,13:53:45,13:55:56,131,ROTH
AA0109,40582,0,0,PS,990922,14:10:38,14:10:48,10,0:00:00,0:00:00,0,AGENT,14:10:47,14:12:35,108,AVNI
AA0109,40583,0,0,PS,990922,14:21:37,14:21:45,8,0:00:00,0:00:00,0,AGENT,14:21:44,14:23:13,89,KAZAV
AA0109,40584,0,0,PS,990922,14:38:35,14:38:44,9,0:00:00,0:00:00,0,AGENT,14:38:43,14:40:27,104,BASCH
AA0109,40585,0,0,NW,990922,14:50:29,14:50:43,14,0:00:00,0:00:00,0,AGENT,14:50:42,14:52:16,94,YITZ
AA0109,40586,0,0,NE,990922,14:59:00,14:59:09,9,0:00:00,0:00:00,0,AGENT,14:59:08,15:01:25,137,MORIAH
AA0109,40587,0,0,PS,990922,15:10:42,15:10:51,9,0:00:00,0:00:00,0,AGENT,15:10:50,15:12:54,124,BASCH
AA0109,40588,0,0,NW,990922,15:20:24,15:20:33,9,15:20:33,15:21:06,33,HANG,0:00:00,0:00:00,0,NO_SERVER
AA0109,40589,0,0,PS,990922,15:30:09,15:30:19,10,0:00:00,0:00:00,0,AGENT,15:30:18,15:30:22,4,MORIAH
AA0109,40590,0,0,PS,990922,15:37:10,15:37:19,9,0:00:00,0:00:00,0,AGENT,15:37:18,15:42:35,317,AVNI
AA0109,40591,0,0,NW,990922,15:46:25,15:46:40,15,0:00:00,0:00:00,0,AGENT,15:46:39,15:50:05,206,YITZ
AA0109,40592,0,0,PS,990922,16:09:35,16:09:44,9,0:00:00,0:00:00,0,AGENT,16:09:43,16:10:19,36,NO_SERVER
AA0109,40593,0,0,PS,990922,16:20:20,16:20:30,10,0:00:00,0:00:00,0,AGENT,16:20:29,16:21:30,61,AVNI
AA0109,40594,0,0,PS,990922,16:29:29,16:29:40,11,0:00:00,0:00:00,0,AGENT,16:29:38,16:30:12,34,BASCH
AA0109,40595,0,0,NE,990922,16:49:52,16:50:02,10,0:00:00,0:00:00,0,AGENT,16:50:00,16:50:02,2,MORIAH
AA0109,40596,0,0,PS,990922,16:59:12,16:59:20,8,0:00:00,0:00:00,0,AGENT,16:59:20,17:00:24,64,BASCH
AA0109,40597,0,0,PS,990922,17:17:29,17:17:44,15,0:00:00,0:00:00,0,AGENT,17:17:44,17:18:36,52,BASCH
AA0109,40598,0,0,PS,990922,17:41:50,17:42:02,12,0:00:00,0:00:00,0,AGENT,17:42:01,17:42:02,1,AVI
AA0109,40599,0,0,NW,990922,18:02:02,18:02:15,13,0:00:00,0:00:00,0,AGENT,18:02:14,18:06:37,263,YITZ
AA0109,40600,0,0,PS,990922,18:20:28,18:20:39,11,0:00:00,0:00:00,0,AGENT,18:20:38,18:20:39,1,AVI
AA0109,40601,0,0,PS,990922,18:35:05,18:35:22,17,0:00:00,0:00:00,0,AGENT,18:35:21,18:36:14,53,ANAT
AA0109,40602,0,0,PS,990922,19:03:28,19:03:39,11,0:00:00,0:00:00,0,AGENT,19:03:38,19:04:17,39,MEIR
AA0109,40603,0,0,NE,990922,19:31:36,19:31:48,12,0:00:00,0:00:00,0,AGENT,19:31:48,19:34:22,154,MEIR
AA0109,40604,0,0,NE,990922,19:51:52,19:52:05,13,0:00:00,0:00:00,0,AGENT,19:52:04,20:05:36,812,MEIR
AA0109,40605,0,0,PS,990922,20:13:55,20:14:04,9,0:00:00,0:00:00,0,AGENT,20:14:03,20:15:21,78,GILI
AA0109,40606,0,0,PS,990922,20:44:30,20:44:40,10,0:00:00,0:00:00,0,AGENT,20:44:39,20:49:00,261,ANAT
AA0109,40607,0,0,PS,990922,21:15:24,21:15:33,9,0:00:00,0:00:00,0,AGENT,21:15:32,21:15:33,1,AVI
AA0109,40608,0,0,PS,990922,21:37:49,21:38:04,15,0:00:00,0:00:00,0,AGENT,21:38:04,21:39:55,111,BENSION
AA0109,40609,0,0,PS,990922,22:06:03,22:06:18,15,0:00:00,0:00:00,0,AGENT,22:06:17,22:07:15,58,BENSION
AA0109,40610,0,0,NE,990922,22:33:44,22:33:57,13,0:00:00,0:00:00,0,AGENT,22:33:57,22:47:28,811,SHARON
AA0109,40611,0,0,PS,990922,23:06:26,23:06:41,15,0:00:00,0:00:00,0,AGENT,23:06:41,23:10:37,236,AVI
AA0109,40612,0,0,PS,990922,23:48:16,23:48:28,12,0:00:00,0:00:00,0,AGENT,23:48:27,23:49:10,43,AVI
AA0109,40613,23653512,1,PS,990923,7:33:39,7:33:44,5,7:33:44,7:34:30,46,AGENT,7:34:29,7:35:31,62,VICKY
AA0109,40614,24822298,2,PS,990923,7:59:20,7:59:26,6,7:59:26,7:59:45,19,AGENT,7:59:44,8:00:35,51,VICKY
AA0109,40615,0,0,PS,990923,8:17:30,8:17:41,11,0:00:00,0:00:00,0,AGENT,8:17:39,8:19:17,98,DORIT
AA0109,40616,0,0,PS,990923,8:34:34,8:34:43,9,0:00:00,0:00:00,0,AGENT,8:34:42,8:37:48,186,BASCH
AA0109,40617,0,0,PS,990923,8:47:55,8:48:05,10,0:00:00,0:00:00,0,AGENT,8:48:03,8:49:43,100,ANAT
AA0109,40618,0,0,PS,990923,9:00:34,9:00:46,12,0:00:00,0:00:00,0,AGENT,9:00:44,9:01:39,55,YIFAT
AA0109,40619,3267788,2,PS,990923,9:10:53,9:10:58,5,9:10:58,9:11:36,38,AGENT,9:11:35,9:21:04,569,ANAT
AA0109,40620,6934145,2,PS,990923,9:21:24,9:21:30,6,9:21:30,9:21:46,16,AGENT,9:21:45,9:24:20,155,AVI
AA0109,40621,0,0,PS,990923,9:35:36,9:35:56,20,0:00:00,0:00:00,0,AGENT,9:35:54,9:38:11,137,ANAT
AA0109,40622,0,0,PS,990923,9:44:11,9:44:22,11,0:00:00,0:00:00,0,AGENT,9:44:22,9:45:11,49,TOVA
AA0109,40623,0,0,NW,990923,9:53:10,9:53:19,9,9:53:19,9:54:23,64,AGENT,9:54:22,9:55:14,52,AVI
AA0109,40624,24210932,2,PS,990923,10:01:21,10:01:27,6,10:01:27,10:02:11,44,AGENT,10:02:10,10:08:42,392,YIFAT
AA0109,40625,55921597,1,NE,990923,10:08:33,10:08:38,5,10:08:38,10:11:36,178,AGENT,10:11:34,10:12:25,51,VICKY
AA0109,40626,57514374,1,PS,990923,10:17:54,10:18:00,6,10:18:00,10:19:13,73,AGENT,10:19:12,10:21:51,159,DORIT
AA0109,40627,74780917,2,NE,990923,10:25:40,10:25:46,6,10:25:46,10:26:02,16,AGENT,10:26:01,10:31:20,319,TOVA
AA0109,40628,25124181,2,NE,990923,10:32:25,10:32:31,6,10:32:31,10:34:35,124,AGENT,10:34:34,10:36:24,110,AVI
AA0109,40629,0,0,PS,990923,10:42:13,10:46:25,252,0:00:00,0:00:00,0,HANG,0:00:00,0:00:00,0,NO_SERVER
AA0109,40630,703074,2,PS,990923,10:56:17,10:56:23,6,10:56:23,10:57:12,49,AGENT,10:57:12,10:59:17,125,BASCH
AA0109,40631,0,0,NE,990923,11:05:38,11:05:48,10,0:00:00,0:00:00,0,AGENT,11:05:47,11:06:27,40,AVI
AA0109,40632,74780917,2,NE,990923,11:12:53,11:12:59,6,11:12:59,11:14:58,119,AGENT,11:14:57,11:23:26,509,ELI
AA0109,40633,59777987,2,PS,990923,11:25:03,11:25:09,6,11:25:09,11:26:33,84,AGENT,11:26:32,11:28:30,118,BASCH
AA0109,40634,0,0,NW,990923,11:32:08,11:32:17,9,11:32:17,11:34:37,140,HANG,0:00:00,0:00:00,0,NO_SERVER
AA0109,40635,29660834,2,PS,990923,11:44:09,11:44:14,5,11:44:14,11:44:25,11,AGENT,11:44:24,11:45:41,77,BASCH
AA0109,40636,0,0,PS,990923,11:54:38,11:54:46,8,0:00:00,0:00:00,0,AGENT,11:54:46,11:56:37,111,DORIT
AA0109,40637,0,0,NE,990923,12:09:40,12:09:57,17,0:00:00,0:00:00,0,AGENT,12:09:56,12:10:55,59,TOVA
AA0109,40638,0,0,PS,990923,12:32:37,12:32:53,16,0:00:00,0:00:00,0,AGENT,12:32:51,12:34:31,100,DORIT
AA0109,40639,59246835,1,PS,990923,12:46:57,12:47:03,6,12:47:03,12:47:24,21,AGENT,12:47:22,12:49:41,139,ANAT
AA0109,40640,0,0,PS,990923,13:00:55,13:01:07,12,0:00:00,0:00:00,0,AGENT,13:01:06,13:02:01,55,AVI
AA0109,40641,0,0,NW,990923,13:13:49,13:13:58,9,13:13:58,13:13:59,1,HANG,0:00:00,0:00:00,0,NO_SERVER
AA0109,40642,0,0,PS,990923,13:29:05,13:29:16,11,0:00:00,0:00:00,0,AGENT,13:29:15,13:29:16,1,TOVA
AA0109,40643,25401373,1,PS,990923,13:42:34,13:42:40,6,13:42:40,13:42:46,6,AGENT,13:42:45,13:44:35,110,YIFAT
AA0109,40644,74780917,2,NE,990923,13:54:56,13:55:01,5,13:55:01,13:56:53,112,AGENT,13:56:52,14:00:29,217,BASCH
AA0109,40645,0,0,PS,990923,14:07:19,14:07:30,11,0:00:00,0:00:00,0,AGENT,14:07:29,14:08:48,79,AVI
AA0109,40646,13000567,2,PS,990923,14:17:28,14:17:34,6,14:17:34,14:18:10,36,AGENT,14:18:10,14:21:50,220,DORIT
AA0109,40647,24082448,2,PS,990923,14:29:21,14:29:27,6,14:29:27,14:31:09,102,AGENT,14:31:08,14:32:24,76,DORIT
AA0109,40648,25243015,1,PS,990923,14:45:55,14:46:00,5,14:46:00,14:46:10,10,AGENT,14:46:09,14:46:09,0,AVI
AA0109,40649,0,0,NE,990923,15:03:44,15:03:58,14,0:00:00,0:00:00,0,AGENT,15:03:57,15:04:04,7,ELI
AA0109,40650,0,0,NW,990923,15:15:19,15:15:43,24,15:15:43,15:18:40,177,HANG,0:00:00,0:00:00,0,NO_SERVER
AA0109,40651,0,0,PS,990923,15:33:44,15:33:55,11,0:00:00,0:00:00,0,AGENT,15:33:55,15:34:22,27,YIFAT
AA0109,40652,0,0,PS,990923,15:50:03,15:50:18,15,0:00:00,0:00:00,0,AGENT,15:50:17,16:08:06,1069,AVI
AA0109,40653,0,0,PS,990923,16:06:32,16:06:44,12,0:00:00,0:00:00,0,AGENT,16:06:43,16:11:54,311,ZOHARI
AA0109,40654,38412813,2,PS,990923,16:20:38,16:20:44,6,16:20:44,16:21:05,21,AGENT,16:21:05,16:23:20,135,STEREN
AA0109,40655,0,0,NW,990923,16:35:08,16:35:23,15,0:00:00,0:00:00,0,AGENT,16:35:22,16:36:01,39,YITZ
AA0109,40656,50594746,2,PS,990923,16:59:29,16:59:35,6,16:59:35,17:00:36,61,AGENT,17:00:35,17:18:03,1048,YITZ
AA0109,40657,0,0,NW,990923,17:17:48,17:17:57,9,0:00:00,0:00:00,0,HANG,0:00:00,0:00:00,0,NO_SERVER
AA0109,40658,0,0,PS,990923,17:42:38,17:42:50,12,0:00:00,0:00:00,0,AGENT,17:42:49,17:44:20,91,STEREN
AA0109,40659,0,0,PS,990923,18:11:03,18:11:13,10,0:00:00,0:00:00,0,AGENT,18:11:12,18:16:10,298,ZOHARI
AA0109,40660,0,0,PS,990923,18:50:29,18:50:41,12,0:00:00,0:00:00,0,AGENT,18:50:40,18:51:39,59,YITZ
AA0109,40661,0,0,PS,990923,19:19:16,19:19:28,12,0:00:00,0:00:00,0,AGENT,19:19:27,19:30:37,670,ZOHARI
AA0109,40662,0,0,PS,990923,19:43:03,19:43:11,8,0:00:00,0:00:00,0,AGENT,19:43:11,19:48:07,296,AVNI
AA0109,40663,0,0,NW,990923,20:08:25,20:08:42,17,0:00:00,0:00:00,0,AGENT,20:08:41,20:10:16,95,YITZ
AA0109,40664,0,0,PS,990923,20:52:14,20:52:23,9,0:00:00,0:00:00,0,AGENT,20:52:22,20:55:22,180,AVNI
AA0109,40665,0,0,PS,990923,21:34:17,21:34:28,11,0:00:00,0:00:00,0,AGENT,21:34:27,21:36:52,145,YITZ
AA0109,40666,0,0,NE,990923,22:19:25,22:19:35,10,0:00:00,0:00:00,0,AGENT,22:19:34,22:20:44,70,SHARON
AA0109,40667,0,0,PS,990923,23:02:54,23:03:10,16,0:00:00,0:00:00,0,AGENT,23:03:09,23:03:55,46,GILI
AA0109,40668,55279970,2,NE,990923,23:45:59,23:46:04,5,23:46:04,23:46:12,8,AGENT,23:46:12,23:48:33,141,SHARON
AA0109,40669,0,0,NW,990924,7:21:36,7:21:50,14,0:00:00,0:00:00,0,AGENT,7:21:49,7:22:21,32,SHARON
AA0109,40670,0,0,PS,990924,8:01:14,8:01:26,12,0:00:00,0:00:00,0,AGENT,8:01:25,8:05:51,266,ELI
AA0109,40671,0,0,PS,990924,8:26:38,8:26:51,13,0:00:00,0:00:00,0,AGENT,8:26:51,8:38:15,684,BASCH
AA0109,40672,0,0,PS,990924,8:47:53,8:48:04,11,0:00:00,0:00:00,0,AGENT,8:48:03,8:54:29,386,ELI
AA0109,40673,0,0,PS,990924,9:07:50,9:08:02,12,0:00:00,0:00:00,0,AGENT,9:08:01,9:09:50,109,BASCH
AA0109,40674,0,0,PS,990924,9:32:12,9:32:29,17,0:00:00,0:00:00,0,AGENT,9:32:28,9:33:57,89,ANAT
AA0109,40675,68109875,2,PS,990924,9:48:20,9:48:25,5,9:48:25,9:49:28,63,AGENT,9:49:28,9:51:19,111,DORIT
AA0109,40676,0,0,PS,990924,10:07:43,10:07:56,13,0:00:00,0:00:00,0,AGENT,10:07:56,10:13:28,332,BASCH
AA0109,40677,0,0,PS,990924,10:29:37,10:29:49,12,0:00:00,0:00:00,0,AGENT,10:29:48,10:30:09,21,ANAT
AA0109,40678,0,0,PS,990924,10:48:08,10:48:17,9,0:00:00,0:00:00,0,AGENT,10:48:16,10:50:54,158,BASCH
AA0109,40679,21379300,1,PS,990924,10:59:59,11:00:05,6,11:00:05,11:02:21,136,AGENT,11:02:19,11:11:55,576,ANAT
AA0109,40680,0,0,PS,990924,11:22:41,11:22:50,9,0:00:00,0:00:00,0,AGENT,11:22:50,11:23:20,30,BASCH
AA0109,40681,0,0,PS,990924,11:59:30,11:59:45,15,0:00:00,0:00:00,0,AGENT,11:59:44,12:00:55,71,BASCH
AA0109,40682,5244884,2,PS,990924,12:12:50,12:12:56,6,12:12:56,12:13:12,16,AGENT,12:13:12,12:14:23,71,ANAT
AA0109,40683,0,0,PS,990924,12:37:13,12:37:25,12,0:00:00,0:00:00,0,AGENT,12:37:24,12:37:50,26,BASCH
AA0109,40684,0,0,PS,990924,13:05:19,13:05:30,11,0:00:00,0:00:00,0,AGENT,13:05:30,13:07:54,144,DORIT
AA0109,40685,0,0,PS,990924,13:38:45,13:38:54,9,0:00:00,0:00:00,0,AGENT,13:38:53,13:39:53,60,SHARON
AA0109,40686,0,0,PS,990924,14:54:29,14:54:43,14,0:00:00,0:00:00,0,HANG,0:00:00,0:00:00,0,NO_SERVER
AA0109,40687,0,0,PS,990924,17:17:51,17:18:05,14,0:00:00,0:00:00,0,HANG,0:00:00,0:00:00,0,NO_SERVER
AA0109,40688,0,0,PS,990925,19:41:29,19:41:46,17,0:00:00,0:00:00,0,AGENT,19:41:44,19:42:43,59,ZOHARI
AA0109,40689,0,0,PS,990925,21:05:58,21:06:10,12,0:00:00,0:00:00,0,AGENT,21:06:10,21:07:32,82,AVI
AA0109,40690,0,0,PS,990925,22:08:11,22:08:20,9,0:00:00,0:00:00,0,AGENT,22:08:19,22:11:50,211,AVNI
AA0109,40691,0,0,PS,990925,23:17:19,23:17:31,12,0:00:00,0:00:00,0,AGENT,23:17:30,23:17:38,8,BASCH
AA0109,40692,0,0,PS,990926,7:26:17,7:26:27,10,0:00:00,0:00:00,0,AGENT,7:26:27,7:30:59,272,YIFAT
AA0109,40693,0,0,NW,990926,8:09:53,8:10:05,12,0:00:00,0:00:00,0,AGENT,8:10:04,8:10:22,18,YIFAT
AA0109,40694,0,0,PS,990926,8:41:05,8:41:16,11,0:00:00,0:00:00,0,AGENT,8:41:16,8:49:15,479,BASCH
AA0109,40695,0,0,PS,990926,9:00:58,9:01:07,9,0:00:00,0:00:00,0,AGENT,9:01:06,9:07:25,379,BASCH
AA0109,40696,7191646,2,NE,990926,9:17:48,9:17:54,6,9:17:54,9:18:11,17,AGENT,9:18:11,9:35:39,1048,BASCH
AA0109,40697,0,0,NW,990926,9:29:20,9:29:30,10,9:29:30,9:29:46,16,AGENT,9:29:45,9:30:15,30,YIFAT
AA0109,40698,26030262,2,PS,990926,9:43:16,9:43:21,5,9:43:21,9:43:38,17,AGENT,9:43:37,9:50:56,439,ZOHARI
AA0109,40699,65032120,2,PS,990926,9:51:10,9:51:16,6,9:51:16,9:55:08,232,AGENT,9:55:07,9:57:43,156,BASCH
AA0109,40700,0,0,PS,990926,10:07:04,10:07:16,12,0:00:00,0:00:00,0,AGENT,10:07:15,10:08:31,76,BASCH
AA0109,40701,0,0,PS,990926,10:19:36,10:19:45,9,0:00:00,0:00:00,0,AGENT,10:19:44,10:21:17,93,DORIT
AA0109,40702,0,0,NE,990926,10:34:51,10:35:02,11,0:00:00,0:00:00,0,AGENT,10:35:01,10:38:00,179,ELI
AA0109,40703,57918849,1,NE,990926,10:50:09,10:50:15,6,10:50:15,10:52:07,112,AGENT,10:52:06,10:55:30,204,ZOHARI
AA0109,40704,0,0,PS,990926,10:59:57,11:00:07,10,0:00:00,0:00:00,0,AGENT,11:00:05,11:00:43,38,YITZ
AA0109,40705,0,0,PS,990926,11:10:02,11:10:14,12,0:00:00,0:00:00,0,AGENT,11:10:14,11:11:22,68,YIFAT
AA0109,40706,67158097,2,PS,990926,11:21:33,11:21:38,5,11:21:38,11:22:04,26,AGENT,11:22:03,11:23:16,73,BASCH
AA0109,40707,0,0,NW,990926,11:32:36,11:32:49,13,0:00:00,0:00:00,0,AGENT,11:32:49,11:33:33,44,VICKY
AA0109,40708,56078892,2,PS,990926,11:44:37,11:44:42,5,11:44:42,11:44:47,5,AGENT,11:44:47,11:49:50,303,DORIT
AA0109,40709,0,0,PS,990926,12:00:07,12:00:18,11,0:00:00,0:00:00,0,AGENT,12:00:17,12:01:36,79,VICKY
AA0109,40710,0,0,PS,990926,12:18:47,12:18:55,8,0:00:00,0:00:00,0,AGENT,12:18:55,12:21:46,171,BASCH
AA0109,40711,0,0,NW,990926,12:39:50,12:40:03,13,0:00:00,0:00:00,0,AGENT,12:40:02,12:40:21,19,DORIT
AA0109,40712,0,0,PS,990926,13:00:57,13:01:06,9,0:00:00,0:00:00,0,AGENT,13:01:06,13:05:14,248,AVNI
AA0109,40713,0,0,PS,990926,13:22:15,13:22:24,9,0:00:00,0:00:00,0,AGENT,13:22:24,13:24:15,111,YITZ
AA0109,40714,0,0,PS,990926,13:34:12,13:34:21,9,0:00:00,0:00:00,0,AGENT,13:34:20,13:35:22,62,ZOHARI
AA0109,40715,0,0,NE,990926,13:49:51,13:50:02,11,0:00:00,0:00:00,0,AGENT,13:50:01,13:52:39,158,TOVA
AA0109,40716,0,0,NE,990926,14:07:18,14:07:27,9,0:00:00,0:00:00,0,AGENT,14:07:26,14:07:29,3,TOVA
AA0109,40717,0,0,PS,990926,14:17:47,14:17:56,9,0:00:00,0:00:00,0,AGENT,14:17:55,14:18:54,59,VICKY
AA0109,40718,0,0,NW,990926,14:42:15,14:42:28,13,0:00:00,0:00:00,0,AGENT,14:42:27,14:44:19,112,AVNI
AA0109,40719,51999886,2,PS,990926,15:02:02,15:02:07,5,15:02:07,15:02:23,16,AGENT,15:02:23,15:04:31,128,YITZ
AA0109,40720,24633968,2,PS,990926,15:21:00,15:21:06,6,15:21:06,15:22:00,54,AGENT,15:22:00,15:22:09,9,VICKY
AA0109,40721,0,0,NE,990926,15:54:27,15:54:43,16,0:00:00,0:00:00,0,AGENT,15:54:42,16:09:04,862,ELI
AA0109,40722,0,0,PS,990926,16:19:53,16:20:03,10,0:00:00,0:00:00,0,AGENT,16:20:02,16:21:18,76,TOVA
AA0109,40723,0,0,PS,990926,17:05:14,17:05:28,14,0:00:00,0:00:00,0,AGENT,17:05:27,17:07:19,112,BENSION
AA0109,40724,0,0,PS,990926,17:45:04,17:45:14,10,0:00:00,0:00:00,0,AGENT,17:45:13,17:45:32,19,TOVA
AA0109,40725,0,0,PS,990926,18:18:24,18:18:36,12,0:00:00,0:00:00,0,AGENT,18:18:35,18:20:32,117,BENSION
AA0109,40726,0,0,PS,990926,18:50:11,18:50:21,10,0:00:00,0:00:00,0,AGENT,18:50:21,18:51:56,95,BENSION
AA0109,40727,0,0,PS,990926,19:29:14,19:29:31,17,0:00:00,0:00:00,0,AGENT,19:29:25,19:31:57,152,SHARON
AA0109,40728,0,0,PS,990926,20:20:58,20:21:08,10,0:00:00,0:00:00,0,AGENT,20:21:07,20:24:53,226,TOVA
AA0109,40729,0,0,PS,990926,21:24:18,21:24:38,20,0:00:00,0:00:00,0,AGENT,21:24:37,21:26:18,101,BENSION
AA0109,40730,0,0,PS,990926,22:30:20,22:30:36,16,0:00:00,0:00:00,0,AGENT,22:30:35,22:41:21,646,BENSION
AA0109,40731,0,0,PS,990927,1:57:51,1:58:47,56,0:00:00,0:00:00,0,HANG,0:00:00,0:00:00,0,NO_SERVER
AA0109,40732,0,0,PS,990927,8:00:23,8:00:39,16,0:00:00,0:00:00,0,AGENT,8:00:38,8:04:48,250,BENSION
AA0109,40733,0,0,PS,990927,8:24:53,8:25:05,12,0:00:00,0:00:00,0,AGENT,8:25:05,8:27:31,146,BENSION
AA0109,40734,0,0,NW,990927,8:46:54,8:47:08,14,0:00:00,0:00:00,0,AGENT,8:47:07,8:47:40,33,BENSION
AA0109,40735,0,0,NW,990927,9:02:48,9:02:57,9,9:02:57,9:05:07,130,HANG,0:00:00,0:00:00,0,NO_SERVER
AA0109,40736,0,0,NW,990927,9:24:02,9:24:11,9,9:24:11,9:24:22,11,AGENT,9:24:22,9:25:18,56,BENSION
AA0109,40737,9319245,2,PS,990927,9:37:05,9:37:10,5,9:37:10,9:38:19,69,HANG,0:00:00,0:00:00,0,NO_SERVER
AA0109,40738,51148716,1,PS,990927,9:47:56,9:48:01,5,9:48:01,9:49:48,107,HANG,0:00:00,0:00:00,0,NO_SERVER
AA0109,40739,32779456,1,PS,990927,9:56:04,9:56:10,6,9:56:10,9:57:14,64,HANG,0:00:00,0:00:00,0,NO_SERVER
AA0109,40740,33677360,2,PS,990927,10:07:26,10:07:32,6,10:07:32,10:07:41,9,AGENT,10:07:40,10:09:15,95,YITZ
AA0109,40741,0,0,PS,990927,10:19:58,10:20:07,9,0:00:00,0:00:00,0,AGENT,10:20:06,10:20:07,1,TOVA
AA0109,40742,0,0,PS,990927,10:36:26,10:36:37,11,0:00:00,0:00:00,0,AGENT,10:36:37,10:40:07,210,TOVA
AA0109,40743,0,0,PS,990927,10:49:47,10:50:01,14,0:00:00,0:00:00,0,AGENT,10:50:01,10:51:29,88,BASCH
AA0109,40744,25149303,2,PS,990927,11:00:55,11:01:01,6,11:01:01,11:03:27,146,AGENT,11:03:26,11:06:54,208,BENSION
AA0109,40745,31466212,1,PS,990927,11:12:57,11:13:02,5,11:13:02,11:13:17,15,AGENT,11:13:16,11:13:58,42,TOVA
AA0109,40746,0,0,NE,990927,11:30:55,11:31:06,11,0:00:00,0:00:00,0,AGENT,11:31:05,11:34:31,206,ZOHARI
AA0109,40747,0,0,NE,990927,11:43:36,11:43:49,13,0:00:00,0:00:00,0,AGENT,11:43:48,11:47:22,214,ZOHARI
AA0109,40748,0,0,PS,990927,11:56:19,11:56:27,8,0:00:00,0:00:00,0,AGENT,11:56:28,11:56:33,5,NO_SERVER
AA0109,40749,0,0,PS,990927,12:12:13,12:12:24,11,0:00:00,0:00:00,0,AGENT,12:12:22,12:14:15,113,ZOHARI
AA0109,40750,29641727,2,PS,990927,12:27:53,12:27:59,6,12:27:59,12:28:21,22,AGENT,12:28:20,12:29:35,75,YITZ
AA0109,40751,0,0,PS,990927,12:41:51,12:42:03,12,0:00:00,0:00:00,0,AGENT,12:42:02,12:42:41,39,BASCH
AA0109,40752,0,0,NW,990927,12:55:03,12:55:12,9,12:55:12,12:59:00,228,AGENT,12:58:59,13:00:29,90,PINHAS
AA0109,40753,54145529,2,PS,990927,13:14:54,13:15:00,6,13:15:00,13:15:03,3,AGENT,13:15:03,13:17:39,156,BASCH
AA0109,40754,0,0,PS,990927,13:32:05,13:32:17,12,0:00:00,0:00:00,0,AGENT,13:32:16,13:33:53,97,BASCH
AA0109,40755,0,0,NW,990927,13:45:12,13:45:22,10,13:45:22,13:51:57,395,AGENT,13:51:56,13:56:45,289,BENSION
AA0109,40756,0,0,NE,990927,14:06:36,14:06:46,10,0:00:00,0:00:00,0,AGENT,14:06:45,14:10:48,243,ZOHARI
AA0109,40757,37595717,1,PS,990927,14:18:55,14:19:00,5,14:19:00,14:23:27,267,AGENT,14:23:26,14:25:29,123,SHARON
AA0109,40758,0,0,PS,990927,14:38:11,14:38:30,19,0:00:00,0:00:00,0,AGENT,14:38:29,14:40:34,125,SHARON
AA0109,40759,0,0,PS,990927,14:53:30,14:53:42,12,0:00:00,0:00:00,0,AGENT,14:53:41,14:53:58,17,ANAT
AA0109,40760,57451726,2,PS,990927,15:16:37,15:16:43,6,15:16:43,15:17:08,25,AGENT,15:17:07,15:18:24,77,SHARON
AA0109,40761,0,0,NE,990927,16:06:51,16:07:01,10,0:00:00,0:00:00,0,AGENT,16:07:00,16:07:07,7,MORIAH
AA0109,40762,32381592,1,PS,990927,16:31:12,16:31:18,6,16:31:18,16:32:53,95,AGENT,16:32:52,16:35:35,163,MORIAH
AA0109,40763,0,0,PS,990927,17:04:10,17:04:24,14,0:00:00,0:00:00,0,AGENT,17:04:23,17:07:32,189,ANAT
AA0109,40764,0,0,NW,990927,17:38:33,17:38:41,8,0:00:00,0:00:00,0,HANG,0:00:00,0:00:00,0,NO_SERVER
AA0109,40765,0,0,NW,990927,17:59:25,17:59:38,13,0:00:00,0:00:00,0,AGENT,17:59:37,18:00:31,54,AVNI
AA0109,40766,0,0,NW,990927,18:42:13,18:42:26,13,0:00:00,0:00:00,0,AGENT,18:42:25,18:44:26,121,AVNI
AA0109,40767,0,0,PS,990927,19:11:14,19:11:31,17,0:00:00,0:00:00,0,AGENT,19:11:31,19:12:39,68,ANAT
AA0109,40768,0,0,PS,990927,19:53:02,19:53:17,15,0:00:00,0:00:00,0,AGENT,19:53:17,19:53:20,3,NO_SERVER
AA0109,40769,0,0,PS,990927,20:37:36,20:37:46,10,0:00:00,0:00:00,0,AGENT,20:37:45,20:39:05,80,GILI
AA0109,40770,0,0,PS,990927,21:39:12,21:39:23,11,0:00:00,0:00:00,0,AGENT,21:39:22,21:40:17,55,GILI
AA0109,40771,27281617,2,NE,990927,22:03:33,22:03:39,6,22:03:39,22:04:06,27,AGENT,22:04:05,22:04:31,26,SHARON
AA0109,40772,0,0,PS,990927,23:08:11,23:08:25,14,0:00:00,0:00:00,0,AGENT,23:08:24,23:11:41,197,SHARON
AA0109,40774,0,0,PS,990928,0:12:07,0:12:07,0,0:00:00,0:00:00,0,HANG,0:00:00,0:00:00,0,NO_SERVER
AA0109,40775,0,0,NE,990928,7:31:12,7:31:24,12,0:00:00,0:00:00,0,AGENT,7:31:24,7:34:49,205,ZOHARI
AA0109,40776,0,0,PS,990928,8:17:51,8:18:06,15,0:00:00,0:00:00,0,AGENT,8:18:06,8:19:51,105,ANAT
AA0109,40777,0,0,NW,990928,8:40:20,8:40:29,9,8:40:29,8:44:36,247,HANG,0:00:00,0:00:00,0,NO_SERVER
AA0109,40778,50078823,2,PS,990928,8:59:53,8:59:59,6,8:59:59,9:00:31,32,AGENT,9:00:30,9:01:24,54,ANAT
AA0109,40779,22561864,1,PS,990928,9:20:09,9:20:14,5,9:20:14,9:23:29,195,AGENT,9:23:29,9:25:45,136,ANAT
AA0109,40780,23588304,2,PS,990928,9:34:03,9:34:09,6,9:34:09,9:35:32,83,AGENT,9:35:31,9:36:24,53,YIFAT
AA0109,40781,430934,2,PS,990928,9:49:57,9:50:03,6,9:50:03,9:53:08,185,AGENT,9:53:07,9:55:27,140,AVNI
AA0109,40782,22251797,2,PS,990928,10:02:50,10:02:56,6,10:02:56,10:04:49,113,AGENT,10:04:48,10:06:51,123,AVNI
AA0109,40783,27324128,1,PS,990928,10:12:05,10:12:10,5,10:12:10,10:17:46,336,AGENT,10:17:44,10:18:48,64,YIFAT
AA0109,40784,74780917,2,NE,990928,10:26:10,10:26:15,5,10:26:15,10:28:51,156,AGENT,10:28:50,10:33:18,268,AVNI
AA0109,40785,6.02111E+11,0,PS,990928,10:36:29,10:36:33,4,10:36:33,10:39:28,175,AGENT,10:39:27,10:41:23,116,YIFAT
AA0109,40786,37635950,2,PS,990928,10:51:47,10:51:53,6,10:51:53,10:52:31,38,AGENT,10:52:29,10:54:01,92,YIFAT
AA0109,40787,25173972,1,PS,990928,11:01:30,11:01:36,6,11:01:36,11:06:00,264,AGENT,11:05:59,11:07:19,80,PINHAS
AA0109,40788,55906424,2,PS,990928,11:17:08,11:17:13,5,11:17:13,11:17:29,16,AGENT,11:17:28,11:20:37,189,AVNI
AA0109,40789,25138843,1,PS,990928,11:26:42,11:26:48,6,11:26:48,11:28:07,79,AGENT,11:28:06,11:30:17,131,YIFAT
AA0109,40790,52120771,1,NE,990928,11:38:41,11:38:46,5,11:38:46,11:38:56,10,AGENT,11:38:55,11:38:57,2,ANAT
AA0109,40791,0,0,NW,990928,11:49:48,11:49:54,6,0:00:00,0:00:00,0,HANG,0:00:00,0:00:00,0,NO_SERVER
AA0109,40792,8533580,2,PS,990928,11:59:56,12:00:02,6,12:00:02,12:03:47,225,HANG,0:00:00,0:00:00,0,NO_SERVER
AA0109,40793,59056556,2,PS,990928,12:07:37,12:07:42,5,12:07:42,12:10:28,166,HANG,0:00:00,0:00:00,0,NO_SERVER
AA0109,40794,54128681,2,PS,990928,12:17:29,12:17:35,6,12:17:35,12:18:36,61,HANG,0:00:00,0:00:00,0,NO_SERVER
AA0109,40795,10473262,2,PS,990928,12:26:12,12:26:18,6,12:26:18,12:27:23,65,HANG,0:00:00,0:00:00,0,NO_SERVER
AA0109,40796,50165018,2,PS,990928,12:35:34,12:35:40,6,12:35:40,12:36:43,63,HANG,0:00:00,0:00:00,0,NO_SERVER
AA0109,40797,10952489,2,PS,990928,12:49:16,12:49:22,6,12:49:22,12:49:55,33,AGENT,12:49:54,12:51:45,111,YIFAT
AA0109,40798,0,0,PS,990928,13:01:04,13:01:14,10,0:00:00,0:00:00,0,AGENT,13:01:13,13:03:27,134,ANAT
AA0109,40799,55041289,2,PS,990928,13:14:06,13:14:12,6,13:14:12,13:14:29,17,AGENT,13:14:29,13:16:48,139,ANAT
AA0109,40800,59630624,1,NE,990928,13:32:16,13:32:22,6,13:32:22,13:32:35,13,AGENT,13:32:34,13:33:41,67,ANAT
AA0109,40801,0,0,PS,990928,13:47:32,13:47:40,8,0:00:00,0:00:00,0,AGENT,13:47:39,13:51:31,232,YIFAT
AA0109,40802,79727962,2,PS,990928,13:57:36,13:57:42,6,13:57:42,13:57:52,10,AGENT,13:57:51,13:58:39,48,BASCH
AA0109,40803,0,0,NW,990928,14:10:26,14:10:36,10,14:10:36,14:13:33,177,AGENT,14:13:32,14:14:28,56,VICKY
AA0109,40804,28043800,2,PS,990928,14:27:15,14:27:21,6,14:27:21,14:28:17,56,AGENT,14:28:16,14:29:14,58,YIFAT
AA0109,40805,14414726,2,PS,990928,14:49:59,14:50:04,5,14:50:04,14:50:16,12,AGENT,14:50:15,14:50:16,1,YIFAT
AA0109,40806,52867744,2,PS,990928,15:07:10,15:07:16,6,15:07:16,15:08:32,76,AGENT,15:08:32,15:11:23,171,ZOHARI
AA0109,40807,0,0,PS,990928,15:48:50,15:49:00,10,0:00:00,0:00:00,0,AGENT,15:48:59,15:51:41,162,YITZ
AA0109,40808,0,0,PS,990928,16:16:17,16:16:45,28,0:00:00,0:00:00,0,AGENT,16:16:44,16:29:29,765,SHARON
AA0109,40809,0,0,PS,990928,16:45:34,16:45:46,12,0:00:00,0:00:00,0,AGENT,16:45:46,16:46:13,27,SHARON
AA0109,40810,0,0,PS,990928,17:12:14,17:12:28,14,0:00:00,0:00:00,0,AGENT,17:12:27,17:18:56,389,BASCH
AA0109,40811,0,0,PS,990928,17:39:06,17:39:16,10,0:00:00,0:00:00,0,AGENT,17:39:15,17:39:16,1,VICKY
AA0109,40812,0,0,PS,990928,17:58:11,17:58:19,8,0:00:00,0:00:00,0,AGENT,17:58:19,17:59:46,87,BASCH
AA0109,40813,50396811,2,PS,990928,18:24:44,18:24:49,5,18:24:49,18:25:53,64,AGENT,18:25:52,18:28:34,162,YITZ
AA0109,40814,0,0,NW,990928,19:15:50,19:16:47,57,19:16:47,19:17:27,40,HANG,0:00:00,0:00:00,0,NO_SERVER
AA0109,40815,0,0,PS,990928,20:18:29,20:18:39,10,0:00:00,0:00:00,0,AGENT,20:18:38,20:19:45,67,SHARON
AA0109,40816,0,0,PS,990928,20:53:17,20:53:29,12,0:00:00,0:00:00,0,AGENT,20:53:28,20:56:32,184,SHARON
AA0109,40817,0,0,PS,990928,21:24:58,21:25:06,8,0:00:00,0:00:00,0,AGENT,21:25:06,21:26:39,93,DORIT
AA0109,40818,0,0,PS,990928,21:53:21,21:53:32,11,0:00:00,0:00:00,0,AGENT,21:53:31,21:54:16,45,BASCH
AA0109,40819,0,0,NE,990928,22:28:40,22:29:01,21,0:00:00,0:00:00,0,AGENT,22:29:00,22:30:23,83,SHARON
AA0109,40820,0,0,PS,990928,23:23:33,23:23:41,8,0:00:00,0:00:00,0,AGENT,23:23:40,23:25:13,93,SHARON
AA0109,40821,0,0,PS,990929,7:05:19,7:05:30,11,0:00:00,0:00:00,0,AGENT,7:05:30,7:06:10,40,ZOHARI
AA0109,40822,0,0,PS,990929,7:52:58,7:53:07,9,0:00:00,0:00:00,0,AGENT,7:53:06,7:54:04,58,YIFAT
AA0109,40823,0,0,PS,990929,8:26:20,8:26:29,9,0:00:00,0:00:00,0,AGENT,8:26:28,8:28:05,97,ANAT
AA0109,40824,0,0,PS,990929,8:42:12,8:42:23,11,0:00:00,0:00:00,0,AGENT,8:42:22,8:43:10,48,ANAT
AA0109,40825,0,0,PS,990929,8:57:36,8:57:48,12,0:00:00,0:00:00,0,AGENT,8:57:47,8:58:29,42,SHARON
AA0109,40826,23793904,2,PS,990929,9:15:13,9:15:19,6,9:15:19,9:16:08,49,HANG,0:00:00,0:00:00,0,NO_SERVER
AA0109,40827,23793904,2,PS,990929,9:30:35,9:30:41,6,9:30:41,9:31:01,20,AGENT,9:31:00,9:31:54,54,SHARON
AA0109,40828,0,0,PS,990929,9:43:16,9:43:27,11,0:00:00,0:00:00,0,AGENT,9:43:27,9:51:44,497,ANAT
AA0109,40829,71820039,2,PS,990929,9:50:55,9:51:01,6,9:51:01,9:54:02,181,AGENT,9:54:01,9:57:03,182,ANAT
AA0109,40830,50850429,2,PS,990929,10:06:20,10:06:26,6,10:06:26,10:08:37,131,AGENT,10:08:36,10:09:56,80,YIFAT
AA0109,40831,0,0,PS,990929,10:16:32,10:16:47,15,0:00:00,0:00:00,0,AGENT,10:16:46,10:17:04,18,SHARON
AA0109,40832,57651911,2,PS,990929,10:25:41,10:25:46,5,10:25:46,10:27:21,95,AGENT,10:27:20,10:30:30,190,YIFAT
AA0109,40833,0,0,NW,990929,10:37:34,10:37:44,10,10:37:44,10:40:14,150,HANG,0:00:00,0:00:00,0,NO_SERVER
AA0109,40834,54665682,2,PS,990929,10:53:00,10:53:06,6,10:53:06,10:54:48,102,HANG,10:54:50,10:54:57,7,NO_SERVER
AA0109,40835,0,0,PS,990929,11:02:27,11:02:51,24,0:00:00,0:00:00,0,AGENT,11:02:46,11:04:11,85,YIFAT
AA0109,40836,57074585,2,PS,990929,11:12:43,11:12:49,6,11:12:49,11:13:17,28,AGENT,11:13:17,11:15:01,104,AVNI
AA0109,40837,25750837,2,PS,990929,11:23:37,11:23:42,5,11:23:42,11:24:01,19,AGENT,11:24:00,11:25:47,107,YIFAT
AA0109,40838,0,0,PS,990929,11:36:46,11:36:55,9,0:00:00,0:00:00,0,AGENT,11:36:54,11:36:55,1,YIFAT
AA0109,40840,0,0,PS,990929,11:50:32,11:50:32,0,0:00:00,0:00:00,0,HANG,0:00:00,0:00:00,0,NO_SERVER
AA0109,40841,42952796,2,PS,990929,12:02:36,12:02:41,5,12:02:41,12:03:52,71,AGENT,12:03:51,12:05:44,113,SHARON
AA0109,40842,703074,2,PS,990929,12:10:16,12:10:22,6,12:10:22,12:12:45,143,AGENT,12:12:45,12:12:47,2,ANAT
AA0109,40843,37593225,1,PS,990929,12:22:29,12:22:35,6,12:22:35,12:23:03,28,AGENT,12:23:02,12:28:23,321,ZOHARI
AA0109,40844,3519519,1,PS,990929,12:31:55,12:32:00,5,12:32:00,12:34:48,168,HANG,0:00:00,0:00:00,0,NO_SERVER
AA0109,40845,51458594,2,PS,990929,12:46:06,12:46:11,5,12:46:11,12:47:34,83,AGENT,12:47:33,12:50:07,154,ZOHARI
AA0109,40846,24927717,1,PS,990929,13:01:36,13:01:42,6,13:01:42,13:01:55,13,HANG,0:00:00,0:00:00,0,NO_SERVER
AA0109,40847,0,0,PS,990929,13:18:48,13:18:57,9,0:00:00,0:00:00,0,AGENT,13:18:56,13:20:37,101,DORIT
AA0109,40848,0,0,PS,990929,13:33:23,13:33:36,13,0:00:00,0:00:00,0,AGENT,13:33:35,13:34:13,38,YIFAT
AA0109,40849,69687275,2,PS,990929,13:48:41,13:48:46,5,13:48:46,13:50:34,108,AGENT,13:50:33,13:52:05,92,BASCH
AA0109,40850,79727962,2,PS,990929,13:58:41,13:58:46,5,13:58:46,14:00:03,77,AGENT,14:00:02,14:00:51,49,SHARON
AA0109,40851,703074,2,PS,990929,14:10:22,14:10:28,6,14:10:28,14:11:17,49,AGENT,14:11:16,14:11:18,2,YIFAT
AA0109,40852,0,0,PS,990929,14:20:55,14:21:05,10,0:00:00,0:00:00,0,AGENT,14:21:03,14:23:30,147,DORIT
AA0109,40853,30442495,2,PS,990929,14:30:55,14:31:00,5,14:31:00,14:31:06,6,AGENT,14:31:06,14:37:39,393,BASCH
AA0109,40854,0,0,PS,990929,14:54:36,14:54:48,12,0:00:00,0:00:00,0,AGENT,14:54:47,14:55:36,49,AVNI
AA0109,40855,0,0,PS,990929,15:28:41,15:28:52,11,0:00:00,0:00:00,0,AGENT,15:28:51,15:30:35,104,AVNI
AA0109,40856,0,0,NE,990929,15:58:46,15:58:55,9,0:00:00,0:00:00,0,AGENT,15:58:54,16:05:52,418,AVNI
AA0109,40857,65032120,2,PS,990929,16:22:31,16:22:37,6,16:22:37,16:23:19,42,AGENT,16:23:18,16:25:23,125,BASCH
AA0109,40858,0,0,PS,990929,16:54:45,16:54:54,9,0:00:00,0:00:00,0,AGENT,16:54:53,16:59:22,269,STEREN
AA0109,40859,0,0,PS,990929,17:32:23,17:32:40,17,0:00:00,0:00:00,0,AGENT,17:32:39,17:34:15,96,DARMON
AA0109,40860,4345955,2,PS,990929,17:56:42,17:56:48,6,17:56:48,17:57:16,28,AGENT,17:57:15,18:01:15,240,VICKY
AA0109,40861,0,0,PS,990929,18:26:47,18:27:00,13,0:00:00,0:00:00,0,AGENT,18:27:00,18:29:02,122,MEIR
AA0109,40862,0,0,PS,990929,18:50:50,18:50:59,9,0:00:00,0:00:00,0,AGENT,18:50:58,18:52:02,64,STEREN
AA0109,40863,0,0,PS,990929,19:17:26,19:17:36,10,0:00:00,0:00:00,0,AGENT,19:17:35,19:18:53,78,GILI
AA0109,40864,0,0,NW,990929,19:40:16,19:40:30,14,0:00:00,0:00:00,0,AGENT,19:40:31,19:40:35,4,NO_SERVER
AA0109,40865,0,0,PS,990929,20:24:02,20:24:11,9,0:00:00,0:00:00,0,AGENT,20:24:10,20:26:21,131,STEREN
AA0109,40866,0,0,PS,990929,20:50:13,20:50:21,8,0:00:00,0:00:00,0,AGENT,20:50:24,20:50:32,8,NO_SERVER
AA0109,40867,0,0,PS,990929,21:32:05,21:32:14,9,0:00:00,0:00:00,0,AGENT,21:32:13,21:32:52,39,GILI
AA0109,40868,0,0,PS,990929,22:02:14,22:02:22,8,0:00:00,0:00:00,0,AGENT,22:02:21,22:02:45,24,GILI
AA0109,40869,58144338,2,PS,990929,22:45:38,22:45:44,6,22:45:44,22:48:55,191,AGENT,22:48:55,22:49:49,54,DARMON
AA0109,40870,0,0,PS,990929,23:40:53,23:41:03,10,0:00:00,0:00:00,0,AGENT,23:41:03,23:41:53,50,VICKY
AA0109,40871,0,0,PS,990930,5:33:53,5:34:16,23,0:00:00,0:00:00,0,HANG,0:00:00,0:00:00,0,NO_SERVER
AA0109,40872,0,0,PS,990930,7:43:37,7:43:46,9,0:00:00,0:00:00,0,AGENT,7:43:45,7:44:11,26,TOVA
AA0109,40873,0,0,NE,990930,8:20:05,8:20:15,10,0:00:00,0:00:00,0,AGENT,8:20:14,8:31:02,648,ZOHARI
AA0109,40874,0,0,PS,990930,8:45:58,8:46:07,9,0:00:00,0:00:00,0,AGENT,8:46:06,8:50:31,265,TOVA
AA0109,40875,0,0,PS,990930,8:58:03,8:58:13,10,0:00:00,0:00:00,0,AGENT,8:58:12,9:00:30,138,TOVA
AA0109,40876,25359605,2,PS,990930,9:13:38,9:13:43,5,9:13:43,9:14:41,58,HANG,0:00:00,0:00:00,0,NO_SERVER
AA0109,40877,0,0,NE,990930,9:26:23,9:26:33,10,0:00:00,0:00:00,0,AGENT,9:26:32,9:31:06,274,TOVA
AA0109,40878,0,0,PS,990930,9:41:06,9:41:15,9,0:00:00,0:00:00,0,AGENT,9:41:14,9:42:07,53,ANAT
AA0109,40879,57918849,1,NE,990930,9:53:10,9:53:15,5,9:53:15,9:55:02,107,HANG,0:00:00,0:00:00,0,NO_SERVER
AA0109,40880,38397964,2,PS,990930,9:59:15,9:59:20,5,9:59:20,10:00:37,77,AGENT,10:00:35,10:10:42,607,YIFAT
AA0109,40881,65225641,2,PS,990930,10:14:00,10:14:05,5,10:14:05,10:14:26,21,AGENT,10:14:26,10:15:25,59,YIFAT
AA0109,40882,58029430,1,PS,990930,10:26:16,10:26:21,5,10:26:21,10:27:34,73,AGENT,10:27:33,10:28:23,50,ANAT
AA0109,40883,63611537,2,PS,990930,10:41:51,10:41:56,5,10:41:56,10:43:47,111,AGENT,10:43:46,10:43:48,2,TOVA
AA0109,40884,13000567,2,PS,990930,10:58:30,10:58:36,6,10:58:36,10:58:44,8,AGENT,10:58:43,11:00:45,122,TOVA
AA0109,40885,38238598,2,PS,990930,11:04:27,11:04:33,6,11:04:33,11:05:43,70,AGENT,11:05:42,11:09:25,223,YIFAT
AA0109,40886,12262838,1,PS,990930,11:13:47,11:13:52,5,11:13:52,11:17:30,218,HANG,0:00:00,0:00:00,0,NO_SERVER
AA0109,40887,9202045,2,PS,990930,11:21:40,11:21:45,5,11:21:45,11:24:13,148,HANG,0:00:00,0:00:00,0,NO_SERVER
AA0109,40888,0,0,NW,990930,11:27:13,11:27:22,9,11:27:22,11:29:38,136,HANG,0:00:00,0:00:00,0,NO_SERVER
AA0109,40889,23895501,2,PS,990930,11:38:17,11:38:23,6,11:38:23,11:44:12,349,AGENT,11:44:11,11:46:02,111,TOVA
AA0109,40890,34472258,2,PS,990930,11:47:47,11:47:53,6,11:47:53,11:50:56,183,AGENT,11:50:56,11:51:53,57,ROTH
AA0109,40891,33058777,1,PS,990930,11:58:17,11:58:23,6,11:58:23,11:58:36,13,HANG,0:00:00,0:00:00,0,NO_SERVER
AA0109,40892,28527489,1,PS,990930,12:06:43,12:06:49,6,12:06:49,12:09:34,165,AGENT,12:09:33,12:11:28,115,ROTH
AA0109,40893,0,0,PS,990930,12:19:12,12:19:22,10,0:00:00,0:00:00,0,AGENT,12:19:21,12:19:22,1,YIFAT
AA0109,40894,0,0,PS,990930,12:34:18,12:34:29,11,0:00:00,0:00:00,0,AGENT,12:34:28,12:36:24,116,TOVA
AA0109,40895,0,0,NW,990930,12:54:51,12:55:03,12,0:00:00,0:00:00,0,AGENT,12:55:03,12:55:21,18,ROTH
AA0109,40896,0,0,PS,990930,13:09:29,13:09:41,12,0:00:00,0:00:00,0,AGENT,13:09:40,13:11:49,129,SHARON
AA0109,40897,27152032,1,PS,990930,13:26:26,13:26:32,6,13:26:32,13:28:52,140,HANG,0:00:00,0:00:00,0,NO_SERVER
AA0109,40898,54613724,2,NE,990930,13:47:42,13:47:48,6,13:47:48,13:50:18,150,HANG,0:00:00,0:00:00,0,NO_SERVER
AA0109,40899,56765985,2,PS,990930,13:57:39,13:57:44,5,13:57:44,14:01:12,208,AGENT,14:01:11,14:02:28,77,SHARON
AA0109,40900,22150676,1,PS,990930,14:10:19,14:10:25,6,14:10:25,14:14:46,261,HANG,0:00:00,0:00:00,0,NO_SERVER
AA0109,40901,30663462,2,PS,990930,14:24:29,14:24:35,6,14:24:35,14:29:33,298,AGENT,14:29:32,14:33:53,261,SHARON
AA0109,40902,14414726,2,PS,990930,14:40:02,14:40:08,6,14:40:08,14:41:36,88,AGENT,14:41:35,14:43:11,96,ZOHARI
AA0109,40903,0,0,PS,990930,14:59:44,14:59:53,9,0:00:00,0:00:00,0,AGENT,14:59:52,15:17:40,1068,STEREN
AA0109,40904,0,0,PS,990930,15:24:01,15:24:11,10,0:00:00,0:00:00,0,AGENT,15:24:10,15:24:45,35,ROTH
AA0109,40905,0,0,PS,990930,16:01:00,16:01:09,9,0:00:00,0:00:00,0,AGENT,16:01:08,16:05:17,249,AVNI
AA0109,40906,59614776,2,PS,990930,16:24:36,16:24:41,5,16:24:41,16:24:52,11,AGENT,16:24:51,16:28:47,236,VICKY
AA0109,40907,0,0,NE,990930,16:42:24,16:42:34,10,0:00:00,0:00:00,0,AGENT,16:42:33,16:43:28,55,VICKY
AA0109,40908,0,0,PS,990930,16:59:23,16:59:32,9,0:00:00,0:00:00,0,AGENT,16:59:31,17:03:38,247,YITZ
AA0109,40909,0,0,PS,990930,17:30:37,17:30:46,9,0:00:00,0:00:00,0,AGENT,17:30:45,17:30:49,4,NO_SERVER
AA0109,40910,0,0,PS,990930,18:16:28,18:16:38,10,0:00:00,0:00:00,0,AGENT,18:16:37,18:17:25,48,YITZ
AA0109,40911,0,0,PS,990930,18:29:04,18:29:25,21,0:00:00,0:00:00,0,HANG,0:00:00,0:00:00,0,NO_SERVER
AA0109,40912,0,0,PS,990930,18:37:49,18:38:03,14,0:00:00,0:00:00,0,AGENT,18:38:03,18:38:07,4,NO_SERVER
AA0109,40913,0,0,PS,990930,19:17:48,19:17:57,9,0:00:00,0:00:00,0,AGENT,19:17:57,19:18:47,50,VICKY
AA0109,40914,0,0,PS,990930,19:59:52,20:00:00,8,0:00:00,0:00:00,0,AGENT,20:00:00,20:02:24,144,STEREN
AA0109,40915,0,0,PS,990930,20:45:19,20:45:28,9,0:00:00,0:00:00,0,AGENT,20:45:28,20:49:01,213,YITZ
AA0109,40916,0,0,PS,990930,21:14:04,21:14:13,9,0:00:00,0:00:00,0,AGENT,21:14:12,21:16:51,159,AVNI
AA0109,40917,0,0,PS,990930,21:55:27,21:55:37,10,0:00:00,0:00:00,0,AGENT,21:55:36,21:56:21,45,AVNI
AA0109,40918,0,0,PS,990930,22:52:12,22:52:40,28,0:00:00,0:00:00,0,AGENT,22:52:39,22:55:23,164,VICKY
AA0110,39151,0,0,PS,990901,1:24:47,1:24:47,0,0:00:00,0:00:00,0,HANG,0:00:00,0:00:00,0,NO_SERVER
AA0110,39152,58859752,2,PS,990901,7:10:19,7:10:25,6,7:10:25,7:10:58,33,AGENT,7:10:58,7:12:39,101,GELBER
AA0110,39153,0,0,NW,990901,7:43:17,7:43:33,16,0:00:00,0:00:00,0,AGENT,7:43:32,7:47:02,210,ZOHARI
AA0110,39154,57070534,2,PS,990901,8:05:39,8:05:44,5,8:05:44,8:05:45,1,HANG,0:00:00,0:00:00,0,NO_SERVER
AA0110,39155,0,0,PS,990901,8:19:32,8:19:41,9,0:00:00,0:00:00,0,AGENT,8:19:40,8:23:08,208,ROTH
AA0110,39156,0,0,NW,990901,8:34:21,8:34:34,13,0:00:00,0:00:00,0,AGENT,8:34:33,8:34:56,23,BASCH
AA0110,39157,0,0,PS,990901,8:47:05,8:47:14,9,0:00:00,0:00:00,0,AGENT,8:47:13,8:48:43,90,ROTH
AA0110,39158,0,0,PS,990901,9:03:01,9:03:11,10,0:00:00,0:00:00,0,AGENT,9:03:09,9:04:55,106,STEREN
AA0110,39159,14995666,2,PS,990901,9:10:23,9:10:29,6,9:10:29,9:10:56,27,AGENT,9:10:55,9:16:46,351,STEREN
AA0110,39160,0,0,PS,990901,9:23:18,9:23:29,11,0:00:00,0:00:00,0,AGENT,9:23:27,9:25:12,105,BASCH
AA0110,39161,0,0,PS,990901,9:35:38,9:35:47,9,0:00:00,0:00:00,0,AGENT,9:35:46,9:36:39,53,BASCH
AA0110,39162,42647446,2,NE,990901,9:43:53,9:43:59,6,9:43:59,9:44:18,19,AGENT,9:44:16,9:49:54,338,NAAMA
AA0110,39163,31799513,2,PS,990901,9:53:29,9:53:35,6,9:53:35,9:54:04,29,AGENT,9:54:03,9:55:24,81,ROTH
AA0110,39164,7191646,2,NE,990901,10:03:46,10:03:52,6,10:03:52,10:04:26,34,AGENT,10:04:25,10:11:52,447,NAAMA
AA0110,39165,50165802,2,PS,990901,10:12:53,10:12:59,6,10:12:59,10:13:59,60,HANG,0:00:00,0:00:00,0,NO_SERVER
AA0110,39166,0,0,PS,990901,10:23:04,10:23:22,18,0:00:00,0:00:00,0,AGENT,10:23:20,10:23:50,30,BASCH
AA0110,39167,3222239,2,PS,990901,10:31:59,10:32:05,6,10:32:05,10:32:23,18,PHANTOM,10:32:21,10:32:26,5,NO_SERVER
AA0110,39168,0,0,PS,990901,10:42:22,10:42:32,10,0:00:00,0:00:00,0,AGENT,10:42:31,10:43:48,77,DORIT
AA0110,39169,551507,2,PS,990901,10:56:51,10:56:57,6,10:56:57,10:57:06,9,AGENT,10:57:05,11:06:04,539,SHARON
AA0110,39170,57756892,1,PS,990901,11:06:46,11:06:51,5,11:06:51,11:09:26,155,AGENT,11:09:24,11:10:15,51,SHARON
AA0110,39171,69563674,1,PS,990901,11:20:07,11:20:12,5,11:20:12,11:25:22,310,AGENT,11:25:20,11:35:07,587,ROTH
AA0110,39172,0,0,PS,990901,11:39:17,11:39:26,9,0:00:00,0:00:00,0,AGENT,11:39:26,11:42:16,170,AVNI
AA0110,39173,47258256,1,PS,990901,11:48:08,11:48:14,6,11:48:14,11:49:51,97,AGENT,11:49:50,11:51:09,79,ROTH
AA0110,39174,58885963,2,PS,990901,12:04:30,12:04:36,6,12:04:36,12:04:39,3,AGENT,12:04:38,12:08:43,245,DORIT
AA0110,39175,0,0,PS,990901,12:17:20,12:17:33,13,0:00:00,0:00:00,0,AGENT,12:17:32,12:23:45,373,SHARON
AA0110,39176,0,0,NE,990901,12:30:28,12:30:41,13,0:00:00,0:00:00,0,AGENT,12:30:40,12:45:40,900,ZOHARI
AA0110,39177,0,0,PS,990901,12:45:16,12:45:26,10,0:00:00,0:00:00,0,AGENT,12:45:25,12:46:01,36,STEREN
AA0110,39178,0,0,PS,990901,12:54:26,12:54:36,10,0:00:00,0:00:00,0,AGENT,12:54:35,13:14:18,1183,PINHAS
AA0110,39179,75560649,2,PS,990901,13:09:08,13:09:14,6,13:09:14,13:09:28,14,AGENT,13:09:27,13:10:30,63,ROTH
AA0110,39180,0,0,PS,990901,13:26:28,13:26:37,9,0:00:00,0:00:00,0,AGENT,13:26:36,13:27:34,58,SHARON
AA0110,39181,0,0,PS,990901,13:41:01,13:41:11,10,0:00:00,0:00:00,0,AGENT,13:41:10,13:43:41,151,DORIT
AA0110,39182,0,0,PS,990901,13:51:56,13:52:06,10,0:00:00,0:00:00,0,AGENT,13:52:04,13:54:41,157,ROTH
AA0110,39183,0,0,PS,990901,14:06:06,14:06:22,16,0:00:00,0:00:00,0,AGENT,14:06:20,14:07:44,84,SHARON
AA0110,39184,0,0,PS,990901,14:18:43,14:18:59,16,0:00:00,0:00:00,0,AGENT,14:18:57,14:23:34,277,BENSION
AA0110,39185,0,0,PS,990901,14:31:15,14:31:24,9,0:00:00,0:00:00,0,AGENT,14:31:23,14:34:11,168,DORIT
AA0110,39186,33407792,2,PS,990901,14:39:03,14:39:09,6,14:39:09,14:39:22,13,AGENT,14:39:21,14:40:50,89,SHARON
AA0110,39187,0,0,PS,990901,14:49:41,14:49:51,10,0:00:00,0:00:00,0,AGENT,14:49:50,14:52:18,148,STEREN
AA0110,39188,27193382,1,PS,990901,15:04:30,15:04:35,5,15:04:35,15:05:23,48,AGENT,15:05:22,15:06:04,42,ANAT
AA0110,39189,24439804,2,PS,990901,15:16:10,15:16:15,5,15:16:15,15:16:54,39,AGENT,15:16:53,15:19:59,186,BENSION
AA0110,39190,0,0,NW,990901,15:27:54,15:28:09,15,0:00:00,0:00:00,0,AGENT,15:28:07,15:28:45,38,STEREN
AA0110,39191,0,0,PS,990901,15:35:59,15:36:16,17,0:00:00,0:00:00,0,AGENT,15:36:16,15:37:58,102,SHARON
AA0110,39192,0,0,PS,990901,15:47:26,15:47:36,10,0:00:00,0:00:00,0,AGENT,15:47:35,15:48:47,72,TOVA
AA0110,39193,0,0,PS,990901,15:58:07,15:58:20,13,0:00:00,0:00:00,0,AGENT,15:58:19,15:59:17,58,BENSION
AA0110,39194,0,0,NW,990901,16:19:55,16:20:11,16,0:00:00,0:00:00,0,AGENT,16:20:10,16:21:38,88,BENSION
AA0110,39195,0,0,NE,990901,16:40:06,16:40:22,16,0:00:00,0:00:00,0,AGENT,16:40:21,16:42:39,138,ANAT
AA0110,39196,0,0,NW,990901,16:52:32,16:52:42,10,16:52:42,16:53:18,36,HANG,0:00:00,0:00:00,0,NO_SERVER
AA0110,39197,0,0,NW,990901,17:05:20,17:05:36,16,0:00:00,0:00:00,0,AGENT,17:05:36,17:05:50,14,BENSION
AA0110,39198,0,0,PS,990901,17:24:20,17:24:26,6,0:00:00,0:00:00,0,AGENT,17:24:36,17:24:41,5,NO_SERVER
AA0110,39199,0,0,PS,990901,17:40:49,17:41:00,11,0:00:00,0:00:00,0,AGENT,17:41:00,17:49:45,525,TOVA
AA0110,39200,0,0,PS,990901,17:57:15,17:57:24,9,0:00:00,0:00:00,0,AGENT,17:57:23,17:59:36,133,ANAT
AA0110,39201,0,0,PS,990901,18:17:17,18:17:44,27,0:00:00,0:00:00,0,AGENT,18:17:44,18:19:58,134,AVI
AA0110,39202,0,0,PS,990901,18:31:56,18:32:06,10,0:00:00,0:00:00,0,AGENT,18:32:05,18:36:35,270,TOVA
AA0110,39203,0,0,NW,990901,18:54:19,18:54:32,13,0:00:00,0:00:00,0,AGENT,18:54:31,18:55:30,59,VICKY
AA0110,39204,0,0,PS,990901,19:24:49,19:24:58,9,0:00:00,0:00:00,0,AGENT,19:24:58,19:25:39,41,VICKY
AA0110,39205,0,0,NE,990901,19:42:31,19:42:44,13,0:00:00,0:00:00,0,AGENT,19:42:42,19:44:03,81,TOVA
AA0110,39206,0,0,NW,990901,20:09:13,20:09:26,13,0:00:00,0:00:00,0,AGENT,20:09:24,20:29:08,1184,MORIAH
AA0110,39207,23683998,2,PS,990901,20:27:41,20:27:49,8,20:27:49,20:28:21,32,AGENT,20:27:49,20:37:22,573,BENSION
AA0110,39208,0,0,PS,990901,20:40:57,20:41:13,16,0:00:00,0:00:00,0,AGENT,20:41:12,20:43:52,160,BENSION
AA0110,39209,0,0,PS,990901,20:51:29,20:51:38,9,0:00:00,0:00:00,0,AGENT,20:51:37,20:52:27,50,VICKY
AA0110,39210,0,0,PS,990901,21:08:33,21:08:43,10,0:00:00,0:00:00,0,AGENT,21:08:42,21:10:23,101,TOVA
AA0110,39211,0,0,PS,990901,21:28:24,21:28:35,11,0:00:00,0:00:00,0,AGENT,21:28:34,21:29:26,52,AVI
AA0110,39212,0,0,PS,990901,21:30:42,21:30:50,8,0:00:00,0:00:00,0,HANG,0:00:00,0:00:00,0,NO_SERVER
AA0110,39213,0,0,PS,990901,21:53:14,21:53:23,9,0:00:00,0:00:00,0,AGENT,21:53:23,21:57:30,247,AVI
AA0110,39214,56810872,2,PS,990901,22:08:36,22:08:42,6,22:08:42,22:10:58,136,HANG,0:00:00,0:00:00,0,NO_SERVER
AA0110,39215,56051360,2,PS,990901,22:25:44,22:25:49,5,22:25:49,22:28:00,131,AGENT,22:27:59,22:29:28,89,DARMON
AA0110,39216,0,0,PS,990901,22:47:13,22:47:22,9,0:00:00,0:00:00,0,AGENT,22:47:21,22:48:20,59,VICKY
AA0110,39217,0,0,PS,990901,23:07:24,23:07:35,11,0:00:00,0:00:00,0,AGENT,23:07:35,23:09:40,125,DARMON
AA0110,39218,4253746,1,PS,990901,23:30:14,23:30:19,5,23:30:19,23:30:53,34,AGENT,23:30:52,23:32:50,118,AVI
AA0110,39219,0,0,PS,990902,0:23:19,0:23:36,17,0:00:00,0:00:00,0,HANG,0:00:00,0:00:00,0,NO_SERVER
AA0110,39220,0,0,PS,990902,7:29:04,7:29:14,10,0:00:00,0:00:00,0,AGENT,7:29:12,7:30:43,91,MORIAH
AA0110,39221,0,0,PS,990902,7:56:47,7:57:03,16,0:00:00,0:00:00,0,AGENT,7:57:02,7:57:57,55,ANAT
AA0110,39222,33417114,1,PS,990902,8:19:22,8:19:28,6,8:19:28,8:19:34,6,AGENT,8:19:33,8:21:14,101,ANAT
AA0110,39223,0,0,PS,990902,8:33:07,8:33:17,10,0:00:00,0:00:00,0,AGENT,8:33:16,8:34:01,45,TOVA
AA0110,39224,0,0,NE,990902,8:42:29,8:42:41,12,0:00:00,0:00:00,0,AGENT,8:42:40,9:11:45,1745,ELI
AA0110,39225,67953661,1,PS,990902,8:50:01,8:50:07,6,8:50:07,8:53:27,200,AGENT,8:53:26,8:56:44,198,TOVA
AA0110,39226,0,0,PS,990902,9:01:06,9:01:23,17,0:00:00,0:00:00,0,AGENT,9:01:22,9:01:24,2,TOVA
AA0110,39227,51734291,2,PS,990902,9:12:40,9:12:45,5,9:12:45,9:13:21,36,AGENT,9:13:20,9:14:56,96,ROTH
AA0110,39228,0,0,PS,990902,9:27:15,9:27:24,9,0:00:00,0:00:00,0,AGENT,9:27:22,9:28:53,91,STEREN
AA0110,39229,0,0,PS,990902,9:38:35,9:38:45,10,0:00:00,0:00:00,0,AGENT,9:38:44,9:41:36,172,ZOHARI
AA0110,39230,0,0,NW,990902,9:46:25,9:46:35,10,9:46:35,9:48:27,112,HANG,0:00:00,0:00:00,0,NO_SERVER
AA0110,39231,0,0,NW,990902,9:57:32,9:57:43,11,9:57:43,9:59:41,118,AGENT,9:59:40,9:59:48,8,ROTH
AA0110,39232,24523938,2,PS,990902,10:07:39,10:07:44,5,10:07:44,10:08:03,19,HANG,0:00:00,0:00:00,0,NO_SERVER
AA0110,39233,74780917,2,NE,990902,10:16:42,10:16:47,5,10:16:47,10:18:24,97,AGENT,10:18:23,10:18:27,4,ELI
AA0110,39234,12146908,2,PS,990902,10:22:35,10:22:40,5,10:22:40,10:22:57,17,AGENT,10:22:56,10:25:39,163,MORIAH
AA0110,39235,742338,2,PS,990902,10:27:27,10:27:32,5,10:27:32,10:29:36,124,AGENT,10:29:35,10:29:42,7,MORIAH
AA0110,39236,23918964,1,PS,990902,10:34:38,10:34:44,6,10:34:44,10:38:29,225,AGENT,10:38:27,10:41:48,201,TOVA
AA0110,39237,313966145,2,PS,990902,10:41:41,10:41:47,6,10:41:47,10:45:14,207,AGENT,10:45:14,10:48:41,207,ANAT
AA0110,39238,13904420,2,PS,990902,10:48:36,10:48:41,5,10:48:41,10:49:39,58,HANG,0:00:00,0:00:00,0,NO_SERVER
AA0110,39239,59197178,2,PS,990902,10:55:23,10:55:28,5,10:55:28,10:56:11,43,AGENT,10:56:10,10:56:12,2,MORIAH
AA0110,39240,7191646,2,NE,990902,11:02:56,11:03:01,5,11:03:01,11:04:06,65,AGENT,11:04:04,11:12:38,514,TOVA
AA0110,39241,25684036,1,PS,990902,11:09:16,11:09:21,5,11:09:21,11:10:48,87,HANG,0:00:00,0:00:00,0,NO_SERVER
AA0110,39242,29474020,2,PS,990902,11:14:38,11:14:43,5,11:14:43,11:14:56,13,HANG,0:00:00,0:00:00,0,NO_SERVER
AA0110,39243,22933535,2,PS,990902,11:20:05,11:20:11,6,11:20:11,11:21:08,57,AGENT,11:21:08,11:23:55,167,STEREN
AA0110,39244,29302791,2,PS,990902,11:26:51,11:26:57,6,11:26:57,11:27:11,14,AGENT,11:27:10,11:36:14,544,ROTH
AA0110,39245,27449370,2,PS,990902,11:33:26,11:33:32,6,11:33:32,11:34:34,62,AGENT,11:34:34,11:36:32,118,MORIAH
AA0110,39246,0,0,PS,990902,11:42:39,11:42:49,10,0:00:00,0:00:00,0,AGENT,11:42:47,11:44:02,75,MORIAH
AA0110,39247,52146842,1,PS,990902,11:47:34,11:47:40,6,11:47:40,11:48:40,60,AGENT,11:48:38,11:51:36,178,YIFAT
AA0110,39248,0,0,PS,990902,11:56:07,11:56:16,9,0:00:00,0:00:00,0,AGENT,11:56:15,12:02:19,364,YIFAT
AA0110,39249,0,0,PS,990902,12:07:43,12:07:56,13,0:00:00,0:00:00,0,AGENT,12:07:54,12:09:23,89,DARMON
AA0110,39250,0,0,PS,990902,12:15:54,12:16:04,10,0:00:00,0:00:00,0,AGENT,12:16:03,12:19:30,207,ANAT
AA0110,39251,0,0,NW,990902,12:26:08,12:26:18,10,12:26:18,12:27:33,75,AGENT,12:27:31,12:29:27,116,STEREN
AA0110,39252,57464265,2,PS,990902,12:40:27,12:40:33,6,12:40:33,12:41:23,50,AGENT,12:41:21,12:43:53,152,TOVA
AA0110,39253,0,0,NW,990902,12:45:48,12:45:57,9,12:45:57,12:47:12,75,AGENT,12:47:11,12:49:05,114,STEREN
AA0110,39254,0,0,PS,990902,12:58:30,12:58:44,14,0:00:00,0:00:00,0,AGENT,12:58:43,12:58:46,3,ANAT
AA0110,39255,75560649,2,PS,990902,13:07:25,13:07:30,5,13:07:30,13:09:11,101,AGENT,13:09:11,13:10:51,100,STEREN
AA0110,39256,307667170,1,PS,990902,13:17:40,13:17:45,5,13:17:45,13:18:18,33,AGENT,13:18:17,13:22:54,277,ANAT
AA0110,39257,0,0,PS,990902,13:26:38,13:26:47,9,0:00:00,0:00:00,0,AGENT,13:26:47,13:29:12,145,ZOHARI
AA0110,39258,0,0,NE,990902,13:38:16,13:38:28,12,0:00:00,0:00:00,0,AGENT,13:38:27,13:42:10,223,ELI
AA0110,39259,0,0,PS,990902,13:54:31,13:54:39,8,0:00:00,0:00:00,0,AGENT,13:54:38,13:58:12,214,KAZAV
AA0110,39260,15708852,2,PS,990902,14:02:24,14:02:29,5,14:02:29,14:03:46,77,AGENT,14:03:45,14:05:13,88,STEREN
AA0110,39261,0,0,PS,990902,14:13:04,14:13:12,8,0:00:00,0:00:00,0,AGENT,14:13:11,14:14:53,102,STEREN
AA0110,39262,24927717,1,PS,990902,14:23:26,14:23:32,6,14:23:32,14:29:33,361,AGENT,14:29:33,14:34:05,272,ROTH
AA0110,39263,43288190,2,PS,990902,14:35:49,14:35:55,6,14:35:55,14:37:25,90,AGENT,14:37:24,14:40:31,187,KAZAV
AA0110,39264,0,0,NW,990902,14:45:07,14:45:17,10,14:45:17,14:47:50,153,AGENT,14:47:49,14:48:40,51,STEREN
AA0110,39265,0,0,NW,990902,14:57:12,14:57:21,9,14:57:21,15:02:30,309,HANG,0:00:00,0:00:00,0,NO_SERVER
AA0110,39266,22150676,1,PS,990902,15:09:17,15:09:22,5,15:09:22,15:10:17,55,HANG,0:00:00,0:00:00,0,NO_SERVER
AA0110,39267,41546904,2,NE,990902,15:21:04,15:21:10,6,15:21:10,15:23:11,121,AGENT,15:23:10,15:26:01,171,ZOHARI
AA0110,39268,3.12E+11,0,PS,990902,15:33:40,15:33:44,4,15:33:44,15:38:31,287,AGENT,15:38:30,15:55:46,1036,DARMON
AA0110,39269,24927717,1,PS,990902,15:45:09,15:45:15,6,15:45:15,15:45:32,17,HANG,0:00:00,0:00:00,0,NO_SERVER
AA0110,39270,58856592,2,PS,990902,15:51:09,15:51:15,6,15:51:15,15:51:25,10,HANG,0:00:00,0:00:00,0,NO_SERVER
AA0110,39271,0,0,NW,990902,16:01:05,16:01:14,9,16:01:14,16:04:53,219,AGENT,16:04:52,16:05:55,63,BASCH
AA0110,39272,22839104,2,PS,990902,16:12:05,16:12:11,6,16:12:11,16:14:36,145,AGENT,16:14:35,16:19:35,300,BASCH
AA0110,39273,0,0,NW,990902,16:20:55,16:21:04,9,16:21:04,16:22:22,78,AGENT,16:22:21,16:27:30,309,PINHAS
AA0110,39274,0,0,NW,990902,16:29:56,16:30:06,10,16:30:06,16:32:38,152,HANG,0:00:00,0:00:00,0,NO_SERVER
AA0110,39275,8064115,1,PS,990902,16:40:19,16:40:25,6,16:40:25,16:41:08,43,AGENT,16:41:07,16:44:28,201,ROTH
AA0110,39276,22263115,2,PS,990902,16:48:19,16:48:24,5,16:48:24,16:48:47,23,AGENT,16:48:46,16:51:07,141,VICKY
AA0110,39277,0,0,NW,990902,16:59:01,16:59:10,9,16:59:10,17:03:17,247,AGENT,17:03:17,17:04:03,46,YITZ
AA0110,39278,22474043,1,PS,990902,17:10:40,17:10:46,6,17:10:46,17:13:29,163,AGENT,17:13:27,17:15:57,150,DARMON
AA0110,39279,28700540,2,PS,990902,17:20:25,17:20:30,5,17:20:30,17:23:14,164,AGENT,17:23:13,17:29:03,350,AVI
AA0110,39280,0,0,NW,990902,17:35:22,17:35:31,9,17:35:31,17:39:22,231,AGENT,17:39:22,17:39:53,31,AVI
AA0110,39281,0,0,NW,990902,17:49:03,17:49:16,13,0:00:00,0:00:00,0,AGENT,17:49:16,17:50:25,69,YITZ
AA0110,39282,314234345,2,PE,990902,18:01:01,18:01:06,5,18:01:06,18:01:30,24,AGENT,18:01:30,18:02:29,59,VICKY
AA0110,39283,65032120,2,PS,990902,18:10:51,18:10:56,5,18:10:56,18:13:42,166,AGENT,18:13:42,18:25:16,694,YITZ
AA0110,39284,0,0,NW,990902,18:43:09,18:43:18,9,18:43:18,18:47:00,222,HANG,0:00:00,0:00:00,0,NO_SERVER
AA0110,39285,58781717,2,PS,990902,18:54:57,18:55:02,5,18:55:02,18:55:07,5,AGENT,18:55:05,18:59:36,271,BASCH
AA0110,39286,3968047,2,PS,990902,19:00:17,19:00:23,6,19:00:23,19:01:24,61,HANG,0:00:00,0:00:00,0,NO_SERVER
AA0110,39287,0,0,PS,990902,19:16:37,19:16:47,10,0:00:00,0:00:00,0,AGENT,19:16:46,19:16:46,0,AVI
AA0110,39288,0,0,PS,990902,19:29:48,19:29:58,10,0:00:00,0:00:00,0,AGENT,19:29:56,19:31:44,108,YITZ
AA0110,39289,52131323,2,PS,990902,19:57:12,19:57:18,6,19:57:18,19:57:34,16,AGENT,19:57:34,20:00:23,169,YITZ
AA0110,39290,23010598,2,PS,990902,20:14:37,20:14:43,6,20:14:43,20:15:26,43,AGENT,20:15:25,20:16:19,54,YITZ
AA0110,39291,33464561,2,PS,990902,20:39:02,20:39:08,6,20:39:08,20:41:10,122,AGENT,20:41:09,20:43:32,143,AVI
AA0110,39292,0,0,PS,990902,20:50:20,20:50:32,12,0:00:00,0:00:00,0,AGENT,20:50:32,20:51:58,86,VICKY
AA0110,39293,0,0,PS,990902,21:16:23,21:16:35,12,0:00:00,0:00:00,0,AGENT,21:16:34,21:17:46,72,VICKY
AA0110,39294,11044138,1,PS,990902,21:38:13,21:38:18,5,21:38:18,21:38:29,11,AGENT,21:38:29,21:42:23,234,MEIR
AA0110,39295,0,0,NW,990902,22:16:17,22:16:47,30,0:00:00,0:00:00,0,AGENT,22:16:46,22:18:58,132,BASCH
AA0110,39296,53384681,2,PS,990902,22:51:10,22:51:16,6,22:51:16,22:51:30,14,AGENT,22:51:29,22:52:49,80,VICKY
AA0110,39297,0,0,PS,990902,23:18:08,23:18:18,10,0:00:00,0:00:00,0,AGENT,23:18:18,23:18:55,37,AVI
AA0110,39298,0,0,NW,990902,23:37:15,23:37:30,15,0:00:00,0:00:00,0,AGENT,23:37:29,23:40:47,198,BASCH
AA0110,39299,0,0,PS,990903,1:18:46,1:19:24,38,0:00:00,0:00:00,0,HANG,0:00:00,0:00:00,0,NO_SERVER
AA0110,39300,0,0,PS,990903,7:04:02,7:04:12,10,0:00:00,0:00:00,0,AGENT,7:04:11,7:04:19,8,ROTH
AA0110,39301,0,0,PS,990903,7:04:26,7:04:33,7,7:04:33,7:05:03,30,HANG,0:00:00,0:00:00,0,NO_SERVER
AA0110,39302,0,0,PS,990903,7:35:07,7:35:16,9,0:00:00,0:00:00,0,AGENT,7:35:15,7:39:33,258,STEREN
AA0110,39303,0,0,NE,990903,7:47:25,7:47:36,11,0:00:00,0:00:00,0,AGENT,7:47:35,7:56:29,534,ZOHARI
AA0110,39304,0,0,NW,990903,8:01:22,8:01:36,14,0:00:00,0:00:00,0,AGENT,8:01:35,8:02:52,77,ZOHARI
AA0110,39305,0,0,NW,990903,8:11:11,8:11:20,9,8:11:20,8:11:40,20,AGENT,8:11:39,8:14:27,168,ROTH
AA0110,39306,0,0,PS,990903,8:19:59,8:20:07,8,0:00:00,0:00:00,0,AGENT,8:20:07,8:20:33,26,BASCH
AA0110,39307,0,0,NW,990903,8:35:34,8:35:46,12,0:00:00,0:00:00,0,AGENT,8:35:45,8:38:21,156,ROTH
AA0110,39308,0,0,PS,990903,8:46:09,8:46:22,13,0:00:00,0:00:00,0,AGENT,8:46:21,8:48:31,130,BENSION
AA0110,39309,58704610,2,PS,990903,8:54:09,8:54:14,5,8:54:14,8:55:25,71,AGENT,8:55:25,8:55:26,1,MORIAH
AA0110,39310,28129708,2,PS,990903,9:03:29,9:03:35,6,9:03:35,9:03:43,8,AGENT,9:03:42,9:06:46,184,ROTH
AA0110,39311,0,0,NE,990903,9:18:22,9:18:32,10,0:00:00,0:00:00,0,AGENT,9:18:31,9:20:38,127,BASCH
AA0110,39312,30109417,2,PS,990903,9:26:51,9:26:57,6,9:26:57,9:28:23,86,AGENT,9:28:23,9:28:26,3,MORIAH
AA0110,39313,0,0,PS,990903,9:41:44,9:41:53,9,0:00:00,0:00:00,0,AGENT,9:41:52,9:43:37,105,BASCH
AA0110,39314,68398759,1,PS,990903,9:56:09,9:56:14,5,9:56:14,9:57:30,76,AGENT,9:57:29,9:59:05,96,STEREN
AA0110,39315,0,0,PS,990903,10:04:44,10:04:54,10,0:00:00,0:00:00,0,AGENT,10:04:52,10:06:43,111,BENSION
AA0110,39316,0,0,PS,990903,10:18:16,10:18:26,10,0:00:00,0:00:00,0,AGENT,10:18:26,10:18:28,2,MORIAH
AA0110,39317,0,0,PS,990903,10:24:45,10:24:48,3,0:00:00,0:00:00,0,HANG,0:00:00,0:00:00,0,NO_SERVER
AA0110,39318,24535247,1,PS,990903,10:32:34,10:32:40,6,10:32:40,10:33:57,77,AGENT,10:33:56,10:37:53,237,ZOHARI
AA0110,39319,57884199,2,PS,990903,10:41:27,10:41:32,5,10:41:32,10:43:13,101,AGENT,10:43:12,10:43:15,3,MORIAH
AA0110,39320,59674119,1,PS,990903,10:53:14,10:53:20,6,10:53:20,10:55:23,123,AGENT,10:55:23,10:56:37,74,MORIAH
AA0110,39321,0,0,PS,990903,11:11:52,11:12:01,9,0:00:00,0:00:00,0,AGENT,11:12:00,11:18:06,366,STEREN
AA0110,39322,0,0,PS,990903,11:24:57,11:25:12,15,0:00:00,0:00:00,0,AGENT,11:25:11,11:34:29,558,BASCH
AA0110,39323,0,0,PS,990903,11:37:09,11:37:17,8,0:00:00,0:00:00,0,AGENT,11:37:16,11:41:46,270,STEREN
AA0110,39324,0,0,PS,990903,11:58:51,11:59:03,12,0:00:00,0:00:00,0,AGENT,11:59:01,12:02:36,215,ELI
AA0110,39325,0,0,NW,990903,12:11:30,12:11:39,9,12:11:39,12:13:14,95,AGENT,12:13:13,12:14:04,51,ROTH
AA0110,39326,0,0,NW,990903,12:27:40,12:27:50,10,12:27:50,12:29:43,113,AGENT,12:29:42,12:32:16,154,ROTH
AA0110,39327,0,0,PS,990903,12:49:33,12:49:45,12,0:00:00,0:00:00,0,AGENT,12:49:43,12:56:09,386,MORIAH
AA0110,39328,0,0,PS,990903,13:03:41,13:03:51,10,0:00:00,0:00:00,0,AGENT,13:03:50,13:15:55,725,ROTH
AA0110,39329,0,0,PS,990903,13:28:45,13:28:54,9,0:00:00,0:00:00,0,AGENT,13:28:54,13:30:24,90,ZOHARI
AA0110,39330,0,0,NW,990903,14:00:20,14:00:30,10,14:00:30,14:04:22,232,AGENT,14:04:21,14:05:52,91,ZOHARI
AA0110,39331,0,0,NW,990903,14:34:27,14:35:05,38,0:00:00,0:00:00,0,HANG,0:00:00,0:00:00,0,NO_SERVER
AA0110,39332,0,0,PS,990903,15:29:25,15:29:38,13,0:00:00,0:00:00,0,HANG,0:00:00,0:00:00,0,NO_SERVER
AA0110,39333,0,0,NW,990903,16:52:11,16:52:49,38,0:00:00,0:00:00,0,HANG,0:00:00,0:00:00,0,NO_SERVER
AA0110,39334,0,0,NW,990903,19:52:22,19:52:45,23,0:00:00,0:00:00,0,HANG,0:00:00,0:00:00,0,NO_SERVER
AA0110,39335,0,0,NW,990904,18:35:03,18:35:24,21,0:00:00,0:00:00,0,HANG,0:00:00,0:00:00,0,NO_SERVER
AA0110,39336,0,0,NW,990904,19:50:46,19:51:09,23,0:00:00,0:00:00,0,HANG,0:00:00,0:00:00,0,NO_SERVER
AA0110,39337,54329438,2,PS,990904,20:12:13,20:12:19,6,20:12:19,20:12:44,25,AGENT,20:12:43,20:26:47,844,ZOHARI
AA0110,39338,22532980,2,PS,990904,20:26:48,20:26:54,6,20:26:54,20:28:25,91,AGENT,20:28:25,20:29:12,47,ZOHARI
AA0110,39340,0,0,PS,990904,20:42:52,20:42:52,0,0:00:00,0:00:00,0,HANG,0:00:00,0:00:00,0,NO_SERVER
AA0110,39341,29068244,2,PS,990904,20:58:09,20:58:15,6,20:58:15,20:59:02,47,AGENT,20:59:01,21:04:55,354,MORIAH
AA0110,39342,0,0,PS,990904,21:24:52,21:25:02,10,0:00:00,0:00:00,0,AGENT,21:25:01,21:25:34,33,BASCH
AA0110,39343,0,0,PS,990904,21:54:08,21:54:18,10,0:00:00,0:00:00,0,AGENT,21:54:16,21:57:28,192,ZOHARI
AA0110,39344,0,0,PS,990904,22:28:27,22:28:37,10,0:00:00,0:00:00,0,AGENT,22:28:36,22:30:58,142,BASCH
AA0110,39345,0,0,PS,990904,22:51:40,22:51:50,10,0:00:00,0:00:00,0,AGENT,22:51:49,22:52:56,67,ZOHARI
AA0110,39346,0,0,PS,990904,23:39:41,23:39:51,10,0:00:00,0:00:00,0,AGENT,23:39:50,23:43:16,206,ZOHARI
AA0110,39348,0,0,NE,990905,4:38:11,4:38:11,0,0:00:00,0:00:00,0,HANG,0:00:00,0:00:00,0,NO_SERVER
AA0110,39349,0,0,PS,990905,7:15:55,7:16:03,8,0:00:00,0:00:00,0,AGENT,7:16:03,7:17:10,67,DORIT
AA0110,39350,0,0,NW,990905,7:33:35,7:33:44,9,7:33:44,7:34:13,29,HANG,0:00:00,0:00:00,0,NO_SERVER
AA0110,39351,0,0,PS,990905,7:57:18,7:57:36,18,0:00:00,0:00:00,0,AGENT,7:57:35,7:59:49,134,NAAMA
AA0110,39352,28981082,1,PS,990905,8:17:42,8:17:47,5,8:17:47,8:18:59,72,AGENT,8:18:58,8:21:20,142,ROTH
AA0110,39353,0,0,PS,990905,8:28:18,8:28:23,5,0:00:00,0:00:00,0,AGENT,8:28:29,8:28:35,6,NO_SERVER
AA0110,39354,0,0,PS,990905,8:45:28,8:45:37,9,0:00:00,0:00:00,0,AGENT,8:45:37,8:48:37,180,NAAMA
AA0110,39355,0,0,PS,990905,8:55:00,8:55:09,9,0:00:00,0:00:00,0,AGENT,8:55:08,8:58:09,181,ZOHARI
AA0110,39356,50856467,2,PS,990905,9:10:57,9:11:02,5,9:11:02,9:11:22,20,PHANTOM,9:11:20,9:11:29,9,NO_SERVER
AA0110,39357,0,0,PS,990905,9:17:20,9:17:29,9,0:00:00,0:00:00,0,AGENT,9:17:28,9:33:31,963,ZOHARI
AA0110,39358,7191646,2,NE,990905,9:25:54,9:25:59,5,9:25:59,9:27:24,85,AGENT,9:27:23,9:34:43,440,ANAT
AA0110,39359,10587137,2,NE,990905,9:33:54,9:34:00,6,9:34:00,9:34:48,48,AGENT,9:34:47,9:35:26,39,ANAT
AA0110,39360,27819168,2,PS,990905,9:45:01,9:45:07,6,9:45:07,9:46:05,58,AGENT,9:46:05,9:47:51,106,DORIT
AA0110,39361,65032120,2,PS,990905,9:52:27,9:52:33,6,9:52:33,9:53:07,34,AGENT,9:53:05,9:58:09,304,STEREN
AA0110,39362,25219700,2,PS,990905,10:00:19,10:00:25,6,10:00:25,10:02:22,117,AGENT,10:02:21,10:03:25,64,AVI
AA0110,39363,10587137,2,NE,990905,10:07:58,10:08:03,5,10:08:03,10:08:15,12,HANG,0:00:00,0:00:00,0,NO_SERVER
AA0110,39364,0,0,NW,990905,10:15:09,10:15:18,9,10:15:18,10:15:28,10,HANG,0:00:00,0:00:00,0,NO_SERVER
AA0110,39365,30577092,2,PS,990905,10:21:19,10:21:24,5,10:21:24,10:22:24,60,AGENT,10:22:23,10:22:59,36,DORIT
AA0110,39366,51303170,2,PS,990905,10:27:08,10:27:14,6,10:27:14,10:29:29,135,AGENT,10:29:28,10:31:09,101,DORIT
AA0110,39367,58114869,2,PS,990905,10:34:52,10:34:58,6,10:34:58,10:36:20,82,AGENT,10:36:20,10:39:20,180,DORIT
AA0110,39368,25627027,2,PS,990905,10:40:12,10:40:17,5,10:40:17,10:45:23,306,AGENT,10:45:22,10:47:17,115,STEREN
AA0110,39369,0,0,NW,990905,10:49:15,10:49:24,9,10:49:24,10:50:42,78,AGENT,10:50:41,10:53:07,146,DORIT
AA0110,39370,0,0,NW,990905,10:54:32,10:54:41,9,10:54:41,10:55:05,24,HANG,0:00:00,0:00:00,0,NO_SERVER
AA0110,39371,306149485,2,PS,990905,11:02:26,11:02:32,6,11:02:32,11:04:48,136,AGENT,11:04:47,11:07:54,187,ROTH
AA0110,39372,3663952,1,PS,990905,11:09:33,11:09:38,5,11:09:38,11:11:34,116,AGENT,11:11:34,11:15:34,240,ROTH
AA0110,39373,71520779,1,PS,990905,11:18:43,11:18:49,6,11:18:49,11:19:38,49,AGENT,11:19:37,11:23:58,261,ROTH
AA0110,39374,11974755,1,PS,990905,11:29:01,11:29:06,5,11:29:06,11:30:10,64,PHANTOM,11:30:10,11:30:17,7,NO_SERVER
AA0110,39375,32357816,2,PS,990905,11:37:59,11:38:04,5,11:38:04,11:38:41,37,AGENT,11:38:40,11:40:20,100,STEREN
AA0110,39376,0,0,NW,990905,11:47:57,11:48:06,9,11:48:06,11:51:25,199,AGENT,11:51:25,11:52:46,81,ROTH
AA0110,39377,0,0,PS,990905,12:00:31,12:00:41,10,0:00:00,0:00:00,0,AGENT,12:00:39,12:03:33,174,NAAMA
AA0110,39378,0,0,PS,990905,12:20:59,12:21:12,13,0:00:00,0:00:00,0,AGENT,12:21:11,12:26:42,331,NAAMA
AA0110,39379,13864954,1,PS,990905,12:31:39,12:31:46,7,12:31:46,12:32:57,71,AGENT,12:32:56,12:35:06,130,AVI
AA0110,39380,0,0,PS,990905,12:42:20,12:42:28,8,0:00:00,0:00:00,0,AGENT,12:42:27,12:45:38,191,NAAMA
AA0110,39381,57423261,1,PS,990905,12:51:20,12:51:26,6,12:51:26,12:52:41,75,AGENT,12:52:40,12:55:04,144,STEREN
AA0110,39382,65032120,2,PS,990905,13:04:47,13:04:53,6,13:04:53,13:05:31,38,AGENT,13:05:31,13:08:30,179,STEREN
AA0110,39383,40325078,1,PS,990905,13:13:22,13:13:28,6,13:13:28,13:16:18,170,AGENT,13:16:17,13:17:19,62,NAAMA
AA0110,39384,0,0,PS,990905,13:23:24,13:23:33,9,0:00:00,0:00:00,0,AGENT,13:23:32,13:25:09,97,ZOHARI
AA0110,39385,54128681,2,PS,990905,13:33:15,13:33:21,6,13:33:21,13:33:49,28,AGENT,13:33:48,13:35:37,109,NAAMA
AA0110,39386,25073537,1,PS,990905,13:50:50,13:50:56,6,13:50:56,13:52:15,79,AGENT,13:52:14,14:00:04,470,STEREN
AA0110,39387,54644695,2,PS,990905,13:59:36,13:59:42,6,13:59:42,14:02:12,150,AGENT,14:02:11,14:03:44,93,STEREN
AA0110,39388,0,0,PS,990905,14:13:42,14:13:52,10,0:00:00,0:00:00,0,AGENT,14:13:50,14:14:38,48,STEREN
AA0110,39389,0,0,PS,990905,14:21:29,14:21:40,11,0:00:00,0:00:00,0,AGENT,14:21:40,14:25:58,258,ZOHARI
AA0110,39390,304765399,1,PS,990905,14:27:04,14:27:09,5,14:27:09,14:32:47,338,AGENT,14:32:46,14:34:18,92,DORIT
AA0110,39391,0,0,PS,990905,14:41:10,14:41:21,11,0:00:00,0:00:00,0,AGENT,14:41:19,14:52:13,654,DORIT
AA0110,39392,74780917,2,NE,990905,14:50:35,14:50:41,6,14:50:41,14:53:23,162,AGENT,14:53:22,15:00:22,420,TOVA
AA0110,39393,11221934,2,PS,990905,14:59:19,14:59:25,6,14:59:25,15:00:10,45,HANG,0:00:00,0:00:00,0,NO_SERVER
AA0110,39394,65032120,2,PS,990905,15:05:55,15:06:00,5,15:06:00,15:09:16,196,AGENT,15:09:15,15:09:17,2,MORIAH
AA0110,39395,33762014,1,PS,990905,15:17:25,15:17:31,6,15:17:31,15:20:24,173,AGENT,15:20:23,15:22:57,154,MORIAH
AA0110,39396,22874192,2,PS,990905,15:26:40,15:26:45,5,15:26:45,15:27:30,45,AGENT,15:27:29,15:30:07,158,STEREN
AA0110,39397,74450255,1,PS,990905,15:35:01,15:35:06,5,15:35:06,15:37:39,153,AGENT,15:37:38,15:41:23,225,ZOHARI
AA0110,39398,314234345,2,PE,990905,15:43:51,15:43:55,4,15:43:55,15:45:47,112,AGENT,15:45:47,15:50:48,301,MORIAH
AA0110,39399,0,0,NW,990905,15:51:19,15:51:28,9,15:51:28,15:55:57,269,HANG,0:00:00,0:00:00,0,NO_SERVER
AA0110,39400,74450255,1,PS,990905,15:58:48,15:58:54,6,15:58:54,16:04:53,359,AGENT,16:04:52,16:05:31,39,BASCH
AA0110,39401,0,0,NW,990905,16:09:59,16:10:09,10,16:10:09,16:16:04,355,AGENT,16:16:03,16:17:04,61,PINHAS
AA0110,39402,0,0,NW,990905,16:21:24,16:21:34,10,16:21:34,16:22:48,74,HANG,0:00:00,0:00:00,0,NO_SERVER
AA0110,39403,0,0,NW,990905,16:27:58,16:28:07,9,16:28:07,16:32:01,234,AGENT,16:32:01,16:35:31,210,VICKY
AA0110,39404,51440469,2,PS,990905,16:40:53,16:40:59,6,16:40:59,16:41:19,20,HANG,0:00:00,0:00:00,0,NO_SERVER
AA0110,39405,0,0,PS,990905,16:52:20,16:52:29,9,0:00:00,0:00:00,0,AGENT,16:52:28,16:53:28,60,ZOHARI
AA0110,39406,0,0,NW,990905,16:59:59,17:00:13,14,0:00:00,0:00:00,0,AGENT,17:00:12,17:23:23,1391,NO_SERVER
AA0110,39407,0,0,NW,990905,17:11:54,17:12:03,9,17:12:03,17:12:12,9,AGENT,17:12:12,17:12:41,29,VICKY
AA0110,39408,0,0,NW,990905,17:24:21,17:24:31,10,17:24:31,17:25:12,41,HANG,0:00:00,0:00:00,0,NO_SERVER
AA0110,39410,0,0,PS,990905,17:35:26,17:35:26,0,0:00:00,0:00:00,0,HANG,0:00:00,0:00:00,0,NO_SERVER
AA0110,39411,74387119,2,PS,990905,17:42:58,17:43:04,6,17:43:04,17:43:17,13,AGENT,17:43:17,17:43:21,4,MORIAH
AA0110,39412,0,0,NW,990905,17:55:36,17:55:46,10,17:55:46,17:57:21,95,AGENT,17:57:20,17:57:47,27,VICKY
AA0110,39413,0,0,NW,990905,18:22:38,18:22:47,9,18:22:47,18:25:00,133,AGENT,18:24:59,18:26:41,102,MORIAH
AA0110,39414,71520779,1,PS,990905,18:46:46,18:46:52,6,18:46:52,18:47:54,62,AGENT,18:47:53,18:54:12,379,MORIAH
AA0110,39415,0,0,PS,990905,19:08:46,19:08:57,11,0:00:00,0:00:00,0,AGENT,19:08:56,19:09:49,53,MORIAH
AA0110,39416,51190130,1,PS,990905,19:32:34,19:32:39,5,19:32:39,19:33:54,75,AGENT,19:33:53,19:37:52,239,TOVA
AA0110,39417,0,0,NW,990905,20:45:43,20:45:53,10,20:45:53,20:46:14,21,AGENT,20:46:13,20:54:39,506,MORIAH
AA0110,39418,22066302,2,PS,990905,21:18:46,21:18:52,6,21:18:52,21:19:13,21,AGENT,21:19:12,21:23:50,278,BENSION
AA0110,39419,0,0,NW,990905,21:42:56,21:43:05,9,21:43:05,21:44:43,98,HANG,0:00:00,0:00:00,0,NO_SERVER
AA0110,39420,3449238,2,PS,990905,21:55:24,21:55:38,14,21:55:38,21:56:47,69,AGENT,21:55:38,21:58:36,178,BENSION
AA0110,39421,0,0,PS,990905,22:14:45,22:14:55,10,0:00:00,0:00:00,0,AGENT,22:14:54,22:18:20,206,BASCH
AA0110,39422,57056244,2,NE,990905,22:44:25,22:44:31,6,22:44:31,22:45:30,59,AGENT,22:45:29,22:46:36,67,BASCH
AA0110,39423,54128681,2,PS,990905,23:13:40,23:13:45,5,23:13:45,23:16:15,150,AGENT,23:16:15,23:17:12,57,VICKY
AA0110,39424,0,0,NW,990906,1:31:50,1:32:00,10,0:00:00,0:00:00,0,HANG,0:00:00,0:00:00,0,NO_SERVER
AA0110,39425,0,0,PS,990906,6:58:48,6:59:13,25,0:00:00,0:00:00,0,AGENT,6:59:13,7:00:08,55,YIFAT
AA0110,39426,5850011,2,PS,990906,7:52:32,7:52:37,5,7:52:37,7:53:35,58,AGENT,7:53:35,7:58:00,265,BASCH
AA0110,39427,0,0,PS,990906,8:03:39,8:03:48,9,0:00:00,0:00:00,0,AGENT,8:03:47,8:09:09,322,ZOHARI
AA0110,39428,0,0,PS,990906,8:23:02,8:23:13,11,0:00:00,0:00:00,0,AGENT,8:23:11,8:24:10,59,BASCH
AA0110,39429,31738115,1,PS,990906,8:37:00,8:37:06,6,8:37:06,8:39:26,140,AGENT,8:39:26,8:40:36,70,BASCH
AA0110,39430,0,0,NW,990906,8:48:36,8:48:50,14,0:00:00,0:00:00,0,AGENT,8:48:49,8:54:38,349,MORIAH
AA0110,39431,0,0,PS,990906,9:00:42,9:00:52,10,0:00:00,0:00:00,0,AGENT,9:00:51,9:10:30,579,BASCH
AA0110,39432,25022625,2,PS,990906,9:09:01,9:09:06,5,9:09:06,9:09:14,8,AGENT,9:09:13,9:14:02,289,SHARON
AA0110,39433,0,0,NW,990906,9:18:55,9:19:04,9,9:19:04,9:20:52,108,AGENT,9:20:51,9:22:07,76,ROTH
AA0110,39434,152009,1,PS,990906,9:25:44,9:25:50,6,9:25:50,9:26:32,42,AGENT,9:26:31,9:29:51,200,BASCH
AA0110,39435,0,0,NW,990906,9:35:07,9:35:16,9,9:35:16,9:37:03,107,AGENT,9:37:01,9:39:11,130,MORIAH
AA0110,39436,50165802,2,PS,990906,9:46:41,9:46:46,5,9:46:46,9:48:36,110,AGENT,9:48:35,9:49:42,67,DORIT
AA0110,39437,0,0,NE,990906,9:54:56,9:55:06,10,0:00:00,0:00:00,0,AGENT,9:55:05,10:07:45,760,ELI
AA0110,39438,69687275,2,PS,990906,10:03:09,10:03:15,6,10:03:15,10:04:45,90,AGENT,10:04:43,10:07:01,138,BASCH
AA0110,39439,54357413,2,PS,990906,10:09:14,10:09:20,6,10:09:20,10:09:30,10,HANG,0:00:00,0:00:00,0,NO_SERVER
AA0110,39441,0,0,PS,990906,10:16:00,10:16:00,0,0:00:00,0:00:00,0,HANG,0:00:00,0:00:00,0,NO_SERVER
AA0110,39442,29474020,2,PS,990906,10:21:38,10:21:43,5,10:21:43,10:22:01,18,AGENT,10:22:01,10:22:03,2,MORIAH
AA0110,39443,11978913,1,PS,990906,10:27:53,10:27:59,6,10:27:59,10:31:28,209,AGENT,10:31:27,10:40:30,543,YITZ
AA0110,39444,0,0,PS,990906,10:39:23,10:39:35,12,0:00:00,0:00:00,0,AGENT,10:39:35,10:41:52,137,SHARON
AA0110,39445,36032639,1,PS,990906,10:47:48,10:46:57,-51,10:46:57,10:48:33,96,AGENT,10:48:32,10:49:35,63,DORIT
AA0110,39446,13464003,2,PS,990906,10:56:52,10:56:58,6,10:56:58,10:57:22,24,AGENT,10:57:21,11:00:03,162,YITZ
AA0110,39447,58029430,1,PS,990906,11:08:52,11:08:58,6,11:08:58,11:09:03,5,AGENT,11:09:02,11:10:08,66,TOVA
AA0110,39448,1187707,2,PS,990906,11:18:36,11:18:42,6,11:18:42,11:19:09,27,AGENT,11:19:08,11:20:56,108,YIFAT
AA0110,39449,0,0,PS,990906,11:30:26,11:30:35,9,0:00:00,0:00:00,0,AGENT,11:30:34,11:36:37,363,YITZ
AA0110,39450,0,0,PS,990906,11:39:39,11:39:47,8,0:00:00,0:00:00,0,AGENT,11:39:47,11:41:58,131,ZOHARI
AA0110,39451,13887716,2,PS,990906,11:46:34,11:46:40,6,11:46:40,11:47:30,50,AGENT,11:47:29,11:51:53,264,MORIAH
AA0110,39452,0,0,PS,990906,11:59:57,12:00:07,10,0:00:00,0:00:00,0,AGENT,12:00:06,12:24:17,1451,MORIAH
AA0110,39453,0,0,PS,990906,12:00:59,12:01:37,38,0:00:00,0:00:00,0,HANG,0:00:00,0:00:00,0,NO_SERVER
AA0110,39454,0,0,PS,990906,12:08:56,12:09:05,9,0:00:00,0:00:00,0,AGENT,12:09:04,12:14:49,345,DORIT
AA0110,39455,0,0,PS,990906,12:25:00,12:25:11,11,0:00:00,0:00:00,0,AGENT,12:25:10,12:31:56,406,YIFAT
AA0110,39456,0,0,PS,990906,12:37:59,12:38:09,10,0:00:00,0:00:00,0,AGENT,12:38:07,12:39:25,78,ROTH
AA0110,39457,0,0,NW,990906,12:53:12,12:53:22,10,12:53:22,12:53:27,5,AGENT,12:53:26,12:56:32,186,SHARON
AA0110,39458,0,0,NW,990906,12:55:41,12:55:45,4,0:00:00,0:00:00,0,HANG,0:00:00,0:00:00,0,NO_SERVER
AA0110,39459,0,0,PS,990906,13:09:02,13:09:14,12,0:00:00,0:00:00,0,AGENT,13:09:13,13:18:07,534,YIFAT
AA0110,39460,0,0,PS,990906,13:21:13,13:21:22,9,0:00:00,0:00:00,0,AGENT,13:21:21,13:22:29,68,DORIT
AA0110,39461,0,0,PS,990906,13:38:36,13:38:45,9,0:00:00,0:00:00,0,AGENT,13:38:44,13:40:23,99,DORIT
AA0110,39462,0,0,PS,990906,13:52:23,13:52:32,9,0:00:00,0:00:00,0,AGENT,13:52:31,13:55:59,208,BASCH
AA0110,39463,0,0,PS,990906,14:01:51,14:02:00,9,0:00:00,0:00:00,0,AGENT,14:01:59,14:04:58,179,BASCH
AA0110,39464,0,0,PS,990906,14:15:48,14:15:57,9,0:00:00,0:00:00,0,AGENT,14:15:56,14:15:59,3,MORIAH
AA0110,39465,0,0,PS,990906,14:28:17,14:28:22,5,0:00:00,0:00:00,0,HANG,0:00:00,0:00:00,0,NO_SERVER
AA0110,39466,51046290,2,PS,990906,14:39:24,14:39:29,5,14:39:29,14:39:57,28,AGENT,14:39:56,14:43:20,204,ROTH
AA0110,39467,57316622,2,PS,990906,14:45:03,14:45:09,6,14:45:09,14:45:38,29,AGENT,14:45:37,14:46:12,35,ANAT
AA0110,39468,64169121,2,PS,990906,14:58:52,14:58:58,6,14:58:58,14:59:22,24,AGENT,14:59:21,15:02:30,189,ROTH
AA0110,39469,0,0,PS,990906,15:13:32,15:13:43,11,0:00:00,0:00:00,0,AGENT,15:13:42,15:13:43,1,ANAT
AA0110,39470,0,0,NE,990906,15:26:17,15:26:24,7,0:00:00,0:00:00,0,AGENT,15:26:24,15:28:07,103,ROTH
AA0110,39471,28439289,1,PS,990906,15:36:38,15:36:44,6,15:36:44,15:38:20,96,HANG,0:00:00,0:00:00,0,NO_SERVER
AA0110,39472,0,0,PS,990906,15:48:47,15:48:57,10,0:00:00,0:00:00,0,AGENT,15:48:57,15:50:48,111,DARMON
AA0110,39473,0,0,PS,990906,16:03:36,16:03:53,17,0:00:00,0:00:00,0,AGENT,16:03:53,16:03:54,1,ANAT
AA0110,39474,0,0,NW,990906,16:17:38,16:17:48,10,16:17:48,16:20:50,182,HANG,0:00:00,0:00:00,0,NO_SERVER
AA0110,39475,65032120,2,PS,990906,16:36:07,16:36:13,6,16:36:13,16:37:18,65,AGENT,16:37:17,16:39:21,124,ANAT
AA0110,39476,5530654,2,PS,990906,16:53:56,16:54:02,6,16:54:02,16:54:58,56,AGENT,16:54:57,16:56:43,106,STEREN
AA0110,39477,51929339,2,PS,990906,17:11:50,17:11:56,6,17:11:56,17:14:31,155,AGENT,17:14:30,17:15:11,41,VICKY
AA0110,39478,0,0,NE,990906,17:32:30,17:32:45,15,0:00:00,0:00:00,0,AGENT,17:32:44,17:36:11,207,VICKY
AA0110,39479,0,0,NW,990906,17:56:39,17:56:48,9,17:56:48,17:58:30,102,AGENT,17:58:29,17:59:24,55,VICKY
AA0110,39480,65032120,2,PS,990906,18:23:56,18:24:01,5,18:24:01,18:24:23,22,AGENT,18:24:22,18:24:22,0,VICKY
AA0110,39481,50448703,1,PS,990906,18:37:17,18:37:22,5,18:37:22,18:37:38,16,AGENT,18:37:37,18:41:49,252,MEIR
AA0110,39482,0,0,PS,990906,19:03:10,19:03:21,11,0:00:00,0:00:00,0,AGENT,19:03:19,19:03:21,2,ANAT
AA0110,39483,0,0,NW,990906,19:27:16,19:27:29,13,0:00:00,0:00:00,0,AGENT,19:27:28,19:28:24,56,VICKY
AA0110,39484,0,0,PS,990906,19:51:22,19:51:35,13,0:00:00,0:00:00,0,AGENT,19:51:35,19:53:15,100,MEIR
AA0110,39485,0,0,NW,990906,20:21:25,20:21:34,9,20:21:34,20:21:35,1,HANG,0:00:00,0:00:00,0,NO_SERVER
AA0110,39486,29437829,2,PS,990906,20:45:00,20:45:06,6,20:45:06,20:47:25,139,AGENT,20:47:25,20:49:43,138,MEIR
AA0110,39487,28952349,1,PS,990906,21:06:56,21:07:01,5,21:07:01,21:08:07,66,AGENT,21:08:06,21:09:09,63,STEREN
AA0110,39488,0,0,PS,990906,21:33:28,21:33:39,11,0:00:00,0:00:00,0,AGENT,21:33:38,21:36:08,150,STEREN
AA0110,39489,0,0,PS,990906,21:56:22,21:56:34,12,0:00:00,0:00:00,0,AGENT,21:56:32,21:57:21,49,STEREN
AA0110,39490,0,0,PS,990906,22:22:52,22:23:03,11,0:00:00,0:00:00,0,AGENT,22:23:02,22:23:49,47,VICKY
AA0110,39491,0,0,PS,990906,23:13:37,23:13:46,9,0:00:00,0:00:00,0,AGENT,23:13:45,23:14:33,48,VICKY
AA0110,39493,0,0,PS,990907,0:19:01,0:19:01,0,0:00:00,0:00:00,0,HANG,0:00:00,0:00:00,0,NO_SERVER
AA0110,39494,0,0,PS,990907,7:22:55,7:23:04,9,0:00:00,0:00:00,0,AGENT,7:23:04,7:25:44,160,MORIAH
AA0110,39495,0,0,PS,990907,7:53:52,7:54:02,10,0:00:00,0:00:00,0,AGENT,7:54:02,7:55:07,65,MORIAH
AA0110,39496,0,0,NW,990907,8:20:10,8:20:20,10,8:20:20,8:22:08,108,AGENT,8:22:08,8:26:41,273,AVI
AA0110,39497,0,0,PS,990907,8:37:44,8:37:54,10,0:00:00,0:00:00,0,AGENT,8:37:53,8:40:06,133,TOVA
AA0110,39498,0,0,PS,990907,8:50:00,8:50:11,11,0:00:00,0:00:00,0,AGENT,8:50:09,8:50:14,5,NO_SERVER
AA0110,39499,64441306,2,PS,990907,8:58:51,8:58:57,6,8:58:57,8:59:07,10,AGENT,8:59:06,8:59:51,45,ROTH
AA0110,39500,0,0,NW,990907,9:08:28,9:08:37,9,9:08:37,9:09:35,58,AGENT,9:09:34,9:10:44,70,AVI
AA0110,39501,0,0,PS,990907,9:26:40,9:26:49,9,0:00:00,0:00:00,0,AGENT,9:26:48,9:30:56,248,ROTH
AA0110,39502,0,0,PS,990907,9:34:05,9:34:18,13,0:00:00,0:00:00,0,AGENT,9:34:17,9:38:04,227,YIFAT
AA0110,39503,3225299,2,PS,990907,9:50:15,9:50:20,5,9:50:20,9:52:44,144,AGENT,9:52:43,9:58:48,365,ROTH
AA0110,39504,0,0,NE,990907,10:04:39,10:04:49,10,0:00:00,0:00:00,0,AGENT,10:04:47,10:06:54,127,BASCH
AA0110,39505,25124181,2,NE,990907,10:14:51,10:14:57,6,10:14:57,10:16:29,92,AGENT,10:16:28,10:16:30,2,TOVA
AA0110,39506,58029620,2,PS,990907,10:23:49,10:23:54,5,10:23:54,10:25:02,68,AGENT,10:25:01,10:26:16,75,MORIAH
AA0110,39507,58029430,1,PS,990907,10:37:47,10:37:53,6,10:37:53,10:39:18,85,AGENT,10:39:17,10:39:33,16,BASCH
AA0110,39508,0,0,NE,990907,10:50:47,10:51:47,60,0:00:00,0:00:00,0,AGENT,10:51:46,10:55:06,200,ROTH
AA0110,39509,0,0,PS,990907,11:03:17,11:03:27,10,0:00:00,0:00:00,0,AGENT,11:03:26,11:14:58,692,BASCH
AA0110,39510,30442495,2,PS,990907,11:14:45,11:14:50,5,11:14:50,11:15:02,12,AGENT,11:15:01,11:20:24,323,BASCH
AA0110,39511,0,0,PS,990907,11:24:27,11:24:35,8,0:00:00,0:00:00,0,AGENT,11:24:35,11:25:51,76,ROTH
AA0110,39512,955690,2,PS,990907,11:35:17,11:35:23,6,11:35:23,11:38:15,172,AGENT,11:38:14,11:44:05,351,BASCH
AA0110,39513,0,0,PS,990907,11:40:12,11:40:22,10,0:00:00,0:00:00,0,HANG,0:00:00,0:00:00,0,NO_SERVER
AA0110,39514,52761673,2,PS,990907,11:46:08,11:46:13,5,11:46:13,11:51:10,297,AGENT,11:51:08,11:55:38,270,AVI
AA0110,39515,33052234,1,PS,990907,11:58:49,11:58:55,6,11:58:55,11:59:17,22,HANG,0:00:00,0:00:00,0,NO_SERVER
AA0110,39516,0,0,PS,990907,12:09:38,12:09:48,10,0:00:00,0:00:00,0,AGENT,12:09:46,12:10:45,59,BASCH
AA0110,39517,0,0,PS,990907,12:25:24,12:25:33,9,0:00:00,0:00:00,0,AGENT,12:25:32,12:27:00,88,ROTH
AA0110,39518,0,0,PS,990907,12:37:46,12:37:56,10,0:00:00,0:00:00,0,AGENT,12:37:56,12:38:01,5,MORIAH
AA0110,39519,0,0,NE,990907,12:56:44,12:56:53,9,0:00:00,0:00:00,0,AGENT,12:56:53,13:00:22,209,VICKY
AA0110,39520,74780917,2,NE,990907,13:12:23,13:12:29,6,13:12:29,13:13:08,39,AGENT,13:13:07,13:15:29,142,VICKY
AA0110,39521,0,0,PS,990907,13:27:05,13:27:15,10,0:00:00,0:00:00,0,AGENT,13:27:14,13:27:53,39,VICKY
AA0110,39522,22131072,2,PS,990907,13:42:39,13:42:45,6,13:42:45,13:43:07,22,AGENT,13:43:07,13:44:47,100,BASCH
AA0110,39523,0,0,PS,990907,14:03:27,14:03:37,10,0:00:00,0:00:00,0,AGENT,14:03:35,14:08:04,269,ROTH
AA0110,39524,0,0,PS,990907,14:16:11,14:16:20,9,0:00:00,0:00:00,0,AGENT,14:16:19,14:16:48,29,VICKY
AA0110,39525,22017651,1,PS,990907,14:30:37,14:30:43,6,14:30:43,14:31:13,30,AGENT,14:31:12,14:34:10,178,AVI
AA0110,39526,53494142,2,PS,990907,14:39:27,14:39:33,6,14:39:33,14:42:07,154,AGENT,14:42:07,14:44:55,168,VICKY
AA0110,39527,33854316,1,PS,990907,14:52:11,14:52:17,6,14:52:17,14:54:15,118,AGENT,14:54:14,14:54:22,8,VICKY
AA0110,39528,33950981,1,PS,990907,15:07:58,15:08:03,5,15:08:03,15:12:44,281,PHANTOM,15:12:44,15:13:02,18,NO_SERVER
AA0110,39529,0,0,NW,990907,15:22:44,15:22:53,9,15:22:53,15:29:53,420,AGENT,15:29:52,15:30:00,8,STEREN
AA0110,39530,53622395,1,PS,990907,15:37:39,15:37:45,6,15:37:45,15:38:29,44,AGENT,15:38:28,15:40:07,99,STEREN
AA0110,39531,0,0,PS,990907,15:52:18,15:52:30,12,0:00:00,0:00:00,0,AGENT,15:52:29,15:55:50,201,SHARON
AA0110,39532,13408224,2,PS,990907,16:03:16,16:03:21,5,16:03:21,16:03:39,18,AGENT,16:03:38,16:11:27,469,SHARON
AA0110,39533,0,0,PS,990907,16:12:52,16:13:02,10,0:00:00,0:00:00,0,AGENT,16:13:00,16:13:41,41,SHARON
AA0110,39534,38347902,2,PS,990907,16:25:51,16:25:56,5,16:25:56,16:26:45,49,HANG,0:00:00,0:00:00,0,NO_SERVER
AA0110,39535,0,0,PS,990907,16:36:56,16:37:12,16,0:00:00,0:00:00,0,AGENT,16:37:11,16:38:08,57,DARMON
AA0110,39536,0,0,NW,990907,16:54:55,16:55:04,9,16:55:04,16:55:18,14,HANG,0:00:00,0:00:00,0,NO_SERVER
AA0110,39537,0,0,NW,990907,17:07:18,17:07:27,9,17:07:27,17:09:04,97,AGENT,17:09:03,17:13:04,241,VICKY
AA0110,39538,0,0,NW,990907,17:22:27,17:22:37,10,17:22:37,17:23:35,58,AGENT,17:23:33,17:24:25,52,VICKY
AA0110,39539,0,0,NW,990907,17:38:49,17:38:59,10,17:38:59,17:40:11,72,AGENT,17:40:10,17:41:33,83,VICKY
AA0110,39540,68001924,2,NE,990907,17:52:08,17:52:13,5,17:52:13,17:52:41,28,AGENT,17:52:40,17:53:06,26,ZOHARI
AA0110,39541,0,0,PS,990907,18:06:04,18:06:22,18,0:00:00,0:00:00,0,AGENT,18:06:20,18:07:48,88,SHARON
AA0110,39542,0,0,PS,990907,18:21:26,18:21:40,14,0:00:00,0:00:00,0,AGENT,18:21:38,18:21:39,1,BENSION
AA0110,39543,0,0,NE,990907,18:57:37,18:57:51,14,0:00:00,0:00:00,0,AGENT,18:57:50,19:06:57,547,ZOHARI
AA0110,39544,0,0,PS,990907,19:18:13,19:18:26,13,0:00:00,0:00:00,0,AGENT,19:18:25,19:19:47,82,ZOHARI
AA0110,39545,0,0,PS,990907,19:44:47,19:45:01,14,0:00:00,0:00:00,0,AGENT,19:45:00,19:46:28,88,BENSION
AA0110,39546,27133917,2,PS,990907,20:14:55,20:15:16,21,20:15:16,20:15:27,11,AGENT,20:15:26,20:15:27,1,BENSION
AA0110,39547,0,0,PS,990907,20:35:59,20:36:08,9,0:00:00,0:00:00,0,AGENT,20:36:06,20:37:10,64,BENSION
AA0110,39548,57056244,2,NE,990907,20:56:19,20:56:24,5,20:56:24,20:57:48,84,AGENT,20:57:47,21:00:59,192,STEREN
AA0110,39549,0,0,PS,990907,21:14:22,21:14:32,10,0:00:00,0:00:00,0,AGENT,21:14:31,21:15:49,78,ZOHARI
AA0110,39550,0,0,PS,990907,21:41:18,21:41:28,10,0:00:00,0:00:00,0,AGENT,21:41:27,21:46:54,327,SHARON
AA0110,39551,0,0,PS,990907,22:06:05,22:06:21,16,0:00:00,0:00:00,0,AGENT,22:06:20,22:08:28,128,ZOHARI
AA0110,39552,62333810,1,PS,990907,22:32:12,22:32:17,5,22:32:17,22:32:35,18,HANG,0:00:00,0:00:00,0,NO_SERVER
AA0110,39553,51136083,2,PS,990907,22:50:10,22:50:15,5,22:50:15,22:50:24,9,AGENT,22:50:23,22:58:07,464,DARMON
AA0110,39554,0,0,PS,990907,23:21:16,23:21:25,9,0:00:00,0:00:00,0,AGENT,23:21:24,23:22:27,63,SHARON
AA0110,39555,0,0,PS,990908,2:33:31,2:34:06,35,0:00:00,0:00:00,0,HANG,0:00:00,0:00:00,0,NO_SERVER
AA0110,39556,0,0,PS,990908,7:10:01,7:10:11,10,0:00:00,0:00:00,0,AGENT,7:10:10,7:12:29,139,TOVA
AA0110,39557,0,0,PS,990908,7:42:56,7:43:10,14,0:00:00,0:00:00,0,AGENT,7:43:09,7:48:54,345,DORIT
AA0110,39558,0,0,NW,990908,8:09:07,8:09:16,9,8:09:16,8:09:23,7,AGENT,8:09:21,8:10:19,58,ROTH
AA0110,39559,0,0,PS,990908,8:24:25,8:24:34,9,0:00:00,0:00:00,0,AGENT,8:24:34,8:25:55,81,ROTH
AA0110,39560,4493912,1,PS,990908,8:42:05,8:42:11,6,8:42:11,8:42:59,48,AGENT,8:42:58,8:45:48,170,STEREN
AA0110,39561,63171458,1,PS,990908,8:51:44,8:51:49,5,8:51:49,8:53:16,87,AGENT,8:53:15,8:55:21,126,DORIT
AA0110,39562,57726887,1,PS,990908,9:06:46,9:06:51,5,9:06:51,9:07:38,47,AGENT,9:07:37,9:08:29,52,YITZ
AA0110,39563,56839194,1,PS,990908,9:17:08,9:17:14,6,9:17:14,9:18:05,51,AGENT,9:18:04,9:19:45,101,YITZ
AA0110,39564,0,0,NW,990908,9:28:53,9:29:02,9,9:29:02,9:29:23,21,AGENT,9:29:22,9:33:54,272,STEREN
AA0110,39565,25291774,2,PS,990908,9:41:40,9:41:46,6,9:41:46,9:42:33,47,AGENT,9:42:32,9:49:41,429,YITZ
AA0110,39566,17299231,2,PS,990908,9:50:35,9:50:41,6,9:50:41,9:52:24,103,AGENT,9:52:23,9:55:54,211,SHARON
AA0110,39567,0,0,PS,990908,10:02:37,10:02:46,9,0:00:00,0:00:00,0,AGENT,10:02:45,10:04:06,81,DORIT
AA0110,39568,50688696,2,PS,990908,10:09:01,10:09:06,5,10:09:06,10:09:25,19,HANG,0:00:00,0:00:00,0,NO_SERVER
AA0110,39569,55921597,1,NE,990908,10:13:00,10:13:05,5,10:13:05,10:14:18,73,AGENT,10:14:18,10:17:28,190,ELI
AA0110,39570,0,0,NW,990908,10:20:46,10:20:56,10,10:20:56,10:23:28,152,AGENT,10:23:28,10:25:02,94,STEREN
AA0110,39571,0,0,NW,990908,10:36:16,10:36:26,10,10:36:26,10:38:18,112,HANG,0:00:00,0:00:00,0,NO_SERVER
AA0110,39572,55279970,2,NE,990908,10:50:41,10:50:46,5,10:50:46,10:51:13,27,AGENT,10:51:12,10:55:53,281,ROTH
AA0110,39573,55387302,1,PS,990908,11:05:51,11:05:56,5,11:05:56,11:09:19,203,AGENT,11:09:19,11:18:17,538,DORIT
AA0110,39574,0,0,PS,990908,11:22:43,11:22:52,9,0:00:00,0:00:00,0,AGENT,11:22:51,11:23:42,51,ROTH
AA0110,39575,58704610,2,PS,990908,11:35:53,11:35:59,6,11:35:59,11:36:19,20,AGENT,11:36:18,11:39:58,220,SHARON
AA0110,39576,0,0,PS,990908,11:57:55,11:58:03,8,0:00:00,0:00:00,0,AGENT,11:58:02,11:58:44,42,DORIT
AA0110,39577,16447203,2,PS,990908,12:05:19,12:05:25,6,12:05:25,12:06:13,48,AGENT,12:06:12,12:07:15,63,YITZ
AA0110,39578,25742347,1,PS,990908,12:17:04,12:17:09,5,12:17:09,12:19:25,136,HANG,0:00:00,0:00:00,0,NO_SERVER
AA0110,39579,0,0,PS,990908,12:34:08,12:34:17,9,0:00:00,0:00:00,0,AGENT,12:34:15,12:34:45,30,SHARON
AA0110,39580,0,0,PS,990908,12:52:16,12:52:25,9,0:00:00,0:00:00,0,AGENT,12:52:25,12:54:13,108,DORIT
AA0110,39581,0,0,PS,990908,13:06:30,13:06:44,14,0:00:00,0:00:00,0,AGENT,13:06:43,13:07:54,71,BASCH
AA0110,39582,63193346,2,PS,990908,13:19:53,13:19:58,5,13:19:58,13:20:18,20,AGENT,13:20:17,13:21:41,84,KAZAV
AA0110,39583,34180737,1,PS,990908,13:30:19,13:30:25,6,13:30:25,13:32:16,111,AGENT,13:32:16,13:34:43,147,STEREN
AA0110,39584,313976227,1,PS,990908,13:43:51,13:43:57,6,13:43:57,13:45:28,91,AGENT,13:45:26,13:48:21,175,BASCH
AA0110,39585,24359085,2,PS,990908,13:53:46,13:53:52,6,13:53:52,13:54:28,36,AGENT,13:54:28,13:57:09,161,KAZAV
AA0110,39586,59184945,1,PS,990908,14:05:08,14:05:13,5,14:05:13,14:07:52,159,AGENT,14:07:51,14:12:48,297,STEREN
AA0110,39587,0,0,PS,990908,14:24:38,14:24:47,9,0:00:00,0:00:00,0,AGENT,14:24:46,14:26:54,128,STEREN
AA0110,39588,0,0,PS,990908,14:36:42,14:36:52,10,0:00:00,0:00:00,0,AGENT,14:36:51,14:38:53,122,ROTH
AA0110,39589,29701927,1,PS,990908,14:45:11,14:45:17,6,14:45:17,14:46:57,100,AGENT,14:46:56,14:47:56,60,KAZAV
AA0110,39590,0,0,NW,990908,15:02:51,15:03:00,9,15:03:00,15:08:08,308,AGENT,15:08:07,15:09:36,89,MORIAH
AA0110,39591,22874192,2,PS,990908,15:16:05,15:16:11,6,15:16:11,15:19:17,186,AGENT,15:19:16,15:21:43,147,ANAT
AA0110,39592,13000567,2,PS,990908,15:28:58,15:29:04,6,15:29:04,15:30:01,57,HANG,0:00:00,0:00:00,0,NO_SERVER
AA0110,39593,57918849,1,NE,990908,15:35:49,15:35:55,6,15:35:55,15:38:50,175,AGENT,15:38:49,15:42:57,248,ELI
AA0110,39594,0,0,NW,990908,15:46:14,15:46:24,10,15:46:24,15:47:01,37,HANG,0:00:00,0:00:00,0,NO_SERVER
AA0110,39595,38337168,2,PS,990908,15:54:22,15:54:28,6,15:54:28,15:56:09,101,AGENT,15:56:08,16:09:01,773,DARMON
AA0110,39596,0,0,PS,990908,16:08:59,16:09:08,9,0:00:00,0:00:00,0,AGENT,16:09:07,16:11:23,136,ANAT
AA0110,39597,68240316,2,PS,990908,16:19:30,16:19:35,5,16:19:35,16:21:26,111,AGENT,16:21:26,16:22:14,48,AVI
AA0110,39598,0,0,NW,990908,16:35:43,16:35:52,9,16:35:52,16:39:42,230,AGENT,16:39:41,16:44:18,277,BENSION
AA0110,39599,0,0,PS,990908,16:57:34,16:57:43,9,0:00:00,0:00:00,0,AGENT,16:57:42,16:59:32,110,BENSION
AA0110,39600,0,0,PS,990908,17:15:43,17:15:52,9,0:00:00,0:00:00,0,AGENT,17:15:52,17:15:55,3,MORIAH
AA0110,39601,25312810,2,PS,990908,17:32:55,17:33:01,6,17:33:01,17:33:19,18,HANG,0:00:00,0:00:00,0,NO_SERVER
AA0110,39602,58704610,2,PS,990908,17:44:50,17:44:55,5,17:44:55,17:47:03,128,AGENT,17:47:03,17:47:04,1,MORIAH
AA0110,39603,0,0,PS,990908,18:05:06,18:05:17,11,0:00:00,0:00:00,0,AGENT,18:05:17,18:08:45,208,ANAT
AA0110,39604,0,0,NW,990908,18:25:32,18:25:41,9,18:25:41,18:27:06,85,AGENT,18:27:06,18:30:15,189,AVI
AA0110,39605,0,0,PS,990908,18:44:44,18:44:58,14,0:00:00,0:00:00,0,AGENT,18:44:57,18:54:07,550,AVI
AA0110,39606,0,0,PS,990908,19:05:22,19:05:52,30,0:00:00,0:00:00,0,AGENT,19:05:50,19:07:20,90,BENSION
AA0110,39607,0,0,PS,990908,19:16:45,19:16:57,12,0:00:00,0:00:00,0,AGENT,19:16:56,19:18:44,108,AVI
AA0110,39608,0,0,PS,990908,19:30:09,19:30:18,9,0:00:00,0:00:00,0,AGENT,19:30:18,19:31:24,66,ANAT
AA0110,39609,0,0,NW,990908,19:57:45,19:58:00,15,0:00:00,0:00:00,0,AGENT,19:58:00,19:58:55,55,BENSION
AA0110,39610,0,0,PS,990908,20:22:51,20:23:04,13,0:00:00,0:00:00,0,AGENT,20:23:03,20:32:17,554,ANAT
AA0110,39611,0,0,PS,990908,20:48:42,20:48:54,12,0:00:00,0:00:00,0,AGENT,20:48:54,20:52:44,230,MEIR
AA0110,39612,29277688,1,PS,990908,21:10:07,21:10:13,6,21:10:13,21:10:44,31,AGENT,21:10:44,21:10:46,2,MORIAH
AA0110,39613,0,0,NE,990908,21:26:59,21:27:08,9,0:00:00,0:00:00,0,AGENT,21:27:06,21:27:08,2,MORIAH
AA0110,39614,0,0,PS,990908,21:45:40,21:45:49,9,0:00:00,0:00:00,0,AGENT,21:45:47,21:46:39,52,MEIR
AA0110,39615,29500113,2,PS,990908,22:06:33,22:06:39,6,22:06:39,22:07:26,47,AGENT,22:07:24,22:08:52,88,DARMON
AA0110,39616,58201484,1,PS,990908,22:30:40,22:30:45,5,22:30:45,22:33:26,161,AGENT,22:33:25,22:36:01,156,DARMON
AA0110,39617,28076479,1,PS,990908,22:59:11,22:59:16,5,22:59:16,22:59:57,41,AGENT,22:59:56,23:03:09,193,DARMON
AA0110,39618,0,0,PS,990908,23:37:56,23:38:08,12,0:00:00,0:00:00,0,AGENT,23:38:08,23:39:23,75,BENSION
AA0110,39619,0,0,PS,990909,0:20:30,0:20:39,9,0:00:00,0:00:00,0,HANG,0:00:00,0:00:00,0,NO_SERVER
AA0110,39620,0,0,PS,990909,7:07:33,7:07:43,10,0:00:00,0:00:00,0,AGENT,7:07:42,7:11:11,209,YIFAT
AA0110,39621,0,0,PS,990909,7:47:37,7:47:47,10,0:00:00,0:00:00,0,AGENT,7:47:46,7:49:03,77,NAAMA
AA0110,39622,0,0,PS,990909,8:22:00,8:22:15,15,0:00:00,0:00:00,0,AGENT,8:22:14,8:23:09,55,ANAT
AA0110,39623,0,0,PS,990909,8:38:57,8:39:07,10,0:00:00,0:00:00,0,AGENT,8:39:06,8:44:02,296,NAAMA
AA0110,39624,0,0,PS,990909,8:52:41,8:52:52,11,0:00:00,0:00:00,0,AGENT,8:52:51,8:56:49,238,NAAMA
AA0110,39625,9047440,2,PS,990909,9:07:58,9:08:04,6,9:08:04,9:08:27,23,AGENT,9:08:26,9:10:23,117,ROTH
AA0110,39626,0,0,PS,990909,9:20:53,9:21:06,13,0:00:00,0:00:00,0,AGENT,9:21:04,9:21:07,3,YIFAT
AA0110,39627,0,0,PS,990909,9:37:12,9:37:24,12,0:00:00,0:00:00,0,AGENT,9:37:23,9:38:00,37,BASCH
AA0110,39628,779066,1,PS,990909,9:56:03,9:56:09,6,9:56:09,9:57:36,87,HANG,0:00:00,0:00:00,0,NO_SERVER
AA0110,39629,0,0,NE,990909,10:05:59,10:06:11,12,0:00:00,0:00:00,0,AGENT,10:06:11,10:15:01,530,ELI
AA0110,39630,37635950,2,PS,990909,10:18:26,10:18:31,5,10:18:31,10:19:42,71,AGENT,10:19:41,10:20:04,23,SHARON
AA0110,39631,0,0,PS,990909,10:33:31,10:33:40,9,0:00:00,0:00:00,0,AGENT,10:33:39,10:34:37,58,KAZAV
AA0110,39632,0,0,NW,990909,10:46:01,10:46:14,13,0:00:00,0:00:00,0,AGENT,10:46:13,10:47:00,47,BASCH
AA0110,39633,0,0,PS,990909,11:01:59,11:02:08,9,0:00:00,0:00:00,0,AGENT,11:02:08,11:03:37,89,BASCH
AA0110,39634,0,0,PS,990909,11:15:07,11:15:16,9,0:00:00,0:00:00,0,AGENT,11:15:15,11:18:47,212,VICKY
AA0110,39635,0,0,PS,990909,11:30:59,11:31:09,10,0:00:00,0:00:00,0,AGENT,11:31:08,11:32:00,52,BASCH
AA0110,39636,0,0,PS,990909,11:46:41,11:46:54,13,0:00:00,0:00:00,0,AGENT,11:46:53,11:48:06,73,SHARON
AA0110,39637,0,0,NW,990909,12:00:58,12:01:08,10,12:01:08,12:01:17,9,AGENT,12:01:16,12:02:39,83,ROTH
AA0110,39638,0,0,NW,990909,12:20:14,12:20:23,9,12:20:23,12:21:01,38,AGENT,12:21:00,12:30:41,581,SHARON
AA0110,39639,0,0,PS,990909,12:37:50,12:38:06,16,0:00:00,0:00:00,0,AGENT,12:38:06,12:39:15,69,SHARON
AA0110,39640,0,0,PS,990909,12:52:12,12:52:25,13,0:00:00,0:00:00,0,AGENT,12:52:24,12:54:14,110,SHARON
AA0110,39641,0,0,PS,990909,13:07:07,13:07:15,8,0:00:00,0:00:00,0,AGENT,13:07:14,13:08:52,98,KAZAV
AA0110,39642,0,0,NW,990909,13:21:08,13:21:20,12,0:00:00,0:00:00,0,AGENT,13:21:20,13:21:29,9,ROTH
AA0110,39643,0,0,PS,990909,13:38:17,13:38:26,9,0:00:00,0:00:00,0,AGENT,13:38:25,13:40:47,142,SHARON
AA0110,39644,0,0,PS,990909,13:56:14,13:56:24,10,0:00:00,0:00:00,0,AGENT,13:56:23,13:57:21,58,DORIT
AA0110,39645,16686354,2,NE,990909,14:12:19,14:12:24,5,14:12:24,14:13:24,60,AGENT,14:13:22,14:16:23,181,KAZAV
AA0110,39646,51689297,1,PS,990909,14:24:30,14:24:36,6,14:24:36,14:26:46,130,AGENT,14:26:44,14:29:59,195,KAZAV
AA0110,39647,0,0,PS,990909,14:38:20,14:38:29,9,0:00:00,0:00:00,0,AGENT,14:38:28,14:40:38,130,DORIT
AA0110,39648,57669509,2,PS,990909,14:50:41,14:50:46,5,14:50:46,14:51:00,14,AGENT,14:51:00,14:52:24,84,KAZAV
AA0110,39649,22373096,2,PS,990909,15:04:51,15:04:56,5,15:04:56,15:05:52,56,AGENT,15:05:52,15:07:14,82,ROTH
AA0110,39650,32274987,1,PS,990909,15:14:49,15:14:54,5,15:14:54,15:15:05,11,HANG,0:00:00,0:00:00,0,NO_SERVER
AA0110,39651,58620949,2,PS,990909,15:27:40,15:27:45,5,15:27:45,15:28:14,29,AGENT,15:28:14,15:31:50,216,ROTH
AA0110,39652,27885011,2,PS,990909,15:36:24,15:36:29,5,15:36:29,15:38:19,110,AGENT,15:38:18,15:39:46,88,DARMON
AA0110,39653,24530693,2,PS,990909,15:46:39,15:46:44,5,15:46:44,15:48:20,96,AGENT,15:48:20,15:50:12,112,DARMON
AA0110,39654,74450255,1,PS,990909,16:00:51,16:00:56,5,16:00:56,16:01:45,49,AGENT,16:01:44,16:13:33,709,DARMON
AA0110,39655,30712699,2,NE,990909,16:12:25,16:12:31,6,16:12:31,16:14:35,124,AGENT,16:14:34,16:14:48,14,STEREN
AA0110,39656,0,0,PS,990909,16:26:29,16:26:39,10,0:00:00,0:00:00,0,AGENT,16:26:38,16:28:27,109,ZOHARI
AA0110,39657,0,0,NW,990909,16:36:29,16:36:38,9,16:36:38,16:36:44,6,AGENT,16:36:43,16:37:30,47,AVI
AA0110,39659,0,0,PS,990909,16:49:59,16:49:59,0,0:00:00,0:00:00,0,HANG,0:00:00,0:00:00,0,NO_SERVER
AA0110,39660,0,0,NW,990909,17:01:40,17:01:49,9,17:01:49,17:02:23,34,HANG,0:00:00,0:00:00,0,NO_SERVER
AA0110,39661,0,0,PS,990909,17:12:38,17:12:48,10,0:00:00,0:00:00,0,AGENT,17:12:47,17:12:51,4,NO_SERVER
AA0110,39662,0,0,PS,990909,17:25:29,17:25:37,8,0:00:00,0:00:00,0,AGENT,17:25:37,17:34:26,529,STEREN
AA0110,39663,55387302,1,PS,990909,17:44:40,17:44:45,5,17:44:45,17:47:38,173,AGENT,17:47:37,17:50:22,165,STEREN
AA0110,39664,27419019,1,PS,990909,18:03:00,18:03:06,6,18:03:06,18:05:20,134,AGENT,18:05:20,18:06:22,62,AVI
AA0110,39665,28756120,1,PS,990909,18:23:00,18:23:05,5,18:23:05,18:29:00,355,AGENT,18:28:59,18:34:26,327,YITZ
AA0110,39666,0,0,PS,990909,18:52:48,18:52:59,11,0:00:00,0:00:00,0,AGENT,18:52:58,18:53:37,39,AVI
AA0110,39667,0,0,NW,990909,19:09:36,19:09:45,9,19:09:45,19:10:07,22,HANG,0:00:00,0:00:00,0,NO_SERVER
AA0110,39668,0,0,NW,990909,19:38:05,19:38:15,10,19:38:15,19:41:34,199,HANG,0:00:00,0:00:00,0,NO_SERVER
AA0110,39669,33506544,1,PS,990909,20:20:40,20:20:46,6,20:20:46,20:21:35,49,AGENT,20:21:34,20:25:56,262,DARMON
AA0110,39670,0,0,PS,990909,20:55:31,20:55:46,15,0:00:00,0:00:00,0,AGENT,20:55:46,20:56:29,43,AVI
AA0110,39671,57841983,2,PS,990909,21:17:26,21:17:32,6,21:17:32,21:17:51,19,AGENT,21:17:50,21:19:11,81,STEREN
AA0110,39672,22013551,2,NE,990909,21:40:15,21:40:20,5,21:40:20,21:40:28,8,AGENT,21:40:28,21:43:14,166,STEREN
AA0110,39673,0,0,NW,990909,22:07:29,22:07:38,9,22:07:38,22:08:36,58,AGENT,22:08:35,22:10:53,138,STEREN
AA0110,39674,29421252,1,PS,990909,22:41:58,22:42:04,6,22:42:04,22:43:53,109,AGENT,22:43:52,22:47:48,236,ZOHARI
AA0110,39675,0,0,PS,990909,23:09:57,23:10:11,14,0:00:00,0:00:00,0,AGENT,23:10:11,23:11:34,83,STEREN
AA0110,39677,0,0,PS,990910,0:01:30,0:01:30,0,0:00:00,0:00:00,0,HANG,0:00:00,0:00:00,0,NO_SERVER
AA0110,39678,0,0,PS,990910,7:24:55,7:25:05,10,0:00:00,0:00:00,0,AGENT,7:25:04,7:25:40,36,BASCH
AA0110,39679,0,0,PS,990910,7:59:36,7:59:45,9,0:00:00,0:00:00,0,AGENT,7:59:45,8:00:44,59,AVNI
AA0110,39680,0,0,NW,990910,8:20:23,8:20:36,13,0:00:00,0:00:00,0,AGENT,8:20:35,8:21:35,60,AVNI
AA0110,39681,0,0,PS,990910,8:40:42,8:40:50,8,0:00:00,0:00:00,0,AGENT,8:40:50,8:45:14,264,DORIT
AA0110,39682,0,0,PS,990910,8:55:25,8:55:41,16,0:00:00,0:00:00,0,AGENT,8:55:40,8:56:27,47,DORIT
AA0110,39683,0,0,PS,990910,9:12:41,9:12:54,13,0:00:00,0:00:00,0,AGENT,9:12:52,9:13:25,33,DORIT
AA0110,39684,0,0,PS,990910,9:24:04,9:24:12,8,0:00:00,0:00:00,0,AGENT,9:24:11,9:26:52,161,AVNI
AA0110,39685,0,0,PS,990910,9:35:36,9:35:46,10,0:00:00,0:00:00,0,AGENT,9:35:46,9:38:15,149,VICKY
AA0110,39686,0,0,PS,990910,9:50:17,9:50:26,9,0:00:00,0:00:00,0,AGENT,9:50:26,9:52:06,100,AVNI
AA0110,39687,0,0,PS,990910,10:01:28,10:01:37,9,0:00:00,0:00:00,0,AGENT,10:01:36,10:03:13,97,VICKY
AA0110,39688,0,0,PS,990910,10:16:53,10:17:05,12,0:00:00,0:00:00,0,AGENT,10:17:04,10:18:08,64,BENSION
AA0110,39689,0,0,NW,990910,10:33:12,10:33:25,13,0:00:00,0:00:00,0,AGENT,10:33:24,10:35:58,154,VICKY
AA0110,39690,0,0,PS,990910,10:47:30,10:47:40,10,0:00:00,0:00:00,0,AGENT,10:47:39,10:48:17,38,BASCH
AA0110,39691,54938774,2,PS,990910,11:06:24,11:06:35,11,11:06:35,11:07:01,26,AGENT,11:06:34,11:09:03,149,BASCH
AA0110,39692,0,0,PS,990910,11:24:14,11:24:27,13,0:00:00,0:00:00,0,AGENT,11:24:26,11:26:57,151,BASCH
AA0110,39693,0,0,PS,990910,11:50:28,11:50:39,11,0:00:00,0:00:00,0,AGENT,11:50:38,11:51:46,68,SHARON
AA0110,39694,0,0,NW,990910,12:13:11,12:13:21,10,12:13:21,12:13:45,24,AGENT,12:13:44,12:14:09,25,SHARON
AA0110,39695,0,0,PS,990910,12:53:03,12:53:18,15,0:00:00,0:00:00,0,AGENT,12:53:16,12:55:53,157,DORIT
AA0110,39696,0,0,PS,990910,13:17:00,13:17:15,15,0:00:00,0:00:00,0,HANG,0:00:00,0:00:00,0,NO_SERVER
AA0110,39698,0,0,PS,990910,13:59:02,13:59:02,0,0:00:00,0:00:00,0,HANG,0:00:00,0:00:00,0,NO_SERVER
AA0110,39700,0,0,PS,990910,15:59:08,15:59:08,0,0:00:00,0:00:00,0,HANG,0:00:00,0:00:00,0,NO_SERVER
AA0110,39701,0,0,NW,990910,23:12:32,23:12:56,24,0:00:00,0:00:00,0,HANG,0:00:00,0:00:00,0,NO_SERVER
AA0110,39702,0,0,PS,990911,18:58:51,18:59:30,39,0:00:00,0:00:00,0,HANG,0:00:00,0:00:00,0,NO_SERVER
AA0110,39703,0,0,NW,990912,12:37:21,12:37:59,38,0:00:00,0:00:00,0,HANG,0:00:00,0:00:00,0,NO_SERVER
AA0110,39705,0,0,PS,990912,19:28:27,19:28:27,0,0:00:00,0:00:00,0,HANG,0:00:00,0:00:00,0,NO_SERVER
AA0110,39706,0,0,NW,990912,19:59:15,19:59:29,14,0:00:00,0:00:00,0,AGENT,19:59:28,20:00:25,57,SHARON
AA0110,39707,0,0,PS,990912,20:23:11,20:23:20,9,0:00:00,0:00:00,0,AGENT,20:23:19,20:25:54,155,AVNI
AA0110,39708,25369786,1,PS,990912,20:38:14,20:38:18,4,20:38:18,20:40:49,151,AGENT,20:40:49,20:42:14,85,SHARON
AA0110,39709,0,0,NW,990912,21:10:30,21:10:44,14,0:00:00,0:00:00,0,AGENT,21:10:43,21:11:16,33,AVNI
AA0110,39710,25369992,1,PS,990912,21:37:16,21:37:21,5,21:37:21,21:38:07,46,AGENT,21:38:06,21:39:52,106,AVNI
AA0110,39711,0,0,PS,990912,22:18:07,22:18:16,9,0:00:00,0:00:00,0,AGENT,22:18:15,22:18:42,27,SHARON
AA0110,39712,0,0,PS,990912,23:03:30,23:03:42,12,0:00:00,0:00:00,0,AGENT,23:03:41,23:10:15,394,AVNI
AA0110,39713,0,0,PS,990913,0:51:30,0:51:43,13,0:00:00,0:00:00,0,HANG,0:00:00,0:00:00,0,NO_SERVER
AA0110,39714,57252942,2,PS,990913,7:26:35,7:26:41,6,7:26:41,7:26:56,15,AGENT,7:26:55,7:28:00,65,GILI
AA0110,39715,0,0,NW,990913,7:56:08,7:56:18,10,7:56:18,7:56:35,17,AGENT,7:56:34,7:57:29,55,STEREN
AA0110,39716,0,0,PS,990913,8:13:35,8:13:46,11,0:00:00,0:00:00,0,AGENT,8:13:50,8:14:00,10,NO_SERVER
AA0110,39717,0,0,NW,990913,8:28:41,8:28:55,14,0:00:00,0:00:00,0,AGENT,8:28:54,8:29:30,36,STEREN
AA0110,39718,0,0,PS,990913,8:38:30,8:38:40,10,0:00:00,0:00:00,0,AGENT,8:38:39,8:46:29,470,VICKY
AA0110,39719,0,0,PS,990913,8:47:46,8:47:56,10,0:00:00,0:00:00,0,AGENT,8:47:55,8:47:59,4,NO_SERVER
AA0110,39720,0,0,PS,990913,8:58:42,8:58:53,11,0:00:00,0:00:00,0,AGENT,8:58:52,8:58:57,5,VICKY
AA0110,39721,0,0,PS,990913,9:08:40,9:08:49,9,0:00:00,0:00:00,0,AGENT,9:08:48,9:10:26,98,ROTH
AA0110,39722,0,0,NW,990913,9:18:07,9:18:20,13,0:00:00,0:00:00,0,AGENT,9:18:19,9:20:21,122,STEREN
AA0110,39723,0,0,PS,990913,9:30:26,9:30:35,9,0:00:00,0:00:00,0,AGENT,9:30:35,9:31:43,68,KAZAV
AA0110,39724,0,0,NE,990913,9:37:54,9:38:06,12,0:00:00,0:00:00,0,AGENT,9:38:05,9:40:09,124,GILI
AA0110,39725,0,0,PS,990913,9:45:51,9:46:01,10,0:00:00,0:00:00,0,AGENT,9:46:00,9:47:51,111,KAZAV
AA0110,39726,0,0,PS,990913,9:55:10,9:55:21,11,0:00:00,0:00:00,0,AGENT,9:55:21,9:59:26,245,SHARON
AA0110,39727,27924059,1,PS,990913,10:07:37,10:07:43,6,10:07:43,10:07:46,3,AGENT,10:07:46,10:10:17,151,SHARON
AA0110,39728,0,0,NW,990913,10:15:40,10:15:49,9,10:15:49,10:16:41,52,AGENT,10:16:40,10:19:31,171,ROTH
AA0110,39729,0,0,NW,990913,10:27:56,10:28:10,14,0:00:00,0:00:00,0,AGENT,10:28:09,10:30:03,114,SHARON
AA0110,39730,0,0,PS,990913,10:35:29,10:35:38,9,0:00:00,0:00:00,0,AGENT,10:35:37,10:37:18,101,KAZAV
AA0110,39731,0,0,PS,990913,10:43:33,10:43:47,14,0:00:00,0:00:00,0,AGENT,10:43:45,10:44:44,59,VICKY
AA0110,39732,0,0,NW,990913,10:54:11,10:54:19,8,0:00:00,0:00:00,0,HANG,0:00:00,0:00:00,0,NO_SERVER
AA0110,39733,55920755,2,PS,990913,11:04:09,11:04:14,5,11:04:14,11:04:55,41,AGENT,11:04:53,11:06:39,106,STEREN
AA0110,39734,25661216,2,PS,990913,11:11:41,11:11:47,6,11:11:47,11:11:55,8,AGENT,11:11:54,11:12:38,44,GILI
AA0110,39735,57239162,2,PS,990913,11:22:45,11:22:50,5,11:22:50,11:23:19,29,AGENT,11:23:17,11:24:44,87,VICKY
AA0110,39736,10943918,2,PS,990913,11:29:27,11:29:33,6,11:29:33,11:29:42,9,AGENT,11:29:41,11:30:46,65,VICKY
AA0110,39737,0,0,PS,990913,11:40:10,11:40:18,8,0:00:00,0:00:00,0,AGENT,11:40:17,11:43:27,190,ROTH
AA0110,39738,56561939,2,PS,990913,11:50:14,11:50:19,5,11:50:19,11:50:50,31,AGENT,11:50:49,11:52:03,74,KAZAV
AA0110,39739,0,0,NW,990913,11:57:39,11:57:52,13,0:00:00,0:00:00,0,AGENT,11:57:51,11:57:56,5,NO_SERVER
AA0110,39740,0,0,PS,990913,12:06:03,12:06:11,8,0:00:00,0:00:00,0,AGENT,12:06:10,12:06:54,44,GILI
AA0110,39741,0,0,PS,990913,12:16:00,12:16:10,10,0:00:00,0:00:00,0,AGENT,12:16:09,12:17:37,88,TOVA
AA0110,39742,0,0,NW,990913,12:28:20,12:28:21,1,0:00:00,0:00:00,0,HANG,0:00:00,0:00:00,0,NO_SERVER
AA0110,39743,0,0,PS,990913,12:41:05,12:41:13,8,0:00:00,0:00:00,0,AGENT,12:41:12,12:50:15,543,GILI
AA0110,39744,0,0,PS,990913,12:53:32,12:53:45,13,0:00:00,0:00:00,0,AGENT,12:53:44,12:55:28,104,TOVA
AA0110,39745,16426967,2,PS,990913,13:07:26,13:07:32,6,13:07:32,13:08:07,35,AGENT,13:08:06,13:14:57,411,ZOHARI
AA0110,39746,0,0,PS,990913,13:19:01,13:19:12,11,0:00:00,0:00:00,0,AGENT,13:19:10,13:20:17,67,KAZAV
AA0110,39747,0,0,PS,990913,13:25:49,13:25:59,10,0:00:00,0:00:00,0,AGENT,13:25:58,13:26:57,59,SHARON
AA0110,39748,33780560,2,PS,990913,13:37:42,13:37:47,5,13:37:47,13:38:12,25,AGENT,13:38:11,13:39:58,107,ROTH
AA0110,39749,57513418,2,PS,990913,13:47:55,13:48:00,5,13:48:00,13:48:04,4,HANG,13:48:04,13:48:07,3,NO_SERVER
AA0110,39750,0,0,NW,990913,13:54:07,13:54:16,9,13:54:16,13:57:27,191,HANG,0:00:00,0:00:00,0,NO_SERVER
AA0110,39751,72875545,2,PS,990913,14:04:08,14:04:14,6,14:04:14,14:06:32,138,AGENT,14:06:31,14:09:25,174,ROTH
AA0110,39752,0,0,NW,990913,14:09:42,14:09:51,9,14:09:51,14:10:26,35,HANG,0:00:00,0:00:00,0,NO_SERVER
AA0110,39753,25758533,1,PS,990913,14:13:54,14:14:00,6,14:14:00,14:18:06,246,AGENT,14:18:05,14:18:10,5,MORIAH
AA0110,39754,55273098,2,PS,990913,14:21:07,14:21:12,5,14:21:12,14:22:13,61,AGENT,14:22:12,14:27:48,336,YIFAT
AA0110,39755,22519995,2,PS,990913,14:28:50,14:28:55,5,14:28:55,14:29:30,35,AGENT,14:29:29,14:34:53,324,SHARON
AA0110,39756,14738793,2,PS,990913,14:35:48,14:35:53,5,14:35:53,14:36:37,44,AGENT,14:36:36,14:49:08,752,MORIAH
AA0110,39757,79727962,2,PS,990913,14:44:39,14:44:44,5,14:44:44,14:45:30,46,HANG,0:00:00,0:00:00,0,NO_SERVER
AA0110,39758,7021595,2,PS,990913,14:52:03,14:52:09,6,14:52:09,14:53:21,72,AGENT,14:52:50,14:55:13,143,SHARON
AA0110,39759,51929339,2,PS,990913,15:02:28,15:02:34,6,15:02:34,15:03:12,38,AGENT,15:03:11,15:03:16,5,MORIAH
AA0110,39760,29474020,2,PS,990913,15:09:29,15:09:35,6,15:09:35,15:13:56,261,AGENT,15:13:55,15:15:37,102,BASCH
AA0110,39761,55279970,2,NE,990913,15:20:54,15:20:59,5,15:20:59,15:22:56,117,AGENT,15:22:55,15:22:57,2,ANAT
AA0110,39762,0,0,NW,990913,15:30:03,15:30:12,9,15:30:12,15:34:09,237,AGENT,15:34:08,15:41:01,413,SHARON
AA0110,39763,0,0,NW,990913,15:39:50,15:39:57,7,0:00:00,0:00:00,0,HANG,0:00:00,0:00:00,0,NO_SERVER
AA0110,39764,0,0,PS,990913,15:51:15,15:51:24,9,0:00:00,0:00:00,0,AGENT,15:51:23,16:04:59,816,MORIAH
AA0110,39765,0,0,PS,990913,16:02:42,16:02:53,11,0:00:00,0:00:00,0,AGENT,16:02:52,16:05:42,170,ZOHARI
AA0110,39766,0,0,NW,990913,16:12:52,16:13:05,13,0:00:00,0:00:00,0,AGENT,16:13:04,16:13:54,50,ROTH
AA0110,39767,0,0,PS,990913,16:28:28,16:28:37,9,0:00:00,0:00:00,0,AGENT,16:28:37,16:29:57,80,AVI
AA0110,39768,0,0,NW,990913,16:38:21,16:38:30,9,16:38:30,16:42:05,215,HANG,0:00:00,0:00:00,0,NO_SERVER
AA0110,39769,0,0,NW,990913,16:50:00,16:50:08,8,16:50:08,16:50:10,2,HANG,0:00:00,0:00:00,0,NO_SERVER
AA0110,39770,50316827,1,NE,990913,16:55:20,16:55:26,6,16:55:26,16:57:37,131,AGENT,16:57:36,16:57:53,17,MORIAH
AA0110,39771,38730347,2,PS,990913,17:03:37,17:03:43,6,17:03:43,17:03:51,8,AGENT,17:03:51,17:19:16,925,AVNI
AA0110,39772,0,0,PS,990913,17:17:37,17:17:52,15,0:00:00,0:00:00,0,AGENT,17:17:52,17:20:43,171,AVNI
AA0110,39773,0,0,PS,990913,17:38:33,17:38:45,12,0:00:00,0:00:00,0,AGENT,17:38:45,17:39:58,73,AVI
AA0110,39774,0,0,NW,990913,17:55:40,17:55:54,14,0:00:00,0:00:00,0,AGENT,17:55:53,17:58:07,134,AVNI
AA0110,39775,0,0,PS,990913,18:10:42,18:10:54,12,0:00:00,0:00:00,0,AGENT,18:10:54,18:10:55,1,ANAT
AA0110,39776,24129058,1,PS,990913,18:20:22,18:20:27,5,18:20:27,18:21:21,54,AGENT,18:21:21,18:22:20,59,MORIAH
AA0110,39777,0,0,NW,990913,18:40:47,18:40:57,10,18:40:57,18:41:05,8,HANG,0:00:00,0:00:00,0,NO_SERVER
AA0110,39778,32296816,1,PS,990913,18:54:22,18:54:28,6,18:54:28,18:54:58,30,AGENT,18:54:57,18:54:57,0,AVI
AA0110,39779,0,0,PS,990913,19:07:00,19:07:15,15,0:00:00,0:00:00,0,AGENT,19:07:14,19:08:05,51,AVI
AA0110,39780,0,0,PS,990913,19:14:15,19:15:45,90,0:00:00,0:00:00,0,HANG,0:00:00,0:00:00,0,NO_SERVER
AA0110,39781,68001924,2,NE,990913,19:32:06,19:32:12,6,19:32:12,19:34:21,129,AGENT,19:34:20,19:35:03,43,ANAT
AA0110,39782,0,0,NE,990913,19:54:15,19:54:24,9,0:00:00,0:00:00,0,AGENT,19:54:23,19:56:41,138,MORIAH
AA0110,39783,0,0,NW,990913,20:09:07,20:09:16,9,20:09:16,20:09:55,39,AGENT,20:09:54,20:11:13,79,MEIR
AA0110,39784,0,0,PS,990913,20:21:32,20:21:42,10,0:00:00,0:00:00,0,AGENT,20:21:41,20:21:43,2,MORIAH
AA0110,39785,0,0,PS,990913,20:38:10,20:38:20,10,0:00:00,0:00:00,0,AGENT,20:38:19,20:46:09,470,AVNI
AA0110,39786,54241443,2,NE,990913,20:52:26,20:52:31,5,20:52:31,20:53:06,35,AGENT,20:53:05,20:57:21,256,AVI
AA0110,39787,23939945,1,PS,990913,21:10:36,21:10:42,6,21:10:42,21:10:55,13,AGENT,21:10:54,21:18:06,432,AVNI
AA0110,39788,0,0,PS,990913,21:31:37,21:31:46,9,0:00:00,0:00:00,0,AGENT,21:31:46,21:34:08,142,AVI
AA0110,39789,0,0,PS,990913,21:43:53,21:44:03,10,0:00:00,0:00:00,0,AGENT,21:44:01,21:44:02,1,AVI
AA0110,39790,0,0,NW,990913,22:08:01,22:08:10,9,22:08:10,22:16:03,473,AGENT,22:16:02,22:16:49,47,AVI
AA0110,39791,53357307,2,PS,990913,22:28:03,22:28:08,5,22:28:08,22:30:01,113,AGENT,22:30:00,22:30:43,43,AVI
AA0110,39792,0,0,PS,990913,22:59:13,22:59:22,9,0:00:00,0:00:00,0,AGENT,22:59:21,23:00:05,44,AVI
AA0110,39793,54912779,2,PS,990913,23:31:35,23:31:40,5,23:31:40,23:32:25,45,AGENT,23:32:24,23:34:03,99,GELBER
AA0110,39794,0,0,PS,990914,0:15:36,0:16:04,28,0:00:00,0:00:00,0,HANG,0:00:00,0:00:00,0,NO_SERVER
AA0110,39795,0,0,PS,990914,6:42:44,6:43:11,27,0:00:00,0:00:00,0,HANG,0:00:00,0:00:00,0,NO_SERVER
AA0110,39796,0,0,PS,990914,7:27:12,7:27:21,9,0:00:00,0:00:00,0,AGENT,7:27:20,7:30:42,202,YIFAT
AA0110,39797,32389629,2,PS,990914,7:42:41,7:42:47,6,7:42:47,7:44:49,122,AGENT,7:44:47,7:46:42,115,ANAT
AA0110,39798,0,0,PS,990914,8:07:12,8:07:23,11,0:00:00,0:00:00,0,AGENT,8:07:22,8:09:38,136,BASCH
AA0110,39799,50882851,2,PS,990914,8:22:05,8:22:10,5,8:22:10,8:22:21,11,PHANTOM,8:22:21,8:22:24,3,NO_SERVER
AA0110,39800,24110728,2,PS,990914,8:28:01,8:28:06,5,8:28:06,8:29:26,80,HANG,0:00:00,0:00:00,0,NO_SERVER
AA0110,39801,0,0,NW,990914,8:39:27,8:39:36,9,8:39:36,8:40:29,53,HANG,0:00:00,0:00:00,0,NO_SERVER
AA0110,39802,0,0,PS,990914,8:47:37,8:47:48,11,0:00:00,0:00:00,0,AGENT,8:47:46,8:49:20,94,TOVA
AA0110,39803,55669923,1,PS,990914,8:56:51,8:56:56,5,8:56:56,8:57:29,33,AGENT,8:57:28,8:58:21,53,KAZAV
AA0110,39804,0,0,NE,990914,9:06:01,9:06:14,13,0:00:00,0:00:00,0,AGENT,9:06:13,9:58:03,3110,ELI
AA0110,39805,0,0,NW,990914,9:13:18,9:13:28,10,9:13:28,9:15:21,113,AGENT,9:15:19,9:16:13,54,GOLDIE
AA0110,39806,0,0,NE,990914,9:24:06,9:24:17,11,0:00:00,0:00:00,0,AGENT,9:24:16,9:27:05,169,ANAT
AA0110,39807,0,0,PS,990914,9:34:37,9:34:49,12,0:00:00,0:00:00,0,AGENT,9:34:48,9:36:15,87,ANAT
AA0110,39808,0,0,NW,990914,9:42:32,9:42:42,10,9:42:42,9:43:40,58,HANG,0:00:00,0:00:00,0,NO_SERVER
AA0110,39809,41630443,2,PS,990914,9:54:49,9:54:54,5,9:54:54,9:55:03,9,AGENT,9:55:03,9:56:00,57,ANAT
AA0110,39810,0,0,PS,990914,10:06:04,10:06:13,9,0:00:00,0:00:00,0,AGENT,10:06:12,10:09:11,179,MORIAH
AA0110,39811,79727962,2,PS,990914,10:13:21,10:13:27,6,10:13:27,10:13:36,9,AGENT,10:13:35,10:16:16,161,ANAT
AA0110,39812,0,0,PS,990914,10:15:38,10:15:46,8,0:00:00,0:00:00,0,HANG,0:00:00,0:00:00,0,NO_SERVER
AA0110,39813,78191137,2,PS,990914,10:22:36,10:22:41,5,10:22:41,10:23:24,43,HANG,0:00:00,0:00:00,0,NO_SERVER
AA0110,39814,0,0,NE,990914,10:29:25,10:29:33,8,0:00:00,0:00:00,0,AGENT,10:29:33,10:32:28,175,BASCH
AA0110,39815,78191137,2,PS,990914,10:35:31,10:35:36,5,10:35:36,10:35:43,7,AGENT,10:35:42,10:35:45,3,YIFAT
AA0110,39816,1574243,2,NE,990914,10:39:54,10:39:59,5,10:39:59,10:40:11,12,HANG,0:00:00,0:00:00,0,NO_SERVER
AA0110,39817,0,0,PS,990914,10:44:27,10:44:38,11,0:00:00,0:00:00,0,AGENT,10:44:38,10:48:28,230,TOVA
AA0110,39818,0,0,PS,990914,10:54:49,10:54:59,10,0:00:00,0:00:00,0,AGENT,10:54:59,10:58:16,197,BASCH
AA0110,39819,0,0,PS,990914,10:58:53,10:59:30,37,0:00:00,0:00:00,0,HANG,0:00:00,0:00:00,0,NO_SERVER
AA0110,39820,22532980,2,PS,990914,11:06:55,11:07:01,6,11:07:01,11:07:07,6,AGENT,11:07:06,11:10:17,191,BASCH
AA0110,39821,48820351,2,NE,990914,11:14:28,11:14:33,5,11:14:33,11:15:26,53,AGENT,11:15:25,11:17:36,131,KAZAV
AA0110,39822,57074585,2,PS,990914,11:25:42,11:25:48,6,11:25:48,11:26:27,39,AGENT,11:26:26,11:26:34,8,MORIAH
AA0110,39823,0,0,NW,990914,11:38:38,11:38:47,9,11:38:47,11:39:34,47,AGENT,11:39:33,11:42:20,167,GOLDIE
AA0110,39824,0,0,NW,990914,11:47:36,11:47:46,10,11:47:46,11:48:33,47,HANG,0:00:00,0:00:00,0,NO_SERVER
AA0110,39825,52867744,2,NE,990914,11:52:37,11:52:43,6,11:52:43,11:55:25,162,AGENT,11:55:24,12:05:03,579,KAZAV
AA0110,39826,0,0,NE,990914,12:02:24,12:02:46,22,0:00:00,0:00:00,0,HANG,0:00:00,0:00:00,0,NO_SERVER
AA0110,39827,0,0,PS,990914,12:11:50,12:12:04,14,0:00:00,0:00:00,0,AGENT,12:12:04,12:13:52,108,TOVA
AA0110,39828,53186953,2,PS,990914,12:19:16,12:19:22,6,12:19:22,12:19:39,17,AGENT,12:19:28,12:21:32,124,TOVA
AA0110,39829,0,0,NE,990914,12:32:10,12:32:20,10,0:00:00,0:00:00,0,AGENT,12:32:19,12:42:04,585,KAZAV
AA0110,39830,13000567,2,PS,990914,12:38:18,12:38:24,6,12:38:24,12:39:14,50,AGENT,12:39:13,12:42:29,196,GOLDIE
AA0110,39831,0,0,PS,990914,12:51:34,12:51:46,12,0:00:00,0:00:00,0,AGENT,12:51:45,12:53:33,108,TOVA
AA0110,39832,57074585,2,PS,990914,13:04:51,13:04:57,6,13:04:57,13:05:08,11,AGENT,13:05:08,13:09:32,264,BASCH
AA0110,39833,0,0,NW,990914,13:15:31,13:15:41,10,13:15:41,13:16:13,32,AGENT,13:16:12,13:17:12,60,AVNI
AA0110,39834,0,0,PS,990914,13:31:18,13:31:26,8,0:00:00,0:00:00,0,AGENT,13:31:26,13:43:43,737,YIFAT
AA0110,39835,59179119,2,PS,990914,13:41:52,13:41:58,6,13:41:58,13:42:32,34,AGENT,13:42:31,13:46:30,239,BASCH
AA0110,39836,34216010,1,PS,990914,13:50:13,13:50:19,6,13:50:19,13:51:26,67,AGENT,13:51:25,13:57:03,338,YIFAT
AA0110,39837,25779315,1,PS,990914,14:00:02,14:00:08,6,14:00:08,14:02:18,130,HANG,0:00:00,0:00:00,0,NO_SERVER
AA0110,39838,41543000,2,PS,990914,14:11:14,14:11:19,5,14:11:19,14:12:38,79,AGENT,14:12:37,14:15:51,194,DARMON
AA0110,39839,0,0,PS,990914,14:19:59,14:20:08,9,0:00:00,0:00:00,0,AGENT,14:20:07,14:21:39,92,KAZAV
AA0110,39840,17737198,1,PS,990914,14:27:33,14:27:39,6,14:27:39,14:27:59,20,AGENT,14:27:58,14:29:38,100,BASCH
AA0110,39841,14264295,2,PS,990914,14:37:29,14:37:34,5,14:37:34,14:40:22,168,AGENT,14:40:22,14:44:49,267,BASCH
AA0110,39842,17473034,1,PS,990914,14:46:42,14:46:48,6,14:46:48,14:46:59,11,HANG,0:00:00,0:00:00,0,NO_SERVER
AA0110,39843,0,0,PS,990914,14:57:00,14:57:09,9,0:00:00,0:00:00,0,AGENT,14:57:07,14:58:49,102,ZOHARI
AA0110,39844,24127136,2,PS,990914,15:08:13,15:08:19,6,15:08:19,15:08:41,22,HANG,0:00:00,0:00:00,0,NO_SERVER
AA0110,39845,1574243,2,NE,990914,15:13:36,15:13:41,5,15:13:41,15:13:57,16,AGENT,15:13:56,15:25:05,669,ZOHARI
AA0110,39846,24927717,1,PS,990914,15:23:34,15:23:40,6,15:23:40,15:26:17,157,AGENT,15:26:17,15:29:32,195,ROTH
AA0110,39847,77624039,2,PS,990914,15:36:28,15:36:34,6,15:36:34,15:37:40,66,AGENT,15:37:40,15:40:02,142,AVNI
AA0110,39848,17353889,2,PS,990914,15:45:59,15:46:05,6,15:46:05,15:46:19,14,HANG,0:00:00,0:00:00,0,NO_SERVER
AA0110,39849,23793540,1,PS,990914,15:58:01,15:58:06,5,15:58:06,15:58:40,34,AGENT,15:58:38,15:59:11,33,ROTH
AA0110,39850,0,0,PS,990914,16:07:27,16:07:37,10,0:00:00,0:00:00,0,AGENT,16:07:37,16:08:54,77,SHARON
AA0110,39851,0,0,PS,990914,16:15:36,16:15:48,12,0:00:00,0:00:00,0,AGENT,16:15:47,16:18:44,177,SHARON
AA0110,39852,0,0,PS,990914,16:30:41,16:30:51,10,0:00:00,0:00:00,0,AGENT,16:30:50,16:39:18,508,STEREN
AA0110,39853,53978706,1,PS,990914,16:39:59,16:40:05,6,16:40:05,16:41:27,82,AGENT,16:41:27,16:42:40,73,BENSION
AA0110,39854,27885011,2,PS,990914,16:53:18,16:53:24,6,16:53:24,16:53:44,20,AGENT,16:53:43,16:55:08,85,SHARON
AA0110,39855,0,0,PS,990914,17:03:23,17:03:36,13,0:00:00,0:00:00,0,AGENT,17:03:35,17:05:46,131,SHARON
AA0110,39856,180022486,0,NW,990914,17:15:39,17:15:53,14,17:15:53,17:16:12,19,AGENT,17:16:11,17:17:50,99,YITZ
AA0110,39857,0,0,PS,990914,17:33:32,17:33:41,9,0:00:00,0:00:00,0,AGENT,17:33:41,17:35:20,99,ROTH
AA0110,39858,0,0,PS,990914,17:44:30,17:44:38,8,0:00:00,0:00:00,0,AGENT,17:44:38,17:49:06,268,ROTH
AA0110,39859,0,0,PS,990914,18:03:59,18:04:11,12,0:00:00,0:00:00,0,AGENT,18:04:10,18:05:08,58,SHARON
AA0110,39860,0,0,PS,990914,18:19:12,18:19:24,12,0:00:00,0:00:00,0,AGENT,18:19:22,18:21:08,106,BENSION
AA0110,39861,0,0,NW,990914,18:36:05,18:36:14,9,18:36:14,18:36:27,13,HANG,18:36:28,18:36:42,14,NO_SERVER
AA0110,39862,0,0,PS,990914,18:48:24,18:48:36,12,0:00:00,0:00:00,0,AGENT,18:48:35,18:50:16,101,BENSION
AA0110,39863,0,0,PS,990914,19:08:34,19:08:47,13,0:00:00,0:00:00,0,AGENT,19:08:46,19:08:47,1,BENSION
AA0110,39864,0,0,PS,990914,19:30:18,19:30:32,14,0:00:00,0:00:00,0,AGENT,19:30:31,19:32:19,108,BENSION
AA0110,39865,0,0,PS,990914,19:44:42,19:44:53,11,0:00:00,0:00:00,0,AGENT,19:44:52,19:46:45,113,NAAMA
AA0110,39866,0,0,PS,990914,20:07:09,20:07:24,15,0:00:00,0:00:00,0,AGENT,20:07:23,20:09:24,121,NAAMA
AA0110,39867,0,0,PS,990914,20:25:22,20:25:31,9,0:00:00,0:00:00,0,AGENT,20:25:30,20:27:28,118,ZOHARI
AA0110,39868,0,0,PS,990914,20:49:43,20:49:57,14,0:00:00,0:00:00,0,AGENT,20:49:56,20:50:43,47,SHARON
AA0110,39869,0,0,PS,990914,21:15:55,21:16:05,10,0:00:00,0:00:00,0,AGENT,21:16:03,21:19:00,177,STEREN
AA0110,39870,23793540,1,PS,990914,21:33:59,21:34:05,6,21:34:05,21:35:06,61,AGENT,21:35:05,21:37:50,165,SHARON
AA0110,39871,6110340,2,PS,990914,21:48:09,21:48:14,5,21:48:14,21:48:17,3,PHANTOM,21:48:16,21:48:21,5,NO_SERVER
AA0110,39872,0,0,NE,990914,22:08:37,22:08:46,9,0:00:00,0:00:00,0,AGENT,22:08:45,22:10:50,125,ZOHARI
AA0110,39873,0,0,PS,990914,22:33:46,22:33:55,9,0:00:00,0:00:00,0,AGENT,22:33:54,22:35:32,98,STEREN
AA0110,39874,57056244,2,NE,990914,23:10:07,23:10:13,6,23:10:13,23:10:35,22,AGENT,23:10:34,23:11:30,56,STEREN
AA0110,39875,0,0,PS,990914,23:38:39,23:38:47,8,0:00:00,0:00:00,0,AGENT,23:38:46,23:39:59,73,STEREN
AA0110,39876,0,0,NW,990915,1:08:43,1:09:08,25,0:00:00,0:00:00,0,HANG,0:00:00,0:00:00,0,NO_SERVER
AA0110,39877,0,0,PS,990915,7:46:44,7:46:53,9,0:00:00,0:00:00,0,AGENT,7:46:52,7:49:36,164,ZOHARI
AA0110,39878,0,0,PS,990915,8:08:57,8:09:07,10,0:00:00,0:00:00,0,AGENT,8:09:05,8:09:46,41,DORIT
AA0110,39879,0,0,PS,990915,8:22:58,8:23:08,10,0:00:00,0:00:00,0,AGENT,8:23:07,8:28:49,342,VICKY
AA0110,39880,0,0,PS,990915,8:39:43,8:39:54,11,0:00:00,0:00:00,0,AGENT,8:39:54,8:51:44,710,ZOHARI
AA0110,39881,0,0,PS,990915,8:49:25,8:49:35,10,0:00:00,0:00:00,0,AGENT,8:49:35,8:54:15,280,DORIT
AA0110,39882,0,0,PS,990915,9:03:17,9:03:27,10,0:00:00,0:00:00,0,AGENT,9:03:26,9:05:46,140,AVNI
AA0110,39883,63193346,2,PS,990915,9:11:13,9:11:18,5,9:11:18,9:11:30,12,AGENT,9:11:28,9:14:14,166,STEREN
AA0110,39884,0,0,NW,990915,9:19:19,9:19:29,10,9:19:29,9:19:46,17,AGENT,9:19:45,9:20:22,37,AVNI
AA0110,39885,550525,1,PS,990915,9:31:01,9:31:06,5,9:31:06,9:31:12,6,AGENT,9:31:11,9:32:22,71,AVNI
AA0110,39886,38304309,1,PS,990915,9:43:58,9:44:04,6,9:44:04,9:45:08,64,AGENT,9:45:08,9:46:22,74,GOLDIE
AA0110,39887,0,0,NW,990915,9:53:12,9:53:26,14,0:00:00,0:00:00,0,AGENT,9:53:25,9:54:50,85,AVNI
AA0110,39888,1426659,2,NE,990915,10:02:33,10:02:39,6,10:02:39,10:02:43,4,AGENT,10:02:42,10:05:44,182,AVNI
AA0110,39889,2163640,1,PS,990915,10:13:26,10:13:32,6,10:13:32,10:15:24,112,AGENT,10:15:23,10:17:58,155,AVNI
AA0110,39890,69008423,1,PS,990915,10:21:13,10:21:19,6,10:21:19,10:23:46,147,AGENT,10:23:46,10:24:51,65,KAZAV
AA0110,39891,37691920,1,PS,990915,10:30:00,10:30:06,6,10:30:06,10:30:27,21,AGENT,10:30:26,10:32:39,133,ROTH
AA0110,39892,0,0,PS,990915,10:38:39,10:38:48,9,0:00:00,0:00:00,0,AGENT,10:38:46,10:40:17,91,KAZAV
AA0110,39893,0,0,PS,990915,10:46:39,10:46:47,8,0:00:00,0:00:00,0,AGENT,10:46:46,10:50:27,221,DORIT
AA0110,39894,28039659,2,PS,990915,10:54:45,10:54:51,6,10:54:51,10:55:59,68,AGENT,10:55:58,10:57:20,82,ROTH
AA0110,39895,56819626,2,PS,990915,11:05:57,11:06:03,6,11:06:03,11:06:12,9,AGENT,11:06:11,11:08:50,159,DORIT
AA0110,39896,0,0,NE,990915,11:14:43,11:14:51,8,0:00:00,0:00:00,0,AGENT,11:14:50,11:17:18,148,ROTH
AA0110,39897,0,0,PS,990915,11:25:34,11:25:45,11,0:00:00,0:00:00,0,AGENT,11:25:44,11:30:19,275,ZOHARI
AA0110,39898,2104909,2,PS,990915,11:33:20,11:33:25,5,11:33:25,11:33:41,16,AGENT,11:33:40,11:38:37,297,GOLDIE
AA0110,39899,0,0,PS,990915,11:48:06,11:48:19,13,0:00:00,0:00:00,0,AGENT,11:48:18,11:50:14,116,DORIT
AA0110,39900,0,0,PS,990915,12:01:58,12:02:06,8,0:00:00,0:00:00,0,AGENT,12:02:06,12:02:40,34,ROTH
AA0110,39901,0,0,PS,990915,12:13:14,12:13:26,12,0:00:00,0:00:00,0,AGENT,12:13:25,12:14:46,81,VICKY
AA0110,39902,0,0,PS,990915,12:23:50,12:23:59,9,0:00:00,0:00:00,0,AGENT,12:23:58,12:27:12,194,ROTH
AA0110,39903,0,0,NW,990915,12:35:13,12:35:28,15,0:00:00,0:00:00,0,AGENT,12:35:28,12:37:25,117,GOLDIE
AA0110,39904,0,0,PS,990915,12:51:45,12:51:54,9,0:00:00,0:00:00,0,AGENT,12:51:53,12:53:42,109,STEREN
AA0110,39905,0,0,NE,990915,13:05:49,13:05:59,10,0:00:00,0:00:00,0,AGENT,13:05:59,13:06:04,5,ELI
AA0110,39906,0,0,NW,990915,13:14:38,13:14:47,9,13:14:47,13:19:04,257,AGENT,13:19:03,13:20:06,63,VICKY
AA0110,39907,0,0,NE,990915,13:32:21,13:32:39,18,0:00:00,0:00:00,0,AGENT,13:32:39,13:34:52,133,ELI
AA0110,39908,0,0,PS,990915,13:47:49,13:47:58,9,0:00:00,0:00:00,0,AGENT,13:47:58,13:52:32,274,GOLDIE
AA0110,39909,0,0,PS,990915,13:57:58,13:58:11,13,0:00:00,0:00:00,0,AGENT,13:58:10,14:01:41,211,ROTH
AA0110,39910,0,0,NE,990915,14:09:42,14:09:52,10,0:00:00,0:00:00,0,AGENT,14:09:51,14:12:48,177,KAZAV
AA0110,39911,0,0,PS,990915,14:18:38,14:18:46,8,0:00:00,0:00:00,0,AGENT,14:18:45,14:23:54,309,DORIT
AA0110,39912,23793540,1,PS,990915,14:32:52,14:32:57,5,14:32:57,14:33:46,49,AGENT,14:33:45,14:34:53,68,AVNI
AA0110,39913,0,0,NE,990915,14:42:08,14:42:19,11,0:00:00,0:00:00,0,AGENT,14:42:18,14:46:05,227,ELI
AA0110,39914,0,0,PS,990915,14:47:27,14:47:38,11,0:00:00,0:00:00,0,AGENT,14:47:37,14:51:45,248,DORIT
AA0110,39915,0,0,PS,990915,14:58:49,14:59:01,12,0:00:00,0:00:00,0,AGENT,14:59:01,15:03:44,283,ZOHARI
AA0110,39916,41630443,2,PS,990915,15:10:28,15:10:33,5,15:10:33,15:10:43,10,AGENT,15:10:43,15:10:49,6,MORIAH
AA0110,39917,55984496,1,PS,990915,15:14:33,15:14:39,6,15:14:39,15:17:21,162,AGENT,15:17:20,15:18:29,69,ROTH
AA0110,39918,74780917,2,NE,990915,15:25:24,15:25:30,6,15:25:30,15:25:41,11,AGENT,15:25:40,15:27:29,109,KAZAV
AA0110,39919,54145529,2,PS,990915,15:32:23,15:32:28,5,15:32:28,15:32:46,18,AGENT,15:32:45,15:34:00,75,SHARON
AA0110,39920,0,0,PS,990915,15:38:24,15:38:39,15,0:00:00,0:00:00,0,AGENT,15:38:38,15:39:29,51,ANAT
AA0110,39921,0,0,PS,990915,15:44:57,15:45:11,14,0:00:00,0:00:00,0,AGENT,15:45:10,15:46:31,81,ANAT
AA0110,39922,71520779,1,PS,990915,15:57:03,15:57:09,6,15:57:09,15:57:27,18,AGENT,15:57:26,16:01:46,260,ROTH
AA0110,39923,15239874,2,PS,990915,16:05:09,16:05:15,6,16:05:15,16:05:51,36,AGENT,16:05:50,16:07:34,104,AVNI
AA0110,39924,0,0,PS,990915,16:20:35,16:20:51,16,0:00:00,0:00:00,0,AGENT,16:20:50,16:23:04,134,ANAT
AA0110,39925,0,0,PS,990915,16:35:01,16:35:13,12,0:00:00,0:00:00,0,AGENT,16:35:13,16:36:53,100,BENSION
AA0110,39926,0,0,NE,990915,16:48:37,16:48:46,9,0:00:00,0:00:00,0,AGENT,16:48:45,16:48:51,6,MORIAH
AA0110,39927,0,0,PS,990915,16:59:17,16:59:29,12,0:00:00,0:00:00,0,AGENT,16:59:28,17:04:28,300,ANAT
AA0110,39928,68001924,2,NE,990915,17:15:24,17:15:30,6,17:15:30,17:15:34,4,AGENT,17:15:33,17:16:09,36,ANAT
AA0110,39929,0,0,PS,990915,17:33:04,17:33:18,14,0:00:00,0:00:00,0,AGENT,17:33:16,17:34:38,82,BENSION
AA0110,39930,0,0,PS,990915,17:55:45,17:56:03,18,0:00:00,0:00:00,0,AGENT,17:56:02,17:56:47,45,TOVA
AA0110,39931,0,0,NE,990915,18:14:58,18:15:08,10,0:00:00,0:00:00,0,AGENT,18:15:08,18:17:54,166,TOVA
AA0110,39932,0,0,NW,990915,18:30:54,18:31:02,8,0:00:00,0:00:00,0,HANG,0:00:00,0:00:00,0,NO_SERVER
AA0110,39933,0,0,PS,990915,18:48:26,18:48:36,10,0:00:00,0:00:00,0,AGENT,18:48:35,18:50:22,107,YITZ
AA0110,39934,0,0,PS,990915,18:59:28,18:59:39,11,0:00:00,0:00:00,0,AGENT,18:59:38,19:05:51,373,YITZ
AA0110,39935,0,0,PS,990915,19:24:07,19:24:16,9,0:00:00,0:00:00,0,AGENT,19:24:16,19:44:23,1207,ANAT
AA0110,39936,0,0,NE,990915,19:47:21,19:47:34,13,0:00:00,0:00:00,0,AGENT,19:47:33,20:02:18,885,TOVA
AA0110,39937,0,0,PS,990915,20:12:44,20:12:52,8,0:00:00,0:00:00,0,AGENT,20:12:52,20:13:32,40,MORIAH
AA0110,39938,0,0,NW,990915,20:32:07,20:32:27,20,0:00:00,0:00:00,0,AGENT,20:32:25,20:37:58,333,BENSION
AA0110,39939,0,0,PS,990915,20:50:30,20:50:41,11,0:00:00,0:00:00,0,AGENT,20:50:40,20:52:11,91,AVI
AA0110,39940,0,0,PS,990915,21:08:15,21:08:24,9,0:00:00,0:00:00,0,AGENT,21:08:23,21:09:37,74,AVI
AA0110,39941,62333810,1,PS,990915,21:25:59,21:26:04,5,21:26:04,21:26:53,49,AGENT,21:26:53,21:30:59,246,YITZ
AA0110,39942,0,0,PS,990915,21:44:57,21:45:06,9,0:00:00,0:00:00,0,AGENT,21:45:05,21:46:12,67,AVI
AA0110,39943,0,0,PS,990915,22:00:22,22:00:32,10,0:00:00,0:00:00,0,AGENT,22:00:32,22:01:13,41,AVI
AA0110,39944,29474020,2,PS,990915,22:19:30,22:19:35,5,22:19:35,22:21:55,140,AGENT,22:21:54,22:21:54,0,AVI
AA0110,39946,0,0,PS,990915,22:47:24,22:47:24,0,0:00:00,0:00:00,0,HANG,0:00:00,0:00:00,0,NO_SERVER
AA0110,39947,0,0,NE,990915,23:21:12,23:21:27,15,0:00:00,0:00:00,0,AGENT,23:21:26,23:24:08,162,BENSION
AA0110,39948,0,0,NW,990916,0:04:28,0:04:59,31,0:00:00,0:00:00,0,HANG,0:00:00,0:00:00,0,NO_SERVER
AA0110,39949,15100282,2,PS,990916,6:46:19,6:46:25,6,6:46:25,6:49:34,189,PHANTOM,6:49:33,6:49:38,5,NO_SERVER
AA0110,39950,0,0,PS,990916,8:04:06,8:04:18,12,0:00:00,0:00:00,0,AGENT,8:04:17,8:05:46,89,KAZAV
AA0110,39951,24519068,2,PS,990916,8:16:50,8:16:56,6,8:16:56,8:17:43,47,AGENT,8:17:43,8:18:48,65,MORIAH
AA0110,39952,0,0,PS,990916,8:38:26,8:38:35,9,0:00:00,0:00:00,0,AGENT,8:38:34,8:40:01,87,TOVA
AA0110,39953,58704610,2,PS,990916,8:46:32,8:46:38,6,8:46:38,8:47:03,25,AGENT,8:47:02,8:48:42,100,YIFAT
AA0110,39954,0,0,NW,990916,8:56:27,8:56:36,9,8:56:36,8:56:50,14,HANG,0:00:00,0:00:00,0,NO_SERVER
AA0110,39955,27155795,1,PS,990916,9:08:14,9:08:20,6,9:08:20,9:09:41,81,AGENT,9:09:40,9:17:29,469,MORIAH
AA0110,39956,30442495,2,PS,990916,9:18:24,9:18:29,5,9:18:29,9:19:19,50,AGENT,9:19:17,9:22:57,220,KAZAV
AA0110,39957,0,0,PS,990916,9:29:12,9:29:22,10,0:00:00,0:00:00,0,AGENT,9:29:21,9:31:49,148,ROTH
AA0110,39958,0,0,PS,990916,9:48:40,9:48:48,8,0:00:00,0:00:00,0,AGENT,9:48:48,9:48:58,10,KAZAV
AA0110,39959,0,0,PS,990916,9:57:55,9:58:05,10,0:00:00,0:00:00,0,AGENT,9:58:04,10:01:02,178,TOVA
AA0110,39960,27725860,1,PS,990916,10:08:32,10:08:37,5,10:08:37,10:08:39,2,HANG,0:00:00,0:00:00,0,NO_SERVER
AA0110,39961,25268624,2,PS,990916,10:17:24,10:17:29,5,10:17:29,10:19:08,99,AGENT,10:19:08,10:19:10,2,MORIAH
AA0110,39962,0,0,PS,990916,10:23:53,10:45:27,1294,0:00:00,0:00:00,0,HANG,0:00:00,0:00:00,0,NO_SERVER
AA0110,39963,63611537,2,PS,990916,11:11:38,11:11:44,6,11:11:44,11:12:29,45,AGENT,11:12:28,11:21:05,517,TOVA
AA0110,39964,11050135,1,PS,990916,11:23:15,11:23:21,6,11:23:21,11:24:00,39,AGENT,11:24:00,11:24:04,4,MORIAH
AA0110,39965,0,0,NE,990916,11:34:23,11:34:32,9,0:00:00,0:00:00,0,AGENT,11:34:31,11:40:00,329,TOVA
AA0110,39966,0,0,NW,990916,11:51:41,11:51:53,12,0:00:00,0:00:00,0,AGENT,11:51:52,11:52:39,47,KAZAV
AA0110,39967,7191646,2,NE,990916,12:00:14,12:00:20,6,12:00:20,12:00:45,25,AGENT,12:00:43,12:08:53,490,KAZAV
AA0110,39968,0,0,PS,990916,12:12:18,12:12:28,10,0:00:00,0:00:00,0,AGENT,12:12:27,12:14:30,123,KAZAV
AA0110,39969,0,0,NW,990916,12:20:38,12:20:47,9,12:20:47,12:22:43,116,AGENT,12:22:42,12:24:28,106,KAZAV
AA0110,39970,0,0,PS,990916,12:37:46,12:37:55,9,0:00:00,0:00:00,0,AGENT,12:37:54,12:39:07,73,ROTH
AA0110,39971,58704610,2,PS,990916,12:52:55,12:53:00,5,12:53:00,12:53:29,29,AGENT,12:53:29,13:00:32,423,TOVA
AA0110,39972,53973707,2,PS,990916,13:01:31,13:01:36,5,13:01:36,13:01:45,9,AGENT,13:01:44,13:02:36,52,DORIT
AA0110,39973,0,0,PS,990916,13:13:21,13:13:30,9,0:00:00,0:00:00,0,AGENT,13:13:29,13:19:33,364,GOLDIE
AA0110,39974,55699821,1,PS,990916,13:23:23,13:23:29,6,13:23:29,13:26:03,154,AGENT,13:26:03,13:28:07,124,MORIAH
AA0110,39975,16426967,2,PS,990916,13:34:17,13:34:23,6,13:34:23,13:36:35,132,AGENT,13:36:35,13:39:17,162,DORIT
AA0110,39976,0,0,PS,990916,13:48:08,13:48:17,9,0:00:00,0:00:00,0,AGENT,13:48:16,13:48:27,11,ROTH
AA0110,39977,0,0,PS,990916,13:59:59,14:00:10,11,0:00:00,0:00:00,0,AGENT,14:00:09,14:05:16,307,DORIT
AA0110,39978,29641727,2,PS,990916,14:07:12,14:07:18,6,14:07:18,14:08:33,75,AGENT,14:08:32,14:09:46,74,STEREN
AA0110,39979,29567211,1,PS,990916,14:14:08,14:14:14,6,14:14:14,14:17:49,215,AGENT,14:17:48,14:19:20,92,DORIT
AA0110,39980,29452034,1,PS,990916,14:29:21,14:29:26,5,14:29:26,14:30:59,93,AGENT,14:30:58,14:31:01,3,MORIAH
AA0110,39981,0,0,PS,990916,14:43:34,14:43:43,9,0:00:00,0:00:00,0,AGENT,14:43:42,14:46:38,176,MORIAH
AA0110,39982,52867744,2,PS,990916,15:04:55,15:05:00,5,15:05:00,15:09:49,289,AGENT,15:09:49,15:16:35,406,GOLDIE
AA0110,39983,29689387,1,PS,990916,15:16:02,15:16:07,5,15:16:07,15:25:09,542,AGENT,15:25:09,15:26:30,81,KAZAV
AA0110,39984,0,0,NW,990916,15:33:14,15:33:23,9,15:33:23,15:36:03,160,HANG,0:00:00,0:00:00,0,NO_SERVER
AA0110,39985,317706018,1,PS,990916,15:42:31,15:42:36,5,15:42:36,15:49:08,392,AGENT,15:49:07,15:50:44,97,STEREN
AA0110,39986,32067225,1,PS,990916,15:55:28,15:55:34,6,15:55:34,15:55:58,24,HANG,0:00:00,0:00:00,0,NO_SERVER
AA0110,39987,65032120,2,PS,990916,16:04:42,16:04:48,6,16:04:48,16:05:22,34,AGENT,16:05:21,16:08:33,192,GILI
AA0110,39988,0,0,PS,990916,16:16:14,16:16:24,10,0:00:00,0:00:00,0,AGENT,16:16:23,16:17:57,94,VICKY
AA0110,39989,0,0,PS,990916,16:29:38,16:29:53,15,0:00:00,0:00:00,0,AGENT,16:29:49,16:35:14,325,AVI
AA0110,39990,29437829,2,PS,990916,16:42:13,16:42:19,6,16:42:19,16:43:23,64,AGENT,16:43:22,16:45:25,123,GOLDIE
AA0110,39991,44276616,2,PS,990916,16:53:36,16:53:42,6,16:53:42,16:57:08,206,AGENT,16:57:07,17:00:43,216,GOLDIE
AA0110,39992,0,0,NW,990916,17:10:54,17:11:04,10,17:11:04,17:12:12,68,AGENT,17:12:11,17:12:12,1,AVI
AA0110,39993,24481442,1,PS,990916,17:26:28,17:26:34,6,17:26:34,17:27:09,35,AGENT,17:27:09,17:30:09,180,GOLDIE
AA0110,39994,0,0,PS,990916,17:47:41,17:48:01,20,0:00:00,0:00:00,0,AGENT,17:48:00,17:50:59,179,GILI
AA0110,39995,0,0,NW,990916,18:09:57,18:10:07,10,18:10:07,18:10:47,40,AGENT,18:10:46,18:10:55,9,AVI
AA0110,39996,58704610,2,PS,990916,18:32:10,18:32:16,6,18:32:16,18:32:38,22,AGENT,18:32:37,18:35:52,195,AVI
AA0110,39997,0,0,PS,990916,19:00:07,19:00:18,11,0:00:00,0:00:00,0,AGENT,19:00:17,19:10:29,612,GOLDIE
AA0110,39998,0,0,NW,990916,19:26:19,19:26:31,12,0:00:00,0:00:00,0,AGENT,19:26:31,19:26:38,7,VICKY
AA0110,39999,0,0,PS,990916,19:51:35,19:51:45,10,0:00:00,0:00:00,0,AGENT,19:51:44,19:58:31,407,VICKY
AA0110,40000,0,0,PS,990916,20:20:58,20:21:26,28,0:00:00,0:00:00,0,AGENT,20:21:24,20:23:23,119,VICKY
AA0110,40001,22090179,2,PS,990916,20:55:24,20:55:30,6,20:55:30,20:56:28,58,AGENT,20:56:27,21:00:49,262,MEIR
AA0110,40002,0,0,PS,990916,21:31:30,21:31:39,9,0:00:00,0:00:00,0,AGENT,21:31:39,21:33:41,122,MEIR
AA0110,40003,27380047,2,PS,990916,21:57:46,21:57:52,6,21:57:52,21:57:59,7,AGENT,21:57:58,22:06:58,540,AVNI
AA0110,40004,54145529,2,PS,990916,22:14:56,22:15:02,6,22:15:02,22:15:17,15,HANG,0:00:00,0:00:00,0,NO_SERVER
AA0110,40005,57817785,2,PS,990916,22:33:45,22:33:51,6,22:33:51,22:34:41,50,AGENT,22:34:41,22:37:49,188,VICKY
AA0110,40006,0,0,PS,990916,23:13:39,23:13:56,17,0:00:00,0:00:00,0,AGENT,23:13:55,23:18:14,259,VICKY
AA0110,40007,24453805,1,PS,990916,23:52:46,23:52:51,5,23:52:51,23:53:45,54,AGENT,23:53:44,23:54:30,46,VICKY
AA0110,40008,0,0,PS,990917,7:04:43,7:04:56,13,0:00:00,0:00:00,0,AGENT,7:04:55,7:05:31,36,MORIAH
AA0110,40009,0,0,NW,990917,7:48:18,7:48:36,18,0:00:00,0:00:00,0,AGENT,7:48:34,7:48:45,11,BENSION
AA0110,40010,3234416,2,PS,990917,8:15:40,8:15:46,6,8:15:46,8:16:18,32,AGENT,8:16:17,8:17:51,94,DORIT
AA0110,40011,7428345,2,PS,990917,8:33:52,8:33:58,6,8:33:58,8:34:14,16,AGENT,8:34:12,8:35:55,103,BENSION
AA0110,40012,0,0,NW,990917,8:47:00,8:47:09,9,8:47:09,8:50:27,198,AGENT,8:50:26,8:51:27,61,SHARON
AA0110,40013,22928584,2,PS,990917,9:00:33,9:00:38,5,9:00:38,9:03:30,172,AGENT,9:03:29,9:05:50,141,STEREN
AA0110,40014,0,0,NW,990917,9:17:47,9:17:56,9,9:17:56,9:22:58,302,AGENT,9:22:58,9:23:18,20,SHARON
AA0110,40015,0,0,NE,990917,9:36:49,9:36:59,10,0:00:00,0:00:00,0,AGENT,9:36:58,9:37:01,3,MORIAH
AA0110,40016,0,0,PS,990917,9:47:33,9:47:42,9,0:00:00,0:00:00,0,AGENT,9:47:41,9:49:59,138,SHARON
AA0110,40017,320452535,1,PS,990917,9:59:51,9:59:57,6,9:59:57,10:00:04,7,AGENT,10:00:02,10:00:11,9,MORIAH
AA0110,40018,24293896,1,PS,990917,10:12:06,10:12:12,6,10:12:12,10:13:53,101,AGENT,10:13:53,10:16:08,135,DORIT
AA0110,40019,33689787,2,PS,990917,10:29:38,10:29:44,6,10:29:44,10:30:14,30,AGENT,10:30:13,10:32:34,141,STEREN
AA0110,40020,50499136,2,PS,990917,10:51:46,10:51:52,6,10:51:52,10:51:59,7,AGENT,10:51:58,10:55:02,184,SHARON
AA0110,40021,0,0,PS,990917,11:06:37,11:06:46,9,0:00:00,0:00:00,0,AGENT,11:06:45,11:08:50,125,STEREN
AA0110,40022,52842762,1,PS,990917,11:23:55,11:24:00,5,11:24:00,11:25:13,73,AGENT,11:25:12,11:30:58,346,STEREN
AA0110,40023,0,0,PS,990917,11:29:19,11:29:21,2,0:00:00,0:00:00,0,HANG,0:00:00,0:00:00,0,NO_SERVER
AA0110,40024,21379300,1,PS,990917,11:49:45,11:49:51,6,11:49:51,11:50:53,62,AGENT,11:50:51,11:55:28,277,BENSION
AA0110,40025,0,0,NW,990917,12:15:46,12:16:00,14,0:00:00,0:00:00,0,AGENT,12:16:00,12:16:56,56,DORIT
AA0110,40026,0,0,PS,990917,12:35:14,12:35:29,15,0:00:00,0:00:00,0,AGENT,12:35:28,12:36:54,86,SHARON
AA0110,40027,0,0,PS,990917,13:09:09,13:09:17,8,0:00:00,0:00:00,0,AGENT,13:09:17,13:09:28,11,DORIT
AA0110,40028,0,0,PS,990917,13:35:08,13:35:18,10,0:00:00,0:00:00,0,AGENT,13:35:18,13:39:19,241,STEREN
AA0110,40029,0,0,PS,990917,14:26:51,14:27:28,37,0:00:00,0:00:00,0,HANG,0:00:00,0:00:00,0,NO_SERVER
AA0110,40030,0,0,PS,990917,15:26:35,15:26:54,19,0:00:00,0:00:00,0,HANG,0:00:00,0:00:00,0,NO_SERVER
AA0110,40032,0,0,PS,990917,21:34:53,21:34:53,0,0:00:00,0:00:00,0,HANG,0:00:00,0:00:00,0,NO_SERVER
AA0110,40033,0,0,PS,990918,19:13:34,19:13:46,12,0:00:00,0:00:00,0,HANG,0:00:00,0:00:00,0,NO_SERVER
AA0110,40034,0,0,PS,990918,19:59:03,19:59:18,15,0:00:00,0:00:00,0,AGENT,19:59:18,20:01:44,146,SHARON
AA0110,40035,0,0,PS,990918,20:38:32,20:38:41,9,0:00:00,0:00:00,0,AGENT,20:38:39,20:40:42,123,AVI
AA0110,40036,23729759,1,PS,990918,21:06:58,21:07:03,5,21:07:03,21:07:34,31,HANG,0:00:00,0:00:00,0,NO_SERVER
AA0110,40037,0,0,NE,990918,21:49:12,21:49:21,9,0:00:00,0:00:00,0,AGENT,21:49:20,21:49:47,27,SHARON
AA0110,40038,0,0,PS,990918,22:21:01,22:21:20,19,0:00:00,0:00:00,0,AGENT,22:21:20,22:25:18,238,DARMON
AA0110,40039,0,0,PS,990918,23:37:18,23:37:29,11,0:00:00,0:00:00,0,AGENT,23:37:28,23:39:45,137,AVI
AA0110,40040,0,0,PS,990919,6:55:23,6:55:34,11,0:00:00,0:00:00,0,HANG,0:00:00,0:00:00,0,NO_SERVER
AA0110,40041,0,0,PS,990919,7:41:51,7:42:02,11,0:00:00,0:00:00,0,AGENT,7:42:00,7:49:26,446,AVNI
AA0110,40042,0,0,PS,990919,8:01:12,8:01:22,10,0:00:00,0:00:00,0,AGENT,8:01:21,8:04:03,162,TOVA
AA0110,40043,0,0,NW,990919,8:23:18,8:23:36,18,0:00:00,0:00:00,0,AGENT,8:23:35,8:23:51,16,SHARON
AA0110,40044,0,0,PS,990919,8:35:14,8:35:27,13,0:00:00,0:00:00,0,AGENT,8:35:26,8:36:36,70,YIFAT
AA0110,40045,0,0,NW,990919,8:45:15,8:45:28,13,0:00:00,0:00:00,0,AGENT,8:45:28,8:46:30,62,MORIAH
AA0110,40046,23519234,1,PS,990919,8:54:41,8:54:46,5,8:54:46,8:54:59,13,HANG,0:00:00,0:00:00,0,NO_SERVER
AA0110,40047,0,0,PS,990919,9:05:45,9:05:54,9,0:00:00,0:00:00,0,AGENT,9:05:53,9:07:35,102,GILI
AA0110,40048,0,0,PS,990919,9:22:43,9:22:56,13,0:00:00,0:00:00,0,AGENT,9:22:56,9:22:58,2,ANAT
AA0110,40049,0,0,NW,990919,9:41:13,9:41:18,5,9:41:18,9:43:36,138,AGENT,9:43:24,9:44:22,58,MORIAH
AA0110,40050,0,0,PS,990919,9:58:30,9:58:40,10,0:00:00,0:00:00,0,AGENT,9:58:39,10:01:00,141,ANAT
AA0110,40051,0,0,PS,990919,10:27:28,10:27:38,10,0:00:00,0:00:00,0,AGENT,10:27:37,10:28:17,40,AVNI
AA0110,40052,0,0,PS,990919,11:00:11,11:00:19,8,0:00:00,0:00:00,0,AGENT,11:00:18,11:01:08,50,SHARON
AA0110,40053,32086423,1,PS,990919,11:36:57,11:37:02,5,11:37:02,11:37:24,22,AGENT,11:37:22,11:38:40,78,GELBER
AA0110,40054,0,0,NW,990919,23:17:08,23:17:45,37,0:00:00,0:00:00,0,HANG,0:00:00,0:00:00,0,NO_SERVER
AA0110,40055,0,0,PS,990920,20:43:17,20:44:14,57,0:00:00,0:00:00,0,HANG,0:00:00,0:00:00,0,NO_SERVER
AA0110,40056,0,0,NE,990920,21:24:57,21:25:07,10,0:00:00,0:00:00,0,AGENT,21:25:06,21:29:38,272,ZOHARI
AA0110,40057,0,0,PS,990920,21:50:08,21:50:18,10,0:00:00,0:00:00,0,AGENT,21:50:18,21:56:05,347,ZOHARI
AA0110,40058,0,0,PS,990920,22:22:20,22:22:32,12,0:00:00,0:00:00,0,AGENT,22:22:31,22:25:02,151,DORIT
AA0110,40059,62333810,1,PS,990920,22:50:30,22:50:36,6,22:50:36,22:50:57,21,AGENT,22:50:56,22:52:51,115,SHARON
AA0110,40060,0,0,PS,990920,23:26:04,23:26:12,8,0:00:00,0:00:00,0,AGENT,23:26:12,23:27:34,82,ZOHARI
AA0110,40061,0,0,PS,990921,0:59:06,0:59:31,25,0:00:00,0:00:00,0,HANG,0:00:00,0:00:00,0,NO_SERVER
AA0110,40062,0,0,PS,990921,6:39:41,6:39:57,16,0:00:00,0:00:00,0,HANG,0:00:00,0:00:00,0,NO_SERVER
AA0110,40063,0,0,NW,990921,7:25:30,7:25:42,12,0:00:00,0:00:00,0,AGENT,7:25:42,7:25:44,2,MORIAH
AA0110,40064,0,0,PS,990921,7:48:29,7:48:40,11,0:00:00,0:00:00,0,AGENT,7:48:39,7:55:04,385,MORIAH
AA0110,40065,0,0,PS,990921,8:03:42,8:03:52,10,0:00:00,0:00:00,0,AGENT,8:03:51,8:04:37,46,AVI
AA0110,40066,0,0,NW,990921,8:24:05,8:24:19,14,0:00:00,0:00:00,0,AGENT,8:24:18,8:26:03,105,ANAT
AA0110,40067,0,0,NW,990921,8:39:49,8:39:58,9,8:39:58,8:42:04,126,AGENT,8:42:02,8:42:35,33,ANAT
AA0110,40068,0,0,PS,990921,8:52:18,8:52:29,11,0:00:00,0:00:00,0,AGENT,8:52:29,8:52:36,7,YIFAT
AA0110,40069,0,0,PS,990921,9:05:40,9:05:49,9,0:00:00,0:00:00,0,AGENT,9:05:48,9:11:50,362,AVNI
AA0110,40070,0,0,NW,990921,9:18:40,9:18:58,18,0:00:00,0:00:00,0,AGENT,9:18:58,9:20:28,90,AVI
AA0110,40071,0,0,NW,990921,9:33:23,9:33:32,9,9:33:32,9:35:15,103,HANG,0:00:00,0:00:00,0,NO_SERVER
AA0110,40072,58704610,2,PS,990921,9:45:10,9:45:16,6,9:45:16,9:45:34,18,AGENT,9:45:33,9:47:19,106,YIFAT
AA0110,40073,675306,2,NE,990921,9:50:33,9:50:39,6,9:50:39,9:52:12,93,AGENT,9:52:11,9:52:41,30,AVI
AA0110,40074,0,0,NW,990921,9:57:56,9:58:05,9,9:58:05,9:59:39,94,AGENT,9:59:38,10:00:39,61,AVNI
AA0110,40075,28523389,2,PS,990921,10:07:06,10:07:11,5,10:07:11,10:07:28,17,AGENT,10:07:27,10:13:06,339,KAZAV
AA0110,40076,0,0,NW,990921,10:13:30,10:13:39,9,10:13:39,10:15:27,108,AGENT,10:15:26,10:16:21,55,AVNI
AA0110,40077,0,0,NE,990921,10:21:58,10:22:08,10,0:00:00,0:00:00,0,AGENT,10:22:07,10:22:09,2,MORIAH
AA0110,40078,0,0,PS,990921,10:29:25,10:29:34,9,0:00:00,0:00:00,0,AGENT,10:29:33,10:30:38,65,YIFAT
AA0110,40079,0,0,NW,990921,10:37:49,10:37:58,9,10:37:58,10:41:20,202,AGENT,10:41:19,10:45:17,238,AVI
AA0110,40080,16459166,2,PS,990921,10:50:06,10:50:12,6,10:50:12,10:50:51,39,AGENT,10:50:50,10:53:10,140,AVNI
AA0110,40081,54128681,2,PS,990921,10:57:08,10:57:13,5,10:57:13,10:57:56,43,AGENT,10:57:55,11:00:29,154,ANAT
AA0110,40082,27215169,2,PS,990921,11:04:17,11:04:22,5,11:04:22,11:05:12,50,AGENT,11:05:10,11:15:05,595,ROTH
AA0110,40083,10587137,2,NE,990921,11:13:50,11:13:55,5,11:13:55,11:15:01,66,AGENT,11:15:00,11:15:41,41,MORIAH
AA0110,40084,0,0,NW,990921,11:23:02,11:23:19,17,0:00:00,0:00:00,0,AGENT,11:23:17,11:24:07,50,AVI
AA0110,40085,0,0,PS,990921,11:33:34,11:33:45,11,0:00:00,0:00:00,0,AGENT,11:33:43,11:42:27,524,DORIT
AA0110,40086,0,0,PS,990921,11:46:07,11:46:16,9,0:00:00,0:00:00,0,AGENT,11:46:15,11:46:18,3,MORIAH
AA0110,40087,0,0,PS,990921,11:53:09,11:53:27,18,0:00:00,0:00:00,0,AGENT,11:53:27,11:55:59,152,BASCH
AA0110,40088,0,0,PS,990921,11:57:53,11:58:11,18,0:00:00,0:00:00,0,HANG,0:00:00,0:00:00,0,NO_SERVER
AA0110,40089,52867744,2,PS,990921,12:08:41,12:08:46,5,12:08:46,12:08:53,7,AGENT,12:08:52,12:12:21,209,ROTH
AA0110,40090,0,0,PS,990921,12:22:57,12:23:10,13,0:00:00,0:00:00,0,AGENT,12:23:09,12:24:24,75,BASCH
AA0110,40091,0,0,PS,990921,12:32:29,12:32:39,10,0:00:00,0:00:00,0,AGENT,12:32:38,12:33:55,77,ROTH
AA0110,40092,0,0,PS,990921,12:43:57,12:44:06,9,0:00:00,0:00:00,0,AGENT,12:44:05,12:44:45,40,AVNI
AA0110,40093,0,0,PS,990921,13:04:31,13:04:42,11,0:00:00,0:00:00,0,AGENT,13:04:41,13:05:05,24,YIFAT
AA0110,40094,0,0,PS,990921,13:11:06,13:11:21,15,0:00:00,0:00:00,0,AGENT,13:11:21,13:12:45,84,ANAT
AA0110,40095,0,0,PS,990921,13:26:53,13:27:14,21,0:00:00,0:00:00,0,AGENT,13:27:12,13:28:49,97,YIFAT
AA0110,40096,50062082,2,PS,990921,13:37:37,13:37:43,6,13:37:43,13:37:52,9,AGENT,13:37:51,13:40:19,148,YIFAT
AA0110,40097,28777209,2,PS,990921,13:43:57,13:44:03,6,13:44:03,13:44:11,8,HANG,0:00:00,0:00:00,0,NO_SERVER
AA0110,40098,31794381,1,PS,990921,13:50:58,13:51:04,6,13:51:04,13:52:55,111,AGENT,13:52:54,13:53:04,10,YIFAT
AA0110,40099,0,0,NW,990921,14:01:40,14:01:49,9,14:01:49,14:02:40,51,AGENT,14:02:39,14:03:38,59,ROTH
AA0110,40100,0,0,PS,990921,14:13:20,14:13:29,9,0:00:00,0:00:00,0,AGENT,14:13:28,14:15:16,108,ROTH
AA0110,40101,0,0,NW,990921,14:24:44,14:24:53,9,14:24:53,14:25:22,29,AGENT,14:25:21,14:26:09,48,AVI
AA0110,40102,0,0,PS,990921,14:38:44,14:38:57,13,0:00:00,0:00:00,0,AGENT,14:38:56,14:39:48,52,BASCH
AA0110,40103,0,0,NE,990921,14:50:41,14:50:49,8,0:00:00,0:00:00,0,AGENT,14:50:49,14:51:59,70,KAZAV
AA0110,40104,0,0,PS,990921,15:05:15,15:05:25,10,0:00:00,0:00:00,0,AGENT,15:05:24,15:09:07,223,ROTH
AA0110,40105,0,0,NW,990921,15:15:01,15:15:10,9,15:15:10,15:17:46,156,AGENT,15:17:46,15:18:25,39,ROTH
AA0110,40106,317760924,2,PS,990921,15:24:09,15:24:15,6,15:24:15,15:26:09,114,AGENT,15:26:07,15:28:19,132,VICKY
AA0110,40107,54145529,2,PS,990921,15:33:39,15:33:45,6,15:33:45,15:34:37,52,AGENT,15:34:36,15:39:07,271,VICKY
AA0110,40108,61870333,2,PS,990921,15:42:18,15:42:24,6,15:42:24,15:43:45,81,AGENT,15:43:44,15:50:26,402,TOVA
AA0110,40109,71520779,1,NE,990921,15:52:14,15:52:20,6,15:52:20,15:52:48,28,AGENT,15:52:47,16:03:17,630,ZOHARI
AA0110,40110,54863246,1,PS,990921,16:03:13,16:03:19,6,16:03:19,16:04:08,49,AGENT,16:04:07,16:05:58,111,YITZ
AA0110,40111,0,0,NW,990921,16:12:05,16:12:21,16,0:00:00,0:00:00,0,AGENT,16:12:21,16:12:25,4,NO_SERVER
AA0110,40112,0,0,NW,990921,16:23:19,16:23:28,9,16:23:28,16:23:56,28,AGENT,16:23:55,16:24:32,37,STEREN
AA0110,40113,0,0,PS,990921,16:36:40,16:36:54,14,0:00:00,0:00:00,0,AGENT,16:36:53,16:38:31,98,BENSION
AA0110,40114,0,0,NE,990921,16:52:26,16:52:36,10,0:00:00,0:00:00,0,AGENT,16:52:35,16:53:46,71,TOVA
AA0110,40115,50316827,1,PS,990921,17:07:28,17:07:34,6,17:07:34,17:07:54,20,AGENT,17:07:53,17:09:09,76,TOVA
AA0110,40116,56771355,2,NE,990921,17:22:40,17:22:45,5,17:22:45,17:24:14,89,AGENT,17:24:13,17:27:09,176,DARMON
AA0110,40117,0,0,PS,990921,17:39:28,17:39:37,9,0:00:00,0:00:00,0,AGENT,17:39:36,17:40:59,83,VICKY
AA0110,40118,0,0,PS,990921,18:03:46,18:03:58,12,0:00:00,0:00:00,0,AGENT,18:03:57,18:04:37,40,BENSION
AA0110,40119,0,0,PS,990921,18:22:08,18:22:24,16,0:00:00,0:00:00,0,AGENT,18:22:23,18:24:35,132,BENSION
AA0110,40120,0,0,PS,990921,18:42:54,18:43:03,9,0:00:00,0:00:00,0,AGENT,18:43:03,18:45:37,154,TOVA
AA0110,40121,0,0,PS,990921,19:03:00,19:03:10,10,0:00:00,0:00:00,0,AGENT,19:03:09,19:03:57,48,VICKY
AA0110,40122,0,0,PS,990921,19:31:51,19:32:02,11,0:00:00,0:00:00,0,AGENT,19:32:01,19:33:07,66,VICKY
AA0110,40123,0,0,PS,990921,19:47:59,19:48:07,8,0:00:00,0:00:00,0,AGENT,19:48:07,19:54:34,387,TOVA
AA0110,40124,0,0,PS,990921,20:14:22,20:14:31,9,0:00:00,0:00:00,0,AGENT,20:14:31,20:18:20,229,GOLDIE
AA0110,40125,0,0,NW,990921,20:37:59,20:38:14,15,0:00:00,0:00:00,0,AGENT,20:38:13,20:41:39,206,YITZ
AA0110,40126,0,0,PS,990921,20:57:42,20:57:51,9,0:00:00,0:00:00,0,AGENT,20:57:51,20:57:51,0,VICKY
AA0110,40127,0,0,NE,990921,21:12:06,21:12:21,15,0:00:00,0:00:00,0,AGENT,21:12:20,21:13:22,62,ZOHARI
AA0110,40128,0,0,PS,990921,21:34:09,21:34:22,13,0:00:00,0:00:00,0,AGENT,21:34:21,21:38:08,227,STEREN
AA0110,40129,0,0,PS,990921,21:53:00,21:53:14,14,0:00:00,0:00:00,0,AGENT,21:53:09,21:56:51,222,GILI
AA0110,40130,0,0,PS,990921,22:18:46,22:18:57,11,0:00:00,0:00:00,0,AGENT,22:18:55,22:21:37,162,YITZ
AA0110,40131,0,0,PS,990921,22:41:25,22:41:37,12,0:00:00,0:00:00,0,AGENT,22:41:37,22:49:00,443,BENSION
AA0110,40132,0,0,PS,990921,23:06:39,23:06:52,13,0:00:00,0:00:00,0,AGENT,23:06:51,23:08:26,95,BENSION
AA0110,40133,0,0,NW,990921,23:36:47,23:37:01,14,0:00:00,0:00:00,0,AGENT,23:37:00,23:37:30,30,STEREN
AA0110,40135,0,0,PS,990922,5:39:03,5:39:03,0,0:00:00,0:00:00,0,HANG,0:00:00,0:00:00,0,NO_SERVER
AA0110,40136,0,0,PS,990922,7:21:15,7:21:26,11,0:00:00,0:00:00,0,AGENT,7:21:25,7:24:06,161,TOVA
AA0110,40137,51704559,1,PS,990922,7:43:28,7:43:33,5,7:43:33,7:43:50,17,AGENT,7:43:49,7:45:15,86,TOVA
AA0110,40138,0,0,NW,990922,8:04:22,8:04:36,14,0:00:00,0:00:00,0,AGENT,8:04:35,8:05:12,37,GOLDIE
AA0110,40139,0,0,PS,990922,8:22:24,8:22:37,13,0:00:00,0:00:00,0,AGENT,8:22:35,8:26:01,206,VICKY
AA0110,40140,0,0,PS,990922,8:36:55,8:37:09,14,0:00:00,0:00:00,0,AGENT,8:37:08,8:38:36,88,GOLDIE
AA0110,40141,0,0,PS,990922,8:49:13,8:49:23,10,0:00:00,0:00:00,0,AGENT,8:49:22,8:50:44,82,KAZAV
AA0110,40142,0,0,PS,990922,9:00:25,9:00:37,12,0:00:00,0:00:00,0,AGENT,9:00:36,9:01:49,73,ZOHARI
AA0110,40143,0,0,PS,990922,9:09:10,9:09:23,13,0:00:00,0:00:00,0,AGENT,9:09:21,9:13:02,221,VICKY
AA0110,40144,74780917,2,NE,990922,9:19:04,9:19:09,5,9:19:09,9:20:41,92,AGENT,9:20:40,9:25:52,312,VICKY
AA0110,40145,0,0,PS,990922,9:29:10,9:29:19,9,0:00:00,0:00:00,0,AGENT,9:29:18,9:32:09,171,GOLDIE
AA0110,40146,0,0,PS,990922,9:41:08,9:41:17,9,0:00:00,0:00:00,0,AGENT,9:41:16,9:43:57,161,STEREN
AA0110,40147,37635950,2,PS,990922,9:48:04,9:48:09,5,9:48:09,9:48:25,16,AGENT,9:48:24,9:49:55,91,YIFAT
AA0110,40148,0,0,NW,990922,9:56:24,9:56:33,9,9:56:33,9:57:53,80,AGENT,9:57:52,10:00:03,131,AVNI
AA0110,40149,0,0,NE,990922,10:06:27,10:06:36,9,0:00:00,0:00:00,0,AGENT,10:06:36,10:07:43,67,KAZAV
AA0110,40150,65032120,2,PS,990922,10:14:28,10:14:33,5,10:14:33,10:14:54,21,AGENT,10:14:53,10:19:16,263,VICKY
AA0110,40151,11221934,2,PS,990922,10:23:11,10:23:16,5,10:23:16,10:23:43,27,AGENT,10:23:43,10:35:14,691,GOLDIE
AA0110,40152,31432016,1,PS,990922,10:29:56,10:30:02,6,10:30:02,10:32:47,165,AGENT,10:32:46,10:40:24,458,YIFAT
AA0110,40153,0,0,NW,990922,10:37:34,10:37:43,9,10:37:43,10:38:31,48,AGENT,10:38:30,10:45:13,403,AVNI
AA0110,40154,0,0,PS,990922,10:46:20,10:46:35,15,0:00:00,0:00:00,0,AGENT,10:46:35,10:49:46,191,TOVA
AA0110,40155,0,0,PS,990922,10:55:16,10:55:28,12,0:00:00,0:00:00,0,AGENT,10:55:28,10:58:08,160,YIFAT
AA0110,40157,0,0,PS,990922,11:03:46,11:03:46,0,0:00:00,0:00:00,0,HANG,0:00:00,0:00:00,0,NO_SERVER
AA0110,40158,0,0,NW,990922,11:09:12,11:09:24,12,0:00:00,0:00:00,0,AGENT,11:09:24,11:13:52,268,STEREN
AA0110,40159,0,0,PS,990922,11:17:58,11:18:08,10,0:00:00,0:00:00,0,AGENT,11:18:07,11:19:45,98,ROTH
AA0110,40160,23841505,2,PS,990922,11:25:03,11:25:09,6,11:25:09,11:27:23,134,AGENT,11:27:22,11:29:36,134,KAZAV
AA0110,40161,0,0,PS,990922,11:33:49,11:35:11,82,0:00:00,0:00:00,0,HANG,0:00:00,0:00:00,0,NO_SERVER
AA0110,40162,28285716,1,PS,990922,11:44:18,11:44:24,6,11:44:24,11:45:32,68,PHANTOM,11:45:31,11:45:36,5,NO_SERVER
AA0110,40164,0,0,PS,990922,11:51:42,11:51:42,0,0:00:00,0:00:00,0,HANG,0:00:00,0:00:00,0,NO_SERVER
AA0110,40165,22969265,2,PS,990922,11:58:48,11:58:53,5,11:58:53,11:58:59,6,AGENT,11:58:59,12:03:26,267,ZOHARI
AA0110,40166,0,0,PS,990922,12:12:40,12:12:56,16,0:00:00,0:00:00,0,AGENT,12:12:55,12:13:07,12,VICKY
AA0110,40167,57074585,2,PS,990922,12:24:20,12:24:26,6,12:24:26,12:24:35,9,AGENT,12:24:34,12:28:12,218,TOVA
AA0110,40168,0,0,PS,990922,12:37:41,12:37:51,10,0:00:00,0:00:00,0,AGENT,12:37:50,12:37:59,9,NO_SERVER
AA0110,40169,0,0,PS,990922,12:52:30,12:52:40,10,0:00:00,0:00:00,0,AGENT,12:52:39,12:54:59,140,GOLDIE
AA0110,40170,0,0,PS,990922,13:05:59,13:06:10,11,0:00:00,0:00:00,0,AGENT,13:06:09,13:14:12,483,ZOHARI
AA0110,40171,0,0,NE,990922,13:19:50,13:19:58,8,0:00:00,0:00:00,0,AGENT,13:19:58,13:21:00,62,STEREN
AA0110,40172,0,0,PS,990922,13:31:51,13:32:00,9,0:00:00,0:00:00,0,AGENT,13:31:59,13:35:50,231,TOVA
AA0110,40173,0,0,PS,990922,13:47:30,13:47:40,10,0:00:00,0:00:00,0,AGENT,13:47:38,13:50:28,170,YIFAT
AA0110,40174,0,0,PS,990922,14:00:31,14:00:45,14,0:00:00,0:00:00,0,AGENT,14:00:44,14:06:06,322,YIFAT
AA0110,40175,0,0,PS,990922,14:17:40,14:17:50,10,0:00:00,0:00:00,0,AGENT,14:17:50,14:20:54,184,KAZAV
AA0110,40176,0,0,PS,990922,14:30:06,14:30:27,21,0:00:00,0:00:00,0,HANG,0:00:00,0:00:00,0,NO_SERVER
AA0110,40177,0,0,NE,990922,14:45:59,14:46:23,24,0:00:00,0:00:00,0,AGENT,14:46:23,14:46:27,4,MORIAH
AA0110,40178,0,0,NW,990922,14:54:43,14:55:08,25,14:55:08,14:55:49,41,AGENT,14:55:48,14:56:21,33,MORIAH
AA0110,40179,0,0,PS,990922,15:08:08,15:08:20,12,0:00:00,0:00:00,0,AGENT,15:08:19,15:11:54,215,DORIT
AA0110,40180,0,0,PS,990922,15:18:20,15:18:29,9,0:00:00,0:00:00,0,AGENT,15:18:28,15:28:42,614,STEREN
AA0110,40181,0,0,NE,990922,15:26:04,15:26:15,11,0:00:00,0:00:00,0,AGENT,15:26:13,15:37:12,659,AVNI
AA0110,40182,0,0,PS,990922,15:34:26,15:34:37,11,0:00:00,0:00:00,0,AGENT,15:34:35,15:34:51,16,ANAT
AA0110,40183,0,0,PS,990922,15:43:25,15:43:54,29,0:00:00,0:00:00,0,AGENT,15:43:48,15:43:56,8,MORIAH
AA0110,40184,0,0,PS,990922,16:03:09,16:03:18,9,0:00:00,0:00:00,0,AGENT,16:03:17,16:04:28,71,STEREN
AA0110,40185,0,0,NE,990922,16:15:59,16:16:12,13,0:00:00,0:00:00,0,AGENT,16:16:12,16:21:16,304,MORIAH
AA0110,40186,0,0,PS,990922,16:27:03,16:27:13,10,0:00:00,0:00:00,0,AGENT,16:27:12,16:28:01,49,AVNI
AA0110,40187,0,0,NE,990922,16:42:51,16:43:03,12,0:00:00,0:00:00,0,AGENT,16:43:02,16:44:18,76,AVNI
AA0110,40188,0,0,PS,990922,16:53:15,16:53:25,10,0:00:00,0:00:00,0,AGENT,16:53:24,16:54:20,56,ANAT
AA0110,40189,0,0,PS,990922,17:12:16,17:12:27,11,0:00:00,0:00:00,0,AGENT,17:12:26,17:15:50,204,DORIT
AA0110,40190,0,0,PS,990922,17:33:33,17:33:45,12,0:00:00,0:00:00,0,AGENT,17:33:44,17:35:01,77,ANAT
AA0110,40191,0,0,PS,990922,17:55:50,17:56:02,12,0:00:00,0:00:00,0,AGENT,17:56:01,17:58:48,167,AVI
AA0110,40192,0,0,PS,990922,18:13:48,18:13:57,9,0:00:00,0:00:00,0,AGENT,18:13:56,18:20:39,403,YITZ
AA0110,40193,0,0,NW,990922,18:28:11,18:28:21,10,18:28:21,18:29:18,57,AGENT,18:29:17,18:29:54,37,AVI
AA0110,40194,0,0,NE,990922,18:54:44,18:54:54,10,0:00:00,0:00:00,0,AGENT,18:54:54,18:54:57,3,MORIAH
AA0110,40195,0,0,NW,990922,19:22:40,19:22:53,13,0:00:00,0:00:00,0,AGENT,19:22:53,19:23:25,32,SHARON
AA0110,40196,0,0,PS,990922,19:43:26,19:43:40,14,0:00:00,0:00:00,0,AGENT,19:43:39,19:48:16,277,BASCH
AA0110,40197,0,0,PS,990922,20:11:20,20:11:34,14,0:00:00,0:00:00,0,AGENT,20:11:34,20:12:16,42,BASCH
AA0110,40198,0,0,PS,990922,20:36:32,20:36:58,26,0:00:00,0:00:00,0,AGENT,20:36:57,20:38:29,92,ANAT
AA0110,40199,0,0,PS,990922,21:11:33,21:11:44,11,0:00:00,0:00:00,0,AGENT,21:11:43,21:12:51,68,SHARON
AA0110,40200,0,0,PS,990922,21:34:14,21:34:23,9,0:00:00,0:00:00,0,AGENT,21:34:23,21:37:33,190,GILI
AA0110,40201,0,0,PS,990922,21:58:13,21:58:25,12,0:00:00,0:00:00,0,AGENT,21:58:24,22:00:12,108,BENSION
AA0110,40202,0,0,NE,990922,22:23:41,22:23:49,8,0:00:00,0:00:00,0,AGENT,22:23:49,22:24:23,34,SHARON
AA0110,40203,0,0,NE,990922,22:56:19,22:56:29,10,0:00:00,0:00:00,0,AGENT,22:56:28,22:56:50,22,SHARON
AA0110,40204,0,0,PS,990922,23:32:24,23:32:37,13,0:00:00,0:00:00,0,AGENT,23:32:37,23:33:27,50,BENSION
AA0110,40205,23701212,1,PS,990923,7:33:56,7:34:02,6,7:34:02,7:34:41,39,AGENT,7:34:40,7:35:30,50,TOVA
AA0110,40206,0,0,NW,990923,7:59:23,7:59:32,9,7:59:32,8:00:31,59,AGENT,8:00:29,8:03:27,178,AVI
AA0110,40207,0,0,PS,990923,8:18:01,8:18:11,10,0:00:00,0:00:00,0,AGENT,8:18:10,8:19:34,84,ANAT
AA0110,40208,0,0,PS,990923,8:34:45,8:34:55,10,0:00:00,0:00:00,0,AGENT,8:34:53,8:37:59,186,AVI
AA0110,40209,45447547,2,PS,990923,8:48:16,8:48:22,6,8:48:22,8:48:50,28,AGENT,8:48:49,8:50:27,98,TOVA
AA0110,40210,0,0,NW,990923,9:00:42,9:00:52,10,9:00:52,9:01:22,30,AGENT,9:01:22,9:01:48,26,ANAT
AA0110,40211,38305009,1,PS,990923,9:12:47,9:12:52,5,9:12:52,9:13:04,12,AGENT,9:13:03,9:14:18,75,BASCH
AA0110,40212,0,0,NE,990923,9:23:11,9:23:21,10,0:00:00,0:00:00,0,AGENT,9:23:20,9:35:41,741,ELI
AA0110,40213,0,0,PS,990923,9:37:40,9:37:59,19,0:00:00,0:00:00,0,AGENT,9:37:58,9:40:21,143,TOVA
AA0110,40214,58704610,2,PS,990923,9:45:10,9:45:15,5,9:45:15,9:45:29,14,AGENT,9:45:29,9:46:22,53,AVI
AA0110,40215,28557163,2,PS,990923,9:54:16,9:54:22,6,9:54:22,9:54:28,6,AGENT,9:54:27,9:58:37,250,VICKY
AA0110,40216,23898240,1,PS,990923,10:01:48,10:01:53,5,10:01:53,10:02:24,31,AGENT,10:02:23,10:03:25,62,VICKY
AA0110,40217,0,0,PS,990923,10:09:29,10:09:37,8,0:00:00,0:00:00,0,AGENT,10:09:36,10:11:51,135,DORIT
AA0110,40218,0,0,PS,990923,10:16:19,10:16:27,8,0:00:00,0:00:00,0,AGENT,10:16:26,10:17:36,70,BASCH
AA0110,40219,24179418,1,PS,990923,10:23:01,10:23:06,5,10:23:06,10:25:23,137,AGENT,10:25:22,10:26:26,64,VICKY
AA0110,40220,0,0,NW,990923,10:31:49,10:31:58,9,10:31:58,10:33:31,93,HANG,0:00:00,0:00:00,0,NO_SERVER
AA0110,40221,25688045,1,PS,990923,10:40:26,10:40:31,5,10:40:31,10:41:53,82,AGENT,10:41:52,10:43:31,99,DORIT
AA0110,40222,33474602,2,PS,990923,10:45:46,10:45:52,6,10:45:52,10:47:00,68,AGENT,10:47:00,10:48:08,68,AVI
AA0110,40223,41630443,2,PS,990923,10:54:38,10:54:44,6,10:54:44,10:56:23,99,PHANTOM,10:55:43,10:56:38,55,NO_SERVER
AA0110,40224,23895501,2,PS,990923,11:03:20,11:03:26,6,11:03:26,11:03:53,27,AGENT,11:03:53,11:06:29,156,VICKY
AA0110,40225,0,0,PS,990923,11:11:32,11:11:41,9,0:00:00,0:00:00,0,AGENT,11:11:40,11:15:45,245,VICKY
AA0110,40226,42450676,2,PS,990923,11:23:44,11:23:50,6,11:23:50,11:25:45,115,AGENT,11:25:44,11:26:43,59,DORIT
AA0110,40227,32954166,1,PS,990923,11:30:52,11:30:58,6,11:30:58,11:32:38,100,AGENT,11:32:38,11:35:15,157,DORIT
AA0110,40228,0,0,PS,990923,11:43:30,11:43:41,11,0:00:00,0:00:00,0,AGENT,11:43:40,11:43:47,7,BASCH
AA0110,40229,0,0,NW,990923,11:52:38,11:52:48,10,11:52:48,11:52:49,1,HANG,0:00:00,0:00:00,0,NO_SERVER
AA0110,40230,0,0,PS,990923,12:06:35,12:06:45,10,0:00:00,0:00:00,0,AGENT,12:06:45,12:06:48,3,TOVA
AA0110,40231,0,0,PS,990923,12:33:11,12:33:23,12,0:00:00,0:00:00,0,AGENT,12:33:22,12:34:16,54,VICKY
AA0110,40232,65082729,1,PS,990923,12:47:25,12:47:31,6,12:47:31,12:47:51,20,AGENT,12:47:50,12:47:53,3,TOVA
AA0110,40233,0,0,PS,990923,13:01:20,13:01:28,8,0:00:00,0:00:00,0,AGENT,13:01:28,13:04:34,186,ANAT
AA0110,40234,0,0,PS,990923,13:13:51,13:14:01,10,0:00:00,0:00:00,0,AGENT,13:13:59,13:18:01,242,ANAT
AA0110,40235,0,0,PS,990923,13:29:07,13:29:17,10,0:00:00,0:00:00,0,AGENT,13:29:17,13:31:30,133,DORIT
AA0110,40236,55908511,1,PS,990923,13:42:39,13:42:45,6,13:42:45,13:43:26,41,PHANTOM,13:43:26,13:43:37,11,NO_SERVER
AA0110,40237,58029620,2,PS,990923,13:55:09,13:55:14,5,13:55:14,13:56:27,73,AGENT,13:56:25,14:03:25,420,DORIT
AA0110,40238,28916195,1,PS,990923,14:04:56,14:05:01,5,14:05:01,14:05:46,45,HANG,0:00:00,0:00:00,0,NO_SERVER
AA0110,40239,32340168,1,PS,990923,14:17:17,14:17:23,6,14:17:23,14:19:42,139,AGENT,14:19:41,14:20:59,78,BASCH
AA0110,40240,3949625,2,PS,990923,14:30:33,14:30:39,6,14:30:39,14:30:52,13,HANG,0:00:00,0:00:00,0,NO_SERVER
AA0110,40241,0,0,PS,990923,14:45:27,14:45:36,9,0:00:00,0:00:00,0,AGENT,14:45:36,14:46:09,33,BASCH
AA0110,40242,67158097,2,PS,990923,15:03:38,15:03:44,6,15:03:44,15:06:00,136,AGENT,15:05:59,15:08:39,160,YIFAT
AA0110,40243,33474602,2,PS,990923,15:17:02,15:17:07,5,15:17:07,15:18:06,59,AGENT,15:18:05,15:19:55,110,AVI
AA0110,40244,0,0,PS,990923,15:31:39,15:31:52,13,0:00:00,0:00:00,0,AGENT,15:31:51,15:37:19,328,AVI
AA0110,40245,0,0,NW,990923,15:46:08,15:46:16,8,0:00:00,0:00:00,0,AGENT,15:46:16,15:47:46,90,AVI
AA0110,40246,0,0,NE,990923,16:04:31,16:04:42,11,0:00:00,0:00:00,0,AGENT,16:04:42,16:05:54,72,STEREN
AA0110,40247,0,0,NW,990923,16:19:52,16:20:01,9,16:20:01,16:20:15,14,AGENT,16:20:14,16:20:58,44,STEREN
AA0110,40248,0,0,NE,990923,16:34:40,16:34:51,11,0:00:00,0:00:00,0,AGENT,16:34:49,16:38:41,232,SHARON
AA0110,40249,22624829,2,PS,990923,16:57:07,16:57:12,5,16:57:12,16:57:19,7,AGENT,16:57:18,17:01:56,278,AVNI
AA0110,40250,57070534,2,PS,990923,17:14:53,17:14:59,6,17:14:59,17:15:21,22,AGENT,17:15:20,17:15:53,33,SHARON
AA0110,40251,0,0,NE,990923,17:40:45,17:40:57,12,0:00:00,0:00:00,0,AGENT,17:40:55,17:42:57,122,ZOHARI
AA0110,40252,0,0,PS,990923,18:05:53,18:06:02,9,0:00:00,0:00:00,0,AGENT,18:06:01,18:07:30,89,SHARON
AA0110,40253,0,0,PS,990923,18:51:46,18:52:02,16,0:00:00,0:00:00,0,AGENT,18:52:01,18:52:29,28,YITZ
AA0110,40254,0,0,PS,990923,19:19:21,19:19:31,10,0:00:00,0:00:00,0,AGENT,19:19:30,19:21:23,113,AVNI
AA0110,40255,0,0,PS,990923,19:43:31,19:43:40,9,0:00:00,0:00:00,0,AGENT,19:43:40,19:48:45,305,STEREN
AA0110,40256,0,0,NE,990923,20:10:21,20:10:31,10,0:00:00,0:00:00,0,AGENT,20:10:31,20:12:51,140,ZOHARI
AA0110,40257,0,0,PS,990923,20:55:30,20:55:39,9,0:00:00,0:00:00,0,AGENT,20:55:38,20:56:28,50,ZOHARI
AA0110,40258,0,0,PS,990923,21:38:30,21:38:39,9,0:00:00,0:00:00,0,AGENT,21:38:39,21:39:28,49,SHARON
AA0110,40259,0,0,PS,990923,22:19:59,22:20:09,10,0:00:00,0:00:00,0,AGENT,22:20:07,22:21:13,66,GILI
AA0110,40260,0,0,PS,990923,23:04:06,23:04:18,12,0:00:00,0:00:00,0,AGENT,23:04:18,23:05:24,66,SHARON
AA0110,40261,51351419,2,PS,990923,23:47:48,23:47:54,6,23:47:54,23:47:58,4,AGENT,23:47:57,23:50:24,147,YITZ
AA0110,40262,0,0,PS,990924,7:25:38,7:25:48,10,0:00:00,0:00:00,0,AGENT,7:25:48,7:26:27,39,BASCH
AA0110,40263,0,0,PS,990924,8:01:50,8:02:02,12,0:00:00,0:00:00,0,AGENT,8:02:01,8:03:23,82,SHARON
AA0110,40264,0,0,PS,990924,8:31:07,8:31:19,12,0:00:00,0:00:00,0,AGENT,8:31:18,8:32:45,87,ANAT
AA0110,40265,0,0,PS,990924,8:49:06,8:49:18,12,0:00:00,0:00:00,0,AGENT,8:49:17,8:51:00,103,BASCH
AA0110,40266,0,0,PS,990924,8:54:40,8:54:49,9,8:54:49,8:54:58,9,PHANTOM,8:54:58,8:55:01,3,NO_SERVER
AA0110,40267,0,0,PS,990924,9:24:15,9:24:27,12,0:00:00,0:00:00,0,AGENT,9:24:26,9:29:28,302,DORIT
AA0110,40268,0,0,PS,990924,9:46:58,9:47:09,11,0:00:00,0:00:00,0,AGENT,9:47:09,9:48:53,104,ANAT
AA0110,40269,0,0,PS,990924,9:58:25,9:58:34,9,0:00:00,0:00:00,0,AGENT,9:58:34,9:59:00,26,BASCH
AA0110,40270,0,0,PS,990924,10:23:14,10:23:23,9,0:00:00,0:00:00,0,AGENT,10:23:22,10:23:52,30,DORIT
AA0110,40271,0,0,PS,990924,10:44:12,10:44:23,11,0:00:00,0:00:00,0,AGENT,10:44:22,10:47:57,215,DORIT
AA0110,40273,0,0,PS,990924,10:58:28,10:58:28,0,0:00:00,0:00:00,0,HANG,0:00:00,0:00:00,0,NO_SERVER
AA0110,40274,0,0,PS,990924,11:09:44,11:09:54,10,0:00:00,0:00:00,0,AGENT,11:09:53,11:11:41,108,DORIT
AA0110,40275,0,0,PS,990924,11:46:21,11:46:31,10,0:00:00,0:00:00,0,AGENT,11:46:30,11:49:41,191,ELI
AA0110,40276,0,0,NW,990924,12:07:22,12:07:36,14,0:00:00,0:00:00,0,AGENT,12:07:35,12:09:09,94,SHARON
AA0110,40277,0,0,PS,990924,12:26:30,12:26:40,10,0:00:00,0:00:00,0,AGENT,12:26:39,12:32:57,378,ELI
AA0110,40278,0,0,PS,990924,12:53:08,12:53:24,16,0:00:00,0:00:00,0,AGENT,12:53:24,12:53:53,29,ANAT
AA0110,40279,0,0,NE,990924,13:27:28,13:27:36,8,0:00:00,0:00:00,0,AGENT,13:27:35,13:28:26,51,BASCH
AA0110,40280,0,0,PS,990924,14:08:40,14:08:57,17,0:00:00,0:00:00,0,HANG,0:00:00,0:00:00,0,NO_SERVER
AA0110,40281,0,0,PS,990924,16:01:19,16:01:45,26,0:00:00,0:00:00,0,HANG,0:00:00,0:00:00,0,NO_SERVER
AA0110,40282,0,0,NW,990925,14:32:07,14:32:31,24,0:00:00,0:00:00,0,HANG,0:00:00,0:00:00,0,NO_SERVER
AA0110,40283,0,0,PS,990925,21:07:25,21:07:34,9,0:00:00,0:00:00,0,AGENT,21:07:34,21:07:54,20,ZOHARI
AA0110,40284,0,0,PS,990925,22:11:19,22:11:29,10,0:00:00,0:00:00,0,AGENT,22:11:28,22:14:16,168,ZOHARI
AA0110,40285,0,0,PS,990925,23:19:08,23:19:18,10,0:00:00,0:00:00,0,AGENT,23:19:18,23:20:38,80,AVNI
AA0110,40286,0,0,PS,990926,7:28:54,7:29:02,8,0:00:00,0:00:00,0,AGENT,7:29:02,7:33:30,268,BASCH
AA0110,40287,0,0,PS,990926,8:10:31,8:10:44,13,0:00:00,0:00:00,0,AGENT,8:10:43,8:11:44,61,BASCH
AA0110,40288,0,0,PS,990926,8:38:10,8:38:47,37,0:00:00,0:00:00,0,HANG,0:00:00,0:00:00,0,NO_SERVER
AA0110,40289,0,0,PS,990926,8:58:34,8:58:42,8,0:00:00,0:00:00,0,AGENT,8:58:42,9:02:52,250,DORIT
AA0110,40290,0,0,PS,990926,9:16:44,9:16:58,14,0:00:00,0:00:00,0,AGENT,9:16:56,9:17:36,40,BASCH
AA0110,40291,23530603,2,PS,990926,9:28:37,9:28:42,5,9:28:42,9:29:16,34,AGENT,9:29:15,9:29:20,5,YIFAT
AA0110,40292,0,0,NE,990926,9:42:15,9:42:25,10,0:00:00,0:00:00,0,AGENT,9:42:25,9:45:22,177,ELI
AA0110,40293,50686559,2,PS,990926,9:50:39,9:50:45,6,9:50:45,9:54:23,218,AGENT,9:54:23,9:55:13,50,ZOHARI
AA0110,40294,0,0,PS,990926,10:06:51,10:06:59,8,0:00:00,0:00:00,0,AGENT,10:06:58,10:09:09,131,DORIT
AA0110,40295,0,0,NE,990926,10:17:45,10:18:00,15,0:00:00,0:00:00,0,AGENT,10:17:59,10:25:28,449,ELI
AA0110,40296,0,0,PS,990926,10:34:47,10:35:01,14,0:00:00,0:00:00,0,AGENT,10:35:00,10:38:45,225,ZOHARI
AA0110,40297,63611537,2,PS,990926,10:50:07,10:50:13,6,10:50:13,10:50:21,8,AGENT,10:50:20,10:55:15,295,AVNI
AA0110,40298,0,0,PS,990926,10:58:16,10:58:25,9,0:00:00,0:00:00,0,AGENT,10:58:25,10:59:02,37,YITZ
AA0110,40299,0,0,NW,990926,11:03:59,11:04:08,9,11:04:08,11:04:27,19,HANG,0:00:00,0:00:00,0,NO_SERVER
AA0110,40300,0,0,PS,990926,11:16:31,11:16:41,10,0:00:00,0:00:00,0,AGENT,11:16:40,11:19:10,150,VICKY
AA0110,40301,0,0,PS,990926,11:25:52,11:26:01,9,0:00:00,0:00:00,0,AGENT,11:26:01,11:26:33,32,YITZ
AA0110,40302,0,0,PS,990926,11:39:01,11:39:11,10,0:00:00,0:00:00,0,AGENT,11:39:09,11:40:31,82,ZOHARI
AA0110,40303,0,0,NE,990926,11:50:20,11:50:37,17,0:00:00,0:00:00,0,AGENT,11:50:36,11:52:14,98,VICKY
AA0110,40304,0,0,NW,990926,12:08:42,12:09:01,19,0:00:00,0:00:00,0,AGENT,12:09:01,12:09:34,33,DORIT
AA0110,40305,0,0,NE,990926,12:25:52,12:26:06,14,0:00:00,0:00:00,0,AGENT,12:26:05,12:26:11,6,ELI
AA0110,40306,0,0,PS,990926,12:50:26,12:50:35,9,0:00:00,0:00:00,0,AGENT,12:50:35,12:51:01,26,BASCH
AA0110,40307,0,0,PS,990926,13:13:09,13:13:18,9,0:00:00,0:00:00,0,AGENT,13:13:17,13:21:57,520,AVNI
AA0110,40308,0,0,PS,990926,13:22:44,13:23:21,37,0:00:00,0:00:00,0,HANG,0:00:00,0:00:00,0,NO_SERVER
AA0110,40309,0,0,PS,990926,13:35:31,13:35:41,10,0:00:00,0:00:00,0,AGENT,13:35:41,13:38:59,198,VICKY
AA0110,40310,0,0,PS,990926,13:51:05,13:51:15,10,0:00:00,0:00:00,0,AGENT,13:51:14,13:57:52,398,DORIT
AA0110,40311,0,0,PS,990926,14:07:43,14:07:52,9,0:00:00,0:00:00,0,AGENT,14:07:51,14:08:28,37,TOVA
AA0110,40312,0,0,NE,990926,14:18:39,14:18:50,11,0:00:00,0:00:00,0,AGENT,14:18:48,14:22:35,227,DORIT
AA0110,40313,0,0,NW,990926,14:42:58,14:43:07,9,14:43:07,14:44:24,77,AGENT,14:44:23,14:45:04,41,AVNI
AA0110,40314,0,0,PS,990926,15:03:34,15:03:44,10,0:00:00,0:00:00,0,AGENT,15:03:44,15:03:44,0,VICKY
AA0110,40315,24342644,1,PS,990926,15:21:08,15:21:13,5,15:21:13,15:22:12,59,AGENT,15:22:12,15:23:23,71,VICKY
AA0110,40316,0,0,PS,990926,15:55:41,15:55:53,12,0:00:00,0:00:00,0,AGENT,15:55:52,15:57:00,68,SHARON
AA0110,40317,0,0,PS,990926,16:22:02,16:22:11,9,0:00:00,0:00:00,0,AGENT,16:22:11,16:23:02,51,AVNI
AA0110,40318,0,0,PS,990926,17:06:50,17:06:58,8,0:00:00,0:00:00,0,AGENT,17:06:57,17:08:29,92,MORIAH
AA0110,40319,0,0,PS,990926,17:45:17,17:45:32,15,0:00:00,0:00:00,0,AGENT,17:45:32,17:53:14,462,SHARON
AA0110,40320,0,0,PS,990926,18:19:27,18:19:38,11,0:00:00,0:00:00,0,AGENT,18:19:37,18:20:25,48,TOVA
AA0110,40321,0,0,PS,990926,18:56:06,18:56:14,8,0:00:00,0:00:00,0,AGENT,18:56:13,18:57:10,57,BENSION
AA0110,40322,0,0,PS,990926,19:29:27,19:29:37,10,0:00:00,0:00:00,0,AGENT,19:29:36,19:29:38,2,TOVA
AA0110,40323,0,0,PS,990926,20:21:42,20:21:55,13,0:00:00,0:00:00,0,AGENT,20:21:54,20:23:42,108,SHARON
AA0110,40324,0,0,PS,990926,21:25:39,21:25:50,11,0:00:00,0:00:00,0,AGENT,21:25:49,21:26:27,38,SHARON
AA0110,40325,0,0,NW,990926,22:35:50,22:36:04,14,0:00:00,0:00:00,0,AGENT,22:36:03,22:36:44,41,BENSION
AA0110,40327,0,0,PS,990927,2:11:09,2:11:09,0,0:00:00,0:00:00,0,HANG,0:00:00,0:00:00,0,NO_SERVER
AA0110,40328,0,0,PS,990927,8:00:57,8:01:08,11,0:00:00,0:00:00,0,AGENT,8:01:07,8:01:51,44,TOVA
AA0110,40329,0,0,PS,990927,8:25:41,8:25:51,10,0:00:00,0:00:00,0,AGENT,8:25:50,8:25:52,2,TOVA
AA0110,40330,0,0,NW,990927,8:47:09,8:47:18,9,8:47:18,8:48:16,58,AGENT,8:48:15,8:48:30,15,BENSION
AA0110,40331,0,0,PS,990927,9:03:11,9:03:26,15,0:00:00,0:00:00,0,AGENT,9:03:24,9:05:10,106,TOVA
AA0110,40332,0,0,PS,990927,9:21:47,9:22:00,13,0:00:00,0:00:00,0,AGENT,9:22:00,9:23:22,82,TOVA
AA0110,40333,30442495,2,PS,990927,9:35:57,9:36:03,6,9:36:03,9:39:21,198,AGENT,9:39:20,10:03:26,1446,VICKY
AA0110,40334,55476253,2,NE,990927,9:49:41,9:49:47,6,9:49:47,9:52:03,136,AGENT,9:52:02,9:53:22,80,BASCH
AA0110,40335,29482635,1,PS,990927,10:01:30,10:01:36,6,10:01:36,10:01:46,10,HANG,0:00:00,0:00:00,0,NO_SERVER
AA0110,40336,69632123,1,PS,990927,10:08:57,10:09:03,6,10:09:03,10:09:41,38,AGENT,10:09:40,10:12:37,177,BENSION
AA0110,40337,0,0,PS,990927,10:23:20,10:23:32,12,0:00:00,0:00:00,0,AGENT,10:23:30,10:24:19,49,TOVA
AA0110,40338,0,0,NW,990927,10:38:59,10:39:09,10,10:39:09,10:39:40,31,HANG,0:00:00,0:00:00,0,NO_SERVER
AA0110,40339,0,0,PS,990927,10:51:39,10:51:50,11,0:00:00,0:00:00,0,AGENT,10:51:50,10:53:50,120,BASCH
AA0110,40340,57370041,2,PS,990927,11:02:43,11:02:49,6,11:02:49,11:05:13,144,AGENT,11:05:12,11:11:21,369,YITZ
AA0110,40341,27380047,2,PS,990927,11:15:14,11:15:19,5,11:15:19,11:16:44,85,AGENT,11:16:43,11:18:28,105,TOVA
AA0110,40342,50756253,2,PS,990927,11:32:53,11:32:58,5,11:32:58,11:35:24,146,AGENT,11:35:23,11:37:01,98,YITZ
AA0110,40343,0,0,NE,990927,11:45:47,11:45:59,12,0:00:00,0:00:00,0,AGENT,11:45:58,11:49:46,228,BASCH
AA0110,40344,0,0,PS,990927,11:58:08,11:58:19,11,0:00:00,0:00:00,0,AGENT,11:58:18,11:59:53,95,BENSION
AA0110,40345,0,0,NE,990927,12:15:08,12:15:19,11,0:00:00,0:00:00,0,AGENT,12:15:18,12:24:52,574,ZOHARI
AA0110,40346,0,0,PS,990927,12:31:33,12:31:43,10,0:00:00,0:00:00,0,AGENT,12:31:42,12:34:06,144,BENSION
AA0110,40347,0,0,NW,990927,12:48:03,12:48:12,9,12:48:12,12:49:34,82,AGENT,12:49:33,13:55:20,3947,PINHAS
AA0110,40348,50117092,2,PS,990927,12:58:58,12:59:04,6,12:59:04,12:59:09,5,AGENT,12:59:08,13:02:39,211,ZOHARI
AA0110,40349,38341715,1,PS,990927,13:15:14,13:15:26,12,13:15:26,13:15:44,18,AGENT,13:15:25,13:16:24,59,BENSION
AA0110,40350,0,0,NE,990927,13:34:21,13:34:30,9,0:00:00,0:00:00,0,AGENT,13:34:29,13:37:01,152,ZOHARI
AA0110,40351,26834044,2,NE,990927,13:45:33,13:45:38,5,13:45:38,13:45:57,19,AGENT,13:45:57,13:58:36,759,ELI
AA0110,40352,0,0,NW,990927,14:01:41,14:01:50,9,14:01:50,14:02:14,24,AGENT,14:02:13,14:03:17,64,SHARON
AA0110,40353,0,0,NW,990927,14:16:40,14:16:49,9,14:16:49,14:17:10,21,AGENT,14:17:09,14:19:16,127,PINHAS
AA0110,40354,27018605,2,PS,990927,14:30:32,14:30:37,5,14:30:37,14:30:47,10,AGENT,14:30:45,14:33:39,174,BASCH
AA0110,40355,0,0,PS,990927,14:40:35,14:40:41,6,0:00:00,0:00:00,0,HANG,0:00:00,0:00:00,0,NO_SERVER
AA0110,40356,0,0,PS,990927,14:55:00,14:55:38,38,0:00:00,0:00:00,0,HANG,0:00:00,0:00:00,0,NO_SERVER
AA0110,40357,0,0,NW,990927,15:18:21,15:18:31,10,15:18:31,15:18:34,3,AGENT,15:18:34,15:19:09,35,SHARON
AA0110,40358,0,0,PS,990927,16:11:58,16:12:07,9,0:00:00,0:00:00,0,AGENT,16:12:06,16:13:30,84,MORIAH
AA0110,40359,3222239,2,PS,990927,16:31:56,16:32:02,6,16:32:02,16:32:40,38,AGENT,16:32:39,16:49:29,1010,DARMON
AA0110,40360,0,0,PS,990927,16:55:44,16:55:55,11,0:00:00,0:00:00,0,AGENT,16:55:53,17:00:07,254,MORIAH
AA0110,40361,28147049,2,PS,990927,17:36:59,17:37:05,6,17:37:05,17:39:21,136,AGENT,17:39:20,17:50:53,693,DARMON
AA0110,40362,0,0,PS,990927,18:05:07,18:05:22,15,0:00:00,0:00:00,0,AGENT,18:05:21,18:07:34,133,SHARON
AA0110,40363,0,0,PS,990927,18:42:27,18:42:41,14,0:00:00,0:00:00,0,AGENT,18:42:41,18:43:47,66,ANAT
AA0110,40364,0,0,PS,990927,19:12:13,19:12:28,15,0:00:00,0:00:00,0,AGENT,19:12:27,19:12:46,19,SHARON
AA0110,40365,0,0,PS,990927,19:53:04,19:53:18,14,0:00:00,0:00:00,0,AGENT,19:53:16,19:55:12,116,GILI
AA0110,40366,0,0,PS,990927,20:38:19,20:38:32,13,0:00:00,0:00:00,0,AGENT,20:38:32,20:55:14,1002,DARMON
AA0110,40367,0,0,NW,990927,21:41:13,21:41:26,13,0:00:00,0:00:00,0,AGENT,21:41:25,21:42:42,77,MORIAH
AA0110,40368,0,0,PS,990927,22:07:59,22:08:08,9,0:00:00,0:00:00,0,AGENT,22:08:07,22:19:20,673,SHARON
AA0110,40369,0,0,PS,990927,23:10:55,23:11:07,12,0:00:00,0:00:00,0,AGENT,23:11:07,23:13:07,120,AVNI
AA0110,40370,0,0,PS,990928,0:13:51,0:14:05,14,0:00:00,0:00:00,0,HANG,0:00:00,0:00:00,0,NO_SERVER
AA0110,40371,0,0,PS,990928,7:32:46,7:33:01,15,0:00:00,0:00:00,0,AGENT,7:33:00,7:34:18,78,ANAT
AA0110,40372,0,0,PS,990928,8:18:31,8:18:40,9,0:00:00,0:00:00,0,AGENT,8:18:39,8:19:54,75,YIFAT
AA0110,40373,0,0,NW,990928,8:40:28,8:40:42,14,0:00:00,0:00:00,0,AGENT,8:40:42,8:40:55,13,ANAT
AA0110,40374,577205,2,PS,990928,8:57:39,8:57:44,5,8:57:44,8:58:52,68,AGENT,8:58:52,9:01:27,155,YIFAT
AA0110,40375,0,0,NW,990928,9:19:03,9:19:22,19,0:00:00,0:00:00,0,AGENT,9:19:20,9:20:30,70,ANAT
AA0110,40376,3968047,2,PS,990928,9:29:25,9:29:31,6,9:29:31,9:30:59,88,AGENT,9:30:58,9:33:59,181,YIFAT
AA0110,40377,0,0,NE,990928,9:41:47,9:41:56,9,0:00:00,0:00:00,0,AGENT,9:41:55,9:59:17,1042,ZOHARI
AA0110,40378,7656580,1,PS,990928,9:55:35,9:55:41,6,9:55:41,10:00:10,269,HANG,0:00:00,0:00:00,0,NO_SERVER
AA0110,40379,24192759,2,PS,990928,10:07:27,10:07:33,6,10:07:33,10:08:01,28,HANG,0:00:00,0:00:00,0,NO_SERVER
AA0110,40380,48820351,2,NE,990928,10:15:46,10:15:52,6,10:15:52,10:21:40,348,AGENT,10:21:39,10:28:46,427,AVNI
AA0110,40381,0,0,NW,990928,10:30:13,10:30:23,10,10:30:23,10:30:37,14,AGENT,10:30:36,10:39:31,535,PINHAS
AA0110,40382,55593479,1,PS,990928,10:37:55,10:38:00,5,10:38:00,10:41:42,222,AGENT,10:41:41,10:42:04,23,ANAT
AA0110,40383,72600836,2,PS,990928,10:54:26,10:54:32,6,10:54:32,10:58:03,211,AGENT,10:58:03,10:58:32,29,YIFAT
AA0110,40384,30442495,2,PS,990928,11:09:33,11:09:38,5,11:09:38,11:10:08,30,AGENT,11:10:07,11:48:22,2295,AVNI
AA0110,40385,12827432,2,PS,990928,11:20:30,11:20:36,6,11:20:36,11:20:42,6,AGENT,11:20:42,11:24:40,238,AVNI
AA0110,40386,303683155,2,PS,990928,11:31:08,11:31:14,6,11:31:14,11:32:43,89,AGENT,11:32:42,11:37:10,268,PINHAS
AA0110,40387,45191558,2,PS,990928,11:40:44,11:40:50,6,11:40:50,11:45:06,256,AGENT,11:45:06,11:47:09,123,ANAT
AA0110,40388,7656580,1,PS,990928,11:53:43,11:53:48,5,11:53:48,11:55:55,127,AGENT,11:55:55,12:05:01,546,ANAT
AA0110,40389,304673403,2,PS,990928,12:04:38,12:04:43,5,12:04:43,12:05:54,71,HANG,0:00:00,0:00:00,0,NO_SERVER
AA0110,40390,51715183,2,PS,990928,12:14:37,12:14:43,6,12:14:43,12:15:22,39,HANG,0:00:00,0:00:00,0,NO_SERVER
AA0110,40391,22263115,2,PS,990928,12:22:42,12:22:48,6,12:22:48,12:23:00,12,HANG,0:00:00,0:00:00,0,NO_SERVER
AA0110,40392,56765985,2,PS,990928,12:31:16,12:31:22,6,12:31:22,12:35:20,238,HANG,0:00:00,0:00:00,0,NO_SERVER
AA0110,40393,38318002,1,PS,990928,12:45:58,12:46:04,6,12:46:04,12:47:12,68,AGENT,12:47:11,12:50:42,211,ANAT
AA0110,40394,2043974,1,NE,990928,12:56:49,12:56:54,5,12:56:54,12:58:09,75,AGENT,12:58:08,12:59:39,91,ZOHARI
AA0110,40395,0,0,NW,990928,13:08:26,13:08:35,9,13:08:35,13:13:42,307,AGENT,13:13:41,13:15:15,94,VICKY
AA0110,40396,0,0,PS,990928,13:31:00,13:31:10,10,0:00:00,0:00:00,0,AGENT,13:31:10,13:32:27,77,ANAT
AA0110,40397,0,0,PS,990928,13:46:47,13:46:57,10,0:00:00,0:00:00,0,AGENT,13:46:56,13:47:12,16,YIFAT
AA0110,40398,69604411,2,NE,990928,13:54:36,13:54:42,6,13:54:42,13:56:32,110,AGENT,13:56:31,14:01:28,297,VICKY
AA0110,40399,23729759,1,PS,990928,14:08:45,14:08:51,6,14:08:51,14:10:40,109,HANG,0:00:00,0:00:00,0,NO_SERVER
AA0110,40400,59630624,1,NE,990928,14:21:37,14:21:43,6,14:21:43,14:23:24,101,AGENT,14:23:23,14:23:52,29,AVNI
AA0110,40401,29474020,2,PS,990928,14:41:00,14:41:06,6,14:41:06,14:41:19,13,AGENT,14:41:18,14:42:08,50,ZOHARI
AA0110,40402,27885011,2,PS,990928,14:56:46,14:56:52,6,14:56:52,14:59:27,155,AGENT,14:59:26,15:02:05,159,VICKY
AA0110,40403,0,0,PS,990928,15:32:49,15:32:59,10,0:00:00,0:00:00,0,AGENT,15:32:58,15:38:47,349,YITZ
AA0110,40404,0,0,PS,990928,16:06:43,16:06:53,10,0:00:00,0:00:00,0,AGENT,16:06:53,16:09:16,143,VICKY
AA0110,40405,0,0,PS,990928,16:35:33,16:35:42,9,0:00:00,0:00:00,0,AGENT,16:35:41,16:37:01,80,BASCH
AA0110,40406,67621961,2,NE,990928,17:02:32,17:02:37,5,17:02:37,17:02:49,12,AGENT,17:02:49,17:03:06,17,SHARON
AA0110,40407,0,0,NE,990928,17:28:21,17:28:32,11,0:00:00,0:00:00,0,AGENT,17:28:30,17:28:48,18,SHARON
AA0110,40408,0,0,NW,990928,17:52:13,17:52:23,10,17:52:23,17:53:51,88,AGENT,17:53:50,17:56:20,150,SHARON
AA0110,40409,33677360,2,PS,990928,18:18:31,18:18:37,6,18:18:37,18:19:08,31,AGENT,18:19:08,18:22:10,182,DARMON
AA0110,40410,0,0,NE,990928,19:02:36,19:02:46,10,0:00:00,0:00:00,0,AGENT,19:02:45,19:06:29,224,SHARON
AA0110,40411,0,0,PS,990928,20:00:10,20:00:22,12,0:00:00,0:00:00,0,AGENT,20:00:21,20:01:59,98,GILI
AA0110,40412,0,0,PS,990928,20:43:25,20:43:35,10,0:00:00,0:00:00,0,AGENT,20:43:34,20:44:27,53,GILI
AA0110,40413,0,0,PS,990928,21:17:40,21:17:51,11,0:00:00,0:00:00,0,AGENT,21:17:50,21:21:11,201,SHARON
AA0110,40414,0,0,PS,990928,21:44:55,21:45:07,12,0:00:00,0:00:00,0,AGENT,21:45:05,21:48:56,231,GILI
AA0110,40415,0,0,PS,990928,22:13:22,22:13:31,9,0:00:00,0:00:00,0,AGENT,22:13:30,22:14:50,80,GILI
AA0110,40416,0,0,PS,990928,23:08:15,23:08:35,20,0:00:00,0:00:00,0,AGENT,23:08:34,23:08:38,4,NO_SERVER
AA0110,40417,0,0,NW,990929,2:18:10,2:18:47,37,0:00:00,0:00:00,0,HANG,0:00:00,0:00:00,0,NO_SERVER
AA0110,40418,0,0,PS,990929,7:32:25,7:32:34,9,0:00:00,0:00:00,0,AGENT,7:32:34,7:33:10,36,ANAT
AA0110,40419,0,0,PS,990929,8:21:27,8:21:37,10,0:00:00,0:00:00,0,AGENT,8:21:36,8:23:32,116,YIFAT
AA0110,40420,0,0,NW,990929,8:37:08,8:37:18,10,8:37:18,8:38:30,72,AGENT,8:38:29,8:39:22,53,SHARON
AA0110,40421,314234345,2,PE,990929,8:52:16,8:52:21,5,8:52:21,8:52:47,26,AGENT,8:52:45,8:54:15,90,YIFAT
AA0110,40422,72600836,2,PS,990929,9:12:27,9:12:33,6,9:12:33,9:13:17,44,AGENT,9:13:17,9:14:26,69,YIFAT
AA0110,40423,0,0,PS,990929,9:28:44,9:28:59,15,0:00:00,0:00:00,0,AGENT,9:28:57,9:31:38,161,ANAT
AA0110,40424,0,0,PS,990929,9:39:43,9:39:53,10,0:00:00,0:00:00,0,AGENT,9:39:52,9:42:28,156,SHARON
AA0110,40425,17299231,2,PS,990929,9:50:05,9:50:11,6,9:50:11,9:52:50,159,AGENT,9:52:48,9:53:13,25,DORIT
AA0110,40426,25073537,1,PS,990929,10:03:37,10:03:42,5,10:03:42,10:08:10,268,AGENT,10:08:09,10:11:08,179,ZOHARI
AA0110,40427,0,0,NE,990929,10:15:55,10:16:11,16,0:00:00,0:00:00,0,AGENT,10:16:10,10:18:03,113,ANAT
AA0110,40429,0,0,PS,990929,10:27:00,10:27:00,0,0:00:00,0:00:00,0,HANG,0:00:00,0:00:00,0,NO_SERVER
AA0110,40431,0,0,PS,990929,10:37:49,10:37:49,0,0:00:00,0:00:00,0,HANG,0:00:00,0:00:00,0,NO_SERVER
AA0110,40432,41963232,2,PS,990929,10:46:01,10:46:07,6,10:46:07,10:46:59,52,AGENT,10:46:59,10:49:22,143,SHARON
AA0110,40433,24927717,1,PS,990929,10:57:27,10:57:32,5,10:57:32,10:57:43,11,HANG,0:00:00,0:00:00,0,NO_SERVER
AA0110,40434,58029430,1,PS,990929,11:05:42,11:05:48,6,11:05:48,11:07:09,81,AGENT,11:07:09,11:08:30,81,DORIT
AA0110,40435,11581147,2,PE,990929,11:15:35,11:15:39,4,11:15:39,11:20:05,266,AGENT,11:20:04,11:21:12,68,YIFAT
AA0110,40436,0,0,PS,990929,11:30:56,11:31:06,10,0:00:00,0:00:00,0,AGENT,11:31:06,11:31:07,1,YIFAT
AA0110,40437,0,0,PS,990929,11:43:30,11:43:39,9,0:00:00,0:00:00,0,AGENT,11:43:38,11:44:34,56,DORIT
AA0110,40438,54145529,2,PS,990929,11:56:22,11:56:28,6,11:56:28,11:57:18,50,AGENT,11:57:16,11:59:09,113,YIFAT
AA0110,40439,29596947,1,PS,990929,12:06:58,12:07:03,5,12:07:03,12:07:14,11,AGENT,12:07:13,12:08:10,57,DORIT
AA0110,40440,72600836,2,PS,990929,12:14:02,12:14:07,5,12:14:07,12:16:07,120,AGENT,12:16:06,12:18:05,119,DORIT
AA0110,40441,58704610,2,PS,990929,12:25:57,12:26:02,5,12:26:02,12:29:01,179,HANG,0:00:00,0:00:00,0,NO_SERVER
AA0110,40442,24438145,1,PS,990929,12:41:10,12:41:16,6,12:41:16,12:41:42,26,AGENT,12:41:40,12:42:33,53,ANAT
AA0110,40443,0,0,PS,990929,12:56:42,12:56:54,12,0:00:00,0:00:00,0,AGENT,12:56:52,13:03:06,374,ZOHARI
AA0110,40444,0,0,PS,990929,13:13:27,13:13:37,10,0:00:00,0:00:00,0,AGENT,13:13:37,13:14:58,81,DORIT
AA0110,40445,54271564,1,NE,990929,13:27:31,13:27:37,6,13:27:37,13:28:17,40,HANG,0:00:00,0:00:00,0,NO_SERVER
AA0110,40446,0,0,PS,990929,13:42:24,13:42:40,16,0:00:00,0:00:00,0,AGENT,13:42:39,13:42:43,4,ANAT
AA0110,40447,57316622,2,PS,990929,13:54:09,13:54:14,5,13:54:14,13:54:40,26,AGENT,13:54:40,13:55:21,41,BASCH
AA0110,40448,17612755,2,PS,990929,14:05:44,14:05:50,6,14:05:50,14:08:10,140,AGENT,14:08:09,14:08:12,3,YIFAT
AA0110,40449,17612755,2,PS,990929,14:15:08,14:15:13,5,14:15:13,14:17:03,110,AGENT,14:17:02,14:18:18,76,YIFAT
AA0110,40450,23908601,1,PS,990929,14:26:15,14:26:20,5,14:26:20,14:28:05,105,AGENT,14:28:05,14:29:12,67,ZOHARI
AA0110,40451,36494615,1,PS,990929,14:45:38,14:45:44,6,14:45:44,14:47:48,124,AGENT,14:47:48,14:48:14,26,BASCH
AA0110,40452,0,0,PS,990929,15:21:26,15:21:37,11,0:00:00,0:00:00,0,AGENT,15:21:36,15:29:37,481,SHARON
AA0110,40453,28107399,1,PS,990929,15:46:33,15:46:39,6,15:46:39,15:46:57,18,AGENT,15:46:57,15:48:13,76,BASCH
AA0110,40454,0,0,PS,990929,16:15:08,16:15:20,12,0:00:00,0:00:00,0,AGENT,16:15:19,16:16:27,68,DARMON
AA0110,40455,0,0,PS,990929,16:40:24,16:40:34,10,0:00:00,0:00:00,0,AGENT,16:40:33,16:45:23,290,AVNI
AA0110,40456,0,0,NW,990929,17:26:40,17:26:53,13,0:00:00,0:00:00,0,AGENT,17:26:52,17:27:36,44,STEREN
AA0110,40457,40204133,1,PS,990929,17:52:43,17:52:49,6,17:52:49,17:54:44,115,AGENT,17:54:43,17:56:38,115,VICKY
AA0110,40458,0,0,NW,990929,18:18:17,18:18:34,17,0:00:00,0:00:00,0,AGENT,18:18:30,18:18:42,12,NO_SERVER
AA0110,40459,0,0,PS,990929,18:48:01,18:48:11,10,0:00:00,0:00:00,0,AGENT,18:48:10,18:48:51,41,VICKY
AA0110,40460,0,0,PS,990929,19:13:20,19:13:29,9,0:00:00,0:00:00,0,AGENT,19:13:28,19:16:39,191,STEREN
AA0110,40461,17938986,2,PS,990929,19:33:16,19:33:21,5,19:33:21,19:34:15,54,AGENT,19:34:14,19:35:19,65,MEIR
AA0110,40462,0,0,PS,990929,20:20:32,20:20:41,9,0:00:00,0:00:00,0,AGENT,20:20:40,20:22:43,123,STEREN
AA0110,40463,0,0,PS,990929,20:41:19,20:41:31,12,0:00:00,0:00:00,0,AGENT,20:41:31,20:45:48,257,VICKY
AA0110,40464,0,0,PS,990929,21:24:20,21:24:33,13,0:00:00,0:00:00,0,AGENT,21:24:32,21:25:34,62,MEIR
AA0110,40465,57758849,1,PS,990929,21:56:18,21:56:23,5,21:56:23,21:56:59,36,AGENT,21:56:58,21:57:16,18,MEIR
AA0110,40466,0,0,PS,990929,22:33:46,22:33:55,9,0:00:00,0:00:00,0,AGENT,22:33:55,22:35:35,100,STEREN
AA0110,40467,0,0,PS,990929,23:34:37,23:34:59,22,0:00:00,0:00:00,0,AGENT,23:34:58,23:37:01,123,DARMON
AA0110,40468,0,0,PS,990930,3:15:33,3:15:43,10,0:00:00,0:00:00,0,HANG,0:00:00,0:00:00,0,NO_SERVER
AA0110,40469,0,0,PS,990930,7:38:39,7:38:50,11,0:00:00,0:00:00,0,AGENT,7:38:49,7:39:39,50,TOVA
AA0110,40470,0,0,NW,990930,8:13:25,8:13:38,13,0:00:00,0:00:00,0,AGENT,8:13:38,8:14:08,30,ANAT
AA0110,40471,0,0,NW,990930,8:42:17,8:42:34,17,0:00:00,0:00:00,0,AGENT,8:42:33,8:44:17,104,ANAT
AA0110,40472,106583,2,PS,990930,8:55:45,8:55:50,5,8:55:50,8:56:22,32,AGENT,8:56:20,8:57:34,74,ANAT
AA0110,40473,58859752,2,PS,990930,9:12:46,9:12:51,5,9:12:51,9:14:28,97,AGENT,9:14:27,9:15:09,42,TOVA
AA0110,40474,22177091,2,PS,990930,9:24:28,9:24:33,5,9:24:33,9:24:43,10,AGENT,9:24:41,9:26:43,122,SHARON
AA0110,40475,16426967,2,PS,990930,9:40:31,9:40:37,6,9:40:37,9:40:58,21,AGENT,9:40:58,9:43:40,162,SHARON
AA0110,40476,65338329,2,PS,990930,9:53:06,9:53:11,5,9:53:11,9:54:39,88,AGENT,9:54:37,9:54:45,8,YIFAT
AA0110,40477,22681993,2,NE,990930,9:57:38,9:57:43,5,9:57:43,9:59:24,101,AGENT,9:59:23,10:01:55,152,ZOHARI
AA0110,40478,55923320,2,PS,990930,10:09:44,10:09:50,6,10:09:50,10:10:47,57,AGENT,10:10:46,10:11:04,18,YIFAT
AA0110,40479,0,0,PS,990930,10:24:12,10:24:21,9,0:00:00,0:00:00,0,AGENT,10:24:20,10:25:03,43,YIFAT
AA0110,40480,33474602,2,PS,990930,10:39:35,10:39:41,6,10:39:41,10:41:32,111,AGENT,10:41:32,10:47:36,364,YIFAT
AA0110,40481,57483539,1,PS,990930,10:52:03,10:52:08,5,10:52:08,10:52:23,15,AGENT,10:52:22,10:53:34,72,ANAT
AA0110,40482,0,0,NW,990930,11:02:40,11:02:49,9,11:02:49,11:22:10,1161,AGENT,11:22:09,11:28:03,354,ROTH
AA0110,40483,27885011,2,PS,990930,11:25:53,11:25:58,5,11:25:58,11:28:26,148,AGENT,11:28:26,11:30:56,150,TOVA
AA0110,40484,40661456,1,PS,990930,11:36:38,11:36:44,6,11:36:44,11:42:53,369,AGENT,11:42:52,11:44:05,73,TOVA
AA0110,40485,58859752,2,PS,990930,11:46:26,11:46:32,6,11:46:32,11:48:22,110,AGENT,11:48:21,11:50:16,115,TOVA
AA0110,40486,65330961,2,PS,990930,11:54:40,11:54:46,6,11:54:46,11:56:41,115,AGENT,11:56:40,12:01:17,277,SHARON
AA0110,40487,65032120,2,PS,990930,12:03:12,12:03:17,5,12:03:17,12:05:43,146,AGENT,12:05:41,12:08:17,156,ROTH
AA0110,40488,25114638,1,PS,990930,12:14:08,12:14:14,6,12:14:14,12:14:24,10,HANG,0:00:00,0:00:00,0,NO_SERVER
AA0110,40489,0,0,PS,990930,12:24:03,12:24:13,10,0:00:00,0:00:00,0,AGENT,12:24:13,12:34:12,599,ANAT
AA0110,40490,0,0,NE,990930,12:43:47,12:44:01,14,0:00:00,0:00:00,0,AGENT,12:43:59,12:56:21,742,ELI
AA0110,40491,0,0,NW,990930,13:00:17,13:00:40,23,0:00:00,0:00:00,0,AGENT,13:00:39,13:00:50,11,YIFAT
AA0110,40492,48820351,2,NE,990930,13:18:15,13:18:21,6,13:18:21,13:20:08,107,AGENT,13:20:07,13:23:47,220,ZOHARI
AA0110,40493,0,0,PS,990930,13:34:46,13:34:56,10,0:00:00,0:00:00,0,AGENT,13:34:56,13:36:39,103,YIFAT
AA0110,40494,33474602,2,PS,990930,13:50:45,13:50:51,6,13:50:51,13:55:13,262,AGENT,13:55:12,13:57:01,109,ROTH
AA0110,40495,3968047,2,PS,990930,14:04:19,14:04:25,6,14:04:25,14:08:14,229,AGENT,14:08:13,14:16:02,469,SHARON
AA0110,40496,48820351,2,NE,990930,14:20:15,14:20:21,6,14:20:21,14:22:31,130,AGENT,14:22:30,14:24:41,131,SHARON
AA0110,40497,23897754,1,PS,990930,14:30:49,14:30:55,6,14:30:55,14:31:38,43,HANG,0:00:00,0:00:00,0,NO_SERVER
AA0110,40498,0,0,PS,990930,14:43:33,14:43:42,9,0:00:00,0:00:00,0,AGENT,14:43:40,14:48:35,295,ROTH
AA0110,40499,32387482,1,PS,990930,15:00:34,15:00:39,5,15:00:39,15:04:05,206,AGENT,15:04:05,15:05:19,74,ROTH
AA0110,40500,0,0,PS,990930,15:32:43,15:32:52,9,0:00:00,0:00:00,0,AGENT,15:32:51,15:34:04,73,ROTH
AA0110,40501,0,0,NE,990930,16:11:49,16:11:57,8,0:00:00,0:00:00,0,AGENT,16:11:57,16:15:45,228,STEREN
AA0110,40502,33172099,2,PS,990930,16:27:25,16:27:31,6,16:27:31,16:28:06,35,AGENT,16:28:06,16:32:39,273,AVNI
AA0110,40503,0,0,PS,990930,16:46:48,16:46:57,9,0:00:00,0:00:00,0,AGENT,16:46:57,16:53:31,394,AVNI
AA0110,40504,14346852,1,PS,990930,17:03:54,17:03:59,5,17:03:59,17:04:41,42,HANG,0:00:00,0:00:00,0,NO_SERVER
AA0110,40505,0,0,PS,990930,17:37:01,17:37:11,10,0:00:00,0:00:00,0,AGENT,17:37:10,17:38:31,81,AVNI
AA0110,40506,0,0,PS,990930,18:28:43,18:28:52,9,0:00:00,0:00:00,0,AGENT,18:28:51,18:30:43,112,AVNI
AA0110,40507,0,0,PS,990930,18:53:29,18:53:39,10,0:00:00,0:00:00,0,AGENT,18:53:39,18:54:38,59,VICKY
AA0110,40508,0,0,PS,990930,19:48:46,19:48:58,12,0:00:00,0:00:00,0,AGENT,19:48:57,19:49:20,23,VICKY
AA0110,40509,0,0,PS,990930,20:15:50,20:16:00,10,0:00:00,0:00:00,0,AGENT,20:15:58,20:16:39,41,AVNI
AA0110,40510,0,0,PS,990930,20:57:21,20:57:35,14,0:00:00,0:00:00,0,AGENT,20:57:34,21:00:36,182,MEIR
AA0110,40511,0,0,PS,990930,21:34:09,21:34:29,20,0:00:00,0:00:00,0,AGENT,21:34:28,21:35:40,72,MEIR
AA0110,40512,0,0,NE,990930,22:33:45,22:33:54,9,0:00:00,0:00:00,0,AGENT,22:33:54,22:36:17,143,AVNI
AA0110,40513,0,0,PS,990930,23:48:04,23:48:12,8,0:00:00,0:00:00,0,AGENT,23:48:12,23:53:40,328,VICKY
AA0111,4094,38275400,1,TT,990901,7:05:45,7:05:47,2,0:00:00,0:00:00,0,AGENT,7:05:46,7:09:54,248,DORIT
AA0111,4095,0,0,TT,990901,9:47:16,9:47:18,2,0:00:00,0:00:00,0,AGENT,9:47:17,9:57:26,609,DORIT
AA0111,4096,27429448,2,TT,990901,13:15:39,13:15:41,2,0:00:00,0:00:00,0,AGENT,13:15:41,13:15:51,10,DORIT
AA0111,4097,36113397,1,TT,990902,19:44:07,19:44:09,2,0:00:00,0:00:00,0,AGENT,19:44:08,19:50:53,405,MEIR
AA0111,4098,25534462,2,TT,990902,19:52:33,19:52:33,0,19:52:33,19:53:43,70,AGENT,19:53:42,19:53:49,7,AVI
AA0111,4099,0,0,TT,990902,20:15:46,20:15:46,0,20:15:46,20:16:12,26,AGENT,20:16:11,20:16:23,12,MEIR
AA0111,4100,0,0,TT,990902,23:30:23,23:30:24,1,0:00:00,0:00:00,0,AGENT,23:30:24,23:32:21,117,BASCH
AA0111,4101,0,0,TT,990903,8:47:01,8:47:01,0,8:47:01,8:48:42,101,AGENT,8:48:41,8:48:47,6,ROTH
AA0111,4102,56178460,1,TT,990903,10:44:59,10:45:00,1,10:45:00,10:46:48,108,HANG,0:00:00,0:00:00,0,NO_SERVER
AA0111,4103,24141004,2,TT,990905,16:44:46,16:44:48,2,0:00:00,0:00:00,0,AGENT,16:44:47,16:45:17,30,GELBER
AA0111,4104,0,0,TT,990905,18:12:18,18:12:20,2,0:00:00,0:00:00,0,AGENT,18:12:19,18:14:54,155,BASCH
AA0111,4105,0,0,TT,990905,20:26:45,20:26:45,0,20:26:45,20:27:26,41,AGENT,20:27:25,20:27:32,7,TOVA
AA0111,4106,0,0,NW,990906,8:50:14,8:50:20,6,0:00:00,0:00:00,0,HANG,0:00:00,0:00:00,0,NO_SERVER
AA0111,4107,0,0,TT,990906,11:08:58,11:08:58,0,11:08:58,11:09:34,36,HANG,0:00:00,0:00:00,0,NO_SERVER
AA0111,4108,24620031,2,TT,990906,11:17:18,11:17:18,0,11:17:18,11:19:19,121,AGENT,11:19:19,11:19:47,28,DORIT
AA0111,4109,25648734,1,TT,990906,11:36:35,11:36:35,0,11:36:35,11:36:44,9,AGENT,11:36:42,11:37:52,70,DORIT
AA0111,4110,0,0,TT,990906,16:14:25,16:14:27,2,0:00:00,0:00:00,0,AGENT,16:14:26,16:14:59,33,ROTH
AA0111,4111,0,0,TT,990906,16:32:20,16:32:22,2,0:00:00,0:00:00,0,AGENT,16:32:21,16:32:24,3,ANAT
AA0111,4112,0,0,TT,990906,20:18:50,20:18:50,0,20:18:50,20:20:41,111,AGENT,20:20:40,20:20:53,13,STEREN
AA0111,4113,0,0,TT,990906,22:30:48,22:30:50,2,0:00:00,0:00:00,0,AGENT,22:30:49,22:32:20,91,GILI
AA0111,4114,0,0,TT,990907,9:01:24,9:01:24,0,9:01:24,9:04:00,156,HANG,0:00:00,0:00:00,0,NO_SERVER
AA0111,4115,0,0,TT,990907,9:42:49,9:42:51,2,0:00:00,0:00:00,0,AGENT,9:42:50,9:44:53,123,TOVA
AA0111,4116,0,0,TT,990907,10:47:40,10:47:40,0,10:47:40,10:48:31,51,AGENT,10:48:30,10:48:32,2,TOVA
AA0111,4117,0,0,TT,990907,19:45:09,19:45:09,0,19:45:09,19:46:37,88,AGENT,19:46:36,19:47:10,34,BENSION
AA0111,4118,0,0,TT,990908,11:47:26,11:47:26,0,11:47:26,11:47:31,5,AGENT,11:47:30,11:47:37,7,ROTH
AA0111,4119,33907080,2,TT,990908,15:21:04,15:21:04,0,15:21:04,15:21:35,31,AGENT,15:21:33,15:28:29,416,KAZAV
AA0111,4120,314386806,1,TT,990908,15:59:52,15:59:52,0,15:59:52,16:01:18,86,AGENT,16:01:16,16:01:59,43,ANAT
AA0111,4121,0,0,TT,990908,17:48:11,17:48:11,0,17:48:11,17:51:02,171,AGENT,17:51:01,17:51:51,50,AVI
AA0111,4122,0,0,TT,990908,21:38:32,21:38:33,1,0:00:00,0:00:00,0,AGENT,21:38:33,21:40:17,104,AVI
AA0111,4123,0,0,TT,990909,10:35:01,10:35:03,2,0:00:00,0:00:00,0,AGENT,10:35:02,11:06:02,1860,NAAMA
AA0111,4124,27434174,1,TT,990909,19:59:19,19:59:21,2,0:00:00,0:00:00,0,AGENT,19:59:20,19:59:50,30,STEREN
AA0111,4125,0,0,TT,990909,20:22:16,20:22:16,0,20:22:16,20:22:31,15,AGENT,20:22:30,20:22:31,1,AVI
AA0111,4126,24824419,2,TT,990909,20:33:26,20:33:28,2,0:00:00,0:00:00,0,AGENT,20:33:27,20:33:33,6,AVI
AA0111,4127,0,0,TT,990910,12:41:29,12:41:29,0,12:41:29,12:41:57,28,AGENT,12:41:57,12:42:30,33,PINHAS
AA0111,4128,0,0,TT,990913,10:00:08,10:00:10,2,0:00:00,0:00:00,0,AGENT,10:00:09,10:00:12,3,TOVA
AA0111,4129,0,0,TT,990913,14:33:34,14:33:34,0,14:33:34,14:34:24,50,HANG,0:00:00,0:00:00,0,NO_SERVER
AA0111,4130,24926339,1,TT,990913,14:43:35,14:43:37,2,0:00:00,0:00:00,0,AGENT,14:43:36,14:45:51,135,SHARON
AA0111,4131,27832948,1,TT,990913,15:41:44,15:41:47,3,0:00:00,0:00:00,0,AGENT,15:41:45,15:42:17,32,SHARON
AA0111,4132,55279970,2,TT,990913,15:51:11,15:51:13,2,0:00:00,0:00:00,0,AGENT,15:51:12,15:57:14,362,STEREN
AA0111,4133,17609439,1,TT,990913,19:23:56,19:23:58,2,0:00:00,0:00:00,0,AGENT,19:23:57,19:26:06,129,GELBER
AA0111,4134,33009242,1,TT,990913,21:39:40,21:39:42,2,0:00:00,0:00:00,0,AGENT,21:39:41,21:41:31,110,AVI
AA0111,4135,32223752,1,TT,990914,6:58:31,6:58:33,2,0:00:00,0:00:00,0,AGENT,6:58:33,6:58:36,3,TOVA
AA0111,4136,77624039,2,TT,990914,8:32:38,8:32:39,1,0:00:00,0:00:00,0,AGENT,8:32:39,8:32:41,2,ANAT
AA0111,4137,0,0       TT,990914,9:47:23,9:47:29,6,0:00:00,0:00:00,0,HANG,0:00:00,0:00:00,0,NO_SERVER
AA0111,4138,0,0,TT,990914,10:27:11,10:27:11,0,10:27:11,10:27:17,6,HANG,0:00:00,0:00:00,0,NO_SERVER
AA0111,4139,29617719,1,TT,990914,10:43:49,10:43:50,1,0:00:00,0:00:00,0,AGENT,10:43:50,10:45:38,108,ANAT
AA0111,4140,0,0,TT,990914,12:33:59,12:34:01,2,0:00:00,0:00:00,0,AGENT,12:34:00,12:34:37,37,BASCH
AA0111,4141,0,0,TT,990914,13:58:20,13:58:20,0,13:58:20,13:59:57,97,HANG,0:00:00,0:00:00,0,NO_SERVER
AA0111,4142,29037082,1,TT,990914,14:33:50,14:33:52,2,0:00:00,0:00:00,0,AGENT,14:33:52,14:34:03,11,KAZAV
AA0111,4143,0,0,TT,990915,8:48:18,8:48:18,0,8:48:18,8:48:30,12,HANG,0:00:00,0:00:00,0,NO_SERVER
AA0111,4144,0,0,TT,990915,9:16:04,9:16:04,0,9:16:04,9:16:24,20,AGENT,9:16:24,9:16:29,5,KAZAV
AA0111,4145,0,0,TT,990915,14:45:31,14:45:34,3,0:00:00,0:00:00,0,AGENT,14:45:32,14:47:49,137,BASCH
AA0111,4146,0,0,TT,990915,15:24:53,15:24:53,0,15:24:53,15:25:32,39,AGENT,15:25:31,15:25:37,6,KAZAV
AA0111,4147,55279970,2,TT,990915,17:13:39,17:13:41,2,17:13:41,17:14:21,40,HANG,17:13:40,17:14:08,28,NO_SERVER
AA0111,4148,0,0,TT,990916,10:12:32,10:12:32,0,10:12:32,10:14:39,127,HANG,0:00:00,0:00:00,0,NO_SERVER
AA0111,4149,58340043,2,TT,990916,13:38:44,13:38:44,0,13:38:44,13:38:57,13,AGENT,13:38:56,13:39:03,7,ANAT
AA0111,4150,57934549,2,TT,990916,14:20:55,14:20:55,0,14:20:55,14:21:35,40,AGENT,14:21:34,14:24:45,191,GOLDIE
AA0111,4151,24633968,2,TT,990916,16:10:33,16:10:33,0,16:10:33,16:10:35,2,AGENT,16:10:35,16:11:08,33,GILI
AA0111,4152,56184369,1,TT,990916,16:14:57,16:14:57,0,16:14:57,16:15:01,4,AGENT,16:15:00,16:16:49,109,STEREN
AA0111,4153,0,0,TT,990916,17:21:26,17:21:26,0,17:21:26,17:21:32,6,AGENT,17:21:31,17:23:31,120,VICKY
AA0111,4154,33146341,1,TT,990916,22:30:27,22:30:29,2,0:00:00,0:00:00,0,AGENT,22:30:28,22:33:29,181,GELBER
AA0111,4155,27133917,2,TT,990916,23:12:28,23:12:29,1,0:00:00,0:00:00,0,AGENT,23:12:29,23:12:44,15,GELBER
AA0111,4156,51277507,1,TT,990917,6:54:27,6:54:29,2,0:00:00,0:00:00,0,AGENT,6:54:28,6:57:53,205,STEREN
AA0111,4157,37536539,1,TT,990917,11:38:57,11:38:59,2,0:00:00,0:00:00,0,AGENT,11:38:58,11:39:25,27,STEREN
AA0111,4158,0,0,TT,990920,20:58:00,20:58:02,2,0:00:00,0:00:00,0,AGENT,20:58:02,20:58:04,2,SHARON
AA0111,4159,0,0,TT,990920,21:07:00,21:07:01,1,0:00:00,0:00:00,0,AGENT,21:07:01,21:14:02,421,PINHAS
AA0111,4160,23504848,2,TT,990921,7:03:43,7:03:45,2,0:00:00,0:00:00,0,AGENT,7:03:45,7:07:01,196,YIFAT
AA0111,4161,31942345,1,TT,990921,9:51:57,9:51:57,0,9:51:57,9:53:17,80,AGENT,9:53:15,9:56:03,168,ROTH
AA0111,4162,0,0,TT,990921,10:21:57,10:21:59,2,0:00:00,0:00:00,0,AGENT,10:21:58,10:22:06,8,DORIT
AA0111,4163,24156291,1,TT,990921,11:19:30,11:19:32,2,0:00:00,0:00:00,0,AGENT,11:19:31,11:19:35,4,YIFAT
AA0111,4164,25022625,2,TT,990921,13:33:36,13:33:38,2,0:00:00,0:00:00,0,AGENT,13:33:37,13:36:06,149,ROTH
AA0111,4165,59309138,2,TT,990921,14:00:54,14:00:54,0,14:00:54,14:02:33,99,AGENT,14:02:32,14:14:10,698,VICKY
AA0111,4166,40612806,1,TT,990921,15:36:45,15:36:45,0,15:36:45,15:37:53,68,AGENT,15:37:52,15:44:07,375,KAZAV
AA0111,4167,0,0,TT,990921,17:14:41,17:14:43,2,0:00:00,0:00:00,0,AGENT,17:14:42,17:14:44,2,TOVA
AA0111,4168,0,0,TT,990921,23:53:54,23:53:56,2,0:00:00,0:00:00,0,AGENT,23:53:55,23:55:40,105,STEREN
AA0111,4169,0,0,TT,990922,9:03:44,9:03:44,0,9:03:44,9:04:10,26,AGENT,9:04:09,9:06:15,126,STEREN
AA0111,4170,32287468,1,TT,990922,12:41:10,12:41:12,2,0:00:00,0:00:00,0,AGENT,12:41:11,12:47:38,387,GOLDIE
AA0111,4171,0,0,TT,990923,12:18:01,12:18:03,2,0:00:00,0:00:00,0,AGENT,12:18:02,12:18:04,2,TOVA
AA0111,4172,0,0,TT,990924,9:42:30,9:42:31,1,0:00:00,0:00:00,0,AGENT,9:42:31,9:44:08,97,SHARON
AA0111,4173,24333940,2,TT,990924,9:54:05,9:54:07,2,9:54:07,9:55:05,58,AGENT,9:54:07,9:56:03,116,ANAT
AA0111,4174,0,0,TT,990925,19:39:54,19:39:56,2,0:00:00,0:00:00,0,AGENT,19:39:56,19:40:31,35,ZOHARI
AA0111,4175,0,0,TT,990925,20:27:11,20:27:12,1,0:00:00,0:00:00,0,AGENT,20:27:12,20:28:31,79,AVI
AA0111,4176,0,0,TT,990926,11:01:22,11:01:22,0,11:01:22,11:02:59,97,AGENT,11:02:58,11:05:09,131,PINHAS
AA0111,4177,24417610,1,TT,990927,7:06:32,7:06:34,2,0:00:00,0:00:00,0,AGENT,7:06:33,7:07:05,32,VICKY
AA0111,4178,0,0,TT,990927,10:04:51,10:04:53,2,0:00:00,0:00:00,0,AGENT,10:04:52,10:05:22,30,BASCH
AA0111,4179,24362444,1,TT,990927,10:19:28,10:19:28,0,10:19:28,10:19:37,9,AGENT,10:19:36,10:19:38,2,TOVA
AA0111,4180,24342644,1,TT,990927,10:31:44,10:31:46,2,0:00:00,0:00:00,0,AGENT,10:31:46,10:32:11,25,BASCH
AA0111,4181,55279970,2,TT,990927,10:49:47,10:49:49,2,0:00:00,0:00:00,0,AGENT,10:49:49,10:49:51,2,TOVA
AA0111,4182,29482635,1,TT,990927,11:29:14,11:29:16,2,0:00:00,0:00:00,0,AGENT,11:29:16,11:29:37,21,TOVA
AA0111,4183,0,0,TT,990927,12:35:47,12:35:47,0,12:35:47,12:36:10,23,AGENT,12:36:09,12:36:19,10,PINHAS
AA0111,4184,56078892,2,TT,990927,13:29:32,13:29:34,2,0:00:00,0:00:00,0,AGENT,13:29:33,13:29:37,4,BASCH
AA0111,4185,0,0,TT,990927,14:29:33,14:29:33,0,14:29:33,14:30:07,34,AGENT,14:30:06,14:30:42,36,BASCH
AA0111,4186,23793904,2,TT,990928,6:59:08,6:59:11,3,0:00:00,0:00:00,0,AGENT,6:59:10,6:59:17,7,YIFAT
AA0111,4187,0,0,TT,990928,8:44:44,8:44:46,2,0:00:00,0:00:00,0,AGENT,8:44:45,8:46:20,95,ANAT
AA0111,4188,32177636,2,TT,990928,9:44:34,9:44:35,1,0:00:00,0:00:00,0,AGENT,9:44:35,9:47:29,174,YIFAT
AA0111,4189,34143529,1,TT,990928,15:11:54,15:11:54,0,15:11:54,15:12:31,37,AGENT,15:12:30,15:12:47,17,BASCH
AA0111,4190,55260194,2,TT,990928,18:06:50,18:06:53,3,0:00:00,0:00:00,0,AGENT,18:06:52,18:06:58,6,BASCH
AA0111,4191,0,0,TT,990928,21:17:17,21:17:19,2,0:00:00,0:00:00,0,AGENT,21:17:18,21:21:04,226,DORIT
AA0111,4192,24069940,1,TT,990929,9:16:39,9:16:39,0,9:16:39,9:17:06,27,HANG,0:00:00,0:00:00,0,NO_SERVER
AA0111,4193,57918849,1,TT,990929,10:15:08,10:15:11,3,0:00:00,0:00:00,0,AGENT,10:15:09,10:16:22,73,SHARON
AA0111,4194,0,0,TT,990929,10:45:07,10:45:07,0,10:45:07,10:48:52,225,AGENT,10:48:51,10:50:35,104,ANAT
AA0111,4195,0,0,TT,990929,11:27:37,11:27:37,0,11:27:37,11:28:12,35,AGENT,11:28:10,11:28:18,8,DORIT
AA0111,4196,0,0,TT,990929,12:44:31,12:44:31,0,12:44:31,12:46:39,128,HANG,0:00:00,0:00:00,0,NO_SERVER
AA0111,4197,43745652,2,TT,990929,12:55:01,12:55:37,36,0:00:00,0:00:00,0,AGENT,12:55:36,13:00:24,288,SHARON
AA0111,4198,40374308,1,TT,990929,13:09:51,13:09:51,0,13:09:51,13:10:35,44,AGENT,13:10:34,13:10:43,9,YIFAT
AA0111,4199,57463366,1,TT,990930,9:22:35,9:22:35,0,9:22:35,9:22:58,23,AGENT,9:22:57,9:37:23,866,ROTH
AA0111,4200,25359605,2,TT,990930,9:39:42,9:39:44,2,0:00:00,0:00:00,0,AGENT,9:39:43,9:40:10,27,ANAT
AA0111,4201,32810103,1,TT,990930,10:13:50,10:13:50,0,10:13:50,10:15:13,83,HANG,0:00:00,0:00:00,0,NO_SERVER
AA0111,4202,23515968,1,TT,990930,12:11:51,12:11:52,1,0:00:00,0:00:00,0,AGENT,12:11:52,12:12:09,17,NO_SERVER
AA0111,4203,23793540,1,TT,990930,12:16:00,12:16:01,1,0:00:00,0:00:00,0,AGENT,12:16:01,12:16:06,5,NO_SERVER
AA0111,4204,55279970,2,TT,990930,14:00:30,14:00:32,2,0:00:00,0:00:00,0,AGENT,14:00:32,14:02:33,121,PINHAS
AA0111,4205,55279970,2,TT,990930,14:35:46,14:35:48,2,0:00:00,0:00:00,0,AGENT,14:35:47,15:23:38,2871,NO_SERVER
AA0111,4206,22225197,1,TT,990930,14:48:52,14:48:54,2,0:00:00,0:00:00,0,AGENT,14:48:54,14:50:03,69,ROTH
AA0111,4207,6843759,2,TT,990930,15:21:39,15:21:42,3,0:00:00,0:00:00,0,AGENT,15:21:41,15:21:50,9,NO_SERVER
AA0111,4208,962908463,2,TT,990930,16:32:25,16:32:27,2,0:00:00,0:00:00,0,AGENT,16:32:26,16:32:48,22,STEREN
AA0113,12298,25266958,2,PS,990923,7:43:24,7:43:30,6,7:43:30,7:43:41,11,AGENT,7:43:40,7:44:29,49,TOVA
AA0113,12299,8501587,2,PS,990923,8:08:15,8:08:20,5,8:08:20,8:08:45,25,AGENT,8:08:44,8:10:20,96,VICKY
AA0113,12300,0,0,PS,990923,8:28:52,8:29:01,9,0:00:00,0:00:00,0,AGENT,8:29:00,8:29:07,7,NO_SERVER
AA0113,12301,0,0,NW,990923,8:40:21,8:40:34,13,0:00:00,0:00:00,0,AGENT,8:40:33,8:42:15,102,AVI
AA0113,12302,0,0,PS,990923,8:54:41,8:54:50,9,0:00:00,0:00:00,0,AGENT,8:54:49,8:55:45,56,DORIT
AA0113,12303,0,0,PS,990923,9:05:56,9:06:09,13,0:00:00,0:00:00,0,AGENT,9:06:09,9:07:18,69,VICKY
AA0113,12304,54196217,2,PS,990923,9:16:23,9:16:28,5,9:16:28,9:17:58,90,AGENT,9:17:57,9:19:30,93,VICKY
AA0113,12305,0,0,NE,990923,9:28:11,9:28:29,18,0:00:00,0:00:00,0,AGENT,9:28:28,9:33:01,273,TOVA
AA0113,12306,43288190,2,PS,990923,9:38:37,9:38:43,6,9:38:43,9:40:34,111,AGENT,9:40:33,9:40:35,2,TOVA
AA0113,12307,0,0,NW,990923,9:47:39,9:47:48,9,9:47:48,9:48:37,49,HANG,0:00:00,0:00:00,0,NO_SERVER
AA0113,12308,7872609,2,PS,990923,9:55:41,9:55:47,6,9:55:47,9:57:16,89,AGENT,9:57:16,9:58:08,52,BASCH
AA0113,12309,57831356,2,NE,990923,10:04:14,10:04:20,6,10:04:20,10:04:36,16,AGENT,10:04:35,10:04:54,19,BASCH
AA0113,12310,10858884,2,NE,990923,10:12:00,10:12:06,6,10:12:06,10:12:29,23,AGENT,10:12:28,10:14:38,130,VICKY
AA0113,12311,22681993,2,NE,990923,10:19:28,10:19:34,6,10:19:34,10:20:04,30,AGENT,10:20:03,10:21:04,61,TOVA
AA0113,12312,30442495,2,PS,990923,10:26:28,10:26:33,5,10:26:33,10:26:36,3,AGENT,10:26:35,10:35:04,509,ANAT
AA0113,12313,0,0,PS,990923,10:32:37,10:33:15,38,0:00:00,0:00:00,0,HANG,0:00:00,0:00:00,0,NO_SERVER
AA0115,23276,0,0,PS,990901,0:01:54,0:02:31,37,0:00:00,0:00:00,0,HANG,0:00:00,0:00:00,0,NO_SERVER
AA0115,23277,0,0,NW,990901,6:42:05,6:42:29,24,0:00:00,0:00:00,0,HANG,0:00:00,0:00:00,0,NO_SERVER
AA0115,23278,0,0,PS,990901,7:29:34,7:29:48,14,0:00:00,0:00:00,0,AGENT,7:29:47,7:31:16,89,BASCH
AA0115,23279,0,0,PS,990901,7:54:03,7:54:15,12,0:00:00,0:00:00,0,AGENT,7:54:14,7:55:38,84,DORIT
AA0115,23280,0,0,PS,990901,8:09:27,8:09:38,11,0:00:00,0:00:00,0,AGENT,8:09:36,8:12:48,192,STEREN
AA0115,23281,0,0,PS,990901,8:28:37,8:28:43,6,0:00:00,0:00:00,0,AGENT,8:28:47,8:28:52,5,NO_SERVER
AA0115,23282,0,0,PS,990901,8:38:54,8:39:09,15,0:00:00,0:00:00,0,AGENT,8:39:04,8:43:24,260,NO_SERVER
AA0115,23283,0,0,PS,990901,8:55:01,8:55:10,9,0:00:00,0:00:00,0,AGENT,8:55:09,8:56:48,99,DORIT
AA0115,23284,0,0,PS,990901,9:06:13,9:06:24,11,0:00:00,0:00:00,0,AGENT,9:06:24,9:09:16,172,STEREN
AA0115,23285,3667532,2,PS,990901,9:17:43,9:17:49,6,9:17:49,9:18:05,16,AGENT,9:18:04,9:19:51,107,DORIT
AA0115,23286,0,0,PS,990901,9:28:50,9:29:00,10,0:00:00,0:00:00,0,AGENT,9:28:58,9:33:37,279,AVNI
AA0115,23287,0,0,PS,990901,9:39:11,9:39:20,9,0:00:00,0:00:00,0,AGENT,9:39:19,9:41:38,139,NAAMA
AA0115,23288,65338329,2,PS,990901,9:46:24,9:46:30,6,9:46:30,9:46:59,29,AGENT,9:46:58,9:50:16,198,AVNI
AA0115,23289,10858884,2,NE,990901,9:57:04,9:57:10,6,9:57:10,9:57:15,5,AGENT,9:57:14,10:00:36,202,BASCH
AA0115,23290,0,0,NW,990901,10:08:22,10:08:35,13,0:00:00,0:00:00,0,AGENT,10:08:34,10:14:25,351,AVNI
AA0115,23291,54676242,2,PS,990901,10:17:49,10:17:54,5,10:17:54,10:18:00,6,AGENT,10:17:59,10:19:40,101,AVNI
AA0115,23292,0,0,PS,990901,10:27:44,10:27:54,10,0:00:00,0:00:00,0,AGENT,10:27:53,10:41:03,790,YITZ
AA0115,23293,12482634,2,NE,990901,10:37:52,10:37:57,5,10:37:57,10:39:05,68,AGENT,10:39:03,10:42:13,190,ROTH
AA0115,23294,0,0,PS,990901,10:51:49,10:52:17,28,0:00:00,0:00:00,0,AGENT,10:52:17,10:53:49,92,NAAMA
AA0115,23295,0,0,PS,990901,11:04:04,11:04:19,15,0:00:00,0:00:00,0,AGENT,11:04:18,11:10:11,353,NAAMA
AA0115,23296,0,0,NE,990901,11:15:03,11:16:42,99,0:00:00,0:00:00,0,AGENT,11:16:41,11:19:05,144,NAAMA
AA0115,23297,2043974,1,NE,990901,11:27:50,11:27:56,6,11:27:56,11:30:06,130,AGENT,11:30:06,11:30:53,47,SHARON
AA0115,23298,28457521,2,PS,990901,11:41:58,11:42:03,5,11:42:03,11:42:12,9,AGENT,11:42:11,11:45:17,186,SHARON
AA0115,23299,0,0,NW,990901,11:55:13,11:55:23,10,11:55:23,11:57:43,140,AGENT,11:57:42,12:03:38,356,BASCH
AA0115,23300,54676242,2,PS,990901,12:10:23,12:10:28,5,12:10:28,12:10:41,13,AGENT,12:10:40,12:12:15,95,NAAMA
AA0115,23301,0,0,PS,990901,12:24:06,12:24:15,9,0:00:00,0:00:00,0,AGENT,12:24:14,12:25:10,56,ROTH
AA0115,23302,0,0,NE,990901,12:40:24,12:40:36,12,0:00:00,0:00:00,0,AGENT,12:40:35,12:42:53,138,ELI
AA0115,23303,30442495,2,PS,990901,12:51:08,12:51:14,6,12:51:14,12:52:10,56,AGENT,12:52:09,12:52:14,5,STEREN
AA0115,23304,0,0,PS,990901,13:05:11,13:05:21,10,0:00:00,0:00:00,0,AGENT,13:05:20,13:06:08,48,ROTH
AA0115,23305,0,0,NW,990901,13:22:11,13:22:25,14,0:00:00,0:00:00,0,AGENT,13:22:24,13:24:47,143,ROTH
AA0115,23306,15961261,2,PS,990901,13:37:56,13:38:01,5,13:38:01,13:38:06,5,HANG,0:00:00,0:00:00,0,NO_SERVER
AA0115,23307,74780917,2,NE,990901,13:49:16,13:49:22,6,13:49:22,13:49:26,4,AGENT,0:00:00,0:00:00,0,STEREN
AA0115,23308,0,0,PS,990901,14:03:26,14:03:43,17,0:00:00,0:00:00,0,AGENT,14:03:42,14:11:48,486,ANAT
AA0115,23309,0,0,NE,990901,14:17:27,14:17:37,10,0:00:00,0:00:00,0,AGENT,14:17:36,14:21:22,226,ZOHARI
AA0115,23310,0,0,PS,990901,14:29:09,14:29:19,10,0:00:00,0:00:00,0,AGENT,14:29:18,14:33:24,246,ANAT
AA0115,23311,4438248,2,PS,990901,14:37:41,14:37:47,6,14:37:47,14:38:19,32,AGENT,14:38:18,14:39:58,100,ROTH
AA0115,23312,25361189,1,PS,990901,14:48:34,14:48:40,6,14:48:40,14:49:12,32,AGENT,14:49:11,14:50:34,83,ROTH
AA0115,23313,78191137,2,PS,990901,15:02:55,15:03:00,5,15:03:00,15:05:16,136,AGENT,15:05:15,15:11:19,364,BENSION
AA0115,23314,22874192,2,PS,990901,15:15:28,15:15:34,6,15:15:34,15:16:33,59,AGENT,15:16:32,15:18:51,139,AVNI
AA0115,23315,0,0,PS,990901,15:27:10,15:27:25,15,0:00:00,0:00:00,0,AGENT,15:27:24,15:30:47,203,BENSION
AA0115,23316,0,0,NE,990901,15:35:07,15:35:18,11,0:00:00,0:00:00,0,AGENT,15:35:17,15:42:30,433,ELI
AA0115,23317,0,0,PS,990901,15:46:52,15:47:03,11,0:00:00,0:00:00,0,AGENT,15:47:02,15:51:35,273,ZOHARI
AA0115,23318,0,0,PS,990901,15:57:08,15:57:19,11,0:00:00,0:00:00,0,AGENT,15:57:18,15:58:13,55,ANAT
AA0115,23319,0,0,PS,990901,16:15:49,16:15:58,9,0:00:00,0:00:00,0,AGENT,16:15:57,16:18:12,135,AVNI
AA0115,23320,0,0,PS,990901,16:39:33,16:39:44,11,0:00:00,0:00:00,0,AGENT,16:39:43,16:41:32,109,AVI
AA0115,23321,0,0,PS,990901,16:52:30,16:52:40,10,0:00:00,0:00:00,0,AGENT,16:52:39,16:59:48,429,MORIAH
AA0115,23322,0,0,PS,990901,17:03:03,17:03:13,10,0:00:00,0:00:00,0,AGENT,17:03:12,17:04:09,57,ANAT
AA0115,23323,22809040,1,PS,990901,17:18:28,17:18:34,6,17:18:34,17:19:26,52,AGENT,17:19:25,17:25:55,390,DARMON
AA0115,23324,0,0,NE,990901,17:39:17,17:39:27,10,0:00:00,0:00:00,0,AGENT,17:39:26,17:42:32,186,AVI
AA0115,23325,0,0,PS,990901,17:54:00,17:54:12,12,0:00:00,0:00:00,0,AGENT,17:54:12,17:55:53,101,BENSION
AA0115,23326,0,0,NW,990901,18:16:33,18:16:43,10,18:16:43,18:17:12,29,AGENT,18:17:11,18:17:26,15,BENSION
AA0115,23327,24947061,2,PS,990901,18:31:09,18:31:15,6,18:31:15,18:31:39,24,AGENT,18:31:37,18:32:10,33,AVI
AA0115,23328,9828039,2,PS,990901,18:52:41,18:52:47,6,18:52:47,18:53:14,27,AGENT,18:53:13,18:54:30,77,BENSION
AA0115,23329,0,0,PS,990901,19:22:48,19:22:58,10,0:00:00,0:00:00,0,AGENT,19:22:57,19:24:16,79,AVI
AA0115,23330,0,0,PS,990901,19:41:06,19:41:21,15,0:00:00,0:00:00,0,AGENT,19:41:19,19:48:53,454,ANAT
AA0115,23331,0,0,NW,990901,20:09:12,20:09:25,13,0:00:00,0:00:00,0,AGENT,20:09:24,20:10:09,45,VICKY
AA0115,23332,0,0,PS,990901,20:27:18,20:27:31,13,0:00:00,0:00:00,0,AGENT,20:27:30,20:28:15,45,AVI
AA0115,23333,0,0,PS,990901,20:39:47,20:39:56,9,0:00:00,0:00:00,0,AGENT,20:39:55,20:40:42,47,TOVA
AA0115,23334,27859628,2,PS,990901,20:50:23,20:50:29,6,20:50:29,20:51:00,31,AGENT,20:50:58,20:53:24,146,AVI
AA0115,23335,0,0,PS,990901,21:05:51,21:06:01,10,0:00:00,0:00:00,0,AGENT,21:05:59,21:06:26,27,AVI
AA0115,23336,0,0,PS,990901,21:26:48,21:27:00,12,0:00:00,0:00:00,0,AGENT,21:26:59,21:38:55,716,MEIR
AA0115,23337,0,0,PS,990901,21:51:55,21:52:11,16,0:00:00,0:00:00,0,AGENT,21:52:10,21:59:39,449,TOVA
AA0115,23338,306055146,2,PS,990901,22:07:19,22:07:25,6,22:07:25,22:11:15,230,AGENT,22:11:14,22:12:50,96,VICKY
AA0115,23339,56810872,2,PS,990901,22:26:25,22:26:30,5,22:26:30,22:28:29,119,AGENT,22:28:29,22:29:21,52,VICKY
AA0115,23340,25491366,1,PS,990901,22:48:04,22:48:09,5,22:48:09,22:48:14,5,AGENT,22:48:13,22:49:35,82,AVI
AA0115,23341,0,0,PS,990901,23:08:48,23:08:58,10,0:00:00,0:00:00,0,AGENT,23:08:58,23:10:24,86,AVI
AA0115,23342,54241443,2,NE,990901,23:30:51,23:30:57,6,23:30:57,23:32:54,117,AGENT,23:32:53,23:34:16,83,AVI
AA0115,23343,0,0,PS,990902,0:24:15,0:24:52,37,0:00:00,0:00:00,0,HANG,0:00:00,0:00:00,0,NO_SERVER
AA0115,23344,0,0,NW,990902,7:09:50,7:10:03,13,0:00:00,0:00:00,0,AGENT,7:10:02,7:11:24,82,YIFAT
AA0115,23345,0,0,PS,990902,7:41:13,7:41:22,9,0:00:00,0:00:00,0,AGENT,7:41:21,7:42:57,96,YIFAT
AA0115,23346,0,0,NW,990902,8:09:04,8:09:17,13,0:00:00,0:00:00,0,AGENT,8:09:16,8:10:21,65,MORIAH
AA0115,23347,0,0,PS,990902,8:25:48,8:25:57,9,0:00:00,0:00:00,0,AGENT,8:25:56,8:30:06,250,MORIAH
AA0115,23348,36284263,1,PS,990902,8:38:18,8:38:24,6,8:38:24,8:42:29,245,AGENT,8:42:28,8:43:14,46,TOVA
AA0115,23349,58704610,2,PS,990902,8:49:27,8:49:32,5,8:49:32,8:51:38,126,AGENT,8:51:38,8:51:40,2,TOVA
AA0115,23350,0,0,NW,990902,8:59:00,8:59:10,10,8:59:10,9:00:48,98,HANG,0:00:00,0:00:00,0,NO_SERVER
AA0115,23351,0,0,NW,990902,9:11:25,9:11:35,10,9:11:35,9:15:04,209,AGENT,9:15:02,9:16:06,64,ROTH
AA0115,23352,0,0,PE,990902,9:28:31,9:28:39,8,0:00:00,0:00:00,0,AGENT,9:28:38,9:30:29,111,MORIAH
AA0115,23353,52912987,1,PS,990902,9:39:28,9:39:33,5,9:39:33,9:41:31,118,AGENT,9:41:30,9:45:03,213,TOVA
AA0115,23354,54665682,2,PS,990902,9:48:13,9:48:19,6,9:48:19,9:49:39,80,AGENT,9:49:38,9:50:24,46,ANAT
AA0115,23355,17214693,1,PS,990902,9:57:46,9:57:52,6,9:57:52,9:58:16,24,PHANTOM,9:58:16,9:58:21,5,NO_SERVER
AA0115,23356,57831356,2,NE,990902,10:06:03,10:06:09,6,10:06:09,10:06:53,44,AGENT,10:06:51,10:07:20,29,ELI
AA0115,23357,29661931,2,PS,990902,10:13:10,10:13:16,6,10:13:16,10:15:37,141,AGENT,10:15:36,10:17:55,139,STEREN
AA0115,23358,0,0,NW,990902,10:21:41,10:21:45,4,0:00:00,0:00:00,0,HANG,0:00:00,0:00:00,0,NO_SERVER
AA0115,23359,29721743,1,PS,990902,10:26:04,10:26:10,6,10:26:10,10:30:10,240,AGENT,10:30:09,10:31:51,102,TOVA
AA0115,23360,0,0,NW,990902,10:34:51,10:35:00,9,10:35:00,10:36:13,73,HANG,0:00:00,0:00:00,0,NO_SERVER
AA0115,23361,57938508,2,PS,990902,10:40:20,10:40:26,6,10:40:26,10:43:16,170,AGENT,10:43:15,10:45:14,119,DARMON
AA0115,23362,11852886,2,PS,990902,10:46:55,10:47:01,6,10:47:01,10:47:22,21,HANG,0:00:00,0:00:00,0,NO_SERVER
AA0115,23363,64599525,1,PS,990902,10:52:18,10:52:24,6,10:52:24,10:53:18,54,AGENT,10:53:17,10:55:53,156,MORIAH
AA0115,23364,0,0,PS,990902,11:01:04,11:01:17,13,0:00:00,0:00:00,0,AGENT,11:01:16,11:01:19,3,NO_SERVER
AA0115,23365,22263115,2,PS,990902,11:07:45,11:07:51,6,11:07:51,11:10:27,156,AGENT,11:10:25,11:11:47,82,DARMON
AA0115,23366,4553749,2,PS,990902,11:14:16,11:14:21,5,11:14:21,11:16:05,104,AGENT,11:16:05,11:16:17,12,TOVA
AA0115,23367,31869621,2,PS,990902,11:21:33,11:21:38,5,11:21:38,11:25:05,207,AGENT,11:25:03,11:27:41,158,DARMON
AA0115,23368,30663462,2,PS,990902,11:28:02,11:28:08,6,11:28:08,11:31:08,180,AGENT,11:31:07,11:32:19,72,ZOHARI
AA0115,23369,847012,2,PS,990902,11:36:05,11:36:10,5,11:36:10,11:37:10,60,AGENT,11:37:09,11:38:55,106,ANAT
AA0115,23370,0,0,NW,990902,11:44:34,11:44:43,9,11:44:43,11:44:54,11,AGENT,11:44:53,11:45:11,18,MORIAH
AA0115,23371,42943100,2,PS,990902,11:50:58,11:51:04,6,11:51:04,11:51:41,37,AGENT,11:51:41,11:52:48,67,YIFAT
AA0115,23372,0,0,NW,990902,12:01:43,12:01:53,10,12:01:53,12:01:57,4,AGENT,12:01:56,12:03:23,87,STEREN
AA0115,23373,0,0,PS,990902,12:11:07,12:11:15,8,0:00:00,0:00:00,0,AGENT,12:11:14,12:11:56,42,TOVA
AA0115,23374,0,0,PS,990902,12:20:47,12:20:57,10,0:00:00,0:00:00,0,AGENT,12:20:56,12:21:00,4,NO_SERVER
AA0115,23375,0,0,NW,990902,12:30:13,12:30:26,13,0:00:00,0:00:00,0,AGENT,12:30:26,12:30:52,26,STEREN
AA0115,23376,0,0,NW,990902,12:42:33,12:42:46,13,0:00:00,0:00:00,0,AGENT,12:42:45,12:42:53,8,MORIAH
AA0115,23377,11437209,2,PE,990902,12:47:10,12:47:14,4,12:47:14,12:49:52,158,AGENT,12:49:51,12:57:10,439,MORIAH
AA0115,23378,0,0,PS,990902,13:00:27,13:00:37,10,0:00:00,0:00:00,0,AGENT,13:00:36,13:03:42,186,ZOHARI
AA0115,23379,55921597,1,NE,990902,13:09:32,13:09:38,6,13:09:38,13:10:55,77,AGENT,13:10:55,13:25:10,855,ELI
AA0115,23380,0,0,NW,990902,13:18:33,13:18:43,10,13:18:43,13:19:10,27,AGENT,13:19:09,13:25:12,363,STEREN
AA0115,23381,0,0,PS,990902,13:27:06,13:27:15,9,0:00:00,0:00:00,0,AGENT,13:27:14,13:34:19,425,ROTH
AA0115,23382,0,0,PS,990902,13:40:40,13:40:52,12,0:00:00,0:00:00,0,AGENT,13:40:51,13:42:09,78,ANAT
AA0115,23383,5876156,2,PS,990902,13:56:03,13:56:09,6,13:56:09,13:56:29,20,AGENT,13:56:28,13:56:40,12,ZOHARI
AA0115,23384,0,0,PS,990902,14:03:27,14:04:39,72,0:00:00,0:00:00,0,HANG,0:00:00,0:00:00,0,NO_SERVER
AA0115,23385,0,0,PS,990902,14:13:26,14:13:35,9,0:00:00,0:00:00,0,AGENT,14:13:34,14:16:32,178,ROTH
AA0115,23386,54971965,1,PS,990902,14:24:29,14:24:35,6,14:24:35,14:26:48,133,HANG,0:00:00,0:00:00,0,NO_SERVER
AA0115,23387,0,0,NE,990902,14:35:03,14:35:18,15,0:00:00,0:00:00,0,AGENT,14:35:16,14:37:09,113,ELI
AA0115,23388,0,0,NW,990902,14:44:04,14:44:14,10,14:44:14,14:46:53,159,HANG,0:00:00,0:00:00,0,NO_SERVER
AA0115,23389,24947061,2,PS,990902,14:56:01,14:56:07,6,14:56:07,14:58:58,171,AGENT,14:58:57,15:00:37,100,ROTH
AA0115,23390,32283681,1,PS,990902,15:05:23,15:05:29,6,15:05:29,15:09:09,220,AGENT,15:09:08,15:19:43,635,ROTH
AA0115,23391,65203879,2,PS,990902,15:19:29,15:19:35,6,15:19:35,15:20:51,76,HANG,0:00:00,0:00:00,0,NO_SERVER
AA0115,23392,56765985,2,PS,990902,15:31:19,15:31:25,6,15:31:25,15:36:13,288,AGENT,15:36:11,15:37:24,73,STEREN
AA0115,23393,28018224,1,PS,990902,15:42:45,15:42:51,6,15:42:51,15:44:21,90,HANG,0:00:00,0:00:00,0,NO_SERVER
AA0115,23394,17162942,1,PS,990902,15:48:43,15:48:48,5,15:48:48,15:51:48,180,AGENT,15:51:48,15:53:45,117,AVI
AA0115,23395,0,0,PS,990902,16:01:18,16:01:30,12,0:00:00,0:00:00,0,AGENT,16:01:29,16:03:26,117,ZOHARI
AA0115,23396,0,0,NW,990902,16:08:09,16:08:19,10,16:08:19,16:10:39,140,HANG,0:00:00,0:00:00,0,NO_SERVER
AA0115,23397,0,0,NW,990902,16:18:07,16:18:16,9,16:18:16,16:18:41,25,HANG,0:00:00,0:00:00,0,NO_SERVER
AA0115,23398,0,0,NW,990902,16:22:44,16:22:54,10,16:22:54,16:29:01,367,AGENT,16:29:00,16:31:33,153,AVI
AA0115,23399,0,0,PS,990902,16:35:42,16:35:53,11,0:00:00,0:00:00,0,AGENT,16:35:52,16:36:20,28,YITZ
AA0115,23400,47258256,1,PS,990902,16:43:58,16:44:03,5,16:44:03,16:45:01,58,AGENT,16:44:59,16:48:44,225,YITZ
AA0115,23401,3744216,2,PS,990902,16:55:17,16:55:22,5,16:55:22,16:56:21,59,AGENT,16:56:20,17:02:58,398,VICKY
AA0115,23402,0,0,NW,990902,17:05:35,17:05:44,9,17:05:44,17:06:28,44,HANG,0:00:00,0:00:00,0,NO_SERVER
AA0115,23403,54109715,1,PS,990902,17:15:18,17:15:23,5,17:15:23,17:18:26,183,AGENT,17:18:24,17:19:08,44,BASCH
AA0115,23404,0,0,NW,990902,17:24:25,17:24:35,10,17:24:35,17:24:56,21,HANG,0:00:00,0:00:00,0,NO_SERVER
AA0115,23405,54613724,2,NE,990902,17:36:02,17:36:07,5,17:36:07,17:37:56,109,AGENT,17:37:55,17:39:00,65,VICKY
AA0115,23406,68741495,2,NE,990902,17:46:23,17:46:28,5,17:46:28,17:46:50,22,AGENT,17:46:50,17:47:51,61,BASCH
AA0115,23407,0,0,NW,990902,17:59:11,17:59:21,10,17:59:21,18:00:03,42,HANG,0:00:00,0:00:00,0,NO_SERVER
AA0115,23408,5850011,2,PS,990902,18:06:46,18:06:52,6,18:06:52,18:09:46,174,AGENT,18:09:46,18:12:50,184,DARMON
AA0115,23409,0,0,NW,990902,18:40:17,18:40:34,17,0:00:00,0:00:00,0,AGENT,18:40:33,18:43:39,186,BASCH
AA0115,23410,54042171,2,NE,990902,18:48:01,18:48:06,5,18:48:06,18:49:39,93,AGENT,18:49:38,18:50:30,52,BASCH
AA0115,23411,32001265,2,PS,990902,18:57:40,18:57:45,5,18:57:45,19:02:33,288,AGENT,19:02:32,19:03:06,34,MEIR
AA0115,23412,0,0,NW,990902,19:17:25,19:17:35,10,0:00:00,0:00:00,0,AGENT,19:17:37,19:17:44,7,NO_SERVER
AA0115,23413,309939429,2,PS,990902,19:30:34,19:30:40,6,19:30:40,19:31:13,33,AGENT,19:31:12,19:31:13,1,AVI
AA0115,23414,303599161,1,PS,990902,19:44:05,19:44:11,6,19:44:11,19:44:11,0,HANG,0:00:00,0:00:00,0,NO_SERVER
AA0115,23415,22920177,2,PS,990902,19:57:24,19:57:29,5,19:57:29,19:59:55,146,AGENT,19:59:54,20:00:27,33,BASCH
AA0115,23416,14264295,2,PS,990902,20:24:01,20:24:07,6,20:24:07,20:25:13,66,AGENT,20:25:02,20:30:02,300,YITZ
AA0115,23417,0,0,PS,990902,20:42:33,20:46:05,212,0:00:00,0:00:00,0,HANG,0:00:00,0:00:00,0,NO_SERVER
AA0115,23418,0,0,PS,990902,21:04:44,21:04:55,11,0:00:00,0:00:00,0,AGENT,21:04:54,21:04:54,0,VICKY
AA0115,23419,0,0,PS,990902,21:32:46,21:32:57,11,0:00:00,0:00:00,0,AGENT,21:32:56,21:34:03,67,MEIR
AA0115,23420,0,0,NW,990902,22:03:28,22:03:37,9,22:03:37,22:04:56,79,AGENT,22:04:55,22:06:43,108,VICKY
AA0115,23421,53242236,1,PS,990902,22:44:00,22:44:05,5,22:44:05,22:44:12,7,AGENT,22:44:11,22:47:26,195,VICKY
AA0115,23422,0,0,PS,990902,23:13:12,23:13:23,11,0:00:00,0:00:00,0,AGENT,23:13:22,23:14:48,86,AVI
AA0115,23423,962908463,2,PS,990902,23:28:29,23:28:35,6,23:28:35,23:29:25,50,HANG,0:00:00,0:00:00,0,NO_SERVER
AA0115,23424,0,0,PS,990903,0:26:02,0:26:19,17,0:00:00,0:00:00,0,HANG,0:00:00,0:00:00,0,NO_SERVER
AA0115,23425,0,0,NW,990903,6:31:54,6:32:20,26,0:00:00,0:00:00,0,HANG,0:00:00,0:00:00,0,NO_SERVER
AA0115,23426,0,0,PS,990903,7:04:20,7:04:38,18,0:00:00,0:00:00,0,HANG,0:00:00,0:00:00,0,NO_SERVER
AA0115,23427,0,0,NW,990903,7:09:54,7:10:09,15,0:00:00,0:00:00,0,AGENT,7:10:08,7:10:39,31,ZOHARI
AA0115,23428,0,0,PS,990903,7:39:58,7:40:14,16,0:00:00,0:00:00,0,AGENT,7:40:12,7:41:08,56,MORIAH
AA0115,23429,0,0,PS,990903,7:53:55,7:54:06,11,0:00:00,0:00:00,0,AGENT,7:54:05,7:56:30,145,STEREN
AA0115,23430,0,0,PS,990903,8:05:40,8:05:51,11,0:00:00,0:00:00,0,AGENT,8:05:49,8:11:33,344,ROTH
AA0115,23431,0,0,NW,990903,8:08:23,8:08:43,20,0:00:00,0:00:00,0,AGENT,8:08:41,8:09:19,38,BENSION
AA0115,23432,64441306,2,PS,990903,8:15:58,8:16:04,6,8:16:04,8:16:26,22,AGENT,8:16:25,8:17:30,65,MORIAH
AA0115,23433,0,0,NW,990903,8:28:02,8:28:15,13,0:00:00,0:00:00,0,AGENT,8:28:15,8:32:30,255,ZOHARI
AA0115,23434,33907080,2,PS,990903,8:41:23,8:41:29,6,8:41:29,8:42:21,52,HANG,0:00:00,0:00:00,0,NO_SERVER
AA0115,23435,0,0,NW,990903,8:51:14,8:51:23,9,8:51:23,8:55:31,248,AGENT,8:55:30,8:56:05,35,MORIAH
AA0115,23436,0,0,NW,990903,9:03:34,9:03:44,10,9:03:44,9:04:08,24,AGENT,9:04:07,9:04:42,35,MORIAH
AA0115,23437,0,0,PS,990903,9:18:24,9:18:40,16,0:00:00,0:00:00,0,AGENT,9:18:39,9:20:39,120,BENSION
AA0115,23438,22066336,1,PS,990903,9:26:52,9:26:58,6,9:26:58,9:27:21,23,HANG,0:00:00,0:00:00,0,NO_SERVER
AA0115,23439,0,0,NE,990903,9:40:07,9:40:17,10,0:00:00,0:00:00,0,AGENT,9:40:16,9:43:49,213,ZOHARI
AA0115,23440,0,0,NE,990903,9:54:09,9:54:18,9,0:00:00,0:00:00,0,AGENT,9:54:17,9:54:22,5,MORIAH
AA0115,23441,51648624,2,PS,990903,10:02:21,10:02:27,6,10:02:27,10:02:47,20,AGENT,10:02:45,10:07:52,307,ZOHARI
AA0115,23442,57133001,2,PS,990903,10:14:59,10:15:04,5,10:15:04,10:15:29,25,AGENT,10:15:28,10:16:50,82,BENSION
AA0115,23443,53904876,2,PS,990903,10:27:38,10:27:44,6,10:27:44,10:30:01,137,AGENT,10:30:00,10:31:34,94,ZOHARI
AA0115,23444,58280231,1,PS,990903,10:34:56,10:35:02,6,10:35:02,10:39:14,252,AGENT,10:39:13,10:40:28,75,MORIAH
AA0115,23445,57884199,2,PS,990903,10:45:43,10:45:48,5,10:45:48,10:46:12,24,AGENT,10:46:12,11:03:00,1008,STEREN
AA0115,23446,59180422,2,PS,990903,10:57:55,10:58:01,6,10:58:01,10:59:59,118,AGENT,10:59:59,11:03:52,233,MORIAH
AA0115,23447,0,0,PS,990903,11:15:37,11:15:46,9,0:00:00,0:00:00,0,AGENT,11:15:45,11:28:19,754,MORIAH
AA0115,23448,306543109,2,PS,990903,11:28:04,11:28:09,5,11:28:09,11:28:16,7,AGENT,11:28:16,11:30:14,118,ZOHARI
AA0115,23449,0,0,NW,990903,11:43:25,11:43:38,13,0:00:00,0:00:00,0,AGENT,11:43:37,11:44:28,51,ZOHARI
AA0115,23450,55363923,1,PS,990903,12:02:38,12:02:44,6,12:02:44,12:03:10,26,AGENT,12:03:08,12:03:55,47,BENSION
AA0115,23451,0,0,NW,990903,12:19:24,12:19:39,15,0:00:00,0:00:00,0,AGENT,12:19:39,12:19:45,6,NO_SERVER
AA0115,23452,0,0,PS,990903,12:32:35,12:32:52,17,0:00:00,0:00:00,0,AGENT,12:32:51,12:37:08,257,ELI
AA0115,23453,0,0,PS,990903,12:52:41,12:52:51,10,0:00:00,0:00:00,0,AGENT,12:52:50,13:02:16,566,ZOHARI
AA0115,23454,0,0,PS,990903,13:13:14,13:13:31,17,0:00:00,0:00:00,0,AGENT,13:13:30,13:14:39,69,BENSION
AA0115,23455,0,0,NW,990903,13:34:38,13:34:47,9,13:34:47,13:35:12,25,AGENT,13:35:11,13:41:32,381,ZOHARI
AA0115,23457,0,0,PS,990903,14:09:49,14:09:49,0,0:00:00,0:00:00,0,HANG,0:00:00,0:00:00,0,NO_SERVER
AA0115,23458,0,0,PS,990903,14:40:02,14:40:17,15,0:00:00,0:00:00,0,HANG,0:00:00,0:00:00,0,NO_SERVER
AA0115,23459,0,0,PS,990903,15:39:46,15:40:08,22,0:00:00,0:00:00,0,HANG,0:00:00,0:00:00,0,NO_SERVER
AA0115,23460,0,0,PS,990903,16:59:01,16:59:18,17,0:00:00,0:00:00,0,HANG,0:00:00,0:00:00,0,NO_SERVER
AA0115,23462,0,0,PS,990904,6:30:14,6:30:14,0,0:00:00,0:00:00,0,HANG,0:00:00,0:00:00,0,NO_SERVER
AA0115,23463,0,0,PS,990904,19:12:28,19:12:43,15,0:00:00,0:00:00,0,HANG,0:00:00,0:00:00,0,NO_SERVER
AA0115,23464,0,0,NW,990904,19:54:23,19:54:47,24,0:00:00,0:00:00,0,HANG,0:00:00,0:00:00,0,NO_SERVER
AA0115,23465,16992406,1,PS,990904,20:14:18,20:14:23,5,20:14:23,20:14:50,27,AGENT,20:14:50,20:15:11,21,BASCH
AA0115,23466,65575086,2,PS,990904,20:28:16,20:28:21,5,20:28:21,20:30:29,128,AGENT,20:30:28,20:32:08,100,SHARON
AA0115,23467,0,0,NW,990904,20:43:35,20:43:45,10,0:00:00,0:00:00,0,AGENT,20:43:46,20:43:56,10,NO_SERVER
AA0115,23468,0,0,PS,990904,20:59:50,21:00:01,11,0:00:00,0:00:00,0,AGENT,21:00:00,21:03:02,182,ZOHARI
AA0115,23469,0,0,PS,990904,21:29:08,21:29:20,12,0:00:00,0:00:00,0,AGENT,21:29:19,21:32:35,196,BASCH
AA0115,23470,0,0,PS,990904,21:57:26,21:57:40,14,0:00:00,0:00:00,0,AGENT,21:57:39,21:58:29,50,BASCH
AA0115,23471,0,0,PS,990904,22:30:29,22:30:43,14,0:00:00,0:00:00,0,AGENT,22:30:43,22:31:39,56,MORIAH
AA0115,23472,0,0,NW,990904,22:54:47,22:55:01,14,0:00:00,0:00:00,0,AGENT,22:55:00,22:56:12,72,MORIAH
AA0115,23473,0,0,PS,990904,23:49:26,23:49:36,10,0:00:00,0:00:00,0,AGENT,23:49:36,23:54:48,312,BASCH
AA0115,23474,0,0,PS,990905,6:29:23,6:29:34,11,0:00:00,0:00:00,0,HANG,0:00:00,0:00:00,0,NO_SERVER
AA0115,23475,310992045,1,PS,990905,7:16:01,7:16:06,5,7:16:06,7:16:14,8,AGENT,7:16:13,7:18:16,123,AVI
AA0115,23476,0,0,NW,990905,7:33:55,7:34:05,10,7:34:05,7:36:17,132,AGENT,7:36:15,7:37:28,73,AVI
AA0115,23477,0,0,PS,990905,8:01:51,8:02:02,11,0:00:00,0:00:00,0,AGENT,0:00:00,0:00:00,0,STEREN
AA0115,23478,7283492,2,PS,990905,8:17:54,8:17:59,5,8:17:59,8:18:34,35,AGENT,8:18:33,8:20:03,90,NAAMA
AA0115,23479,0,0,PS,990905,8:27:39,8:27:55,16,0:00:00,0:00:00,0,AGENT,8:27:54,8:28:00,6,NAAMA
AA0115,23480,0,0,NW,990905,8:44:49,8:44:58,9,8:44:58,8:46:14,76,HANG,0:00:00,0:00:00,0,NO_SERVER
AA0115,23481,0,0,NW,990905,8:55:39,8:55:48,9,8:55:48,8:56:27,39,AGENT,8:56:25,8:57:07,42,AVI
AA0115,23482,7656580,1,PS,990905,9:11:01,9:11:07,6,9:11:07,9:11:39,32,AGENT,9:11:37,9:17:01,324,AVI
AA0115,23483,28138212,2,PS,990905,9:17:23,9:17:28,5,9:17:28,9:17:39,11,AGENT,9:17:38,9:18:41,63,AVI
AA0115,23484,9238858,1,PS,990905,9:27:10,9:27:16,6,9:27:16,9:27:51,35,AGENT,9:27:50,9:27:54,4,AVI
AA0115,23485,0,0,NW,990905,9:35:22,9:35:31,9,9:35:31,9:37:58,147,HANG,0:00:00,0:00:00,0,NO_SERVER
AA0115,23486,25219700,2,PS,990905,9:48:13,9:48:19,6,9:48:19,9:48:31,12,AGENT,9:48:29,9:52:01,212,ROTH
AA0115,23487,52146842,1,PS,990905,9:54:29,9:54:35,6,9:54:35,9:55:20,45,AGENT,9:55:19,10:17:07,1308,ROTH
AA0115,23488,28869063,2,PS,990905,10:02:57,10:03:03,6,10:03:03,10:03:37,34,AGENT,10:03:36,10:04:28,52,AVI
AA0115,23489,22991392,2,PS,990905,10:10:10,10:10:15,5,10:10:15,10:15:11,296,AGENT,10:15:10,10:15:57,47,NAAMA
AA0115,23490,58837519,1,PS,990905,10:21:15,10:21:20,5,10:21:20,10:22:46,86,AGENT,10:22:45,10:24:20,95,AVI
AA0115,23491,25219700,2,PS,990905,10:28:30,10:28:35,5,10:28:35,10:32:18,223,AGENT,10:32:17,10:32:26,9,AVI
AA0115,23492,74450255,1,PS,990905,10:37:27,10:37:33,6,10:37:33,10:44:46,433,AGENT,10:44:45,10:45:50,65,DORIT
AA0115,23493,11830726,1,PE,990905,10:46:39,10:46:44,5,10:46:44,10:47:20,36,HANG,0:00:00,0:00:00,0,NO_SERVER
AA0115,23494,8317364,2,PS,990905,10:52:30,10:52:36,6,10:52:36,10:54:11,95,AGENT,10:54:09,10:54:30,21,AVI
AA0115,23496,0,0,PS,990905,11:02:07,11:02:07,0,0:00:00,0:00:00,0,HANG,0:00:00,0:00:00,0,NO_SERVER
AA0115,23497,59600056,1,PS,990905,11:05:29,11:03:37,-112,11:03:37,11:08:45,308,AGENT,11:08:44,11:13:19,275,DARMON
AA0115,23498,28776136,2,PS,990905,11:13:33,11:13:38,5,11:13:38,11:15:38,120,AGENT,11:15:37,11:19:21,224,ROTH
AA0115,23499,9730748,1,PS,990905,11:23:27,11:23:33,6,11:23:33,11:27:14,221,AGENT,0:00:00,0:00:00,0,ANAT
AA0115,23500,25688045,1,PS,990905,11:35:10,11:35:16,6,11:35:16,11:35:27,11,HANG,0:00:00,0:00:00,0,NO_SERVER
AA0115,23501,0,0,NW,990905,11:41:14,11:41:23,9,11:41:23,11:43:01,98,HANG,0:00:00,0:00:00,0,NO_SERVER
AA0115,23502,0,0,PS,990905,11:55:21,11:55:31,10,0:00:00,0:00:00,0,AGENT,11:55:29,11:56:43,74,ANAT
AA0115,23503,25626938,2,PS,990905,12:02:13,12:02:19,6,12:02:19,12:02:47,28,AGENT,12:02:46,12:06:13,207,AVI
AA0115,23504,0,0,PS,990905,12:10:11,12:10:26,15,0:00:00,0:00:00,0,AGENT,12:10:24,12:12:39,135,NAAMA
AA0115,23505,0,0,PS,990905,12:23:05,12:23:15,10,0:00:00,0:00:00,0,AGENT,12:23:14,12:25:11,117,ANAT
AA0115,23506,0,0,PS,990905,12:33:28,12:33:39,11,0:00:00,0:00:00,0,AGENT,12:33:37,12:36:05,148,ZOHARI
AA0115,23507,0,0,PS,990905,12:43:52,12:44:02,10,0:00:00,0:00:00,0,AGENT,12:44:01,12:44:18,17,ANAT
AA0115,23508,56666571,2,PS,990905,12:52:49,12:52:55,6,12:52:55,12:53:05,10,AGENT,12:53:04,12:53:06,2,ANAT
AA0115,23509,0,0,NE,990905,13:05:27,13:05:39,12,0:00:00,0:00:00,0,AGENT,13:05:38,13:06:57,79,ELI
AA0115,23510,703074,2,PS,990905,13:13:23,13:13:29,6,13:13:29,13:14:00,31,AGENT,13:14:00,13:14:02,2,TOVA
AA0115,23511,0,0,PS,990905,13:21:49,13:22:01,12,0:00:00,0:00:00,0,AGENT,13:22:00,13:23:23,83,NAAMA
AA0115,23512,31458094,1,PS,990905,13:30:59,13:31:05,6,13:31:05,13:32:04,59,AGENT,13:32:03,13:38:34,391,DORIT
AA0115,23513,0,0,NW,990905,13:50:01,13:50:17,16,0:00:00,0:00:00,0,AGENT,13:50:16,13:52:33,137,ZOHARI
AA0115,23514,703074,2,PS,990905,13:56:55,13:57:01,6,13:57:01,13:57:30,29,AGENT,13:57:30,14:03:27,357,DORIT
AA0115,23515,24027385,2,PS,990905,14:07:26,14:07:32,6,14:07:32,14:07:46,14,AGENT,14:07:46,14:13:37,351,STEREN
AA0115,23516,24262404,1,PS,990905,14:19:17,14:19:23,6,14:19:23,14:22:11,168,AGENT,14:22:10,14:32:00,590,YIFAT
AA0115,23517,0,0,NW,990905,14:27:50,14:27:59,9,14:27:59,14:34:22,383,AGENT,14:34:22,14:37:33,191,DORIT
AA0115,23518,0,0,PS,990905,14:44:09,14:44:18,9,0:00:00,0:00:00,0,AGENT,14:44:17,14:45:02,45,AVI
AA0115,23519,10858884,2,NE,990905,14:52:29,14:52:34,5,14:52:34,14:56:39,245,AGENT,14:56:38,15:01:21,283,ZOHARI
AA0115,23520,28074433,2,NE,990905,15:03:08,15:03:14,6,15:03:14,15:06:52,218,AGENT,15:06:51,15:07:36,45,BASCH
AA0115,23521,0,0,NW,990905,15:14:38,15:14:47,9,15:14:47,15:15:51,64,AGENT,15:15:51,15:18:39,168,MORIAH
AA0115,23522,25297417,1,PS,990905,15:23:42,15:23:47,5,15:23:47,15:25:33,106,AGENT,15:25:32,15:26:41,69,ROTH
AA0115,23523,313663932,2,PS,990905,15:34:02,15:34:08,6,15:34:08,15:35:31,83,AGENT,15:35:30,15:36:25,55,STEREN
AA0115,23524,54665682,2,PS,990905,15:41:11,15:41:17,6,15:41:17,15:43:42,145,AGENT,15:43:41,15:44:44,63,BASCH
AA0115,23525,0,0,NW,990905,15:48:36,15:48:43,7,15:48:43,15:49:30,47,HANG,0:00:00,0:00:00,0,NO_SERVER
AA0115,23526,0,0,NW,990905,15:54:26,15:54:36,10,15:54:36,15:58:53,257,AGENT,15:58:51,15:59:55,64,STEREN
AA0115,23527,0,0,NW,990905,16:02:52,16:03:02,10,16:03:02,16:03:59,57,HANG,0:00:00,0:00:00,0,NO_SERVER
AA0115,23528,53443677,1,PS,990905,16:08:56,16:09:02,6,16:09:02,16:10:27,85,HANG,0:00:00,0:00:00,0,NO_SERVER
AA0115,23529,24381899,2,PS,990905,16:13:50,16:13:55,5,16:13:55,16:16:02,127,AGENT,16:16:01,16:32:15,974,ZOHARI
AA0115,23530,0,0,NW,990905,16:21:23,16:21:32,9,16:21:32,16:28:00,388,PHANTOM,16:26:55,16:28:07,72,NO_SERVER
AA0115,23531,3785730,2,PS,990905,16:35:42,16:35:47,5,16:35:47,16:36:40,53,PHANTOM,16:36:39,16:36:42,3,NO_SERVER
AA0115,23532,0,0,NW,990905,16:42:15,16:42:24,9,16:42:24,16:42:40,16,AGENT,16:42:39,16:43:21,42,MORIAH
AA0115,23533,68059401,1,PS,990905,16:48:38,16:48:43,5,16:48:43,16:51:43,180,AGENT,16:51:42,16:52:07,25,ZOHARI
AA0115,23534,51002343,2,PS,990905,16:58:27,16:58:33,6,16:58:33,16:58:41,8,HANG,0:00:00,0:00:00,0,NO_SERVER
AA0115,23535,0,0,NW,990905,17:09:10,17:09:29,19,0:00:00,0:00:00,0,AGENT,17:09:28,17:11:29,121,VICKY
AA0115,23536,25246380,2,PS,990905,17:21:10,17:21:15,5,17:21:15,17:21:33,18,AGENT,17:21:32,17:24:31,179,TOVA
AA0115,23537,0,0,NW,990905,17:31:41,17:31:51,10,17:31:51,17:32:51,60,HANG,0:00:00,0:00:00,0,NO_SERVER
AA0115,23538,0,0,NW,990905,17:42:32,17:42:41,9,17:42:41,17:46:02,201,AGENT,17:46:01,17:46:27,26,VICKY
AA0115,23539,0,0,NW,990905,18:01:42,18:01:52,10,18:01:52,18:03:09,77,AGENT,18:03:08,18:04:22,74,VICKY
AA0115,23540,0,0,PS,990905,18:31:54,18:32:05,11,0:00:00,0:00:00,0,AGENT,18:32:04,18:32:06,2,TOVA
AA0115,23541,41546904,2,NE,990905,18:49:24,18:49:30,6,18:49:30,18:49:58,28,AGENT,18:49:57,18:54:37,280,TOVA
AA0115,23542,0,0,PS,990905,19:13:59,19:14:09,10,0:00:00,0:00:00,0,AGENT,19:14:08,19:14:58,50,BASCH
AA0115,23543,65881252,1,PS,990905,19:33:28,19:33:34,6,19:33:34,19:34:35,61,AGENT,19:34:34,19:35:14,40,VICKY
AA0115,23544,67638882,1,NW,990905,20:00:50,20:01:00,10,20:01:00,20:01:15,15,HANG,0:00:00,0:00:00,0,NO_SERVER
AA0115,23545,0,0,PS,990905,20:33:53,20:34:02,9,0:00:00,0:00:00,0,AGENT,20:34:01,20:36:52,171,VICKY
AA0115,23546,0,0,PS,990905,21:09:33,21:09:45,12,0:00:00,0:00:00,0,AGENT,21:09:46,21:10:21,35,NO_SERVER
AA0115,23547,0,0,PS,990905,21:38:49,21:39:06,17,0:00:00,0:00:00,0,AGENT,21:39:01,21:40:08,67,MORIAH
AA0115,23548,29496460,1,PS,990905,21:49:12,21:49:18,6,21:49:18,21:51:27,129,AGENT,21:51:26,21:52:32,66,BENSION
AA0115,23549,13235635,2,PS,990905,22:04:56,22:05:01,5,22:05:01,22:06:02,61,AGENT,22:06:01,22:10:09,248,VICKY
AA0115,23550,0,0,PS,990905,22:29:33,22:29:43,10,0:00:00,0:00:00,0,AGENT,22:29:42,22:33:05,203,VICKY
AA0115,23551,22263115,2,PS,990905,23:07:50,23:07:55,5,23:07:55,23:11:09,194,AGENT,23:11:08,23:14:45,217,VICKY
AA0115,23552,25525577,2,PS,990905,23:46:29,23:46:35,6,23:46:35,23:47:42,67,AGENT,23:47:41,23:52:01,260,BENSION
AA0115,23553,0,0,PS,990906,6:48:26,6:48:38,12,0:00:00,0:00:00,0,HANG,0:00:00,0:00:00,0,NO_SERVER
AA0115,23554,0,0,PS,990906,7:26:01,7:26:16,15,0:00:00,0:00:00,0,AGENT,7:26:14,7:27:37,83,DORIT
AA0115,23555,0,0,PS,990906,7:54:54,7:55:03,9,0:00:00,0:00:00,0,AGENT,7:55:02,7:57:47,165,SHARON
AA0115,23556,0,0,PS,990906,7:59:10,7:59:20,10,0:00:00,0:00:00,0,HANG,0:00:00,0:00:00,0,NO_SERVER
AA0115,23557,0,0,PS,990906,8:16:12,8:16:26,14,0:00:00,0:00:00,0,AGENT,8:16:24,8:17:01,37,SHARON
AA0115,23558,0,0,PS,990906,8:31:39,8:31:51,12,0:00:00,0:00:00,0,AGENT,8:31:50,8:45:49,839,TOVA
AA0115,23559,0,0,PS,990906,8:45:54,8:46:03,9,0:00:00,0:00:00,0,AGENT,8:46:03,8:49:33,210,YITZ
AA0115,23560,0,0,PS,990906,8:56:42,8:56:52,10,0:00:00,0:00:00,0,AGENT,8:56:51,8:59:00,129,SHARON
AA0115,23561,11374733,1,PS,990906,9:05:43,9:05:49,6,9:05:49,9:06:03,14,AGENT,9:06:02,9:06:57,55,SHARON
AA0115,23562,0,0,NW,990906,9:15:29,9:15:49,20,0:00:00,0:00:00,0,AGENT,9:15:48,9:19:33,225,SHARON
AA0115,23563,0,0,NW,990906,9:22:47,9:22:56,9,9:22:56,9:24:25,89,AGENT,9:24:24,9:25:53,89,MORIAH
AA0115,23564,0,0,PS,990906,9:32:38,9:32:48,10,0:00:00,0:00:00,0,AGENT,9:32:46,9:38:45,359,ROTH
AA0115,23565,0,0,PS,990906,9:42:01,9:42:11,10,0:00:00,0:00:00,0,AGENT,9:42:10,9:52:58,648,TOVA
AA0115,23566,15398027,2,PS,990906,9:50:32,9:50:38,6,9:50:38,9:51:53,75,AGENT,9:51:52,9:54:01,129,YITZ
AA0115,23567,0,0,NW,990906,9:58:53,9:59:03,10,9:59:03,10:05:36,393,HANG,0:00:00,0:00:00,0,NO_SERVER
AA0115,23568,22358394,2,PS,990906,10:10:23,10:10:29,6,10:10:29,10:12:16,107,AGENT,10:12:15,10:17:10,295,TOVA
AA0115,23569,51929339,2,PS,990906,10:17:57,10:18:03,6,10:18:03,10:19:09,66,AGENT,10:19:08,10:27:14,486,YITZ
AA0115,23570,14995666,2,PS,990906,10:24:07,10:24:13,6,10:24:13,10:26:38,145,AGENT,10:26:37,10:33:29,412,BASCH
AA0115,23571,24200552,2,PS,990906,10:34:55,10:35:01,6,10:35:01,10:35:18,17,AGENT,10:35:17,10:39:06,229,SHARON
AA0115,23572,69951002,2,PS,990906,10:43:44,10:43:50,6,10:43:50,10:44:57,67,AGENT,10:44:57,10:45:42,45,BASCH
AA0115,23573,0,0,NW,990906,10:52:44,10:52:53,9,10:52:53,10:53:12,19,HANG,0:00:00,0:00:00,0,NO_SERVER
AA0115,23574,0,0,NW,990906,11:01:20,11:01:29,9,11:01:29,11:03:26,117,HANG,0:00:00,0:00:00,0,NO_SERVER
AA0115,23575,0,0,PS,990906,11:14:52,11:15:01,9,0:00:00,0:00:00,0,AGENT,11:15:00,11:16:54,114,YIFAT
AA0115,23576,0,0,PS,990906,11:26:53,11:27:08,15,0:00:00,0:00:00,0,AGENT,11:27:07,11:29:39,152,SHARON
AA0115,23577,0,0,PS,990906,11:36:42,11:36:53,11,0:00:00,0:00:00,0,AGENT,11:36:52,11:43:45,413,YITZ
AA0115,23578,0,0,NW,990906,11:42:58,11:43:07,9,11:43:07,11:46:23,196,AGENT,11:46:23,11:47:11,48,MORIAH
AA0115,23579,41543000,2,PS,990906,11:56:29,11:56:35,6,11:56:35,11:56:41,6,HANG,0:00:00,0:00:00,0,NO_SERVER
AA0115,23580,24947061,2,PS,990906,12:05:39,12:05:45,6,12:05:45,12:07:00,75,AGENT,12:06:58,12:08:35,97,SHARON
AA0115,23581,0,0,PS,990906,12:20:49,12:20:58,9,0:00:00,0:00:00,0,AGENT,12:20:57,12:22:12,75,ROTH
AA0115,23582,0,0,PS,990906,12:33:41,12:33:53,12,0:00:00,0:00:00,0,AGENT,12:33:53,12:34:25,32,BASCH
AA0115,23583,28863777,1,PS,990906,12:50:00,12:50:05,5,12:50:05,12:50:49,44,AGENT,12:50:48,12:52:12,84,ROTH
AA0115,23584,0,0,PS,990906,13:05:11,13:05:21,10,0:00:00,0:00:00,0,AGENT,13:05:19,13:07:22,123,DORIT
AA0115,23585,0,0,NW,990906,13:15:47,13:16:02,15,0:00:00,0:00:00,0,AGENT,13:16:01,13:17:27,86,SHARON
AA0115,23586,0,0,PS,990906,13:32:59,13:33:12,13,0:00:00,0:00:00,0,AGENT,13:33:11,13:35:19,128,BASCH
AA0115,23587,0,0,PS,990906,13:47:01,13:47:12,11,0:00:00,0:00:00,0,AGENT,13:47:12,13:48:53,101,SHARON
AA0115,23588,3652195,2,PS,990906,13:58:13,13:58:19,6,13:58:19,13:58:48,29,AGENT,13:58:47,13:59:22,35,SHARON
AA0115,23589,0,0,PS,990906,14:10:18,14:10:29,11,0:00:00,0:00:00,0,AGENT,14:10:28,14:16:19,351,ZOHARI
AA0115,23590,0,0,NE,990906,14:26:06,14:26:15,9,0:00:00,0:00:00,0,AGENT,14:26:14,14:31:34,320,SHARON
AA0115,23591,0,0,PS,990906,14:36:12,14:36:22,10,0:00:00,0:00:00,0,AGENT,14:36:22,14:41:56,334,MORIAH
AA0115,23592,0,0,PS,990906,14:44:22,14:44:32,10,0:00:00,0:00:00,0,AGENT,14:44:31,14:45:26,55,ANAT
AA0115,23593,58497454,2,PS,990906,14:55:42,14:55:47,5,14:55:47,14:57:17,90,AGENT,14:57:17,14:58:34,77,SHARON
AA0115,23594,24197428,2,PS,990906,15:08:46,15:08:52,6,15:08:52,15:09:49,57,AGENT,15:09:48,15:11:40,112,ZOHARI
AA0115,23595,54134291,2,PS,990906,15:23:26,15:23:32,6,15:23:32,15:25:00,88,AGENT,15:24:59,15:28:04,185,ZOHARI
AA0115,23596,28481158,2,PS,990906,15:34:17,15:34:23,6,15:34:23,15:35:46,83,AGENT,15:35:45,15:38:22,157,ZOHARI
AA0115,23597,51822252,2,PS,990906,15:45:00,15:45:05,5,15:45:05,15:45:14,9,AGENT,15:45:12,15:45:30,18,SHARON
AA0115,23598,33689787,2,PS,990906,15:59:06,15:59:11,5,15:59:11,15:59:16,5,AGENT,15:59:15,16:02:50,215,STEREN
AA0115,23599,56178312,2,PS,990906,16:11:24,16:11:30,6,16:11:30,16:11:54,24,AGENT,16:11:53,16:13:30,97,ROTH
AA0115,23600,0,0,PS,990906,16:29:55,16:30:04,9,0:00:00,0:00:00,0,AGENT,16:30:03,16:31:08,65,ROTH
AA0115,23601,51578045,1,PS,990906,16:44:15,16:44:20,5,16:44:20,16:44:54,34,AGENT,16:44:53,16:51:40,407,STEREN
AA0115,23602,14264295,2,PS,990906,17:04:08,17:04:14,6,17:04:14,17:07:21,187,AGENT,17:07:21,17:09:40,139,ANAT
AA0115,23603,56091879,1,PS,990906,17:18:19,17:18:24,5,17:18:24,17:25:02,398,HANG,0:00:00,0:00:00,0,NO_SERVER
AA0115,23604,2857761,1,PS,990906,17:43:14,17:43:20,6,17:43:20,17:48:44,324,HANG,0:00:00,0:00:00,0,NO_SERVER
AA0115,23605,0,0,PS,990906,18:10:16,18:10:29,13,0:00:00,0:00:00,0,AGENT,18:10:28,18:13:25,177,MEIR
AA0115,23606,0,0,PS,990906,18:30:05,18:30:15,10,0:00:00,0:00:00,0,AGENT,18:30:14,18:30:15,1,ANAT
AA0115,23607,0,0,NW,990906,18:49:26,18:49:40,14,0:00:00,0:00:00,0,AGENT,18:49:39,18:49:46,7,VICKY
AA0115,23608,0,0,NW,990906,19:10:10,19:10:24,14,0:00:00,0:00:00,0,AGENT,19:10:23,19:11:08,45,VICKY
AA0115,23609,0,0,PS,990906,19:42:32,19:42:42,10,0:00:00,0:00:00,0,AGENT,19:42:41,19:44:14,93,STEREN
AA0115,23610,52239282,1,PS,990906,19:52:45,19:52:50,5,19:52:50,19:53:22,32,AGENT,19:53:21,19:57:56,275,MEIR
AA0115,23611,24208852,2,PS,990906,20:22:56,20:23:01,5,20:23:01,20:23:08,7,AGENT,20:23:07,20:33:35,628,STEREN
AA0115,23612,303338180,1,PS,990906,20:46:01,20:46:07,6,20:46:07,20:47:17,70,HANG,0:00:00,0:00:00,0,NO_SERVER
AA0115,23613,0,0,PS,990906,21:05:50,21:05:58,8,0:00:00,0:00:00,0,AGENT,21:05:57,21:07:47,110,STEREN
AA0115,23614,0,0,PS,990906,21:30:33,21:30:43,10,0:00:00,0:00:00,0,AGENT,21:30:42,21:33:16,154,MEIR
AA0115,23615,38354940,2,PS,990906,21:48:11,21:48:17,6,21:48:17,21:48:30,13,AGENT,21:48:29,21:50:26,117,GILI
AA0115,23616,0,0,PS,990906,22:18:56,22:19:08,12,0:00:00,0:00:00,0,AGENT,22:19:07,22:21:28,141,VICKY
AA0115,23617,0,0,PS,990906,23:06:51,23:07:05,14,0:00:00,0:00:00,0,AGENT,23:07:04,23:09:28,144,STEREN
AA0115,23618,0,0,PS,990906,23:54:26,23:54:34,8,0:00:00,0:00:00,0,AGENT,23:54:34,23:55:25,51,GILI
AA0115,23619,0,0,PS,990907,7:19:36,7:19:47,11,0:00:00,0:00:00,0,AGENT,7:19:47,7:21:17,90,AVI
AA0115,23620,27849181,1,PS,990907,7:50:19,7:50:25,6,7:50:25,7:51:26,61,AGENT,7:51:25,7:57:15,350,TOVA
AA0115,23621,0,0,NW,990907,8:16:38,8:16:56,18,0:00:00,0:00:00,0,AGENT,8:16:56,8:18:10,74,AVI
AA0115,23622,0,0,NW,990907,8:35:31,8:35:34,3,0:00:00,0:00:00,0,HANG,0:00:00,0:00:00,0,NO_SERVER
AA0115,23623,0,0,PS,990907,8:49:40,8:49:50,10,0:00:00,0:00:00,0,AGENT,8:49:48,8:53:22,214,ROTH
AA0115,23624,0,0,NW,990907,8:57:41,8:57:51,10,8:57:51,9:00:41,170,AGENT,9:00:40,9:00:41,1,AVI
AA0115,23625,0,0,PS,990907,9:10:27,9:10:37,10,0:00:00,0:00:00,0,AGENT,9:10:36,9:11:34,58,MORIAH
AA0115,23626,0,0,PS,990907,9:27:35,9:27:46,11,0:00:00,0:00:00,0,AGENT,9:27:45,9:40:36,771,MORIAH
AA0115,23627,59743989,1,PS,990907,9:34:54,9:34:59,5,9:34:59,9:35:33,34,AGENT,9:35:33,9:37:35,122,AVI
AA0115,23628,22073142,2,PS,990907,9:51:39,9:51:44,5,9:51:44,9:53:42,118,AGENT,9:53:42,9:55:24,102,AVI
AA0115,23629,7834245,2,PS,990907,10:05:08,10:05:14,6,10:05:14,10:05:56,42,HANG,10:05:58,10:06:05,7,NO_SERVER
AA0115,23630,57918849,1,NE,990907,10:15:49,10:15:55,6,10:15:55,10:16:37,42,AGENT,10:16:37,10:20:08,211,AVI
AA0115,23631,0,0,PS,990907,10:25:24,10:25:33,9,0:00:00,0:00:00,0,AGENT,10:25:32,10:30:56,324,ROTH
AA0115,23632,0,0,NE,990907,10:38:05,10:38:17,12,0:00:00,0:00:00,0,AGENT,10:38:15,10:41:07,172,ELI
AA0115,23633,25529173,1,PS,990907,10:50:08,10:50:14,6,10:50:14,10:50:43,29,AGENT,10:50:43,10:52:23,100,MORIAH
AA0115,23634,0,0,PS,990907,11:02:35,11:02:44,9,0:00:00,0:00:00,0,AGENT,11:02:43,11:03:59,76,ROTH
AA0115,23635,57141632,1,PS,990907,11:14:23,11:14:28,5,11:14:28,11:16:34,126,AGENT,11:16:32,11:16:35,3,TOVA
AA0115,23636,0,0,PS,990907,11:25:52,11:26:01,9,0:00:00,0:00:00,0,AGENT,11:26:00,11:26:06,6,NO_SERVER
AA0115,23637,7158140,2,PS,990907,11:35:42,11:35:48,6,11:35:48,11:40:00,252,AGENT,11:39:59,11:42:10,131,ROTH
AA0115,23638,9682923,2,PS,990907,11:45:30,11:45:36,6,11:45:36,11:48:55,199,AGENT,11:48:54,11:52:15,201,BASCH
AA0115,23639,51929339,2,PS,990907,11:58:07,11:58:13,6,11:58:13,12:00:00,107,AGENT,11:59:59,12:05:07,308,VICKY
AA0115,23640,30192405,2,PS,990907,12:10:10,12:10:16,6,12:10:16,12:10:49,33,AGENT,12:10:49,12:12:02,73,BASCH
AA0115,23641,0,0,NW,990907,12:25:38,12:25:41,3,0:00:00,0:00:00,0,HANG,0:00:00,0:00:00,0,NO_SERVER
AA0115,23642,0,0,PS,990907,12:38:55,12:39:04,9,0:00:00,0:00:00,0,AGENT,12:39:03,12:40:28,85,TOVA
AA0115,23643,0,0,PS,990907,12:57:10,12:57:19,9,0:00:00,0:00:00,0,AGENT,12:57:19,13:00:32,193,ROTH
AA0115,23644,0,0,NW,990907,13:12:45,13:12:54,9,13:12:54,13:13:46,52,HANG,0:00:00,0:00:00,0,NO_SERVER
AA0115,23645,0,0,PS,990907,13:28:09,13:28:20,11,0:00:00,0:00:00,0,AGENT,13:28:19,13:28:20,1,TOVA
AA0115,23646,0,0,PS,990907,13:44:57,13:45:10,13,0:00:00,0:00:00,0,AGENT,13:45:09,13:48:25,196,AVI
AA0115,23647,0,0,PS,990907,14:03:51,14:04:01,10,0:00:00,0:00:00,0,AGENT,14:04:00,14:04:51,51,VICKY
AA0115,23648,0,0,NW,990907,14:16:31,14:16:44,13,0:00:00,0:00:00,0,AGENT,14:16:44,14:17:17,33,AVI
AA0115,23649,29403516,2,PS,990907,14:31:34,14:31:39,5,14:31:39,14:32:38,59,AGENT,14:32:37,14:37:27,290,ROTH
AA0115,23650,29007010,1,PS,990907,14:40:04,14:40:09,5,14:40:09,14:43:11,182,AGENT,14:43:10,14:47:59,289,ROTH
AA0115,23651,34882050,1,PS,990907,14:52:51,14:52:57,6,14:52:57,14:54:32,95,PHANTOM,14:54:31,14:54:38,7,NO_SERVER
AA0115,23652,14504765,2,PS,990907,15:07:59,15:08:04,5,15:08:04,15:08:38,34,AGENT,15:08:38,15:11:51,193,VICKY
AA0115,23653,306485608,2,PS,990907,15:19:02,15:19:08,6,15:19:08,15:19:40,32,AGENT,15:19:39,15:20:45,66,DORIT
AA0115,23654,74450255,1,PS,990907,15:30:39,15:30:45,6,15:30:45,15:31:13,28,AGENT,15:31:12,15:32:42,90,DORIT
AA0115,23655,0,0,NW,990907,15:38:39,15:38:49,10,15:38:49,15:39:18,29,HANG,0:00:00,0:00:00,0,NO_SERVER
AA0115,23656,32084550,2,PS,990907,15:53:16,15:53:21,5,15:53:21,15:53:31,10,PHANTOM,15:53:30,15:53:33,3,NO_SERVER
AA0115,23657,10473262,2,PS,990907,16:04:16,16:04:21,5,16:04:21,16:05:23,62,AGENT,16:05:21,16:06:28,67,DARMON
AA0115,23658,0,0,NW,990907,16:13:38,16:13:47,9,16:13:47,16:14:06,19,AGENT,16:14:05,16:14:42,37,VICKY
AA0115,23659,58704610,2,PS,990907,16:28:16,16:28:22,6,16:28:22,16:28:59,37,AGENT,16:28:58,16:31:06,128,SHARON
AA0115,23660,0,0,NW,990907,16:42:26,16:42:46,20,0:00:00,0:00:00,0,AGENT,16:42:45,16:46:25,220,STEREN
AA0115,23661,0,0,NW,990907,16:49:39,16:49:48,9,16:49:48,16:51:10,82,HANG,0:00:00,0:00:00,0,NO_SERVER
AA0115,23662,0,0,PS,990907,17:00:13,17:00:26,13,0:00:00,0:00:00,0,AGENT,17:00:25,17:01:11,46,STEREN
AA0115,23663,0,0,NW,990907,17:15:34,17:15:43,9,17:15:43,17:16:04,21,AGENT,17:16:03,17:18:46,163,VICKY
AA0115,23664,0,0,PS,990907,17:28:17,17:28:29,12,0:00:00,0:00:00,0,AGENT,17:28:28,17:29:39,71,ZOHARI
AA0115,23665,0,0,NW,990907,17:42:16,17:42:25,9,17:42:25,17:42:44,19,AGENT,17:42:42,17:43:22,40,VICKY
AA0115,23666,0,0,NW,990907,17:47:52,17:47:57,5,0:00:00,0:00:00,0,HANG,0:00:00,0:00:00,0,NO_SERVER
AA0115,23667,0,0,PS,990907,18:02:18,18:02:27,9,0:00:00,0:00:00,0,AGENT,18:02:27,18:03:21,54,SHARON
AA0115,23668,0,0,PS,990907,18:18:24,18:18:41,17,0:00:00,0:00:00,0,AGENT,18:18:40,18:20:07,87,BENSION
AA0115,23669,0,0,PS,990907,18:48:13,18:48:30,17,0:00:00,0:00:00,0,AGENT,18:48:29,18:50:09,100,SHARON
AA0115,23670,0,0,PS,990907,19:13:21,19:13:35,14,0:00:00,0:00:00,0,AGENT,19:13:34,19:14:38,64,BENSION
AA0115,23671,0,0,PS,990907,19:37:55,19:38:11,16,0:00:00,0:00:00,0,AGENT,19:38:10,19:38:55,45,BENSION
AA0115,23672,0,0,PS,990907,20:09:14,20:09:25,11,0:00:00,0:00:00,0,AGENT,20:09:25,20:10:23,58,DORIT
AA0115,23673,0,0,PS,990907,20:31:31,20:31:39,8,0:00:00,0:00:00,0,AGENT,20:31:38,20:32:16,38,STEREN
AA0115,23674,0,0,PS,990907,20:51:18,20:52:23,65,0:00:00,0:00:00,0,AGENT,20:52:23,20:56:02,219,ZOHARI
AA0115,23675,0,0,NW,990907,21:08:42,21:08:51,9,21:08:51,21:09:03,12,AGENT,21:09:03,21:10:46,103,SHARON
AA0115,23676,0,0,PS,990907,21:31:16,21:31:26,10,0:00:00,0:00:00,0,AGENT,21:31:26,21:35:31,245,DORIT
AA0115,23677,0,0,PS,990907,21:56:28,21:56:36,8,0:00:00,0:00:00,0,AGENT,21:56:36,21:57:16,40,DORIT
AA0115,23678,0,0,PS,990907,22:23:06,22:23:21,15,0:00:00,0:00:00,0,AGENT,22:23:20,22:25:34,134,BENSION
AA0115,23679,58029620,2,PS,990907,22:41:42,22:41:47,5,22:41:47,22:42:49,62,AGENT,22:42:48,22:44:02,74,ZOHARI
AA0115,23680,0,0,PS,990907,23:11:34,23:11:45,11,0:00:00,0:00:00,0,AGENT,23:11:44,23:12:40,56,SHARON
AA0115,23682,0,0,PS,990908,0:17:48,0:17:48,0,0:00:00,0:00:00,0,HANG,0:00:00,0:00:00,0,NO_SERVER
AA0115,23683,0,0,PS,990908,6:55:08,6:55:34,26,0:00:00,0:00:00,0,HANG,0:00:00,0:00:00,0,NO_SERVER
AA0115,23684,0,0,PS,990908,7:30:44,7:30:55,11,0:00:00,0:00:00,0,AGENT,7:30:54,7:32:33,99,BASCH
AA0115,23685,0,0,NW,990908,8:03:49,8:03:58,9,8:03:58,8:04:51,53,AGENT,8:04:50,8:05:35,45,STEREN
AA0115,23686,0,0,PS,990908,8:20:51,8:21:18,27,0:00:00,0:00:00,0,AGENT,8:21:18,8:22:35,77,STEREN
AA0115,23687,0,0,PS,990908,8:40:55,8:41:06,11,0:00:00,0:00:00,0,AGENT,8:41:05,8:42:22,77,ZOHARI
AA0115,23688,119560,2,PS,990908,8:49:27,8:49:33,6,8:49:33,8:50:02,29,AGENT,8:50:01,8:52:30,149,DORIT
AA0115,23689,0,0,NW,990908,9:00:58,9:01:07,9,9:01:07,9:02:01,54,AGENT,9:02:00,9:02:46,46,STEREN
AA0115,23690,0,0,NW,990908,9:14:06,9:14:16,10,9:14:16,9:14:19,3,AGENT,9:14:18,9:15:02,44,STEREN
AA0115,23691,0,0,PS,990908,9:26:39,9:26:49,10,0:00:00,0:00:00,0,AGENT,9:26:48,9:34:54,486,YITZ
AA0115,23692,0,0,NE,990908,9:39:38,9:39:51,13,0:00:00,0:00:00,0,AGENT,9:39:50,9:43:30,220,ZOHARI
AA0115,23693,0,0,PS,990908,9:50:05,9:50:15,10,0:00:00,0:00:00,0,AGENT,9:50:15,9:55:07,292,DORIT
AA0115,23694,34398602,2,PS,990908,9:58:21,9:58:26,5,9:58:26,10:00:32,126,AGENT,10:00:31,10:01:57,86,SHARON
AA0115,23695,0,0,NW,990908,10:08:15,10:08:25,10,10:08:25,10:09:19,54,HANG,0:00:00,0:00:00,0,NO_SERVER
AA0115,23696,55387302,1,PS,990908,10:12:56,10:13:01,5,10:13:01,10:16:50,229,AGENT,10:16:50,10:17:25,35,STEREN
AA0115,23697,33474602,2,PS,990908,10:24:40,10:24:46,6,10:24:46,10:25:08,22,AGENT,10:25:07,10:33:05,478,STEREN
AA0115,23698,0,0,NW,990908,10:37:58,10:38:07,9,10:38:07,10:41:15,188,HANG,0:00:00,0:00:00,0,NO_SERVER
AA0115,23699,0,0,PS,990908,10:55:23,10:55:37,14,0:00:00,0:00:00,0,AGENT,10:55:35,10:58:06,151,SHARON
AA0115,23700,33849217,1,PS,990908,11:09:11,11:09:17,6,11:09:17,11:10:12,55,HANG,0:00:00,0:00:00,0,NO_SERVER
AA0115,23701,0,0,PS,990908,11:26:36,11:26:45,9,0:00:00,0:00:00,0,AGENT,11:26:44,11:28:05,81,ROTH
AA0115,23702,57884199,2,PS,990908,11:38:31,11:38:37,6,11:38:37,11:39:49,72,AGENT,11:39:48,11:47:59,491,DORIT
AA0115,23703,0,0,PS,990908,11:51:49,11:51:58,9,0:00:00,0:00:00,0,AGENT,11:51:57,12:02:09,612,ROTH
AA0115,23704,0,0,NW,990908,12:02:56,12:03:09,13,0:00:00,0:00:00,0,AGENT,12:03:08,12:04:04,56,ROTH
AA0115,23705,0,0,NW,990908,12:14:35,12:14:44,9,12:14:44,12:18:54,250,AGENT,12:18:53,12:24:03,310,ROTH
AA0115,23706,0,0,PS,990908,12:32:34,12:32:43,9,0:00:00,0:00:00,0,AGENT,12:32:42,12:40:17,455,BASCH
AA0115,23707,0,0,NW,990908,12:45:44,12:45:53,9,12:45:53,12:46:34,41,AGENT,12:46:33,12:54:48,495,ROTH
AA0115,23708,55387302,1,PS,990908,13:02:50,13:02:55,5,13:02:55,13:03:02,7,AGENT,13:03:01,13:05:06,125,STEREN
AA0115,23709,58704610,2,PS,990908,13:15:57,13:16:02,5,13:16:02,13:18:05,123,AGENT,13:18:04,13:20:28,144,ROTH
AA0115,23710,52867744,2,PS,990908,13:29:53,13:29:58,5,13:29:58,13:30:30,32,AGENT,13:30:30,13:32:30,120,BASCH
AA0115,23711,29694486,1,PS,990908,13:42:05,13:42:11,6,13:42:11,13:42:18,7,HANG,0:00:00,0:00:00,0,NO_SERVER
AA0115,23712,4312914,2,PS,990908,13:49:11,13:49:16,5,13:49:16,13:50:23,67,AGENT,13:50:17,13:51:50,93,SHARON
AA0115,23713,0,0,PS,990908,13:59:52,13:59:59,7,0:00:00,0:00:00,0,AGENT,13:59:59,14:10:44,645,BASCH
AA0115,23714,0,0,PS,990908,14:13:23,14:13:32,9,0:00:00,0:00:00,0,AGENT,14:13:31,14:22:51,560,BASCH
AA0115,23715,0,0,PS,990908,14:30:20,14:30:29,9,0:00:00,0:00:00,0,AGENT,14:30:28,14:33:16,168,BASCH
AA0115,23716,0,0,PS,990908,14:41:59,14:42:11,12,0:00:00,0:00:00,0,AGENT,14:42:10,14:43:03,53,DORIT
AA0115,23717,0,0,PS,990908,14:51:57,14:52:06,9,0:00:00,0:00:00,0,AGENT,14:52:06,14:53:09,63,ROTH
AA0115,23718,24304800,1,PS,990908,15:06:18,15:06:24,6,15:06:24,15:09:43,199,AGENT,15:09:42,15:35:46,1564,MORIAH
AA0115,23719,56765985,2,PS,990908,15:19:41,15:19:46,5,15:19:46,15:20:36,50,AGENT,15:20:35,15:23:08,153,MORIAH
AA0115,23720,57379505,2,PS,990908,15:31:40,15:31:46,6,15:31:46,15:32:47,61,AGENT,15:32:45,15:43:36,651,KAZAV
AA0115,23721,30271852,2,PS,990908,15:37:48,15:37:54,6,15:37:54,15:38:15,21,HANG,0:00:00,0:00:00,0,NO_SERVER
AA0115,23722,0,0,NW,990908,15:42:04,15:42:13,9,15:42:13,15:42:27,14,HANG,0:00:00,0:00:00,0,NO_SERVER
AA0115,23723,74450255,1,PS,990908,15:50:01,15:50:07,6,15:50:07,15:52:30,143,AGENT,15:52:29,15:54:43,134,DARMON
AA0115,23724,0,0,NE,990908,16:01:45,16:02:01,16,0:00:00,0:00:00,0,AGENT,16:01:59,16:04:24,145,ELI
AA0115,23725,41630443,2,PS,990908,16:14:20,16:14:26,6,16:14:26,16:16:46,140,AGENT,16:16:44,16:17:42,58,BENSION
AA0115,23726,0,0,PS,990908,16:28:45,16:28:55,10,0:00:00,0:00:00,0,AGENT,16:28:53,16:30:03,70,ANAT
AA0115,23727,65607277,2,PS,990908,16:38:35,16:38:41,6,16:38:41,16:38:48,7,AGENT,16:38:47,16:41:26,159,ANAT
AA0115,23728,0,0,PS,990908,16:57:23,16:57:34,11,0:00:00,0:00:00,0,AGENT,16:57:33,16:58:34,61,DARMON
AA0115,23729,0,0,PS,990908,17:14:48,17:14:57,9,0:00:00,0:00:00,0,AGENT,17:14:56,17:15:01,5,MORIAH
AA0115,23730,24040784,1,PS,990908,17:32:34,17:32:40,6,17:32:40,17:33:59,79,AGENT,17:33:58,17:35:23,85,BENSION
AA0115,23731,0,0,NW,990908,17:46:41,17:46:50,9,17:46:50,17:48:14,84,AGENT,17:48:13,17:49:12,59,BENSION
AA0115,23732,0,0,PS,990908,18:10:08,18:10:21,13,0:00:00,0:00:00,0,AGENT,18:10:20,18:11:15,55,BENSION
AA0115,23733,28526762,2,PS,990908,18:28:09,18:28:15,6,18:28:15,18:28:48,33,AGENT,18:28:48,18:28:50,2,MORIAH
AA0115,23734,0,0,NE,990908,18:46:11,18:46:24,13,0:00:00,0:00:00,0,AGENT,18:46:23,19:02:42,979,MEIR
AA0115,23735,0,0,NW,990908,19:06:35,19:06:56,21,0:00:00,0:00:00,0,AGENT,19:06:55,19:10:07,192,MORIAH
AA0115,23736,47725536,1,PS,990908,19:18:40,19:18:46,6,19:18:46,19:19:00,14,AGENT,19:19:00,19:23:53,293,MEIR
AA0115,23737,0,0,PS,990908,19:32:57,19:33:13,16,0:00:00,0:00:00,0,AGENT,19:33:13,19:34:36,83,ANAT
AA0115,23738,59630624,1,NE,990908,19:59:30,19:59:35,5,19:59:35,20:00:06,31,AGENT,20:00:06,20:00:06,0,ANAT
AA0115,23739,0,0,PS,990908,20:28:33,20:28:45,12,0:00:00,0:00:00,0,AGENT,20:28:44,20:30:27,103,BENSION
AA0115,23740,0,0,PS,990908,20:53:52,20:54:03,11,0:00:00,0:00:00,0,AGENT,20:54:03,20:54:05,2,ANAT
AA0115,23741,54921580,2,PS,990908,21:10:57,21:11:02,5,21:11:02,21:11:51,49,AGENT,21:11:49,21:14:26,157,MEIR
AA0115,23742,0,0,PS,990908,21:28:33,21:28:48,15,0:00:00,0:00:00,0,AGENT,21:28:47,21:29:31,44,BENSION
AA0115,23743,0,0,PS,990908,21:47:32,21:47:42,10,0:00:00,0:00:00,0,AGENT,21:47:42,21:49:55,133,MEIR
AA0115,23744,0,0,PS,990908,22:12:50,22:13:04,14,0:00:00,0:00:00,0,AGENT,22:13:03,22:13:46,43,BENSION
AA0115,23745,1426659,2,NE,990908,22:33:27,22:33:32,5,22:33:32,22:34:30,58,AGENT,22:34:30,22:37:12,162,AVI
AA0115,23746,0,0,NW,990908,23:01:07,23:01:16,9,23:01:16,23:06:08,292,AGENT,23:06:08,23:06:28,20,BENSION
AA0115,23747,0,0,NW,990908,23:46:12,23:46:28,16,0:00:00,0:00:00,0,AGENT,23:46:27,23:46:47,20,AVI
AA0115,23749,0,0,PS,990909,6:57:16,6:57:17,1,0:00:00,0:00:00,0,HANG,0:00:00,0:00:00,0,NO_SERVER
AA0115,23750,0,0,PS,990909,7:33:12,7:33:21,9,0:00:00,0:00:00,0,AGENT,7:33:20,7:34:16,56,YIFAT
AA0115,23751,0,0,PS,990909,8:10:21,8:10:31,10,0:00:00,0:00:00,0,AGENT,8:10:30,8:12:07,97,ANAT
AA0115,23752,0,0,PS,990909,8:32:36,8:32:46,10,0:00:00,0:00:00,0,AGENT,8:32:44,8:33:51,67,BASCH
AA0115,23753,0,0,PS,990909,8:46:21,8:46:29,8,0:00:00,0:00:00,0,AGENT,8:46:29,8:47:50,81,YIFAT
AA0115,23754,0,0,PS,990909,9:01:30,9:01:40,10,0:00:00,0:00:00,0,AGENT,9:01:38,9:07:49,371,KAZAV
AA0115,23755,0,0,NW,990909,9:13:18,9:13:31,13,0:00:00,0:00:00,0,AGENT,9:13:30,9:15:51,141,ROTH
AA0115,23756,312675614,1,PS,990909,9:25:28,9:25:33,5,9:25:33,9:26:19,46,AGENT,9:26:19,9:28:27,128,NAAMA
AA0115,23757,0,0,NW,990909,9:47:58,9:48:12,14,0:00:00,0:00:00,0,AGENT,9:48:11,9:52:31,260,BASCH
AA0115,23758,0,0,PS,990909,10:01:46,10:01:55,9,0:00:00,0:00:00,0,AGENT,10:01:54,10:04:25,151,DORIT
AA0115,23759,0,0,PS,990909,10:15:43,10:15:52,9,0:00:00,0:00:00,0,AGENT,10:15:51,10:17:04,73,ROTH
AA0115,23760,55089403,1,PS,990909,10:25:59,10:26:05,6,10:26:05,10:26:22,17,AGENT,10:26:21,10:27:35,74,NAAMA
AA0115,23761,0,0,NW,990909,10:40:07,10:40:16,9,10:40:16,10:40:32,16,HANG,0:00:00,0:00:00,0,NO_SERVER
AA0115,23762,0,0,NW,990909,10:55:01,10:55:15,14,0:00:00,0:00:00,0,AGENT,10:55:15,10:57:28,133,BASCH
AA0115,23763,0,0,PS,990909,11:08:38,11:08:47,9,0:00:00,0:00:00,0,AGENT,11:08:46,11:08:55,9,NO_SERVER
AA0115,23764,0,0,PS,990909,11:25:17,11:25:29,12,0:00:00,0:00:00,0,AGENT,11:25:28,11:28:24,176,NAAMA
AA0115,23765,0,0,PS,990909,11:40:06,11:40:16,10,0:00:00,0:00:00,0,AGENT,11:40:15,11:42:49,154,SHARON
AA0115,23766,0,0,NW,990909,11:55:36,11:55:51,15,0:00:00,0:00:00,0,AGENT,11:55:51,11:56:57,66,ROTH
AA0115,23767,0,0,PS,990909,12:09:28,12:09:47,19,0:00:00,0:00:00,0,AGENT,12:09:45,12:11:38,113,BASCH
AA0115,23768,0,0,NW,990909,12:32:48,12:33:01,13,0:00:00,0:00:00,0,AGENT,12:33:01,12:33:40,39,SHARON
AA0115,23769,50316827,1,PS,990909,12:44:14,12:44:20,6,12:44:20,12:44:45,25,AGENT,12:44:44,12:45:40,56,SHARON
AA0115,23770,56765985,2,PS,990909,12:57:44,12:57:50,6,12:57:50,12:57:55,5,AGENT,12:57:54,12:59:07,73,YIFAT
AA0115,23771,22874192,2,PS,990909,13:12:27,13:12:32,5,13:12:32,13:14:32,120,AGENT,13:14:31,13:14:57,26,DORIT
AA0115,23772,0,0,PS,990909,13:32:44,13:32:55,11,0:00:00,0:00:00,0,AGENT,13:32:54,13:33:59,65,BASCH
AA0115,23773,0,0,PS,990909,13:47:22,13:47:31,9,0:00:00,0:00:00,0,AGENT,13:47:30,13:48:14,44,DORIT
AA0115,23774,54128681,2,PS,990909,14:07:34,14:07:40,6,14:07:40,14:07:53,13,AGENT,14:07:53,14:10:23,150,SHARON
AA0115,23775,22532980,2,PS,990909,14:18:13,14:18:18,5,14:18:18,14:20:17,119,AGENT,14:20:16,14:29:15,539,BASCH
AA0115,23776,33771833,1,PS,990909,14:28:15,14:28:20,5,14:28:20,14:31:20,180,HANG,0:00:00,0:00:00,0,NO_SERVER
AA0115,23777,0,0,PS,990909,14:46:35,14:46:44,9,0:00:00,0:00:00,0,AGENT,14:46:43,14:55:15,512,SHARON
AA0115,23778,0,0,PS,990909,14:56:26,14:56:36,10,0:00:00,0:00:00,0,AGENT,14:56:35,15:04:29,474,KAZAV
AA0115,23779,0,0,PS,990909,15:10:30,15:10:42,12,0:00:00,0:00:00,0,AGENT,15:10:41,15:20:30,589,ZOHARI
AA0115,23780,68192285,1,PS,990909,15:21:31,15:21:37,6,15:21:37,15:24:09,152,AGENT,15:24:08,15:30:33,385,BASCH
AA0115,23781,0,0,NE,990909,15:35:36,15:35:48,12,0:00:00,0:00:00,0,AGENT,15:35:46,15:44:07,501,ELI
AA0115,23782,59683789,2,PS,990909,15:41:29,15:41:35,6,15:41:35,15:42:19,44,HANG,0:00:00,0:00:00,0,NO_SERVER
AA0115,23783,58859752,2,PS,990909,15:52:17,15:52:22,5,15:52:22,15:52:40,18,AGENT,15:52:39,15:55:05,146,STEREN
AA0115,23784,0,0,PS,990909,16:06:21,16:06:34,13,0:00:00,0:00:00,0,AGENT,16:06:34,16:09:03,149,AVI
AA0115,23785,0,0,NW,990909,16:18:33,16:18:43,10,16:18:43,16:19:19,36,AGENT,16:19:18,16:21:33,135,ROTH
AA0115,23786,50888668,1,PS,990909,16:30:35,16:30:41,6,16:30:41,16:32:49,128,AGENT,16:32:48,16:35:33,165,YITZ
AA0115,23787,15580574,1,PS,990909,16:45:33,16:45:39,6,16:45:39,16:46:38,59,AGENT,16:46:38,16:47:56,78,AVI
AA0115,23788,0,0,NW,990909,16:56:17,16:56:26,9,16:56:26,16:59:55,209,HANG,0:00:00,0:00:00,0,NO_SERVER
AA0115,23789,22357909,1,PS,990909,17:10:50,17:10:55,5,17:10:55,17:11:21,26,HANG,0:00:00,0:00:00,0,NO_SERVER
AA0115,23790,0,0,PS,990909,17:23:51,17:24:01,10,0:00:00,0:00:00,0,AGENT,17:24:00,17:27:06,186,ZOHARI
AA0115,23791,59630624,1,NE,990909,17:43:18,17:43:24,6,17:43:24,17:47:15,231,HANG,0:00:00,0:00:00,0,NO_SERVER
AA0115,23792,29481769,1,PS,990909,17:58:14,17:58:20,6,17:58:20,17:59:54,94,HANG,0:00:00,0:00:00,0,NO_SERVER
AA0115,23793,22532980,2,PS,990909,18:19:37,18:19:43,6,18:19:43,18:20:53,70,AGENT,18:20:52,18:23:57,185,YITZ
AA0115,23794,0,0,NW,990909,18:38:37,18:38:55,18,0:00:00,0:00:00,0,AGENT,18:38:54,18:40:15,81,STEREN
AA0115,23795,0,0,PS,990909,19:01:39,19:01:52,13,0:00:00,0:00:00,0,AGENT,19:01:51,19:01:51,0,AVI
AA0115,23796,0,0,PS,990909,19:22:10,19:22:19,9,0:00:00,0:00:00,0,AGENT,19:22:19,19:31:29,550,ZOHARI
AA0115,23797,0,0,PS,990909,19:45:20,19:45:29,9,0:00:00,0:00:00,0,AGENT,19:45:28,19:53:51,503,ZOHARI
AA0115,23798,0,0,PS,990909,20:05:05,20:05:17,12,0:00:00,0:00:00,0,AGENT,20:05:16,20:08:37,201,ZOHARI
AA0115,23799,0,0,PS,990909,20:28:52,20:29:02,10,0:00:00,0:00:00,0,AGENT,20:29:01,20:32:35,214,AVI
AA0115,23800,23577406,1,PS,990909,20:59:27,20:59:32,5,20:59:32,20:59:37,5,HANG,0:00:00,0:00:00,0,NO_SERVER
AA0115,23801,0,0,PS,990909,21:24:16,21:24:25,9,0:00:00,0:00:00,0,AGENT,21:24:25,21:25:29,64,AVI
AA0115,23802,0,0,PS,990909,21:45:05,21:45:13,8,0:00:00,0:00:00,0,AGENT,21:45:12,21:47:41,149,STEREN
AA0115,23803,32223752,1,PS,990909,22:18:32,22:18:38,6,22:18:38,22:20:01,83,AGENT,22:20:00,22:21:34,94,ZOHARI
AA0115,23804,0,0,NE,990909,22:50:49,22:50:59,10,0:00:00,0:00:00,0,AGENT,22:50:59,22:55:01,242,ZOHARI
AA0115,23805,28465698,2,NE,990909,23:16:36,23:16:42,6,23:16:42,23:17:04,22,HANG,0:00:00,0:00:00,0,NO_SERVER
AA0115,23806,0,0,NE,990910,0:46:34,0:46:45,11,0:00:00,0:00:00,0,HANG,0:00:00,0:00:00,0,NO_SERVER
AA0115,23807,0,0,PS,990910,7:36:38,7:36:48,10,0:00:00,0:00:00,0,AGENT,7:36:47,7:37:34,47,SHARON
AA0115,23808,0,0,NW,990910,8:05:45,8:05:59,14,0:00:00,0:00:00,0,AGENT,8:05:58,8:06:28,30,SHARON
AA0115,23809,0,0,NW,990910,8:23:56,8:24:05,9,8:24:05,8:24:29,24,AGENT,8:24:28,8:25:12,44,SHARON
AA0115,23810,0,0,NW,990910,8:45:25,8:45:46,21,0:00:00,0:00:00,0,AGENT,8:45:45,8:50:19,274,BASCH
AA0115,23811,0,0,PS,990910,8:58:50,8:58:59,9,0:00:00,0:00:00,0,AGENT,8:58:58,9:00:58,120,AVNI
AA0115,23812,0,0,PS,990910,9:15:11,9:15:20,9,0:00:00,0:00:00,0,AGENT,9:15:19,9:16:18,59,BASCH
AA0115,23813,54875729,1,PS,990910,9:25:31,9:25:37,6,9:25:37,9:26:42,65,AGENT,9:26:41,9:26:47,6,BENSION
AA0115,23814,0,0,PS,990910,9:38:47,9:38:58,11,0:00:00,0:00:00,0,AGENT,9:38:57,9:41:56,179,VICKY
AA0115,23815,0,0,PS,990910,9:53:38,9:53:48,10,0:00:00,0:00:00,0,AGENT,9:53:47,9:56:33,166,AVNI
AA0115,23816,33151754,1,PS,990910,10:03:40,10:03:45,5,10:03:45,10:04:18,33,AGENT,10:04:17,10:05:30,73,AVNI
AA0115,23817,0,0,NW,990910,10:22:15,10:22:31,16,0:00:00,0:00:00,0,AGENT,10:22:32,10:22:38,6,NO_SERVER
AA0115,23818,0,0,NW,990910,10:34:57,10:35:26,29,0:00:00,0:00:00,0,AGENT,10:35:25,10:40:32,307,AVNI
AA0115,23819,0,0,PS,990910,10:51:55,10:52:03,8,0:00:00,0:00:00,0,AGENT,10:52:03,10:53:09,66,SHARON
AA0115,23820,0,0,PS,990910,11:08:45,11:08:59,14,0:00:00,0:00:00,0,AGENT,11:08:58,11:10:39,101,BENSION
AA0115,23821,0,0,PS,990910,11:30:30,11:30:47,17,0:00:00,0:00:00,0,AGENT,11:30:46,11:31:20,34,BENSION
AA0115,23822,0,0,PS,990910,11:58:00,11:58:10,10,0:00:00,0:00:00,0,AGENT,11:58:08,12:10:22,734,AVNI
AA0115,23823,0,0,PS,990910,12:25:12,12:25:23,11,0:00:00,0:00:00,0,AGENT,12:25:22,12:27:06,104,DORIT
AA0115,23824,0,0,PS,990910,13:02:43,13:02:55,12,0:00:00,0:00:00,0,HANG,0:00:00,0:00:00,0,NO_SERVER
AA0115,23825,0,0,PS,990910,13:26:14,13:26:42,28,0:00:00,0:00:00,0,HANG,0:00:00,0:00:00,0,NO_SERVER
AA0115,23826,0,0,PS,990910,14:19:05,14:19:20,15,0:00:00,0:00:00,0,HANG,0:00:00,0:00:00,0,NO_SERVER
AA0115,23828,0,0,PS,990910,16:26:23,16:26:23,0,0:00:00,0:00:00,0,HANG,0:00:00,0:00:00,0,NO_SERVER
AA0115,23829,0,0,NW,990911,11:08:46,11:09:24,38,0:00:00,0:00:00,0,HANG,0:00:00,0:00:00,0,NO_SERVER
AA0115,23830,0,0,NW,990911,20:17:51,20:18:16,25,0:00:00,0:00:00,0,HANG,0:00:00,0:00:00,0,NO_SERVER
AA0115,23831,0,0,PS,990912,16:31:05,16:31:24,19,0:00:00,0:00:00,0,HANG,0:00:00,0:00:00,0,NO_SERVER
AA0115,23833,0,0,PS,990912,19:36:47,19:36:47,0,0:00:00,0:00:00,0,HANG,0:00:00,0:00:00,0,NO_SERVER
AA0115,23834,0,0,PS,990912,20:04:48,20:04:57,9,0:00:00,0:00:00,0,AGENT,20:04:56,20:05:59,63,SHARON
AA0115,23835,0,0,NW,990912,20:28:02,20:28:11,9,20:28:11,20:28:12,1,HANG,0:00:00,0:00:00,0,NO_SERVER
AA0115,23836,0,0,PS,990912,20:45:29,20:45:38,9,0:00:00,0:00:00,0,AGENT,20:45:37,20:47:27,110,AVNI
AA0115,23837,54042171,2,NE,990912,21:16:34,21:16:40,6,21:16:40,21:16:59,19,AGENT,21:16:58,21:17:48,50,SHARON
AA0115,23838,0,0,PS,990912,21:53:22,21:53:37,15,0:00:00,0:00:00,0,AGENT,21:53:36,21:54:44,68,SHARON
AA0115,23839,0,0,PS,990912,22:37:07,22:37:24,17,0:00:00,0:00:00,0,AGENT,22:37:23,22:38:11,48,AVNI
AA0115,23840,0,0,PS,990912,23:17:26,23:17:37,11,0:00:00,0:00:00,0,AGENT,23:17:36,23:19:37,121,AVNI
AA0115,23841,0,0,PS,990913,6:50:26,6:50:54,28,0:00:00,0:00:00,0,HANG,0:00:00,0:00:00,0,NO_SERVER
AA0115,23842,0,0,PS,990913,7:34:41,7:34:54,13,0:00:00,0:00:00,0,AGENT,7:34:54,7:37:48,174,TOVA
AA0115,23843,0,0,PS,990913,8:01:50,8:02:00,10,0:00:00,0:00:00,0,AGENT,8:01:59,8:08:11,372,SHARON
AA0115,23844,0,0,PS,990913,8:16:23,8:16:33,10,0:00:00,0:00:00,0,AGENT,8:16:32,8:17:49,77,TOVA
AA0115,23845,0,0,PS,990913,8:31:58,8:32:11,13,0:00:00,0:00:00,0,AGENT,8:32:10,8:33:45,95,TOVA
AA0115,23846,0,0,PS,990913,8:42:21,8:42:31,10,0:00:00,0:00:00,0,AGENT,8:42:30,8:43:58,88,STEREN
AA0115,23847,0,0,NW,990913,8:49:01,8:49:10,9,8:49:10,8:50:07,57,AGENT,8:50:07,8:50:14,7,SHARON
AA0115,23848,0,0,PS,990913,9:02:48,9:02:58,10,0:00:00,0:00:00,0,AGENT,9:02:58,9:07:06,248,VICKY
AA0115,23849,0,0,NE,990913,9:10:49,9:11:01,12,0:00:00,0:00:00,0,AGENT,9:11:00,9:41:48,1848,ELI
AA0115,23850,0,0,PS,990913,9:20:56,9:21:07,11,0:00:00,0:00:00,0,AGENT,9:21:06,9:21:49,43,VICKY
AA0115,23851,0,0,PS,990913,9:33:54,9:34:04,10,0:00:00,0:00:00,0,AGENT,9:34:03,9:35:02,59,VICKY
AA0115,23852,0,0,NE,990913,9:40:27,9:40:38,11,0:00:00,0:00:00,0,AGENT,9:40:36,9:44:59,263,TOVA
AA0115,23853,0,0,PS,990913,9:48:00,9:48:10,10,0:00:00,0:00:00,0,AGENT,9:48:09,9:49:00,51,KAZAV
AA0115,23854,0,0,PS,990913,9:58:50,9:59:07,17,0:00:00,0:00:00,0,AGENT,9:59:06,10:00:21,75,VICKY
AA0115,23855,0,0,PS,990913,10:10:08,10:10:18,10,0:00:00,0:00:00,0,AGENT,10:10:16,10:11:21,65,GILI
AA0115,23856,0,0,PS,990913,10:18:52,10:19:01,9,0:00:00,0:00:00,0,AGENT,10:19:01,10:20:11,70,VICKY
AA0115,23857,0,0,PS,990913,10:29:48,10:30:00,12,0:00:00,0:00:00,0,AGENT,10:29:59,10:34:08,249,TOVA
AA0115,23858,0,0,PS,990913,10:36:53,10:37:05,12,0:00:00,0:00:00,0,AGENT,10:37:04,10:40:20,196,YIFAT
AA0115,23859,0,0,NW,990913,10:44:29,10:44:38,9,10:44:38,10:44:55,17,AGENT,10:44:54,10:45:14,20,SHARON
AA0115,23860,0,0,PS,990913,10:55:11,10:55:21,10,0:00:00,0:00:00,0,AGENT,10:55:20,10:59:24,244,TOVA
AA0115,23861,11084423,1,PS,990913,11:04:55,11:05:00,5,11:05:00,11:05:23,23,AGENT,11:05:22,11:09:18,236,ROTH
AA0115,23862,0,0,NW,990913,11:14:55,11:15:09,14,0:00:00,0:00:00,0,AGENT,11:15:09,11:15:17,8,NO_SERVER
AA0115,23863,29539897,2,PS,990913,11:23:59,11:24:04,5,11:24:04,11:24:10,6,AGENT,11:24:08,11:25:11,63,KAZAV
AA0115,23864,0,0,PS,990913,11:32:05,11:32:14,9,0:00:00,0:00:00,0,AGENT,11:32:13,11:33:38,85,TOVA
AA0115,23865,0,0,PS,990913,11:42:06,11:42:15,9,0:00:00,0:00:00,0,AGENT,11:42:14,11:44:06,112,GILI
AA0115,23866,74780917,2,NE,990913,11:50:59,11:51:05,6,11:51:05,11:52:01,56,AGENT,11:51:59,11:55:22,203,SHARON
AA0115,23867,0,0,PS,990913,12:00:00,12:00:11,11,0:00:00,0:00:00,0,AGENT,12:00:09,12:01:07,58,SHARON
AA0115,23868,0,0,PS,990913,12:07:25,12:07:34,9,0:00:00,0:00:00,0,AGENT,12:07:33,12:08:48,75,VICKY
AA0115,23869,0,0,PS,990913,12:17:09,12:17:20,11,0:00:00,0:00:00,0,AGENT,12:17:18,12:20:47,209,VICKY
AA0115,23870,0,0,PS,990913,12:29:34,12:29:44,10,0:00:00,0:00:00,0,AGENT,12:29:43,12:32:21,158,KAZAV
AA0115,23871,0,0,NW,990913,12:42:36,12:42:50,14,0:00:00,0:00:00,0,AGENT,12:42:49,12:43:42,53,STEREN
AA0115,23872,0,0,PS,990913,12:55:30,12:55:39,9,0:00:00,0:00:00,0,AGENT,12:55:38,12:59:57,259,TOVA
AA0115,23873,38533188,1,PS,990913,13:08:13,13:08:19,6,13:08:19,13:11:10,171,AGENT,13:11:09,13:12:21,72,YIFAT
AA0115,23874,33564899,1,PS,990913,13:21:14,13:21:19,5,13:21:19,13:22:14,55,AGENT,13:22:13,13:25:01,168,ZOHARI
AA0115,23875,0,0,PS,990913,13:30:10,13:30:19,9,0:00:00,0:00:00,0,AGENT,13:30:18,13:32:15,117,SHARON
AA0115,23876,0,0,NW,990913,13:43:05,13:43:14,9,13:43:14,13:44:48,94,AGENT,13:44:47,13:45:37,50,VICKY
AA0115,23877,65422933,2,PS,990913,13:50:15,13:50:20,5,13:50:20,13:54:55,275,AGENT,13:54:54,13:59:24,270,MORIAH
AA0115,23878,33474602,2,PS,990913,14:01:39,14:01:45,6,14:01:45,14:03:10,85,AGENT,14:03:10,14:04:57,107,SHARON
AA0115,23879,22466734,2,PS,990913,14:07:47,14:07:53,6,14:07:53,14:09:15,82,AGENT,14:09:14,14:17:44,510,MORIAH
AA0115,23880,28538312,2,PS,990913,14:12:30,14:12:36,6,14:12:36,14:17:59,323,AGENT,14:17:58,14:18:04,6,MORIAH
AA0115,23881,7575806,2,PS,990913,14:20:34,14:20:41,7,14:20:41,14:20:48,7,AGENT,14:20:48,14:27:36,408,ROTH
AA0115,23882,57074585,2,PS,990913,14:27:58,14:28:04,6,14:28:04,14:28:26,22,AGENT,14:28:25,14:28:46,21,ROTH
AA0115,23883,10473262,2,PS,990913,14:35:29,14:35:34,5,14:35:34,14:36:20,46,AGENT,14:36:20,14:36:22,2,MORIAH
AA0115,23884,36160091,1,PS,990913,14:43:57,14:44:03,6,14:44:03,14:46:17,134,AGENT,14:46:16,14:49:03,167,ZOHARI
AA0115,23885,32238313,2,PS,990913,14:52:30,14:52:35,5,14:52:35,14:53:14,39,HANG,0:00:00,0:00:00,0,NO_SERVER
AA0115,23886,314574559,2,PS,990913,15:02:19,15:02:25,6,15:02:25,15:03:00,35,AGENT,15:02:59,15:03:06,7,MORIAH
AA0115,23887,63193346,2,PS,990913,15:09:19,15:09:25,6,15:09:25,15:13:38,253,AGENT,15:13:37,15:15:57,140,STEREN
AA0115,23888,25124181,2,NE,990913,15:20:13,15:20:19,6,15:20:19,15:22:34,135,AGENT,15:22:33,15:29:42,429,ROTH
AA0115,23889,0,0,NW,990913,15:29:42,15:29:52,10,15:29:52,15:33:44,232,AGENT,15:33:43,15:34:03,20,SHARON
AA0115,23890,0,0,NW,990913,15:43:24,15:43:37,13,0:00:00,0:00:00,0,AGENT,15:43:36,15:44:05,29,STEREN
AA0115,23891,0,0,PS,990913,15:55:37,15:55:46,9,0:00:00,0:00:00,0,AGENT,15:55:46,16:02:32,406,ZOHARI
AA0115,23892,0,0,PS,990913,16:06:33,16:06:43,10,0:00:00,0:00:00,0,AGENT,16:06:41,16:08:26,105,ANAT
AA0115,23893,0,0,PS,990913,16:17:28,16:17:39,11,0:00:00,0:00:00,0,AGENT,16:17:37,16:18:08,31,ANAT
AA0115,23894,0,0,PS,990913,16:33:15,16:33:24,9,0:00:00,0:00:00,0,AGENT,16:33:23,16:46:54,811,AVNI
AA0115,23895,5850011,2,PS,990913,16:42:25,16:42:31,6,16:42:31,16:43:56,85,AGENT,16:43:54,16:47:53,239,BASCH
AA0115,23896,74780917,2,NE,990913,16:51:10,16:51:16,6,16:51:16,16:52:39,83,AGENT,16:52:39,16:56:47,248,MORIAH
AA0115,23897,13742374,2,PS,990913,16:58:42,16:58:48,6,16:58:48,16:58:55,7,AGENT,16:58:54,16:58:54,0,AVI
AA0115,23898,0,0,PS,990913,17:09:42,17:09:53,11,0:00:00,0:00:00,0,AGENT,17:09:52,17:13:04,192,MORIAH
AA0115,23899,0,0,PS,990913,17:27:02,17:27:17,15,0:00:00,0:00:00,0,AGENT,17:27:16,17:28:49,93,AVI
AA0115,23900,0,0,PS,990913,17:48:02,17:48:12,10,0:00:00,0:00:00,0,AGENT,17:48:11,17:50:43,152,MORIAH
AA0115,23901,0,0,NW,990913,18:02:48,18:03:02,14,0:00:00,0:00:00,0,AGENT,18:03:01,18:04:23,82,AVNI
AA0115,23902,0,0,NW,990913,18:16:28,18:16:38,10,18:16:38,18:17:16,38,AGENT,18:17:15,18:17:25,10,AVNI
AA0115,23903,8819591,2,PS,990913,18:31:07,18:31:13,6,18:31:13,18:32:13,60,AGENT,18:32:12,18:33:30,78,BASCH
AA0115,23904,0,0,PS,990913,18:49:56,18:50:07,11,0:00:00,0:00:00,0,AGENT,18:50:06,18:51:02,56,MEIR
AA0115,23905,52031556,2,PS,990913,18:59:01,18:59:07,6,18:59:07,18:59:45,38,AGENT,18:59:44,19:00:05,21,BASCH
AA0115,23906,68024033,2,PS,990913,19:11:51,19:11:56,5,19:11:56,19:11:59,3,AGENT,19:11:59,19:12:25,26,MEIR
AA0115,23907,25001041,2,PS,990913,19:19:33,19:19:39,6,19:19:39,19:20:07,28,HANG,0:00:00,0:00:00,0,NO_SERVER
AA0115,23908,306278797,1,PS,990913,19:27:37,19:27:43,6,19:27:43,19:29:04,81,AGENT,19:29:03,19:31:44,161,ANAT
AA0115,23909,29456217,1,NE,990913,19:39:27,19:39:33,6,19:39:33,19:40:58,85,AGENT,19:40:58,19:43:27,149,AVNI
AA0115,23910,0,0,PS,990913,20:03:12,20:03:29,17,0:00:00,0:00:00,0,AGENT,20:03:28,20:05:26,118,ANAT
AA0115,23911,0,0,PS,990913,20:16:56,20:17:05,9,0:00:00,0:00:00,0,AGENT,20:17:04,20:19:07,123,MORIAH
AA0115,23912,62866918,1,PS,990913,20:29:59,20:30:05,6,20:30:05,20:30:25,20,AGENT,20:30:25,20:38:13,468,MORIAH
AA0115,23913,7191646,2,NE,990913,20:48:03,20:48:09,6,20:48:09,20:49:13,64,AGENT,20:49:11,20:59:20,609,MEIR
AA0115,23914,0,0,PS,990913,21:01:18,21:01:27,9,0:00:00,0:00:00,0,AGENT,21:01:26,21:05:10,224,MEIR
AA0115,23915,4609327,2,PS,990913,21:18:47,21:18:52,5,21:18:52,21:21:13,141,AGENT,21:21:12,21:24:27,195,MEIR
AA0115,23916,0,0,PS,990913,21:39:36,21:39:45,9,0:00:00,0:00:00,0,AGENT,21:39:44,21:39:49,5,MORIAH
AA0115,23917,0,0,PS,990913,21:56:11,21:56:19,8,0:00:00,0:00:00,0,AGENT,21:56:19,22:01:54,335,AVI
AA0115,23918,58029620,2,PS,990913,22:17:33,22:17:38,5,22:17:38,22:18:19,41,AGENT,22:18:17,22:20:04,107,GELBER
AA0115,23919,3519998,2,PS,990913,22:32:53,22:32:59,6,22:32:59,22:33:02,3,AGENT,22:33:01,22:34:47,106,AVI
AA0115,23920,25115155,1,PS,990913,23:08:19,23:08:24,5,23:08:24,23:09:15,51,AGENT,23:09:14,23:10:46,92,AVNI
AA0115,23921,0,0,PS,990913,23:37:23,23:37:31,8,0:00:00,0:00:00,0,AGENT,23:37:30,23:38:22,52,AVI
AA0115,23922,0,0,NW,990914,1:14:15,1:14:53,38,0:00:00,0:00:00,0,HANG,0:00:00,0:00:00,0,NO_SERVER
AA0115,23923,0,0,NE,990914,7:04:08,7:04:19,11,0:00:00,0:00:00,0,AGENT,7:04:19,7:05:00,41,TOVA
AA0115,23924,0,0,PS,990914,7:31:40,7:31:50,10,0:00:00,0:00:00,0,AGENT,7:31:49,7:32:38,49,TOVA
AA0115,23925,0,0,PS,990914,7:52:37,7:52:48,11,0:00:00,0:00:00,0,AGENT,7:52:46,7:54:46,120,MORIAH
AA0115,23926,0,0,PS,990914,8:14:04,8:14:12,8,0:00:00,0:00:00,0,AGENT,8:14:12,8:16:27,135,KAZAV
AA0115,23927,27856350,1,PS,990914,8:23:55,8:24:01,6,8:24:01,8:27:05,184,AGENT,8:27:04,8:29:28,144,KAZAV
AA0115,23928,54644695,2,PS,990914,8:33:22,8:33:28,6,8:33:28,8:33:55,27,AGENT,8:33:54,8:35:01,67,KAZAV
AA0115,23929,0,0,NW,990914,8:43:12,8:43:22,10,8:43:22,8:45:14,112,HANG,0:00:00,0:00:00,0,NO_SERVER
AA0115,23930,0,0,PS,990914,8:55:14,8:55:23,9,0:00:00,0:00:00,0,AGENT,8:55:22,8:58:22,180,BASCH
AA0115,23931,0,0,PS,990914,9:03:35,9:03:44,9,0:00:00,0:00:00,0,AGENT,9:03:43,9:07:31,228,KAZAV
AA0115,23932,0,0,NW,990914,9:11:59,9:12:09,10,9:12:09,9:12:50,41,HANG,0:00:00,0:00:00,0,NO_SERVER
AA0115,23933,34094383,1,PS,990914,9:21:49,9:21:54,5,9:21:54,9:22:30,36,AGENT,9:22:29,9:24:44,135,MORIAH
AA0115,23934,0,0,PS,990914,9:31:40,9:31:51,11,0:00:00,0:00:00,0,AGENT,9:31:50,9:37:18,328,TOVA
AA0115,23935,24588477,2,PS,990914,9:40:11,9:40:16,5,9:40:16,9:41:23,67,AGENT,9:41:21,9:46:15,294,KAZAV
AA0115,23936,0,0,PS,990914,9:50:48,9:50:54,6,0:00:00,0:00:00,0,AGENT,9:50:56,9:51:06,10,NO_SERVER
AA0115,23937,65032120,2,PS,990914,10:01:03,10:01:09,6,10:01:09,10:01:33,24,AGENT,10:01:24,10:17:23,959,YIFAT
AA0115,23938,58704610,2,PS,990914,10:10:45,10:10:50,5,10:10:50,10:11:31,41,HANG,0:00:00,0:00:00,0,NO_SERVER
AA0115,23939,57379505,2,PS,990914,10:18:23,10:18:29,6,10:18:29,10:19:20,51,AGENT,10:19:19,10:19:22,3,MORIAH
AA0115,23940,0,0,NW,990914,10:25:52,10:26:01,9,10:26:01,10:27:55,114,AGENT,10:27:54,10:28:01,7,GOLDIE
AA0115,23941,0,0,NE,990914,10:33:20,10:33:32,12,0:00:00,0:00:00,0,AGENT,10:33:31,10:56:02,1351,ELI
AA0115,23942,59630624,1,NE,990914,10:38:53,10:38:58,5,10:38:58,10:40:24,86,HANG,0:00:00,0:00:00,0,NO_SERVER
AA0115,23943,0,0,NW,990914,10:44:38,10:44:47,9,10:44:47,10:46:01,74,HANG,0:00:00,0:00:00,0,NO_SERVER
AA0115,23944,29444049,2,PS,990914,10:57:30,10:57:36,6,10:57:36,10:58:20,44,AGENT,10:58:19,11:03:36,317,BASCH
AA0115,23945,0,0,PS,990914,11:06:44,11:06:54,10,0:00:00,0:00:00,0,AGENT,11:06:52,11:12:40,348,KAZAV
AA0115,23946,10858884,2,NE,990914,11:14:00,11:14:06,6,11:14:06,11:14:34,28,AGENT,11:14:33,11:15:21,48,KAZAV
AA0115,23947,3699154,2,NE,990914,11:25:15,11:25:20,5,11:25:20,11:26:11,51,AGENT,11:26:11,11:26:16,5,MORIAH
AA0115,23948,0,0,NW,990914,11:36:56,11:37:09,13,0:00:00,0:00:00,0,AGENT,11:37:08,11:39:27,139,GOLDIE
AA0115,23949,0,0,NW,990914,11:46:55,11:47:05,10,11:47:05,11:48:49,104,HANG,0:00:00,0:00:00,0,NO_SERVER
AA0115,23950,32341612,2,PS,990914,11:53:00,11:53:06,6,11:53:06,11:53:17,11,HANG,0:00:00,0:00:00,0,NO_SERVER
AA0115,23951,0,0,PS,990914,12:02:16,12:02:25,9,0:00:00,0:00:00,0,AGENT,12:02:24,12:05:35,191,MORIAH
AA0115,23952,0,0,PS,990914,12:11:00,12:11:13,13,0:00:00,0:00:00,0,AGENT,12:11:13,12:12:14,61,GOLDIE
AA0115,23953,25688045,1,PS,990914,12:17:54,12:18:00,6,12:18:00,12:18:13,13,HANG,0:00:00,0:00:00,0,NO_SERVER
AA0115,23954,0,0,PS,990914,12:28:48,12:28:58,10,0:00:00,0:00:00,0,AGENT,12:28:58,12:33:02,244,ANAT
AA0115,23955,25246380,2,PS,990914,12:36:54,12:37:00,6,12:37:00,12:38:09,69,AGENT,12:38:08,12:40:33,145,TOVA
AA0115,23956,0,0,NW,990914,12:48:25,12:48:38,13,0:00:00,0:00:00,0,AGENT,12:48:38,12:50:31,113,AVNI
AA0115,23957,0,0,NW,990914,13:03:52,13:04:01,9,13:04:01,13:06:50,169,HANG,0:00:00,0:00:00,0,NO_SERVER
AA0115,23958,0,0,NW,990914,13:22:36,13:22:45,9,13:22:45,13:26:49,244,AGENT,13:26:49,13:29:59,190,AVNI
AA0115,23959,29474020,2,PS,990914,13:36:03,13:36:09,6,13:36:09,13:36:59,50,AGENT,13:36:59,13:38:30,91,TOVA
AA0115,23960,0,0,PS,990914,13:47:11,13:47:23,12,0:00:00,0:00:00,0,AGENT,13:47:22,13:48:29,67,MORIAH
AA0115,23961,24410680,1,PS,990914,13:53:21,13:53:27,6,13:53:27,13:57:08,221,AGENT,13:57:08,13:57:08,0,YIFAT
AA0115,23962,71820039,2,PS,990914,14:06:06,14:06:12,6,14:06:12,14:09:41,209,AGENT,14:09:41,14:13:29,228,ROTH
AA0115,23963,0,0,NW,990914,14:14:14,14:14:23,9,14:14:23,14:15:07,44,HANG,0:00:00,0:00:00,0,NO_SERVER
AA0115,23964,24633968,2,PS,990914,14:22:36,14:22:42,6,14:22:42,14:26:18,216,AGENT,14:26:16,14:27:05,49,BASCH
AA0115,23965,0,0,NE,990914,14:35:33,14:35:43,10,0:00:00,0:00:00,0,AGENT,14:35:43,14:37:23,100,ELI
AA0115,23966,27914282,2,PS,990914,14:42:01,14:42:06,5,14:42:06,14:42:49,43,HANG,0:00:00,0:00:00,0,NO_SERVER
AA0115,23967,0,0,PS,990914,14:49:05,14:49:16,11,0:00:00,0:00:00,0,AGENT,14:49:15,14:58:40,565,NAAMA
AA0115,23968,55387302,1,PS,990914,15:01:39,15:01:44,5,15:01:44,15:08:45,421,AGENT,15:08:45,15:16:02,437,ROTH
AA0115,23969,54876842,2,PS,990914,15:14:27,15:14:33,6,15:14:33,15:16:14,101,HANG,0:00:00,0:00:00,0,NO_SERVER
AA0115,23970,0,0,NW,990914,15:28:04,15:28:21,17,0:00:00,0:00:00,0,AGENT,15:28:20,15:28:45,25,BASCH
AA0115,23971,23054224,1,PS,990914,15:38:11,15:38:16,5,15:38:16,15:40:16,120,AGENT,15:40:15,15:43:39,204,AVNI
AA0115,23972,28074433,2,PS,990914,15:50:01,15:50:07,6,15:50:07,15:51:06,59,AGENT,15:51:04,15:51:56,52,BASCH
AA0115,23973,56721426,2,PS,990914,15:59:49,15:59:55,6,15:59:55,16:00:39,44,AGENT,16:00:38,16:03:19,161,DARMON
AA0115,23974,27979020,2,PS,990914,16:10:37,16:10:42,5,16:10:42,16:11:24,42,AGENT,16:11:23,16:13:25,122,STEREN
AA0115,23975,0,0,PS,990914,16:20:01,16:20:10,9,0:00:00,0:00:00,0,AGENT,16:20:10,16:22:46,156,AVNI
AA0115,23976,304673403,2,PS,990914,16:33:01,16:33:07,6,16:33:07,16:34:14,67,AGENT,16:34:13,16:44:52,639,AVNI
AA0115,23977,0,0,NW,990914,16:42:44,16:42:57,13,0:00:00,0:00:00,0,AGENT,16:42:57,16:43:43,46,ROTH
AA0115,23978,53357307,2,PS,990914,16:54:35,16:54:40,5,16:54:40,16:55:21,41,AGENT,16:55:20,16:56:19,59,SHARON
AA0115,23979,0,0,PS,990914,17:07:22,17:07:31,9,0:00:00,0:00:00,0,AGENT,17:07:31,17:14:26,415,ROTH
AA0115,23980,0,0,PS,990914,17:19:02,17:19:14,12,0:00:00,0:00:00,0,AGENT,17:19:14,17:19:43,29,SHARON
AA0115,23981,0,0,NE,990914,17:35:36,17:35:44,8,0:00:00,0:00:00,0,AGENT,17:35:44,17:37:56,132,NAAMA
AA0115,23982,0,0,NW,990914,17:48:48,17:49:03,15,0:00:00,0:00:00,0,AGENT,17:49:02,17:49:45,43,YITZ
AA0115,23983,0,0,NW,990914,18:06:58,18:07:14,16,0:00:00,0:00:00,0,AGENT,18:07:12,18:08:01,49,YITZ
AA0115,23984,0,0,PS,990914,18:21:50,18:21:59,9,0:00:00,0:00:00,0,AGENT,18:21:58,18:23:33,95,SHARON
AA0115,23985,0,0,PS,990914,18:39:13,18:39:22,9,0:00:00,0:00:00,0,AGENT,18:39:21,18:41:02,101,NAAMA
AA0115,23986,0,0,PS,990914,18:54:45,18:54:54,9,0:00:00,0:00:00,0,AGENT,18:54:53,18:55:35,42,NAAMA
AA0115,23987,0,0,PS,990914,19:13:06,19:13:16,10,0:00:00,0:00:00,0,AGENT,19:13:16,19:18:55,339,NAAMA
AA0115,23988,0,0,PS,990914,19:34:34,19:34:58,24,0:00:00,0:00:00,0,AGENT,19:34:48,19:35:37,49,NAAMA
AA0115,23989,0,0,PS,990914,19:52:42,19:52:51,9,0:00:00,0:00:00,0,AGENT,19:52:50,19:54:26,96,ROTH
AA0115,23990,0,0,PS,990914,20:12:21,20:12:35,14,0:00:00,0:00:00,0,AGENT,20:12:35,20:24:05,690,BENSION
AA0115,23991,0,0,PS,990914,20:34:16,20:34:26,10,0:00:00,0:00:00,0,AGENT,20:34:25,20:37:17,172,ROTH
AA0115,23992,0,0,PS,990914,20:53:48,20:54:01,13,0:00:00,0:00:00,0,AGENT,20:54:01,20:54:29,28,SHARON
AA0115,23993,9205253,2,PS,990914,21:18:48,21:18:54,6,21:18:54,21:19:06,12,AGENT,21:19:05,21:23:29,264,STEREN
AA0115,23994,25120320,2,PS,990914,21:38:26,21:38:32,6,21:38:32,21:38:39,7,AGENT,21:38:38,21:40:35,117,ROTH
AA0115,23995,24277550,2,PS,990914,21:52:23,21:52:28,5,21:52:28,21:54:06,98,AGENT,21:54:05,21:56:24,139,ROTH
AA0115,23996,0,0,NE,990914,22:20:11,22:20:22,11,0:00:00,0:00:00,0,AGENT,22:20:21,22:22:10,109,ZOHARI
AA0115,23997,0,0,PS,990914,22:49:09,22:49:24,15,0:00:00,0:00:00,0,AGENT,22:49:22,22:53:56,274,BENSION
AA0115,23998,675306,2,PS,990914,23:19:17,23:19:23,6,23:19:23,23:19:26,3,AGENT,23:19:25,23:20:13,48,SHARON
AA0115,23999,0,0,PS,990914,23:47:37,23:47:46,9,0:00:00,0:00:00,0,AGENT,23:47:46,23:49:33,107,STEREN
AA0115,24000,0,0,NW,990915,6:23:25,6:24:02,37,0:00:00,0:00:00,0,HANG,0:00:00,0:00:00,0,NO_SERVER
AA0115,24001,67953661,1,PS,990915,7:30:40,7:30:46,6,7:30:46,7:30:58,12,AGENT,7:30:57,7:32:34,97,DORIT
AA0115,24002,0,0,PS,990915,7:58:42,7:58:53,11,0:00:00,0:00:00,0,AGENT,7:58:52,8:04:15,323,SHARON
AA0115,24003,0,0,NE,990915,8:18:15,8:18:31,16,0:00:00,0:00:00,0,AGENT,8:18:30,8:22:58,268,ELI
AA0115,24004,482430,2,PS,990915,8:33:33,8:33:38,5,8:33:38,8:34:37,59,AGENT,8:34:35,8:37:46,191,VICKY
AA0115,24005,10952489,2,PS,990915,8:45:40,8:45:45,5,8:45:45,8:46:20,35,AGENT,8:46:18,8:47:06,48,ROTH
AA0115,24006,0,0,NW,990915,8:56:48,8:57:01,13,0:00:00,0:00:00,0,AGENT,8:57:00,9:01:13,253,VICKY
AA0115,24007,0,0,NW,990915,9:07:19,9:07:28,9,9:07:28,9:09:32,124,AGENT,9:09:31,9:10:58,87,VICKY
AA0115,24008,0,0,PS,990915,9:16:32,9:16:41,9,0:00:00,0:00:00,0,AGENT,9:16:39,9:17:30,51,KAZAV
AA0115,24009,0,0,PS,990915,9:29:26,9:29:37,11,0:00:00,0:00:00,0,AGENT,9:29:36,9:32:36,180,DORIT
AA0115,24010,0,0,NE,990915,9:41:40,9:41:52,12,0:00:00,0:00:00,0,AGENT,9:41:52,9:49:13,441,ELI
AA0115,24011,0,0,NW,990915,9:51:03,9:51:13,10,9:51:13,9:51:37,24,AGENT,9:51:36,9:52:51,75,GOLDIE
AA0115,24012,10858884,2,NE,990915,10:00:07,10:00:13,6,10:00:13,10:00:34,21,AGENT,10:00:33,10:01:40,67,STEREN
AA0115,24013,0,0,PS,990915,10:12:30,10:12:40,10,0:00:00,0:00:00,0,AGENT,10:12:38,10:14:23,105,YIFAT
AA0115,24014,51440469,2,PS,990915,10:17:34,10:17:40,6,10:17:40,10:20:11,151,HANG,0:00:00,0:00:00,0,NO_SERVER
AA0115,24015,54613724,2,NE,990915,10:26:52,10:26:58,6,10:26:58,10:27:01,3,AGENT,10:27:00,10:28:05,65,KAZAV
AA0115,24016,22263115,2,PS,990915,10:33:38,10:33:43,5,10:33:43,10:35:01,78,AGENT,10:35:01,10:36:56,115,ZOHARI
AA0115,24017,0,0,PS,990915,10:43:00,10:43:11,11,0:00:00,0:00:00,0,AGENT,10:43:10,10:43:17,7,VICKY
AA0115,24018,0,0,PS,990915,10:52:43,10:52:55,12,0:00:00,0:00:00,0,AGENT,10:52:54,10:53:44,50,VICKY
AA0115,24019,0,0,PS,990915,11:00:27,11:00:36,9,0:00:00,0:00:00,0,AGENT,11:00:35,11:02:55,140,STEREN
AA0115,24020,0,0,PS,990915,11:11:29,11:11:39,10,0:00:00,0:00:00,0,AGENT,11:11:37,11:15:04,207,STEREN
AA0115,24021,0,0,NW,990915,11:21:14,11:21:30,16,0:00:00,0:00:00,0,AGENT,11:21:29,11:22:01,32,VICKY
AA0115,24022,0,0,NW,990915,11:32:02,11:32:17,15,0:00:00,0:00:00,0,AGENT,11:32:16,11:32:22,6,NO_SERVER
AA0115,24023,0,0,PS,990915,11:40:13,11:40:24,11,0:00:00,0:00:00,0,AGENT,11:40:23,11:42:38,135,VICKY
AA0115,24024,0,0,NW,990915,11:59:18,11:59:30,12,0:00:00,0:00:00,0,AGENT,11:59:30,11:59:42,12,NO_SERVER
AA0115,24025,0,0,PS,990915,12:09:51,12:10:03,12,0:00:00,0:00:00,0,AGENT,12:10:02,12:18:36,514,GOLDIE
AA0115,24026,0,0,PS,990915,12:19:41,12:19:54,13,0:00:00,0:00:00,0,AGENT,12:19:53,12:28:12,499,GOLDIE
AA0115,24027,0,0,NE,990915,12:31:06,12:31:18,12,0:00:00,0:00:00,0,AGENT,12:31:16,12:37:18,362,ZOHARI
AA0115,24028,0,0,PS,990915,12:48:55,12:49:03,8,0:00:00,0:00:00,0,AGENT,12:49:02,12:50:07,65,ROTH
AA0115,24029,0,0,PS,990915,13:01:34,13:01:42,8,0:00:00,0:00:00,0,AGENT,13:01:42,13:03:50,128,STEREN
AA0115,24030,0,0,PS,990915,13:10:43,13:10:53,10,0:00:00,0:00:00,0,AGENT,13:10:52,13:12:49,117,VICKY
AA0115,24031,0,0,PS,990915,13:21:56,13:22:07,11,0:00:00,0:00:00,0,AGENT,13:22:06,13:25:45,219,DORIT
AA0115,24032,0,0,PS,990915,13:39:28,13:39:37,9,0:00:00,0:00:00,0,AGENT,13:39:36,13:43:39,243,GOLDIE
AA0115,24033,0,0,PS,990915,13:51:33,13:51:43,10,0:00:00,0:00:00,0,AGENT,13:51:42,14:01:53,611,AVNI
AA0115,24034,0,0,PS,990915,14:01:11,14:01:21,10,0:00:00,0:00:00,0,AGENT,14:01:20,14:03:45,145,ZOHARI
AA0115,24035,0,0,PS,990915,14:14:02,14:14:13,11,0:00:00,0:00:00,0,AGENT,14:14:13,14:18:32,259,DORIT
AA0115,24036,57281792,2,PS,990915,14:23:41,14:23:47,6,14:23:47,14:24:00,13,AGENT,14:24:00,14:30:23,383,DORIT
AA0115,24037,0,0,PS,990915,14:36:01,14:36:13,12,0:00:00,0:00:00,0,AGENT,14:36:12,14:41:54,342,DORIT
AA0115,24038,0,0,PS,990915,14:43:05,14:43:16,11,0:00:00,0:00:00,0,AGENT,14:43:15,14:46:24,189,ZOHARI
AA0115,24039,0,0,NW,990915,14:49:01,14:49:13,12,0:00:00,0:00:00,0,AGENT,14:49:12,14:50:51,99,GOLDIE
AA0115,24040,3519519,1,PS,990915,15:02:51,15:02:57,6,15:02:57,15:04:57,120,HANG,0:00:00,0:00:00,0,NO_SERVER
AA0115,24041,41630443,2,PS,990915,15:11:52,15:11:57,5,15:11:57,15:13:09,72,AGENT,15:13:08,15:18:25,317,ANAT
AA0115,24042,52120771,1,NE,990915,15:18:11,15:18:17,6,15:18:17,15:19:30,73,AGENT,15:19:30,15:21:17,107,STEREN
AA0115,24043,0,0,PS,990915,15:29:21,15:29:32,11,0:00:00,0:00:00,0,AGENT,15:29:30,15:32:35,185,SHARON
AA0115,24044,0,0,NW,990915,15:34:04,15:34:07,3,0:00:00,0:00:00,0,HANG,0:00:00,0:00:00,0,NO_SERVER
AA0115,24045,24173163,2,PS,990915,15:39:46,15:39:51,5,15:39:51,15:40:38,47,AGENT,15:40:37,15:43:32,175,SHARON
AA0115,24046,0,0,PS,990915,15:47:36,15:47:44,8,0:00:00,0:00:00,0,AGENT,15:47:44,15:48:06,22,MORIAH
AA0115,24047,78191137,2,PS,990915,15:59:15,15:59:21,6,15:59:21,15:59:24,3,AGENT,15:59:24,15:59:26,2,MORIAH
AA0115,24048,0,0,PS,990915,16:07:42,16:07:51,9,0:00:00,0:00:00,0,AGENT,16:07:50,16:08:41,51,MORIAH
AA0115,24049,0,0,PS,990915,16:22:45,16:22:54,9,0:00:00,0:00:00,0,AGENT,16:22:53,16:31:03,490,BASCH
AA0115,24050,0,0,PS,990915,16:36:45,16:36:54,9,0:00:00,0:00:00,0,AGENT,16:36:53,16:39:18,145,GOLDIE
AA0115,24051,0,0,PS,990915,16:48:54,16:49:03,9,0:00:00,0:00:00,0,AGENT,16:49:02,16:50:42,100,STEREN
AA0115,24052,0,0,PS,990915,17:01:21,17:01:33,12,0:00:00,0:00:00,0,AGENT,17:01:32,17:02:35,63,STEREN
AA0115,24053,0,0,PS,990915,17:16:36,17:16:46,10,0:00:00,0:00:00,0,AGENT,17:16:45,17:18:44,119,TOVA
AA0115,24054,0,0,PS,990915,17:33:34,17:33:54,20,0:00:00,0:00:00,0,AGENT,17:33:53,17:41:30,457,BASCH
AA0115,24055,0,0,PS,990915,17:55:51,17:56:06,15,0:00:00,0:00:00,0,AGENT,17:56:05,17:56:43,38,ANAT
AA0115,24056,0,0,PS,990915,18:15:33,18:15:42,9,0:00:00,0:00:00,0,AGENT,18:15:41,18:16:43,62,BASCH
AA0115,24057,0,0,PS,990915,18:31:31,18:31:41,10,0:00:00,0:00:00,0,AGENT,18:31:41,18:32:26,45,BENSION
AA0115,24058,0,0,NE,990915,18:49:21,18:49:30,9,0:00:00,0:00:00,0,AGENT,18:49:28,18:49:31,3,MORIAH
AA0115,24059,0,0,PS,990915,19:00:43,19:00:58,15,0:00:00,0:00:00,0,AGENT,19:00:57,19:02:12,75,BENSION
AA0115,24060,0,0,NW,990915,19:24:48,19:25:00,12,0:00:00,0:00:00,0,AGENT,19:25:00,19:25:12,12,NO_SERVER
AA0115,24061,0,0,PS,990915,19:48:15,19:48:30,15,0:00:00,0:00:00,0,AGENT,19:48:29,19:49:29,60,BENSION
AA0115,24062,0,0,PS,990915,20:14:25,20:14:39,14,0:00:00,0:00:00,0,AGENT,20:14:39,20:15:52,73,BENSION
AA0115,24063,0,0,PS,990915,20:32:11,20:32:20,9,0:00:00,0:00:00,0,AGENT,20:32:20,20:33:01,41,ANAT
AA0115,24064,0,0,PS,990915,20:49:26,20:49:37,11,0:00:00,0:00:00,0,AGENT,20:49:36,20:50:59,83,TOVA
AA0115,24065,0,0,PS,990915,21:07:33,21:07:51,18,0:00:00,0:00:00,0,AGENT,21:07:50,21:10:18,148,BENSION
AA0115,24066,0,0,NE,990915,21:24:52,21:25:01,9,0:00:00,0:00:00,0,AGENT,21:25:00,21:37:03,723,MORIAH
AA0115,24067,0,0,PS,990915,21:41:59,21:42:13,14,0:00:00,0:00:00,0,AGENT,21:42:13,21:43:40,87,BENSION
AA0115,24068,29075363,1,PS,990915,21:57:44,21:57:49,5,21:57:49,21:58:26,37,AGENT,21:58:25,21:59:13,48,AVI
AA0115,24069,0,0,PS,990915,22:19:20,22:19:30,10,0:00:00,0:00:00,0,AGENT,22:19:28,22:21:50,142,AVI
AA0115,24070,13811666,1,PS,990915,22:45:26,22:45:32,6,22:45:32,22:47:03,91,AGENT,22:47:02,22:47:18,16,AVI
AA0115,24071,0,0,PS,990915,23:17:49,23:25:16,447,0:00:00,0:00:00,0,HANG,0:00:00,0:00:00,0,NO_SERVER
AA0115,24072,0,0,NW,990916,0:42:52,0:43:13,21,0:00:00,0:00:00,0,HANG,0:00:00,0:00:00,0,NO_SERVER
AA0115,24073,0,0,PE,990916,6:56:16,6:56:51,35,0:00:00,0:00:00,0,HANG,0:00:00,0:00:00,0,NO_SERVER
AA0115,24074,0,0,PS,990916,7:42:34,7:42:49,15,0:00:00,0:00:00,0,AGENT,7:42:48,7:45:19,151,ZOHARI
AA0115,24075,0,0,PS,990916,8:07:54,8:08:07,13,0:00:00,0:00:00,0,AGENT,8:08:06,8:12:07,241,DORIT
AA0115,24076,0,0,NW,990916,8:17:09,8:17:18,9,8:17:18,8:18:29,71,HANG,0:00:00,0:00:00,0,NO_SERVER
AA0115,24077,0,0,NW,990916,8:38:30,8:38:39,9,8:38:39,8:39:50,71,AGENT,8:39:50,8:40:11,21,MORIAH
AA0115,24078,59267484,2,PS,990916,8:48:57,8:49:03,6,8:49:03,8:49:35,32,AGENT,8:49:34,8:49:36,2,MORIAH
AA0115,24079,0,0,PS,990916,9:00:34,9:00:43,9,0:00:00,0:00:00,0,AGENT,9:00:42,9:02:30,108,DORIT
AA0115,24080,15189558,2,PS,990916,9:09:47,9:09:53,6,9:09:53,9:10:26,33,AGENT,9:10:25,9:15:53,328,ZOHARI
AA0115,24081,0,0,PS,990916,9:19:59,9:20:09,10,0:00:00,0:00:00,0,AGENT,9:20:09,9:21:35,86,ANAT
AA0115,24082,0,0,PS,990916,9:36:51,9:37:06,15,0:00:00,0:00:00,0,AGENT,9:37:05,9:40:26,201,ZOHARI
AA0115,24083,0,0,PS,990916,9:49:20,9:49:34,14,0:00:00,0:00:00,0,AGENT,9:49:33,9:50:48,75,TOVA
AA0115,24084,0,0,NW,990916,9:58:24,9:58:33,9,9:58:33,9:58:56,23,AGENT,9:58:56,10:00:15,79,MORIAH
AA0115,24085,58704610,2,PS,990916,10:08:36,10:08:42,6,10:08:42,10:10:13,91,AGENT,10:10:12,10:11:59,107,DORIT
AA0115,24086,51929339,2,PS,990916,10:18:47,10:18:52,5,10:18:52,10:19:21,29,AGENT,10:19:20,10:24:57,337,MORIAH
AA0115,24087,7445364,1,PS,990916,10:24:48,10:24:53,5,10:24:53,10:25:43,50,HANG,0:00:00,0:00:00,0,NO_SERVER
AA0115,24088,52031556,2,NE,990916,10:29:24,10:29:30,6,10:29:30,10:31:06,96,AGENT,10:31:05,10:31:06,1,MORIAH
AA0115,24089,65032120,2,PS,990916,10:38:08,10:38:14,6,10:38:14,10:38:32,18,AGENT,10:38:31,10:43:30,299,ZOHARI
AA0115,24090,0,0,PS,990916,10:47:18,10:47:27,9,0:00:00,0:00:00,0,AGENT,10:47:26,10:52:12,286,KAZAV
AA0115,24091,0,0,PS,990916,11:03:52,11:04:01,9,0:00:00,0:00:00,0,AGENT,11:04:00,11:06:05,125,TOVA
AA0115,24092,675306,2,PS,990916,11:15:20,11:15:25,5,11:15:25,11:16:03,38,AGENT,11:16:02,11:17:30,88,KAZAV
AA0115,24093,11050135,1,PS,990916,11:24:57,11:25:03,6,11:25:03,11:25:52,49,AGENT,11:25:50,11:38:18,748,DORIT
AA0115,24094,0,0,PS,990916,11:38:24,11:38:37,13,0:00:00,0:00:00,0,AGENT,11:38:35,11:41:37,182,ANAT
AA0115,24095,0,0,PS,990916,11:55:40,11:55:49,9,0:00:00,0:00:00,0,AGENT,11:55:48,12:02:22,394,DORIT
AA0115,24096,0,0,NW,990916,12:02:06,12:02:15,9,12:02:15,12:03:59,104,HANG,0:00:00,0:00:00,0,NO_SERVER
AA0115,24097,27924059,1,PS,990916,12:16:05,12:16:10,5,12:16:10,12:19:33,203,PHANTOM,12:19:33,12:19:38,5,NO_SERVER
AA0115,24098,0,0,NE,990916,12:28:31,12:28:40,9,0:00:00,0:00:00,0,AGENT,12:28:39,12:35:43,424,KAZAV
AA0115,24099,0,0,PS,990916,12:44:58,12:45:14,16,0:00:00,0:00:00,0,AGENT,12:45:14,12:46:48,94,TOVA
AA0115,24100,16686354,2,NE,990916,12:57:57,12:58:02,5,12:58:02,12:58:15,13,AGENT,12:58:15,13:00:30,135,ELI
AA0115,24101,7376312,1,PS,990916,13:09:00,13:09:06,6,13:09:06,13:11:49,163,AGENT,13:11:48,13:12:12,24,GOLDIE
AA0115,24102,59814152,1,PS,990916,13:20:47,13:20:53,6,13:20:53,13:21:13,20,AGENT,13:21:11,13:24:12,181,ROTH
AA0115,24103,27358795,2,PS,990916,13:29:12,13:29:18,6,13:29:18,13:29:23,5,HANG,0:00:00,0:00:00,0,NO_SERVER
AA0115,24104,0,0,NE,990916,13:38:51,13:39:01,10,0:00:00,0:00:00,0,AGENT,13:38:59,13:43:26,267,KAZAV
AA0115,24105,57460131,2,PS,990916,13:50:23,13:50:29,6,13:50:29,13:50:56,27,AGENT,13:50:55,13:53:25,150,ROTH
AA0115,24106,2043974,1,NE,990916,14:01:29,14:01:35,6,14:01:35,14:02:18,43,AGENT,14:02:17,14:07:30,313,STEREN
AA0115,24107,59650556,2,PS,990916,14:09:21,14:09:27,6,14:09:27,14:09:34,7,HANG,0:00:00,0:00:00,0,NO_SERVER
AA0115,24108,33474602,2,PS,990916,14:14:39,14:14:45,6,14:14:45,14:15:06,21,AGENT,14:15:05,14:17:38,153,DORIT
AA0115,24109,23519234,1,PS,990916,14:26:14,14:26:20,6,14:26:20,14:27:53,93,AGENT,14:27:53,14:29:13,80,STEREN
AA0115,24110,221148802,2,PS,990916,14:36:09,14:36:15,6,14:36:15,14:38:03,108,AGENT,14:38:03,14:38:44,41,ROTH
AA0115,24111,28108520,1,PS,990916,14:48:30,14:48:35,5,14:48:35,14:49:13,38,HANG,0:00:00,0:00:00,0,NO_SERVER
AA0115,24112,57368698,2,PS,990916,14:59:01,14:59:06,5,14:59:06,15:07:39,513,AGENT,15:07:38,15:15:47,489,ROTH
AA0115,24113,69434421,1,PS,990916,15:12:51,15:12:56,5,15:12:56,15:21:54,538,AGENT,15:21:53,15:31:40,587,STEREN
AA0115,24114,52867744,2,PS,990916,15:29:03,15:29:08,5,15:29:08,15:32:25,197,AGENT,15:32:24,15:34:48,144,ROTH
AA0115,24115,32387482,1,PS,990916,15:36:04,15:36:10,6,15:36:10,15:38:35,145,AGENT,15:38:34,15:44:08,334,ROTH
AA0115,24116,17170655,2,PS,990916,15:46:34,15:46:39,5,15:46:39,15:48:42,123,HANG,0:00:00,0:00:00,0,NO_SERVER
AA0115,24117,67158097,2,PS,990916,15:55:22,15:55:27,5,15:55:27,15:59:37,250,AGENT,15:59:37,16:03:53,256,STEREN
AA0115,24118,25463316,1,PS,990916,16:07:37,16:07:43,6,16:07:43,16:07:50,7,AGENT,16:07:49,16:07:49,0,AVI
AA0115,24119,9682923,2,PS,990916,16:17:49,16:17:55,6,16:17:55,16:18:06,11,AGENT,16:18:05,16:20:33,148,GILI
AA0115,24120,22522361,2,PS,990916,16:33:58,16:34:04,6,16:34:04,16:34:22,18,AGENT,16:34:22,16:37:06,164,ROTH
AA0115,24121,42445916,1,PS,990916,16:43:59,16:44:05,6,16:44:05,16:44:25,20,AGENT,16:44:24,16:45:24,60,VICKY
AA0115,24122,0,0,NW,990916,16:56:05,16:56:14,9,16:56:14,16:56:34,20,AGENT,16:56:33,16:57:52,79,PINHAS
AA0115,24123,14414726,2,PS,990916,17:09:11,17:09:16,5,17:09:16,17:09:35,19,AGENT,17:09:34,17:10:35,61,STEREN
AA0115,24124,23699390,2,NE,990916,17:23:23,17:23:28,5,17:23:28,17:23:37,9,AGENT,17:23:36,17:24:57,81,VICKY
AA0115,24125,0,0,PS,990916,17:40:52,17:41:00,8,0:00:00,0:00:00,0,AGENT,17:40:59,17:41:55,56,GILI
AA0115,24126,0,0,NW,990916,18:02:21,18:02:30,9,18:02:30,18:03:08,38,AGENT,18:03:07,18:03:41,34,STEREN
AA0115,24127,16426967,2,PS,990916,18:24:44,18:24:50,6,18:24:50,18:24:53,3,AGENT,18:24:52,18:27:16,144,AVI
AA0115,24128,0,0,NE,990916,18:48:09,18:48:19,10,0:00:00,0:00:00,0,AGENT,18:48:18,18:52:05,227,AVI
AA0115,24129,0,0,PS,990916,19:28:14,19:28:33,19,0:00:00,0:00:00,0,AGENT,19:28:31,19:29:51,80,GILI
AA0115,24130,0,0,PS,990916,19:52:25,19:52:40,15,0:00:00,0:00:00,0,AGENT,19:52:39,19:55:03,144,AVI
AA0115,24131,0,0,NE,990916,20:22:58,20:23:07,9,0:00:00,0:00:00,0,AGENT,20:23:06,20:35:58,772,AVNI
AA0115,24132,54613724,2,NE,990916,20:55:25,20:55:31,6,20:55:31,20:57:04,93,AGENT,20:57:03,20:57:58,55,STEREN
AA0115,24133,0,0,PS,990916,21:34:41,21:34:57,16,0:00:00,0:00:00,0,AGENT,21:34:55,21:36:22,87,VICKY
AA0115,24134,67404525,2,PS,990916,22:00:38,22:00:44,6,22:00:44,22:03:37,173,AGENT,22:03:36,22:05:42,126,VICKY
AA0115,24135,65224859,2,PS,990916,22:16:44,22:16:49,5,22:16:49,22:20:54,245,HANG,0:00:00,0:00:00,0,NO_SERVER
AA0115,24136,15405616,2,PS,990916,22:50:21,22:50:26,5,22:50:26,22:51:01,35,AGENT,22:51:00,22:52:35,95,VICKY
AA0115,24137,0,0,PS,990916,23:22:42,23:22:58,16,0:00:00,0:00:00,0,AGENT,23:22:57,23:27:23,266,GELBER
AA0115,24139,0,0,PS,990917,0:29:48,0:29:48,0,0:00:00,0:00:00,0,HANG,0:00:00,0:00:00,0,NO_SERVER
AA0115,24140,0,0,NE,990917,7:22:20,7:22:34,14,0:00:00,0:00:00,0,AGENT,7:22:32,7:25:06,154,SHARON
AA0115,24141,0,0,PS,990917,7:58:14,7:58:26,12,0:00:00,0:00:00,0,AGENT,7:58:25,8:01:48,203,MORIAH
AA0115,24142,0,0,PS,990917,8:19:39,8:19:48,9,0:00:00,0:00:00,0,AGENT,8:19:47,8:22:47,180,STEREN
AA0115,24143,0,0,NW,990917,8:38:12,8:38:47,35,0:00:00,0:00:00,0,AGENT,8:38:45,8:39:09,24,BENSION
AA0115,24144,32294357,2,PS,990917,8:47:45,8:47:51,6,8:47:51,8:48:03,12,HANG,0:00:00,0:00:00,0,NO_SERVER
AA0115,24145,0,0,PS,990917,8:56:57,8:57:07,10,0:00:00,0:00:00,0,AGENT,8:57:06,9:02:16,310,MORIAH
AA0115,24146,26059097,2,PS,990917,9:11:41,9:11:47,6,9:11:47,9:14:08,141,AGENT,9:14:07,9:18:10,243,BENSION
AA0115,24147,0,0,NW,990917,9:29:47,9:30:10,23,0:00:00,0:00:00,0,AGENT,9:30:09,9:31:12,63,SHARON
AA0115,24148,45566833,2,PS,990917,9:41:27,9:41:32,5,9:41:32,9:42:59,87,AGENT,9:42:58,9:50:54,476,STEREN
AA0115,24149,0,0,NW,990917,9:54:23,9:54:38,15,0:00:00,0:00:00,0,AGENT,9:54:37,9:55:23,46,MORIAH
AA0115,24150,22522361,2,PS,990917,10:05:13,10:05:19,6,10:05:19,10:05:58,39,HANG,0:00:00,0:00:00,0,NO_SERVER
AA0115,24151,13801683,2,PS,990917,10:17:56,10:18:01,5,10:18:01,10:19:24,83,AGENT,10:19:24,10:20:46,82,DORIT
AA0115,24152,0,0,PS,990917,10:37:21,10:37:38,17,0:00:00,0:00:00,0,AGENT,10:37:37,10:39:34,117,STEREN
AA0115,24153,0,0,NW,990917,10:57:55,10:58:09,14,0:00:00,0:00:00,0,AGENT,10:58:08,10:58:31,23,SHARON
AA0115,24154,53919213,2,PS,990917,11:11:52,11:11:58,6,11:11:58,11:12:32,34,AGENT,11:12:32,11:14:20,108,SHARON
AA0115,24155,51689297,1,PS,990917,11:28:18,11:28:23,5,11:28:23,11:28:29,6,AGENT,11:28:28,11:29:02,34,SHARON
AA0115,24156,0,0,NW,990917,11:48:56,11:49:15,19,0:00:00,0:00:00,0,AGENT,11:49:14,11:50:05,51,BENSION
AA0115,24157,28131324,2,PS,990917,12:13:53,12:13:58,5,12:13:58,12:14:47,49,AGENT,12:14:47,12:16:02,75,SHARON
AA0115,24158,0,0,PS,990917,12:30:14,12:30:25,11,0:00:00,0:00:00,0,AGENT,12:30:24,12:31:23,59,BENSION
AA0115,24159,0,0,NW,990917,13:02:46,13:03:00,14,0:00:00,0:00:00,0,AGENT,13:03:00,13:07:09,249,STEREN
AA0115,24160,0,0,NW,990917,13:25:49,13:26:04,15,0:00:00,0:00:00,0,AGENT,13:26:03,13:26:29,26,BENSION
AA0115,24161,0,0,NW,990917,14:06:41,14:06:57,16,0:00:00,0:00:00,0,HANG,0:00:00,0:00:00,0,NO_SERVER
AA0115,24162,0,0,PS,990917,15:04:55,15:05:32,37,0:00:00,0:00:00,0,HANG,0:00:00,0:00:00,0,NO_SERVER
AA0115,24163,0,0,NW,990917,18:24:53,18:25:19,26,0:00:00,0:00:00,0,HANG,0:00:00,0:00:00,0,NO_SERVER
AA0115,24164,0,0,NW,990918,18:55:28,18:56:14,46,0:00:00,0:00:00,0,HANG,0:00:00,0:00:00,0,NO_SERVER
AA0115,24165,29725090,1,PS,990918,19:51:52,19:51:57,5,19:51:57,19:52:45,48,AGENT,19:52:44,19:52:46,2,AVI
AA0115,24166,0,0,PS,990918,20:30:39,20:30:50,11,0:00:00,0:00:00,0,AGENT,20:30:50,20:32:32,102,ROTH
AA0115,24167,0,0,PS,990918,20:59:19,20:59:28,9,0:00:00,0:00:00,0,AGENT,20:59:27,21:00:33,66,ROTH
AA0115,24168,0,0,PS,990918,21:41:14,21:41:24,10,0:00:00,0:00:00,0,AGENT,21:41:23,21:43:36,133,DORIT
AA0115,24169,64471147,2,PS,990918,22:10:40,22:10:45,5,22:10:45,22:11:30,45,AGENT,22:11:29,22:14:47,198,ROTH
AA0115,24170,0,0,PS,990918,23:11:37,23:11:46,9,0:00:00,0:00:00,0,AGENT,23:11:45,23:13:38,113,ROTH
AA0115,24171,0,0,NW,990919,3:27:14,3:27:51,37,0:00:00,0:00:00,0,HANG,0:00:00,0:00:00,0,NO_SERVER
AA0115,24172,0,0,NW,990919,7:33:53,7:34:06,13,0:00:00,0:00:00,0,AGENT,7:34:05,7:34:32,27,AVNI
AA0115,24173,0,0,PS,990919,7:55:40,7:55:48,8,0:00:00,0:00:00,0,AGENT,7:55:48,8:00:25,277,GILI
AA0115,24174,0,0,PS,990919,8:13:14,8:13:29,15,0:00:00,0:00:00,0,AGENT,8:13:27,8:18:13,286,TOVA
AA0115,24175,0,0,NW,990919,8:29:16,8:29:32,16,0:00:00,0:00:00,0,AGENT,8:29:31,8:29:46,15,SHARON
AA0115,24176,0,0,PS,990919,8:42:06,8:42:23,17,0:00:00,0:00:00,0,AGENT,8:42:21,8:45:06,165,ANAT
AA0115,24177,23953987,1,PS,990919,8:53:24,8:53:30,6,8:53:30,8:54:17,47,AGENT,8:54:16,8:54:50,34,GILI
AA0115,24178,0,0,PS,990919,9:05:19,9:05:28,9,0:00:00,0:00:00,0,AGENT,9:05:27,9:06:17,50,ROTH
AA0115,24179,0,0,PS,990919,9:21:04,9:21:18,14,0:00:00,0:00:00,0,AGENT,9:21:17,9:24:03,166,TOVA
AA0115,24180,51689297,1,PS,990919,9:38:59,9:39:05,6,9:39:05,9:39:10,5,AGENT,9:39:09,9:46:56,467,ANAT
AA0115,24181,0,0,PS,990919,9:53:48,9:54:00,12,0:00:00,0:00:00,0,AGENT,9:53:59,9:54:51,52,ANAT
AA0115,24182,0,0,PS,990919,10:14:19,10:14:29,10,0:00:00,0:00:00,0,AGENT,10:14:28,10:18:43,255,GILI
AA0115,24183,0,0,PS,990919,10:51:04,10:51:13,9,0:00:00,0:00:00,0,AGENT,10:51:12,10:54:14,182,AVNI
AA0115,24184,24594756,1,PS,990919,11:20:41,11:20:47,6,11:20:47,11:21:22,35,AGENT,11:21:20,11:22:24,64,SHARON
AA0115,24185,0,0,NW,990919,15:40:01,15:40:33,32,0:00:00,0:00:00,0,HANG,0:00:00,0:00:00,0,NO_SERVER
AA0115,24186,0,0,PS,990920,20:39:50,20:40:09,19,0:00:00,0:00:00,0,HANG,0:00:00,0:00:00,0,NO_SERVER
AA0115,24187,0,0,NE,990920,21:16:14,21:16:23,9,0:00:00,0:00:00,0,AGENT,21:16:23,21:17:17,54,ZOHARI
AA0115,24188,0,0,PS,990920,21:45:03,21:45:23,20,0:00:00,0:00:00,0,AGENT,21:45:22,21:48:39,197,SHARON
AA0115,24189,0,0,PS,990920,22:13:27,22:13:41,14,0:00:00,0:00:00,0,AGENT,22:13:40,22:15:57,137,SHARON
AA0115,24190,0,0,PS,990920,22:44:34,22:44:42,8,0:00:00,0:00:00,0,AGENT,22:44:41,22:59:45,904,ZOHARI
AA0115,24191,0,0,PS,990920,23:18:07,23:18:20,13,0:00:00,0:00:00,0,AGENT,23:18:20,23:18:52,32,DORIT
AA0115,24192,0,0,PS,990921,0:04:40,0:05:04,24,0:00:00,0:00:00,0,HANG,0:00:00,0:00:00,0,NO_SERVER
AA0115,24193,0,0,PS,990921,5:51:30,5:51:43,13,0:00:00,0:00:00,0,HANG,0:00:00,0:00:00,0,NO_SERVER
AA0115,24194,0,0,PS,990921,7:20:05,7:20:15,10,0:00:00,0:00:00,0,AGENT,7:20:14,7:21:18,64,YIFAT
AA0115,24195,0,0,PS,990921,7:37:23,7:37:33,10,0:00:00,0:00:00,0,AGENT,7:37:33,7:38:25,52,DORIT
AA0115,24196,0,0,PS,990921,8:00:23,8:00:33,10,0:00:00,0:00:00,0,AGENT,8:00:32,8:01:33,61,ANAT
AA0115,24197,0,0,PS,990921,8:16:27,8:16:39,12,0:00:00,0:00:00,0,AGENT,8:16:38,8:20:53,255,MORIAH
AA0115,24198,0,0,NW,990921,8:35:04,8:35:09,5,0:00:00,0:00:00,0,HANG,0:00:00,0:00:00,0,NO_SERVER
AA0115,24199,58074816,1,PS,990921,8:45:43,8:45:49,6,8:45:49,8:45:58,9,HANG,0:00:00,0:00:00,0,NO_SERVER
AA0115,24200,0,0,PS,990921,8:58:00,8:58:08,8,0:00:00,0:00:00,0,AGENT,8:58:07,8:59:12,65,KAZAV
AA0115,24201,0,0,PS,990921,9:09:57,9:10:07,10,0:00:00,0:00:00,0,AGENT,9:10:06,9:10:47,41,MORIAH
AA0115,24202,0,0,PS,990921,9:23:11,9:23:21,10,0:00:00,0:00:00,0,AGENT,9:23:20,9:24:32,72,ROTH
AA0115,24203,0,0,PS,990921,9:35:25,9:35:35,10,0:00:00,0:00:00,0,AGENT,9:35:34,9:37:30,116,YIFAT
AA0115,24204,16426967,2,PS,990921,9:45:26,9:45:32,6,9:45:32,9:46:03,31,AGENT,9:46:02,9:50:09,247,ROTH
AA0115,24205,32389629,2,PS,990921,9:50:39,9:50:45,6,9:50:45,9:51:04,19,AGENT,9:51:03,9:51:33,30,YIFAT
AA0115,24206,1574243,2,NE,990921,9:56:48,9:56:54,6,9:56:54,9:57:25,31,AGENT,9:57:24,9:59:42,138,AVI
AA0115,24207,1574243,2,NE,990921,10:03:36,10:03:41,5,10:03:41,10:04:05,24,AGENT,10:04:04,10:05:38,94,AVI
AA0115,24208,57831356,2,NE,990921,10:10:07,10:10:12,5,10:10:12,10:11:50,98,AGENT,10:11:50,10:12:26,36,ANAT
AA0115,24209,29545506,1,PS,990921,10:17:01,10:17:06,5,10:17:06,10:17:46,40,HANG,0:00:00,0:00:00,0,NO_SERVER
AA0115,24210,27281617,2,NE,990921,10:23:38,10:23:44,6,10:23:44,10:23:48,4,AGENT,10:23:47,10:25:39,112,AVI
AA0115,24211,0,0,PS,990921,10:32:50,10:33:01,11,0:00:00,0:00:00,0,AGENT,10:33:01,10:35:22,141,MORIAH
AA0115,24212,0,0,NW,990921,10:39:20,10:39:30,10,10:39:30,10:39:46,16,HANG,0:00:00,0:00:00,0,NO_SERVER
AA0115,24213,0,0,PS,990921,10:47:45,10:47:54,9,0:00:00,0:00:00,0,AGENT,10:47:53,10:50:46,173,AVNI
AA0115,24214,0,0,NE,990921,10:56:30,10:56:40,10,0:00:00,0:00:00,0,AGENT,10:56:39,11:01:32,293,AVI
AA0115,24215,43288190,2,PS,990921,11:02:27,11:02:33,6,11:02:33,11:03:37,64,AGENT,11:03:37,11:08:01,264,BASCH
AA0115,24216,27885011,2,PS,990921,11:12:10,11:12:15,5,11:12:15,11:12:51,36,AGENT,11:12:50,11:14:32,102,BASCH
AA0115,24217,57695173,2,PS,990921,11:21:59,11:22:04,5,11:22:04,11:22:26,22,AGENT,11:22:25,11:23:17,52,AVNI
AA0115,24218,0,0,PS,990921,11:32:10,11:32:22,12,0:00:00,0:00:00,0,AGENT,11:32:21,11:33:29,68,ANAT
AA0115,24219,0,0,NW,990921,11:45:45,11:45:55,10,11:45:55,11:46:43,48,PHANTOM,11:46:43,11:46:51,8,NO_SERVER
AA0115,24220,0,0,NE,990921,11:54:19,11:54:30,11,0:00:00,0:00:00,0,AGENT,11:54:29,11:56:29,120,ELI
AA0115,24221,0,0,PS,990921,12:06:16,12:06:26,10,0:00:00,0:00:00,0,AGENT,12:06:24,12:08:48,144,ROTH
AA0115,24222,0,0,PS,990921,12:16:01,12:16:12,11,0:00:00,0:00:00,0,AGENT,12:16:11,12:20:46,275,YIFAT
AA0115,24223,0,0,PS,990921,12:28:31,12:28:39,8,0:00:00,0:00:00,0,AGENT,12:28:39,12:29:14,35,DORIT
AA0115,24224,0,0,PS,990921,12:39:43,12:39:52,9,0:00:00,0:00:00,0,AGENT,12:39:51,12:41:00,69,AVNI
AA0115,24225,0,0,PS,990921,12:54:57,12:55:11,14,0:00:00,0:00:00,0,AGENT,12:55:10,12:57:13,123,BASCH
AA0115,24226,40350803,1,PS,990921,13:06:41,13:06:47,6,13:06:47,13:06:59,12,AGENT,13:06:58,13:09:05,127,AVI
AA0115,24227,0,0,NE,990921,13:22:21,13:22:34,13,0:00:00,0:00:00,0,AGENT,13:22:33,13:22:36,3,MORIAH
AA0115,24228,0,0,NE,990921,13:31:57,13:32:27,30,0:00:00,0:00:00,0,HANG,0:00:00,0:00:00,0,NO_SERVER
AA0115,24229,31582943,2,PS,990921,13:38:49,13:38:55,6,13:38:55,13:40:26,91,AGENT,13:40:26,13:45:21,295,YIFAT
AA0115,24230,6420236,2,PS,990921,13:46:05,13:46:11,6,13:46:11,13:47:08,57,AGENT,13:47:08,14:04:10,1022,AVNI
AA0115,24231,703074,2,PS,990921,13:55:28,13:55:33,5,13:55:33,13:55:46,13,AGENT,13:55:45,13:55:47,2,MORIAH
AA0115,24232,22282974,2,PS,990921,14:04:57,14:05:03,6,14:05:03,14:05:14,11,AGENT,14:05:14,14:07:12,118,DORIT
AA0115,24233,0,0,NW,990921,14:16:34,14:16:48,14,0:00:00,0:00:00,0,AGENT,14:16:46,14:18:19,93,ROTH
AA0115,24234,0,0,PS,990921,14:27:45,14:27:59,14,0:00:00,0:00:00,0,AGENT,14:27:58,14:29:38,100,AVI
AA0115,24235,0,0,PS,990921,14:42:48,14:42:57,9,0:00:00,0:00:00,0,AGENT,14:42:56,14:43:02,6,NO_SERVER
AA0115,24236,0,0,NW,990921,14:55:45,14:55:58,13,0:00:00,0:00:00,0,AGENT,14:55:57,14:57:58,121,ROTH
AA0115,24237,55388722,2,PS,990921,15:08:07,15:08:13,6,15:08:13,15:09:30,77,AGENT,15:09:29,15:11:01,92,KAZAV
AA0115,24238,16426967,2,PS,990921,15:18:27,15:18:33,6,15:18:33,15:18:53,20,AGENT,15:18:52,15:18:55,3,TOVA
AA0115,24239,0,0,PS,990921,15:28:33,15:29:03,30,0:00:00,0:00:00,0,AGENT,15:29:02,15:33:32,270,KAZAV
AA0115,24240,0,0,PS,990921,15:36:25,15:36:32,7,0:00:00,0:00:00,0,AGENT,15:36:32,15:37:07,35,TOVA
AA0115,24241,57379505,2,PS,990921,15:47:15,15:47:21,6,15:47:21,15:48:37,76,AGENT,15:48:36,15:58:28,592,KAZAV
AA0115,24243,0,0,PS,990921,15:58:35,15:58:35,0,0:00:00,0:00:00,0,HANG,0:00:00,0:00:00,0,NO_SERVER
AA0115,24244,52031556,2,PS,990921,16:05:12,16:05:18,6,16:05:18,16:06:28,70,AGENT,16:06:27,16:06:41,14,AVNI
AA0115,24245,0,0,PS,990921,16:15:46,16:15:58,12,0:00:00,0:00:00,0,AGENT,16:15:57,16:23:12,435,TOVA
AA0115,24246,0,0,NW,990921,16:27:19,16:27:32,13,0:00:00,0:00:00,0,AGENT,16:27:32,16:28:43,71,GOLDIE
AA0115,24247,5530654,2,PS,990921,16:38:08,16:38:13,5,16:38:13,16:38:37,24,AGENT,16:38:36,16:41:27,171,BENSION
AA0115,24248,0,0,PS,990921,16:57:57,16:58:06,9,0:00:00,0:00:00,0,AGENT,16:58:05,16:59:58,113,BENSION
AA0115,24249,0,0,PS,990921,17:11:56,17:12:06,10,0:00:00,0:00:00,0,AGENT,17:12:05,17:13:03,58,TOVA
AA0115,24250,0,0,PS,990921,17:30:13,17:30:23,10,0:00:00,0:00:00,0,AGENT,17:30:22,17:30:23,1,BENSION
AA0115,24251,0,0,NE,990921,17:51:51,17:52:04,13,0:00:00,0:00:00,0,AGENT,17:52:03,17:56:39,276,ZOHARI
AA0115,24252,0,0,PS,990921,18:09:12,18:09:24,12,0:00:00,0:00:00,0,AGENT,18:09:23,18:10:43,80,TOVA
AA0115,24253,0,0,PS,990921,18:26:04,18:26:14,10,0:00:00,0:00:00,0,AGENT,18:26:13,18:31:10,297,STEREN
AA0115,24254,0,0,PS,990921,18:48:56,18:49:08,12,0:00:00,0:00:00,0,AGENT,18:49:07,18:51:48,161,STEREN
AA0115,24255,0,0,PS,990921,19:09:49,19:10:01,12,0:00:00,0:00:00,0,AGENT,19:10:00,19:10:47,47,VICKY
AA0115,24256,0,0,PS,990921,19:38:19,19:38:29,10,0:00:00,0:00:00,0,AGENT,19:38:28,19:43:03,275,BENSION
AA0115,24257,12953451,1,PS,990921,19:50:29,19:50:34,5,19:50:34,19:51:36,62,AGENT,19:51:35,19:54:34,179,VICKY
AA0115,24258,0,0,PS,990921,20:20:53,20:21:04,11,0:00:00,0:00:00,0,AGENT,20:21:03,20:21:22,19,STEREN
AA0115,24259,0,0,PS,990921,20:40:21,20:40:30,9,0:00:00,0:00:00,0,AGENT,20:40:30,20:41:54,84,TOVA
AA0115,24260,0,0,PS,990921,21:02:33,21:02:44,11,0:00:00,0:00:00,0,AGENT,21:02:42,21:03:45,63,GOLDIE
AA0115,24261,0,0,PS,990921,21:16:11,21:16:24,13,0:00:00,0:00:00,0,AGENT,21:16:23,21:17:27,64,BENSION
AA0115,24262,0,0,PS,990921,21:39:15,21:39:24,9,0:00:00,0:00:00,0,AGENT,21:39:23,21:42:21,178,STEREN
AA0115,24263,0,0,NW,990921,21:59:02,21:59:15,13,0:00:00,0:00:00,0,AGENT,21:59:14,22:00:26,72,YITZ
AA0115,24264,33230111,2,PS,990921,22:21:10,22:21:15,5,22:21:15,22:21:54,39,AGENT,22:21:53,22:23:28,95,BENSION
AA0115,24265,0,0,PS,990921,22:50:32,22:50:44,12,0:00:00,0:00:00,0,AGENT,22:50:44,22:51:33,49,GOLDIE
AA0115,24266,0,0,PS,990921,23:12:56,23:13:05,9,0:00:00,0:00:00,0,AGENT,23:13:04,23:15:28,144,STEREN
AA0115,24267,24393688,1,PS,990921,23:44:19,23:44:24,5,23:44:24,23:48:38,254,AGENT,23:48:37,23:53:34,297,STEREN
AA0115,24268,0,0,PS,990922,6:53:56,6:54:22,26,0:00:00,0:00:00,0,HANG,0:00:00,0:00:00,0,NO_SERVER
AA0115,24269,0,0,PS,990922,7:29:34,7:29:40,6,0:00:00,0:00:00,0,AGENT,7:29:41,7:29:46,5,NO_SERVER
AA0115,24270,0,0,NW,990922,7:49:59,7:50:08,9,7:50:08,7:50:10,2,HANG,0:00:00,0:00:00,0,NO_SERVER
AA0115,24271,0,0,PS,990922,8:08:30,8:08:40,10,0:00:00,0:00:00,0,AGENT,8:08:38,8:09:44,66,TOVA
AA0115,24272,0,0,NW,990922,8:26:59,8:27:12,13,0:00:00,0:00:00,0,AGENT,8:27:11,8:31:40,269,GOLDIE
AA0115,24273,0,0,PS,990922,8:39:41,8:39:50,9,0:00:00,0:00:00,0,AGENT,8:39:49,8:43:10,201,KAZAV
AA0115,24274,0,0,PS,990922,8:52:41,8:52:50,9,0:00:00,0:00:00,0,AGENT,8:52:50,8:54:02,72,KAZAV
AA0115,24275,400424,2,PS,990922,9:03:40,9:03:45,5,9:03:45,9:03:49,4,AGENT,9:03:47,9:04:25,38,KAZAV
AA0115,24276,0,0,NW,990922,9:10:15,9:10:25,10,9:10:25,9:11:33,68,AGENT,9:11:32,9:13:14,102,KAZAV
AA0115,24277,28916195,1,PS,990922,9:20:27,9:20:33,6,9:20:33,9:21:25,52,HANG,0:00:00,0:00:00,0,NO_SERVER
AA0115,24278,0,0,PS,990922,9:30:06,9:30:16,10,0:00:00,0:00:00,0,AGENT,9:30:14,9:34:25,251,ROTH
AA0115,24279,0,0,PS,990922,9:42:03,9:42:12,9,0:00:00,0:00:00,0,AGENT,9:42:11,9:44:03,112,KAZAV
AA0115,24280,0,0,PS,990922,9:49:06,9:49:15,9,0:00:00,0:00:00,0,AGENT,9:49:14,9:54:18,304,AVNI
AA0115,24281,0,0,PS,990922,10:00:09,10:00:19,10,0:00:00,0:00:00,0,AGENT,10:00:17,10:01:43,86,VICKY
AA0115,24282,0,0,PS,990922,10:06:49,10:07:00,11,0:00:00,0:00:00,0,AGENT,10:06:58,10:07:01,3,YIFAT
AA0115,24283,0,0,NW,990922,10:15:25,10:15:35,10,10:15:35,10:15:36,1,HANG,0:00:00,0:00:00,0,NO_SERVER
AA0115,24284,54908975,1,PS,990922,10:24:36,10:24:41,5,10:24:41,10:25:04,23,AGENT,10:25:04,10:30:02,298,STEREN
AA0115,24285,24835514,2,PS,990922,10:30:52,10:30:58,6,10:30:58,10:31:28,30,AGENT,10:31:27,10:32:49,82,VICKY
AA0115,24286,0,0,NW,990922,10:36:27,10:36:36,9,0:00:00,0:00:00,0,HANG,0:00:00,0:00:00,0,NO_SERVER
AA0115,24287,0,0,PS,990922,10:45:41,10:45:51,10,0:00:00,0:00:00,0,AGENT,10:45:50,10:47:31,101,VICKY
AA0115,24288,52867744,2,PS,990922,10:54:07,10:54:13,6,10:54:13,10:54:16,3,AGENT,10:54:16,11:04:08,592,TOVA
AA0115,24289,50892322,2,PS,990922,11:02:28,11:02:34,6,11:02:34,11:03:08,34,AGENT,11:03:08,11:04:35,87,ROTH
AA0115,24290,25329491,2,PS,990922,11:08:09,11:08:15,6,11:08:15,11:08:27,12,AGENT,11:08:26,11:10:04,98,ZOHARI
AA0115,24291,25040775,1,PS,990922,11:15:32,11:15:37,5,11:15:37,11:16:11,34,AGENT,11:16:10,11:17:58,108,VICKY
AA0115,24292,0,0,NW,990922,11:24:30,11:24:39,9,11:24:39,11:25:47,68,HANG,0:00:00,0:00:00,0,NO_SERVER
AA0115,24293,26682237,1,PS,990922,11:33:08,11:33:14,6,11:33:14,11:34:44,90,AGENT,11:34:42,11:39:59,317,ROTH
AA0115,24294,29474020,2,PS,990922,11:44:04,11:44:09,5,11:44:09,11:44:36,27,AGENT,11:44:34,11:45:29,55,STEREN
AA0115,24295,41543000,2,PS,990922,11:50:08,11:50:13,5,11:50:13,11:50:21,8,AGENT,11:50:20,11:53:06,166,AVNI
AA0115,24296,14113989,1,PS,990922,11:58:21,11:58:27,6,11:58:27,11:59:28,61,AGENT,11:59:27,12:01:46,139,TOVA
AA0115,24297,0,0,NW,990922,12:12:55,12:13:09,14,0:00:00,0:00:00,0,AGENT,12:13:07,12:15:40,153,ROTH
AA0115,24298,0,0,PS,990922,12:25:00,12:25:09,9,0:00:00,0:00:00,0,AGENT,12:25:09,12:27:26,137,STEREN
AA0115,24299,0,0,PS,990922,12:37:49,12:38:00,11,0:00:00,0:00:00,0,AGENT,12:37:58,12:40:13,135,VICKY
AA0115,24300,0,0,PS,990922,12:52:44,12:52:53,9,0:00:00,0:00:00,0,AGENT,12:52:53,12:53:43,50,YIFAT
AA0115,24301,25341025,2,PS,990922,13:06:40,13:06:45,5,13:06:45,13:06:53,8,AGENT,13:06:53,13:15:31,518,YIFAT
AA0115,24302,0,0,PS,990922,13:20:18,13:20:36,18,0:00:00,0:00:00,0,AGENT,13:20:35,13:22:58,143,GOLDIE
AA0115,24303,0,0,PS,990922,13:32:14,13:32:24,10,0:00:00,0:00:00,0,AGENT,13:32:22,13:36:29,247,ROTH
AA0115,24304,0,0,PS,990922,13:48:53,13:49:02,9,0:00:00,0:00:00,0,AGENT,13:49:01,13:50:12,71,ROTH
AA0115,24305,0,0,PS,990922,14:01:18,14:01:30,12,0:00:00,0:00:00,0,AGENT,14:01:29,14:02:57,88,ROTH
AA0115,24306,0,0,NE,990922,14:18:20,14:18:28,8,0:00:00,0:00:00,0,AGENT,14:18:28,14:20:28,120,ZOHARI
AA0115,24307,0,0,NE,990922,14:30:41,14:30:50,9,0:00:00,0:00:00,0,AGENT,14:30:49,14:30:51,2,MORIAH
AA0115,24308,0,0,PS,990922,14:46:00,14:46:10,10,0:00:00,0:00:00,0,AGENT,14:46:09,14:47:10,61,KAZAV
AA0115,24309,0,0,PS,990922,14:54:20,14:54:29,9,0:00:00,0:00:00,0,AGENT,14:54:28,14:55:03,35,MORIAH
AA0115,24310,0,0,NE,990922,15:06:35,15:06:47,12,0:00:00,0:00:00,0,AGENT,15:06:47,15:09:34,167,ELI
AA0115,24311,0,0,NW,990922,15:17:13,15:17:22,9,15:17:22,15:17:52,30,AGENT,15:17:51,15:19:52,121,MORIAH
AA0115,24312,33900721,2,PS,990922,15:25:37,15:25:43,6,15:25:43,15:25:52,9,AGENT,15:25:52,15:31:50,358,ROTH
AA0115,24313,0,0,PS,990922,15:34:01,15:34:19,18,0:00:00,0:00:00,0,AGENT,15:34:18,15:34:44,26,YITZ
AA0115,24314,9866195,2,PS,990922,15:43:16,15:43:21,5,15:43:21,15:43:38,17,AGENT,15:43:37,15:45:14,97,YITZ
AA0115,24315,0,0,PS,990922,16:03:07,16:03:23,16,0:00:00,0:00:00,0,AGENT,16:03:22,16:04:17,55,ANAT
AA0115,24316,0,0,PS,990922,16:16:03,16:16:18,15,0:00:00,0:00:00,0,AGENT,16:16:17,16:17:32,75,BASCH
AA0115,24317,0,0,PS,990922,16:27:04,16:27:17,13,0:00:00,0:00:00,0,AGENT,16:27:16,16:29:26,130,AVI
AA0115,24318,0,0,PS,990922,16:44:21,16:44:39,18,0:00:00,0:00:00,0,AGENT,16:44:39,16:45:22,43,ANAT
AA0115,24319,0,0,PS,990922,16:54:57,16:55:17,20,0:00:00,0:00:00,0,AGENT,16:55:16,16:55:18,2,ANAT
AA0115,24320,0,0,PS,990922,17:14:32,17:14:47,15,0:00:00,0:00:00,0,AGENT,17:14:46,17:14:49,3,ANAT
AA0115,24321,0,0,NW,990922,17:36:27,17:36:42,15,0:00:00,0:00:00,0,AGENT,17:36:41,17:37:43,62,YITZ
AA0115,24322,24651580,1,PS,990922,17:56:05,17:56:11,6,17:56:11,17:57:16,65,AGENT,17:57:16,17:58:43,87,DORIT
AA0115,24323,0,0,PS,990922,18:16:11,18:16:29,18,0:00:00,0:00:00,0,AGENT,18:16:28,18:18:54,146,SHARON
AA0115,24324,0,0,PS,990922,18:30:05,18:30:15,10,0:00:00,0:00:00,0,AGENT,18:30:15,18:42:24,729,BASCH
AA0115,24325,0,0,PS,990922,18:57:42,18:58:00,18,0:00:00,0:00:00,0,AGENT,18:58:00,18:59:51,111,BASCH
AA0115,24326,0,0,PS,990922,19:23:07,19:23:17,10,0:00:00,0:00:00,0,AGENT,19:23:15,19:23:45,30,BASCH
AA0115,24327,0,0,PS,990922,19:47:08,19:47:21,13,0:00:00,0:00:00,0,AGENT,19:47:19,19:49:24,125,AVI
AA0115,24328,0,0,PS,990922,20:11:45,20:11:58,13,0:00:00,0:00:00,0,AGENT,20:11:57,20:13:36,99,BENSION
AA0115,24329,0,0,PS,990922,20:40:41,20:40:53,12,0:00:00,0:00:00,0,AGENT,20:40:53,20:43:08,135,AVI
AA0115,24330,0,0,PS,990922,21:11:41,21:11:50,9,0:00:00,0:00:00,0,AGENT,21:11:50,21:12:58,68,GILI
AA0115,24331,0,0,PS,990922,21:34:50,21:35:02,12,0:00:00,0:00:00,0,AGENT,21:35:01,21:42:14,433,SHARON
AA0115,24332,0,0,PS,990922,22:00:21,22:00:32,11,0:00:00,0:00:00,0,AGENT,22:00:30,22:01:25,55,GILI
AA0115,24333,0,0,NW,990922,22:25:35,22:25:49,14,0:00:00,0:00:00,0,AGENT,22:25:48,22:26:33,45,SHARON
AA0115,24334,0,0,PS,990922,22:56:51,22:57:06,15,0:00:00,0:00:00,0,AGENT,22:57:05,22:57:32,27,BENSION
AA0115,24335,0,0,PS,990922,23:33:54,23:34:06,12,0:00:00,0:00:00,0,AGENT,23:34:05,23:34:41,36,SHARON
AA0115,24336,0,0,NW,990923,6:58:14,6:58:32,18,0:00:00,0:00:00,0,HANG,0:00:00,0:00:00,0,NO_SERVER
AA0115,24337,0,0,PS,990923,7:38:29,7:38:38,9,0:00:00,0:00:00,0,AGENT,7:38:38,7:42:46,248,ANAT
AA0115,24338,0,0,NW,990923,8:03:13,8:03:34,21,0:00:00,0:00:00,0,AGENT,8:03:33,8:04:11,38,ANAT
AA0115,24339,0,0,PS,990923,8:24:31,8:24:43,12,0:00:00,0:00:00,0,AGENT,8:24:42,8:25:55,73,ANAT
AA0115,24340,0,0,NW,990923,8:36:20,8:36:30,10,8:36:30,8:36:41,11,AGENT,8:36:39,8:37:00,21,ANAT
AA0115,24341,0,0,PS,990923,8:51:02,8:51:11,9,0:00:00,0:00:00,0,AGENT,8:51:11,8:51:15,4,NO_SERVER
AA0115,24342,58852120,2,PS,990923,9:02:06,9:02:11,5,9:02:11,9:02:34,23,AGENT,9:02:33,9:03:52,79,AVI
AA0115,24343,32183741,2,PS,990923,9:13:30,9:13:35,5,9:13:35,9:14:31,56,AGENT,9:14:30,9:16:19,109,AVI
AA0115,24344,50574870,2,PS,990923,9:24:38,9:24:44,6,9:24:44,9:24:52,8,AGENT,9:24:51,9:26:06,75,VICKY
AA0115,24345,0,0,PS,990923,9:38:10,9:38:21,11,0:00:00,0:00:00,0,AGENT,9:38:19,9:41:11,172,DORIT
AA0115,24346,76635051,2,PS,990923,9:46:50,9:46:55,5,9:46:55,9:47:09,14,AGENT,9:47:08,9:50:22,194,AVI
AA0115,24347,57074585,2,PS,990923,9:55:03,9:55:09,6,9:55:09,9:55:47,38,AGENT,9:55:46,9:55:52,6,TOVA
AA0115,24348,54345665,1,PS,990923,10:02:44,10:02:50,6,10:02:50,10:02:59,9,AGENT,10:02:58,10:03:32,34,AVI
AA0115,24349,8295875,2,PS,990923,10:09:56,10:10:01,5,10:10:01,10:10:45,44,AGENT,10:10:44,10:11:53,69,BASCH
AA0115,24350,0,0,PS,990923,10:17:50,10:17:58,8,0:00:00,0:00:00,0,AGENT,10:17:58,10:21:24,206,BASCH
AA0115,24351,37553500,1,PS,990923,10:24:38,10:24:44,6,10:24:44,10:25:34,50,AGENT,10:25:33,10:26:24,51,YIFAT
AA0115,24352,33644022,2,PS,990923,10:31:52,10:31:57,5,10:31:57,10:32:45,48,AGENT,10:32:43,10:37:38,295,YIFAT
AA0115,24353,313749442,1,PS,990923,10:39:16,10:39:22,6,10:39:22,10:39:41,19,AGENT,10:39:40,10:45:04,324,YIFAT
AA0115,24354,37635950,2,PS,990923,10:45:29,10:45:35,6,10:45:35,10:45:41,6,AGENT,10:45:40,10:47:05,85,ANAT
AA0115,24355,24029068,2,PS,990923,10:53:30,10:53:36,6,10:53:36,10:54:03,27,AGENT,10:54:02,10:57:43,221,YIFAT
AA0115,24356,0,0,PS,990923,11:02:26,11:02:35,9,0:00:00,0:00:00,0,AGENT,11:02:34,11:07:17,283,BASCH
AA0115,24357,0,0,NE,990923,11:09:52,11:10:04,12,0:00:00,0:00:00,0,AGENT,11:10:03,11:14:51,288,ELI
AA0115,24358,22424360,2,PS,990923,11:21:48,11:21:54,6,11:21:54,11:22:34,40,AGENT,11:22:33,11:25:40,187,DORIT
AA0115,24359,38530739,1,PS,990923,11:29:19,11:29:25,6,11:29:25,11:30:37,72,AGENT,11:30:37,11:32:34,117,DORIT
AA0115,24360,0,0,PS,990923,11:41:00,11:41:11,11,0:00:00,0:00:00,0,AGENT,11:41:10,11:42:52,102,VICKY
AA0115,24361,0,0,NE,990923,11:50:52,11:51:00,8,0:00:00,0:00:00,0,AGENT,11:51:00,11:52:56,116,VICKY
AA0115,24362,0,0,PS,990923,12:05:22,12:05:31,9,0:00:00,0:00:00,0,AGENT,12:05:29,12:06:49,80,DORIT
AA0115,24363,0,0,PS,990923,12:33:58,12:34:24,26,0:00:00,0:00:00,0,AGENT,12:34:23,12:37:16,173,TOVA
AA0115,24364,47148739,2,NE,990923,12:49:14,12:49:19,5,12:49:19,12:49:48,29,AGENT,12:49:47,12:54:06,259,ANAT
AA0115,24365,0,0,PS,990923,13:03:01,13:03:09,8,0:00:00,0:00:00,0,AGENT,13:03:08,13:14:13,665,VICKY
AA0115,24366,0,0,PS,990923,13:14:51,13:15:00,9,0:00:00,0:00:00,0,AGENT,13:15:00,13:16:11,71,TOVA
AA0115,24367,0,0,PS,990923,13:33:10,13:33:20,10,0:00:00,0:00:00,0,AGENT,13:33:19,13:39:19,360,TOVA
AA0115,24368,0,0,PS,990923,13:44:47,13:45:03,16,0:00:00,0:00:00,0,AGENT,13:45:02,13:47:42,160,BASCH
AA0115,24369,22066336,1,PS,990923,13:55:25,13:55:31,6,13:55:31,13:59:26,235,AGENT,13:57:17,13:59:27,130,TOVA
AA0115,24370,10473262,2,PS,990923,14:09:48,14:09:53,5,14:09:53,14:11:37,104,AGENT,14:11:36,14:12:41,65,BASCH
AA0115,24371,0,0,PS,990923,14:21:52,14:22:00,8,0:00:00,0:00:00,0,AGENT,14:21:59,14:22:46,47,BASCH
AA0115,24372,0,0,PS,990923,14:39:16,14:39:27,11,0:00:00,0:00:00,0,AGENT,14:39:26,14:40:57,91,BASCH
AA0115,24373,0,0,PS,990923,14:52:20,14:52:31,11,0:00:00,0:00:00,0,AGENT,14:52:29,14:53:50,81,YIFAT
AA0115,24374,0,0,PS,990923,15:10:00,15:10:08,8,0:00:00,0:00:00,0,AGENT,15:10:08,15:12:46,158,DORIT
AA0115,24375,0,0,PS,990923,15:23:39,15:23:48,9,0:00:00,0:00:00,0,AGENT,15:23:48,15:26:30,162,BASCH
AA0115,24376,56765985,2,PS,990923,15:36:27,15:36:33,6,15:36:33,15:37:24,51,AGENT,15:37:23,15:41:34,251,AVI
AA0115,24377,0,0,PS,990923,15:53:56,15:54:05,9,0:00:00,0:00:00,0,AGENT,15:54:04,15:57:20,196,BASCH
AA0115,24378,28841617,2,PS,990923,16:08:32,16:08:37,5,16:08:37,16:09:00,23,AGENT,16:08:59,16:10:39,100,SHARON
AA0115,24379,0,0,PS,990923,16:25:40,16:25:50,10,0:00:00,0:00:00,0,AGENT,16:25:49,16:26:09,20,SHARON
AA0115,24380,0,0,PS,990923,16:42:47,16:42:56,9,0:00:00,0:00:00,0,AGENT,16:42:55,16:43:11,16,AVNI
AA0115,24381,54142708,1,PS,990923,17:01:42,17:01:48,6,17:01:48,17:08:41,413,AGENT,17:08:41,17:10:22,101,SHARON
AA0115,24382,0,0,NW,990923,17:26:36,17:26:43,7,0:00:00,0:00:00,0,HANG,0:00:00,0:00:00,0,NO_SERVER
AA0115,24383,0,0,PS,990923,17:52:47,17:52:55,8,0:00:00,0:00:00,0,AGENT,17:52:54,17:58:03,309,AVNI
AA0115,24384,0,0,PS,990923,18:15:53,18:16:03,10,0:00:00,0:00:00,0,AGENT,18:16:02,18:17:20,78,SHARON
AA0115,24385,0,0,PS,990923,18:35:07,18:35:17,10,0:00:00,0:00:00,0,AGENT,18:35:16,18:40:55,339,DARMON
AA0115,24386,0,0,PS,990923,19:01:32,19:01:47,15,0:00:00,0:00:00,0,AGENT,19:01:46,19:05:03,197,YITZ
AA0115,24387,0,0,PS,990923,19:29:27,19:29:33,6,0:00:00,0:00:00,0,HANG,0:00:00,0:00:00,0,NO_SERVER
AA0115,24388,0,0,PS,990923,19:55:15,19:55:24,9,0:00:00,0:00:00,0,AGENT,19:55:23,19:56:37,74,GILI
AA0115,24389,0,0,PS,990923,20:27:14,20:27:26,12,0:00:00,0:00:00,0,AGENT,20:27:26,20:29:12,106,MEIR
AA0115,24390,0,0,PS,990923,21:09:05,21:09:14,9,0:00:00,0:00:00,0,AGENT,21:09:14,21:10:54,100,GILI
AA0115,24391,0,0,PS,990923,22:08:47,22:08:59,12,0:00:00,0:00:00,0,AGENT,22:08:57,22:12:25,208,STEREN
AA0115,24392,0,0,PS,990923,22:37:15,22:37:24,9,0:00:00,0:00:00,0,AGENT,22:37:23,22:41:05,222,AVNI
AA0115,24393,0,0,PS,990923,23:27:59,23:28:08,9,0:00:00,0:00:00,0,AGENT,23:28:07,23:29:40,93,AVNI
AA0115,24394,0,0,PS,990923,23:57:18,23:57:36,18,0:00:00,0:00:00,0,AGENT,23:57:35,0:00:46,191,SHARON
AA0115,24395,0,0,NW,990924,0:08:38,0:08:52,14,0:00:00,0:00:00,0,HANG,0:00:00,0:00:00,0,NO_SERVER
AA0115,24396,0,0,PS,990924,7:39:20,7:39:33,13,0:00:00,0:00:00,0,AGENT,7:39:32,7:42:10,158,ANAT
AA0115,24397,0,0,PS,990924,8:06:36,8:06:47,11,0:00:00,0:00:00,0,AGENT,8:06:46,8:08:03,77,ANAT
AA0115,24398,0,0,NW,990924,8:34:24,8:34:33,9,8:34:33,8:35:56,83,HANG,0:00:00,0:00:00,0,NO_SERVER
AA0115,24399,63664932,2,PS,990924,8:50:22,8:50:27,5,8:50:27,8:50:30,3,HANG,0:00:00,0:00:00,0,NO_SERVER
AA0115,24400,0,0,PS,990924,9:11:59,9:12:12,13,0:00:00,0:00:00,0,AGENT,9:12:11,9:13:28,77,ELI
AA0115,24401,1489624,2,PS,990924,9:33:10,9:33:15,5,9:33:15,9:34:42,87,AGENT,9:34:41,9:36:10,89,SHARON
AA0115,24402,11361623,2,PS,990924,9:49:13,9:49:18,5,9:49:18,9:52:30,192,AGENT,9:52:30,9:53:10,40,BASCH
AA0115,24403,0,0,PS,990924,10:14:36,10:14:49,13,0:00:00,0:00:00,0,AGENT,10:14:48,10:17:25,157,DORIT
AA0115,24404,0,0,PS,990924,10:36:37,10:36:50,13,0:00:00,0:00:00,0,AGENT,10:36:49,10:38:16,87,BASCH
AA0115,24405,33911389,1,PS,990924,10:51:17,10:51:23,6,10:51:23,10:52:11,48,AGENT,10:52:10,10:58:49,399,BASCH
AA0115,24406,2983385,2,PS,990924,11:06:03,11:06:08,5,11:06:08,11:06:20,12,AGENT,11:06:19,11:08:37,138,GELBER
AA0115,24407,0,0,PS,990924,11:36:49,11:37:04,15,0:00:00,0:00:00,0,AGENT,11:37:03,11:38:12,69,ANAT
AA0115,24408,0,0,PS,990924,12:03:54,12:04:09,15,0:00:00,0:00:00,0,AGENT,12:04:08,12:04:41,33,DORIT
AA0115,24409,0,0,PS,990924,12:18:34,12:18:45,11,0:00:00,0:00:00,0,AGENT,12:18:45,12:21:46,181,ANAT
AA0115,24410,0,0,PS,990924,12:42:23,12:42:33,10,0:00:00,0:00:00,0,AGENT,12:42:31,12:44:13,102,BASCH
AA0115,24411,0,0,PS,990924,13:19:32,13:19:42,10,0:00:00,0:00:00,0,AGENT,13:19:41,13:19:56,15,SHARON
AA0115,24412,56140874,2,PS,990924,13:46:00,13:46:06,6,13:46:06,13:46:29,23,AGENT,13:46:29,13:47:37,68,BASCH
AA0115,24413,0,0,NW,990924,15:25:17,15:25:32,15,0:00:00,0:00:00,0,HANG,0:00:00,0:00:00,0,NO_SERVER
AA0115,24414,0,0,NW,990925,11:50:01,11:50:18,17,0:00:00,0:00:00,0,HANG,0:00:00,0:00:00,0,NO_SERVER
AA0115,24415,0,0,PS,990925,20:10:37,20:10:47,10,0:00:00,0:00:00,0,AGENT,20:10:46,20:12:18,92,ZOHARI
AA0115,24416,0,0,NE,990925,20:42:46,20:42:57,11,0:00:00,0:00:00,0,AGENT,20:42:56,20:44:02,66,AVI
AA0115,24417,0,0,PS,990925,21:37:52,21:38:02,10,0:00:00,0:00:00,0,AGENT,21:38:01,21:38:28,27,ZOHARI
AA0115,24418,0,0,NW,990925,22:42:24,22:42:38,14,0:00:00,0:00:00,0,AGENT,22:42:37,22:43:08,31,AVI
AA0115,24419,0,0,NW,990926,3:30:06,3:30:16,10,0:00:00,0:00:00,0,HANG,0:00:00,0:00:00,0,NO_SERVER
AA0115,24420,27914282,2,PS,990926,7:48:19,7:48:25,6,7:48:25,7:49:12,47,AGENT,7:49:11,7:50:03,52,BASCH
AA0115,24421,0,0,PS,990926,8:29:21,8:29:30,9,0:00:00,0:00:00,0,AGENT,8:29:29,8:31:01,92,BASCH
AA0115,24422,0,0,PS,990926,8:50:38,8:50:50,12,0:00:00,0:00:00,0,AGENT,8:50:49,8:53:19,150,ZOHARI
AA0115,24423,0,0,PS,990926,9:09:49,9:09:58,9,0:00:00,0:00:00,0,AGENT,9:09:58,9:17:25,447,VICKY
AA0115,24424,0,0,PS,990926,9:24:39,9:24:51,12,0:00:00,0:00:00,0,AGENT,9:24:50,9:25:06,16,YIFAT
AA0115,24425,0,0,PS,990926,9:35:28,9:35:41,13,0:00:00,0:00:00,0,AGENT,9:35:39,9:38:16,157,VICKY
AA0115,24426,10333623,1,PS,990926,9:48:06,9:48:12,6,9:48:12,9:52:26,254,AGENT,9:52:25,9:55:04,159,BASCH
AA0115,24427,0,0,PS,990926,10:02:06,10:02:15,9,0:00:00,0:00:00,0,AGENT,10:02:14,10:03:15,61,BASCH
AA0115,24428,0,0,PS,990926,10:15:44,10:15:54,10,0:00:00,0:00:00,0,AGENT,10:15:52,10:19:54,242,BASCH
AA0115,24429,310599469,2,PS,990926,10:28:55,10:29:01,6,10:29:01,10:29:07,6,HANG,10:29:07,10:29:12,5,NO_SERVER
AA0115,24430,0,0,PS,990926,10:47:43,10:47:54,11,0:00:00,0:00:00,0,AGENT,10:47:53,10:52:01,248,ZOHARI
AA0115,24431,54539366,1,PS,990926,10:56:45,10:56:50,5,10:56:50,10:59:44,174,AGENT,10:59:42,11:00:20,38,VICKY
AA0115,24432,28424109,1,PS,990926,11:07:27,11:07:33,6,11:07:33,11:07:48,15,AGENT,11:07:47,11:09:52,125,VICKY
AA0115,24433,74780917,2,NE,990926,11:20:11,11:20:16,5,11:20:16,11:20:46,30,AGENT,11:20:45,11:24:00,195,ZOHARI
AA0115,24434,0,0,NE,990926,11:31:54,11:32:03,9,0:00:00,0:00:00,0,AGENT,11:32:02,11:47:15,913,BASCH
AA0115,24435,1574243,2,NE,990926,11:43:30,11:43:35,5,11:43:35,11:43:45,10,AGENT,11:43:44,11:44:54,70,ZOHARI
AA0115,24436,0,0,PS,990926,11:59:37,11:59:46,9,0:00:00,0:00:00,0,AGENT,11:59:46,12:02:00,134,BASCH
AA0115,24437,0,0,PS,990926,12:17:49,12:17:59,10,0:00:00,0:00:00,0,AGENT,12:17:58,12:18:30,32,ZOHARI
AA0115,24438,0,0,PS,990926,12:36:30,12:36:40,10,0:00:00,0:00:00,0,AGENT,12:36:39,12:39:46,187,ZOHARI
AA0115,24439,0,0,NE,990926,12:59:01,12:59:14,13,0:00:00,0:00:00,0,AGENT,12:59:13,13:00:03,50,TOVA
AA0115,24440,0,0,PS,990926,13:20:44,13:20:53,9,0:00:00,0:00:00,0,AGENT,13:20:52,13:26:28,336,VICKY
AA0115,24441,0,0,PS,990926,13:33:43,13:33:58,15,0:00:00,0:00:00,0,AGENT,13:33:57,13:39:02,305,TOVA
AA0115,24442,0,0,NW,990926,13:47:39,13:47:52,13,0:00:00,0:00:00,0,AGENT,13:47:51,13:49:03,72,YIFAT
AA0115,24443,0,0,PS,990926,14:06:20,14:06:29,9,0:00:00,0:00:00,0,AGENT,14:06:29,14:09:52,203,DORIT
AA0115,24444,0,0,PS,990926,14:17:30,14:17:39,9,0:00:00,0:00:00,0,AGENT,14:17:38,14:19:05,87,AVNI
AA0115,24445,0,0,NE,990926,14:39:47,14:39:58,11,0:00:00,0:00:00,0,AGENT,14:39:57,14:41:02,65,ELI
AA0115,24446,67158097,2,PS,990926,15:00:24,15:00:30,6,15:00:30,15:00:58,28,AGENT,15:00:57,15:02:24,87,VICKY
AA0115,24447,0,0,PS,990926,15:20:29,15:20:38,9,0:00:00,0:00:00,0,AGENT,15:20:38,15:21:21,43,VICKY
AA0115,24448,0,0,PS,990926,15:50:35,15:50:43,8,0:00:00,0:00:00,0,AGENT,15:50:42,15:52:54,132,AVNI
AA0115,24449,0,0,PS,990926,16:17:39,16:17:52,13,0:00:00,0:00:00,0,AGENT,16:17:52,16:21:26,214,DARMON
AA0115,24450,0,0,PS,990926,17:04:59,17:05:15,16,0:00:00,0:00:00,0,AGENT,17:05:14,17:07:50,156,DARMON
AA0115,24451,0,0,NW,990926,17:41:18,17:41:40,22,0:00:00,0:00:00,0,AGENT,17:41:40,17:43:26,106,SHARON
AA0115,24452,0,0,NW,990926,18:17:03,18:17:16,13,0:00:00,0:00:00,0,AGENT,18:17:15,18:18:36,81,SHARON
AA0115,24453,0,0,NW,990926,18:49:36,18:49:53,17,0:00:00,0:00:00,0,AGENT,18:49:52,18:50:27,35,MORIAH
AA0115,24454,0,0,PS,990926,19:26:38,19:26:47,9,0:00:00,0:00:00,0,AGENT,19:26:47,19:29:15,148,TOVA
AA0115,24455,0,0,PS,990926,20:17:24,20:17:36,12,0:00:00,0:00:00,0,AGENT,20:17:35,20:19:08,93,BENSION
AA0115,24456,0,0,PS,990926,21:20:49,21:20:59,10,0:00:00,0:00:00,0,AGENT,21:20:58,21:24:17,199,MORIAH
AA0115,24457,55279970,2,NE,990926,22:28:20,22:28:26,6,22:28:26,22:30:01,95,AGENT,22:30:00,22:32:17,137,SHARON
AA0115,24458,0,0,PS,990927,1:33:19,1:33:30,11,0:00:00,0:00:00,0,HANG,0:00:00,0:00:00,0,NO_SERVER
AA0115,24459,0,0,PS,990927,7:58:30,7:58:43,13,0:00:00,0:00:00,0,AGENT,7:58:42,8:00:56,134,BASCH
AA0115,24460,0,0,NW,990927,8:24:04,8:24:16,12,0:00:00,0:00:00,0,AGENT,8:24:16,8:25:45,89,YITZ
AA0115,24461,0,0,NW,990927,8:46:45,8:46:58,13,0:00:00,0:00:00,0,AGENT,8:46:57,8:49:55,178,YITZ
AA0115,24462,0,0,NW,990927,9:02:43,9:02:57,14,0:00:00,0:00:00,0,AGENT,9:02:56,9:04:32,96,BENSION
AA0115,24463,0,0,NW,990927,9:20:30,9:20:46,16,0:00:00,0:00:00,0,AGENT,9:20:45,9:24:09,204,BENSION
AA0115,24464,53517397,2,PS,990927,9:35:21,9:35:26,5,9:35:26,9:38:40,194,AGENT,9:38:39,9:40:24,105,TOVA
AA0115,24465,0,0,PS,990927,9:49:22,9:49:33,11,0:00:00,0:00:00,0,AGENT,9:49:32,9:50:55,83,YITZ
AA0115,24466,50347749,1,NE,990927,9:55:52,9:55:58,6,9:55:58,9:58:02,124,AGENT,9:58:01,10:02:52,291,ZOHARI
AA0115,24467,69687275,2,PS,990927,10:08:24,10:08:30,6,10:08:30,10:09:20,50,AGENT,10:09:19,10:14:08,289,YITZ
AA0115,24468,54128681,2,PS,990927,10:22:20,10:22:42,22,10:22:42,10:22:49,7,AGENT,10:22:48,10:28:27,339,ZOHARI
AA0115,24469,51305340,1,PS,990927,10:38:21,10:38:27,6,10:38:27,10:38:48,21,AGENT,10:38:47,10:39:29,42,BENSION
AA0115,24470,0,0,PS,990927,10:51:13,10:51:26,13,0:00:00,0:00:00,0,AGENT,10:51:25,10:53:43,138,ZOHARI
AA0115,24471,74780917,2,NE,990927,11:02:34,11:02:40,6,11:02:40,11:04:50,130,AGENT,11:04:50,11:08:49,239,ZOHARI
AA0115,24472,51294858,2,PS,990927,11:13:43,11:13:48,5,11:13:48,11:14:02,14,AGENT,11:14:02,11:15:09,67,TOVA
AA0115,24473,0,0,PS,990927,11:31:08,11:31:20,12,0:00:00,0:00:00,0,AGENT,11:31:20,11:38:10,410,TOVA
AA0115,24474,0,0,NW,990927,11:44:05,11:44:14,9,11:44:14,11:51:54,460,AGENT,11:51:54,11:56:08,254,PINHAS
AA0115,24475,23895501,2,PS,990927,12:05:06,12:05:12,6,12:05:12,12:05:28,16,AGENT,12:05:27,12:07:42,135,BASCH
AA0115,24476,55921597,1,NE,990927,12:23:03,12:23:08,5,12:23:08,12:24:15,67,AGENT,12:24:14,12:25:18,64,ELI
AA0115,24477,0,0,PS,990927,12:37:46,12:37:55,9,0:00:00,0:00:00,0,AGENT,12:37:54,12:39:47,113,YITZ
AA0115,24478,0,0,PS,990927,12:51:44,12:51:58,14,0:00:00,0:00:00,0,AGENT,12:51:57,12:53:00,63,BENSION
AA0115,24479,55539530,2,PS,990927,13:01:25,13:01:31,6,13:01:31,13:02:12,41,HANG,0:00:00,0:00:00,0,NO_SERVER
AA0115,24480,67899906,1,PE,990927,13:18:20,13:18:24,4,13:18:24,13:19:51,87,AGENT,13:19:50,13:23:06,196,VICKY
AA0115,24481,23383607,2,PS,990927,13:36:53,13:36:58,5,13:36:58,13:37:44,46,AGENT,13:37:43,13:38:19,36,TOVA
AA0115,24482,0,0,NE,990927,13:51:14,13:51:23,9,0:00:00,0:00:00,0,AGENT,13:51:23,13:54:19,176,BASCH
AA0115,24483,0,0,NW,990927,14:05:59,14:06:08,9,14:06:08,14:10:45,277,HANG,0:00:00,0:00:00,0,NO_SERVER
AA0115,24484,23699390,2,PS,990927,14:23:00,14:23:06,6,14:23:06,14:25:12,126,HANG,0:00:00,0:00:00,0,NO_SERVER
AA0115,24485,0,0,NE,990927,14:42:21,14:42:39,18,0:00:00,0:00:00,0,AGENT,14:42:38,14:50:14,456,BASCH
AA0115,24486,0,0,PS,990927,14:57:17,14:57:27,10,0:00:00,0:00:00,0,AGENT,14:57:26,14:58:34,68,ANAT
AA0115,24487,0,0,PS,990927,15:18:57,15:19:06,9,0:00:00,0:00:00,0,AGENT,15:19:05,15:20:17,72,BASCH
AA0115,24488,0,0,PS,990927,16:13:19,16:13:33,14,0:00:00,0:00:00,0,AGENT,16:13:33,16:13:35,2,ANAT
AA0115,24489,0,0,NE,990927,16:33:29,16:33:41,12,0:00:00,0:00:00,0,AGENT,16:33:40,16:35:02,82,ANAT
AA0115,24490,0,0,NW,990927,17:04:39,17:04:52,13,0:00:00,0:00:00,0,AGENT,17:04:51,17:05:40,49,MORIAH
AA0115,24491,52031556,2,PS,990927,17:39:18,17:39:24,6,17:39:24,17:39:46,22,AGENT,17:39:45,17:40:06,21,SHARON
AA0115,24492,0,0,PS,990927,18:05:35,18:05:49,14,0:00:00,0:00:00,0,AGENT,18:05:48,18:08:19,151,AVNI
AA0115,24493,0,0,PS,990927,18:45:30,18:45:47,17,0:00:00,0:00:00,0,AGENT,18:45:46,18:47:06,80,GILI
AA0115,24494,0,0,PS,990927,19:14:11,19:14:20,9,0:00:00,0:00:00,0,AGENT,19:14:20,19:20:16,356,AVNI
AA0115,24495,0,0,PS,990927,19:58:24,19:58:35,11,0:00:00,0:00:00,0,AGENT,19:58:34,20:06:17,463,MORIAH
AA0115,24496,0,0,PS,990927,20:49:26,20:49:38,12,0:00:00,0:00:00,0,AGENT,20:49:37,20:50:47,70,ANAT
AA0115,24497,0,0,PS,990927,21:42:10,21:42:20,10,0:00:00,0:00:00,0,AGENT,21:42:19,21:45:01,162,GILI
AA0115,24498,0,0,NW,990927,22:11:45,22:11:56,11,0:00:00,0:00:00,0,AGENT,22:11:56,22:12:35,39,AVNI
AA0115,24499,0,0,NE,990927,23:12:54,23:13:07,13,0:00:00,0:00:00,0,AGENT,23:13:06,23:19:42,396,MORIAH
AA0115,24501,0,0,NE,990928,0:15:12,0:15:12,0,0:00:00,0:00:00,0,HANG,0:00:00,0:00:00,0,NO_SERVER
AA0115,24502,0,0,PS,990928,7:32:55,7:33:06,11,0:00:00,0:00:00,0,AGENT,7:33:05,7:34:23,78,YIFAT
AA0115,24503,57211559,2,PS,990928,8:18:46,8:18:51,5,8:18:51,8:20:01,70,AGENT,8:20:00,8:26:52,412,YIFAT
AA0115,24504,0,0,PS,990928,8:41:27,8:41:47,20,0:00:00,0:00:00,0,AGENT,8:41:47,8:44:20,153,ANAT
AA0115,24505,0,0,NW,990928,8:58:09,8:58:18,9,8:58:18,8:59:20,62,HANG,0:00:00,0:00:00,0,NO_SERVER
AA0115,24506,72600836,2,PS,990928,9:19:41,9:19:46,5,9:19:46,9:20:39,53,AGENT,9:20:38,9:21:37,59,ANAT
AA0115,24507,22561864,1,PS,990928,9:30:07,9:30:12,5,9:30:12,9:33:50,218,AGENT,9:33:49,9:38:56,307,ANAT
AA0115,24508,65032120,2,PS,990928,9:46:19,9:46:25,6,9:46:25,9:47:35,70,AGENT,9:47:34,9:50:41,187,YIFAT
AA0115,24509,14013809,1,PS,990928,10:01:16,10:01:22,6,10:01:22,10:03:34,132,AGENT,10:03:33,10:05:06,93,YIFAT
AA0115,24510,45447547,2,PS,990928,10:11:30,10:11:36,6,10:11:36,10:16:46,310,AGENT,10:16:45,10:17:41,56,YIFAT
AA0115,24511,7191646,2,NE,990928,10:23:31,10:23:36,5,10:23:36,10:28:01,265,AGENT,10:28:00,10:31:49,229,ANAT
AA0115,24512,703074,2,PS,990928,10:35:42,10:35:48,6,10:35:48,10:37:14,86,AGENT,10:37:12,10:42:35,323,AVNI
AA0115,24513,16511388,2,PS,990928,10:48:47,10:48:53,6,10:48:53,10:49:01,8,AGENT,10:49:00,10:50:04,64,AVNI
AA0115,24514,44276616,2,PS,990928,10:58:18,10:58:33,15,10:58:33,10:59:29,56,AGENT,10:59:29,11:03:04,215,AVNI
AA0115,24515,44276616,2,PS,990928,11:11:12,11:11:17,5,11:11:17,11:13:50,153,AGENT,11:13:49,11:13:51,2,ANAT
AA0115,24516,59650556,2,PS,990928,11:22:46,11:22:51,5,11:22:51,11:23:13,22,PHANTOM,11:23:13,11:23:35,22,NO_SERVER
AA0115,24517,17401688,1,PS,990928,11:32:13,11:32:19,6,11:32:19,11:34:04,105,AGENT,11:34:03,11:35:12,69,YIFAT
AA0115,24518,0,0,NW,990928,11:41:46,11:41:55,9,11:41:55,12:05:09,1394,HANG,0:00:00,0:00:00,0,NO_SERVER
AA0115,24519,0,0,NW,990928,12:11:33,12:11:43,10,12:11:43,12:12:09,26,HANG,0:00:00,0:00:00,0,NO_SERVER
AA0115,24520,54128681,2,PS,990928,12:19:26,12:19:31,5,12:19:31,12:19:41,10,HANG,0:00:00,0:00:00,0,NO_SERVER
AA0115,24521,304229115,2,PS,990928,12:27:53,12:27:58,5,12:27:58,12:29:02,64,HANG,0:00:00,0:00:00,0,NO_SERVER
AA0115,24522,59158360,1,PS,990928,12:38:01,12:38:06,5,12:38:06,12:38:40,34,HANG,0:00:00,0:00:00,0,NO_SERVER
AA0115,24523,9594813,2,PS,990928,12:49:47,12:49:53,6,12:49:53,12:51:49,116,AGENT,12:51:49,12:56:18,269,YIFAT
AA0115,24524,0,0,PS,990928,13:02:25,13:02:37,12,0:00:00,0:00:00,0,AGENT,13:02:36,13:04:09,93,YIFAT
AA0115,24525,310077417,1,PS,990928,13:14:53,13:14:58,5,13:14:58,13:16:37,99,AGENT,13:16:36,13:18:27,111,ZOHARI
AA0115,24526,0,0,PS,990928,13:36:39,13:36:52,13,0:00:00,0:00:00,0,AGENT,13:36:51,13:36:54,3,ANAT
AA0115,24527,31794381,1,PS,990928,13:48:20,13:48:26,6,13:48:26,13:51:44,198,AGENT,13:51:44,13:52:09,25,YIFAT
AA0115,24528,57918849,1,NE,990928,14:01:14,14:01:19,5,14:01:19,14:03:55,156,AGENT,14:03:55,14:09:09,314,ZOHARI
AA0115,24529,0,0,PS,990928,14:14:30,14:14:38,8,0:00:00,0:00:00,0,AGENT,14:14:38,14:16:45,127,VICKY
AA0115,24530,25036146,1,PS,990928,14:28:16,14:28:22,6,14:28:22,14:28:58,36,AGENT,14:28:56,14:32:09,193,ZOHARI
AA0115,24531,52120771,1,NE,990928,14:50:48,14:50:53,5,14:50:53,14:52:07,74,AGENT,14:52:06,14:53:56,110,VICKY
AA0115,24532,0,0,PS,990928,15:10:31,15:10:39,8,0:00:00,0:00:00,0,AGENT,15:10:38,15:12:14,96,BASCH
AA0115,24533,0,0,NE,990928,15:52:19,15:52:27,8,0:00:00,0:00:00,0,AGENT,15:52:27,15:54:48,141,BASCH
AA0115,24534,0,0,PS,990928,16:22:40,16:22:48,8,0:00:00,0:00:00,0,AGENT,16:22:48,16:23:15,27,BASCH
AA0115,24535,0,0,PS,990928,16:49:51,16:50:02,11,0:00:00,0:00:00,0,AGENT,16:50:00,16:52:45,165,BASCH
AA0115,24536,0,0,PS,990928,17:16:41,17:16:51,10,0:00:00,0:00:00,0,AGENT,17:16:50,17:20:10,200,YITZ
AA0115,24537,0,0,PS,990928,17:42:34,17:42:43,9,0:00:00,0:00:00,0,AGENT,17:42:42,17:44:16,94,YITZ
AA0115,24538,0,0,PS,990928,18:01:08,18:01:19,11,0:00:00,0:00:00,0,AGENT,18:01:18,18:02:24,66,YITZ
AA0115,24539,0,0,NE,990928,18:33:27,18:33:44,17,0:00:00,0:00:00,0,AGENT,18:33:43,18:40:04,381,DARMON
AA0115,24540,0,0,PS,990928,19:31:45,19:31:56,11,0:00:00,0:00:00,0,AGENT,19:31:55,19:33:04,69,VICKY
AA0115,24541,0,0,PS,990928,20:24:44,20:24:54,10,0:00:00,0:00:00,0,AGENT,20:24:53,20:27:33,160,BASCH
AA0115,24542,0,0,PS,990928,20:58:09,20:58:18,9,0:00:00,0:00:00,0,AGENT,20:58:17,21:00:45,148,SHARON
AA0115,24543,0,0,PS,990928,21:29:31,21:29:41,10,0:00:00,0:00:00,0,AGENT,21:29:40,21:31:09,89,BASCH
AA0115,24544,0,0,PS,990928,21:57:03,21:57:21,18,0:00:00,0:00:00,0,AGENT,21:57:19,21:58:19,60,DARMON
AA0115,24545,0,0,PS,990928,22:40:50,22:40:59,9,0:00:00,0:00:00,0,AGENT,22:40:58,22:42:19,81,GILI
AA0115,24546,0,0,PS,990928,23:45:37,23:45:52,15,0:00:00,0:00:00,0,AGENT,23:45:51,23:47:31,100,DORIT
AA0115,24547,0,0,PS,990929,7:12:27,7:12:37,10,0:00:00,0:00:00,0,AGENT,7:12:36,7:13:14,38,ANAT
AA0115,24548,0,0,NW,990929,8:07:08,8:07:23,15,0:00:00,0:00:00,0,AGENT,8:07:22,8:10:58,216,SHARON
AA0115,24549,0,0,NW,990929,8:30:48,8:30:57,9,8:30:57,8:31:03,6,HANG,0:00:00,0:00:00,0,NO_SERVER
AA0115,24550,0,0,NW,990929,8:45:12,8:45:29,17,0:00:00,0:00:00,0,AGENT,8:45:29,8:45:35,6,NO_SERVER
AA0115,24551,27922665,2,PS,990929,9:03:54,9:04:00,6,9:04:00,9:04:06,6,AGENT,9:04:05,9:06:33,148,ANAT
AA0115,24552,0,0,PS,990929,9:20:44,9:20:56,12,0:00:00,0:00:00,0,AGENT,9:20:55,9:23:49,174,SHARON
AA0115,24553,0,0,PS,990929,9:34:07,9:34:23,16,0:00:00,0:00:00,0,AGENT,9:34:22,9:36:24,122,ANAT
AA0115,24554,63730469,1,PS,990929,9:46:36,9:46:41,5,9:46:41,9:49:26,165,HANG,0:00:00,0:00:00,0,NO_SERVER
AA0115,24555,7191646,2,NE,990929,9:55:24,9:55:30,6,9:55:30,9:57:11,101,AGENT,9:57:10,10:08:43,693,ANAT
AA0115,24556,0,0,NW,990929,10:08:40,10:08:50,10,10:08:50,10:11:04,134,AGENT,10:11:03,10:12:03,60,ANAT
AA0115,24557,59630624,1,NE,990929,10:20:28,10:20:34,6,10:20:34,10:21:39,65,AGENT,10:21:38,10:29:57,499,ZOHARI
AA0115,24558,0,0,PS,990929,10:34:00,10:34:12,12,0:00:00,0:00:00,0,AGENT,10:34:11,10:36:30,139,ANAT
AA0115,24559,69632123,1,PS,990929,10:39:37,10:39:43,6,10:39:43,10:40:43,60,AGENT,10:40:42,10:44:41,239,SHARON
AA0115,24560,29334976,1,PS,990929,10:54:08,10:54:14,6,10:54:14,10:55:34,80,AGENT,10:55:34,10:56:56,82,SHARON
AA0115,24561,703074,2,PS,990929,11:03:16,11:03:22,6,11:03:22,11:03:55,33,AGENT,11:03:54,11:03:56,2,ANAT
AA0115,24562,16534265,1,PS,990929,11:13:05,11:13:11,6,11:13:11,11:13:58,47,AGENT,11:13:57,11:20:21,384,DORIT
AA0115,24563,33841370,1,PS,990929,11:25:10,11:25:16,6,11:25:16,11:25:30,14,AGENT,11:25:29,11:26:22,53,AVNI
AA0115,24564,5934609,2,PS,990929,11:37:29,11:37:35,6,11:37:35,11:38:32,57,AGENT,11:38:31,11:39:56,85,DORIT
AA0115,24565,1382043,2,PS,990929,11:50:46,11:50:52,6,11:50:52,11:50:58,6,AGENT,11:50:57,11:55:52,295,YIFAT
AA0115,24566,56837933,1,PS,990929,12:02:59,12:03:05,6,12:03:05,12:05:47,162,AGENT,12:05:46,12:07:33,107,ANAT
AA0115,24567,32810103,1,PS,990929,12:12:03,12:12:08,5,12:12:08,12:12:58,50,HANG,0:00:00,0:00:00,0,NO_SERVER
AA0115,24568,25236241,1,PS,990929,12:24:55,12:25:01,6,12:25:01,12:25:13,12,HANG,0:00:00,0:00:00,0,NO_SERVER
AA0115,24569,0,0,NW,990929,12:33:13,12:33:22,9,12:33:22,12:33:24,2,HANG,0:00:00,0:00:00,0,NO_SERVER
AA0115,24570,23895501,2,PS,990929,12:44:42,12:44:47,5,12:44:47,12:45:17,30,AGENT,12:45:16,12:47:07,111,ANAT
AA0115,24571,28828796,1,PS,990929,13:00:29,13:00:34,5,13:00:34,13:02:22,108,HANG,0:00:00,0:00:00,0,NO_SERVER
AA0115,24572,0,0,PS,990929,13:18:57,13:19:06,9,0:00:00,0:00:00,0,AGENT,13:19:05,13:24:21,316,YIFAT
AA0115,24573,0,0,PS,990929,13:34:13,13:34:22,9,0:00:00,0:00:00,0,AGENT,13:34:21,13:38:57,276,DORIT
AA0115,24574,68741495,2,NE,990929,13:48:58,13:49:03,5,13:49:03,13:51:35,152,AGENT,13:51:34,13:51:36,2,ANAT
AA0115,24575,56457336,2,PS,990929,13:58:50,13:58:56,6,13:58:56,14:00:37,101,AGENT,14:00:36,14:02:52,136,BASCH
AA0115,24576,0,0,PS,990929,14:11:35,14:11:47,12,0:00:00,0:00:00,0,AGENT,14:11:46,14:12:41,55,YIFAT
AA0115,24577,27008085,1,PS,990929,14:21:09,14:21:15,6,14:21:15,14:24:43,208,AGENT,14:24:43,14:25:17,34,BASCH
AA0115,24578,54042171,2,NE,990929,14:36:40,14:36:45,5,14:36:45,14:37:25,40,AGENT,14:37:24,14:49:31,727,AVNI
AA0115,24579,24851511,2,PS,990929,15:02:24,15:02:29,5,15:02:29,15:05:05,156,AGENT,15:05:04,15:08:50,226,BASCH
AA0115,24580,0,0,PS,990929,15:33:19,15:33:27,8,0:00:00,0:00:00,0,AGENT,15:33:27,15:34:02,35,DORIT
AA0115,24581,59197178,2,PS,990929,16:03:33,16:03:39,6,16:03:39,16:03:50,11,AGENT,16:03:49,16:06:44,175,STEREN
AA0115,24582,22817019,2,PS,990929,16:27:01,16:27:06,5,16:27:06,16:27:53,47,AGENT,16:27:52,16:28:55,63,BASCH
AA0115,24583,0,0,PS,990929,17:08:51,17:09:00,9,0:00:00,0:00:00,0,AGENT,17:09:00,17:10:11,71,STEREN
AA0115,24584,0,0,PS,990929,17:37:59,17:38:09,10,0:00:00,0:00:00,0,AGENT,17:38:08,17:39:33,85,STEREN
AA0115,24585,0,0,NE,990929,18:01:32,18:01:41,9,0:00:00,0:00:00,0,AGENT,18:01:41,18:02:21,40,VICKY
AA0115,24586,14264295,2,PS,990929,18:33:10,18:33:16,6,18:33:16,18:34:01,45,AGENT,18:34:00,18:36:07,127,BASCH
AA0115,24587,0,0,PS,990929,19:02:03,19:02:17,14,0:00:00,0:00:00,0,AGENT,19:02:17,19:03:35,78,MEIR
AA0115,24588,0,0,PS,990929,19:24:36,19:24:48,12,0:00:00,0:00:00,0,AGENT,19:24:48,19:28:02,194,STEREN
AA0115,24589,0,0,PS,990929,19:52:11,19:52:24,13,0:00:00,0:00:00,0,AGENT,19:52:24,19:53:04,40,VICKY
AA0115,24590,0,0,PS,990929,20:36:16,20:36:34,18,0:00:00,0:00:00,0,AGENT,20:36:32,20:37:09,37,BASCH
AA0115,24591,0,0,PS,990929,21:06:59,21:07:09,10,0:00:00,0:00:00,0,AGENT,21:07:08,21:07:18,10,NO_SERVER
AA0115,24592,0,0,PS,990929,21:42:31,21:42:40,9,0:00:00,0:00:00,0,AGENT,21:42:39,21:43:49,70,GILI
AA0115,24593,0,0,PS,990929,22:12:19,22:12:36,17,0:00:00,0:00:00,0,AGENT,22:12:35,22:19:27,412,DARMON
AA0115,24594,0,0,PS,990929,23:13:40,23:13:52,12,0:00:00,0:00:00,0,AGENT,23:13:49,23:15:55,126,STEREN
AA0115,24595,0,0,NW,990929,23:58:36,23:58:50,14,0:00:00,0:00:00,0,AGENT,23:58:48,23:58:58,10,NO_SERVER
AA0115,24596,0,0,NE,990930,7:11:55,7:12:19,24,0:00:00,0:00:00,0,HANG,0:00:00,0:00:00,0,NO_SERVER
AA0115,24597,0,0,NW,990930,7:55:18,7:55:27,9,7:55:27,7:55:29,2,HANG,0:00:00,0:00:00,0,NO_SERVER
AA0115,24598,310316997,2,PS,990930,8:34:16,8:34:22,6,8:34:22,8:34:29,7,AGENT,8:34:29,8:36:40,131,ANAT
AA0115,24599,42791442,2,PS,990930,8:50:33,8:50:38,5,8:50:38,8:50:49,11,AGENT,8:50:48,8:52:08,80,TOVA
AA0115,24600,0,0,PS,990930,9:07:32,9:07:41,9,0:00:00,0:00:00,0,AGENT,9:07:41,9:18:28,647,ANAT
AA0115,24601,37516127,1,PS,990930,9:17:37,9:17:43,6,9:17:43,9:21:17,214,AGENT,9:21:15,9:23:00,105,TOVA
AA0115,24602,0,0,PS,990930,9:38:35,9:38:43,8,0:00:00,0:00:00,0,AGENT,9:38:42,9:45:28,406,YIFAT
AA0115,24603,703074,2,PS,990930,9:52:03,9:52:08,5,9:52:08,9:53:01,53,AGENT,9:53:00,9:53:02,2,ANAT
AA0115,24604,25219700,2,PS,990930,9:56:26,9:56:32,6,9:56:32,9:58:45,133,AGENT,9:58:44,10:00:13,89,YIFAT
AA0115,24605,24927717,1,PS,990930,10:08:50,10:08:55,5,10:08:55,10:11:10,135,AGENT,10:11:09,10:12:38,89,YIFAT
AA0115,24606,0,0,PS,990930,10:24:21,10:24:35,14,0:00:00,0:00:00,0,AGENT,10:24:34,10:29:57,323,TOVA
AA0115,24607,52037405,2,PS,990930,10:39:45,10:39:51,6,10:39:51,10:41:39,108,AGENT,10:41:38,10:44:52,194,ROTH
AA0115,24608,34472258,2,PS,990930,10:52:16,10:52:21,5,10:52:21,10:53:47,86,AGENT,10:53:46,11:00:58,432,ANAT
AA0115,24609,55499289,2,PS,990930,11:03:06,11:03:12,6,11:03:12,11:03:41,29,AGENT,11:03:41,11:07:47,246,ANAT
AA0115,24611,0,0,PS,990930,11:09:29,11:09:29,0,0:00:00,0:00:00,0,HANG,0:00:00,0:00:00,0,NO_SERVER
AA0115,24612,32387482,1,PS,990930,11:17:09,11:17:14,5,11:17:14,11:21:05,231,AGENT,11:21:03,11:21:53,50,YIFAT
AA0115,24613,0,0,NW,990930,11:24:22,11:24:31,9,11:24:31,11:24:57,26,HANG,0:00:00,0:00:00,0,NO_SERVER
AA0115,24614,11842234,2,PE,990930,11:27:40,11:27:44,4,11:27:44,11:30:18,154,AGENT,11:30:17,11:30:20,3,YIFAT
AA0115,24615,42813816,1,NE,990930,11:38:18,11:38:24,6,11:38:24,11:45:51,447,AGENT,11:45:50,11:47:19,89,ZOHARI
AA0115,24616,10473262,2,PS,990930,11:49:45,11:49:51,6,11:49:51,11:51:58,127,AGENT,11:51:57,11:53:23,86,ROTH
AA0115,24617,58641838,2,PS,990930,12:00:39,12:00:44,5,12:00:44,12:01:48,64,AGENT,12:01:47,12:05:18,211,ROTH
AA0115,24618,34070805,1,PS,990930,12:10:11,12:10:17,6,12:10:17,12:10:32,15,AGENT,12:10:32,12:14:55,263,ZOHARI
AA0115,24619,0,0,PS,990930,12:20:02,12:20:12,10,0:00:00,0:00:00,0,AGENT,12:20:11,12:20:13,2,YIFAT
AA0115,24620,0,0,PS,990930,12:37:42,12:37:58,16,0:00:00,0:00:00,0,AGENT,12:37:57,12:40:14,137,ANAT
AA0115,24621,0,0,PS,990930,12:56:59,12:57:10,11,0:00:00,0:00:00,0,AGENT,12:57:09,12:57:11,2,ANAT
AA0115,24622,24186587,1,PS,990930,13:11:09,13:11:14,5,13:11:14,13:13:21,127,AGENT,13:13:20,13:14:59,99,ZOHARI
AA0115,24623,54128681,2,PS,990930,13:30:05,13:30:10,5,13:30:10,13:32:02,112,AGENT,13:32:01,13:33:34,93,YIFAT
AA0115,24624,3699154,2,NE,990930,13:50:07,13:50:13,6,13:50:13,13:50:57,44,AGENT,13:50:56,13:52:59,123,ZOHARI
AA0115,24625,0,0,NW,990930,14:01:18,14:01:27,9,14:01:27,14:03:30,123,AGENT,14:03:29,14:06:08,159,PINHAS
AA0115,24626,59630624,1,NE,990930,14:13:37,14:13:42,5,14:13:42,14:19:59,377,AGENT,14:19:58,14:20:26,28,SHARON
AA0115,24627,52120771,1,NE,990930,14:26:46,14:26:52,6,14:26:52,14:33:57,425,AGENT,14:33:56,14:35:18,82,SHARON
AA0115,24628,64471147,2,PS,990930,14:50:50,14:50:56,6,14:50:56,14:51:52,56,AGENT,14:51:51,14:58:26,395,STEREN
AA0115,24629,75560649,2,PS,990930,15:07:04,15:07:10,6,15:07:10,15:08:45,95,AGENT,15:08:45,15:09:39,54,SHARON
AA0115,24630,0,0,PS,990930,15:48:01,15:48:20,19,0:00:00,0:00:00,0,AGENT,15:48:19,15:50:07,108,SHARON
AA0115,24631,0,0,NW,990930,16:20:45,16:21:10,25,16:21:10,16:21:19,9,AGENT,16:21:19,16:22:02,43,YITZ
AA0115,24632,0,0,NW,990930,16:34:20,16:34:38,18,0:00:00,0:00:00,0,AGENT,16:34:37,16:37:07,150,YITZ
AA0115,24633,25246380,2,PS,990930,16:53:36,16:53:41,5,16:53:41,16:54:31,50,AGENT,16:54:31,16:57:48,197,STEREN
AA0115,24634,0,0,PS,990930,17:21:39,17:21:59,20,0:00:00,0:00:00,0,AGENT,17:21:59,17:25:00,181,STEREN
AA0115,24635,0,0,NE,990930,17:56:01,17:56:09,8,0:00:00,0:00:00,0,AGENT,17:56:09,17:58:16,127,STEREN
AA0115,24636,0,0,PS,990930,18:37:23,18:37:32,9,0:00:00,0:00:00,0,AGENT,18:37:31,18:39:22,111,AVNI
AA0115,24637,0,0,PS,990930,19:17:22,19:17:31,9,0:00:00,0:00:00,0,AGENT,19:17:31,19:21:01,210,AVNI
AA0115,24638,54349832,2,PS,990930,19:58:21,19:58:27,6,19:58:27,19:58:37,10,AGENT,19:58:37,19:59:26,49,STEREN
AA0115,24639,0,0,PS,990930,20:42:24,20:42:33,9,0:00:00,0:00:00,0,AGENT,20:42:32,20:43:16,44,AVNI
AA0115,24640,0,0,PS,990930,21:07:49,21:07:58,9,0:00:00,0:00:00,0,AGENT,21:07:58,21:08:44,46,VICKY
AA0115,24641,0,0,NE,990930,21:53:03,21:53:16,13,0:00:00,0:00:00,0,AGENT,21:53:16,21:55:47,151,VICKY
AA0115,24642,0,0,NW,990930,22:51:51,22:52:06,15,0:00:00,0:00:00,0,AGENT,22:52:05,22:57:17,312,YITZ
AA0116,7632,0,0,IN,990901,7:51:09,7:51:24,15,0:00:00,0:00:00,0,AGENT,7:51:23,8:02:05,642,Z2NIRIT
AA0116,7633,0,0,IN,990901,8:35:15,8:35:24,9,8:35:24,8:36:05,41,AGENT,8:36:04,8:52:43,999,YIFAT
AA0116,7634,0,0,IN,990901,9:04:31,9:04:43,12,0:00:00,0:00:00,0,AGENT,9:04:43,9:05:21,38,YIFAT
AA0116,7635,0,0,IN,990901,9:27:27,9:27:45,18,0:00:00,0:00:00,0,AGENT,9:27:44,9:33:37,353,YIFAT
AA0116,7636,0,0,IN,990901,9:39:47,9:40:03,16,0:00:00,0:00:00,0,AGENT,9:40:02,9:52:00,718,Z2LIOR
AA0116,7637,0,0,IN,990901,9:42:47,9:42:59,12,0:00:00,0:00:00,0,AGENT,9:42:58,9:51:30,512,YIFAT
AA0116,7638,0,0,IN,990901,9:45:49,9:45:59,10,9:45:59,9:48:48,169,AGENT,9:48:47,10:04:39,952,Z2IFAT
AA0116,7639,0,0,IN,990901,10:00:21,10:00:30,9,10:00:30,10:02:34,124,AGENT,10:02:33,10:15:36,783,YIFAT
AA0116,7640,0,0,IN,990901,10:13:05,10:13:21,16,10:13:21,10:14:03,42,AGENT,10:13:20,10:14:32,72,Z2LIOR
AA0116,7641,0,0,IN,990901,10:35:13,10:35:31,18,0:00:00,0:00:00,0,AGENT,10:35:30,10:41:38,368,Z2IFAT
AA0116,7642,0,0,IN,990901,10:51:40,10:51:49,9,10:51:49,10:52:21,32,AGENT,10:52:20,11:03:11,651,Z2IFAT
AA0116,7643,0,0,IN,990901,11:03:18,11:03:24,6,0:00:00,0:00:00,0,HANG,0:00:00,0:00:00,0,NO_SERVER
AA0116,7644,0,0,IN,990901,11:18:23,11:18:32,9,11:18:32,11:20:47,135,HANG,0:00:00,0:00:00,0,NO_SERVER
AA0116,7645,0,0,IN,990901,11:39:35,11:39:45,10,11:39:45,11:40:23,38,AGENT,11:40:22,11:42:03,101,Z2IFAT
AA0116,7646,0,0,IN,990901,11:47:27,11:47:43,16,0:00:00,0:00:00,0,AGENT,11:47:41,11:52:03,262,Z2IFAT
AA0116,7647,0,0,IN,990901,11:51:25,11:51:35,10,11:51:35,11:52:08,33,AGENT,11:52:07,11:57:06,299,YIFAT
AA0116,7648,0,0,IN,990901,12:29:07,12:29:17,10,12:29:17,12:32:40,203,AGENT,12:32:39,12:57:55,1516,Z2IFAT
AA0116,7649,0,0,IN,990901,12:33:14,12:33:24,10,12:33:24,12:34:35,71,HANG,0:00:00,0:00:00,0,NO_SERVER
AA0116,7650,0,0,IN,990901,12:35:18,12:35:27,9,12:35:27,12:35:28,1,HANG,0:00:00,0:00:00,0,NO_SERVER
AA0116,7651,0,0,IN,990901,12:40:49,12:41:01,12,0:00:00,0:00:00,0,AGENT,12:41:01,12:42:19,78,YIFAT
AA0116,7652,0,0,IN,990901,12:45:37,12:45:52,15,0:00:00,0:00:00,0,AGENT,12:45:52,12:50:44,292,YIFAT
AA0116,7653,0,0,IN,990901,12:51:17,12:51:32,15,0:00:00,0:00:00,0,AGENT,12:51:31,12:52:25,54,YIFAT
AA0116,7654,0,0,IN,990901,12:54:57,12:55:06,9,12:55:06,12:56:30,84,AGENT,12:56:29,13:01:45,316,Z2LIOR
AA0116,7655,0,0,IN,990901,13:04:00,13:04:09,9,13:04:09,13:04:44,35,AGENT,13:04:43,13:32:33,1670,YIFAT
AA0116,7656,0,0,IN,990901,13:07:28,13:07:37,9,13:07:37,13:20:18,761,AGENT,13:20:16,13:22:27,131,NAAMA
AA0116,7657,0,0,IN,990901,13:23:42,13:23:52,10,13:23:52,13:25:11,79,AGENT,13:25:10,13:53:06,1676,NAAMA
AA0116,7658,0,0,IN,990901,13:31:27,13:31:36,9,13:31:36,13:31:54,18,HANG,0:00:00,0:00:00,0,NO_SERVER
AA0116,7659,0,0,IN,990901,13:37:45,13:38:10,25,0:00:00,0:00:00,0,AGENT,13:38:10,13:43:32,322,Z2LIOR
AA0116,7660,0,0,IN,990901,13:53:04,13:53:17,13,0:00:00,0:00:00,0,AGENT,13:53:17,13:55:51,154,YIFAT
AA0116,7661,0,0,IN,990901,14:20:21,14:20:41,20,0:00:00,0:00:00,0,AGENT,14:20:41,14:22:49,128,YIFAT
AA0116,7662,0,0,IN,990901,14:47:53,14:48:03,10,14:48:03,14:48:06,3,HANG,0:00:00,0:00:00,0,NO_SERVER
AA0116,7663,0,0,IN,990901,15:15:02,15:15:19,17,0:00:00,0:00:00,0,AGENT,0:00:00,0:00:00,0,YIFAT
AA0116,7664,0,0,IN,990901,15:26:38,15:26:57,19,0:00:00,0:00:00,0,AGENT,15:26:56,15:30:12,196,Z2LIOR
AA0116,7665,0,0,IN,990901,15:39:23,15:39:32,9,15:39:32,15:39:49,17,AGENT,15:39:48,15:45:05,317,Z2OFERZ
AA0116,7666,0,0,IN,990901,15:53:15,15:53:24,9,15:53:24,15:56:58,214,HANG,0:00:00,0:00:00,0,NO_SERVER
AA0116,7667,0,0,IN,990901,15:59:40,15:59:50,10,15:59:50,16:01:01,71,AGENT,16:01:00,16:01:38,38,Z2OFERZ
AA0116,7668,0,0,IN,990901,16:01:45,16:01:54,9,16:01:54,16:02:12,18,AGENT,16:02:10,16:22:09,1199,Z2ELINOR
AA0116,7669,0,0,IN,990901,16:07:26,16:07:35,9,16:07:35,16:08:09,34,AGENT,16:08:08,16:13:20,312,Z2OFERZ
AA0116,7670,0,0,IN,990901,16:15:29,16:15:38,9,16:15:38,16:17:39,121,AGENT,16:17:38,16:29:19,701,Z2OFERZ
AA0116,7671,0,0,IN,990901,16:38:31,16:38:47,16,0:00:00,0:00:00,0,AGENT,16:38:46,16:57:37,1131,Z2OFERZ
AA0116,7672,0,0,IN,990901,16:51:13,16:51:29,16,0:00:00,0:00:00,0,AGENT,16:51:28,16:55:01,213,Z2ARIE
AA0116,7673,0,0,IN,990901,17:11:20,17:11:29,9,17:11:29,17:11:47,18,AGENT,17:11:47,17:12:50,63,Z2ELINOR
AA0116,7674,0,0,IN,990901,17:13:54,17:14:09,15,0:00:00,0:00:00,0,AGENT,17:14:08,17:17:37,209,Z2EYAL
AA0116,7675,0,0,IN,990901,17:16:00,17:16:15,15,0:00:00,0:00:00,0,AGENT,17:16:13,17:19:12,179,Z2ELINOR
AA0116,7676,0,0,IN,990901,17:29:09,17:29:24,15,0:00:00,0:00:00,0,AGENT,17:29:23,17:47:35,1092,Z2ELINOR
AA0116,7677,0,0,IN,990901,17:39:59,17:40:13,14,0:00:00,0:00:00,0,AGENT,17:40:11,18:05:10,1499,Z2EYAL
AA0116,7678,0,0,IN,990901,18:03:40,18:03:53,13,0:00:00,0:00:00,0,AGENT,18:03:52,18:35:29,1897,Z2ARIE
AA0116,7679,0,0,IN,990901,18:12:00,18:12:17,17,0:00:00,0:00:00,0,AGENT,18:12:16,18:16:10,234,Z2OFERZ
AA0116,7680,0,0,IN,990901,18:43:53,18:44:08,15,0:00:00,0:00:00,0,AGENT,18:44:08,18:51:33,445,Z2OFERZ
AA0116,7681,0,0,IN,990901,18:50:33,18:50:48,15,0:00:00,0:00:00,0,AGENT,18:50:47,19:32:33,2506,Z2ARIE
AA0116,7682,0,0,IN,990901,19:12:10,19:12:20,10,0:00:00,0:00:00,0,HANG,0:00:00,0:00:00,0,NO_SERVER
AA0116,7683,0,0,IN,990901,19:19:55,19:20:04,9,19:20:04,19:22:31,147,HANG,0:00:00,0:00:00,0,NO_SERVER
AA0116,7684,0,0,IN,990901,20:06:26,20:06:50,24,0:00:00,0:00:00,0,AGENT,20:06:44,20:20:46,842,Z2OFERZ
AA0116,7685,0,0,IN,990901,20:40:02,20:40:20,18,0:00:00,0:00:00,0,AGENT,20:40:20,20:44:07,227,Z2OFERZ
AA0116,7686,0,0,IN,990901,20:55:45,20:55:59,14,0:00:00,0:00:00,0,AGENT,20:55:58,21:25:30,1772,Z2OFERZ
AA0116,7687,0,0,IN,990901,21:22:50,21:23:56,66,21:23:56,21:25:36,100,AGENT,21:25:35,21:35:54,619,Z2OFER
AA0116,7688,0,0,IN,990901,21:35:12,21:35:38,26,0:00:00,0:00:00,0,AGENT,21:35:37,22:06:22,1845,Z2ARIE
AA0116,7689,0,0,IN,990901,22:07:17,22:07:31,14,0:00:00,0:00:00,0,AGENT,22:07:30,22:37:04,1774,Z2OFER
AA0116,7690,0,0,IN,990901,22:15:46,22:16:02,16,0:00:00,0:00:00,0,AGENT,22:16:01,22:46:44,1843,Z2ARIE
AA0116,7691,0,0,IN,990901,22:48:47,22:49:04,17,0:00:00,0:00:00,0,AGENT,22:49:04,23:10:21,1277,Z2EYAL
AA0116,7692,0,0,IN,990901,23:04:20,23:04:29,9,23:04:29,23:10:29,360,AGENT,23:10:28,23:21:22,654,Z2EYAL
AA0116,7693,0,0,IN,990901,23:13:18,23:13:33,15,0:00:00,0:00:00,0,AGENT,23:13:32,23:14:51,79,AVI
AA0116,7694,0,0,IN,990901,23:13:56,23:14:01,5,0:00:00,0:00:00,0,HANG,0:00:00,0:00:00,0,NO_SERVER
AA0116,7695,0,0,IN,990901,23:15:03,23:15:19,16,0:00:00,0:00:00,0,AGENT,23:15:19,23:15:29,10,NO_SERVER
AA0116,7696,0,0,IN,990901,23:24:59,23:25:09,10,23:25:09,23:25:38,29,AGENT,23:25:37,23:26:48,71,AVI
AA0116,7697,0,0,IN,990901,23:44:53,23:45:08,15,0:00:00,0:00:00,0,AGENT,23:45:07,23:46:29,82,AVI
AA0116,7698,0,0,IN,990901,23:47:16,23:47:26,10,23:47:26,23:49:44,138,AGENT,23:49:43,23:50:41,58,VICKY
AA0116,7699,0,0,IN,990902,7:59:47,8:00:05,18,0:00:00,0:00:00,0,AGENT,8:00:04,8:03:05,181,Z2ARIE
AA0116,7700,0,0,IN,990902,8:38:15,8:38:32,17,0:00:00,0:00:00,0,AGENT,8:38:31,8:55:38,1027,Z2OFER
AA0116,7701,0,0,IN,990902,8:46:19,8:46:28,9,8:46:28,8:46:56,28,HANG,0:00:00,0:00:00,0,NO_SERVER
AA0116,7702,0,0,IN,990902,8:55:04,8:55:13,9,8:55:13,8:55:34,21,AGENT,8:55:33,9:00:27,294,Z2ARIE
AA0116,7703,0,0,IN,990902,9:13:07,9:13:25,18,0:00:00,0:00:00,0,AGENT,9:13:24,9:19:00,336,Z2ARIE
AA0116,7704,0,0,IN,990902,9:42:38,9:42:54,16,0:00:00,0:00:00,0,AGENT,9:42:53,9:52:39,586,Z2ARIE
AA0116,7705,0,0,IN,990902,10:02:33,10:02:58,25,0:00:00,0:00:00,0,AGENT,0:00:00,0:00:00,0,Z2OFER
AA0116,7706,0,0,IN,990902,10:03:38,10:03:48,10,10:03:48,10:06:27,159,HANG,0:00:00,0:00:00,0,NO_SERVER
AA0116,7707,0,0,IN,990902,10:06:51,10:07:01,10,10:07:01,10:10:27,206,AGENT,10:10:26,10:17:20,414,Z2IFAT
AA0116,7708,0,0,IN,990902,10:25:07,10:26:22,75,10:26:22,10:27:11,49,AGENT,10:27:10,10:28:52,102,Z2OFER
AA0116,7709,0,0,IN,990902,10:40:49,10:41:04,15,0:00:00,0:00:00,0,AGENT,10:41:02,11:03:19,1337,Z2ARIE
AA0116,7710,0,0,IN,990902,10:55:57,10:56:23,26,0:00:00,0:00:00,0,AGENT,10:56:22,11:12:35,973,Z2OFER
AA0116,7711,0,0,IN,990902,11:08:58,11:09:08,10,11:09:08,11:10:05,57,HANG,0:00:00,0:00:00,0,NO_SERVER
AA0116,7712,0,0,IN,990902,11:22:49,11:22:58,9,11:22:58,11:23:54,56,HANG,0:00:00,0:00:00,0,NO_SERVER
AA0116,7713,0,0,IN,990902,11:32:50,11:33:11,21,0:00:00,0:00:00,0,AGENT,11:33:10,11:34:53,103,Z2ARIE
AA0116,7714,0,0,IN,990902,11:36:11,11:36:32,21,0:00:00,0:00:00,0,AGENT,11:36:31,11:43:31,420,Z2ARIE
AA0116,7715,0,0,IN,990902,11:43:50,11:44:00,10,11:44:00,11:45:29,89,AGENT,11:45:28,11:48:22,174,Z2OFER
AA0116,7716,0,0,IN,990902,11:47:07,11:47:17,10,11:47:17,11:48:32,75,AGENT,11:48:31,11:49:46,75,Z2OFER
AA0116,7717,0,0,IN,990902,12:01:41,12:01:55,14,0:00:00,0:00:00,0,AGENT,12:01:54,12:05:55,241,Z2OFER
AA0116,7718,0,0,IN,990902,12:07:09,12:07:18,9,12:07:18,12:08:38,80,AGENT,12:08:37,12:55:15,2798,Z2LIOR
AA0116,7719,0,0,IN,990902,12:17:38,12:17:52,14,0:00:00,0:00:00,0,AGENT,12:17:51,12:28:16,625,Z2ARIE
AA0116,7720,0,0,IN,990902,12:20:29,12:20:39,10,12:20:39,12:22:24,105,AGENT,12:22:23,12:36:11,828,Z2OFER
AA0116,7721,0,0,IN,990902,12:25:59,12:26:09,10,12:26:09,12:28:28,139,AGENT,12:28:28,12:30:49,141,Z2ARIE
AA0116,7722,0,0,IN,990902,12:29:39,12:29:47,8,0:00:00,0:00:00,0,HANG,0:00:00,0:00:00,0,NO_SERVER
AA0116,7723,0,0,IN,990902,12:30:07,12:30:16,9,12:30:16,12:30:55,39,PHANTOM,12:30:54,12:31:04,10,NO_SERVER
AA0116,7724,0,0,IN,990902,12:37:10,12:37:25,15,0:00:00,0:00:00,0,AGENT,12:37:24,12:51:23,839,Z2ARIE
AA0116,7725,0,0,IN,990902,13:02:33,13:02:48,15,0:00:00,0:00:00,0,AGENT,13:02:48,13:04:22,94,Z2OFER
AA0116,7726,0,0,IN,990902,13:03:28,13:03:37,9,13:03:37,13:03:58,21,HANG,0:00:00,0:00:00,0,NO_SERVER
AA0116,7727,0,0,IN,990902,13:04:33,13:04:55,22,0:00:00,0:00:00,0,AGENT,13:04:54,13:05:51,57,Z2OFER
AA0116,7728,0,0,IN,990902,13:06:47,13:06:56,9,13:06:56,13:07:35,39,AGENT,13:07:34,13:12:26,292,Z2OFER
AA0116,7729,0,0,IN,990902,13:41:30,13:41:49,19,0:00:00,0:00:00,0,AGENT,13:41:49,13:42:31,42,Z2ARIE
AA0116,7730,0,0,IN,990902,13:44:43,13:44:56,13,0:00:00,0:00:00,0,AGENT,13:44:55,13:48:51,236,Z2ARIE
AA0116,7731,0,0,IN,990902,13:51:26,13:51:38,12,0:00:00,0:00:00,0,AGENT,13:51:38,14:54:06,3748,Z2ARIE
AA0116,7732,0,0,IN,990902,13:52:35,13:52:48,13,0:00:00,0:00:00,0,AGENT,13:52:47,14:13:31,1244,Z2OFER
AA0116,7733,0,0,IN,990902,13:56:04,13:56:14,10,13:56:14,13:58:46,152,AGENT,13:58:44,14:07:08,504,Z2LIOR
AA0116,7734,0,0,IN,990902,14:16:35,14:16:45,10,14:16:45,14:17:51,66,AGENT,14:17:51,14:29:57,726,Z2LIOR
AA0116,7735,0,0,IN,990902,14:21:26,14:21:34,8,0:00:00,0:00:00,0,HANG,0:00:00,0:00:00,0,NO_SERVER
AA0116,7736,0,0,IN,990902,14:21:51,14:22:10,19,0:00:00,0:00:00,0,AGENT,14:22:10,14:22:21,11,NO_SERVER
AA0116,7737,0,0,IN,990902,14:30:22,14:30:36,14,0:00:00,0:00:00,0,AGENT,14:30:35,14:37:50,435,Z2OFER
AA0116,7738,0,0,IN,990902,14:53:35,14:54:26,51,0:00:00,0:00:00,0,HANG,0:00:00,0:00:00,0,NO_SERVER
AA0116,7739,0,0,IN,990902,15:02:47,15:02:56,9,15:02:56,15:04:43,107,AGENT,15:04:42,15:15:16,634,Z2LIOR
AA0116,7740,0,0,IN,990902,15:07:55,15:08:04,9,15:08:04,15:09:54,110,AGENT,15:09:53,15:13:43,230,Z2EYAL
AA0116,7741,0,0,IN,990902,15:32:53,15:33:02,9,15:33:02,15:40:26,444,HANG,0:00:00,0:00:00,0,NO_SERVER
AA0116,7742,0,0,IN,990902,15:42:54,15:43:04,10,15:43:04,15:46:29,205,PHANTOM,15:46:29,15:46:56,27,NO_SERVER
AA0116,7743,0,0,IN,990902,16:01:33,16:02:37,64,16:02:37,16:03:37,60,PHANTOM,16:03:37,16:03:52,15,NO_SERVER
AA0116,7744,0,0,IN,990902,16:04:05,16:04:18,13,0:00:00,0:00:00,0,AGENT,16:04:17,16:04:26,9,NO_SERVER
AA0116,7745,0,0,IN,990902,16:38:46,16:39:02,16,0:00:00,0:00:00,0,AGENT,16:39:00,16:52:32,812,Z2EYAL
AA0116,7746,0,0,IN,990902,16:46:42,16:46:55,13,0:00:00,0:00:00,0,AGENT,16:46:54,17:37:04,3010,Z2ELINOR
AA0116,7747,0,0,IN,990902,17:42:28,17:43:39,71,0:00:00,0:00:00,0,AGENT,17:43:38,17:48:37,299,Z2EYAL
AA0116,7748,0,0,IN,990902,18:10:58,18:11:20,22,0:00:00,0:00:00,0,AGENT,18:11:20,18:13:04,104,Z2EYAL
AA0116,7749,0,0,IN,990902,18:34:14,18:35:00,46,0:00:00,0:00:00,0,AGENT,18:34:59,18:37:22,143,Z2EYAL
AA0116,7750,0,0,IN,990902,18:46:00,18:46:18,18,0:00:00,0:00:00,0,AGENT,18:46:17,18:52:08,351,Z2EYAL
AA0116,7751,0,0,IN,990902,18:52:27,18:52:42,15,0:00:00,0:00:00,0,AGENT,18:52:41,18:59:39,418,Z2LIOR
AA0116,7752,0,0,IN,990902,19:05:17,19:05:25,8,0:00:00,0:00:00,0,HANG,0:00:00,0:00:00,0,NO_SERVER
AA0116,7753,0,0,IN,990902,19:05:52,19:06:07,15,0:00:00,0:00:00,0,AGENT,19:06:06,19:06:28,22,NO_SERVER
AA0116,7754,0,0,IN,990902,19:52:09,19:52:26,17,0:00:00,0:00:00,0,AGENT,19:52:26,19:55:35,189,Z2OFERZ
AA0116,7755,0,0,IN,990902,20:11:08,20:11:12,4,0:00:00,0:00:00,0,HANG,0:00:00,0:00:00,0,NO_SERVER
AA0116,7756,0,0,IN,990902,20:29:24,20:29:48,24,0:00:00,0:00:00,0,AGENT,20:29:48,20:37:17,449,Z2EYAL
AA0116,7757,0,0,IN,990902,20:38:39,20:39:04,25,0:00:00,0:00:00,0,AGENT,20:39:02,20:50:28,686,Z2ELINOR
AA0116,7758,0,0,IN,990902,20:47:17,20:47:37,20,0:00:00,0:00:00,0,AGENT,20:47:37,20:59:25,708,Z2EYAL
AA0116,7759,0,0,IN,990902,21:11:45,21:12:05,20,0:00:00,0:00:00,0,AGENT,21:12:04,21:17:19,315,Z2ELINOR
AA0116,7760,0,0,IN,990902,21:23:08,21:23:26,18,0:00:00,0:00:00,0,AGENT,21:23:25,21:28:27,302,Z2OFERZ
AA0116,7761,0,0,IN,990902,21:50:21,21:50:40,19,0:00:00,0:00:00,0,AGENT,21:50:39,21:59:08,509,Z2ELINOR
AA0116,7762,0,0,IN,990902,22:03:41,22:03:50,9,22:03:50,22:10:55,425,HANG,0:00:00,0:00:00,0,NO_SERVER
AA0116,7763,0,0,IN,990902,22:15:42,22:15:51,9,22:15:51,22:18:37,166,AGENT,22:18:36,22:26:23,467,Z2ELINOR
AA0116,7764,0,0,IN,990902,22:52:30,22:52:50,20,0:00:00,0:00:00,0,AGENT,22:52:49,22:58:10,321,Z2OFERZ
AA0116,7765,0,0,IN,990902,23:02:35,23:02:55,20,0:00:00,0:00:00,0,AGENT,23:02:55,23:10:09,434,Z2OFERZ
AA0116,7766,0,0,IN,990902,23:05:44,23:05:53,9,23:05:53,23:10:42,289,AGENT,23:10:19,0:00:32,3013,Z2OFERZ
AA0116,7767,0,0,IN,990902,23:16:10,23:16:19,9,23:16:19,23:19:19,180,HANG,0:00:00,0:00:00,0,NO_SERVER
AA0116,7768,0,0,IN,990902,23:31:50,23:31:59,9,23:31:59,23:32:48,49,HANG,0:00:00,0:00:00,0,NO_SERVER
AA0116,7769,0,0,IN,990902,23:55:45,23:56:03,18,0:00:00,0:00:00,0,AGENT,23:56:03,23:58:44,161,Z2ELINOR
AA0116,7770,0,0,IN,990903,7:02:51,7:03:00,9,7:03:00,7:04:27,87,AGENT,7:04:26,7:11:56,450,Z2NIRIT
AA0116,7771,0,0,IN,990903,7:08:59,7:09:08,9,7:09:08,7:12:02,174,AGENT,7:12:01,7:12:53,52,Z2NIRIT
AA0116,7772,0,0,IN,990903,7:23:36,7:23:48,12,0:00:00,0:00:00,0,AGENT,7:23:47,7:25:25,98,Z2NIRIT
AA0116,7773,0,0,IN,990903,7:37:30,7:37:39,9,7:37:39,7:38:35,56,AGENT,7:38:35,7:39:56,81,Z2NIRIT
AA0116,7774,0,0,IN,990903,8:03:28,8:03:38,10,8:03:38,8:04:18,40,HANG,0:00:00,0:00:00,0,NO_SERVER
AA0116,7775,0,0,IN,990903,8:07:12,8:07:16,4,0:00:00,0:00:00,0,HANG,0:00:00,0:00:00,0,NO_SERVER
AA0116,7776,0,0,IN,990903,8:08:27,8:08:51,24,0:00:00,0:00:00,0,AGENT,8:08:49,8:10:02,73,Z2NIRIT
AA0116,7777,0,0,IN,990903,8:50:18,8:50:33,15,0:00:00,0:00:00,0,AGENT,8:50:32,9:12:36,1324,Z2ELINOR
AA0116,7778,0,0,IN,990903,8:56:32,8:56:47,15,0:00:00,0:00:00,0,AGENT,8:56:46,9:01:48,302,Z2ARIE
AA0116,7779,0,0,IN,990903,9:05:54,9:06:10,16,0:00:00,0:00:00,0,AGENT,9:06:09,9:07:58,109,Z2NIRIT
AA0116,7780,0,0,IN,990903,9:19:36,9:19:54,18,0:00:00,0:00:00,0,AGENT,9:19:53,9:26:31,398,Z2ELINOR
AA0116,7781,0,0,IN,990903,9:52:22,9:52:38,16,0:00:00,0:00:00,0,AGENT,9:52:36,9:56:12,216,Z2ELINOR
AA0116,7782,0,0,IN,990903,9:58:59,9:59:14,15,0:00:00,0:00:00,0,AGENT,9:59:13,10:02:34,201,Z2ELINOR
AA0116,7783,0,0,IN,990903,10:15:30,10:16:34,64,0:00:00,0:00:00,0,AGENT,10:16:32,10:18:18,106,Z2ARIE
AA0116,7784,0,0,IN,990903,10:25:00,10:25:16,16,0:00:00,0:00:00,0,AGENT,10:25:15,10:33:10,475,Z2ELINOR
AA0116,7785,0,0,IN,990903,10:30:44,10:30:58,14,0:00:00,0:00:00,0,AGENT,10:30:57,10:37:21,384,Z2NIRIT
AA0116,7786,0,0,IN,990903,10:38:16,10:38:33,17,0:00:00,0:00:00,0,AGENT,10:38:31,10:42:43,252,Z2ELINOR
AA0116,7787,0,0,IN,990903,10:39:58,10:40:08,10,10:40:08,10:40:15,7,AGENT,10:40:14,10:43:22,188,Z2ARIE
AA0116,7788,0,0,IN,990903,10:58:07,10:58:33,26,10:58:33,11:02:48,255,AGENT,11:02:47,11:04:21,94,Z2NIRIT
AA0116,7789,0,0,IN,990903,11:24:27,11:24:40,13,0:00:00,0:00:00,0,AGENT,11:24:39,11:34:00,561,Z2NIRIT
AA0116,7790,0,0,IN,990903,11:32:12,11:32:21,9,11:32:21,11:34:06,105,AGENT,11:34:05,11:38:14,249,Z2NIRIT
AA0116,7791,0,0,IN,990903,11:45:30,11:45:43,13,0:00:00,0:00:00,0,AGENT,11:45:42,11:55:12,570,Z2NIRIT
AA0116,7792,0,0,IN,990903,12:11:46,12:12:00,14,0:00:00,0:00:00,0,AGENT,12:12:00,12:22:00,600,Z2ELINOR
AA0116,7793,0,0,IN,990903,12:26:19,12:26:38,19,0:00:00,0:00:00,0,AGENT,12:26:36,12:55:22,1726,Z2ARIE
AA0116,7794,0,0,IN,990903,12:40:56,12:41:13,17,0:00:00,0:00:00,0,AGENT,12:41:12,12:43:24,132,Z2ELINOR
AA0116,7795,0,0,IN,990903,13:39:55,13:40:04,9,13:40:04,13:41:41,97,AGENT,13:41:40,13:44:11,151,Z2NIRIT
AA0116,7796,0,0,IN,990903,13:59:01,13:59:19,18,0:00:00,0:00:00,0,HANG,0:00:00,0:00:00,0,NO_SERVER
AA0116,7797,0,0,IN,990903,14:21:07,14:21:29,22,0:00:00,0:00:00,0,HANG,0:00:00,0:00:00,0,NO_SERVER
AA0116,7798,0,0,IN,990903,14:56:02,14:56:37,35,0:00:00,0:00:00,0,HANG,0:00:00,0:00:00,0,NO_SERVER
AA0116,7799,0,0,IN,990903,15:36:02,15:36:40,38,0:00:00,0:00:00,0,HANG,0:00:00,0:00:00,0,NO_SERVER
AA0116,7800,0,0,IN,990903,17:07:59,17:08:16,17,0:00:00,0:00:00,0,HANG,0:00:00,0:00:00,0,NO_SERVER
AA0116,7801,0,0,IN,990904,19:14:37,19:15:15,38,0:00:00,0:00:00,0,HANG,0:00:00,0:00:00,0,NO_SERVER
AA0116,7802,0,0,IN,990904,19:20:47,19:21:18,31,0:00:00,0:00:00,0,HANG,0:00:00,0:00:00,0,NO_SERVER
AA0116,7803,0,0,IN,990904,19:31:25,19:32:02,37,0:00:00,0:00:00,0,HANG,0:00:00,0:00:00,0,NO_SERVER
AA0116,7804,0,0,IN,990904,19:48:43,19:48:58,15,0:00:00,0:00:00,0,HANG,0:00:00,0:00:00,0,NO_SERVER
AA0116,7805,0,0,IN,990904,19:55:59,19:56:36,37,0:00:00,0:00:00,0,HANG,0:00:00,0:00:00,0,NO_SERVER
AA0116,7806,0,0,IN,990904,20:05:35,20:05:55,20,0:00:00,0:00:00,0,AGENT,20:05:54,20:19:48,834,Z2EYAL
AA0116,7807,0,0,IN,990904,20:50:50,20:51:06,16,0:00:00,0:00:00,0,AGENT,20:51:05,21:00:46,581,Z2OFERZ
AA0116,7808,0,0,IN,990904,21:21:09,21:21:24,15,0:00:00,0:00:00,0,AGENT,21:21:23,21:26:17,294,Z2OFERZ
AA0116,7809,0,0,IN,990904,21:23:45,21:23:54,9,21:23:54,21:26:07,133,HANG,0:00:00,0:00:00,0,NO_SERVER
AA0116,7810,0,0,IN,990904,21:33:21,21:33:44,23,0:00:00,0:00:00,0,AGENT,21:33:43,21:35:25,102,Z2EYAL
AA0116,7811,0,0,IN,990904,21:43:51,21:44:13,22,0:00:00,0:00:00,0,AGENT,21:44:13,21:50:50,397,Z2EYAL
AA0116,7812,0,0,IN,990904,21:52:43,21:52:58,15,0:00:00,0:00:00,0,AGENT,21:52:58,22:02:36,578,Z2EYAL
AA0116,7813,0,0,IN,990904,22:01:27,22:01:37,10,22:01:37,22:02:46,69,AGENT,22:02:45,22:06:21,216,Z2EYAL
AA0116,7814,0,0,IN,990904,22:10:16,22:10:31,15,0:00:00,0:00:00,0,AGENT,22:10:30,22:18:15,465,Z2EYAL
AA0116,7815,0,0,IN,990904,22:32:31,22:32:47,16,0:00:00,0:00:00,0,AGENT,22:32:46,22:35:28,162,Z2EYAL
AA0116,7816,0,0,IN,990904,22:42:03,22:42:12,9,22:42:12,22:42:30,18,PHANTOM,22:42:29,22:42:40,11,NO_SERVER
AA0116,7817,0,0,IN,990904,23:09:25,23:09:40,15,0:00:00,0:00:00,0,AGENT,23:09:39,23:11:19,100,Z2EYAL
AA0116,7818,0,0,IN,990905,7:29:32,7:29:41,9,7:29:41,7:32:32,171,AGENT,7:32:31,7:47:03,872,YIFAT
AA0116,7819,0,0,IN,990905,8:28:41,8:28:54,13,0:00:00,0:00:00,0,AGENT,8:28:53,8:37:10,497,YIFAT
AA0116,7820,0,0,IN,990905,8:40:37,8:40:50,13,0:00:00,0:00:00,0,AGENT,8:40:50,8:44:00,190,YIFAT
AA0116,7821,0,0,IN,990905,8:41:55,8:42:04,9,8:42:04,8:44:07,123,AGENT,8:44:06,8:50:18,372,YIFAT
AA0116,7822,0,0,IN,990905,8:51:58,8:52:13,15,0:00:00,0:00:00,0,AGENT,8:52:13,8:55:05,172,YIFAT
AA0116,7823,0,0,IN,990905,8:56:27,8:56:44,17,0:00:00,0:00:00,0,AGENT,8:56:43,9:00:01,198,YIFAT
AA0116,7824,0,0,IN,990905,9:03:20,9:03:30,10,9:03:30,9:07:38,248,AGENT,9:07:38,9:10:42,184,Z2EYAL
AA0116,7825,0,0,IN,990905,9:16:28,9:16:52,24,0:00:00,0:00:00,0,AGENT,9:16:50,9:18:48,118,Z2IFAT
AA0116,7826,0,0,IN,990905,9:23:09,9:23:30,21,0:00:00,0:00:00,0,AGENT,9:23:29,9:48:45,1516,Z2EYAL
AA0116,7827,0,0,IN,990905,9:25:33,9:25:42,9,9:25:42,9:27:30,108,AGENT,9:27:28,9:27:46,18,Z2IFAT
AA0116,7828,0,0,IN,990905,9:35:34,9:35:43,9,9:35:43,9:38:37,174,HANG,0:00:00,0:00:00,0,NO_SERVER
AA0116,7829,0,0,IN,990905,9:43:55,9:44:05,10,9:44:05,9:48:22,257,AGENT,9:48:21,10:01:16,775,Z2IFAT
AA0116,7830,0,0,IN,990905,9:53:22,9:53:41,19,0:00:00,0:00:00,0,AGENT,9:53:40,9:57:07,207,Z2EYAL
AA0116,7831,0,0,IN,990905,9:55:50,9:56:00,10,9:56:00,9:57:25,85,AGENT,9:57:23,10:05:50,507,Z2EYAL
AA0116,7832,0,0,IN,990905,9:58:15,9:58:24,9,9:58:24,10:01:24,180,AGENT,10:01:24,10:31:38,1814,Z2IFAT
AA0116,7833,0,0,IN,990905,10:31:14,10:31:39,25,0:00:00,0:00:00,0,AGENT,10:31:38,10:33:36,118,Z2EYAL
AA0116,7834,0,0,IN,990905,10:37:48,10:38:05,17,0:00:00,0:00:00,0,AGENT,10:38:04,10:40:05,121,Z2EYAL
AA0116,7835,0,0,IN,990905,10:39:01,10:39:11,10,10:39:11,10:42:37,206,AGENT,10:42:36,11:14:39,1923,Z2EYAL
AA0116,7836,0,0,IN,990905,10:42:52,10:43:03,11,10:43:03,10:44:40,97,AGENT,10:44:38,10:44:53,15,YIFAT
AA0116,7837,0,0,IN,990905,10:46:58,10:47:12,14,0:00:00,0:00:00,0,AGENT,10:47:11,10:47:26,15,YIFAT
AA0116,7838,0,0,IN,990905,11:25:11,11:25:27,16,0:00:00,0:00:00,0,AGENT,11:25:26,11:28:33,187,Z2EYAL
AA0116,7839,0,0,IN,990905,11:28:28,11:28:41,13,0:00:00,0:00:00,0,AGENT,11:28:39,11:30:26,107,Z2EYAL
AA0116,7840,0,0,IN,990905,11:35:07,11:35:26,19,0:00:00,0:00:00,0,AGENT,11:35:25,11:38:39,194,Z2EYAL
AA0116,7841,0,0,IN,990905,11:55:47,11:56:02,15,0:00:00,0:00:00,0,AGENT,11:56:01,11:59:39,218,Z2ELINOR
AA0116,7842,0,0,IN,990905,12:11:56,12:12:17,21,0:00:00,0:00:00,0,AGENT,12:12:16,12:13:19,63,Z2IFAT
AA0116,7843,0,0,IN,990905,12:19:49,12:20:03,14,0:00:00,0:00:00,0,AGENT,12:20:03,12:27:37,454,Z2EYAL
AA0116,7844,0,0,IN,990905,12:36:16,12:36:33,17,0:00:00,0:00:00,0,AGENT,12:36:33,12:37:51,78,Z2EYAL
AA0116,7845,0,0,IN,990905,12:41:34,12:41:51,17,0:00:00,0:00:00,0,AGENT,12:41:50,12:43:28,98,Z2EYAL
AA0116,7846,0,0,IN,990905,12:45:48,12:46:05,17,0:00:00,0:00:00,0,AGENT,12:46:05,12:47:42,97,Z2ELINOR
AA0116,7847,0,0,IN,990905,12:47:52,12:48:06,14,0:00:00,0:00:00,0,AGENT,12:48:04,12:56:12,488,Z2ELINOR
AA0116,7848,0,0,IN,990905,12:49:23,12:49:32,9,12:49:32,12:50:03,31,AGENT,12:50:02,13:07:42,1060,Z2EYAL
AA0116,7849,0,0,IN,990905,12:55:32,12:55:41,9,12:55:41,12:56:22,41,AGENT,12:56:21,13:27:45,1884,Z2ELINOR
AA0116,7850,0,0,IN,990905,13:06:10,13:06:20,10,13:06:20,13:06:41,21,HANG,0:00:00,0:00:00,0,NO_SERVER
AA0116,7851,0,0,IN,990905,13:08:54,13:09:09,15,0:00:00,0:00:00,0,AGENT,13:09:07,13:10:36,89,Z2EYAL
AA0116,7852,0,0,IN,990905,13:12:06,13:12:16,10,13:12:16,13:13:08,52,AGENT,13:13:07,13:23:40,633,Z2EYAL
AA0116,7853,0,0,IN,990905,13:19:00,13:19:10,10,13:19:10,13:20:34,84,HANG,0:00:00,0:00:00,0,NO_SERVER
AA0116,7854,0,0,IN,990905,13:21:31,13:21:40,9,13:21:40,13:22:37,57,HANG,0:00:00,0:00:00,0,NO_SERVER
AA0116,7855,0,0,IN,990905,13:25:58,13:26:08,10,13:26:08,13:27:51,103,AGENT,13:27:51,13:47:15,1164,Z2ELINOR
AA0116,7856,0,0,IN,990905,13:28:34,13:28:43,9,13:28:43,13:29:09,26,HANG,0:00:00,0:00:00,0,NO_SERVER
AA0116,7857,0,0,IN,990905,13:30:57,13:31:07,10,13:31:07,13:37:15,368,HANG,0:00:00,0:00:00,0,NO_SERVER
AA0116,7858,0,0,IN,990905,13:38:38,13:38:47,9,13:38:47,13:39:17,30,HANG,0:00:00,0:00:00,0,NO_SERVER
AA0116,7859,0,0,IN,990905,13:39:27,13:39:32,5,13:39:32,13:40:50,78,HANG,0:00:00,0:00:00,0,NO_SERVER
AA0116,7860,0,0,IN,990905,13:41:14,13:41:23,9,13:41:23,13:45:21,238,HANG,0:00:00,0:00:00,0,NO_SERVER
AA0116,7861,0,0,IN,990905,13:45:51,13:46:00,9,13:46:00,13:46:33,33,AGENT,13:46:32,13:49:36,184,Z2OFERZ
AA0116,7862,0,0,IN,990905,13:51:50,13:52:07,17,0:00:00,0:00:00,0,AGENT,13:52:06,14:03:16,670,Z2IFAT
AA0116,7863,0,0,IN,990905,13:52:54,13:53:03,9,13:53:03,13:53:53,50,HANG,0:00:00,0:00:00,0,NO_SERVER
AA0116,7864,0,0,IN,990905,13:55:27,13:55:37,10,13:55:37,13:56:17,40,HANG,0:00:00,0:00:00,0,NO_SERVER
AA0116,7865,0,0,IN,990905,13:59:59,14:00:08,9,14:00:08,14:03:44,216,AGENT,14:03:43,14:30:35,1612,Z2ELINOR
AA0116,7866,0,0,IN,990905,14:04:14,14:04:24,10,14:04:24,14:05:00,36,HANG,0:00:00,0:00:00,0,NO_SERVER
AA0116,7867,0,0,IN,990905,14:12:14,14:12:23,9,14:12:23,14:13:41,78,HANG,0:00:00,0:00:00,0,NO_SERVER
AA0116,7868,0,0,IN,990905,14:24:50,14:25:10,20,0:00:00,0:00:00,0,AGENT,14:25:10,14:27:59,169,Z2EYAL
AA0116,7869,0,0,IN,990905,14:31:17,14:31:37,20,0:00:00,0:00:00,0,AGENT,14:31:36,15:06:39,2103,Z2EYAL
AA0116,7870,0,0,IN,990905,14:42:15,14:42:34,19,0:00:00,0:00:00,0,AGENT,14:42:32,14:47:57,325,Z2OFERZ
AA0116,7871,0,0,IN,990905,14:45:20,14:45:29,9,14:45:29,14:48:02,153,AGENT,14:48:02,14:48:54,52,Z2OFERZ
AA0116,7872,0,0,IN,990905,14:51:43,14:51:56,13,0:00:00,0:00:00,0,AGENT,14:51:56,14:59:55,479,Z2ELINOR
AA0116,7873,0,0,IN,990905,15:02:03,15:02:13,10,15:02:13,15:07:38,325,HANG,0:00:00,0:00:00,0,NO_SERVER
AA0116,7874,0,0,IN,990905,15:08:43,15:08:52,9,15:08:52,15:09:10,18,HANG,0:00:00,0:00:00,0,NO_SERVER
AA0116,7875,0,0,IN,990905,15:09:47,15:09:56,9,15:09:56,15:13:22,206,AGENT,15:13:22,15:16:13,171,Z2NIRIT
AA0116,7876,0,0,IN,990905,15:14:05,15:14:59,54,15:14:59,15:16:18,79,AGENT,15:16:18,15:17:08,50,Z2NIRIT
AA0116,7877,0,0,IN,990905,15:19:11,15:19:23,12,0:00:00,0:00:00,0,AGENT,0:00:00,0:00:00,0,Z2ELINOR
AA0116,7878,0,0,IN,990905,15:22:52,15:23:01,9,15:23:01,15:23:52,51,HANG,0:00:00,0:00:00,0,NO_SERVER
AA0116,7879,0,0,IN,990905,15:33:53,15:34:08,15,0:00:00,0:00:00,0,AGENT,15:34:07,15:51:28,1041,Z2OFERZ
AA0116,7880,0,0,IN,990905,15:41:08,15:41:21,13,0:00:00,0:00:00,0,AGENT,15:41:20,15:54:55,815,Z2NIRIT
AA0116,7881,0,0,IN,990905,15:44:47,15:44:56,9,15:44:56,15:47:42,166,AGENT,15:47:42,16:13:52,1570,Z2ELINOR
AA0116,7882,0,0,IN,990905,16:00:08,16:00:26,18,0:00:00,0:00:00,0,AGENT,16:00:25,16:13:49,804,Z2OFERZ
AA0116,7883,0,0,IN,990905,16:14:41,16:14:56,15,0:00:00,0:00:00,0,AGENT,16:14:56,16:16:42,106,Z2OFERZ
AA0116,7884,0,0,IN,990905,16:28:02,16:28:04,2,0:00:00,0:00:00,0,HANG,0:00:00,0:00:00,0,NO_SERVER
AA0116,7885,0,0,IN,990905,16:32:17,16:32:42,25,16:32:42,16:33:31,49,HANG,0:00:00,0:00:00,0,NO_SERVER
AA0116,7886,0,0,IN,990905,16:34:43,16:35:17,34,0:00:00,0:00:00,0,AGENT,16:35:17,16:35:45,28,NO_SERVER
AA0116,7887,0,0,IN,990905,16:48:03,16:48:20,17,0:00:00,0:00:00,0,AGENT,16:48:18,16:52:44,266,Z2NIRIT
AA0116,7888,0,0,IN,990905,16:54:50,16:55:08,18,0:00:00,0:00:00,0,AGENT,16:55:07,16:57:11,124,Z2OFERZ
AA0116,7889,0,0,IN,990905,16:57:00,16:57:09,9,16:57:09,16:59:16,127,AGENT,16:59:15,17:12:39,804,Z2OFERZ
AA0116,7890,0,0,IN,990905,17:14:01,17:14:11,10,17:14:11,17:15:53,102,AGENT,17:15:52,17:24:57,545,Z2OFERZ
AA0116,7891,0,0,IN,990905,17:20:40,17:20:53,13,0:00:00,0:00:00,0,AGENT,17:20:53,17:51:12,1819,Z2NIRIT
AA0116,7892,0,0,IN,990905,17:58:17,17:58:34,17,0:00:00,0:00:00,0,AGENT,17:58:33,18:04:28,355,Z2LIOR
AA0116,7893,0,0,IN,990905,18:04:44,18:04:53,9,18:04:53,18:05:23,30,AGENT,18:05:22,18:28:08,1366,Z2LIOR
AA0116,7894,0,0,IN,990905,18:40:14,18:40:29,15,0:00:00,0:00:00,0,AGENT,18:40:29,18:46:56,387,Z2OFER
AA0116,7895,0,0,IN,990905,18:52:12,18:52:28,16,0:00:00,0:00:00,0,AGENT,18:52:28,18:57:36,308,Z2NIRIT
AA0116,7896,0,0,IN,990905,18:58:10,18:58:27,17,0:00:00,0:00:00,0,AGENT,18:58:26,19:14:15,949,Z2OFER
AA0116,7897,0,0,IN,990905,18:59:33,18:59:42,9,18:59:42,19:01:09,87,AGENT,19:01:09,19:02:52,103,Z2OFERZ
AA0116,7898,0,0,IN,990905,19:44:31,19:44:45,14,0:00:00,0:00:00,0,AGENT,19:44:44,19:48:20,216,Z2NIRIT
AA0116,7899,0,0,IN,990905,20:28:22,20:28:37,15,0:00:00,0:00:00,0,AGENT,20:28:37,20:40:05,688,Z2NIRIT
AA0116,7900,0,0,IN,990905,20:52:31,20:52:46,15,0:00:00,0:00:00,0,AGENT,20:52:45,21:01:42,537,Z2NIRIT
AA0116,7901,0,0,IN,990905,21:12:40,21:12:49,9,21:12:49,21:16:12,203,HANG,0:00:00,0:00:00,0,NO_SERVER
AA0116,7902,0,0,IN,990905,21:24:28,21:24:37,9,21:24:37,21:27:19,162,AGENT,21:27:18,21:43:02,944,Z2NIRIT
AA0116,7903,0,0,IN,990905,21:30:10,21:30:20,10,21:30:20,21:36:11,351,HANG,0:00:00,0:00:00,0,NO_SERVER
AA0116,7904,0,0,IN,990905,21:39:38,21:39:47,9,21:39:47,21:42:12,145,AGENT,21:42:12,22:00:32,1100,Z2OFER
AA0116,7905,0,0,IN,990905,21:48:41,21:48:50,9,21:48:50,21:51:28,158,AGENT,21:51:27,21:54:18,171,Z2LIOR
AA0116,7906,0,0,IN,990905,21:53:52,21:54:01,9,21:54:01,21:55:27,86,HANG,0:00:00,0:00:00,0,NO_SERVER
AA0116,7907,0,0,IN,990905,21:55:55,21:56:04,9,21:56:04,22:09:13,789,AGENT,22:09:12,22:31:53,1361,Z2LIOR
AA0116,7908,0,0,IN,990905,22:12:24,22:12:34,10,22:12:34,22:13:50,76,HANG,0:00:00,0:00:00,0,NO_SERVER
AA0116,7909,0,0,IN,990905,22:47:53,22:48:03,10,22:48:03,22:48:07,4,AGENT,22:48:07,22:52:03,236,Z2OFER
AA0116,7910,0,0,IN,990905,23:11:06,23:11:25,19,0:00:00,0:00:00,0,AGENT,23:11:24,23:27:52,988,Z2LIOR
AA0116,7911,0,0,IN,990906,0:01:29,0:01:56,27,0:00:00,0:00:00,0,HANG,0:00:00,0:00:00,0,NO_SERVER
AA0116,7912,0,0,IN,990906,7:01:33,7:01:46,13,0:00:00,0:00:00,0,HANG,0:00:00,0:00:00,0,NO_SERVER
AA0116,7913,0,0,IN,990906,7:07:23,7:08:01,38,0:00:00,0:00:00,0,HANG,0:00:00,0:00:00,0,NO_SERVER
AA0116,7914,0,0,IN,990906,7:11:27,7:11:41,14,0:00:00,0:00:00,0,AGENT,7:11:41,7:13:23,102,Z2NIRIT
AA0116,7915,0,0,IN,990906,7:15:03,7:15:12,9,7:15:12,7:17:52,160,HANG,0:00:00,0:00:00,0,NO_SERVER
AA0116,7916,0,0,IN,990906,7:19:43,7:19:53,10,7:19:53,7:23:01,188,HANG,0:00:00,0:00:00,0,NO_SERVER
AA0116,7917,0,0,IN,990906,7:42:20,7:42:29,9,7:42:29,7:44:13,104,AGENT,7:44:11,7:48:54,283,YIFAT
AA0116,7918,0,0,IN,990906,7:54:37,7:54:51,14,0:00:00,0:00:00,0,AGENT,7:54:49,7:56:16,87,Z2NIRIT
AA0116,7919,0,0,IN,990906,8:00:36,8:01:04,28,0:00:00,0:00:00,0,AGENT,8:01:03,8:01:23,20,NO_SERVER
AA0116,7920,0,0,IN,990906,8:09:12,8:09:28,16,0:00:00,0:00:00,0,AGENT,8:09:28,8:09:43,15,Z2NIRIT
AA0116,7921,0,0,IN,990906,8:12:28,8:12:46,18,0:00:00,0:00:00,0,AGENT,8:12:46,8:13:03,17,NO_SERVER
AA0116,7922,0,0,IN,990906,8:18:36,8:18:53,17,0:00:00,0:00:00,0,AGENT,8:18:52,8:38:15,1163,Z2OFERZ
AA0116,7923,0,0,IN,990906,8:28:35,8:28:47,12,0:00:00,0:00:00,0,AGENT,8:28:47,8:31:27,160,Z2NIRIT
AA0116,7924,0,0,IN,990906,8:33:25,8:33:38,13,0:00:00,0:00:00,0,AGENT,8:33:37,8:46:02,745,Z2NIRIT
AA0116,7925,0,0,IN,990906,8:35:49,8:35:58,9,8:35:58,8:36:06,8,HANG,0:00:00,0:00:00,0,NO_SERVER
AA0116,7926,0,0,IN,990906,8:36:39,8:36:49,10,8:36:49,8:38:20,91,PHANTOM,8:38:20,8:39:15,55,NO_SERVER
AA0116,7927,0,0,IN,990906,8:40:06,8:40:19,13,0:00:00,0:00:00,0,AGENT,8:40:19,8:40:35,16,NO_SERVER
AA0116,7928,0,0,IN,990906,8:40:55,8:41:08,13,0:00:00,0:00:00,0,AGENT,8:41:08,8:42:33,85,NO_SERVER
AA0116,7929,0,0,IN,990906,8:46:12,8:46:28,16,0:00:00,0:00:00,0,AGENT,8:46:27,8:47:41,74,Z2NIRIT
AA0116,7930,0,0,IN,990906,9:01:14,9:01:27,13,0:00:00,0:00:00,0,AGENT,9:01:26,9:01:49,23,Z2NIRIT
AA0116,7931,0,0,IN,990906,9:09:16,9:09:30,14,0:00:00,0:00:00,0,AGENT,9:09:28,9:11:40,132,Z2NIRIT
AA0116,7932,0,0,IN,990906,9:12:35,9:12:49,14,0:00:00,0:00:00,0,AGENT,9:12:49,9:13:41,52,NO_SERVER
AA0116,7933,0,0,IN,990906,9:13:20,9:13:29,9,9:13:29,9:13:46,17,PHANTOM,9:13:46,9:14:05,19,NO_SERVER
AA0116,7934,0,0,IN,990906,9:18:50,9:19:05,15,0:00:00,0:00:00,0,AGENT,9:19:04,9:22:05,181,Z2NIRIT
AA0116,7935,0,0,IN,990906,9:27:37,9:27:52,15,0:00:00,0:00:00,0,AGENT,9:27:51,9:28:39,48,Z2OFERZ
AA0116,7936,0,0,IN,990906,9:32:02,9:32:11,9,9:32:11,9:34:21,130,AGENT,9:34:20,9:35:36,76,Z2OFERZ
AA0116,7937,0,0,IN,990906,9:38:10,9:38:25,15,0:00:00,0:00:00,0,AGENT,9:38:24,9:39:56,92,Z2OFERZ
AA0116,7938,0,0,IN,990906,9:43:54,9:44:10,16,0:00:00,0:00:00,0,AGENT,9:44:09,9:48:07,238,Z2NIRIT
AA0116,7939,0,0,IN,990906,9:51:22,9:51:47,25,9:51:47,9:52:13,26,AGENT,9:52:12,9:55:47,215,Z2NIRIT
AA0116,7940,0,0,IN,990906,9:58:59,9:59:14,15,0:00:00,0:00:00,0,AGENT,9:59:13,9:59:25,12,Z2OFERZ
AA0116,7941,0,0,IN,990906,9:59:48,10:00:01,13,0:00:00,0:00:00,0,AGENT,10:00:01,10:16:22,981,Z2NIRIT
AA0116,7942,0,0,IN,990906,10:10:49,10:11:11,22,0:00:00,0:00:00,0,AGENT,10:11:10,10:14:42,212,Z2OFERZ
AA0116,7943,0,0,IN,990906,10:35:34,10:35:41,7,0:00:00,0:00:00,0,HANG,0:00:00,0:00:00,0,NO_SERVER
AA0116,7944,0,0,IN,990906,10:46:13,10:46:14,1,0:00:00,0:00:00,0,HANG,0:00:00,0:00:00,0,NO_SERVER
AA0116,7945,0,0,IN,990906,10:46:24,10:46:37,13,0:00:00,0:00:00,0,AGENT,10:46:37,10:48:47,130,Z2NIRIT
AA0116,7946,0,0,IN,990906,10:54:06,10:54:19,13,0:00:00,0:00:00,0,AGENT,10:54:18,11:02:58,520,Z2NIRIT
AA0116,7947,0,0,IN,990906,11:04:52,11:05:08,16,0:00:00,0:00:00,0,AGENT,11:05:07,11:07:14,127,Z2OFERZ
AA0116,7948,0,0,IN,990906,11:07:50,11:08:04,14,0:00:00,0:00:00,0,AGENT,11:08:03,11:15:38,455,Z2OFERZ
AA0116,7949,0,0,IN,990906,11:18:57,11:19:06,9,11:19:06,11:20:25,79,AGENT,11:20:24,11:24:55,271,Z2NIRIT
AA0116,7950,0,0,IN,990906,11:31:26,11:31:44,18,0:00:00,0:00:00,0,AGENT,11:31:42,11:34:00,138,Z2OFERZ
AA0116,7951,0,0,IN,990906,11:39:40,11:39:59,19,0:00:00,0:00:00,0,AGENT,11:39:57,11:45:36,339,Z2OFERZ
AA0116,7952,0,0,IN,990906,11:47:35,11:47:51,16,0:00:00,0:00:00,0,AGENT,11:47:50,11:48:48,58,Z2NIRIT
AA0116,7953,0,0,IN,990906,11:57:32,11:57:51,19,0:00:00,0:00:00,0,AGENT,11:57:50,11:58:18,28,Z2NIRIT
AA0116,7954,0,0,IN,990906,12:06:08,12:06:24,16,0:00:00,0:00:00,0,AGENT,12:06:24,12:14:34,490,Z2OFERZ
AA0116,7955,0,0,IN,990906,12:17:00,12:17:09,9,12:17:09,12:17:35,26,AGENT,12:17:35,12:22:37,302,Z2NIRIT
AA0116,7956,0,0,IN,990906,12:22:33,12:22:45,12,0:00:00,0:00:00,0,AGENT,12:22:44,12:36:50,846,Z2NIRIT
AA0116,7957,0,0,IN,990906,12:30:01,12:30:17,16,0:00:00,0:00:00,0,AGENT,12:30:17,12:33:15,178,Z2EYAL
AA0116,7958,0,0,IN,990906,12:41:07,12:41:23,16,0:00:00,0:00:00,0,AGENT,12:41:22,12:56:27,905,Z2NIRIT
AA0116,7959,0,0,IN,990906,12:47:42,12:47:57,15,0:00:00,0:00:00,0,AGENT,12:47:57,12:49:50,113,Z2OFERZ
AA0116,7960,0,0,IN,990906,13:12:17,13:12:49,32,0:00:00,0:00:00,0,AGENT,13:12:49,13:13:52,63,Z2EYAL
AA0116,7961,0,0,IN,990906,13:21:34,13:21:50,16,0:00:00,0:00:00,0,AGENT,13:21:48,13:35:54,846,Z2EYAL
AA0116,7962,0,0,IN,990906,13:38:19,13:38:40,21,0:00:00,0:00:00,0,AGENT,13:38:40,13:40:02,82,Z2EYAL
AA0116,7963,0,0,IN,990906,13:40:45,13:40:59,14,0:00:00,0:00:00,0,AGENT,13:40:58,13:50:45,587,Z2OFERZ
AA0116,7964,0,0,IN,990906,13:53:12,13:53:25,13,0:00:00,0:00:00,0,AGENT,13:53:25,13:58:15,290,Z2OFERZ
AA0116,7965,0,0,IN,990906,14:00:16,14:00:30,14,0:00:00,0:00:00,0,AGENT,14:00:29,14:06:49,380,Z2OFERZ
AA0116,7966,0,0,IN,990906,14:05:14,14:05:23,9,14:05:23,14:06:59,96,HANG,0:00:00,0:00:00,0,NO_SERVER
AA0116,7967,0,0,IN,990906,14:07:16,14:07:26,10,14:07:26,14:11:57,271,AGENT,14:11:55,14:17:15,320,Z2LIOR
AA0116,7968,0,0,IN,990906,14:12:53,14:13:02,9,14:13:02,14:15:40,158,AGENT,14:15:39,14:21:59,380,Z2OFER
AA0116,7969,0,0,IN,990906,14:16:16,14:16:25,9,14:16:25,14:17:51,86,AGENT,14:17:49,14:45:43,1674,Z2OFERZ
AA0116,7970,0,0,IN,990906,14:33:54,14:34:07,13,0:00:00,0:00:00,0,AGENT,14:34:06,14:34:54,48,Z2ELINOR
AA0116,7971,0,0,IN,990906,14:41:58,14:42:11,13,0:00:00,0:00:00,0,AGENT,14:42:10,14:43:57,107,Z2ELINOR
AA0116,7972,0,0,IN,990906,14:57:04,14:57:20,16,0:00:00,0:00:00,0,AGENT,14:57:20,14:59:14,114,Z2EYAL
AA0116,7973,0,0,IN,990906,15:00:26,15:00:35,9,15:00:35,15:01:46,71,HANG,0:00:00,0:00:00,0,NO_SERVER
AA0116,7974,0,0,IN,990906,15:15:05,15:15:22,17,0:00:00,0:00:00,0,AGENT,15:15:21,15:39:03,1422,Z2ELINOR
AA0116,7975,0,0,IN,990906,15:17:28,15:17:42,14,0:00:00,0:00:00,0,AGENT,15:17:41,15:18:40,59,Z2EYAL
AA0116,7976,0,0,IN,990906,15:19:20,15:19:33,13,0:00:00,0:00:00,0,AGENT,15:19:32,15:35:24,952,Z2EYAL
AA0116,7977,0,0,IN,990906,15:20:34,15:20:43,9,15:20:43,15:20:49,6,AGENT,15:20:49,16:50:01,5352,Z2IFAT
AA0116,7978,0,0,IN,990906,15:28:59,15:29:08,9,15:29:08,15:30:22,74,AGENT,15:30:21,15:35:31,310,Z2LIOR
AA0116,7979,0,0,IN,990906,15:42:16,15:42:30,14,0:00:00,0:00:00,0,AGENT,15:42:29,15:49:49,440,Z2ELINOR
AA0116,7980,0,0,IN,990906,16:02:08,16:02:21,13,0:00:00,0:00:00,0,AGENT,16:02:21,16:05:17,176,Z2EYAL
AA0116,7981,0,0,IN,990906,16:07:36,16:07:52,16,0:00:00,0:00:00,0,AGENT,16:07:51,16:09:20,89,Z2EYAL
AA0116,7982,0,0,IN,990906,16:19:41,16:19:55,14,0:00:00,0:00:00,0,AGENT,16:19:54,16:23:54,240,Z2ELINOR
AA0116,7983,0,0,IN,990906,16:23:42,16:23:56,14,0:00:00,0:00:00,0,AGENT,16:23:54,16:26:03,129,Z2LIOR
AA0116,7984,0,0,IN,990906,16:29:39,16:29:58,19,0:00:00,0:00:00,0,AGENT,16:29:57,16:33:51,234,Z2ELINOR
AA0116,7985,0,0,IN,990906,16:35:15,16:35:32,17,0:00:00,0:00:00,0,AGENT,16:35:31,16:41:48,377,Z2EYAL
AA0116,7986,0,0,IN,990906,16:48:06,16:48:16,10,16:48:16,16:49:24,68,AGENT,16:49:23,17:01:28,725,Z2ELINOR
AA0116,7987,0,0,IN,990906,16:51:29,16:51:38,9,16:51:38,16:53:26,108,HANG,0:00:00,0:00:00,0,NO_SERVER
AA0116,7988,0,0,IN,990906,16:53:59,16:54:08,9,16:54:08,16:54:28,20,AGENT,16:54:27,17:00:10,343,Z2IFAT
AA0116,7989,0,0,IN,990906,17:05:12,17:05:27,15,0:00:00,0:00:00,0,AGENT,17:05:26,17:10:08,282,Z2EYAL
AA0116,7990,0,0,IN,990906,17:19:46,17:19:59,13,0:00:00,0:00:00,0,AGENT,17:19:58,17:22:19,141,Z2LIOR
AA0116,7991,0,0,IN,990906,17:36:38,17:36:53,15,0:00:00,0:00:00,0,AGENT,17:36:52,17:38:51,119,Z2OFER
AA0116,7992,0,0,IN,990906,18:08:50,18:09:10,20,0:00:00,0:00:00,0,AGENT,18:09:09,18:12:58,229,Z2IFAT
AA0116,7993,0,0,IN,990906,18:40:50,18:41:06,16,0:00:00,0:00:00,0,AGENT,18:41:06,18:58:11,1025,Z2ELINOR
AA0116,7994,0,0,IN,990906,18:52:38,18:52:56,18,0:00:00,0:00:00,0,AGENT,18:52:55,18:53:40,45,Z2IFAT
AA0116,7995,0,0,IN,990906,18:59:29,18:59:42,13,0:00:00,0:00:00,0,AGENT,18:59:41,19:06:13,392,Z2ELINOR
AA0116,7996,0,0,IN,990906,19:10:29,19:10:43,14,0:00:00,0:00:00,0,AGENT,19:10:42,19:18:21,459,Z2LIOR
AA0116,7997,0,0,IN,990906,19:13:15,19:13:20,5,0:00:00,0:00:00,0,HANG,0:00:00,0:00:00,0,NO_SERVER
AA0116,7998,0,0,IN,990906,19:23:13,19:23:30,17,0:00:00,0:00:00,0,AGENT,19:23:29,19:36:17,768,Z2ELINOR
AA0116,7999,0,0,IN,990906,19:36:42,19:36:51,9,19:36:51,19:38:53,122,HANG,0:00:00,0:00:00,0,NO_SERVER
AA0116,8001,0,0,IN,990906,19:44:46,19:45:00,14,0:00:00,0:00:00,0,AGENT,19:45:00,19:46:34,94,ANAT
AA0116,8002,0,0,IN,990906,19:51:04,19:51:24,20,0:00:00,0:00:00,0,AGENT,19:51:23,19:54:40,197,Z2ELINOR
AA0116,8003,0,0,IN,990906,20:52:02,20:52:28,26,20:52:28,20:52:37,9,AGENT,20:52:36,21:05:19,763,Z2ELINOR
AA0116,8004,0,0,IN,990906,21:01:08,21:01:17,9,21:01:17,21:04:04,167,AGENT,21:04:03,21:06:39,156,Z2OFER
AA0116,8005,0,0,IN,990906,21:41:52,21:42:08,16,0:00:00,0:00:00,0,AGENT,21:42:07,21:44:43,156,Z2OFER
AA0116,8006,0,0,IN,990906,21:57:14,21:57:15,1,0:00:00,0:00:00,0,HANG,0:00:00,0:00:00,0,NO_SERVER
AA0116,8007,0,0,IN,990906,22:15:17,22:15:27,10,22:15:27,22:16:20,53,AGENT,22:16:20,22:29:43,803,Z2OFER
AA0116,8008,0,0,IN,990906,22:20:58,22:21:07,9,22:21:07,22:24:18,191,AGENT,22:24:17,22:27:25,188,STEREN
AA0116,8009,0,0,IN,990906,22:34:31,22:34:44,13,0:00:00,0:00:00,0,AGENT,22:34:43,22:39:13,270,STEREN
AA0116,8010,0,0,IN,990906,22:37:15,22:37:25,10,22:37:25,22:40:18,173,HANG,0:00:00,0:00:00,0,NO_SERVER
AA0116,8011,0,0,IN,990906,23:14:40,23:14:50,10,23:14:50,23:15:59,69,AGENT,23:15:59,23:17:52,113,Z2OFER
AA0116,8012,0,0,IN,990906,23:30:22,23:30:33,11,0:00:00,0:00:00,0,AGENT,23:30:33,23:31:14,41,STEREN
AA0116,8013,0,0,IN,990907,6:07:23,6:07:57,34,0:00:00,0:00:00,0,HANG,0:00:00,0:00:00,0,NO_SERVER
AA0116,8014,0,0,IN,990907,7:12:07,7:12:27,20,0:00:00,0:00:00,0,HANG,0:00:00,0:00:00,0,NO_SERVER
AA0116,8015,0,0,IN,990907,7:29:21,7:29:40,19,0:00:00,0:00:00,0,HANG,0:00:00,0:00:00,0,NO_SERVER
AA0116,8016,0,0,IN,990907,7:44:43,7:45:22,39,0:00:00,0:00:00,0,HANG,0:00:00,0:00:00,0,NO_SERVER
AA0116,8017,0,0,IN,990907,7:55:27,7:55:37,10,7:55:37,7:57:17,100,AGENT,7:57:16,7:58:08,52,YIFAT
AA0116,8018,0,0,IN,990907,8:05:35,8:05:45,10,8:05:45,8:08:14,149,HANG,0:00:00,0:00:00,0,NO_SERVER
AA0116,8019,0,0,IN,990907,8:10:20,8:10:29,9,8:10:29,8:13:38,189,AGENT,8:13:37,8:14:57,80,Z2ARIE
AA0116,8020,0,0,IN,990907,8:15:46,8:15:56,10,8:15:56,8:16:39,43,AGENT,8:16:39,8:48:07,1888,Z2ARIE
AA0116,8021,0,0,IN,990907,8:18:36,8:18:46,10,8:18:46,8:21:16,150,AGENT,8:21:15,8:36:23,908,Z2OFER
AA0116,8022,0,0,IN,990907,8:26:55,8:27:05,10,8:27:05,8:32:02,297,HANG,0:00:00,0:00:00,0,NO_SERVER
AA0116,8023,0,0,IN,990907,8:39:38,8:39:47,9,8:39:47,8:40:17,30,AGENT,8:40:17,8:42:12,115,Z2OFER
AA0116,8024,0,0,IN,990907,9:06:03,9:06:21,18,0:00:00,0:00:00,0,AGENT,9:06:20,9:07:19,59,Z2OFER
AA0116,8025,0,0,IN,990907,9:08:05,9:08:18,13,0:00:00,0:00:00,0,AGENT,9:08:17,9:10:41,144,Z2OFER
AA0116,8026,0,0,IN,990907,9:10:03,9:10:12,9,9:10:12,9:10:48,36,AGENT,9:10:47,9:34:13,1406,Z2OFER
AA0116,8027,0,0,IN,990907,9:13:59,9:14:08,9,9:14:08,9:15:20,72,AGENT,9:15:19,9:20:36,317,YIFAT
AA0116,8028,0,0,IN,990907,9:18:04,9:18:14,10,9:18:14,9:20:46,152,HANG,9:20:46,9:20:50,4,NO_SERVER
AA0116,8029,0,0,IN,990907,9:22:51,9:23:11,20,0:00:00,0:00:00,0,AGENT,9:23:11,9:23:30,19,Z2ARIE
AA0116,8030,0,0,IN,990907,9:26:58,9:27:07,9,9:27:07,9:27:13,6,HANG,0:00:00,0:00:00,0,NO_SERVER
AA0116,8031,0,0,IN,990907,9:31:32,9:31:45,13,0:00:00,0:00:00,0,AGENT,9:31:45,9:34:36,171,Z2ARIE
AA0116,8032,0,0,IN,990907,9:37:53,9:38:03,10,9:38:03,9:41:58,235,AGENT,9:41:56,9:50:04,488,Z2OFER
AA0116,8033,0,0,IN,990907,9:50:18,9:50:27,9,9:50:27,9:52:22,115,AGENT,9:52:22,9:55:45,203,Z2OFER
AA0116,8034,0,0,IN,990907,9:54:47,9:54:56,9,9:54:56,9:55:52,56,AGENT,9:55:51,9:57:01,70,Z2OFER
AA0116,8035,0,0,IN,990907,9:59:09,9:59:19,10,0:00:00,0:00:00,0,HANG,0:00:00,0:00:00,0,NO_SERVER
AA0116,8036,0,0,IN,990907,10:04:35,10:04:59,24,0:00:00,0:00:00,0,HANG,0:00:00,0:00:00,0,NO_SERVER
AA0116,8037,0,0,IN,990907,10:13:58,10:14:11,13,0:00:00,0:00:00,0,AGENT,10:14:10,10:15:00,50,Z2ARIE
AA0116,8038,0,0,IN,990907,10:26:27,10:26:36,9,10:26:36,10:34:20,464,HANG,0:00:00,0:00:00,0,NO_SERVER
AA0116,8039,0,0,IN,990907,10:35:17,10:35:27,10,10:35:27,10:41:57,390,AGENT,10:41:56,10:43:09,73,Z2ARIE
AA0116,8040,0,0,IN,990907,10:42:19,10:42:28,9,10:42:28,10:43:28,60,AGENT,10:43:28,10:47:09,221,Z2OFERZ
AA0116,8041,0,0,IN,990907,10:58:13,10:58:31,18,0:00:00,0:00:00,0,AGENT,10:58:30,11:10:52,742,Z2OFERZ
AA0116,8042,0,0,IN,990907,11:05:27,11:05:36,9,11:05:36,11:07:12,96,AGENT,11:07:11,11:08:58,107,Z2ARIE
AA0116,8043,0,0,IN,990907,11:15:19,11:15:34,15,0:00:00,0:00:00,0,AGENT,11:15:33,11:17:35,122,Z2OFERZ
AA0116,8044,0,0,IN,990907,11:19:01,11:19:14,13,0:00:00,0:00:00,0,AGENT,11:19:14,11:21:19,125,Z2OFERZ
AA0116,8045,0,0,IN,990907,11:21:59,11:22:12,13,0:00:00,0:00:00,0,AGENT,11:22:11,11:52:27,1816,Z2OFERZ
AA0116,8046,0,0,IN,990907,11:25:10,11:25:20,10,11:25:20,11:26:25,65,AGENT,11:26:25,11:28:54,149,Z2OFER
AA0116,8047,0,0,IN,990907,11:58:25,11:58:41,16,0:00:00,0:00:00,0,AGENT,11:58:40,12:08:17,577,Z2OFER
AA0116,8048,0,0,IN,990907,12:02:00,12:02:09,9,12:02:09,12:07:48,339,HANG,0:00:00,0:00:00,0,NO_SERVER
AA0116,8049,0,0,IN,990907,12:17:45,12:18:01,16,12:18:01,12:19:07,66,AGENT,12:18:00,12:34:22,982,Z2OFER
AA0116,8050,0,0,IN,990907,12:34:20,12:34:29,9,12:34:29,12:35:26,57,AGENT,12:35:25,12:38:39,194,Z2OFER
AA0116,8051,0,0,IN,990907,12:43:03,12:43:12,9,12:43:12,12:44:58,106,AGENT,12:44:57,12:52:13,436,Z2OFERZ
AA0116,8052,0,0,IN,990907,13:00:29,13:00:43,14,0:00:00,0:00:00,0,AGENT,13:00:42,13:01:17,35,NO_SERVER
AA0116,8053,0,0,IN,990907,13:06:13,13:06:27,14,0:00:00,0:00:00,0,AGENT,13:06:27,13:07:49,82,Z2OFERZ
AA0116,8054,0,0,IN,990907,13:13:11,13:13:26,15,0:00:00,0:00:00,0,AGENT,13:13:27,13:13:33,6,NO_SERVER
AA0116,8055,0,0,IN,990907,13:21:53,13:22:18,25,13:22:18,13:22:31,13,AGENT,13:22:30,13:27:25,295,Z2OFER
AA0116,8056,0,0,IN,990907,13:24:06,13:24:15,9,13:24:15,13:24:55,40,AGENT,13:24:53,14:19:01,3248,Z2ARIE
AA0116,8057,0,0,IN,990907,13:28:36,13:28:45,9,13:28:45,13:30:05,80,AGENT,13:30:04,13:34:22,258,Z2OFER
AA0116,8058,0,0,IN,990907,13:30:40,13:30:49,9,13:30:49,13:36:29,340,AGENT,13:36:29,14:01:27,1498,Z2OFER
AA0116,8059,0,0,IN,990907,13:48:35,13:48:44,9,13:48:44,13:55:54,430,AGENT,13:55:54,14:18:43,1369,Z2OFERZ
AA0116,8060,0,0,IN,990907,13:57:32,13:57:42,10,13:57:42,13:58:42,60,HANG,0:00:00,0:00:00,0,NO_SERVER
AA0116,8061,0,0,IN,990907,13:59:22,13:59:32,10,13:59:32,14:00:26,54,HANG,0:00:00,0:00:00,0,NO_SERVER
AA0116,8062,0,0,IN,990907,14:00:49,14:00:58,9,14:00:58,14:01:06,8,HANG,0:00:00,0:00:00,0,NO_SERVER
AA0116,8063,0,0,IN,990907,14:09:21,14:09:31,10,14:09:31,14:09:35,4,HANG,0:00:00,0:00:00,0,NO_SERVER
AA0116,8064,0,0,IN,990907,14:10:36,14:10:46,10,14:10:46,14:12:09,83,HANG,0:00:00,0:00:00,0,NO_SERVER
AA0116,8065,0,0,IN,990907,14:34:03,14:34:23,20,0:00:00,0:00:00,0,AGENT,14:34:23,14:55:07,1244,Z2LIOR
AA0116,8066,0,0,IN,990907,14:39:52,14:40:01,9,14:40:01,14:42:35,154,AGENT,14:42:34,14:48:27,353,Z2OFERZ
AA0116,8067,0,0,IN,990907,14:46:03,14:46:12,9,14:46:12,14:47:56,104,AGENT,14:47:56,15:02:36,880,Z2ARIE
AA0116,8068,0,0,IN,990907,14:49:54,14:50:04,10,14:50:04,14:51:04,60,AGENT,14:51:04,14:52:36,92,Z2OFERZ
AA0116,8069,0,0,IN,990907,14:57:48,14:58:02,14,0:00:00,0:00:00,0,HANG,0:00:00,0:00:00,0,NO_SERVER
AA0116,8070,0,0,IN,990907,15:11:58,15:12:12,14,0:00:00,0:00:00,0,AGENT,15:12:11,15:18:45,394,Z2LIOR
AA0116,8071,0,0,IN,990907,15:14:38,15:14:48,10,15:14:48,15:15:17,29,HANG,0:00:00,0:00:00,0,NO_SERVER
AA0116,8072,0,0,IN,990907,15:30:40,15:31:01,21,0:00:00,0:00:00,0,AGENT,15:31:00,15:32:49,109,Z2LIOR
AA0116,8073,0,0,IN,990907,15:32:41,15:32:53,12,0:00:00,0:00:00,0,AGENT,15:32:52,15:40:51,479,Z2ELINOR
AA0116,8074,0,0,IN,990907,15:36:38,15:36:58,20,0:00:00,0:00:00,0,AGENT,15:36:58,15:44:40,462,Z2OFERZ
AA0116,8075,0,0,IN,990907,15:40:23,15:40:33,10,15:40:33,15:41:04,31,AGENT,15:41:02,15:47:27,385,Z2ELINOR
AA0116,8076,0,0,IN,990907,15:54:15,15:54:30,15,0:00:00,0:00:00,0,AGENT,15:54:29,16:04:37,608,Z2ELINOR
AA0116,8077,0,0,IN,990907,16:25:29,16:25:42,13,0:00:00,0:00:00,0,AGENT,16:25:41,16:37:26,705,Z2ELINOR
AA0116,8078,0,0,IN,990907,16:36:04,16:36:13,9,16:36:13,16:37:32,79,AGENT,16:37:31,16:43:01,330,Z2ELINOR
AA0116,8079,0,0,IN,990907,17:01:12,17:01:28,16,0:00:00,0:00:00,0,AGENT,17:01:28,17:11:02,574,Z2ELINOR
AA0116,8080,0,0,IN,990907,17:22:32,17:22:49,17,0:00:00,0:00:00,0,AGENT,17:22:48,17:24:28,100,Z2EYAL
AA0116,8081,0,0,IN,990907,17:42:10,17:42:25,15,0:00:00,0:00:00,0,AGENT,17:42:24,17:44:32,128,Z2EYAL
AA0116,8082,0,0,IN,990907,17:52:56,17:53:11,15,0:00:00,0:00:00,0,AGENT,17:53:10,18:12:35,1165,Z2NIRIT
AA0116,8083,0,0,IN,990907,17:58:06,17:58:31,25,17:58:31,17:59:04,33,AGENT,17:59:03,17:59:55,52,Z2EYAL
AA0116,8084,0,0,IN,990907,18:09:11,18:09:25,14,0:00:00,0:00:00,0,AGENT,18:09:24,18:19:07,583,Z2ELINOR
AA0116,8085,0,0,IN,990907,18:15:08,18:15:23,15,0:00:00,0:00:00,0,AGENT,18:15:22,18:17:30,128,Z2EYAL
AA0116,8086,0,0,IN,990907,18:20:16,18:20:31,15,0:00:00,0:00:00,0,AGENT,18:20:31,18:24:44,253,Z2EYAL
AA0116,8087,0,0,IN,990907,18:36:53,18:37:10,17,0:00:00,0:00:00,0,AGENT,18:37:09,18:50:33,804,Z2EYAL
AA0116,8088,0,0,IN,990907,18:40:45,18:41:06,21,0:00:00,0:00:00,0,AGENT,18:41:05,18:46:30,325,Z2LIOR
AA0116,8089,0,0,IN,990907,18:51:19,18:51:35,16,0:00:00,0:00:00,0,AGENT,18:51:35,19:07:36,961,Z2ELINOR
AA0116,8090,0,0,IN,990907,18:58:49,18:59:05,16,0:00:00,0:00:00,0,AGENT,18:59:04,18:59:28,24,Z2LIOR
AA0116,8091,0,0,IN,990907,19:08:04,19:08:17,13,0:00:00,0:00:00,0,AGENT,19:08:16,19:11:11,175,Z2ELINOR
AA0116,8092,0,0,IN,990907,19:12:08,19:12:32,24,0:00:00,0:00:00,0,AGENT,19:12:31,19:40:27,1676,Z2ELINOR
AA0116,8093,0,0,IN,990907,19:59:33,19:59:49,16,0:00:00,0:00:00,0,AGENT,19:59:49,20:11:06,677,Z2EYAL
AA0116,8094,0,0,IN,990907,20:23:17,20:23:38,21,0:00:00,0:00:00,0,AGENT,20:23:37,20:27:14,217,Z2NIRIT
AA0116,8095,0,0,IN,990907,20:34:26,20:34:36,10,20:34:36,20:36:10,94,AGENT,20:36:10,20:36:41,31,Z2NIRIT
AA0116,8096,0,0,IN,990907,21:07:04,21:07:20,16,0:00:00,0:00:00,0,AGENT,21:07:19,21:09:16,117,Z2NIRIT
AA0116,8097,0,0,IN,990907,21:33:54,21:34:09,15,0:00:00,0:00:00,0,AGENT,21:34:08,21:39:33,325,Z2NIRIT
AA0116,8098,0,0,IN,990907,21:47:48,21:48:02,14,0:00:00,0:00:00,0,AGENT,21:48:01,21:59:12,671,Z2NIRIT
AA0116,8099,0,0,IN,990907,22:06:00,22:06:18,18,0:00:00,0:00:00,0,AGENT,22:06:17,22:12:32,375,Z2NIRIT
AA0116,8100,0,0,IN,990907,22:11:43,22:11:52,9,22:11:52,22:12:33,41,AGENT,22:12:32,22:16:48,256,Z2EYAL
AA0116,8101,0,0,IN,990907,22:26:33,22:26:46,13,0:00:00,0:00:00,0,AGENT,22:26:45,22:29:55,190,Z2NIRIT
AA0116,8102,0,0,IN,990907,22:42:33,22:42:45,12,0:00:00,0:00:00,0,AGENT,22:42:45,22:59:28,1003,Z2NIRIT
AA0116,8103,0,0,IN,990907,22:53:43,22:53:53,10,22:53:53,22:59:36,343,AGENT,22:59:34,23:00:54,80,Z2NIRIT
AA0116,8104,0,0,IN,990907,23:01:32,23:01:42,10,23:01:42,23:06:11,269,AGENT,23:06:10,23:11:54,344,DARMON
AA0116,8105,0,0,IN,990907,23:13:30,23:13:39,9,23:13:39,23:13:45,6,AGENT,23:13:43,23:14:43,60,SHARON
AA0116,8106,0,0,IN,990907,23:22:28,23:22:42,14,0:00:00,0:00:00,0,AGENT,23:22:41,23:26:51,250,SHARON
AA0116,8107,0,0,IN,990908,0:56:06,0:56:33,27,0:00:00,0:00:00,0,HANG,0:00:00,0:00:00,0,NO_SERVER
AA0116,8108,0,0,IN,990908,7:09:21,7:09:31,10,7:09:31,7:14:52,321,AGENT,7:14:52,7:15:06,14,STEREN
AA0116,8109,0,0,IN,990908,7:43:13,7:43:23,10,7:43:23,7:46:32,189,AGENT,7:46:31,7:51:21,290,Z2ELINOR
AA0116,8110,0,0,IN,990908,7:59:01,7:59:15,14,0:00:00,0:00:00,0,AGENT,7:59:14,8:14:35,921,Z2ELINOR
AA0116,8111,0,0,IN,990908,8:40:54,8:41:08,14,0:00:00,0:00:00,0,AGENT,8:41:07,8:43:22,135,Z2ELINOR
AA0116,8112,0,0,IN,990908,9:05:41,9:06:02,21,0:00:00,0:00:00,0,AGENT,9:06:01,9:33:06,1625,Z2ELINOR
AA0116,8113,0,0,IN,990908,9:19:08,9:19:27,19,0:00:00,0:00:00,0,AGENT,9:19:25,9:22:04,159,Z2EYAL
AA0116,8114,0,0,IN,990908,9:27:54,9:28:17,23,0:00:00,0:00:00,0,AGENT,9:28:16,9:45:49,1053,Z2EYAL
AA0116,8115,0,0,IN,990908,9:35:48,9:35:58,10,9:35:58,9:36:25,27,AGENT,9:36:24,9:43:06,402,Z2ELINOR
AA0116,8116,0,0,IN,990908,9:56:09,9:56:25,16,0:00:00,0:00:00,0,AGENT,9:56:24,9:57:17,53,Z2ELINOR
AA0116,8117,0,0,IN,990908,9:59:02,9:59:18,16,0:00:00,0:00:00,0,AGENT,9:59:17,10:06:01,404,Z2NIRIT
AA0116,8118,0,0,IN,990908,10:00:35,10:00:45,10,10:00:45,10:06:09,324,AGENT,10:06:07,10:07:39,92,Z2NIRIT
AA0116,8119,0,0,IN,990908,10:13:50,10:14:02,12,0:00:00,0:00:00,0,AGENT,10:14:01,10:16:00,119,Z2NIRIT
AA0116,8120,0,0,IN,990908,10:22:54,10:23:08,14,0:00:00,0:00:00,0,AGENT,0:00:00,0:00:00,0,Z2NIRIT
AA0116,8121,0,0,IN,990908,10:25:03,10:25:17,14,0:00:00,0:00:00,0,AGENT,10:25:17,10:25:44,27,Z2EYAL
AA0116,8122,0,0,IN,990908,10:33:36,10:33:49,13,0:00:00,0:00:00,0,AGENT,10:33:49,10:35:00,71,Z2ELINOR
AA0116,8123,0,0,IN,990908,10:58:08,10:58:44,36,0:00:00,0:00:00,0,AGENT,10:58:43,11:27:26,1723,Z2ELINOR
AA0116,8124,0,0,IN,990908,11:25:36,11:25:52,16,0:00:00,0:00:00,0,AGENT,11:25:52,11:26:38,46,Z2NIRIT
AA0116,8125,0,0,NW,990908,12:17:06,12:17:14,8,12:17:14,12:17:19,5,HANG,0:00:00,0:00:00,0,NO_SERVER
AA0116,8126,0,0,IN,990908,12:27:36,12:28:07,31,0:00:00,0:00:00,0,AGENT,12:28:07,12:30:27,140,Z2NIRIT
AA0116,8127,0,0,IN,990908,12:39:21,12:39:34,13,0:00:00,0:00:00,0,AGENT,12:39:35,12:40:26,51,NO_SERVER
AA0116,8128,0,0,IN,990908,12:41:41,12:41:57,16,0:00:00,0:00:00,0,AGENT,12:41:56,12:44:31,155,Z2NIRIT
AA0116,8129,0,0,IN,990908,12:54:04,12:54:17,13,0:00:00,0:00:00,0,AGENT,12:54:16,13:36:50,2554,Z2NIRIT
AA0116,8130,0,0,IN,990908,13:03:09,13:03:19,10,13:03:19,13:05:19,120,HANG,0:00:00,0:00:00,0,NO_SERVER
AA0116,8131,0,0,IN,990908,13:27:23,13:27:39,16,0:00:00,0:00:00,0,AGENT,13:27:39,13:28:32,53,Z2EYAL
AA0116,8132,0,0,IN,990908,13:37:07,13:37:23,16,0:00:00,0:00:00,0,AGENT,13:37:22,13:40:58,216,Z2EYAL
AA0116,8133,0,0,IN,990908,13:49:53,13:50:12,19,0:00:00,0:00:00,0,AGENT,13:50:11,14:13:55,1424,Z2EYAL
AA0116,8134,0,0,IN,990908,14:06:29,14:06:48,19,0:00:00,0:00:00,0,AGENT,14:06:47,14:20:33,826,Z2LIOR
AA0116,8135,0,0,IN,990908,14:15:14,14:15:23,9,14:15:23,14:16:31,68,AGENT,14:16:30,14:17:50,80,Z2EYAL
AA0116,8136,0,0,IN,990908,14:28:43,14:28:57,14,0:00:00,0:00:00,0,AGENT,14:28:56,14:31:45,169,Z2LIOR
AA0116,8137,0,0,IN,990908,14:43:00,14:43:18,18,0:00:00,0:00:00,0,AGENT,14:43:17,14:45:15,118,Z2EYAL
AA0116,8138,0,0,IN,990908,14:53:24,14:53:39,15,0:00:00,0:00:00,0,AGENT,14:53:38,14:55:14,96,Z2EYAL
AA0116,8139,0,0,IN,990908,15:03:16,15:03:42,26,15:03:42,15:03:51,9,PHANTOM,15:03:51,15:04:12,21,NO_SERVER
AA0116,8140,0,0,IN,990908,15:07:30,15:07:43,13,0:00:00,0:00:00,0,AGENT,15:07:42,15:08:10,28,NO_SERVER
AA0116,8141,0,0,IN,990908,15:08:01,15:08:10,9,15:08:10,15:08:16,6,PHANTOM,15:08:15,15:08:36,21,NO_SERVER
AA0116,8142,0,0,IN,990908,15:28:02,15:28:18,16,0:00:00,0:00:00,0,AGENT,15:28:17,15:33:57,340,Z2EYAL
AA0116,8143,0,0,IN,990908,15:33:29,15:33:39,10,15:33:39,15:34:03,24,AGENT,15:34:02,15:49:55,953,Z2EYAL
AA0116,8144,0,0,IN,990908,15:49:58,15:50:24,26,15:50:24,15:50:34,10,AGENT,15:50:33,16:04:23,830,Z2ARIE
AA0116,8145,0,0,IN,990908,16:24:55,16:25:04,9,16:25:04,16:26:37,93,AGENT,16:26:37,16:39:22,765,Z2OFER
AA0116,8146,0,0,IN,990908,16:32:26,16:32:35,9,16:32:35,16:36:08,213,AGENT,16:36:07,16:40:01,234,Z2LIOR
AA0116,8147,0,0,IN,990908,16:39:01,16:39:11,10,16:39:11,16:39:32,21,AGENT,16:39:31,17:04:09,1478,Z2OFER
AA0116,8148,0,0,IN,990908,16:47:31,16:47:44,13,0:00:00,0:00:00,0,AGENT,16:47:44,16:48:55,71,Z2LIOR
AA0116,8149,0,0,IN,990908,16:48:14,16:48:23,9,16:48:23,16:49:53,90,HANG,0:00:00,0:00:00,0,NO_SERVER
AA0116,8150,0,0,IN,990908,16:54:21,16:54:26,5,16:54:26,16:54:34,8,HANG,0:00:00,0:00:00,0,NO_SERVER
AA0116,8151,0,0,IN,990908,16:56:12,16:56:22,10,16:56:22,16:58:21,119,HANG,0:00:00,0:00:00,0,NO_SERVER
AA0116,8152,0,0,IN,990908,17:02:43,17:02:59,16,0:00:00,0:00:00,0,AGENT,17:02:58,17:20:14,1036,Z2ARIE
AA0116,8153,0,0,IN,990908,17:18:53,17:19:08,15,0:00:00,0:00:00,0,AGENT,17:19:07,17:32:11,784,Z2LIOR
AA0116,8154,0,0,IN,990908,17:31:07,17:31:17,10,17:31:17,17:32:04,47,AGENT,17:32:04,17:33:12,68,Z2OFER
AA0116,8155,0,0,IN,990908,17:39:15,17:39:24,9,17:39:24,17:43:21,237,AGENT,17:43:19,17:44:06,47,Z2LIOR
AA0116,8156,0,0,IN,990908,17:47:40,17:47:55,15,0:00:00,0:00:00,0,AGENT,17:47:54,18:04:26,992,Z2ARIE
AA0116,8157,0,0,IN,990908,18:08:29,18:08:44,15,0:00:00,0:00:00,0,AGENT,18:08:44,18:25:43,1019,Z2IFAT
AA0116,8158,0,0,IN,990908,18:17:23,18:17:38,15,0:00:00,0:00:00,0,AGENT,18:17:37,18:23:38,361,Z2OFERZ
AA0116,8159,0,0,IN,990908,19:12:14,19:12:38,24,0:00:00,0:00:00,0,AGENT,19:12:37,19:36:29,1432,Z2IFAT
AA0116,8160,0,0,IN,990908,19:22:52,19:23:07,15,0:00:00,0:00:00,0,AGENT,19:23:06,19:27:53,287,Z2OFERZ
AA0116,8161,0,0,IN,990908,19:56:43,19:57:02,19,0:00:00,0:00:00,0,AGENT,19:57:01,20:00:17,196,Z2IFAT
AA0116,8162,0,0,IN,990908,20:10:55,20:11:10,15,0:00:00,0:00:00,0,AGENT,20:11:10,20:16:49,339,Z2ARIE
AA0116,8163,0,0,IN,990908,20:44:03,20:44:24,21,0:00:00,0:00:00,0,AGENT,20:44:24,20:48:52,268,Z2IFAT
AA0116,8164,0,0,IN,990908,20:50:14,20:50:30,16,0:00:00,0:00:00,0,AGENT,20:50:29,21:07:56,1047,Z2IFAT
AA0116,8165,0,0,IN,990908,21:06:43,21:06:56,13,0:00:00,0:00:00,0,AGENT,21:06:56,21:51:08,2652,Z2OFER
AA0116,8166,0,0,IN,990908,21:21:46,21:22:02,16,0:00:00,0:00:00,0,AGENT,21:22:01,21:41:27,1166,Z2IFAT
AA0116,8167,0,0,IN,990908,21:36:48,21:36:57,9,21:36:57,21:41:38,281,AGENT,21:41:38,21:54:36,778,Z2IFAT
AA0116,8168,0,0,IN,990908,21:52:22,21:52:31,9,21:52:31,21:54:45,134,AGENT,21:54:44,21:56:54,130,Z2IFAT
AA0116,8169,0,0,IN,990908,21:59:05,21:59:20,15,0:00:00,0:00:00,0,AGENT,21:59:20,22:29:05,1785,Z2IFAT
AA0116,8170,0,0,IN,990908,22:19:18,22:19:37,19,0:00:00,0:00:00,0,AGENT,22:19:37,22:25:37,360,Z2OFER
AA0116,8171,0,0,IN,990908,22:27:09,22:27:26,17,0:00:00,0:00:00,0,AGENT,22:27:25,22:30:18,173,Z2LIOR
AA0116,8172,0,0,IN,990908,23:02:10,23:02:35,25,23:02:35,23:02:47,12,AGENT,23:02:46,23:40:03,2237,Z2IFAT
AA0116,8173,0,0,IN,990909,0:02:52,0:03:15,23,0:00:00,0:00:00,0,HANG,0:00:00,0:00:00,0,NO_SERVER
AA0116,8174,0,0,IN,990909,8:13:24,8:13:33,9,8:13:33,8:15:46,133,AGENT,8:15:45,8:18:01,136,YIFAT
AA0116,8175,0,0,IN,990909,8:35:40,8:35:57,17,0:00:00,0:00:00,0,AGENT,8:35:56,8:46:26,630,Z2ARIE
AA0116,8176,0,0,IN,990909,8:48:42,8:49:03,21,0:00:00,0:00:00,0,AGENT,8:49:02,8:50:38,96,Z2IFAT
AA0116,8177,0,0,IN,990909,8:55:22,8:55:40,18,0:00:00,0:00:00,0,AGENT,8:55:39,9:06:28,649,Z2IFAT
AA0116,8178,0,0,IN,990909,9:02:25,9:02:34,9,9:02:34,9:04:16,102,HANG,0:00:00,0:00:00,0,NO_SERVER
AA0116,8179,0,0,IN,990909,9:06:33,9:06:46,13,0:00:00,0:00:00,0,AGENT,9:06:46,9:08:46,120,Z2IFAT
AA0116,8180,0,0,IN,990909,9:16:20,9:16:42,22,0:00:00,0:00:00,0,AGENT,9:16:42,9:20:30,228,YIFAT
AA0116,8181,0,0,IN,990909,9:28:16,9:28:30,14,0:00:00,0:00:00,0,AGENT,9:28:29,9:57:44,1755,YIFAT
AA0116,8182,0,0,IN,990909,9:40:07,9:40:24,17,0:00:00,0:00:00,0,AGENT,9:40:23,9:52:00,697,Z2IFAT
AA0116,8183,0,0,IN,990909,9:44:54,9:45:03,9,9:45:03,9:52:15,432,AGENT,9:52:14,9:52:40,26,Z2IFAT
AA0116,8184,0,0,IN,990909,9:53:36,9:53:45,9,9:53:45,9:55:03,78,HANG,0:00:00,0:00:00,0,NO_SERVER
AA0116,8185,0,0,IN,990909,9:56:49,9:56:59,10,9:56:59,9:58:20,81,AGENT,9:58:19,10:10:29,730,Z2IFAT
AA0116,8186,0,0,IN,990909,10:07:50,10:08:14,24,0:00:00,0:00:00,0,AGENT,10:08:13,10:16:54,521,Z2OFERZ
AA0116,8187,0,0,IN,990909,10:09:09,10:09:18,9,10:09:18,10:10:19,61,HANG,0:00:00,0:00:00,0,NO_SERVER
AA0116,8188,0,0,IN,990909,10:20:46,10:21:01,15,0:00:00,0:00:00,0,AGENT,10:21:01,10:44:52,1431,Z2ARIE
AA0116,8189,0,0,IN,990909,10:30:51,10:31:07,16,0:00:00,0:00:00,0,AGENT,10:31:06,10:36:15,309,Z2OFERZ
AA0116,8190,0,0,IN,990909,10:35:28,10:35:37,9,10:35:37,10:35:40,3,HANG,0:00:00,0:00:00,0,NO_SERVER
AA0116,8191,0,0,IN,990909,10:41:59,10:42:08,9,10:42:08,10:45:29,201,HANG,10:45:34,11:04:03,1109,NO_SERVER
AA0116,8192,0,0,IN,990909,10:46:30,10:46:39,9,10:46:39,10:46:59,20,HANG,0:00:00,0:00:00,0,NO_SERVER
AA0116,8193,0,0,IN,990909,10:53:19,10:53:28,9,10:53:28,10:53:34,6,HANG,0:00:00,0:00:00,0,NO_SERVER
AA0116,8194,0,0,IN,990909,10:59:29,10:59:38,9,10:59:38,11:00:22,44,HANG,0:00:00,0:00:00,0,NO_SERVER
AA0116,8195,0,0,IN,990909,11:03:34,11:03:44,10,11:03:44,11:04:09,25,AGENT,11:04:09,11:06:29,140,Z2ARIE
AA0116,8196,0,0,IN,990909,11:07:17,11:08:15,58,11:08:15,11:10:23,128,AGENT,11:10:22,11:16:46,384,YIFAT
AA0116,8197,0,0,IN,990909,11:10:46,11:10:56,10,11:10:56,11:12:50,114,AGENT,11:12:50,11:15:35,165,Z2ARIE
AA0116,8198,0,0,IN,990909,11:25:29,11:25:46,17,0:00:00,0:00:00,0,AGENT,11:25:46,11:37:08,682,Z2OFERZ
AA0116,8199,0,0,IN,990909,11:31:48,11:32:06,18,0:00:00,0:00:00,0,AGENT,11:32:05,11:34:07,122,Z2ELINOR
AA0116,8200,0,0,IN,990909,11:34:22,11:34:37,15,0:00:00,0:00:00,0,AGENT,11:34:36,11:42:10,454,Z2ELINOR
AA0116,8201,0,0,IN,990909,11:42:02,11:42:12,10,11:42:12,11:42:16,4,AGENT,11:42:16,11:45:58,222,Z2ELINOR
AA0116,8202,0,0,IN,990909,11:51:03,11:51:18,15,0:00:00,0:00:00,0,AGENT,11:51:17,11:54:20,183,Z2IFAT
AA0116,8203,0,0,IN,990909,12:04:43,12:05:03,20,0:00:00,0:00:00,0,AGENT,12:05:02,12:08:30,208,Z2IFAT
AA0116,8204,0,0,IN,990909,12:15:39,12:15:57,18,0:00:00,0:00:00,0,AGENT,12:15:55,12:23:50,475,Z2IFAT
AA0116,8205,0,0,IN,990909,12:34:34,12:34:42,8,0:00:00,0:00:00,0,HANG,0:00:00,0:00:00,0,NO_SERVER
AA0116,8206,0,0,IN,990909,12:39:35,12:39:49,14,0:00:00,0:00:00,0,AGENT,12:39:59,12:40:26,27,NO_SERVER
AA0116,8207,0,0,IN,990909,12:40:09,12:40:24,15,0:00:00,0:00:00,0,AGENT,12:40:23,12:46:27,364,Z2IFAT
AA0116,8208,0,0,IN,990909,12:56:58,12:57:15,17,0:00:00,0:00:00,0,AGENT,12:57:14,12:58:46,92,Z2OFERZ
AA0116,8209,0,0,IN,990909,13:02:27,13:02:52,25,13:02:52,13:03:58,66,AGENT,13:03:57,13:59:05,3308,YIFAT
AA0116,8210,0,0,IN,990909,13:08:51,13:09:08,17,0:00:00,0:00:00,0,AGENT,13:09:06,13:11:50,164,Z2IFAT
AA0116,8211,0,0,IN,990909,13:14:03,13:14:24,21,0:00:00,0:00:00,0,AGENT,13:14:22,13:19:30,308,Z2ARIE
AA0116,8212,0,0,IN,990909,13:53:19,13:53:28,9,13:53:28,13:53:36,8,HANG,0:00:00,0:00:00,0,NO_SERVER
AA0116,8213,0,0,IN,990909,13:56:43,13:56:52,9,13:56:52,13:57:05,13,AGENT,13:57:05,14:02:37,332,Z2OFERZ
AA0116,8214,0,0,IN,990909,13:59:41,13:59:50,9,13:59:50,14:02:44,174,AGENT,14:02:43,14:08:25,342,Z2OFERZ
AA0116,8215,0,0,IN,990909,14:13:25,14:13:38,13,0:00:00,0:00:00,0,AGENT,14:13:38,14:14:49,71,Z2OFERZ
AA0116,8216,0,0,IN,990909,14:33:05,14:33:21,16,0:00:00,0:00:00,0,AGENT,14:33:19,14:38:30,311,Z2ELINOR
AA0116,8217,0,0,IN,990909,14:53:51,14:54:06,15,0:00:00,0:00:00,0,AGENT,14:54:05,14:57:21,196,Z2ELINOR
AA0116,8218,0,0,IN,990909,14:55:37,14:55:46,9,14:55:46,14:56:03,17,AGENT,14:56:03,14:56:04,1,YIFAT
AA0116,8219,0,0,IN,990909,15:05:58,15:06:05,7,0:00:00,0:00:00,0,HANG,0:00:00,0:00:00,0,NO_SERVER
AA0116,8220,0,0,IN,990909,15:09:58,15:10:12,14,0:00:00,0:00:00,0,AGENT,0:00:00,0:00:00,0,Z2OFERZ
AA0116,8221,0,0,IN,990909,15:13:08,15:13:17,9,15:13:17,15:14:34,77,HANG,0:00:00,0:00:00,0,NO_SERVER
AA0116,8222,0,0,IN,990909,15:18:20,15:18:39,19,0:00:00,0:00:00,0,AGENT,15:18:37,15:19:43,66,Z2LIOR
AA0116,8223,0,0,IN,990909,15:21:56,15:22:16,20,0:00:00,0:00:00,0,AGENT,15:22:16,15:23:09,53,Z2ELINOR
AA0116,8224,0,0,IN,990909,15:31:58,15:32:40,42,15:32:40,15:33:35,55,AGENT,15:33:35,15:43:24,589,Z2ELINOR
AA0116,8225,0,0,IN,990909,15:43:25,15:43:41,16,0:00:00,0:00:00,0,AGENT,15:43:40,15:52:07,507,Z2LIOR
AA0116,8226,0,0,IN,990909,15:53:44,15:54:09,25,15:54:09,15:55:24,75,AGENT,15:55:22,16:00:01,279,Z2ELINOR
AA0116,8227,0,0,IN,990909,16:00:51,16:01:13,22,0:00:00,0:00:00,0,AGENT,16:01:11,16:34:09,1978,Z2LIOR
AA0116,8228,0,0,IN,990909,16:07:51,16:08:01,10,16:08:01,16:10:52,171,AGENT,16:10:52,16:11:29,37,Z2NIRIT
AA0116,8229,0,0,IN,990909,16:43:32,16:43:45,13,0:00:00,0:00:00,0,AGENT,16:43:45,16:56:02,737,Z2NIRIT
AA0116,8230,0,0,IN,990909,16:47:40,16:47:49,9,16:47:49,16:55:31,462,AGENT,16:55:30,17:01:51,381,Z2OFER
AA0116,8231,0,0,IN,990909,17:02:30,17:02:40,10,17:02:40,17:02:58,18,AGENT,17:02:57,17:15:04,727,Z2LIOR
AA0116,8232,0,0,IN,990909,17:23:44,17:24:04,20,0:00:00,0:00:00,0,AGENT,17:24:03,17:31:05,422,Z2ELINOR
AA0116,8233,0,0,IN,990909,17:26:52,17:27:08,16,0:00:00,0:00:00,0,AGENT,17:27:07,17:36:51,584,Z2EYAL
AA0116,8234,0,0,IN,990909,17:41:24,17:41:49,25,17:41:49,17:42:22,33,AGENT,17:42:21,17:49:07,406,Z2EYAL
AA0116,8235,0,0,IN,990909,18:00:38,18:00:50,12,0:00:00,0:00:00,0,AGENT,18:00:54,18:01:06,12,NO_SERVER
AA0116,8236,0,0,IN,990909,18:16:02,18:16:17,15,0:00:00,0:00:00,0,AGENT,18:16:16,18:23:42,446,Z2EYAL
AA0116,8237,0,0,IN,990909,18:43:47,18:44:02,15,0:00:00,0:00:00,0,AGENT,18:44:02,18:50:53,411,Z2NIRIT
AA0116,8238,0,0,IN,990909,18:52:09,18:52:48,39,0:00:00,0:00:00,0,AGENT,18:52:48,18:56:07,199,Z2OFER
AA0116,8239,0,0,IN,990909,19:04:01,19:04:24,23,0:00:00,0:00:00,0,AGENT,19:04:24,19:32:13,1669,Z2LIOR
AA0116,8240,0,0,IN,990909,19:24:45,19:25:02,17,0:00:00,0:00:00,0,AGENT,19:25:01,19:28:05,184,Z2NIRIT
AA0116,8241,0,0,IN,990909,19:50:41,19:51:00,19,0:00:00,0:00:00,0,AGENT,19:50:58,19:57:33,395,Z2OFER
AA0116,8242,0,0,IN,990909,20:23:00,20:23:20,20,0:00:00,0:00:00,0,AGENT,20:23:20,20:47:07,1427,Z2OFER
AA0116,8243,0,0,IN,990909,20:36:55,20:37:21,26,20:37:21,20:41:01,220,AGENT,20:41:01,20:47:59,418,Z2EYAL
AA0116,8244,0,0,IN,990909,20:59:41,20:59:59,18,0:00:00,0:00:00,0,AGENT,20:59:58,21:03:07,189,Z2OFER
AA0116,8245,0,0,IN,990909,21:10:07,21:10:16,9,21:10:16,21:10:27,11,AGENT,21:10:26,21:11:39,73,Z2EYAL
AA0116,8246,0,0,IN,990909,21:28:50,21:29:10,20,0:00:00,0:00:00,0,AGENT,21:29:10,21:31:08,118,Z2EYAL
AA0116,8247,0,0,IN,990909,21:34:31,21:34:45,14,0:00:00,0:00:00,0,AGENT,21:34:45,21:40:50,365,Z2NIRIT
AA0116,8248,0,0,IN,990909,21:57:16,21:57:36,20,0:00:00,0:00:00,0,AGENT,21:57:36,22:04:47,431,Z2EYAL
AA0116,8249,0,0,IN,990909,22:03:58,22:04:14,16,0:00:00,0:00:00,0,AGENT,22:04:13,22:05:54,101,Z2NIRIT
AA0116,8250,0,0,IN,990909,22:13:46,22:14:06,20,0:00:00,0:00:00,0,AGENT,22:14:05,22:14:46,41,Z2NIRIT
AA0116,8251,0,0,IN,990909,22:38:05,22:38:39,34,0:00:00,0:00:00,0,AGENT,22:38:38,22:42:04,206,Z2EYAL
AA0116,8252,0,0,IN,990909,23:29:03,23:29:24,21,0:00:00,0:00:00,0,AGENT,23:29:23,23:30:41,78,Z2EYAL
AA0116,8253,0,0,IN,990909,23:59:38,23:59:38,0,23:59:47,0:03:23,216,HANG,0:00:00,0:00:00,0,NO_SERVER
AA0116,8254,0,0,IN,990910,7:08:49,7:09:11,22,7:09:11,7:09:28,17,AGENT,7:09:10,7:29:51,1241,Z2EYAL
AA0116,8255,0,0,IN,990910,8:11:54,8:13:10,76,0:00:00,0:00:00,0,AGENT,8:13:09,8:22:32,563,DORIT
AA0116,8256,0,0,IN,990910,8:14:27,8:14:37,10,8:14:37,8:17:23,166,AGENT,8:17:22,8:23:33,371,Z2LIOR
AA0116,8257,0,0,IN,990910,8:56:29,8:56:45,16,0:00:00,0:00:00,0,AGENT,8:56:44,8:58:48,124,Z2EYAL
AA0116,8258,0,0,IN,990910,9:29:46,9:29:59,13,0:00:00,0:00:00,0,AGENT,9:29:59,9:33:44,225,Z2LIOR
AA0116,8259,0,0,IN,990910,9:37:14,9:37:34,20,0:00:00,0:00:00,0,AGENT,9:37:33,9:39:39,126,Z2EYAL
AA0116,8260,0,0,IN,990910,9:58:14,9:58:33,19,0:00:00,0:00:00,0,AGENT,9:58:32,10:22:03,1411,Z2EYAL
AA0116,8261,0,0,IN,990910,10:11:13,10:11:23,10,10:11:23,10:12:19,56,AGENT,10:12:18,10:25:18,780,Z2LIOR
AA0116,8262,0,0,IN,990910,11:06:18,11:06:33,15,0:00:00,0:00:00,0,AGENT,11:06:32,11:37:25,1853,Z2EYAL
AA0116,8263,0,0,IN,990910,11:18:06,11:18:15,9,11:18:15,11:18:41,26,AGENT,11:18:41,11:21:17,156,DORIT
AA0116,8264,0,0,IN,990910,11:35:20,11:35:29,9,11:35:29,11:37:14,105,AGENT,11:37:13,11:38:50,97,DORIT
AA0116,8265,0,0,IN,990910,11:45:34,11:45:43,9,11:45:43,11:47:19,96,AGENT,11:47:18,11:49:46,148,DORIT
AA0116,8266,0,0,IN,990910,11:51:18,11:51:27,9,11:51:27,11:54:11,164,HANG,0:00:00,0:00:00,0,NO_SERVER
AA0116,8267,0,0,IN,990910,12:05:18,12:05:27,9,12:05:27,12:07:02,95,AGENT,12:07:02,12:11:24,262,Z2LIOR
AA0116,8268,0,0,IN,990910,12:16:36,12:16:45,9,12:16:45,12:18:24,99,AGENT,12:18:23,12:41:01,1358,Z2LIOR
AA0116,8269,0,0,IN,990910,12:38:29,12:38:38,9,12:38:38,12:41:25,167,HANG,0:00:00,0:00:00,0,NO_SERVER
AA0116,8270,0,0,IN,990910,13:01:11,13:01:49,38,0:00:00,0:00:00,0,HANG,0:00:00,0:00:00,0,NO_SERVER
AA0116,8271,0,0,IN,990910,13:07:14,13:07:28,14,0:00:00,0:00:00,0,HANG,0:00:00,0:00:00,0,NO_SERVER
AA0116,8272,0,0,IN,990910,13:11:57,13:12:17,20,0:00:00,0:00:00,0,HANG,0:00:00,0:00:00,0,NO_SERVER
AA0116,8273,0,0,IN,990910,13:22:07,13:22:33,26,0:00:00,0:00:00,0,HANG,0:00:00,0:00:00,0,NO_SERVER
AA0116,8274,0,0,IN,990910,14:21:33,14:22:00,27,0:00:00,0:00:00,0,HANG,0:00:00,0:00:00,0,NO_SERVER
AA0116,8275,0,0,IN,990910,14:24:30,14:25:33,63,0:00:00,0:00:00,0,HANG,0:00:00,0:00:00,0,NO_SERVER
AA0116,8276,0,0,IN,990910,14:33:29,14:34:07,38,0:00:00,0:00:00,0,HANG,0:00:00,0:00:00,0,NO_SERVER
AA0116,8277,0,0,IN,990911,9:40:24,9:41:01,37,0:00:00,0:00:00,0,HANG,0:00:00,0:00:00,0,NO_SERVER
AA0116,8278,0,0,IN,990912,19:32:07,19:32:44,37,0:00:00,0:00:00,0,HANG,0:00:00,0:00:00,0,NO_SERVER
AA0116,8279,0,0,IN,990912,20:23:07,20:23:25,18,0:00:00,0:00:00,0,AGENT,20:23:24,20:24:14,50,Z2NIRIT
AA0116,8280,0,0,IN,990912,21:46:16,21:46:36,20,0:00:00,0:00:00,0,AGENT,21:46:36,22:22:39,2163,Z2IFAT
AA0116,8281,0,0,IN,990912,21:57:50,21:58:05,15,0:00:00,0:00:00,0,AGENT,21:58:05,22:01:56,231,Z2NIRIT
AA0116,8282,0,0,IN,990912,22:18:58,22:20:05,67,0:00:00,0:00:00,0,AGENT,22:20:03,22:30:44,641,Z2NIRIT
AA0116,8283,0,0,IN,990912,23:01:19,23:01:39,20,0:00:00,0:00:00,0,AGENT,23:01:39,23:08:19,400,Z2IFAT
AA0116,8284,0,0,IN,990912,23:22:55,23:23:17,22,0:00:00,0:00:00,0,AGENT,23:23:16,23:25:52,156,Z2NIRIT
AA0116,8285,0,0,IN,990912,23:50:13,23:50:33,20,0:00:00,0:00:00,0,AGENT,23:50:32,23:53:36,184,Z2LIOR
AA0116,8286,0,0,IN,990913,8:01:38,8:02:07,29,0:00:00,0:00:00,0,AGENT,8:02:07,8:10:20,493,YIFAT
AA0116,8287,0,0,IN,990913,8:24:39,8:24:55,16,0:00:00,0:00:00,0,AGENT,8:24:54,8:26:53,119,Z2OFERZ
AA0116,8288,0,0,IN,990913,8:30:53,8:31:08,15,0:00:00,0:00:00,0,AGENT,8:31:07,8:32:32,85,Z2OFERZ
AA0116,8289,0,0,IN,990913,8:52:47,8:53:04,17,0:00:00,0:00:00,0,AGENT,8:53:03,9:00:17,434,Z2OFERZ
AA0116,8290,0,0,IN,990913,9:13:55,9:14:13,18,0:00:00,0:00:00,0,AGENT,9:14:12,9:14:33,21,NO_SERVER
AA0116,8291,0,0,IN,990913,9:28:25,9:28:43,18,0:00:00,0:00:00,0,AGENT,9:28:41,9:31:18,157,Z2OFERZ
AA0116,8292,0,0,IN,990913,9:29:49,9:29:58,9,9:29:58,9:31:26,88,AGENT,9:31:25,9:33:30,125,YIFAT
AA0116,8293,0,0,IN,990913,9:49:49,9:50:11,22,0:00:00,0:00:00,0,AGENT,9:50:10,10:22:00,1910,Z2OFERZ
AA0116,8294,0,0,IN,990913,9:57:51,9:58:00,9,9:58:00,9:59:47,107,HANG,0:00:00,0:00:00,0,NO_SERVER
AA0116,8295,0,0,IN,990913,10:01:09,10:01:18,9,10:01:18,10:03:39,141,AGENT,10:03:38,10:15:13,695,YIFAT
AA0116,8296,0,0,IN,990913,10:09:46,10:09:55,9,10:09:55,10:10:30,35,HANG,0:00:00,0:00:00,0,NO_SERVER
AA0116,8297,0,0,IN,990913,10:24:51,10:25:00,9,10:25:00,10:32:25,445,AGENT,10:32:25,10:34:44,139,STEREN
AA0116,8298,0,0,IN,990913,10:34:24,10:34:32,8,10:34:32,10:35:47,75,AGENT,10:35:46,10:36:30,44,TOVA
AA0116,8299,0,0,IN,990913,10:38:02,10:38:11,9,10:38:11,10:39:11,60,AGENT,10:39:10,10:40:36,86,Z2ARIE
AA0116,8300,0,0,IN,990913,10:40:33,10:40:38,5,0:00:00,0:00:00,0,HANG,0:00:00,0:00:00,0,NO_SERVER
AA0116,8301,0,0,IN,990913,10:41:49,10:42:03,14,0:00:00,0:00:00,0,AGENT,10:42:01,10:42:17,16,STEREN
AA0116,8302,0,0,IN,990913,10:48:37,10:48:47,10,10:48:47,10:50:29,102,AGENT,10:50:28,10:52:58,150,STEREN
AA0116,8303,0,0,IN,990913,10:56:40,10:56:49,9,10:56:49,11:00:13,204,AGENT,11:00:12,11:04:53,281,Z2OFERZ
AA0116,8304,0,0,IN,990913,11:01:34,11:01:44,10,11:01:44,11:01:54,10,AGENT,11:01:53,11:20:42,1129,YIFAT
AA0116,8305,0,0,IN,990913,11:04:47,11:04:56,9,11:04:56,11:05:34,38,AGENT,11:05:34,11:06:17,43,TOVA
AA0116,8306,0,0,IN,990913,11:06:26,11:06:35,9,11:06:35,11:06:46,11,AGENT,11:06:45,11:08:58,133,STEREN
AA0116,8307,0,0,IN,990913,11:10:01,11:10:11,10,11:10:11,11:10:59,48,HANG,0:00:00,0:00:00,0,NO_SERVER
AA0116,8308,0,0,IN,990913,11:11:28,11:11:40,12,0:00:00,0:00:00,0,AGENT,11:11:40,11:17:28,348,Z2OFERZ
AA0116,8309,0,0,IN,990913,11:23:17,11:23:26,9,11:23:26,11:26:19,173,HANG,0:00:00,0:00:00,0,NO_SERVER
AA0116,8310,0,0,IN,990913,11:29:09,11:29:18,9,11:29:18,11:31:21,123,AGENT,11:31:20,11:32:54,94,STEREN
AA0116,8311,0,0,IN,990913,11:34:42,11:34:56,14,0:00:00,0:00:00,0,AGENT,11:34:54,11:37:09,135,TOVA
AA0116,8312,0,0,IN,990913,11:39:14,11:39:24,10,11:39:24,11:39:41,17,AGENT,11:39:41,11:40:38,57,TOVA
AA0116,8313,0,0,IN,990913,11:45:22,11:45:36,14,0:00:00,0:00:00,0,AGENT,11:45:35,11:48:52,197,Z2OFERZ
AA0116,8314,0,0,IN,990913,11:47:20,11:47:29,9,11:47:29,11:48:20,51,AGENT,11:48:19,11:56:08,469,Z2ARIE
AA0116,8315,0,0,IN,990913,11:50:23,11:50:32,9,11:50:32,11:52:46,134,PHANTOM,11:52:46,11:52:53,7,NO_SERVER
AA0116,8316,0,0,IN,990913,11:52:55,11:53:04,9,11:53:04,11:54:04,60,AGENT,11:54:02,12:00:26,384,YIFAT
AA0116,8317,0,0,IN,990913,11:55:46,11:55:55,9,11:55:55,11:56:19,24,AGENT,11:56:18,11:57:40,82,Z2ARIE
AA0116,8318,0,0,IN,990913,12:05:09,12:05:24,15,0:00:00,0:00:00,0,AGENT,12:05:23,12:14:22,539,Z2ELINOR
AA0116,8319,0,0,IN,990913,12:12:02,12:12:11,9,12:12:11,12:13:16,65,HANG,0:00:00,0:00:00,0,NO_SERVER
AA0116,8320,0,0,IN,990913,12:13:33,12:13:42,9,12:13:42,12:14:30,48,AGENT,12:14:29,13:20:07,3938,Z2ELINOR
AA0116,8321,0,0,IN,990913,12:23:05,12:23:14,9,12:23:14,12:24:07,53,AGENT,12:24:06,12:25:12,66,TOVA
AA0116,8322,0,0,IN,990913,12:25:09,12:25:19,10,12:25:19,12:26:35,76,AGENT,12:26:34,12:29:07,153,TOVA
AA0116,8323,0,0,IN,990913,12:36:01,12:36:17,16,0:00:00,0:00:00,0,AGENT,12:36:15,12:37:57,102,YIFAT
AA0116,8324,0,0,IN,990913,12:48:08,12:48:23,15,0:00:00,0:00:00,0,AGENT,12:48:22,12:49:08,46,TOVA
AA0116,8325,0,0,IN,990913,12:59:18,12:59:27,9,12:59:27,12:59:32,5,AGENT,12:59:31,13:00:46,75,YIFAT
AA0116,8326,0,0,IN,990913,13:09:35,13:09:43,8,13:09:43,13:11:47,124,AGENT,13:11:45,13:17:37,352,Z2OFERZ
AA0116,8327,0,0,IN,990913,13:20:21,13:20:41,20,0:00:00,0:00:00,0,AGENT,13:20:39,13:49:25,1726,Z2OFERZ
AA0116,8328,0,0,IN,990913,13:27:22,13:27:31,9,13:27:31,13:27:51,20,AGENT,13:27:50,13:28:44,54,TOVA
AA0116,8329,0,0,IN,990913,13:33:51,13:34:06,15,0:00:00,0:00:00,0,AGENT,13:34:05,14:18:33,2668,YIFAT
AA0116,8330,0,0,IN,990913,13:43:02,13:43:11,9,13:43:11,13:43:17,6,HANG,0:00:00,0:00:00,0,NO_SERVER
AA0116,8331,0,0,IN,990913,13:58:03,13:58:12,9,13:58:12,13:59:32,80,HANG,0:00:00,0:00:00,0,NO_SERVER
AA0116,8332,0,0,IN,990913,13:59:45,13:59:55,10,13:59:55,14:06:53,418,AGENT,14:06:51,14:08:49,118,Z2OFERZ
AA0116,8333,0,0,IN,990913,14:12:42,14:12:52,10,14:12:52,14:14:03,71,AGENT,14:14:02,14:36:16,1334,Z2OFERZ
AA0116,8334,0,0,IN,990913,14:37:13,14:37:29,16,0:00:00,0:00:00,0,AGENT,14:37:30,14:38:22,52,NO_SERVER
AA0116,8335,0,0,IN,990913,14:42:39,14:42:54,15,0:00:00,0:00:00,0,AGENT,14:42:53,14:45:54,181,Z2OFERZ
AA0116,8336,0,0,IN,990913,14:47:49,14:48:14,25,14:48:14,14:48:30,16,AGENT,14:48:28,14:51:43,195,Z2OFERZ
AA0116,8337,0,0,IN,990913,14:55:52,14:56:06,14,0:00:00,0:00:00,0,AGENT,14:56:05,15:02:56,411,Z2ELINOR
AA0116,8338,0,0,IN,990913,15:00:23,15:00:28,5,0:00:00,0:00:00,0,HANG,0:00:00,0:00:00,0,NO_SERVER
AA0116,8339,0,0,IN,990913,15:05:38,15:05:51,13,0:00:00,0:00:00,0,AGENT,15:05:50,15:06:56,66,Z2IFAT
AA0116,8340,0,0,IN,990913,15:27:25,15:27:49,24,0:00:00,0:00:00,0,AGENT,15:27:48,15:31:07,199,Z2IFAT
AA0116,8341,0,0,IN,990913,15:32:20,15:32:35,15,0:00:00,0:00:00,0,AGENT,15:32:35,15:37:55,320,Z2OFER
AA0116,8342,0,0,IN,990913,15:38:12,15:38:26,14,0:00:00,0:00:00,0,AGENT,15:38:25,15:44:03,338,Z2OFER
AA0116,8343,0,0,IN,990913,15:47:46,15:48:00,14,0:00:00,0:00:00,0,AGENT,15:47:59,16:03:45,946,Z2OFER
AA0116,8344,0,0,IN,990913,15:58:10,15:58:19,9,15:58:19,16:01:35,196,AGENT,16:01:34,16:03:39,125,Z2LIOR
AA0116,8345,0,0,IN,990913,16:03:16,16:03:26,10,16:03:26,16:04:42,76,AGENT,16:04:41,16:19:56,915,Z2OFER
AA0116,8346,0,0,IN,990913,16:08:02,16:08:19,17,0:00:00,0:00:00,0,AGENT,16:08:18,16:10:32,134,Z2IFAT
AA0116,8347,0,0,IN,990913,16:14:39,16:15:07,28,0:00:00,0:00:00,0,AGENT,16:15:07,16:38:18,1391,Z2IFAT
AA0116,8348,0,0,IN,990913,16:16:19,16:16:36,17,0:00:00,0:00:00,0,AGENT,16:16:35,16:25:10,515,Z2ELINOR
AA0116,8349,0,0,IN,990913,16:19:19,16:19:33,14,0:00:00,0:00:00,0,AGENT,16:19:33,16:24:35,302,Z2LIOR
AA0116,8350,0,0,IN,990913,16:27:50,16:28:07,17,0:00:00,0:00:00,0,AGENT,16:28:06,16:30:51,165,Z2ELINOR
AA0116,8351,0,0,IN,990913,16:31:33,16:31:47,14,0:00:00,0:00:00,0,AGENT,16:31:46,16:42:04,618,Z2ELINOR
AA0116,8352,0,0,IN,990913,16:41:47,16:41:57,10,16:41:57,16:42:51,54,AGENT,16:42:50,16:46:30,220,Z2ELINOR
AA0116,8353,0,0,IN,990913,16:49:15,16:49:31,16,0:00:00,0:00:00,0,AGENT,16:49:30,17:44:13,3283,Z2ELINOR
AA0116,8354,0,0,IN,990913,16:59:07,16:59:17,10,16:59:17,17:00:19,62,AGENT,17:00:18,17:02:00,102,Z2OFER
AA0116,8355,0,0,IN,990913,17:14:20,17:14:37,17,0:00:00,0:00:00,0,AGENT,17:14:36,17:15:22,46,Z2NIRIT
AA0116,8356,0,0,IN,990913,17:16:19,17:16:28,9,17:16:28,17:17:36,68,AGENT,17:17:35,17:25:52,497,Z2NIRIT
AA0116,8357,0,0,IN,990913,17:31:28,17:31:38,10,17:31:38,17:35:08,210,AGENT,17:35:07,17:46:33,686,Z2OFER
AA0116,8358,0,0,IN,990913,17:53:26,17:53:41,15,0:00:00,0:00:00,0,AGENT,17:53:40,17:57:23,223,Z2NIRIT
AA0116,8359,0,0,IN,990913,18:00:08,18:00:39,31,0:00:00,0:00:00,0,AGENT,18:00:39,18:39:04,2305,Z2IFAT
AA0116,8360,0,0,IN,990913,18:04:03,18:04:22,19,0:00:00,0:00:00,0,AGENT,18:04:21,18:18:38,857,Z2OFER
AA0116,8361,0,0,IN,990913,18:08:05,18:08:14,9,18:08:14,18:08:23,9,AGENT,18:08:23,18:18:05,582,Z2NIRIT
AA0116,8362,0,0,IN,990913,18:11:28,18:11:37,9,18:11:37,18:18:10,393,AGENT,18:18:09,18:18:30,21,Z2NIRIT
AA0116,8363,0,0,IN,990913,18:22:56,18:23:13,17,0:00:00,0:00:00,0,AGENT,18:23:12,18:24:05,53,Z2OFER
AA0116,8364,0,0,IN,990913,18:30:15,18:30:35,20,0:00:00,0:00:00,0,AGENT,18:30:35,18:32:02,87,Z2OFER
AA0116,8365,0,0,IN,990913,18:37:17,18:37:31,14,0:00:00,0:00:00,0,AGENT,18:37:31,18:40:16,165,Z2OFER
AA0116,8366,0,0,IN,990913,18:56:02,18:56:29,27,0:00:00,0:00:00,0,AGENT,18:56:28,18:57:56,88,Z2EYAL
AA0116,8367,0,0,IN,990913,19:07:54,19:08:14,20,0:00:00,0:00:00,0,AGENT,19:08:13,19:12:41,268,Z2LIOR
AA0116,8368,0,0,IN,990913,19:17:06,19:17:23,17,0:00:00,0:00:00,0,AGENT,19:17:22,19:29:02,700,Z2EYAL
AA0116,8369,0,0,IN,990913,19:22:28,19:23:03,35,0:00:00,0:00:00,0,AGENT,19:23:03,19:25:46,163,Z2NIRIT
AA0116,8370,0,0,IN,990913,19:34:23,19:34:41,18,0:00:00,0:00:00,0,AGENT,19:34:41,19:37:16,155,Z2NIRIT
AA0116,8371,0,0,IN,990913,19:47:24,19:47:43,19,0:00:00,0:00:00,0,AGENT,19:47:43,19:48:23,40,Z2EYAL
AA0116,8372,0,0,IN,990913,19:48:51,19:49:00,9,19:49:00,19:50:39,99,AGENT,19:50:38,19:50:58,20,Z2LIOR
AA0116,8373,0,0,IN,990913,19:59:28,19:59:43,15,0:00:00,0:00:00,0,AGENT,19:59:43,20:00:38,55,Z2EYAL
AA0116,8374,0,0,IN,990913,20:01:16,20:01:30,14,0:00:00,0:00:00,0,AGENT,20:01:29,20:07:53,384,Z2OFER
AA0116,8375,0,0,IN,990913,20:12:43,20:12:58,15,0:00:00,0:00:00,0,AGENT,20:12:57,20:19:28,391,Z2OFER
AA0116,8376,0,0,IN,990913,20:16:46,20:17:11,25,20:17:11,20:17:54,43,AGENT,20:17:53,20:19:56,123,Z2LIOR
AA0116,8377,0,0,IN,990913,20:34:40,20:34:57,17,0:00:00,0:00:00,0,AGENT,20:34:57,20:37:43,166,Z2EYAL
AA0116,8378,0,0,IN,990913,21:08:34,21:09:08,34,0:00:00,0:00:00,0,AGENT,21:09:07,21:37:51,1724,Z2OFER
AA0116,8379,0,0,IN,990913,21:29:08,21:29:24,16,0:00:00,0:00:00,0,AGENT,21:29:23,21:56:49,1646,Z2NIRIT
AA0116,8380,0,0,IN,990913,21:53:16,21:53:37,21,0:00:00,0:00:00,0,AGENT,21:53:37,21:57:27,230,Z2LIOR
AA0116,8381,0,0,IN,990913,22:05:00,22:05:18,18,0:00:00,0:00:00,0,AGENT,22:05:18,22:24:07,1129,Z2NIRIT
AA0116,8382,0,0,IN,990913,22:08:53,22:09:02,9,22:09:02,22:13:45,283,AGENT,22:13:44,22:14:26,42,Z2EYAL
AA0116,8383,0,0,IN,990913,22:13:51,22:14:01,10,22:14:01,22:15:09,68,AGENT,22:15:09,22:49:05,2036,Z2EYAL
AA0116,8384,0,0,IN,990913,22:26:43,22:26:52,9,22:26:52,22:27:48,56,AGENT,22:27:47,23:04:38,2211,Z2NIRIT
AA0116,8385,0,0,IN,990913,22:46:04,22:46:14,10,22:46:14,22:47:37,83,HANG,0:00:00,0:00:00,0,NO_SERVER
AA0116,8386,0,0,IN,990913,22:56:03,22:56:19,16,0:00:00,0:00:00,0,AGENT,22:56:19,23:21:01,1482,Z2EYAL
AA0116,8387,0,0,IN,990913,23:31:12,23:31:27,15,0:00:00,0:00:00,0,AGENT,23:31:26,23:59:06,1660,Z2EYAL
AA0116,8388,0,0,IN,990914,7:40:10,7:40:23,13,0:00:00,0:00:00,0,AGENT,7:40:22,7:44:42,260,Z2NIRIT
AA0116,8389,0,0,IN,990914,7:46:42,7:46:55,13,0:00:00,0:00:00,0,AGENT,7:46:55,7:53:44,409,YIFAT
AA0116,8390,0,0,IN,990914,7:47:58,7:48:07,9,7:48:07,7:48:52,45,AGENT,7:48:51,7:58:35,584,Z2NIRIT
AA0116,8391,0,0,IN,990914,7:53:39,7:53:49,10,7:53:49,7:55:26,97,AGENT,7:55:26,7:57:55,149,YIFAT
AA0116,8392,0,0,IN,990914,8:01:07,8:01:21,14,0:00:00,0:00:00,0,AGENT,8:01:20,8:05:25,245,YIFAT
AA0116,8393,0,0,IN,990914,8:14:51,8:15:05,14,0:00:00,0:00:00,0,AGENT,8:15:03,8:16:32,89,Z2NIRIT
AA0116,8394,0,0,IN,990914,8:20:04,8:20:20,16,0:00:00,0:00:00,0,AGENT,8:20:19,8:41:32,1273,Z2NIRIT
AA0116,8395,0,0,IN,990914,8:37:16,8:37:26,10,8:37:26,8:40:51,205,HANG,0:00:00,0:00:00,0,NO_SERVER
AA0116,8396,0,0,IN,990914,8:46:46,8:47:05,19,0:00:00,0:00:00,0,AGENT,8:47:03,8:52:55,352,Z2IFAT
AA0116,8397,0,0,IN,990914,8:58:23,8:58:40,17,0:00:00,0:00:00,0,AGENT,8:58:38,8:59:45,67,Z2IFAT
AA0116,8398,0,0,IN,990914,9:15:22,9:15:38,16,0:00:00,0:00:00,0,AGENT,0:00:00,0:00:00,0,Z2IFAT
AA0116,8399,0,0,IN,990914,9:23:47,9:23:57,10,9:23:57,9:24:58,61,AGENT,9:24:57,9:27:14,137,Z2IFAT
AA0116,8400,0,0,IN,990914,9:38:07,9:38:26,19,0:00:00,0:00:00,0,AGENT,9:38:25,9:39:56,91,Z2NIRIT
AA0116,8401,0,0,IN,990914,9:44:39,9:44:54,15,0:00:00,0:00:00,0,AGENT,9:44:57,9:47:23,146,NO_SERVER
AA0116,8402,0,0,IN,990914,9:49:21,9:49:38,17,0:00:00,0:00:00,0,AGENT,9:49:37,9:52:16,159,Z2NIRIT
AA0116,8403,0,0,IN,990914,9:54:24,9:54:38,14,0:00:00,0:00:00,0,AGENT,9:54:37,9:58:14,217,YIFAT
AA0116,8404,0,0,IN,990914,10:12:50,10:12:59,9,10:12:59,10:15:52,173,AGENT,10:15:51,10:56:45,2454,Z2EYAL
AA0116,8405,0,0,IN,990914,10:22:48,10:22:57,9,10:22:57,10:25:30,153,AGENT,10:25:29,10:29:55,266,Z2NIRIT
AA0116,8406,0,0,IN,990914,10:38:41,10:39:00,19,0:00:00,0:00:00,0,AGENT,10:38:59,10:41:28,149,Z2NIRIT
AA0116,8407,0,0,IN,990914,10:40:54,10:41:13,19,0:00:00,0:00:00,0,AGENT,10:41:12,10:45:11,239,Z2IFAT
AA0116,8408,0,0,IN,990914,10:47:34,10:47:51,17,0:00:00,0:00:00,0,AGENT,10:47:50,10:54:37,407,Z2IFAT
AA0116,8409,0,0,IN,990914,11:05:55,11:06:12,17,0:00:00,0:00:00,0,AGENT,11:06:12,11:07:34,82,Z2IFAT
AA0116,8410,0,0,IN,990914,11:16:06,11:16:24,18,0:00:00,0:00:00,0,AGENT,11:16:24,11:24:53,509,Z2IFAT
AA0116,8411,0,0,IN,990914,11:17:45,11:17:54,9,11:17:54,11:19:05,71,AGENT,11:19:04,11:20:51,107,Z2NIRIT
AA0116,8412,0,0,IN,990914,11:24:24,11:24:38,14,0:00:00,0:00:00,0,AGENT,11:24:37,11:25:33,56,Z2NIRIT
AA0116,8413,0,0,IN,990914,11:28:54,11:29:08,14,0:00:00,0:00:00,0,AGENT,11:29:07,11:30:51,104,Z2NIRIT
AA0116,8414,0,0,IN,990914,11:41:42,11:42:05,23,0:00:00,0:00:00,0,AGENT,11:42:05,11:44:33,148,Z2IFAT
AA0116,8415,0,0,IN,990914,11:51:22,11:51:37,15,0:00:00,0:00:00,0,AGENT,11:51:36,12:12:24,1248,Z2EYAL
AA0116,8416,0,0,IN,990914,12:02:59,12:03:16,17,0:00:00,0:00:00,0,AGENT,12:03:15,12:25:56,1361,Z2NIRIT
AA0116,8417,0,0,IN,990914,12:13:14,12:13:34,20,0:00:00,0:00:00,0,AGENT,12:13:33,12:14:09,36,Z2EYAL
AA0116,8418,0,0,IN,990914,12:15:28,12:15:43,15,0:00:00,0:00:00,0,AGENT,12:15:43,12:19:22,219,Z2EYAL
AA0116,8419,0,0,IN,990914,12:28:18,12:28:33,15,0:00:00,0:00:00,0,AGENT,12:28:33,12:31:20,167,Z2IFAT
AA0116,8420,0,0,IN,990914,12:49:22,12:49:40,18,0:00:00,0:00:00,0,AGENT,12:49:39,12:59:40,601,Z2NIRIT
AA0116,8421,0,0,IN,990914,12:58:53,12:59:03,10,0:00:00,0:00:00,0,AGENT,12:59:09,12:59:29,20,NO_SERVER
AA0116,8422,0,0,IN,990914,12:59:30,12:59:42,12,0:00:00,0:00:00,0,AGENT,12:59:42,12:59:57,15,NO_SERVER
AA0116,8423,0,0,IN,990914,13:14:39,13:14:56,17,0:00:00,0:00:00,0,AGENT,13:14:56,13:23:48,532,Z2IFAT
AA0116,8424,0,0,IN,990914,13:21:54,13:22:19,25,13:22:19,13:22:40,21,AGENT,13:22:39,13:26:30,231,Z2EYAL
AA0116,8425,0,0,IN,990914,13:32:18,13:32:43,25,13:32:43,13:33:23,40,AGENT,13:33:22,13:35:40,138,Z2EYAL
AA0116,8426,0,0,IN,990914,13:45:10,13:45:26,16,0:00:00,0:00:00,0,AGENT,13:45:25,13:46:07,42,Z2EYAL
AA0116,8427,0,0,IN,990914,14:02:09,14:02:23,14,0:00:00,0:00:00,0,AGENT,14:02:22,14:06:40,258,Z2LIOR
AA0116,8428,0,0,IN,990914,14:09:48,14:09:57,9,14:09:57,14:10:13,16,AGENT,14:10:12,14:12:18,126,Z2EYAL
AA0116,8429,0,0,IN,990914,14:16:23,14:16:32,9,14:16:32,14:18:14,102,HANG,0:00:00,0:00:00,0,NO_SERVER
AA0116,8430,0,0,IN,990914,14:21:05,14:21:15,10,14:21:15,14:22:45,90,AGENT,14:22:43,14:29:29,406,Z2ARIE
AA0116,8431,0,0,IN,990914,14:26:14,14:26:23,9,14:26:23,14:28:49,146,HANG,0:00:00,0:00:00,0,NO_SERVER
AA0116,8432,0,0,IN,990914,14:31:52,14:32:01,9,14:32:01,14:39:54,473,HANG,0:00:00,0:00:00,0,NO_SERVER
AA0116,8433,0,0,IN,990914,14:39:59,14:40:09,10,14:40:09,14:46:26,377,AGENT,14:46:25,14:47:49,84,Z2ARIE
AA0116,8434,0,0,IN,990914,14:50:52,14:51:01,9,14:51:01,14:51:34,33,AGENT,14:51:34,15:00:40,546,Z2LIOR
AA0116,8435,0,0,IN,990914,14:59:49,15:00:52,63,15:00:52,15:01:13,21,AGENT,15:01:12,15:02:25,73,Z2EYAL
AA0116,8436,0,0,IN,990914,15:07:52,15:08:05,13,0:00:00,0:00:00,0,AGENT,15:08:04,15:09:46,102,Z2ARIE
AA0116,8437,0,0,IN,990914,15:12:12,15:12:29,17,0:00:00,0:00:00,0,AGENT,15:12:28,15:19:23,415,Z2ELINOR
AA0116,8438,0,0,IN,990914,15:19:46,15:19:55,9,15:19:55,15:21:08,73,HANG,0:00:00,0:00:00,0,NO_SERVER
AA0116,8439,0,0,IN,990914,15:22:28,15:22:37,9,15:22:37,15:24:23,106,AGENT,15:24:23,15:35:02,639,Z2ELINOR
AA0116,8440,0,0,IN,990914,15:25:11,15:25:20,9,15:25:20,15:25:29,9,HANG,0:00:00,0:00:00,0,NO_SERVER
AA0116,8441,0,0,IN,990914,15:35:27,15:35:36,9,15:35:36,15:36:14,38,AGENT,15:36:14,15:47:05,651,Z2ELINOR
AA0116,8442,0,0,IN,990914,15:39:09,15:39:24,15,0:00:00,0:00:00,0,AGENT,15:39:27,15:39:47,20,NO_SERVER
AA0116,8443,0,0,IN,990914,15:44:02,15:44:19,17,0:00:00,0:00:00,0,AGENT,15:44:18,15:53:13,535,Z2LIOR
AA0116,8444,0,0,IN,990914,16:10:08,16:10:25,17,0:00:00,0:00:00,0,AGENT,16:10:24,16:13:35,191,Z2ARIE
AA0116,8445,0,0,IN,990914,16:25:44,16:26:06,22,0:00:00,0:00:00,0,AGENT,16:26:06,16:41:31,925,Z2LIOR
AA0116,8446,0,0,IN,990914,16:35:11,16:35:40,29,0:00:00,0:00:00,0,AGENT,16:35:39,16:52:27,1008,Z2ARIE
AA0116,8447,0,0,IN,990914,16:59:31,16:59:49,18,0:00:00,0:00:00,0,AGENT,16:59:48,17:03:02,194,Z2LIOR
AA0116,8448,0,0,IN,990914,17:12:10,17:12:25,15,0:00:00,0:00:00,0,AGENT,17:12:24,17:43:22,1858,Z2OFER
AA0116,8449,0,0,IN,990914,17:38:49,17:39:06,17,0:00:00,0:00:00,0,AGENT,17:39:05,17:41:26,141,Z2LIOR
AA0116,8450,0,0,IN,990914,17:52:08,17:52:27,19,0:00:00,0:00:00,0,AGENT,17:52:27,17:59:52,445,Z2LIOR
AA0116,8451,0,0,IN,990914,17:53:45,17:54:49,64,0:00:00,0:00:00,0,AGENT,17:54:48,18:06:17,689,Z2ARIE
AA0116,8452,0,0,IN,990914,18:19:37,18:19:54,17,0:00:00,0:00:00,0,AGENT,18:19:53,18:23:42,229,Z2ARIE
AA0116,8453,0,0,IN,990914,18:54:02,18:54:18,16,0:00:00,0:00:00,0,AGENT,18:54:18,19:17:45,1407,Z2ELINOR
AA0116,8454,0,0,IN,990914,19:05:00,19:05:09,9,19:05:09,19:05:57,48,HANG,0:00:00,0:00:00,0,NO_SERVER
AA0116,8455,0,0,IN,990914,19:44:58,19:45:17,19,0:00:00,0:00:00,0,AGENT,19:45:17,19:57:56,759,Z2OFERZ
AA0116,8456,0,0,IN,990914,19:49:57,19:50:14,17,0:00:00,0:00:00,0,AGENT,19:50:13,20:07:15,1022,Z2ELINOR
AA0116,8457,0,0,IN,990914,20:14:38,20:14:53,15,0:00:00,0:00:00,0,AGENT,20:14:53,20:41:57,1624,Z2ARIE
AA0116,8458,0,0,IN,990914,20:51:41,20:51:59,18,0:00:00,0:00:00,0,AGENT,20:51:58,21:16:51,1493,Z2ELINOR
AA0116,8459,0,0,IN,990914,21:01:26,21:01:44,18,0:00:00,0:00:00,0,AGENT,21:01:44,21:16:16,872,Z2OFERZ
AA0116,8460,0,0,IN,990914,21:06:04,21:06:14,10,21:06:14,21:13:40,446,HANG,0:00:00,0:00:00,0,NO_SERVER
AA0116,8461,0,0,IN,990914,21:21:48,21:22:01,13,0:00:00,0:00:00,0,AGENT,21:22:01,21:26:07,246,Z2ELINOR
AA0116,8462,0,0,IN,990914,22:08:55,22:09:18,23,0:00:00,0:00:00,0,AGENT,22:09:18,22:37:08,1670,Z2OFERZ
AA0116,8463,0,0,IN,990914,22:27:09,22:27:19,10,22:27:19,22:28:41,82,AGENT,22:28:40,22:30:51,131,Z2OFER
AA0116,8464,0,0,IN,990914,22:36:41,22:36:51,10,22:36:51,22:37:14,23,AGENT,22:37:13,22:40:58,225,Z2OFERZ
AA0116,8465,0,0,IN,990914,22:44:07,22:44:17,10,22:44:17,22:48:42,265,AGENT,22:48:17,22:52:13,236,Z2OFER
AA0116,8466,0,0,IN,990914,22:52:18,22:52:30,12,0:00:00,0:00:00,0,AGENT,22:52:29,22:56:16,227,Z2OFER
AA0116,8467,0,0,IN,990914,23:24:11,23:24:21,10,23:24:21,23:28:36,255,HANG,0:00:00,0:00:00,0,NO_SERVER
AA0116,8468,0,0,IN,990915,0:05:35,0:05:55,20,0:00:00,0:00:00,0,HANG,0:00:00,0:00:00,0,NO_SERVER
AA0116,8469,0,0,IN,990915,0:52:29,0:52:46,17,0:00:00,0:00:00,0,HANG,0:00:00,0:00:00,0,NO_SERVER
AA0116,8470,0,0,IN,990915,8:12:49,8:13:05,16,0:00:00,0:00:00,0,AGENT,8:13:04,8:14:26,82,Z2NIRIT
AA0116,8471,0,0,IN,990915,8:29:27,8:29:43,16,0:00:00,0:00:00,0,AGENT,8:29:43,8:35:49,366,Z2NIRIT
AA0116,8472,0,0,IN,990915,8:30:54,8:30:55,1,0:00:00,0:00:00,0,HANG,0:00:00,0:00:00,0,NO_SERVER
AA0116,8473,0,0,IN,990915,8:33:38,8:33:47,9,8:33:47,8:35:22,95,AGENT,8:35:21,8:38:34,193,Z2ELINOR
AA0116,8474,0,0,IN,990915,8:37:26,8:37:41,15,0:00:00,0:00:00,0,AGENT,8:37:40,8:40:15,155,Z2NIRIT
AA0116,8475,0,0,IN,990915,8:51:24,8:51:39,15,0:00:00,0:00:00,0,AGENT,8:51:39,8:54:43,184,Z2ELINOR
AA0116,8476,0,0,IN,990915,8:57:42,8:57:58,16,0:00:00,0:00:00,0,AGENT,8:57:57,9:04:48,411,Z2ELINOR
AA0116,8477,0,0,IN,990915,9:07:02,9:07:16,14,0:00:00,0:00:00,0,AGENT,9:07:16,9:11:27,251,Z2ELINOR
AA0116,8478,0,0,IN,990915,9:08:56,9:09:05,9,9:09:05,9:09:36,31,AGENT,9:09:35,9:13:11,216,YIFAT
AA0116,8479,0,0,IN,990915,9:15:43,9:15:52,9,9:15:52,9:19:44,232,AGENT,9:19:43,9:21:05,82,Z2NIRIT
AA0116,8480,0,0,IN,990915,9:32:23,9:32:38,15,0:00:00,0:00:00,0,AGENT,9:32:38,9:36:16,218,Z2NIRIT
AA0116,8481,0,0,IN,990915,9:35:21,9:35:36,15,0:00:00,0:00:00,0,AGENT,9:35:35,9:38:37,182,Z2ELINOR
AA0116,8482,0,0,IN,990915,9:46:51,9:47:09,18,0:00:00,0:00:00,0,AGENT,9:47:08,9:48:37,89,Z2NIRIT
AA0116,8483,0,0,IN,990915,9:52:01,9:52:18,17,0:00:00,0:00:00,0,AGENT,9:52:17,9:53:32,75,Z2NIRIT
AA0116,8484,0,0,IN,990915,9:55:37,9:55:53,16,0:00:00,0:00:00,0,AGENT,9:55:52,9:57:45,113,Z2OFERZ
AA0116,8485,0,0,IN,990915,10:03:54,10:04:09,15,0:00:00,0:00:00,0,AGENT,10:04:09,10:10:24,375,Z2ELINOR
AA0116,8486,0,0,IN,990915,10:13:37,10:13:51,14,0:00:00,0:00:00,0,AGENT,10:13:50,10:23:41,591,Z2ELINOR
AA0116,8487,0,0,IN,990915,10:15:57,10:16:07,10,10:16:07,10:18:02,115,AGENT,10:18:02,10:19:56,114,Z2NIRIT
AA0116,8488,0,0,IN,990915,10:21:40,10:21:54,14,0:00:00,0:00:00,0,AGENT,10:21:54,10:22:56,62,NO_SERVER
AA0116,8489,0,0,IN,990915,10:32:26,10:32:40,14,0:00:00,0:00:00,0,AGENT,10:32:39,10:34:15,96,Z2ELINOR
AA0116,8490,0,0,IN,990915,10:55:20,10:55:49,29,0:00:00,0:00:00,0,AGENT,10:55:49,10:57:23,94,Z2NIRIT
AA0116,8491,0,0,IN,990915,10:57:05,10:57:14,9,10:57:14,10:59:22,128,AGENT,10:59:21,11:01:33,132,Z2OFERZ
AA0116,8492,0,0,IN,990915,11:09:54,11:10:09,15,0:00:00,0:00:00,0,AGENT,11:10:09,11:11:11,62,YIFAT
AA0116,8493,0,0,IN,990915,11:11:32,11:11:46,14,0:00:00,0:00:00,0,AGENT,11:11:46,11:36:41,1495,Z2OFERZ
AA0116,8494,0,0,IN,990915,11:20:06,11:20:23,17,0:00:00,0:00:00,0,AGENT,11:20:22,11:36:47,985,Z2ELINOR
AA0116,8495,0,0,IN,990915,11:29:17,11:29:26,9,11:29:26,11:31:02,96,HANG,0:00:00,0:00:00,0,NO_SERVER
AA0116,8496,0,0,IN,990915,11:37:32,11:38:16,44,0:00:00,0:00:00,0,AGENT,11:38:15,11:42:57,282,YIFAT
AA0116,8497,0,0,IN,990915,11:38:55,11:39:14,19,0:00:00,0:00:00,0,AGENT,11:39:13,11:45:27,374,Z2NIRIT
AA0116,8498,0,0,IN,990915,11:45:09,11:45:41,32,0:00:00,0:00:00,0,AGENT,11:45:40,12:34:51,2951,Z2ELINOR
AA0116,8499,0,0,IN,990915,11:50:52,11:51:10,18,0:00:00,0:00:00,0,AGENT,11:51:09,12:01:33,624,Z2NIRIT
AA0116,8500,0,0,IN,990915,11:57:05,11:57:14,9,11:57:14,11:57:21,7,HANG,0:00:00,0:00:00,0,NO_SERVER
AA0116,8501,0,0,IN,990915,12:00:00,12:00:12,12,12:00:12,12:01:38,86,AGENT,12:01:38,12:05:40,242,Z2NIRIT
AA0116,8502,0,0,IN,990915,12:05:07,12:05:17,10,12:05:17,12:05:50,33,AGENT,12:05:50,12:08:26,156,Z2NIRIT
AA0116,8503,0,0,IN,990915,12:06:58,12:07:07,9,12:07:07,12:12:45,338,AGENT,12:12:45,12:16:41,236,Z2OFERZ
AA0116,8504,0,0,IN,990915,12:20:53,12:21:02,9,12:21:02,12:22:10,68,AGENT,12:22:08,12:32:17,609,Z2OFERZ
AA0116,8505,0,0,IN,990915,12:28:20,12:28:29,9,12:28:29,12:28:34,5,HANG,0:00:00,0:00:00,0,NO_SERVER
AA0116,8506,0,0,IN,990915,12:28:47,12:28:56,9,12:28:56,12:32:23,207,AGENT,12:32:22,12:39:09,407,Z2OFERZ
AA0116,8507,0,0,IN,990915,12:33:58,12:34:07,9,12:34:07,12:34:56,49,AGENT,12:34:55,12:35:45,50,Z2ELINOR
AA0116,8508,0,0,IN,990915,12:35:33,12:35:42,9,12:35:42,12:37:39,117,HANG,0:00:00,0:00:00,0,NO_SERVER
AA0116,8509,0,0,IN,990915,12:43:35,12:43:50,15,0:00:00,0:00:00,0,AGENT,12:43:49,13:03:09,1160,Z2ELINOR
AA0116,8510,0,0,IN,990915,12:45:00,12:45:13,13,0:00:00,0:00:00,0,AGENT,12:45:12,12:45:33,21,NO_SERVER
AA0116,8511,0,0,IN,990915,12:53:24,12:53:33,9,12:53:33,12:54:22,49,PHANTOM,12:54:22,12:54:29,7,NO_SERVER
AA0116,8512,0,0,IN,990915,12:57:24,12:57:46,22,0:00:00,0:00:00,0,AGENT,12:57:45,12:59:57,132,Z2OFERZ
AA0116,8513,0,0,IN,990915,13:29:56,13:30:10,14,0:00:00,0:00:00,0,AGENT,13:30:09,13:30:34,25,Z2NIRIT
AA0116,8514,0,0,IN,990915,13:38:15,13:38:34,19,0:00:00,0:00:00,0,AGENT,13:38:34,13:39:56,82,Z2NIRIT
AA0116,8515,0,0,IN,990915,13:44:07,13:44:16,9,13:44:16,13:46:38,142,AGENT,13:46:37,13:51:15,278,Z2NIRIT
AA0116,8516,0,0,IN,990915,13:56:19,13:56:44,25,13:56:44,13:57:17,33,AGENT,13:57:16,14:06:45,569,Z2ELINOR
AA0116,8517,0,0,IN,990915,14:08:02,14:08:27,25,14:08:27,14:08:46,19,AGENT,14:08:45,14:15:10,385,Z2ARIE
AA0116,8518,0,0,IN,990915,14:26:08,14:26:21,13,0:00:00,0:00:00,0,AGENT,14:26:21,15:15:53,2972,Z2ARIE
AA0116,8519,0,0,IN,990915,14:32:07,14:32:17,10,14:32:17,14:33:00,43,AGENT,14:32:59,14:58:01,1502,Z2OFER
AA0116,8520,0,0,IN,990915,14:50:17,14:50:26,9,14:50:26,14:51:21,55,AGENT,14:51:20,14:52:00,40,VICKY
AA0116,8521,0,0,IN,990915,14:58:04,14:58:14,10,14:58:14,15:00:10,116,AGENT,15:00:09,15:00:55,46,VICKY
AA0116,8522,0,0,IN,990915,15:14:30,15:14:39,9,15:14:39,15:15:33,54,HANG,15:15:34,15:16:06,32,NO_SERVER
AA0116,8523,0,0,IN,990915,15:23:06,15:23:16,10,15:23:16,15:24:05,49,AGENT,15:24:01,15:25:30,89,ANAT
AA0116,8524,0,0,IN,990915,15:25:00,15:25:16,16,0:00:00,0:00:00,0,AGENT,15:25:14,15:38:55,821,Z2OFER
AA0116,8525,0,0,IN,990915,15:46:26,15:47:31,65,15:47:31,15:48:53,82,AGENT,15:48:53,15:53:05,252,Z2OFER
AA0116,8526,0,0,IN,990915,15:54:24,15:55:02,38,0:00:00,0:00:00,0,AGENT,15:55:01,15:55:57,56,ANAT
AA0116,8527,0,0,IN,990915,16:06:20,16:06:29,9,16:06:29,16:06:47,18,HANG,0:00:00,0:00:00,0,NO_SERVER
AA0116,8528,0,0,IN,990915,16:08:08,16:08:18,10,16:08:18,16:08:59,41,AGENT,16:08:59,16:13:04,245,Z2EYAL
AA0116,8529,0,0,IN,990915,16:13:15,16:13:29,14,0:00:00,0:00:00,0,AGENT,16:13:29,16:22:44,555,Z2EYAL
AA0116,8530,0,0,IN,990915,16:33:11,16:33:30,19,0:00:00,0:00:00,0,AGENT,16:33:30,16:45:55,745,Z2ARIE
AA0116,8531,0,0,IN,990915,16:41:59,16:42:08,9,16:42:08,16:43:00,52,AGENT,16:42:59,16:48:58,359,Z2EYAL
AA0116,8532,0,0,IN,990915,16:44:31,16:44:40,9,16:44:40,16:44:50,10,AGENT,16:44:50,16:56:55,725,ANAT
AA0116,8533,0,0,IN,990915,17:35:19,17:35:41,22,0:00:00,0:00:00,0,AGENT,17:35:41,17:35:55,14,NO_SERVER
AA0116,8534,0,0,IN,990915,17:37:32,17:37:47,15,0:00:00,0:00:00,0,AGENT,17:37:46,17:42:23,277,Z2IFAT
AA0116,8535,0,0,IN,990915,17:41:05,17:41:21,16,0:00:00,0:00:00,0,AGENT,17:41:20,17:47:30,370,Z2EYAL
AA0116,8536,0,0,IN,990915,17:44:51,17:45:11,20,0:00:00,0:00:00,0,AGENT,17:45:10,17:53:58,528,Z2IFAT
AA0116,8537,0,0,IN,990915,17:49:45,17:50:07,22,0:00:00,0:00:00,0,AGENT,17:50:07,17:51:23,76,ANAT
AA0116,8538,0,0,IN,990915,17:54:26,17:55:33,67,0:00:00,0:00:00,0,AGENT,17:55:32,18:01:59,387,Z2IFAT
AA0116,8539,0,0,IN,990915,18:01:23,18:01:36,13,0:00:00,0:00:00,0,AGENT,18:01:36,18:03:13,97,Z2ARIE
AA0116,8540,0,0,IN,990915,18:05:00,18:05:15,15,0:00:00,0:00:00,0,AGENT,18:05:14,18:22:29,1035,Z2ARIE
AA0116,8541,0,0,IN,990915,18:16:14,18:16:37,23,0:00:00,0:00:00,0,AGENT,18:16:36,18:16:51,15,Z2IFAT
AA0116,8542,0,0,IN,990915,18:24:03,18:24:18,15,0:00:00,0:00:00,0,AGENT,18:24:16,18:25:48,92,Z2IFAT
AA0116,8543,0,0,IN,990915,18:29:04,18:29:23,19,0:00:00,0:00:00,0,AGENT,18:29:22,18:30:27,65,Z2EYAL
AA0116,8544,0,0,IN,990915,18:36:15,18:36:33,18,0:00:00,0:00:00,0,AGENT,18:36:32,18:38:29,117,Z2OFER
AA0116,8545,0,0,IN,990915,18:43:11,18:43:27,16,0:00:00,0:00:00,0,AGENT,18:43:27,18:54:10,643,Z2OFER
AA0116,8546,0,0,IN,990915,18:51:12,18:51:22,10,18:51:22,18:52:00,38,AGENT,18:51:59,18:56:00,241,Z2EYAL
AA0116,8547,0,0,IN,990915,18:58:24,18:58:42,18,0:00:00,0:00:00,0,AGENT,18:58:41,18:59:57,76,Z2OFER
AA0116,8548,0,0,IN,990915,19:02:42,19:03:12,30,0:00:00,0:00:00,0,AGENT,19:03:11,19:15:32,741,Z2IFAT
AA0116,8549,0,0,IN,990915,19:14:08,19:14:24,16,0:00:00,0:00:00,0,AGENT,19:14:23,19:17:01,158,Z2EYAL
AA0116,8550,0,0,IN,990915,19:18:22,19:18:53,31,0:00:00,0:00:00,0,AGENT,19:18:53,19:32:45,832,Z2EYAL
AA0116,8551,0,0,IN,990915,19:24:53,19:25:14,21,0:00:00,0:00:00,0,AGENT,19:25:13,19:27:02,109,Z2IFAT
AA0116,8552,0,0,IN,990915,19:33:18,19:33:36,18,0:00:00,0:00:00,0,AGENT,19:33:35,19:43:04,569,Z2EYAL
AA0116,8553,0,0,IN,990915,19:37:20,19:37:29,9,19:37:29,19:37:57,28,HANG,0:00:00,0:00:00,0,NO_SERVER
AA0116,8554,0,0,IN,990915,19:42:40,19:42:54,14,0:00:00,0:00:00,0,AGENT,19:42:53,19:44:37,104,Z2ARIE
AA0116,8555,0,0,IN,990915,20:00:22,20:00:31,9,20:00:31,20:01:17,46,AGENT,20:01:16,20:06:41,325,Z2LIOR
AA0116,8556,0,0,IN,990915,20:11:19,20:11:28,9,20:11:28,20:12:21,53,AGENT,20:12:20,20:13:30,70,Z2IFAT
AA0116,8557,0,0,IN,990915,20:17:12,20:17:25,13,0:00:00,0:00:00,0,AGENT,20:17:25,20:27:48,623,Z2EYAL
AA0116,8558,0,0,IN,990915,20:33:32,20:33:46,14,0:00:00,0:00:00,0,AGENT,20:33:45,20:35:28,103,Z2ARIE
AA0116,8559,0,0,IN,990915,20:58:13,20:58:30,17,0:00:00,0:00:00,0,AGENT,20:58:28,21:00:35,127,Z2ARIE
AA0116,8560,0,0,IN,990915,21:04:57,21:05:07,10,21:05:07,21:05:47,40,AGENT,21:05:47,21:39:05,1998,Z2LIOR
AA0116,8561,0,0,IN,990915,21:08:08,21:08:17,9,21:08:17,21:09:05,48,AGENT,21:09:05,21:21:44,759,Z2EYAL
AA0116,8562,0,0,IN,990915,21:34:17,21:34:34,17,0:00:00,0:00:00,0,AGENT,21:34:33,21:46:55,742,Z2EYAL
AA0116,8563,0,0,IN,990915,21:39:39,21:39:48,9,21:39:48,21:40:21,33,AGENT,21:40:21,21:43:23,182,Z2LIOR
AA0116,8564,0,0,IN,990915,22:04:22,22:04:32,10,22:04:32,22:05:24,52,HANG,0:00:00,0:00:00,0,NO_SERVER
AA0116,8565,0,0,IN,990915,22:32:37,22:32:46,9,0:00:00,0:00:00,0,AGENT,22:32:52,22:33:07,15,NO_SERVER
AA0116,8566,0,0,IN,990915,22:50:27,22:50:45,18,0:00:00,0:00:00,0,AGENT,22:50:45,22:55:06,261,Z2IFAT
AA0116,8567,0,0,IN,990915,22:59:01,22:59:15,14,0:00:00,0:00:00,0,AGENT,22:59:14,23:00:31,77,Z2LIOR
AA0116,8568,0,0,IN,990915,23:20:31,23:20:45,14,0:00:00,0:00:00,0,AGENT,23:20:45,23:24:56,251,Z2IFAT
AA0116,8569,0,0,IN,990916,0:04:42,0:05:08,26,0:00:00,0:00:00,0,HANG,0:00:00,0:00:00,0,NO_SERVER
AA0116,8570,0,0,IN,990916,1:24:53,1:25:19,26,0:00:00,0:00:00,0,HANG,0:00:00,0:00:00,0,NO_SERVER
AA0116,8571,0,0,IN,990916,7:00:39,7:00:53,14,0:00:00,0:00:00,0,AGENT,7:00:53,7:01:44,51,YIFAT
AA0116,8572,0,0,IN,990916,7:23:50,7:24:04,14,0:00:00,0:00:00,0,AGENT,7:24:03,7:41:38,1055,YIFAT
AA0116,8573,0,0,IN,990916,8:06:09,8:06:18,9,8:06:18,8:06:24,6,AGENT,8:06:23,8:59:33,3190,Z2ARIE
AA0116,8574,0,0,IN,990916,8:33:08,8:33:24,16,0:00:00,0:00:00,0,AGENT,8:33:23,8:38:40,317,ANAT
AA0116,8575,0,0,IN,990916,9:07:07,9:07:17,10,9:07:17,9:12:21,304,AGENT,9:12:21,9:13:20,59,YIFAT
AA0116,8576,0,0,IN,990916,9:14:42,9:14:51,9,9:14:51,9:18:45,234,AGENT,9:18:43,9:31:00,737,Z2ARIE
AA0116,8577,0,0,IN,990916,9:25:43,9:25:53,10,9:25:53,9:27:16,83,AGENT,9:27:16,9:27:52,36,ANAT
AA0116,8578,0,0,IN,990916,9:28:10,9:28:19,9,9:28:19,9:29:24,65,AGENT,9:29:22,9:30:03,41,ANAT
AA0116,8579,0,0,IN,990916,9:52:15,9:52:28,13,0:00:00,0:00:00,0,AGENT,9:52:28,9:53:34,66,Z2ARIE
AA0116,8580,0,0,IN,990916,9:57:57,9:58:07,10,9:58:07,9:58:19,12,AGENT,9:58:18,9:58:54,36,ANAT
AA0116,8581,0,0,IN,990916,10:04:02,10:04:11,9,10:04:11,10:04:29,18,AGENT,10:04:28,10:04:53,25,ANAT
AA0116,8582,0,0,IN,990916,10:07:32,10:07:41,9,10:07:41,10:09:09,88,HANG,0:00:00,0:00:00,0,NO_SERVER
AA0116,8583,0,0,IN,990916,10:13:24,10:13:41,17,0:00:00,0:00:00,0,AGENT,10:13:39,10:16:20,161,Z2ARIE
AA0116,8584,0,0,IN,990916,10:16:54,10:17:03,9,10:17:03,10:17:18,15,HANG,0:00:00,0:00:00,0,NO_SERVER
AA0116,8585,0,0,IN,990916,10:36:54,10:37:09,15,0:00:00,0:00:00,0,AGENT,10:37:08,10:38:00,52,Z2IFAT
AA0116,8586,0,0,IN,990916,10:41:31,10:41:46,15,0:00:00,0:00:00,0,AGENT,10:41:45,10:47:14,329,Z2ELINOR
AA0116,8587,0,0,IN,990916,10:43:54,10:44:04,10,10:44:04,10:44:17,13,AGENT,10:44:17,10:55:22,665,Z2ARIE
AA0116,8588,0,0,IN,990916,10:47:52,10:48:05,13,0:00:00,0:00:00,0,AGENT,10:48:04,11:02:18,854,Z2ELINOR
AA0116,8589,0,0,IN,990916,10:54:01,10:54:11,10,10:54:11,10:55:31,80,AGENT,10:55:31,11:06:07,636,Z2ARIE
AA0116,8590,0,0,IN,990916,10:59:55,11:00:05,10,11:00:05,11:01:20,75,AGENT,11:01:19,11:02:28,69,Z2LIOR
AA0116,8591,0,0,IN,990916,11:05:35,11:05:55,20,0:00:00,0:00:00,0,AGENT,11:05:53,11:07:47,114,ANAT
AA0116,8592,0,0,IN,990916,11:19:57,11:20:17,20,0:00:00,0:00:00,0,AGENT,11:20:16,11:23:30,194,Z2IFAT
AA0116,8593,0,0,IN,990916,11:21:15,11:21:21,6,0:00:00,0:00:00,0,HANG,0:00:00,0:00:00,0,NO_SERVER
AA0116,8594,0,0,IN,990916,11:22:43,11:22:48,5,0:00:00,0:00:00,0,HANG,0:00:00,0:00:00,0,NO_SERVER
AA0116,8595,0,0,IN,990916,11:23:43,11:23:48,5,0:00:00,0:00:00,0,HANG,0:00:00,0:00:00,0,NO_SERVER
AA0116,8596,0,0,IN,990916,11:24:27,11:24:32,5,0:00:00,0:00:00,0,HANG,0:00:00,0:00:00,0,NO_SERVER
AA0116,8597,0,0,IN,990916,11:26:21,11:26:27,6,0:00:00,0:00:00,0,HANG,0:00:00,0:00:00,0,NO_SERVER
AA0116,8598,0,0,IN,990916,11:28:53,11:29:08,15,0:00:00,0:00:00,0,AGENT,11:29:08,11:34:52,344,Z2ELINOR
AA0116,8599,0,0,IN,990916,11:34:05,11:34:14,9,11:34:14,11:34:38,24,HANG,0:00:00,0:00:00,0,NO_SERVER
AA0116,8600,0,0,IN,990916,11:45:21,11:45:35,14,0:00:00,0:00:00,0,AGENT,11:45:34,11:49:07,213,Z2IFAT
AA0116,8601,0,0,IN,990916,11:48:03,11:48:12,9,11:48:12,11:49:12,60,AGENT,11:49:12,11:59:44,632,Z2IFAT
AA0116,8602,0,0,IN,990916,12:01:35,12:01:53,18,0:00:00,0:00:00,0,AGENT,12:01:52,12:09:17,445,Z2IFAT
AA0116,8603,0,0,IN,990916,12:12:41,12:12:56,15,0:00:00,0:00:00,0,AGENT,12:12:55,12:13:40,45,Z2ELINOR
AA0116,8604,0,0,IN,990916,12:16:22,12:16:37,15,0:00:00,0:00:00,0,AGENT,12:16:37,12:20:00,203,Z2ELINOR
AA0116,8605,0,0,IN,990916,12:26:19,12:26:33,14,0:00:00,0:00:00,0,AGENT,12:26:33,12:27:44,71,ANAT
AA0116,8606,0,0,IN,990916,12:26:53,12:27:02,9,12:27:02,12:27:02,0,HANG,0:00:00,0:00:00,0,NO_SERVER
AA0116,8607,0,0,IN,990916,12:37:47,12:38:00,13,0:00:00,0:00:00,0,AGENT,12:37:59,12:46:49,530,YIFAT
AA0116,8608,0,0,IN,990916,12:39:22,12:39:31,9,12:39:31,12:39:41,10,AGENT,12:39:41,12:43:20,219,ANAT
AA0116,8609,0,0,IN,990916,12:53:57,12:54:06,9,12:54:06,12:55:07,61,AGENT,12:55:06,12:55:45,39,ANAT
AA0116,8610,0,0,IN,990916,12:58:53,12:59:03,10,12:59:03,12:59:35,32,AGENT,12:59:34,13:00:06,32,ANAT
AA0116,8611,0,0,IN,990916,13:04:16,13:04:34,18,0:00:00,0:00:00,0,AGENT,13:04:33,13:26:23,1310,Z2ELINOR
AA0116,8612,0,0,IN,990916,13:14:36,13:14:46,10,13:14:46,13:15:13,27,AGENT,13:15:12,13:35:30,1218,Z2IFAT
AA0116,8613,0,0,IN,990916,13:15:19,13:15:28,9,13:15:28,13:24:43,555,AGENT,13:24:42,13:25:22,40,ANAT
AA0116,8614,0,0,IN,990916,13:24:57,13:25:02,5,13:25:02,13:26:51,109,PHANTOM,13:26:50,13:27:18,28,NO_SERVER
AA0116,8615,0,0,IN,990916,13:27:08,13:27:17,9,13:27:17,13:27:25,8,PHANTOM,13:27:25,13:27:32,7,NO_SERVER
AA0116,8616,0,0,IN,990916,13:27:43,13:27:57,14,0:00:00,0:00:00,0,AGENT,13:27:57,13:28:05,8,NO_SERVER
AA0116,8617,0,0,IN,990916,13:36:50,13:37:04,14,0:00:00,0:00:00,0,AGENT,13:37:03,13:38:41,98,Z2IFAT
AA0116,8618,0,0,IN,990916,13:41:49,13:42:03,14,0:00:00,0:00:00,0,AGENT,13:42:02,13:42:18,16,NO_SERVER
AA0116,8619,0,0,IN,990916,13:43:01,13:43:14,13,0:00:00,0:00:00,0,AGENT,13:43:13,13:43:25,12,NO_SERVER
AA0116,8620,0,0,IN,990916,14:02:30,14:02:47,17,0:00:00,0:00:00,0,AGENT,14:02:46,14:06:29,223,Z2IFAT
AA0116,8621,0,0,IN,990916,14:13:45,14:14:02,17,0:00:00,0:00:00,0,AGENT,14:14:01,14:15:03,62,Z2IFAT
AA0116,8622,0,0,IN,990916,14:21:49,14:22:03,14,0:00:00,0:00:00,0,AGENT,14:22:03,14:34:54,771,Z2ELINOR
AA0116,8623,0,0,IN,990916,14:38:48,14:39:04,16,0:00:00,0:00:00,0,AGENT,14:39:03,14:45:16,373,Z2IFAT
AA0116,8624,0,0,IN,990916,14:46:59,14:47:27,28,0:00:00,0:00:00,0,AGENT,14:47:30,14:48:02,32,NO_SERVER
AA0116,8625,0,0,IN,990916,14:48:24,14:48:38,14,0:00:00,0:00:00,0,AGENT,14:48:37,14:50:15,98,Z2IFAT
AA0116,8626,0,0,IN,990916,14:54:18,14:54:21,3,0:00:00,0:00:00,0,HANG,0:00:00,0:00:00,0,NO_SERVER
AA0116,8627,0,0,IN,990916,14:54:54,14:55:11,17,0:00:00,0:00:00,0,AGENT,14:55:10,14:56:28,78,Z2IFAT
AA0116,8628,0,0,IN,990916,14:55:26,14:55:35,9,14:55:35,14:57:03,88,AGENT,14:57:02,15:01:15,253,Z2LIOR
AA0116,8629,0,0,IN,990916,15:00:41,15:00:56,15,0:00:00,0:00:00,0,AGENT,15:00:55,15:36:01,2106,Z2OFER
AA0116,8630,0,0,IN,990916,15:12:34,15:12:53,19,0:00:00,0:00:00,0,AGENT,15:12:53,15:18:30,337,Z2EYAL
AA0116,8631,0,0,IN,990916,15:48:25,15:48:45,20,0:00:00,0:00:00,0,AGENT,15:48:44,15:50:22,98,Z2ELINOR
AA0116,8632,0,0,IN,990916,15:52:23,15:52:38,15,0:00:00,0:00:00,0,AGENT,15:52:38,16:06:19,821,Z2EYAL
AA0116,8633,0,0,IN,990916,16:23:10,16:23:28,18,0:00:00,0:00:00,0,AGENT,16:23:27,16:54:21,1854,Z2EYAL
AA0116,8634,0,0,IN,990916,16:42:53,16:43:07,14,0:00:00,0:00:00,0,AGENT,16:43:06,17:05:30,1344,Z2OFER
AA0116,8635,0,0,IN,990916,16:46:04,16:46:13,9,16:46:13,16:50:05,232,AGENT,16:50:04,16:56:23,379,Z2LIOR
AA0116,8636,0,0,IN,990916,16:54:34,16:54:52,18,0:00:00,0:00:00,0,AGENT,16:54:52,16:56:57,125,Z2EYAL
AA0116,8637,0,0,IN,990916,16:58:30,16:58:39,9,16:58:39,16:59:17,38,AGENT,16:59:16,17:10:44,688,Z2NIRIT
AA0116,8638,0,0,IN,990916,17:12:50,17:13:06,16,0:00:00,0:00:00,0,AGENT,17:13:05,17:28:23,918,Z2EYAL
AA0116,8639,0,0,IN,990916,17:14:14,17:14:31,17,0:00:00,0:00:00,0,AGENT,17:14:30,17:14:47,17,NO_SERVER
AA0116,8640,0,0,IN,990916,17:16:29,17:16:54,25,17:16:54,17:18:06,72,PHANTOM,17:18:06,17:18:25,19,NO_SERVER
AA0116,8641,0,0,IN,990916,17:21:15,17:21:33,18,0:00:00,0:00:00,0,AGENT,17:21:32,17:26:01,269,Z2OFERZ
AA0116,8642,0,0,IN,990916,17:42:22,17:42:37,15,0:00:00,0:00:00,0,AGENT,17:42:37,17:56:13,816,Z2OFERZ
AA0116,8643,0,0,IN,990916,17:53:03,17:53:19,16,0:00:00,0:00:00,0,AGENT,17:53:18,18:16:37,1399,Z2NIRIT
AA0116,8644,0,0,IN,990916,18:07:54,18:08:10,16,0:00:00,0:00:00,0,AGENT,18:08:09,18:11:57,228,Z2OFER
AA0116,8645,0,0,IN,990916,18:13:41,18:14:12,31,0:00:00,0:00:00,0,AGENT,18:14:12,18:23:39,567,Z2OFERZ
AA0116,8646,0,0,IN,990916,18:23:19,18:23:32,13,0:00:00,0:00:00,0,AGENT,18:23:32,18:23:47,15,NO_SERVER
AA0116,8647,0,0,IN,990916,18:39:52,18:40:04,12,0:00:00,0:00:00,0,AGENT,18:40:03,18:50:53,650,Z2NIRIT
AA0116,8648,0,0,IN,990916,19:01:48,19:02:02,14,0:00:00,0:00:00,0,AGENT,19:02:02,19:02:57,55,Z2NIRIT
AA0116,8649,0,0,IN,990916,19:19:19,19:19:45,26,19:19:45,19:21:07,82,AGENT,19:21:06,19:39:27,1101,Z2EYAL
AA0116,8650,0,0,IN,990916,19:24:37,19:24:55,18,0:00:00,0:00:00,0,AGENT,19:24:54,19:25:49,55,Z2OFER
AA0116,8651,0,0,IN,990916,19:34:53,19:35:02,9,19:35:02,19:35:15,13,AGENT,19:35:15,19:55:49,1234,Z2OFERZ
AA0116,8652,0,0,IN,990916,20:16:27,20:16:43,16,0:00:00,0:00:00,0,AGENT,20:16:43,20:23:16,393,Z2NIRIT
AA0116,8653,0,0,IN,990916,20:25:30,20:25:56,26,20:25:56,20:26:09,13,AGENT,20:26:08,20:29:04,176,Z2EYAL
AA0116,8654,0,0,IN,990916,21:20:53,21:21:23,30,0:00:00,0:00:00,0,AGENT,21:21:22,21:23:28,126,Z2NIRIT
AA0116,8655,0,0,IN,990916,21:25:31,21:26:19,48,0:00:00,0:00:00,0,AGENT,21:26:18,21:32:38,380,Z2NIRIT
AA0116,8656,0,0,IN,990916,21:46:29,21:46:52,23,0:00:00,0:00:00,0,AGENT,21:46:52,21:51:52,300,Z2OFERZ
AA0116,8657,0,0,IN,990916,22:00:56,22:01:05,9,22:01:05,22:02:51,106,HANG,0:00:00,0:00:00,0,NO_SERVER
AA0116,8658,0,0,IN,990916,22:15:18,22:15:39,21,0:00:00,0:00:00,0,AGENT,22:15:37,22:16:28,51,Z2OFERZ
AA0116,8659,0,0,IN,990916,22:22:36,22:22:52,16,0:00:00,0:00:00,0,AGENT,22:22:52,22:28:18,326,Z2NIRIT
AA0116,8660,0,0,IN,990916,22:30:03,22:30:19,16,0:00:00,0:00:00,0,AGENT,22:30:18,22:32:37,139,Z2OFERZ
AA0116,8661,0,0,IN,990916,22:41:23,22:41:41,18,0:00:00,0:00:00,0,AGENT,22:41:40,22:47:30,350,Z2OFERZ
AA0116,8662,0,0,IN,990917,0:32:02,0:32:25,23,0:00:00,0:00:00,0,HANG,0:00:00,0:00:00,0,NO_SERVER
AA0116,8663,0,0,IN,990917,7:36:00,7:36:10,10,7:36:10,7:45:19,549,AGENT,7:45:18,7:50:47,329,Z2EYAL
AA0116,8664,0,0,IN,990917,8:12:44,8:12:58,14,0:00:00,0:00:00,0,AGENT,8:12:57,8:15:09,132,Z2ELINOR
AA0116,8665,0,0,IN,990917,8:15:23,8:15:37,14,0:00:00,0:00:00,0,AGENT,0:00:00,0:00:00,0,Z2ELINOR
AA0116,8666,0,0,IN,990917,8:20:52,8:21:01,9,8:21:01,8:22:10,69,AGENT,8:22:09,8:30:11,482,Z2ELINOR
AA0116,8667,0,0,IN,990917,8:32:44,8:32:51,7,0:00:00,0:00:00,0,HANG,0:00:00,0:00:00,0,NO_SERVER
AA0116,8668,0,0,IN,990917,8:41:08,8:41:38,30,0:00:00,0:00:00,0,AGENT,8:41:37,8:45:35,238,Z2ELINOR
AA0116,8669,0,0,IN,990917,8:46:11,8:46:25,14,0:00:00,0:00:00,0,AGENT,8:46:23,8:48:08,105,Z2ELINOR
AA0116,8670,0,0,IN,990917,8:53:43,8:53:56,13,0:00:00,0:00:00,0,AGENT,8:53:55,9:04:07,612,Z2ELINOR
AA0116,8671,0,0,IN,990917,8:54:16,8:54:25,9,8:54:25,8:55:27,62,AGENT,8:55:26,8:58:21,175,Z2OFERZ
AA0116,8672,0,0,IN,990917,9:00:56,9:01:10,14,0:00:00,0:00:00,0,AGENT,9:01:10,9:03:24,134,Z2OFERZ
AA0116,8673,0,0,IN,990917,9:03:44,9:04:01,17,0:00:00,0:00:00,0,AGENT,9:03:59,9:11:58,479,Z2EYAL
AA0116,8674,0,0,IN,990917,9:13:01,9:13:32,31,0:00:00,0:00:00,0,AGENT,9:13:31,9:19:51,380,Z2ELINOR
AA0116,8675,0,0,IN,990917,9:16:43,9:16:53,10,9:16:53,9:18:30,97,AGENT,9:18:29,9:24:09,340,Z2OFERZ
AA0116,8676,0,0,IN,990917,9:20:11,9:20:20,9,9:20:20,9:21:56,96,AGENT,9:21:55,9:28:43,408,Z2EYAL
AA0116,8677,0,0,IN,990917,9:37:18,9:37:32,14,0:00:00,0:00:00,0,AGENT,9:37:31,9:39:42,131,Z2ELINOR
AA0116,8678,0,0,IN,990917,9:47:10,9:47:23,13,0:00:00,0:00:00,0,AGENT,9:47:23,9:52:05,282,Z2ELINOR
AA0116,8679,0,0,IN,990917,10:16:32,10:16:46,14,0:00:00,0:00:00,0,AGENT,10:16:45,10:18:10,85,Z2ELINOR
AA0116,8680,0,0,IN,990917,10:40:03,10:40:24,21,0:00:00,0:00:00,0,AGENT,10:40:23,10:47:03,400,Z2EYAL
AA0116,8681,0,0,IN,990917,10:47:30,10:47:46,16,0:00:00,0:00:00,0,AGENT,10:47:45,10:51:17,212,Z2ELINOR
AA0116,8682,0,0,IN,990917,10:53:19,10:53:35,16,0:00:00,0:00:00,0,AGENT,10:53:35,10:54:14,39,Z2ELINOR
AA0116,8683,0,0,IN,990917,11:02:10,11:02:12,2,0:00:00,0:00:00,0,HANG,0:00:00,0:00:00,0,NO_SERVER
AA0116,8684,0,0,IN,990917,11:05:07,11:05:25,18,0:00:00,0:00:00,0,AGENT,11:05:24,11:19:54,870,Z2OFERZ
AA0116,8685,0,0,IN,990917,11:12:43,11:13:00,17,0:00:00,0:00:00,0,AGENT,11:12:58,11:15:09,131,Z2ELINOR
AA0116,8686,0,0,IN,990917,11:23:38,11:24:11,33,0:00:00,0:00:00,0,AGENT,11:24:10,11:27:47,217,Z2ELINOR
AA0116,8687,0,0,IN,990917,11:29:29,11:30:06,37,0:00:00,0:00:00,0,AGENT,11:30:04,11:41:21,677,Z2EYAL
AA0116,8688,0,0,IN,990917,11:40:19,11:40:37,18,0:00:00,0:00:00,0,AGENT,11:40:36,11:45:00,264,Z2OFERZ
AA0116,8689,0,0,IN,990917,11:45:51,11:46:08,17,0:00:00,0:00:00,0,AGENT,11:46:06,11:47:03,57,Z2ELINOR
AA0116,8690,0,0,IN,990917,11:53:46,11:54:00,14,0:00:00,0:00:00,0,AGENT,11:53:59,12:04:49,650,Z2EYAL
AA0116,8691,0,0,IN,990917,12:31:10,12:31:27,17,0:00:00,0:00:00,0,AGENT,12:31:26,12:34:02,156,Z2EYAL
AA0116,8692,0,0,IN,990917,12:57:10,12:57:26,16,0:00:00,0:00:00,0,AGENT,12:57:26,13:00:34,188,Z2OFERZ
AA0116,8693,0,0,IN,990917,13:00:51,13:01:09,18,0:00:00,0:00:00,0,AGENT,13:01:09,13:11:51,642,Z2OFERZ
AA0116,8694,0,0,IN,990917,13:20:04,13:20:20,16,0:00:00,0:00:00,0,AGENT,13:20:19,13:24:52,273,Z2EYAL
AA0116,8695,0,0,IN,990917,13:26:19,13:26:36,17,0:00:00,0:00:00,0,AGENT,13:26:35,13:28:13,98,Z2ELINOR
AA0116,8696,0,0,IN,990917,13:32:28,13:32:46,18,0:00:00,0:00:00,0,AGENT,13:32:45,13:35:59,194,Z2ELINOR
AA0116,8697,0,0,IN,990917,13:43:19,13:43:28,9,13:43:28,13:45:08,100,AGENT,13:45:07,13:46:35,88,Z2EYAL
AA0116,8698,0,0,IN,990917,14:15:37,14:15:51,14,0:00:00,0:00:00,0,HANG,0:00:00,0:00:00,0,NO_SERVER
AA0116,8699,0,0,IN,990917,14:31:01,14:31:19,18,0:00:00,0:00:00,0,HANG,0:00:00,0:00:00,0,NO_SERVER
AA0116,8700,0,0,IN,990917,14:46:54,14:47:12,18,0:00:00,0:00:00,0,HANG,0:00:00,0:00:00,0,NO_SERVER
AA0116,8701,0,0,IN,990917,15:34:22,15:34:41,19,0:00:00,0:00:00,0,HANG,0:00:00,0:00:00,0,NO_SERVER
AA0116,8702,0,0,IN,990917,15:39:57,15:40:19,22,0:00:00,0:00:00,0,HANG,0:00:00,0:00:00,0,NO_SERVER
AA0116,8703,0,0,IN,990917,15:52:04,15:52:26,22,0:00:00,0:00:00,0,HANG,0:00:00,0:00:00,0,NO_SERVER
AA0116,8704,0,0,IN,990917,17:09:30,17:09:49,19,0:00:00,0:00:00,0,HANG,0:00:00,0:00:00,0,NO_SERVER
AA0116,8705,0,0,IN,990918,14:17:34,14:17:57,23,0:00:00,0:00:00,0,HANG,0:00:00,0:00:00,0,NO_SERVER
AA0116,8706,0,0,IN,990918,19:31:37,19:32:03,26,0:00:00,0:00:00,0,HANG,0:00:00,0:00:00,0,NO_SERVER
AA0116,8707,0,0,IN,990918,19:58:21,19:58:34,13,0:00:00,0:00:00,0,AGENT,19:58:34,20:00:08,94,Z2ELINOR
AA0116,8708,0,0,IN,990918,20:10:38,20:11:00,22,0:00:00,0:00:00,0,AGENT,20:10:59,20:16:06,307,Z2OFERZ
AA0116,8709,0,0,IN,990918,20:39:24,20:39:38,14,0:00:00,0:00:00,0,AGENT,20:39:37,20:44:19,282,Z2ELINOR
AA0116,8710,0,0,IN,990918,20:48:59,20:49:22,23,0:00:00,0:00:00,0,AGENT,20:49:22,20:56:45,443,Z2OFERZ
AA0116,8711,0,0,IN,990918,23:45:14,23:45:46,32,0:00:00,0:00:00,0,AGENT,23:45:45,23:58:31,766,Z2ELINOR
AA0116,8712,0,0,IN,990919,7:29:50,7:30:07,17,0:00:00,0:00:00,0,AGENT,7:30:06,7:32:57,171,YIFAT
AA0116,8713,0,0,IN,990919,8:23:31,8:23:50,19,0:00:00,0:00:00,0,AGENT,8:23:49,8:39:05,916,Z2OFERZ
AA0116,8714,0,0,IN,990919,8:37:02,8:37:15,13,0:00:00,0:00:00,0,AGENT,8:37:15,8:39:57,162,YIFAT
AA0116,8715,0,0,IN,990919,9:05:42,9:05:59,17,0:00:00,0:00:00,0,AGENT,9:05:59,9:08:01,122,Z2OFERZ
AA0116,8716,0,0,IN,990919,9:26:22,9:26:42,20,0:00:00,0:00:00,0,AGENT,9:26:41,10:22:44,3363,Z2OFERZ
AA0116,8717,0,0,IN,990919,9:37:47,9:37:56,9,9:37:56,9:38:37,41,AGENT,9:38:37,9:53:43,906,Z2IFAT
AA0116,8718,0,0,IN,990919,9:47:54,9:48:03,9,9:48:03,9:49:45,102,AGENT,9:49:44,10:09:37,1193,YIFAT
AA0116,8719,0,0,IN,990919,10:01:37,10:01:47,10,10:01:47,10:02:48,61,HANG,0:00:00,0:00:00,0,NO_SERVER
AA0116,8720,0,0,IN,990919,10:10:42,10:10:52,10,10:10:52,10:17:37,405,AGENT,10:17:37,10:19:25,108,Z2IFAT
AA0116,8721,0,0,IN,990919,10:18:30,10:18:39,9,10:18:39,10:18:40,1,HANG,0:00:00,0:00:00,0,NO_SERVER
AA0116,8722,0,0,IN,990919,10:44:33,10:44:50,17,0:00:00,0:00:00,0,AGENT,10:44:49,10:52:16,447,Z2OFERZ
AA0116,8723,0,0,IN,990919,10:53:38,10:53:48,10,10:53:48,10:56:19,151,AGENT,10:56:18,11:00:36,258,Z2OFERZ
AA0116,8724,0,0,IN,990919,11:31:32,11:31:49,17,0:00:00,0:00:00,0,AGENT,11:31:49,11:33:16,87,Z2OFERZ
AA0116,8725,0,0,IN,990919,12:49:47,12:50:01,14,0:00:00,0:00:00,0,HANG,0:00:00,0:00:00,0,NO_SERVER
AA0116,8726,0,0,IN,990919,14:16:09,14:16:26,17,0:00:00,0:00:00,0,HANG,0:00:00,0:00:00,0,NO_SERVER
AA0116,8727,0,0,IN,990920,19:54:19,19:54:33,14,0:00:00,0:00:00,0,HANG,0:00:00,0:00:00,0,NO_SERVER
AA0116,8728,0,0,IN,990920,20:58:21,20:58:39,18,0:00:00,0:00:00,0,HANG,0:00:00,0:00:00,0,NO_SERVER
AA0116,8729,0,0,IN,990920,21:08:30,21:08:43,13,0:00:00,0:00:00,0,AGENT,21:08:43,21:18:17,574,Z2EYAL
AA0116,8730,0,0,IN,990920,21:27:51,21:28:05,14,0:00:00,0:00:00,0,AGENT,21:28:04,21:34:17,373,Z2LIOR
AA0116,8731,0,0,IN,990920,22:04:04,22:04:18,14,0:00:00,0:00:00,0,AGENT,22:04:18,22:05:40,82,Z2EYAL
AA0116,8732,0,0,IN,990920,22:28:13,22:28:22,9,22:28:22,22:31:10,168,AGENT,22:31:10,22:32:42,92,Z2LIOR
AA0116,8733,0,0,IN,990920,22:39:02,22:39:18,16,0:00:00,0:00:00,0,AGENT,22:39:17,22:45:06,349,Z2LIOR
AA0116,8734,0,0,IN,990920,23:06:52,23:07:02,10,23:07:02,23:07:50,48,AGENT,23:07:50,23:18:48,658,Z2LIOR
AA0116,8735,0,0,IN,990921,7:16:25,7:16:37,12,0:00:00,0:00:00,0,AGENT,7:16:37,7:27:44,667,Z2EYAL
AA0116,8736,0,0,IN,990921,7:47:21,7:47:36,15,0:00:00,0:00:00,0,AGENT,7:47:35,7:52:44,309,Z2EYAL
AA0116,8737,0,0,IN,990921,8:06:57,8:07:11,14,0:00:00,0:00:00,0,AGENT,8:07:10,8:23:19,969,Z2EYAL
AA0116,8738,0,0,IN,990921,8:24:59,8:25:11,12,0:00:00,0:00:00,0,AGENT,8:25:10,8:25:56,46,YIFAT
AA0116,8739,0,0,IN,990921,8:33:35,8:33:48,13,0:00:00,0:00:00,0,AGENT,8:33:47,8:36:31,164,YIFAT
AA0116,8740,0,0,IN,990921,8:41:34,8:41:44,10,8:41:44,8:45:34,230,AGENT,8:45:33,8:46:31,58,YIFAT
AA0116,8741,0,0,IN,990921,8:47:34,8:47:43,9,8:47:43,8:48:43,60,AGENT,8:48:41,8:49:14,33,YIFAT
AA0116,8742,0,0,IN,990921,8:56:55,8:57:09,14,0:00:00,0:00:00,0,AGENT,8:57:08,8:59:09,121,Z2EYAL
AA0116,8743,0,0,IN,990921,9:17:44,9:17:53,9,9:17:53,9:18:15,22,AGENT,9:18:14,9:19:05,51,YIFAT
AA0116,8744,0,0,IN,990921,10:00:28,10:00:41,13,0:00:00,0:00:00,0,AGENT,10:00:40,10:01:31,51,Z2EYAL
AA0116,8745,0,0,IN,990921,10:20:33,10:20:48,15,0:00:00,0:00:00,0,AGENT,10:20:46,10:24:46,240,Z2ELINOR
AA0116,8746,0,0,IN,990921,10:24:53,10:25:03,10,10:25:03,10:25:10,7,AGENT,10:25:09,10:27:56,167,Z2EYAL
AA0116,8747,0,0,IN,990921,10:28:06,10:28:08,2,0:00:00,0:00:00,0,HANG,0:00:00,0:00:00,0,NO_SERVER
AA0116,8748,0,0,IN,990921,10:30:33,10:30:46,13,0:00:00,0:00:00,0,AGENT,10:30:45,10:31:10,25,Z2EYAL
AA0116,8749,0,0,IN,990921,10:31:42,10:31:54,12,0:00:00,0:00:00,0,AGENT,10:31:53,10:33:46,113,Z2EYAL
AA0116,8750,0,0,IN,990921,10:41:06,10:41:15,9,10:41:15,10:42:30,75,AGENT,10:42:29,10:44:02,93,YIFAT
AA0116,8751,0,0,IN,990921,10:51:25,10:51:34,9,10:51:34,10:54:44,190,AGENT,10:54:43,11:31:27,2204,Z2ELINOR
AA0116,8752,0,0,IN,990921,11:04:37,11:04:46,9,11:04:46,11:05:19,33,AGENT,11:05:18,11:30:43,1525,Z2EYAL
AA0116,8753,0,0,IN,990921,11:13:09,11:13:18,9,11:13:18,11:13:42,24,AGENT,11:13:41,11:14:59,78,YIFAT
AA0116,8754,0,0,IN,990921,11:14:04,11:14:14,10,11:14:14,11:15:12,58,HANG,0:00:00,0:00:00,0,NO_SERVER
AA0116,8755,0,0,IN,990921,11:23:07,11:23:16,9,11:23:16,11:27:17,241,AGENT,11:27:16,11:28:58,102,YIFAT
AA0116,8756,0,0,IN,990921,11:28:16,11:28:25,9,11:28:25,11:30:50,145,AGENT,11:30:48,11:37:45,417,Z2EYAL
AA0116,8757,0,0,IN,990921,11:31:05,11:31:14,9,11:31:14,11:31:35,21,AGENT,11:31:34,11:42:12,638,Z2ELINOR
AA0116,8758,0,0,IN,990921,11:33:25,11:33:34,9,11:33:34,11:37:51,257,AGENT,11:37:50,11:50:43,773,Z2EYAL
AA0116,8759,0,0,IN,990921,11:38:14,11:38:24,10,11:38:24,11:45:57,453,AGENT,11:45:55,11:47:11,76,YIFAT
AA0116,8760,0,0,IN,990921,12:02:07,12:02:21,14,0:00:00,0:00:00,0,AGENT,12:02:20,12:04:28,128,YIFAT
AA0116,8761,0,0,IN,990921,12:40:04,12:40:20,16,0:00:00,0:00:00,0,AGENT,12:40:20,12:44:12,232,Z2ELINOR
AA0116,8762,0,0,IN,990921,12:58:12,12:58:26,14,0:00:00,0:00:00,0,AGENT,12:58:26,13:25:32,1626,Z2ELINOR
AA0116,8763,0,0,IN,990921,13:07:14,13:07:24,10,13:07:24,13:07:56,32,AGENT,13:07:54,13:25:15,1041,Z2EYAL
AA0116,8764,0,0,IN,990921,13:20:10,13:20:24,14,0:00:00,0:00:00,0,AGENT,13:20:23,13:23:08,165,YIFAT
AA0116,8765,0,0,IN,990921,13:34:59,13:35:13,14,0:00:00,0:00:00,0,AGENT,13:35:12,13:40:00,288,Z2ELINOR
AA0116,8766,0,0,IN,990921,13:59:02,13:59:27,25,13:59:27,14:00:06,39,AGENT,14:00:06,14:06:35,389,Z2ELINOR
AA0116,8767,0,0,IN,990921,14:04:12,14:04:26,14,0:00:00,0:00:00,0,AGENT,14:04:25,14:06:10,105,YIFAT
AA0116,8768,0,0,IN,990921,14:19:13,14:19:26,13,0:00:00,0:00:00,0,AGENT,14:19:25,14:20:46,81,Z2ARIE
AA0116,8769,0,0,IN,990921,14:32:26,14:32:56,30,0:00:00,0:00:00,0,AGENT,14:32:54,14:35:15,141,Z2ELINOR
AA0116,8770,0,0,IN,990921,15:01:22,15:01:43,21,0:00:00,0:00:00,0,AGENT,15:01:42,15:13:08,686,Z2ARIE
AA0116,8771,0,0,IN,990921,15:27:05,15:27:19,14,0:00:00,0:00:00,0,AGENT,15:27:18,15:37:39,621,Z2ELINOR
AA0116,8772,0,0,IN,990921,15:36:06,15:36:15,9,15:36:15,15:37:48,93,AGENT,15:37:46,15:54:40,1014,Z2ELINOR
AA0116,8773,0,0,IN,990921,16:03:38,16:03:47,9,16:03:47,16:04:47,60,HANG,0:00:00,0:00:00,0,NO_SERVER
AA0116,8774,0,0,IN,990921,16:09:43,16:09:58,15,0:00:00,0:00:00,0,AGENT,16:09:57,16:11:40,103,Z2OFERZ
AA0116,8775,0,0,IN,990921,16:19:39,16:19:54,15,0:00:00,0:00:00,0,AGENT,16:19:54,16:27:01,427,Z2OFERZ
AA0116,8776,0,0,IN,990921,16:37:30,16:38:40,70,16:38:40,16:41:22,162,AGENT,16:41:21,16:49:44,503,Z2OFERZ
AA0116,8777,0,0,IN,990921,16:50:19,16:50:31,12,0:00:00,0:00:00,0,AGENT,16:50:30,16:53:59,209,Z2ARIE
AA0116,8778,0,0,IN,990921,16:55:48,16:55:58,10,16:55:58,17:02:54,416,AGENT,17:02:54,17:03:20,26,Z2LIOR
AA0116,8779,0,0,IN,990921,17:05:24,17:05:40,16,0:00:00,0:00:00,0,AGENT,17:05:39,17:08:21,162,Z2LIOR
AA0116,8780,0,0,IN,990921,17:07:05,17:07:14,9,17:07:14,17:11:17,243,AGENT,17:11:16,17:27:15,959,Z2OFERZ
AA0116,8781,0,0,IN,990921,17:12:02,17:12:12,10,17:12:12,17:13:00,48,AGENT,17:13:00,17:14:16,76,Z2LIOR
AA0116,8782,0,0,IN,990921,17:15:19,17:15:38,19,0:00:00,0:00:00,0,AGENT,17:15:37,17:21:48,371,Z2LIOR
AA0116,8783,0,0,IN,990921,17:37:03,17:37:19,16,0:00:00,0:00:00,0,AGENT,17:37:18,17:41:43,265,Z2OFERZ
AA0116,8784,0,0,IN,990921,17:50:13,17:50:22,9,17:50:22,17:50:37,15,AGENT,17:50:36,17:52:47,131,Z2LIOR
AA0116,8785,0,0,IN,990921,17:57:10,17:57:20,10,17:57:20,17:58:56,96,AGENT,17:58:55,18:08:53,598,Z2LIOR
AA0116,8786,0,0,IN,990921,18:06:02,18:06:10,8,18:06:10,18:08:59,169,AGENT,18:08:58,18:13:32,274,Z2LIOR
AA0116,8787,0,0,IN,990921,18:10:57,18:11:06,9,18:11:06,18:12:31,85,AGENT,18:12:30,18:15:44,194,Z2OFER
AA0116,8788,0,0,IN,990921,18:25:12,18:25:28,16,0:00:00,0:00:00,0,AGENT,18:25:28,18:39:07,819,Z2LIOR
AA0116,8789,0,0,IN,990921,19:02:00,19:02:09,9,19:02:09,19:04:10,121,AGENT,19:04:09,19:06:06,117,Z2OFER
AA0116,8790,0,0,IN,990921,19:09:24,19:09:34,10,19:09:34,19:10:57,83,AGENT,19:10:57,19:18:33,456,Z2NIRIT
AA0116,8791,0,0,IN,990921,19:12:18,19:12:28,10,19:12:28,19:16:53,265,AGENT,19:16:52,19:19:10,138,Z2OFER
AA0116,8792,0,0,IN,990921,19:49:21,19:49:57,36,0:00:00,0:00:00,0,AGENT,19:49:56,20:03:13,797,Z2OFERZ
AA0116,8793,0,0,IN,990921,20:08:33,20:08:51,18,0:00:00,0:00:00,0,AGENT,20:08:50,20:12:09,199,Z2OFERZ
AA0116,8794,0,0,IN,990921,20:38:11,20:38:20,9,20:38:20,20:41:50,210,AGENT,20:41:49,20:42:39,50,VICKY
AA0116,8795,0,0,IN,990921,20:44:57,20:45:07,10,20:45:07,20:45:27,20,AGENT,20:45:26,20:46:08,42,VICKY
AA0116,8796,0,0,IN,990921,20:59:24,20:59:39,15,0:00:00,0:00:00,0,AGENT,20:59:38,21:08:11,513,Z2OFERZ
AA0116,8797,0,0,IN,990921,21:16:18,21:16:48,30,0:00:00,0:00:00,0,AGENT,21:16:47,21:20:34,227,Z2NIRIT
AA0116,8798,0,0,IN,990921,21:21:48,21:22:05,17,0:00:00,0:00:00,0,AGENT,21:22:04,21:35:52,828,Z2NIRIT
AA0116,8799,0,0,IN,990921,21:40:48,21:41:06,18,0:00:00,0:00:00,0,AGENT,21:41:06,21:42:11,65,Z2LIOR
AA0116,8800,0,0,IN,990921,21:57:20,21:57:34,14,0:00:00,0:00:00,0,AGENT,21:57:34,23:05:49,4095,Z2LIOR
AA0116,8801,0,0,IN,990921,22:05:38,22:05:53,15,0:00:00,0:00:00,0,AGENT,22:05:53,22:08:49,176,Z2NIRIT
AA0116,8802,0,0,IN,990921,22:17:07,22:17:21,14,0:00:00,0:00:00,0,AGENT,22:17:21,22:20:00,159,Z2NIRIT
AA0116,8803,0,0,IN,990921,22:29:00,22:29:14,14,0:00:00,0:00:00,0,AGENT,22:29:13,22:43:02,829,Z2NIRIT
AA0116,8804,0,0,IN,990921,22:56:04,22:56:13,9,22:56:13,22:56:21,8,AGENT,22:56:20,23:15:42,1162,Z2OFER
AA0116,8805,0,0,IN,990921,23:00:56,23:01:06,10,23:01:06,23:02:24,78,HANG,0:00:00,0:00:00,0,NO_SERVER
AA0116,8806,0,0,IN,990921,23:03:15,23:03:24,9,23:03:24,23:05:30,126,AGENT,23:05:29,23:15:15,586,Z2OFERZ
AA0116,8807,0,0,IN,990921,23:44:59,23:45:13,14,0:00:00,0:00:00,0,AGENT,23:45:11,0:01:13,962,Z2LIOR
AA0116,8808,0,0,IN,990922,0:44:05,0:44:23,18,0:00:00,0:00:00,0,HANG,0:00:00,0:00:00,0,NO_SERVER
AA0116,8809,0,0,IN,990922,7:12:17,7:12:33,16,0:00:00,0:00:00,0,AGENT,7:12:32,7:17:01,269,YIFAT
AA0116,8810,0,0,IN,990922,7:46:52,7:47:02,10,7:47:02,7:47:30,28,AGENT,7:47:28,7:50:14,166,YIFAT
AA0116,8811,0,0,IN,990922,8:21:46,8:21:56,10,8:21:56,8:22:18,22,AGENT,8:22:17,8:27:57,340,YIFAT
AA0116,8812,0,0,IN,990922,8:38:44,8:38:58,14,0:00:00,0:00:00,0,AGENT,8:38:57,8:44:02,305,Z2LIOR
AA0116,8813,0,0,IN,990922,8:48:41,8:48:50,9,8:48:50,8:49:16,26,PHANTOM,8:49:16,8:49:25,9,NO_SERVER
AA0116,8814,0,0,IN,990922,8:50:46,8:50:56,10,8:50:56,8:53:59,183,PHANTOM,8:53:57,8:54:10,13,NO_SERVER
AA0116,8815,0,0,IN,990922,8:56:44,8:56:54,10,8:56:54,9:04:12,438,AGENT,9:03:10,9:07:53,283,YIFAT
AA0116,8816,0,0,IN,990922,9:04:35,9:04:43,8,0:00:00,0:00:00,0,HANG,0:00:00,0:00:00,0,NO_SERVER
AA0116,8817,0,0,IN,990922,9:04:59,9:05:08,9,9:05:08,9:08:00,172,AGENT,9:07:59,9:18:33,634,YIFAT
AA0116,8818,0,0,IN,990922,9:11:46,9:11:52,6,0:00:00,0:00:00,0,HANG,0:00:00,0:00:00,0,NO_SERVER
AA0116,8819,0,0,IN,990922,9:33:29,9:33:48,19,0:00:00,0:00:00,0,AGENT,9:33:47,9:35:20,93,Z2LIOR
AA0116,8820,0,0,IN,990922,9:42:26,9:42:42,16,0:00:00,0:00:00,0,AGENT,9:42:41,9:48:55,374,Z2LIOR
AA0116,8821,0,0,IN,990922,9:54:22,9:54:38,16,0:00:00,0:00:00,0,AGENT,9:54:37,9:57:28,171,Z2ELINOR
AA0116,8822,0,0,IN,990922,10:13:27,10:13:41,14,0:00:00,0:00:00,0,AGENT,10:13:39,10:21:37,478,Z2ELINOR
AA0116,8823,0,0,IN,990922,10:42:21,10:42:30,9,10:42:30,10:42:46,16,HANG,0:00:00,0:00:00,0,NO_SERVER
AA0116,8824,0,0,IN,990922,10:52:10,10:52:27,17,0:00:00,0:00:00,0,AGENT,10:52:27,10:53:46,79,Z2LIOR
AA0116,8825,0,0,IN,990922,10:55:07,10:55:20,13,0:00:00,0:00:00,0,AGENT,10:55:19,11:08:00,761,Z2LIOR
AA0116,8826,0,0,IN,990922,11:15:57,11:16:21,24,0:00:00,0:00:00,0,AGENT,11:16:21,11:19:37,196,Z2LIOR
AA0116,8827,0,0,IN,990922,11:25:24,11:25:38,14,0:00:00,0:00:00,0,AGENT,11:25:38,11:35:33,595,Z2LIOR
AA0116,8828,0,0,IN,990922,11:29:12,11:29:22,10,11:29:22,11:29:24,2,HANG,0:00:00,0:00:00,0,NO_SERVER
AA0116,8829,0,0,IN,990922,11:30:50,11:30:59,9,11:30:59,11:33:17,138,HANG,0:00:00,0:00:00,0,NO_SERVER
AA0116,8830,0,0,IN,990922,11:33:52,11:34:01,9,11:34:01,11:34:24,23,HANG,0:00:00,0:00:00,0,NO_SERVER
AA0116,8831,0,0,IN,990922,11:38:35,11:38:51,16,0:00:00,0:00:00,0,AGENT,11:38:51,11:41:45,174,Z2ELINOR
AA0116,8832,0,0,IN,990922,11:51:51,11:52:04,13,0:00:00,0:00:00,0,AGENT,11:52:03,12:07:36,933,Z2ELINOR
AA0116,8833,0,0,IN,990922,11:56:29,11:56:39,10,11:56:39,11:59:12,153,AGENT,11:59:11,12:00:10,59,GOLDIE
AA0116,8834,0,0,IN,990922,12:11:15,12:11:27,12,0:00:00,0:00:00,0,AGENT,12:11:26,12:17:32,366,Z2ELINOR
AA0116,8835,0,0,IN,990922,12:26:31,12:26:43,12,0:00:00,0:00:00,0,AGENT,12:26:43,12:28:26,103,Z2LIOR
AA0116,8836,0,0,IN,990922,12:36:01,12:36:15,14,0:00:00,0:00:00,0,AGENT,12:36:14,12:40:25,251,YIFAT
AA0116,8837,0,0,IN,990922,13:01:52,13:02:07,15,0:00:00,0:00:00,0,AGENT,13:02:07,13:17:32,925,Z2LIOR
AA0116,8838,0,0,IN,990922,13:13:28,13:13:41,13,0:00:00,0:00:00,0,AGENT,13:13:40,13:16:01,141,Z2ELINOR
AA0116,8839,0,0,IN,990922,13:15:01,13:15:11,10,13:15:11,13:16:08,57,AGENT,13:16:07,13:26:15,608,Z2ELINOR
AA0116,8840,0,0,IN,990922,13:21:09,13:21:22,13,0:00:00,0:00:00,0,AGENT,13:21:22,13:32:54,692,Z2LIOR
AA0116,8841,0,0,IN,990922,13:42:01,13:42:10,9,13:42:10,13:44:00,110,HANG,0:00:00,0:00:00,0,NO_SERVER
AA0116,8842,0,0,IN,990922,13:51:58,13:52:13,15,0:00:00,0:00:00,0,AGENT,13:52:12,13:56:49,277,Z2LIOR
AA0116,8843,0,0,IN,990922,13:55:19,13:55:33,14,0:00:00,0:00:00,0,AGENT,13:55:32,13:56:50,78,YIFAT
AA0116,8844,0,0,IN,990922,14:02:14,14:02:23,9,14:02:23,14:03:35,72,HANG,14:03:30,14:06:25,175,NO_SERVER
AA0116,8845,0,0,IN,990922,14:09:25,14:09:40,15,0:00:00,0:00:00,0,AGENT,14:09:40,14:16:46,426,Z2ARIE
AA0116,8846,0,0,IN,990922,14:13:06,14:13:16,10,14:13:16,14:14:34,78,AGENT,14:14:33,14:16:04,91,Z2ELINOR
AA0116,8847,0,0,IN,990922,14:16:33,14:16:48,15,0:00:00,0:00:00,0,AGENT,14:16:46,14:31:09,863,Z2ELINOR
AA0116,8848,0,0,IN,990922,14:27:34,14:27:57,23,0:00:00,0:00:00,0,AGENT,14:27:56,14:32:27,271,YITZ
AA0116,8849,0,0,IN,990922,14:31:31,14:31:44,13,0:00:00,0:00:00,0,AGENT,14:31:43,14:34:02,139,Z2ELINOR
AA0116,8850,0,0,IN,990922,14:39:15,14:39:25,10,14:39:25,14:41:04,99,AGENT,14:41:03,14:42:32,89,YIFAT
AA0116,8851,0,0,IN,990922,14:50:37,14:50:44,7,0:00:00,0:00:00,0,HANG,0:00:00,0:00:00,0,NO_SERVER
AA0116,8852,0,0,IN,990922,15:00:34,15:00:44,10,15:00:44,15:06:31,347,AGENT,15:06:31,15:12:11,340,YITZ
AA0116,8853,0,0,IN,990922,15:13:31,15:13:48,17,0:00:00,0:00:00,0,AGENT,15:13:48,15:19:32,344,Z2IFAT
AA0116,8854,0,0,IN,990922,15:16:36,15:16:45,9,15:16:45,15:18:23,98,HANG,0:00:00,0:00:00,0,NO_SERVER
AA0116,8855,0,0,IN,990922,15:34:12,15:34:25,13,0:00:00,0:00:00,0,AGENT,15:34:24,15:36:05,101,Z2IFAT
AA0116,8856,0,0,IN,990922,15:51:18,15:51:33,15,0:00:00,0:00:00,0,AGENT,15:51:33,15:55:00,207,Z2IFAT
AA0116,8857,0,0,IN,990922,16:16:08,16:16:23,15,0:00:00,0:00:00,0,AGENT,16:16:22,16:17:01,39,Z2NIRIT
AA0116,8858,0,0,IN,990922,16:24:01,16:24:15,14,0:00:00,0:00:00,0,AGENT,16:24:15,16:28:18,243,Z2NIRIT
AA0116,8859,0,0,IN,990922,17:16:39,17:16:54,15,0:00:00,0:00:00,0,AGENT,17:16:54,17:36:58,1204,Z2IFAT
AA0116,8860,0,0,IN,990922,17:38:12,17:38:29,17,0:00:00,0:00:00,0,AGENT,17:38:28,17:42:55,267,Z2NIRIT
AA0116,8861,0,0,IN,990922,18:16:17,18:16:39,22,0:00:00,0:00:00,0,AGENT,18:16:39,18:19:43,184,Z2EYAL
AA0116,8862,0,0,IN,990922,18:27:14,18:27:33,19,0:00:00,0:00:00,0,AGENT,18:27:32,18:38:20,648,Z2NIRIT
AA0116,8863,0,0,IN,990922,18:42:32,18:42:49,17,0:00:00,0:00:00,0,AGENT,18:42:49,18:45:21,152,Z2IFAT
AA0116,8864,0,0,IN,990922,18:56:43,18:57:05,22,0:00:00,0:00:00,0,AGENT,18:57:04,19:08:39,695,Z2EYAL
AA0116,8865,0,0,IN,990922,19:14:45,19:15:01,16,0:00:00,0:00:00,0,AGENT,19:14:59,19:16:12,73,Z2OFERZ
AA0116,8866,0,0,IN,990922,19:16:34,19:16:48,14,0:00:00,0:00:00,0,AGENT,19:16:47,19:25:19,512,Z2IFAT
AA0116,8867,0,0,IN,990922,19:30:14,19:30:27,13,0:00:00,0:00:00,0,AGENT,19:30:27,19:32:01,94,Z2IFAT
AA0116,8868,0,0,IN,990922,19:36:32,19:36:47,15,0:00:00,0:00:00,0,AGENT,19:36:47,19:40:55,248,Z2IFAT
AA0116,8869,0,0,IN,990922,19:40:30,19:40:40,10,19:40:40,19:41:04,24,AGENT,19:41:02,19:45:40,278,Z2IFAT
AA0116,8870,0,0,IN,990922,19:56:26,19:56:43,17,0:00:00,0:00:00,0,AGENT,19:56:42,20:02:54,372,Z2OFERZ
AA0116,8871,0,0,IN,990922,20:05:55,20:06:11,16,0:00:00,0:00:00,0,AGENT,20:06:10,20:09:58,228,Z2NIRIT
AA0116,8872,0,0,IN,990922,20:17:01,20:17:16,15,0:00:00,0:00:00,0,AGENT,20:17:16,20:20:04,168,Z2OFERZ
AA0116,8873,0,0,IN,990922,20:18:28,20:18:30,2,0:00:00,0:00:00,0,HANG,0:00:00,0:00:00,0,NO_SERVER
AA0116,8874,0,0,IN,990922,20:39:22,20:39:37,15,0:00:00,0:00:00,0,AGENT,20:39:36,20:40:49,73,Z2EYAL
AA0116,8875,0,0,IN,990922,21:19:26,21:19:26,0,0:00:00,0:00:00,0,HANG,0:00:00,0:00:00,0,NO_SERVER
AA0116,8876,0,0,IN,990922,21:41:14,21:42:04,50,0:00:00,0:00:00,0,AGENT,21:42:04,21:54:36,752,Z2NIRIT
AA0116,8877,0,0,IN,990922,21:42:15,21:42:25,10,21:42:25,21:43:05,40,AGENT,21:43:04,21:59:08,964,Z2EYAL
AA0116,8878,0,0,IN,990922,21:45:07,21:45:22,15,0:00:00,0:00:00,0,AGENT,21:45:21,22:05:06,1185,Z2OFERZ
AA0116,8879,0,0,IN,990922,21:59:27,21:59:36,9,21:59:36,22:01:32,116,AGENT,22:01:31,22:12:50,679,Z2NIRIT
AA0116,8880,0,0,IN,990922,22:01:54,22:02:03,9,22:02:03,22:05:13,190,AGENT,22:05:13,22:30:01,1488,Z2OFERZ
AA0116,8881,0,0,IN,990922,22:41:16,22:41:30,14,0:00:00,0:00:00,0,AGENT,22:41:30,22:48:46,436,Z2EYAL
AA0116,8882,0,0,IN,990922,22:44:20,22:44:34,14,0:00:00,0:00:00,0,AGENT,22:44:34,23:03:50,1156,Z2NIRIT
AA0116,8883,0,0,IN,990922,22:51:08,22:51:21,13,0:00:00,0:00:00,0,AGENT,22:51:21,23:12:04,1243,Z2EYAL
AA0116,8884,0,0,IN,990922,23:01:49,23:01:59,10,23:01:59,23:03:07,68,HANG,0:00:00,0:00:00,0,NO_SERVER
AA0116,8885,0,0,IN,990922,23:04:20,23:04:29,9,23:04:29,23:12:11,462,AGENT,23:12:10,23:23:43,693,Z2EYAL
AA0116,8886,0,0,IN,990922,23:21:54,23:22:03,9,23:22:03,23:22:57,54,HANG,0:00:00,0:00:00,0,NO_SERVER
AA0116,8887,0,0,IN,990922,23:30:52,23:31:05,13,0:00:00,0:00:00,0,AGENT,23:31:04,23:44:32,808,Z2EYAL
AA0116,8888,0,0,IN,990922,23:49:48,23:50:08,20,0:00:00,0:00:00,0,AGENT,0:00:00,0:00:00,0,Z2EYAL
AA0116,8889,0,0,IN,990923,7:04:48,7:05:03,15,0:00:00,0:00:00,0,AGENT,7:05:02,7:22:18,1036,Z2ELINOR
AA0116,8890,0,0,IN,990923,7:24:33,7:24:51,18,0:00:00,0:00:00,0,AGENT,7:24:50,7:52:00,1630,Z2ELINOR
AA0116,8891,0,0,IN,990923,7:38:02,7:38:11,9,7:38:11,7:38:57,46,HANG,0:00:00,0:00:00,0,NO_SERVER
AA0116,8892,0,0,IN,990923,7:41:33,7:41:42,9,7:41:42,7:44:31,169,HANG,0:00:00,0:00:00,0,NO_SERVER
AA0116,8893,0,0,IN,990923,7:47:54,7:48:03,9,7:48:03,7:50:37,154,HANG,0:00:00,0:00:00,0,NO_SERVER
AA0116,8894,0,0,IN,990923,7:53:43,7:53:55,12,0:00:00,0:00:00,0,AGENT,7:53:55,7:55:12,77,Z2ELINOR
AA0116,8895,0,0,IN,990923,8:05:56,8:06:06,10,8:06:06,8:07:03,57,HANG,0:00:00,0:00:00,0,NO_SERVER
AA0116,8896,0,0,IN,990923,8:17:22,8:17:39,17,0:00:00,0:00:00,0,AGENT,8:17:39,8:21:32,233,Z2ELINOR
AA0116,8897,0,0,IN,990923,9:41:31,9:41:46,15,0:00:00,0:00:00,0,AGENT,9:41:45,9:47:43,358,Z2IFAT
AA0116,8898,0,0,IN,990923,9:48:57,9:49:10,13,0:00:00,0:00:00,0,AGENT,9:49:09,9:54:16,307,Z2ELINOR
AA0116,8899,0,0,IN,990923,10:05:16,10:05:30,14,0:00:00,0:00:00,0,AGENT,10:05:29,10:13:57,508,Z2IFAT
AA0116,8900,0,0,IN,990923,10:23:12,10:23:28,16,0:00:00,0:00:00,0,AGENT,10:23:27,10:27:22,235,Z2EYAL
AA0116,8901,0,0,IN,990923,10:37:02,10:37:18,16,0:00:00,0:00:00,0,AGENT,10:37:18,10:38:24,66,Z2EYAL
AA0116,8902,0,0,IN,990923,10:38:40,10:38:53,13,0:00:00,0:00:00,0,AGENT,10:38:52,10:43:49,297,Z2EYAL
AA0116,8903,0,0,IN,990923,10:56:47,10:57:01,14,0:00:00,0:00:00,0,AGENT,10:57:00,11:06:16,556,Z2EYAL
AA0116,8904,0,0,IN,990923,11:17:17,11:17:38,21,0:00:00,0:00:00,0,AGENT,11:17:37,11:28:46,669,Z2EYAL
AA0116,8905,0,0,IN,990923,11:32:04,11:32:20,16,0:00:00,0:00:00,0,AGENT,11:32:18,11:34:29,131,Z2EYAL
AA0116,8906,0,0,IN,990923,11:37:51,11:38:16,25,11:38:16,11:38:50,34,AGENT,11:38:49,11:53:03,854,Z2EYAL
AA0116,8907,0,0,IN,990923,11:53:39,11:53:53,14,0:00:00,0:00:00,0,AGENT,11:53:52,11:55:33,101,YIFAT
AA0116,8908,0,0,IN,990923,11:59:31,11:59:48,17,0:00:00,0:00:00,0,AGENT,11:59:47,12:01:20,93,Z2IFAT
AA0116,8909,0,0,IN,990923,12:17:29,12:17:43,14,0:00:00,0:00:00,0,AGENT,12:17:42,12:20:56,194,Z2OFERZ
AA0116,8910,0,0,IN,990923,12:22:03,12:22:16,13,0:00:00,0:00:00,0,AGENT,12:22:15,12:26:37,262,Z2OFERZ
AA0116,8911,0,0,IN,990923,12:43:06,12:43:24,18,0:00:00,0:00:00,0,AGENT,12:43:24,12:45:03,99,Z2EYAL
AA0116,8912,0,0,IN,990923,13:01:50,13:02:03,13,0:00:00,0:00:00,0,AGENT,13:02:02,13:06:37,275,Z2IFAT
AA0116,8913,0,0,IN,990923,13:13:46,13:14:01,15,0:00:00,0:00:00,0,AGENT,13:14:00,13:17:38,218,Z2OFERZ
AA0116,8914,0,0,IN,990923,13:33:36,13:33:50,14,0:00:00,0:00:00,0,AGENT,13:33:50,13:37:14,204,Z2ELINOR
AA0116,8915,0,0,IN,990923,13:39:55,13:40:28,33,0:00:00,0:00:00,0,AGENT,13:40:27,14:00:11,1184,Z2ELINOR
AA0116,8916,0,0,IN,990923,13:42:21,13:42:35,14,0:00:00,0:00:00,0,AGENT,13:42:33,13:47:31,298,Z2EYAL
AA0116,8917,0,0,IN,990923,13:46:29,13:46:39,10,13:46:39,13:47:01,22,AGENT,13:47:00,13:50:40,220,YIFAT
AA0116,8918,0,0,IN,990923,14:01:22,14:01:39,17,0:00:00,0:00:00,0,AGENT,14:01:38,14:04:50,192,Z2IFAT
AA0116,8919,0,0,IN,990923,14:21:19,14:21:33,14,0:00:00,0:00:00,0,AGENT,14:21:33,14:25:35,242,Z2IFAT
AA0116,8920,0,0,IN,990923,14:23:48,14:23:58,10,14:23:58,14:25:32,94,AGENT,14:25:32,14:40:49,917,Z2OFERZ
AA0116,8921,0,0,IN,990923,14:35:36,14:35:49,13,0:00:00,0:00:00,0,AGENT,14:35:48,14:38:30,162,YIFAT
AA0116,8922,0,0,IN,990923,14:49:01,14:49:15,14,0:00:00,0:00:00,0,AGENT,14:49:13,14:49:52,39,YIFAT
AA0116,8923,0,0,IN,990923,15:01:04,15:01:13,9,15:01:13,15:02:20,67,AGENT,15:02:20,16:23:30,4870,Z2ARIE
AA0116,8924,0,0,IN,990923,15:19:18,15:19:31,13,0:00:00,0:00:00,0,AGENT,15:19:30,15:22:31,181,YIFAT
AA0116,8925,0,0,IN,990923,15:39:37,15:39:51,14,0:00:00,0:00:00,0,AGENT,15:39:51,15:47:03,432,Z2OFERZ
AA0116,8926,0,0,IN,990923,15:55:01,15:55:17,16,0:00:00,0:00:00,0,AGENT,15:55:16,16:03:30,494,Z2OFERZ
AA0116,8927,0,0,IN,990923,16:09:33,16:09:47,14,0:00:00,0:00:00,0,AGENT,16:09:47,16:10:48,61,Z2ARIE
AA0116,8928,0,0,IN,990923,16:34:34,16:34:51,17,0:00:00,0:00:00,0,AGENT,16:34:49,16:39:35,286,Z2NIRIT
AA0116,8929,0,0,IN,990923,17:03:18,17:03:35,17,0:00:00,0:00:00,0,AGENT,17:03:34,17:05:03,89,Z2NIRIT
AA0116,8930,0,0,IN,990923,17:41:18,17:41:34,16,0:00:00,0:00:00,0,AGENT,17:41:34,17:51:09,575,Z2NIRIT
AA0116,8931,0,0,IN,990923,17:56:02,17:56:18,16,0:00:00,0:00:00,0,AGENT,17:56:18,17:56:52,34,Z2OFERZ
AA0116,8932,0,0,IN,990923,18:08:36,18:09:01,25,0:00:00,0:00:00,0,AGENT,18:09:01,18:10:18,77,Z2ARIE
AA0116,8933,0,0,IN,990923,18:28:50,18:29:02,12,0:00:00,0:00:00,0,AGENT,18:29:02,18:34:42,340,Z2ARIE
AA0116,8934,0,0,IN,990923,18:31:43,18:32:00,17,0:00:00,0:00:00,0,AGENT,18:31:59,18:35:05,186,Z2LIOR
AA0116,8935,0,0,IN,990923,18:48:33,18:48:47,14,0:00:00,0:00:00,0,AGENT,18:48:46,18:52:58,252,Z2ARIE
AA0116,8936,0,0,IN,990923,18:53:13,18:53:26,13,0:00:00,0:00:00,0,AGENT,18:53:25,19:08:57,932,Z2ARIE
AA0116,8937,0,0,IN,990923,19:06:43,19:06:57,14,0:00:00,0:00:00,0,AGENT,19:06:56,19:14:03,427,Z2NIRIT
AA0116,8938,0,0,IN,990923,19:25:37,19:25:51,14,0:00:00,0:00:00,0,AGENT,19:25:50,19:27:23,93,Z2ARIE
AA0116,8939,0,0,IN,990923,19:28:47,19:29:00,13,0:00:00,0:00:00,0,AGENT,19:28:59,19:41:29,750,Z2NIRIT
AA0116,8940,0,0,IN,990923,19:37:38,19:37:51,13,0:00:00,0:00:00,0,AGENT,19:37:51,19:46:20,509,Z2ARIE
AA0116,8941,0,0,IN,990923,20:00:12,20:00:26,14,0:00:00,0:00:00,0,AGENT,20:00:25,20:01:52,87,Z2ARIE
AA0116,8942,0,0,IN,990923,20:16:04,20:16:17,13,0:00:00,0:00:00,0,AGENT,20:16:16,20:22:07,351,Z2ARIE
AA0116,8943,0,0,IN,990923,20:34:39,20:34:48,9,20:34:48,20:35:45,57,AGENT,20:35:45,20:37:37,112,Z2LIOR
AA0116,8944,0,0,IN,990923,20:47:00,20:47:16,16,0:00:00,0:00:00,0,AGENT,20:47:15,21:05:31,1096,Z2LIOR
AA0116,8945,0,0,IN,990923,20:52:16,20:52:25,9,20:52:25,20:54:30,125,AGENT,20:54:29,20:57:17,168,STEREN
AA0116,8946,0,0,IN,990923,21:30:01,21:30:15,14,0:00:00,0:00:00,0,AGENT,21:30:15,21:38:40,505,Z2LIOR
AA0116,8947,0,0,IN,990923,21:45:42,21:46:05,23,0:00:00,0:00:00,0,AGENT,21:46:04,21:52:56,412,Z2LIOR
AA0116,8948,0,0,IN,990923,22:20:20,22:20:35,15,0:00:00,0:00:00,0,AGENT,22:20:34,22:31:23,649,Z2NIRIT
AA0116,8949,0,0,IN,990923,22:34:23,22:34:37,14,0:00:00,0:00:00,0,AGENT,22:34:37,22:43:52,555,Z2NIRIT
AA0116,8950,0,0,IN,990923,22:54:31,22:54:46,15,0:00:00,0:00:00,0,AGENT,22:54:46,22:58:14,208,Z2LIOR
AA0116,8951,0,0,IN,990923,23:01:40,23:01:57,17,0:00:00,0:00:00,0,AGENT,23:01:56,23:02:56,60,STEREN
AA0116,8952,0,0,IN,990923,23:34:43,23:35:12,29,0:00:00,0:00:00,0,AGENT,23:35:12,23:36:54,102,Z2NIRIT
AA0116,8953,0,0,IN,990923,23:46:22,23:46:35,13,0:00:00,0:00:00,0,AGENT,23:46:34,23:51:15,281,Z2NIRIT
AA0116,8955,0,0,IN,990924,0:07:14,0:07:31,17,0:00:00,0:00:00,0,HANG,0:00:00,0:00:00,0,NO_SERVER
AA0116,8956,0,0,IN,990924,0:09:10,0:09:43,33,0:00:00,0:00:00,0,HANG,0:00:00,0:00:00,0,NO_SERVER
AA0116,8957,0,0,IN,990924,7:25:56,7:26:12,16,0:00:00,0:00:00,0,AGENT,7:26:11,7:39:46,815,Z2ELINOR
AA0116,8958,0,0,IN,990924,7:49:04,7:49:13,9,7:49:13,7:52:10,177,AGENT,7:52:10,7:53:51,101,Z2EYAL
AA0116,8959,0,0,IN,990924,8:29:30,8:29:49,19,0:00:00,0:00:00,0,AGENT,8:29:48,8:39:46,598,Z2EYAL
AA0116,8960,0,0,IN,990924,10:05:41,10:05:54,13,0:00:00,0:00:00,0,AGENT,10:05:53,10:06:39,46,Z2ELINOR
AA0116,8961,0,0,IN,990924,10:10:52,10:11:10,18,0:00:00,0:00:00,0,AGENT,10:11:09,10:12:42,93,Z2ELINOR
AA0116,8962,0,0,IN,990924,10:34:53,10:35:06,13,0:00:00,0:00:00,0,AGENT,10:35:05,10:36:07,62,Z2ELINOR
AA0116,8963,0,0,IN,990924,10:48:03,10:48:18,15,0:00:00,0:00:00,0,AGENT,10:48:16,10:52:46,270,Z2ELINOR
AA0116,8964,0,0,IN,990924,10:53:30,10:53:44,14,0:00:00,0:00:00,0,AGENT,10:53:42,10:55:42,120,Z2ELINOR
AA0116,8965,0,0,IN,990924,11:04:04,11:04:18,14,0:00:00,0:00:00,0,AGENT,11:04:17,11:07:28,191,Z2ELINOR
AA0116,8966,0,0,IN,990924,11:29:33,11:29:49,16,0:00:00,0:00:00,0,AGENT,11:29:48,11:33:44,236,Z2ELINOR
AA0116,8967,0,0,IN,990924,11:48:29,11:48:46,17,0:00:00,0:00:00,0,AGENT,11:48:45,11:52:27,222,Z2ELINOR
AA0116,8968,0,0,IN,990924,12:07:07,12:07:22,15,0:00:00,0:00:00,0,AGENT,12:07:21,12:10:50,209,Z2OFERZ
AA0116,8969,0,0,IN,990924,12:22:36,12:22:54,18,0:00:00,0:00:00,0,AGENT,12:22:53,12:27:22,269,Z2OFERZ
AA0116,8970,0,0,IN,990924,12:42:23,12:42:42,19,0:00:00,0:00:00,0,AGENT,12:42:41,12:43:10,29,NO_SERVER
AA0116,8971,0,0,IN,990924,12:42:54,12:43:09,15,0:00:00,0:00:00,0,AGENT,12:43:09,12:45:35,146,Z2ELINOR
AA0116,8972,0,0,IN,990924,12:57:28,12:57:42,14,0:00:00,0:00:00,0,AGENT,12:57:42,12:59:08,86,Z2ELINOR
AA0116,8973,0,0,IN,990924,13:43:04,13:43:22,18,0:00:00,0:00:00,0,AGENT,13:43:21,13:46:58,217,Z2ELINOR
AA0116,8974,0,0,IN,990924,14:06:10,14:06:29,19,0:00:00,0:00:00,0,HANG,0:00:00,0:00:00,0,NO_SERVER
AA0116,8975,0,0,IN,990924,14:26:21,14:27:39,78,0:00:00,0:00:00,0,HANG,0:00:00,0:00:00,0,NO_SERVER
AA0116,8976,0,0,IN,990924,14:39:30,14:39:45,15,0:00:00,0:00:00,0,HANG,0:00:00,0:00:00,0,NO_SERVER
AA0116,8977,0,0,IN,990925,18:58:43,18:59:04,21,0:00:00,0:00:00,0,HANG,0:00:00,0:00:00,0,NO_SERVER
AA0116,8978,0,0,IN,990925,19:27:08,19:27:32,24,0:00:00,0:00:00,0,HANG,0:00:00,0:00:00,0,NO_SERVER
AA0116,8979,0,0,IN,990925,20:54:27,20:54:44,17,0:00:00,0:00:00,0,AGENT,20:54:43,21:04:33,590,Z2ELINOR
AA0116,8980,0,0,IN,990925,21:00:27,21:00:36,9,21:00:36,21:04:42,246,AGENT,21:04:41,21:07:12,151,Z2ELINOR
AA0116,8981,0,0,IN,990925,22:11:04,22:11:25,21,0:00:00,0:00:00,0,AGENT,22:11:24,22:15:20,236,Z2ELINOR
AA0116,8982,0,0,IN,990926,0:05:26,0:05:43,17,0:00:00,0:00:00,0,HANG,0:00:00,0:00:00,0,NO_SERVER
AA0116,8983,0,0,IN,990926,7:18:46,7:18:58,12,0:00:00,0:00:00,0,AGENT,7:18:57,7:20:00,63,YIFAT
AA0116,8984,0,0,IN,990926,7:56:49,7:57:05,16,0:00:00,0:00:00,0,AGENT,7:57:04,8:05:52,528,Z2OFERZ
AA0116,8985,0,0,IN,990926,8:09:07,8:09:21,14,0:00:00,0:00:00,0,AGENT,8:09:20,8:28:55,1175,Z2OFERZ
AA0116,8986,0,0,IN,990926,8:36:05,8:36:16,11,0:00:00,0:00:00,0,AGENT,8:36:16,8:40:25,249,YIFAT
AA0116,8987,0,0,IN,990926,9:14:33,9:15:09,36,0:00:00,0:00:00,0,AGENT,9:15:08,9:39:38,1470,Z2OFERZ
AA0116,8988,0,0,IN,990926,9:42:19,9:42:33,14,0:00:00,0:00:00,0,AGENT,9:42:33,9:46:26,233,Z2EYAL
AA0116,8989,0,0,IN,990926,9:59:41,9:59:59,18,0:00:00,0:00:00,0,AGENT,9:59:58,10:06:05,367,Z2OFERZ
AA0116,8990,0,0,IN,990926,10:14:25,10:14:43,18,0:00:00,0:00:00,0,AGENT,10:14:43,10:24:06,563,Z2EYAL
AA0116,8991,0,0,IN,990926,10:19:52,10:20:05,13,0:00:00,0:00:00,0,AGENT,10:20:04,10:22:12,128,YIFAT
AA0116,8992,0,0,IN,990926,10:28:56,10:29:14,18,0:00:00,0:00:00,0,AGENT,10:29:13,10:31:47,154,Z2EYAL
AA0116,8993,0,0,IN,990926,10:36:03,10:36:12,9,10:36:12,10:37:02,50,AGENT,10:37:01,10:38:40,99,YIFAT
AA0116,8994,0,0,IN,990926,10:54:59,10:55:09,10,10:55:09,10:55:53,44,AGENT,10:55:51,11:13:08,1037,Z2OFERZ
AA0116,8995,0,0,IN,990926,10:59:35,10:59:44,9,10:59:44,11:00:35,51,HANG,0:00:00,0:00:00,0,NO_SERVER
AA0116,8996,0,0,IN,990926,11:12:48,11:13:02,14,0:00:00,0:00:00,0,AGENT,11:13:02,11:13:44,42,Z2EYAL
AA0116,8997,0,0,IN,990926,11:28:52,11:29:04,12,0:00:00,0:00:00,0,AGENT,11:29:04,11:29:28,24,YIFAT
AA0116,8998,0,0,IN,990926,11:38:56,11:39:09,13,0:00:00,0:00:00,0,AGENT,11:39:08,11:40:38,90,YIFAT
AA0116,8999,0,0,IN,990926,11:42:11,11:42:20,9,11:42:20,11:45:09,169,HANG,0:00:00,0:00:00,0,NO_SERVER
AA0116,9000,0,0,IN,990926,11:48:09,11:48:18,9,11:48:18,11:51:47,209,AGENT,11:51:47,11:52:17,30,YIFAT
AA0116,9001,0,0,IN,990926,12:03:20,12:03:30,10,0:00:00,0:00:00,0,AGENT,12:03:33,12:03:42,9,NO_SERVER
AA0116,9002,0,0,IN,990926,12:26:07,12:26:21,14,0:00:00,0:00:00,0,AGENT,12:26:20,12:26:52,32,YIFAT
AA0116,9003,0,0,IN,990926,12:48:35,12:48:51,16,0:00:00,0:00:00,0,AGENT,12:48:50,13:03:31,881,Z2EYAL
AA0116,9004,0,0,IN,990926,13:14:59,13:15:05,6,0:00:00,0:00:00,0,HANG,0:00:00,0:00:00,0,NO_SERVER
AA0116,9005,0,0,IN,990926,13:35:52,13:36:16,24,13:36:16,13:36:45,29,AGENT,13:36:45,13:45:58,553,Z2EYAL
AA0116,9006,0,0,IN,990926,13:44:04,13:44:14,10,13:44:14,13:44:25,11,AGENT,13:44:24,13:45:02,38,YIFAT
AA0116,9007,0,0,IN,990926,13:58:53,13:59:06,13,0:00:00,0:00:00,0,AGENT,13:59:05,14:00:51,106,YIFAT
AA0116,9008,0,0,IN,990926,15:00:16,15:00:30,14,0:00:00,0:00:00,0,AGENT,15:00:29,15:36:41,2172,Z2EYAL
AA0116,9009,0,0,IN,990926,15:05:39,15:05:49,10,15:05:49,15:07:20,91,HANG,0:00:00,0:00:00,0,NO_SERVER
AA0116,9010,0,0,IN,990926,15:50:33,15:50:49,16,0:00:00,0:00:00,0,AGENT,15:50:49,15:57:20,391,Z2EYAL
AA0116,9011,0,0,IN,990926,15:57:57,15:58:11,14,0:00:00,0:00:00,0,AGENT,15:58:11,16:19:11,1260,Z2ARIE
AA0116,9012,0,0,IN,990926,16:04:24,16:04:38,14,0:00:00,0:00:00,0,AGENT,16:04:38,16:12:27,469,Z2ELINOR
AA0116,9013,0,0,IN,990926,16:14:58,16:15:08,10,16:15:08,16:19:22,254,AGENT,16:19:22,16:24:07,285,Z2ARIE
AA0116,9014,0,0,IN,990926,16:37:49,16:38:03,14,0:00:00,0:00:00,0,AGENT,16:38:02,16:43:13,311,Z2ARIE
AA0116,9015,0,0,IN,990926,16:46:27,16:46:39,12,0:00:00,0:00:00,0,AGENT,16:46:39,17:13:40,1621,Z2ARIE
AA0116,9016,0,0,IN,990926,16:49:05,16:49:14,9,16:49:14,16:55:13,359,AGENT,16:55:13,17:01:38,385,Z2ELINOR
AA0116,9017,0,0,IN,990926,17:08:32,17:08:48,16,0:00:00,0:00:00,0,AGENT,17:08:48,17:10:36,108,Z2OFER
AA0116,9018,0,0,IN,990926,17:48:35,17:48:59,24,0:00:00,0:00:00,0,AGENT,17:48:58,18:35:05,2767,Z2OFER
AA0116,9019,0,0,IN,990926,18:15:41,18:15:58,17,0:00:00,0:00:00,0,AGENT,18:15:56,18:20:53,297,Z2ELINOR
AA0116,9020,0,0,IN,990926,18:22:53,18:23:10,17,0:00:00,0:00:00,0,AGENT,18:23:09,18:50:13,1624,Z2ELINOR
AA0116,9021,0,0,IN,990926,18:50:18,18:50:34,16,0:00:00,0:00:00,0,AGENT,18:50:33,18:54:26,233,Z2ARIE
AA0116,9022,0,0,IN,990926,19:09:35,19:09:52,17,0:00:00,0:00:00,0,AGENT,19:09:52,19:13:32,220,Z2ARIE
AA0116,9023,0,0,IN,990926,19:28:11,19:28:25,14,0:00:00,0:00:00,0,AGENT,19:28:24,19:38:35,611,Z2ARIE
AA0116,9024,0,0,IN,990926,19:44:54,19:45:09,15,0:00:00,0:00:00,0,AGENT,19:45:09,19:47:20,131,Z2NIRIT
AA0116,9025,0,0,IN,990926,20:21:03,20:21:17,14,0:00:00,0:00:00,0,AGENT,20:21:16,20:51:25,1809,Z2OFER
AA0116,9026,0,0,IN,990926,20:46:26,20:46:42,16,0:00:00,0:00:00,0,AGENT,20:46:42,20:49:17,155,Z2NIRIT
AA0116,9027,0,0,IN,990926,21:14:56,21:15:14,18,0:00:00,0:00:00,0,AGENT,21:15:13,21:19:40,267,Z2NIRIT
AA0116,9028,0,0,IN,990926,21:38:45,21:39:02,17,0:00:00,0:00:00,0,AGENT,21:39:02,21:42:04,182,Z2NIRIT
AA0116,9029,0,0,IN,990926,22:05:43,22:05:58,15,0:00:00,0:00:00,0,AGENT,22:05:57,22:09:56,239,Z2ELINOR
AA0116,9030,0,0,IN,990926,22:38:57,22:39:13,16,0:00:00,0:00:00,0,AGENT,22:39:12,22:44:28,316,Z2OFER
AA0116,9031,0,0,IN,990926,22:43:42,22:43:57,15,0:00:00,0:00:00,0,AGENT,22:43:57,22:46:52,175,Z2NIRIT
AA0116,9032,0,0,IN,990926,22:47:26,22:47:38,12,0:00:00,0:00:00,0,AGENT,22:47:38,22:50:47,189,Z2NIRIT
AA0116,9033,0,0,IN,990926,23:03:43,23:03:58,15,0:00:00,0:00:00,0,AGENT,23:03:57,23:35:32,1895,Z2LIOR
AA0116,9034,0,0,IN,990926,23:40:52,23:41:04,12,0:00:00,0:00:00,0,AGENT,23:41:04,23:43:02,118,Z2NIRIT
AA0116,9035,0,0,IN,990927,7:04:28,7:05:06,38,0:00:00,0:00:00,0,HANG,0:00:00,0:00:00,0,NO_SERVER
AA0116,9036,0,0,IN,990927,8:07:09,8:07:23,14,0:00:00,0:00:00,0,AGENT,8:07:22,8:20:37,795,Z2OFER
AA0116,9037,0,0,IN,990927,9:10:30,9:10:44,14,0:00:00,0:00:00,0,AGENT,9:10:44,9:27:06,982,Z2OFER
AA0116,9038,0,0,IN,990927,10:01:24,10:01:40,16,0:00:00,0:00:00,0,AGENT,10:01:39,10:04:47,188,Z2OFERZ
AA0116,9039,0,0,IN,990927,10:05:43,10:05:58,15,0:00:00,0:00:00,0,AGENT,10:05:58,10:06:49,51,Z2OFERZ
AA0116,9040,0,0,IN,990927,10:18:17,10:18:33,16,0:00:00,0:00:00,0,AGENT,10:18:33,10:19:53,80,Z2OFERZ
AA0116,9041,0,0,IN,990927,10:27:00,10:27:09,9,10:27:09,10:28:49,100,AGENT,10:28:48,10:35:38,410,Z2OFER
AA0116,9042,0,0,IN,990927,10:37:41,10:37:58,17,0:00:00,0:00:00,0,AGENT,10:37:58,10:45:40,462,Z2OFERZ
AA0116,9043,0,0,IN,990927,11:02:09,11:02:18,9,11:02:18,11:02:55,37,AGENT,11:02:54,11:04:36,102,Z2OFER
AA0116,9044,0,0,IN,990927,11:36:59,11:37:15,16,0:00:00,0:00:00,0,AGENT,11:37:14,11:40:19,185,Z2IFAT
AA0116,9045,0,0,IN,990927,11:43:32,11:44:02,30,0:00:00,0:00:00,0,AGENT,11:44:01,11:44:31,30,Z2OFER
AA0116,9046,0,0,IN,990927,11:53:16,11:53:25,9,11:53:25,11:56:53,208,AGENT,11:56:53,11:58:02,69,Z2IFAT
AA0116,9047,0,0,IN,990927,12:07:16,12:07:48,32,0:00:00,0:00:00,0,AGENT,12:07:47,12:14:03,376,Z2IFAT
AA0116,9048,0,0,IN,990927,12:14:58,12:15:14,16,0:00:00,0:00:00,0,AGENT,12:15:13,12:15:52,39,Z2OFER
AA0116,9049,0,0,IN,990927,12:29:00,12:29:16,16,0:00:00,0:00:00,0,AGENT,12:29:16,13:05:15,2159,Z2OFER
AA0116,9050,0,0,IN,990927,12:41:17,12:41:26,9,12:41:26,12:43:11,105,HANG,0:00:00,0:00:00,0,NO_SERVER
AA0116,9051,0,0,IN,990927,13:23:51,13:24:00,9,13:24:00,13:28:21,261,HANG,0:00:00,0:00:00,0,NO_SERVER
AA0116,9052,0,0,IN,990927,13:30:15,13:30:25,10,13:30:25,13:34:24,239,HANG,0:00:00,0:00:00,0,NO_SERVER
AA0116,9053,0,0,IN,990927,13:54:15,13:54:24,9,13:54:24,13:56:44,140,AGENT,13:56:43,13:58:06,83,Z2LIOR
AA0116,9054,0,0,IN,990927,14:11:27,14:11:47,20,0:00:00,0:00:00,0,AGENT,14:11:47,14:12:12,25,Z2IFAT
AA0116,9055,0,0,IN,990927,14:12:39,14:12:49,10,0:00:00,0:00:00,0,AGENT,14:12:55,14:13:07,12,NO_SERVER
AA0116,9056,0,0,IN,990927,14:19:42,14:19:56,14,0:00:00,0:00:00,0,AGENT,14:19:56,14:21:28,92,Z2LIOR
AA0116,9057,0,0,IN,990927,14:20:23,14:20:36,13,0:00:00,0:00:00,0,AGENT,14:20:34,14:42:20,1306,Z2IFAT
AA0116,9058,0,0,IN,990927,14:51:18,14:51:33,15,0:00:00,0:00:00,0,AGENT,14:51:33,15:03:58,745,Z2IFAT
AA0116,9059,0,0,IN,990927,15:07:49,15:08:06,17,0:00:00,0:00:00,0,AGENT,15:08:05,15:12:41,276,Z2IFAT
AA0116,9060,0,0,IN,990927,15:16:29,15:16:48,19,0:00:00,0:00:00,0,AGENT,15:16:47,15:25:44,537,Z2IFAT
AA0116,9061,0,0,IN,990927,15:23:58,15:24:07,9,15:24:07,15:24:49,42,AGENT,15:24:48,15:25:27,39,Z2LIOR
AA0116,9062,0,0,IN,990927,15:39:50,15:40:00,10,15:40:00,15:41:09,69,AGENT,15:41:09,15:42:42,93,Z2ARIE
AA0116,9063,0,0,IN,990927,15:52:16,15:52:30,14,0:00:00,0:00:00,0,AGENT,15:52:29,16:11:59,1170,Z2IFAT
AA0116,9064,0,0,IN,990927,16:01:50,16:01:59,9,16:01:59,16:03:18,79,AGENT,16:03:17,16:05:28,131,Z2ARIE
AA0116,9065,0,0,IN,990927,16:04:59,16:05:08,9,16:05:08,16:12:05,417,AGENT,16:12:04,16:20:25,501,Z2IFAT
AA0116,9066,0,0,IN,990927,16:40:00,16:40:16,16,0:00:00,0:00:00,0,AGENT,16:40:15,16:52:00,705,Z2IFAT
AA0116,9067,0,0,IN,990927,16:55:25,16:55:44,19,0:00:00,0:00:00,0,AGENT,16:55:44,17:04:50,546,Z2IFAT
AA0116,9068,0,0,IN,990927,17:15:19,17:15:34,15,0:00:00,0:00:00,0,AGENT,17:15:33,17:23:06,453,Z2LIOR
AA0116,9069,0,0,IN,990927,17:29:19,17:29:32,13,0:00:00,0:00:00,0,AGENT,17:29:32,17:31:55,143,Z2LIOR
AA0116,9070,0,0,IN,990927,17:41:41,17:42:06,25,17:42:06,17:42:11,5,AGENT,17:42:10,17:49:54,464,Z2ARIE
AA0116,9071,0,0,IN,990927,17:56:31,17:56:49,18,0:00:00,0:00:00,0,AGENT,17:56:49,17:58:38,109,Z2EYAL
AA0116,9072,0,0,IN,990927,18:17:18,18:17:27,9,18:17:27,18:19:14,107,AGENT,18:19:13,18:20:09,56,Z2NIRIT
AA0116,9073,0,0,IN,990927,18:26:13,18:26:28,15,0:00:00,0:00:00,0,AGENT,18:26:27,18:27:15,48,Z2NIRIT
AA0116,9074,0,0,IN,990927,18:56:10,18:56:23,13,0:00:00,0:00:00,0,AGENT,18:56:23,19:10:29,846,Z2NIRIT
AA0116,9075,0,0,IN,990927,19:10:06,19:10:15,9,19:10:15,19:10:31,16,AGENT,19:10:30,19:11:49,79,Z2ARIE
AA0116,9076,0,0,IN,990927,19:19:59,19:20:13,14,0:00:00,0:00:00,0,AGENT,19:20:13,19:27:53,460,Z2NIRIT
AA0116,9077,0,0,IN,990927,19:40:38,19:40:47,9,19:40:47,19:41:28,41,HANG,0:00:00,0:00:00,0,NO_SERVER
AA0116,9078,0,0,IN,990927,19:56:41,19:56:55,14,0:00:00,0:00:00,0,AGENT,19:56:54,20:00:44,230,Z2NIRIT
AA0116,9079,0,0,IN,990927,20:17:50,20:17:54,4,0:00:00,0:00:00,0,HANG,0:00:00,0:00:00,0,NO_SERVER
AA0116,9080,0,0,IN,990927,20:50:40,20:50:57,17,0:00:00,0:00:00,0,AGENT,20:50:56,20:55:02,246,Z2NIRIT
AA0116,9081,0,0,IN,990927,21:03:23,21:03:36,13,0:00:00,0:00:00,0,AGENT,21:03:35,21:14:06,631,Z2ELINOR
AA0116,9082,0,0,IN,990927,21:15:28,21:15:46,18,0:00:00,0:00:00,0,AGENT,21:15:46,21:20:10,264,Z2EYAL
AA0116,9083,0,0,IN,990927,21:36:02,21:36:17,15,0:00:00,0:00:00,0,AGENT,21:36:16,22:16:54,2438,Z2ARIE
AA0116,9084,0,0,IN,990927,22:40:30,22:40:45,15,0:00:00,0:00:00,0,AGENT,22:40:45,22:44:03,198,Z2EYAL
AA0116,9085,0,0,IN,990927,23:14:49,23:15:03,14,0:00:00,0:00:00,0,AGENT,23:15:03,23:17:07,124,Z2NIRIT
AA0116,9086,0,0,IN,990927,23:43:45,23:43:55,10,23:43:55,23:45:58,123,AGENT,23:45:58,23:56:50,652,Z2ELINOR
AA0116,9087,0,0,IN,990928,0:42:08,0:42:29,21,0:00:00,0:00:00,0,HANG,0:00:00,0:00:00,0,NO_SERVER
AA0116,9088,0,0,IN,990928,7:25:50,7:26:06,16,0:00:00,0:00:00,0,AGENT,7:26:06,7:33:52,466,Z2IFAT
AA0116,9089,0,0,IN,990928,8:18:40,8:18:56,16,0:00:00,0:00:00,0,AGENT,8:18:55,8:21:06,131,Z2IFAT
AA0116,9090,0,0,IN,990928,8:52:09,8:52:23,14,0:00:00,0:00:00,0,AGENT,8:52:22,8:54:35,133,Z2IFAT
AA0116,9091,0,0,IN,990928,8:58:58,8:59:12,14,0:00:00,0:00:00,0,AGENT,8:59:11,9:00:34,83,Z2IFAT
AA0116,9092,0,0,IN,990928,9:09:06,9:09:19,13,0:00:00,0:00:00,0,AGENT,9:09:19,9:14:26,307,Z2IFAT
AA0116,9093,0,0,IN,990928,9:14:23,9:14:36,13,0:00:00,0:00:00,0,AGENT,9:14:35,9:20:43,368,Z2IFAT
AA0116,9094,0,0,IN,990928,9:23:08,9:23:27,19,0:00:00,0:00:00,0,AGENT,9:23:26,9:42:06,1120,Z2IFAT
AA0116,9095,0,0,IN,990928,9:35:49,9:35:58,9,9:35:58,9:38:12,134,HANG,0:00:00,0:00:00,0,NO_SERVER
AA0116,9096,0,0,IN,990928,9:38:50,9:38:59,9,9:38:59,9:39:03,4,HANG,0:00:00,0:00:00,0,NO_SERVER
AA0116,9097,0,0,IN,990928,9:39:18,9:39:22,4,9:39:22,9:39:45,23,HANG,0:00:00,0:00:00,0,NO_SERVER
AA0116,9098,0,0,IN,990928,9:51:28,9:51:37,9,9:51:37,9:54:33,176,AGENT,9:54:32,9:55:40,68,Z2IFAT
AA0116,9099,0,0,IN,990928,10:02:04,10:02:14,10,10:02:14,10:04:31,137,AGENT,10:04:30,10:09:28,298,Z2IFAT
AA0116,9100,0,0,IN,990928,10:16:54,10:17:04,10,10:17:04,10:19:49,165,AGENT,10:19:49,10:30:11,622,Z2EYAL
AA0116,9101,0,0,IN,990928,10:29:29,10:29:39,10,10:29:39,10:30:17,38,AGENT,10:30:15,10:32:27,132,Z2EYAL
AA0116,9102,0,0,IN,990928,11:42:14,11:42:30,16,0:00:00,0:00:00,0,AGENT,11:42:29,11:44:26,117,Z2ARIE
AA0116,9103,0,0,IN,990928,11:43:50,11:44:00,10,11:44:00,11:44:32,32,AGENT,11:44:30,11:48:12,222,Z2ARIE
AA0116,9104,0,0,IN,990928,11:53:13,11:53:28,15,0:00:00,0:00:00,0,AGENT,11:53:27,11:54:08,41,Z2IFAT
AA0116,9105,0,0,IN,990928,12:05:03,12:05:19,16,0:00:00,0:00:00,0,AGENT,12:05:19,12:09:09,230,Z2ARIE
AA0116,9106,0,0,IN,990928,12:15:04,12:15:27,23,0:00:00,0:00:00,0,AGENT,12:15:27,12:19:37,250,Z2IFAT
AA0116,9107,0,0,IN,990928,12:22:00,12:22:13,13,0:00:00,0:00:00,0,AGENT,12:22:12,12:28:32,380,Z2IFAT
AA0116,9108,0,0,IN,990928,12:28:05,12:28:14,9,12:28:14,12:32:27,253,AGENT,12:32:27,13:10:58,2311,Z2EYAL
AA0116,9109,0,0,IN,990928,13:35:45,13:36:03,18,0:00:00,0:00:00,0,AGENT,13:36:02,13:38:01,119,Z2EYAL
AA0116,9110,0,0,IN,990928,13:46:01,13:46:16,15,0:00:00,0:00:00,0,AGENT,13:46:15,13:47:32,77,NO_SERVER
AA0116,9111,0,0,IN,990928,13:50:08,13:50:13,5,13:50:13,13:51:39,86,PHANTOM,13:51:39,13:51:59,20,NO_SERVER
AA0116,9112,0,0,IN,990928,14:22:49,14:23:10,21,0:00:00,0:00:00,0,AGENT,14:23:09,15:05:26,2537,Z2OFERZ
AA0116,9113,0,0,IN,990928,14:39:53,14:40:08,15,0:00:00,0:00:00,0,AGENT,14:40:07,14:59:04,1137,Z2EYAL
AA0116,9114,0,0,IN,990928,15:41:52,15:42:12,20,0:00:00,0:00:00,0,AGENT,15:42:11,15:44:16,125,Z2OFERZ
AA0116,9115,0,0,IN,990928,15:50:03,15:50:22,19,0:00:00,0:00:00,0,AGENT,15:50:22,16:05:23,901,Z2OFERZ
AA0116,9116,0,0,IN,990928,16:10:14,16:10:28,14,0:00:00,0:00:00,0,AGENT,16:10:27,16:12:42,135,Z2ELINOR
AA0116,9117,0,0,IN,990928,16:21:04,16:21:18,14,0:00:00,0:00:00,0,AGENT,16:21:18,16:27:24,366,Z2ELINOR
AA0116,9118,0,0,IN,990928,16:25:35,16:25:49,14,0:00:00,0:00:00,0,AGENT,16:25:49,16:28:21,152,Z2ARIE
AA0116,9119,0,0,IN,990928,16:28:46,16:29:01,15,0:00:00,0:00:00,0,AGENT,16:29:00,16:39:00,600,Z2NIRIT
AA0116,9120,0,0,IN,990928,16:30:35,16:30:45,10,16:30:45,16:31:35,50,HANG,0:00:00,0:00:00,0,NO_SERVER
AA0116,9121,0,0,IN,990928,16:33:59,16:34:03,4,16:34:03,16:34:17,14,AGENT,16:34:16,16:35:49,93,Z2ARIE
AA0116,9122,0,0,IN,990928,16:43:19,16:43:28,9,16:43:28,16:45:04,96,HANG,0:00:00,0:00:00,0,NO_SERVER
AA0116,9123,0,0,IN,990928,17:03:33,17:03:34,1,0:00:00,0:00:00,0,HANG,0:00:00,0:00:00,0,NO_SERVER
AA0116,9124,0,0,IN,990928,17:05:20,17:05:37,17,0:00:00,0:00:00,0,AGENT,17:05:36,17:08:26,170,Z2OFERZ
AA0116,9125,0,0,IN,990928,17:28:24,17:28:39,15,0:00:00,0:00:00,0,AGENT,17:28:38,17:34:20,342,Z2ELINOR
AA0116,9126,0,0,IN,990928,17:50:50,17:51:07,17,0:00:00,0:00:00,0,AGENT,17:51:06,17:53:48,162,Z2NIRIT
AA0116,9127,0,0,IN,990928,18:24:28,18:24:49,21,0:00:00,0:00:00,0,AGENT,18:24:48,18:31:13,385,Z2ELINOR
AA0116,9128,0,0,IN,990928,18:28:28,18:28:46,18,0:00:00,0:00:00,0,AGENT,18:28:45,18:32:57,252,Z2OFERZ
AA0116,9129,0,0,IN,990928,18:40:25,18:40:41,16,0:00:00,0:00:00,0,AGENT,18:40:40,18:45:22,282,Z2OFER
AA0116,9130,0,0,IN,990928,18:48:43,18:48:57,14,0:00:00,0:00:00,0,AGENT,18:48:57,18:54:38,341,Z2ELINOR
AA0116,9131,0,0,IN,990928,19:01:20,19:01:50,30,0:00:00,0:00:00,0,AGENT,0:00:00,0:00:00,0,Z2OFER
AA0116,9132,0,0,IN,990928,19:20:12,19:20:37,25,0:00:00,0:00:00,0,HANG,0:00:00,0:00:00,0,NO_SERVER
AA0116,9133,0,0,IN,990928,19:33:43,19:33:56,13,0:00:00,0:00:00,0,AGENT,19:33:56,19:45:46,710,Z2ELINOR
AA0116,9134,0,0,IN,990928,20:22:51,20:23:57,66,0:00:00,0:00:00,0,AGENT,20:23:56,20:26:09,133,Z2LIOR
AA0116,9135,0,0,IN,990928,21:13:33,21:14:39,66,21:14:39,21:16:44,125,HANG,0:00:00,0:00:00,0,NO_SERVER
AA0116,9136,0,0,IN,990928,21:18:22,21:18:31,9,21:18:31,21:19:57,86,AGENT,21:19:55,21:21:34,99,Z2OFER
AA0116,9137,0,0,IN,990928,21:44:53,21:45:07,14,0:00:00,0:00:00,0,AGENT,21:45:06,21:47:05,119,Z2ELINOR
AA0116,9138,0,0,IN,990928,22:01:49,22:02:05,16,0:00:00,0:00:00,0,AGENT,22:02:04,22:43:37,2493,Z2LIOR
AA0116,9139,0,0,IN,990928,22:16:02,22:16:12,10,22:16:12,22:17:25,73,HANG,0:00:00,0:00:00,0,NO_SERVER
AA0116,9140,0,0,IN,990928,22:24:37,22:24:47,10,22:24:47,22:25:53,66,AGENT,22:25:52,22:49:58,1446,DARMON
AA0116,9141,0,0,IN,990928,22:32:09,22:32:18,9,22:32:18,22:34:36,138,AGENT,22:34:36,22:38:36,240,DORIT
AA0116,9142,0,0,IN,990928,23:29:33,23:30:06,33,0:00:00,0:00:00,0,AGENT,23:30:06,23:45:54,948,Z2LIOR
AA0116,9143,0,0,IN,990929,0:03:05,0:03:26,21,0:00:00,0:00:00,0,HANG,0:00:00,0:00:00,0,NO_SERVER
AA0116,9144,0,0,IN,990929,7:48:15,7:48:31,16,0:00:00,0:00:00,0,AGENT,7:48:30,7:50:12,102,Z2EYAL
AA0116,9145,0,0,IN,990929,9:03:12,9:03:33,21,0:00:00,0:00:00,0,AGENT,9:03:32,9:08:23,291,Z2EYAL
AA0116,9146,0,0,IN,990929,9:27:28,9:27:44,16,0:00:00,0:00:00,0,AGENT,9:27:43,9:56:20,1717,Z2LIOR
AA0116,9147,0,0,IN,990929,9:28:29,9:28:39,10,9:28:39,9:28:55,16,AGENT,9:28:55,9:29:59,64,YIFAT
AA0116,9148,0,0,IN,990929,10:32:27,10:32:45,18,0:00:00,0:00:00,0,AGENT,10:32:45,10:34:03,78,Z2EYAL
AA0116,9149,0,0,IN,990929,11:08:24,11:08:42,18,0:00:00,0:00:00,0,AGENT,11:08:42,11:12:06,204,Z2ELINOR
AA0116,9150,0,0,IN,990929,11:28:42,11:29:15,33,0:00:00,0:00:00,0,AGENT,11:29:14,11:45:10,956,Z2OFER
AA0116,9151,0,0,IN,990929,11:40:27,11:40:34,7,0:00:00,0:00:00,0,HANG,0:00:00,0:00:00,0,NO_SERVER
AA0116,9152,0,0,IN,990929,11:53:55,11:54:12,17,0:00:00,0:00:00,0,AGENT,11:54:11,12:21:36,1645,Z2OFERZ
AA0116,9153,0,0,IN,990929,12:09:24,12:09:48,24,0:00:00,0:00:00,0,AGENT,12:09:48,12:12:14,146,Z2EYAL
AA0116,9154,0,0,IN,990929,12:21:45,12:22:03,18,0:00:00,0:00:00,0,AGENT,12:22:01,12:25:36,215,Z2EYAL
AA0116,9155,0,0,IN,990929,12:30:26,12:30:41,15,0:00:00,0:00:00,0,AGENT,12:30:40,12:34:16,216,Z2OFER
AA0116,9156,0,0,IN,990929,12:53:06,12:53:22,16,0:00:00,0:00:00,0,AGENT,12:53:21,12:54:57,96,Z2OFER
AA0116,9157,0,0,IN,990929,13:02:29,13:02:30,1,0:00:00,0:00:00,0,HANG,0:00:00,0:00:00,0,NO_SERVER
AA0116,9158,0,0,IN,990929,13:12:31,13:12:46,15,0:00:00,0:00:00,0,AGENT,13:12:44,13:16:48,244,Z2ELINOR
AA0116,9159,0,0,IN,990929,13:20:14,13:20:33,19,0:00:00,0:00:00,0,AGENT,13:20:32,13:21:05,33,Z2EYAL
AA0116,9160,0,0,IN,990929,13:40:05,13:40:41,36,0:00:00,0:00:00,0,AGENT,13:40:29,14:05:57,1528,Z2OFERZ
AA0116,9161,0,0,IN,990929,13:53:04,13:53:20,16,0:00:00,0:00:00,0,AGENT,13:53:19,13:55:36,137,Z2ELINOR
AA0116,9162,0,0,IN,990929,14:19:24,14:19:34,10,14:19:34,14:19:51,17,AGENT,14:19:50,14:23:20,210,Z2OFERZ
AA0116,9163,0,0,IN,990929,15:07:42,15:07:55,13,0:00:00,0:00:00,0,AGENT,15:07:55,15:50:54,2579,Z2ARIE
AA0116,9164,0,0,IN,990929,16:25:26,16:25:42,16,0:00:00,0:00:00,0,AGENT,16:25:41,16:28:22,161,Z2OFERZ
AA0116,9165,0,0,IN,990929,16:43:45,16:43:58,13,0:00:00,0:00:00,0,AGENT,16:43:58,16:51:44,466,Z2ARIE
AA0116,9166,0,0,IN,990929,16:57:18,16:57:28,10,16:57:28,16:57:56,28,HANG,0:00:00,0:00:00,0,NO_SERVER
AA0116,9167,0,0,IN,990929,17:21:07,17:21:21,14,0:00:00,0:00:00,0,AGENT,17:21:21,17:29:27,486,Z2OFERZ
AA0116,9168,0,0,IN,990929,17:25:10,17:25:20,10,17:25:20,17:29:37,257,HANG,17:29:41,17:29:57,16,NO_SERVER
AA0116,9169,0,0,IN,990929,17:32:33,17:32:42,9,17:32:42,17:33:05,23,AGENT,17:33:05,17:36:01,176,Z2ARIE
AA0116,9170,0,0,IN,990929,17:41:40,17:41:55,15,0:00:00,0:00:00,0,AGENT,17:41:54,17:49:41,467,Z2ARIE
AA0116,9171,0,0,IN,990929,17:42:59,17:43:08,9,17:43:08,17:43:42,34,AGENT,17:43:42,17:47:33,231,Z2OFERZ
AA0116,9172,0,0,IN,990929,17:56:30,17:56:44,14,0:00:00,0:00:00,0,AGENT,17:56:43,18:24:20,1657,Z2ARIE
AA0116,9173,0,0,IN,990929,18:52:35,18:52:52,17,0:00:00,0:00:00,0,AGENT,18:52:52,18:56:17,205,Z2IFAT
AA0116,9174,0,0,IN,990929,18:58:29,18:58:43,14,0:00:00,0:00:00,0,AGENT,18:58:42,19:03:59,317,Z2ARIE
AA0116,9175,0,0,IN,990929,19:27:49,19:28:05,16,0:00:00,0:00:00,0,AGENT,19:28:04,19:33:55,351,Z2NIRIT
AA0116,9176,0,0,IN,990929,19:36:43,19:36:59,16,0:00:00,0:00:00,0,AGENT,19:36:59,19:41:13,254,Z2IFAT
AA0116,9177,0,0,IN,990929,20:23:34,20:23:50,16,0:00:00,0:00:00,0,AGENT,20:23:49,20:33:19,570,Z2ARIE
AA0116,9178,0,0,IN,990929,21:42:21,21:42:37,16,0:00:00,0:00:00,0,AGENT,21:42:36,21:47:00,264,Z2IFAT
AA0116,9179,0,0,IN,990929,22:35:53,22:36:09,16,0:00:00,0:00:00,0,AGENT,22:36:09,22:52:17,968,Z2IFAT
AA0116,9180,0,0,IN,990929,22:56:33,22:56:48,15,0:00:00,0:00:00,0,AGENT,22:56:47,23:08:03,676,Z2IFAT
AA0116,9181,0,0,IN,990929,23:21:34,23:21:50,16,0:00:00,0:00:00,0,AGENT,23:21:50,23:26:26,276,Z2IFAT
AA0116,9182,0,0,IN,990929,23:50:34,23:50:44,10,23:50:44,23:50:52,8,AGENT,23:50:51,23:55:56,305,Z2IFAT
AA0116,9183,0,0,IN,990930,7:05:28,7:05:46,18,0:00:00,0:00:00,0,HANG,0:00:00,0:00:00,0,NO_SERVER
AA0116,9184,0,0,IN,990930,7:12:49,7:13:04,15,0:00:00,0:00:00,0,HANG,0:00:00,0:00:00,0,NO_SERVER
AA0116,9185,0,0,IN,990930,8:26:51,8:26:55,4,0:00:00,0:00:00,0,HANG,0:00:00,0:00:00,0,NO_SERVER
AA0116,9186,0,0,IN,990930,8:46:32,8:46:44,12,0:00:00,0:00:00,0,AGENT,8:46:44,8:48:20,96,YIFAT
AA0116,9187,0,0,IN,990930,9:05:29,9:05:45,16,0:00:00,0:00:00,0,AGENT,9:05:45,9:07:03,78,YIFAT
AA0116,9188,0,0,IN,990930,9:22:54,9:23:07,13,0:00:00,0:00:00,0,AGENT,9:23:07,9:34:03,656,Z2NIRIT
AA0116,9189,0,0,IN,990930,9:24:34,9:24:44,10,9:24:44,9:24:55,11,AGENT,9:24:54,9:25:39,45,Z2ARIE
AA0116,9190,0,0,IN,990930,9:26:10,9:26:20,10,9:26:20,9:26:35,15,AGENT,9:26:34,9:37:39,665,Z2ARIE
AA0116,9191,0,0,IN,990930,10:18:37,10:18:51,14,0:00:00,0:00:00,0,AGENT,10:18:51,10:19:26,35,NO_SERVER
AA0116,9192,0,0,IN,990930,10:32:15,10:32:30,15,0:00:00,0:00:00,0,AGENT,10:32:29,10:35:45,196,Z2ARIE
AA0116,9193,0,0,IN,990930,10:52:11,10:52:25,14,0:00:00,0:00:00,0,AGENT,10:52:23,11:05:54,811,Z2ARIE
AA0116,9194,0,0,IN,990930,10:56:10,10:56:19,9,0:00:00,0:00:00,0,HANG,0:00:00,0:00:00,0,NO_SERVER
AA0116,9195,0,0,IN,990930,11:08:15,11:09:16,61,0:00:00,0:00:00,0,AGENT,11:09:15,11:09:24,9,NO_SERVER
AA0116,9196,0,0,IN,990930,11:26:51,11:27:00,9,0:00:00,0:00:00,0,HANG,0:00:00,0:00:00,0,NO_SERVER
AA0116,9197,0,0,IN,990930,11:38:46,11:39:00,14,0:00:00,0:00:00,0,AGENT,11:38:58,11:58:48,1190,Z2IFAT
AA0116,9198,0,0,IN,990930,11:45:05,11:45:14,9,11:45:14,11:46:36,82,AGENT,11:46:35,11:48:00,85,Z2ARIE
AA0116,9199,0,0,IN,990930,11:59:49,12:00:03,14,0:00:00,0:00:00,0,AGENT,12:00:02,12:01:23,81,Z2NIRIT
AA0116,9200,0,0,IN,990930,12:08:06,12:08:20,14,0:00:00,0:00:00,0,AGENT,12:08:20,12:14:25,365,Z2ARIE
AA0116,9201,0,0,IN,990930,12:25:59,12:26:19,20,0:00:00,0:00:00,0,AGENT,12:26:19,12:26:54,35,Z2NIRIT
AA0116,9202,0,0,IN,990930,12:47:10,12:47:25,15,0:00:00,0:00:00,0,AGENT,12:47:25,13:15:07,1662,Z2NIRIT
AA0116,9203,0,0,IN,990930,12:55:12,12:55:25,13,0:00:00,0:00:00,0,AGENT,12:55:24,12:57:47,143,Z2IFAT
AA0116,9204,0,0,IN,990930,13:35:43,13:35:56,13,0:00:00,0:00:00,0,AGENT,13:35:55,13:56:27,1232,Z2IFAT
AA0116,9205,0,0,IN,990930,14:00:18,14:00:33,15,0:00:00,0:00:00,0,AGENT,14:00:32,14:08:08,456,Z2ARIE
AA0116,9206,0,0,IN,990930,14:04:39,14:04:49,10,14:04:49,14:05:47,58,HANG,0:00:00,0:00:00,0,NO_SERVER
AA0116,9207,0,0,IN,990930,14:06:02,14:06:12,10,14:06:12,14:08:14,122,AGENT,14:08:13,14:28:28,1215,Z2ARIE
AA0116,9208,0,0,IN,990930,14:33:47,14:34:02,15,0:00:00,0:00:00,0,AGENT,14:34:01,14:50:31,990,Z2IFAT
AA0116,9209,0,0,IN,990930,14:43:14,14:43:23,9,14:43:23,14:44:57,94,HANG,0:00:00,0:00:00,0,NO_SERVER
AA0116,9210,0,0,IN,990930,15:25:45,15:26:05,20,0:00:00,0:00:00,0,AGENT,15:26:04,15:38:12,728,Z2OFERZ
AA0116,9211,0,0,IN,990930,15:53:24,15:53:39,15,0:00:00,0:00:00,0,AGENT,15:53:39,15:54:16,37,Z2IFAT
AA0116,9212,0,0,IN,990930,16:15:51,16:16:01,10,16:16:01,16:17:28,87,AGENT,16:17:27,16:26:36,549,Z2LIOR
AA0116,9213,0,0,IN,990930,18:38:51,18:39:11,20,0:00:00,0:00:00,0,AGENT,18:39:10,18:53:13,843,Z2OFERZ
AA0116,9214,0,0,IN,990930,20:21:59,20:22:29,30,0:00:00,0:00:00,0,AGENT,20:22:28,20:25:01,153,Z2EYAL
AA0116,9215,0,0,IN,990930,20:39:16,20:39:35,19,0:00:00,0:00:00,0,AGENT,20:39:34,20:41:06,92,Z2OFERZ
AA0116,9216,0,0,IN,990930,22:53:45,22:54:00,15,0:00:00,0:00:00,0,AGENT,22:53:59,23:01:16,437,Z2ELINOR
AA0116,9217,0,0,IN,990930,23:02:17,23:02:31,14,0:00:00,0:00:00,0,AGENT,23:02:31,23:07:10,279,Z2ELINOR
AA0116,9218,0,0,IN,990930,23:28:52,23:29:08,16,0:00:00,0:00:00,0,AGENT,23:29:07,23:30:11,64,Z2EYAL
AA0201,45464,0,0,PS,990901,1:14:10,1:14:22,12,0:00:00,0:00:00,0,HANG,0:00:00,0:00:00,0,NO_SERVER
AA0201,45465,23957327,2,PS,990901,7:04:19,7:04:25,6,7:04:25,7:05:14,49,AGENT,7:05:13,7:06:06,53,GELBER
AA0201,45466,29537602,1,PS,990901,7:39:36,7:39:42,6,7:39:42,7:40:30,48,AGENT,7:40:30,7:41:45,75,DORIT
AA0201,45467,31955420,1,PS,990901,8:04:27,8:04:33,6,8:04:33,8:04:52,19,AGENT,8:04:52,8:07:23,151,DORIT
AA0201,45468,0,0,PS,990901,8:15:50,8:15:59,9,0:00:00,0:00:00,0,AGENT,8:15:59,8:18:41,162,ROTH
AA0201,45469,0,0,NW,990901,8:32:25,8:32:38,13,0:00:00,0:00:00,0,AGENT,8:32:36,8:33:09,33,STEREN
AA0201,45470,0,0,PS,990901,8:45:46,8:45:57,11,0:00:00,0:00:00,0,AGENT,8:45:56,8:48:37,161,NAAMA
AA0201,45471,0,0,PS,990901,9:00:38,9:00:53,15,0:00:00,0:00:00,0,AGENT,9:00:52,9:01:38,46,SHARON
AA0201,45472,38388948,2,PS,990901,9:09:20,9:09:26,6,9:09:26,9:09:38,12,AGENT,9:09:36,9:11:40,124,ROTH
AA0201,45473,0,0,PS,990901,9:21:31,9:21:41,10,0:00:00,0:00:00,0,AGENT,9:21:40,9:23:12,92,BASCH
AA0201,45474,0,0,NE,990901,9:32:20,9:32:35,15,0:00:00,0:00:00,0,AGENT,9:32:34,9:37:00,266,ELI
AA0201,45475,0,0,PS,990901,9:42:31,9:42:42,11,0:00:00,0:00:00,0,AGENT,9:42:42,9:44:12,90,NAAMA
AA0201,45476,0,0,PS,990901,9:50:55,9:51:05,10,0:00:00,0:00:00,0,AGENT,9:51:03,9:57:39,396,AVNI
AA0201,45477,27131531,2,PS,990901,9:59:37,9:59:42,5,9:59:42,10:00:34,52,AGENT,10:00:32,10:01:20,48,SHARON
AA0201,45478,54613724,2,NE,990901,10:11:50,10:11:56,6,10:11:56,10:13:26,90,AGENT,10:13:25,10:14:57,92,ZOHARI
AA0201,45479,35739622,1,PS,990901,10:22:13,10:22:19,6,10:22:19,10:22:29,10,AGENT,10:22:28,10:23:37,69,STEREN
AA0201,45480,0,0,PS,990901,10:31:54,10:32:03,9,0:00:00,0:00:00,0,AGENT,10:32:02,10:38:27,385,AVNI
AA0201,45481,14558787,1,PS,990901,10:41:41,10:41:46,5,10:41:46,10:42:05,19,AGENT,10:42:04,10:47:30,326,STEREN
AA0201,45482,0,0,PS,990901,10:56:38,10:56:51,13,0:00:00,0:00:00,0,AGENT,10:56:50,10:57:51,61,BASCH
AA0201,45483,55920755,2,PS,990901,11:06:30,11:06:35,5,11:06:35,11:06:49,14,AGENT,11:06:49,11:07:59,70,STEREN
AA0201,45484,57253494,1,PS,990901,11:17:59,11:18:05,6,11:18:05,11:23:20,315,AGENT,11:23:19,11:25:29,130,SHARON
AA0201,45485,0,0,PS,990901,11:35:53,11:36:01,8,0:00:00,0:00:00,0,AGENT,11:36:00,11:37:39,99,DORIT
AA0201,45486,69565307,1,PS,990901,11:45:18,11:45:24,6,11:45:24,11:48:02,158,AGENT,11:48:01,11:55:43,462,SHARON
AA0201,45487,0,0,NW,990901,12:01:28,12:01:41,13,0:00:00,0:00:00,0,AGENT,12:01:40,12:02:02,22,BASCH
AA0201,45488,24927717,1,PS,990901,12:13:35,12:13:40,5,12:13:40,12:14:37,57,AGENT,12:14:36,12:15:49,73,ROTH
AA0201,45489,0,0,PS,990901,12:30:01,12:30:09,8,0:00:00,0:00:00,0,AGENT,12:30:08,12:32:53,165,ROTH
AA0201,45490,0,0,PS,990901,12:44:24,12:44:34,10,0:00:00,0:00:00,0,AGENT,12:44:33,12:56:14,701,ROTH
AA0201,45491,59583963,1,PS,990901,12:52:30,12:52:36,6,12:52:36,12:55:50,194,PHANTOM,12:55:50,12:55:53,3,NO_SERVER
AA0201,45492,0,0,PS,990901,13:12:19,13:12:28,9,0:00:00,0:00:00,0,AGENT,13:12:28,13:13:17,49,DORIT
AA0201,45493,0,0,PS,990901,13:29:02,13:29:15,13,0:00:00,0:00:00,0,AGENT,13:29:14,13:40:38,684,AVNI
AA0201,45494,0,0,PS,990901,13:42:11,13:42:22,11,0:00:00,0:00:00,0,AGENT,13:42:21,13:45:19,178,SHARON
AA0201,45495,0,0,PS,990901,13:55:36,13:55:46,10,0:00:00,0:00:00,0,AGENT,13:55:46,14:00:51,305,NAAMA
AA0201,45496,0,0,NE,990901,14:06:41,14:06:52,11,0:00:00,0:00:00,0,AGENT,14:06:51,14:10:12,201,ZOHARI
AA0201,45497,0,0,NW,990901,14:20:17,14:20:31,14,0:00:00,0:00:00,0,AGENT,14:20:31,14:21:19,48,ROTH
AA0201,45498,0,0,PS,990901,14:32:34,14:32:43,9,0:00:00,0:00:00,0,AGENT,14:32:42,14:32:48,6,NO_SERVER
AA0201,45499,16686354,2,NE,990901,14:39:29,14:39:35,6,14:39:35,14:39:43,8,AGENT,14:39:42,14:42:34,172,ZOHARI
AA0201,45500,0,0,PS,990901,14:54:20,14:54:41,21,0:00:00,0:00:00,0,AGENT,14:54:40,14:56:03,83,ANAT
AA0201,45501,59630624,1,NE,990901,15:06:08,15:06:13,5,15:06:13,15:06:45,32,AGENT,15:06:44,15:10:41,237,ZOHARI
AA0201,45502,10587137,2,NE,990901,15:17:25,15:17:31,6,15:17:31,15:18:20,49,AGENT,15:18:19,15:20:44,145,ANAT
AA0201,45503,8533895,2,PS,990901,15:29:13,15:29:19,6,15:29:19,15:30:12,53,AGENT,15:30:11,15:33:09,178,MORIAH
AA0201,45504,0,0,PS,990901,15:38:31,15:38:39,8,0:00:00,0:00:00,0,AGENT,15:38:38,15:42:13,215,AVNI
AA0201,45505,0,0,PS,990901,15:49:13,15:49:27,14,0:00:00,0:00:00,0,AGENT,15:49:25,15:55:04,339,STEREN
AA0201,45506,0,0,PS,990901,16:03:37,16:03:50,13,0:00:00,0:00:00,0,AGENT,16:03:50,16:06:45,175,BENSION
AA0201,45507,0,0,PS,990901,16:23:03,16:23:15,12,0:00:00,0:00:00,0,AGENT,16:23:14,16:30:16,422,AVI
AA0201,45508,0,0,PS,990901,16:45:48,16:45:57,9,0:00:00,0:00:00,0,AGENT,16:45:56,16:45:59,3,MORIAH
AA0201,45509,0,0,PS,990901,16:54:52,16:55:05,13,0:00:00,0:00:00,0,AGENT,16:55:04,16:56:54,110,AVI
AA0201,45510,0,0,NW,990901,17:07:52,17:08:05,13,17:08:05,17:08:30,25,PHANTOM,17:08:04,17:11:01,177,NO_SERVER
AA0201,45511,0,0,PS,990901,17:28:40,17:28:50,10,0:00:00,0:00:00,0,AGENT,17:28:49,17:28:50,1,ANAT
AA0201,45512,0,0,PS,990901,17:45:18,17:45:29,11,0:00:00,0:00:00,0,AGENT,17:45:28,17:47:32,124,ANAT
AA0201,45513,0,0,PS,990901,18:02:27,18:02:40,13,0:00:00,0:00:00,0,AGENT,18:02:40,18:16:01,801,DARMON
AA0201,45514,0,0,PS,990901,18:20:27,18:21:08,41,0:00:00,0:00:00,0,AGENT,18:21:07,18:22:24,77,VICKY
AA0201,45515,0,0,PS,990901,18:33:33,18:33:46,13,0:00:00,0:00:00,0,AGENT,18:33:45,18:39:19,334,BENSION
AA0201,45516,0,0,NE,990901,18:58:57,18:59:09,12,0:00:00,0:00:00,0,AGENT,18:59:08,19:00:16,68,TOVA
AA0201,45517,0,0,PS,990901,19:27:37,19:27:50,13,0:00:00,0:00:00,0,AGENT,19:27:49,19:28:22,33,AVI
AA0201,45518,0,0,PS,990901,19:46:09,19:46:20,11,0:00:00,0:00:00,0,AGENT,19:46:19,19:47:19,60,TOVA
AA0201,45519,0,0,NE,990901,20:11:49,20:12:00,11,0:00:00,0:00:00,0,AGENT,20:11:59,20:13:21,82,MEIR
AA0201,45520,0,0,NW,990901,20:28:33,20:28:42,9,20:28:42,20:29:37,55,AGENT,20:29:36,20:34:12,276,MEIR
AA0201,45521,0,0,PS,990901,20:43:30,20:43:45,15,0:00:00,0:00:00,0,AGENT,20:43:44,20:43:45,1,ANAT
AA0201,45522,0,0,PS,990901,20:56:36,20:56:52,16,0:00:00,0:00:00,0,AGENT,20:56:51,20:59:58,187,TOVA
AA0201,45523,0,0,NE,990901,21:12:09,21:12:20,11,0:00:00,0:00:00,0,AGENT,21:12:19,21:14:46,147,TOVA
AA0201,45524,0,0,PS,990901,21:37:26,21:37:36,10,0:00:00,0:00:00,0,AGENT,21:37:35,21:41:08,213,MORIAH
AA0201,45525,0,0,NW,990901,21:54:31,21:54:51,20,0:00:00,0:00:00,0,AGENT,21:54:50,21:55:11,21,BENSION
AA0201,45526,24935199,2,PS,990901,22:11:01,22:11:08,7,22:11:08,22:13:46,158,AGENT,22:13:45,22:15:45,120,AVI
AA0201,45527,0,0,PS,990901,22:30:26,22:30:40,14,0:00:00,0:00:00,0,AGENT,22:30:39,22:32:14,95,DARMON
AA0201,45528,29694486,1,PS,990901,22:50:34,22:50:40,6,22:50:40,22:50:47,7,HANG,0:00:00,0:00:00,0,NO_SERVER
AA0201,45529,0,0,PS,990901,23:16:36,23:16:47,11,0:00:00,0:00:00,0,AGENT,23:16:46,23:18:28,102,VICKY
AA0201,45530,54665682,2,PS,990901,23:34:59,23:35:05,6,23:35:05,23:35:10,5,AGENT,23:35:10,23:39:50,280,DARMON
AA0201,45531,0,0,PS,990902,1:13:15,1:13:38,23,0:00:00,0:00:00,0,HANG,0:00:00,0:00:00,0,NO_SERVER
AA0201,45532,0,0,PS,990902,7:14:45,7:14:58,13,0:00:00,0:00:00,0,AGENT,7:14:58,7:16:55,117,MORIAH
AA0201,45533,0,0,PS,990902,7:45:14,7:45:25,11,0:00:00,0:00:00,0,AGENT,7:45:24,7:48:51,207,TOVA
AA0201,45534,0,0,PS,990902,8:10:11,8:10:29,18,0:00:00,0:00:00,0,AGENT,8:10:28,8:11:07,39,TOVA
AA0201,45535,55341648,2,PS,990902,8:27:19,8:27:25,6,8:27:25,8:27:42,17,HANG,0:00:00,0:00:00,0,NO_SERVER
AA0201,45536,0,0,NW,990902,8:39:25,8:39:34,9,8:39:34,8:47:37,483,AGENT,8:47:36,8:54:37,421,ZOHARI
AA0201,45537,0,0,PS,990902,8:55:26,8:55:35,9,0:00:00,0:00:00,0,AGENT,8:55:34,8:58:39,185,ANAT
AA0201,45538,55921597,1,NE,990902,9:05:57,9:06:02,5,9:06:02,9:06:53,51,AGENT,9:06:52,9:09:38,166,TOVA
AA0201,45539,0,0,PS,990902,9:18:35,9:18:52,17,0:00:00,0:00:00,0,AGENT,9:18:50,9:21:39,169,ZOHARI
AA0201,45540,0,0,PS,990902,9:31:28,9:31:37,9,0:00:00,0:00:00,0,AGENT,9:31:36,9:44:54,798,ROTH
AA0201,45541,56674989,2,PS,990902,9:42:23,9:42:29,6,9:42:29,9:44:31,122,AGENT,9:44:30,9:46:32,122,STEREN
AA0201,45542,52867744,2,PS,990902,9:51:01,9:51:06,5,9:51:06,9:52:08,62,AGENT,9:52:06,9:58:13,367,ZOHARI
AA0201,45543,0,0,NE,990902,10:00:29,10:00:39,10,0:00:00,0:00:00,0,AGENT,10:00:38,10:06:43,365,ELI
AA0201,45544,57695173,2,PS,990902,10:09:34,10:09:39,5,10:09:39,10:10:17,38,AGENT,10:09:51,10:16:33,402,STEREN
AA0201,45545,25124181,2,NE,990902,10:17:49,10:17:55,6,10:17:55,10:20:37,162,AGENT,10:20:36,10:27:02,386,ROTH
AA0201,45546,55920755,2,PS,990902,10:24:30,10:24:36,6,10:24:36,10:26:00,84,AGENT,10:25:59,10:30:48,289,STEREN
AA0201,45547,0,0,NW,990902,10:31:34,10:31:43,9,10:31:43,10:38:37,414,AGENT,10:38:36,10:50:42,726,MORIAH
AA0201,45548,8258329,2,NE,990902,10:41:54,10:41:59,5,10:41:59,10:45:50,231,AGENT,10:45:49,10:48:10,141,STEREN
AA0201,45549,25219700,2,PS,990902,10:49:28,10:49:34,6,10:49:34,10:49:46,12,HANG,0:00:00,0:00:00,0,NO_SERVER
AA0201,45550,25684986,2,PS,990902,10:56:36,10:56:42,6,10:56:42,10:57:03,21,AGENT,10:57:03,10:59:10,127,ANAT
AA0201,45551,69687275,2,PS,990902,11:03:48,11:03:54,6,11:03:54,11:05:17,83,AGENT,11:05:16,11:07:02,106,ANAT
AA0201,45552,10473262,2,PS,990902,11:10:21,11:10:26,5,11:10:26,11:12:42,136,AGENT,11:12:41,11:15:54,193,TOVA
AA0201,45553,51929339,2,PS,990902,11:17:09,11:17:15,6,11:17:15,11:18:40,85,AGENT,11:18:38,11:21:03,145,STEREN
AA0201,45554,3267788,2,PS,990902,11:25:17,11:25:23,6,11:25:23,11:26:46,83,AGENT,11:26:44,11:32:14,330,ANAT
AA0201,45555,34471920,1,PS,990902,11:30:02,11:30:08,6,11:30:08,11:32:52,164,HANG,0:00:00,0:00:00,0,NO_SERVER
AA0201,45556,0,0,NE,990902,11:38:13,11:38:26,13,0:00:00,0:00:00,0,AGENT,11:38:25,11:39:55,90,ELI
AA0201,45557,0,0,PS,990902,11:45:45,11:45:59,14,0:00:00,0:00:00,0,AGENT,11:45:57,11:46:38,41,YIFAT
AA0201,45558,65313108,2,PS,990902,11:52:00,11:52:06,6,11:52:06,11:52:46,40,AGENT,11:52:44,11:54:12,88,STEREN
AA0201,45559,0,0,NW,990902,12:02:56,12:03:08,12,0:00:00,0:00:00,0,AGENT,12:03:07,12:14:50,703,MORIAH
AA0201,45560,0,0,NW,990902,12:11:49,12:11:59,10,12:11:59,12:14:25,146,AGENT,12:14:24,12:15:20,56,STEREN
AA0201,45561,55279970,2,NE,990902,12:24:26,12:24:31,5,12:24:31,12:24:52,21,AGENT,12:24:52,12:35:04,612,ELI
AA0201,45562,51277036,2,PS,990902,12:36:04,12:36:09,5,12:36:09,12:37:47,98,AGENT,12:37:47,12:41:20,213,ZOHARI
AA0201,45563,0,0,NE,990902,12:45:29,12:45:38,9,0:00:00,0:00:00,0,AGENT,12:45:37,12:47:00,83,TOVA
AA0201,45564,56765985,2,PS,990902,12:52:12,12:52:17,5,12:52:17,12:52:24,7,AGENT,12:52:24,13:19:39,1635,YIFAT
AA0201,45565,52131323,2,PS,990902,13:03:40,13:03:45,5,13:03:45,13:04:28,43,AGENT,13:04:27,13:06:47,140,MORIAH
AA0201,45566,0,0,PS,990902,13:14:57,13:15:05,8,0:00:00,0:00:00,0,AGENT,13:15:04,13:17:54,170,ANAT
AA0201,45567,57425308,1,PS,990902,13:22:09,13:22:15,6,13:22:15,13:22:58,43,HANG,0:00:00,0:00:00,0,NO_SERVER
AA0201,45568,0,0,PS,990902,13:34:45,13:34:56,11,0:00:00,0:00:00,0,AGENT,13:34:54,13:37:28,154,YIFAT
AA0201,45569,0,0,PS,990902,13:48:39,13:48:48,9,0:00:00,0:00:00,0,AGENT,13:48:47,13:49:47,60,ROTH
AA0201,45570,5876156,2,PS,990902,13:58:12,13:58:17,5,13:58:17,13:58:38,21,AGENT,13:58:36,14:00:28,112,ZOHARI
AA0201,45571,57253494,1,PS,990902,14:08:15,14:08:21,6,14:08:21,14:08:37,16,AGENT,14:08:36,14:20:43,727,ZOHARI
AA0201,45572,59160085,2,PS,990902,14:18:08,14:18:13,5,14:18:13,14:23:20,307,AGENT,14:23:19,14:30:07,408,DARMON
AA0201,45573,22338388,2,PS,990902,14:30:23,14:30:29,6,14:30:29,14:31:27,58,HANG,0:00:00,0:00:00,0,NO_SERVER
AA0201,45574,50285840,2,PS,990902,14:40:13,14:40:19,6,14:40:19,14:40:35,16,AGENT,14:40:34,14:41:34,60,KAZAV
AA0201,45575,0,0,NW,990902,14:49:46,14:49:55,9,14:49:55,14:56:29,394,AGENT,14:56:28,14:58:13,105,ROTH
AA0201,45576,67158097,2,PS,990902,15:04:19,15:04:25,6,15:04:25,15:06:18,113,AGENT,15:06:18,15:07:37,79,KAZAV
AA0201,45577,4476719,1,PS,990902,15:17:24,15:17:29,5,15:17:29,15:21:25,236,AGENT,15:21:25,15:22:54,89,ZOHARI
AA0201,45578,37308699,1,PS,990902,15:32:02,15:32:07,5,15:32:07,15:34:19,132,HANG,0:00:00,0:00:00,0,NO_SERVER
AA0201,45579,38341715,1,PS,990902,15:41:51,15:41:57,6,15:41:57,15:48:49,412,AGENT,15:48:48,15:52:40,232,BASCH
AA0201,45580,57737504,2,PS,990902,15:55:12,15:55:18,6,15:55:18,15:56:26,68,AGENT,15:56:25,15:57:32,67,KAZAV
AA0201,45581,74780917,2,NE,990902,16:04:54,16:05:00,6,16:05:00,16:06:13,73,AGENT,16:06:12,16:09:22,190,BASCH
AA0201,45582,52031556,2,NE,990902,16:12:21,16:12:26,5,16:12:26,16:15:22,176,AGENT,16:15:21,16:20:36,315,ROTH
AA0201,45583,0,0,NW,990902,16:21:17,16:21:26,9,16:21:26,16:22:50,84,HANG,0:00:00,0:00:00,0,NO_SERVER
AA0201,45584,13191655,2,PS,990902,16:30:34,16:30:40,6,16:30:40,16:33:15,155,AGENT,16:33:15,16:37:04,229,ROTH
AA0201,45585,0,0,NW,990902,16:42:03,16:42:13,10,16:42:13,16:44:38,145,AGENT,16:44:37,16:47:01,144,ROTH
AA0201,45586,0,0,NW,990902,16:54:31,16:54:40,9,16:54:40,16:55:48,68,AGENT,16:55:48,17:04:42,534,PINHAS
AA0201,45587,0,0,NW,990902,17:05:29,17:05:38,9,17:05:38,17:09:24,226,AGENT,17:09:23,17:11:13,110,YITZ
AA0201,45588,29675360,2,PS,990902,17:17:37,17:17:43,6,17:17:43,17:21:00,197,AGENT,17:21:00,17:36:56,956,VICKY
AA0201,45589,847012,2,PS,990902,17:29:36,17:29:41,5,17:29:41,17:32:28,167,AGENT,17:32:27,17:34:09,102,AVI
AA0201,45590,0,0,NW,990902,17:41:09,17:41:18,9,17:41:18,17:41:30,12,AGENT,17:41:29,17:42:45,76,VICKY
AA0201,45591,29474020,2,PS,990902,17:56:47,17:56:53,6,17:56:53,17:57:21,28,AGENT,17:57:20,17:58:15,55,VICKY
AA0201,45592,0,0,NW,990902,18:02:55,18:03:04,9,18:03:04,18:03:14,10,HANG,0:00:00,0:00:00,0,NO_SERVER
AA0201,45593,53509931,2,PS,990902,18:12:08,18:12:14,6,18:12:14,18:14:51,157,AGENT,18:14:51,18:18:11,200,AVI
AA0201,45594,0,0,NW,990902,18:26:49,18:27:06,17,0:00:00,0:00:00,0,AGENT,18:27:05,18:29:32,147,YITZ
AA0201,45595,0,0,NW,990902,18:35:39,18:35:58,19,0:00:00,0:00:00,0,AGENT,18:35:57,18:36:42,45,AVI
AA0201,45596,3374691,2,PS,990902,18:46:52,18:46:57,5,18:46:57,18:47:03,6,AGENT,18:47:03,18:47:51,48,VICKY
AA0201,45598,0,0,PS,990902,18:58:21,18:58:21,0,0:00:00,0:00:00,0,HANG,0:00:00,0:00:00,0,NO_SERVER
AA0201,45599,0,0,PS,990902,19:09:34,19:09:45,11,0:00:00,0:00:00,0,AGENT,19:09:44,19:09:49,5,VICKY
AA0201,45600,59167767,1,PS,990902,19:24:50,19:24:56,6,19:24:56,19:25:26,30,AGENT,19:25:25,19:25:26,1,VICKY
AA0201,45601,50364090,2,PS,990902,19:36:01,19:36:06,5,19:36:06,19:36:17,11,AGENT,19:36:16,19:40:16,240,MEIR
AA0201,45602,0,0,PS,990902,19:51:18,19:51:27,9,0:00:00,0:00:00,0,AGENT,19:51:26,19:54:10,164,YITZ
AA0201,45603,11702115,1,PS,990902,20:06:49,20:06:54,5,20:06:54,20:07:29,35,AGENT,20:07:28,20:11:13,225,MEIR
AA0201,45604,29510922,1,PS,990902,20:29:46,20:29:52,6,20:29:52,20:30:22,30,AGENT,20:30:21,20:31:45,84,BASCH
AA0201,45605,58704610,2,PS,990902,20:45:45,20:45:51,6,20:45:51,20:46:29,38,AGENT,20:46:29,20:49:14,165,AVI
AA0201,45606,0,0,PS,990902,21:04:20,21:04:31,11,0:00:00,0:00:00,0,AGENT,21:04:31,21:06:04,93,MEIR
AA0201,45607,22321277,2,PS,990902,21:31:05,21:31:10,5,21:31:10,21:31:20,10,AGENT,21:31:19,21:31:59,40,AVI
AA0201,45608,0,0,NE,990902,21:59:29,21:59:40,11,0:00:00,0:00:00,0,AGENT,21:59:39,22:03:44,245,BASCH
AA0201,45609,34196410,1,PS,990902,22:39:25,22:39:30,5,22:39:30,22:39:46,16,AGENT,22:39:45,22:40:19,34,VICKY
AA0201,45610,0,0,NW,990902,23:04:17,23:04:27,10,23:04:27,23:04:44,17,AGENT,23:04:43,23:06:24,101,AVI
AA0201,45611,0,0,PS,990902,23:26:15,23:34:17,482,0:00:00,0:00:00,0,HANG,0:00:00,0:00:00,0,NO_SERVER
AA0201,45612,0,0,NW,990903,1:19:34,1:20:31,57,0:00:00,0:00:00,0,HANG,0:00:00,0:00:00,0,NO_SERVER
AA0201,45613,0,0,PS,990903,7:04:04,7:04:13,9,0:00:00,0:00:00,0,AGENT,7:04:12,7:05:23,71,ZOHARI
AA0201,45614,15189558,2,PS,990903,8:11:32,8:11:38,6,8:11:38,8:12:15,37,AGENT,8:12:14,8:15:10,176,ZOHARI
AA0201,45615,0,0,PS,990903,8:20:33,8:20:42,9,0:00:00,0:00:00,0,AGENT,8:20:41,8:21:17,36,BASCH
AA0201,45616,0,0,PS,990903,8:36:04,8:36:18,14,0:00:00,0:00:00,0,AGENT,8:36:17,8:37:01,44,BENSION
AA0201,45617,0,0,PS,990903,8:46:39,8:46:48,9,0:00:00,0:00:00,0,AGENT,8:46:47,8:50:31,224,MORIAH
AA0201,45618,0,0,NW,990903,8:54:25,8:54:34,9,8:54:34,8:56:12,98,AGENT,8:56:11,8:56:55,44,MORIAH
AA0201,45619,0,0,NW,990903,9:06:33,9:06:47,14,0:00:00,0:00:00,0,AGENT,9:06:46,9:08:55,129,ZOHARI
AA0201,45620,0,0,NW,990903,9:20:47,9:20:56,9,9:20:56,9:24:18,202,AGENT,9:24:17,9:26:34,137,BASCH
AA0201,45621,305947863,1,PS,990903,9:33:16,9:33:21,5,9:33:21,9:34:29,68,AGENT,9:34:28,9:35:16,48,ROTH
AA0201,45622,37582376,1,PS,990903,9:50:25,9:50:30,5,9:50:30,9:50:44,14,AGENT,9:50:44,9:53:32,168,MORIAH
AA0201,45623,24675019,1,PS,990903,10:00:19,10:00:25,6,10:00:25,10:00:47,22,AGENT,10:00:47,10:02:13,86,ZOHARI
AA0201,45624,0,0,NW,990903,10:12:33,10:12:46,13,0:00:00,0:00:00,0,AGENT,10:12:45,10:12:55,10,MORIAH
AA0201,45625,17628579,1,PS,990903,10:25:53,10:25:59,6,10:25:59,10:29:43,224,AGENT,10:29:42,10:30:40,58,ROTH
AA0201,45626,309890010,1,PS,990903,10:34:42,10:34:47,5,10:34:47,10:35:36,49,AGENT,10:35:36,10:42:07,391,ROTH
AA0201,45627,33540592,1,PS,990903,10:43:19,10:43:25,6,10:43:25,10:43:31,6,AGENT,10:43:30,10:49:00,330,MORIAH
AA0201,45628,58374356,2,PS,990903,10:53:30,10:53:36,6,10:53:36,10:54:48,72,AGENT,10:54:46,10:56:37,111,BENSION
AA0201,45629,0,0,NW,990903,11:11:03,11:11:17,14,0:00:00,0:00:00,0,AGENT,11:11:15,11:13:41,146,ROTH
AA0201,45630,0,0,PS,990903,11:22:34,11:22:42,8,0:00:00,0:00:00,0,AGENT,11:22:42,11:24:36,114,BENSION
AA0201,45631,0,0,NW,990903,11:35:47,11:35:57,10,11:35:57,11:36:34,37,AGENT,11:36:33,11:37:58,85,BASCH
AA0201,45632,0,0,PS,990903,11:58:05,11:58:15,10,0:00:00,0:00:00,0,AGENT,11:58:14,12:08:03,589,ZOHARI
AA0201,45633,57398968,2,PS,990903,12:11:28,12:11:33,5,12:11:33,12:11:49,16,AGENT,12:11:48,12:37:57,1569,MORIAH
AA0201,45634,0,0,NW,990903,12:26:37,12:26:46,9,12:26:46,12:28:32,106,AGENT,12:27:40,12:29:38,118,ROTH
AA0201,45635,0,0,NW,990903,12:46:28,12:46:41,13,0:00:00,0:00:00,0,AGENT,12:46:40,12:49:43,183,ZOHARI
AA0201,45636,0,0,NW,990903,12:58:32,12:58:41,9,12:58:41,13:00:27,106,AGENT,13:00:26,13:01:08,42,BENSION
AA0201,45637,0,0,NW,990903,13:26:21,13:26:31,10,13:26:31,13:27:02,31,AGENT,13:27:01,13:27:51,50,ZOHARI
AA0201,45638,308910264,2,PS,990903,13:58:24,13:58:30,6,13:58:30,14:02:02,212,AGENT,14:02:01,14:04:17,136,ZOHARI
AA0201,45639,0,0,NW,990903,14:32:01,14:32:24,23,0:00:00,0:00:00,0,HANG,0:00:00,0:00:00,0,NO_SERVER
AA0201,45640,0,0,NW,990903,15:22:51,15:23:29,38,0:00:00,0:00:00,0,HANG,0:00:00,0:00:00,0,NO_SERVER
AA0201,45641,0,0,NW,990903,16:36:29,16:37:31,62,0:00:00,0:00:00,0,HANG,0:00:00,0:00:00,0,NO_SERVER
AA0201,45642,0,0,NW,990903,19:08:04,19:08:13,9,0:00:00,0:00:00,0,HANG,0:00:00,0:00:00,0,NO_SERVER
AA0201,45643,0,0,PS,990904,17:06:47,17:07:02,15,0:00:00,0:00:00,0,HANG,0:00:00,0:00:00,0,NO_SERVER
AA0201,45645,0,0,PS,990904,19:49:17,19:49:17,0,0:00:00,0:00:00,0,HANG,0:00:00,0:00:00,0,NO_SERVER
AA0201,45646,29437035,2,PS,990904,20:10:32,20:10:37,5,20:10:37,20:11:21,44,HANG,0:00:00,0:00:00,0,NO_SERVER
AA0201,45647,22613152,1,PS,990904,20:25:17,20:25:23,6,20:25:23,20:27:29,126,AGENT,20:27:28,20:30:25,177,SHARON
AA0201,45648,25689548,2,PS,990904,20:42:10,20:42:15,5,20:42:15,20:42:57,42,AGENT,20:42:56,20:43:36,40,SHARON
AA0201,45649,50727700,2,PS,990904,20:58:18,20:58:24,6,20:58:24,20:59:31,67,AGENT,20:59:31,21:03:52,261,SHARON
AA0201,45650,0,0,NW,990904,21:27:04,21:27:18,14,0:00:00,0:00:00,0,AGENT,21:27:17,21:28:09,52,ZOHARI
AA0201,45651,0,0,PS,990904,21:55:23,21:55:34,11,0:00:00,0:00:00,0,AGENT,21:55:34,21:57:23,109,MORIAH
AA0201,45652,0,0,PS,990904,22:28:59,22:29:08,9,0:00:00,0:00:00,0,AGENT,22:29:07,22:31:37,150,ZOHARI
AA0201,45653,0,0,NW,990904,22:51:41,22:51:51,10,22:51:51,22:52:37,46,AGENT,22:52:36,22:52:59,23,BASCH
AA0201,45654,0,0,PS,990904,23:46:06,23:46:17,11,0:00:00,0:00:00,0,AGENT,23:46:17,23:55:41,564,MORIAH
AA0201,45656,0,0,PS,990905,5:51:29,5:51:29,0,0:00:00,0:00:00,0,HANG,0:00:00,0:00:00,0,NO_SERVER
AA0201,45657,32236242,1,PS,990905,7:04:58,7:05:03,5,7:05:03,7:06:25,82,AGENT,7:06:24,7:08:46,142,DORIT
AA0201,45658,50540236,1,PS,990905,7:27:30,7:27:36,6,7:27:36,7:27:58,22,AGENT,7:27:58,7:33:41,343,DORIT
AA0201,45659,0,0,PS,990905,7:47:59,7:48:08,9,0:00:00,0:00:00,0,AGENT,7:48:08,7:49:20,72,DORIT
AA0201,45660,0,0,PS,990905,8:12:30,8:12:41,11,0:00:00,0:00:00,0,AGENT,8:12:40,8:18:26,346,NAAMA
AA0201,45661,0,0,PS,990905,8:23:19,8:23:31,12,0:00:00,0:00:00,0,AGENT,8:23:30,8:25:26,116,NAAMA
AA0201,45662,0,0,NW,990905,8:37:05,8:37:15,10,8:37:15,8:38:05,50,AGENT,8:38:04,8:39:29,85,AVI
AA0201,45663,22263669,1,PS,990905,8:51:20,8:51:26,6,8:51:26,8:51:56,30,AGENT,8:51:56,8:52:47,51,STEREN
AA0201,45664,0,0,PS,990905,9:03:14,9:03:23,9,0:00:00,0:00:00,0,AGENT,9:03:22,9:03:31,9,NO_SERVER
AA0201,45665,54921325,1,PS,990905,9:14:32,9:14:38,6,9:14:38,9:15:17,39,AGENT,9:15:17,9:16:29,72,NAAMA
AA0201,45666,32223752,1,PS,990905,9:24:40,9:24:45,5,9:24:45,9:25:41,56,AGENT,9:25:40,9:27:32,112,AVI
AA0201,45667,35840008,1,PS,990905,9:32:58,9:33:04,6,9:33:04,9:33:46,42,HANG,0:00:00,0:00:00,0,NO_SERVER
AA0201,45668,42477224,2,PS,990905,9:43:17,9:43:22,5,9:43:22,9:45:27,125,AGENT,9:45:27,9:47:12,105,ROTH
AA0201,45669,57756892,1,PS,990905,9:51:44,9:51:49,5,9:51:49,9:52:27,38,AGENT,9:52:26,9:56:06,220,ZOHARI
AA0201,45670,0,0,PS,990905,9:59:41,9:59:54,13,0:00:00,0:00:00,0,AGENT,9:59:53,10:06:18,385,ZOHARI
AA0201,45671,13000567,2,PS,990905,10:06:24,10:06:30,6,10:06:30,10:09:59,209,AGENT,10:09:58,10:15:01,303,NAAMA
AA0201,45672,33151754,1,PS,990905,10:15:57,10:16:03,6,10:16:03,10:16:41,38,HANG,0:00:00,0:00:00,0,NO_SERVER
AA0201,45673,2043974,1,NE,990905,10:23:46,10:23:51,5,10:23:51,10:24:57,66,AGENT,10:24:56,10:26:45,109,STEREN
AA0201,45674,22567887,1,PS,990905,10:29:59,10:30:05,6,10:30:05,10:31:48,103,HANG,0:00:00,0:00:00,0,NO_SERVER
AA0201,45675,0,0,NW,990905,10:36:33,10:36:42,9,10:36:42,10:36:50,8,HANG,0:00:00,0:00:00,0,NO_SERVER
AA0201,45676,54665682,2,PS,990905,10:40:52,10:40:57,5,10:40:57,10:45:55,298,AGENT,10:45:54,10:46:50,56,DORIT
AA0201,45677,41399171,2,PS,990905,10:50:58,10:51:04,6,10:51:04,10:52:31,87,AGENT,10:52:31,10:53:49,78,ANAT
AA0201,45678,0,0,NW,990905,10:57:16,10:57:25,9,10:57:25,11:03:11,346,HANG,0:00:00,0:00:00,0,NO_SERVER
AA0201,45679,314014135,2,PS,990905,11:05:56,11:06:02,6,11:06:02,11:09:51,229,AGENT,11:09:51,11:11:15,84,AVI
AA0201,45680,58029430,1,PS,990905,11:15:23,11:15:29,6,11:15:29,11:17:43,134,AGENT,11:17:42,11:18:58,76,AVI
AA0201,45681,308886118,1,PS,990905,11:24:16,11:24:22,6,11:24:22,11:27:20,178,AGENT,11:27:20,11:28:45,85,AVI
AA0201,45682,58923608,2,PS,990905,11:35:17,11:35:22,5,11:35:22,11:35:35,13,HANG,0:00:00,0:00:00,0,NO_SERVER
AA0201,45683,430934,2,PS,990905,11:41:55,11:42:00,5,11:42:00,11:42:56,56,AGENT,11:42:55,11:44:25,90,NAAMA
AA0201,45684,0,0,NW,990905,11:55:17,11:55:30,13,0:00:00,0:00:00,0,AGENT,11:55:29,11:56:50,81,AVI
AA0201,45685,52867744,2,PS,990905,12:02:05,12:02:11,6,12:02:11,12:02:42,31,AGENT,12:02:41,12:02:42,1,AVI
AA0201,45686,0,0,NE,990905,12:09:01,12:09:11,10,0:00:00,0:00:00,0,AGENT,12:09:10,12:11:52,162,STEREN
AA0201,45687,0,0,NW,990905,12:22:38,12:22:53,15,0:00:00,0:00:00,0,AGENT,12:22:52,12:24:40,108,DORIT
AA0201,45688,56178312,2,PS,990905,12:33:07,12:33:12,5,12:33:12,12:34:02,50,AGENT,12:34:01,12:36:01,120,ROTH
AA0201,45689,0,0,PS,990905,12:43:56,12:44:09,13,0:00:00,0:00:00,0,AGENT,12:44:08,12:45:31,83,AVI
AA0201,45690,0,0,PS,990905,12:53:05,12:53:16,11,0:00:00,0:00:00,0,AGENT,12:53:15,12:55:35,140,AVI
AA0201,45691,0,0,PS,990905,13:06:11,13:06:21,10,0:00:00,0:00:00,0,AGENT,13:06:20,13:10:33,253,ZOHARI
AA0201,45692,1187707,2,PS,990905,13:14:29,13:14:35,6,13:14:35,13:16:05,90,AGENT,13:16:04,13:18:13,129,TOVA
AA0201,45693,0,0,NW,990905,13:23:14,13:23:24,10,13:23:24,13:24:46,82,AGENT,13:24:45,13:24:59,14,ROTH
AA0201,45694,0,0,NW,990905,13:34:33,13:34:45,12,0:00:00,0:00:00,0,AGENT,13:34:44,13:36:04,80,ROTH
AA0201,45695,54142708,1,PS,990905,13:51:28,13:51:33,5,13:51:33,13:52:25,52,AGENT,13:52:24,13:52:30,6,AVI
AA0201,45696,23579550,1,PS,990905,13:59:59,14:00:04,5,14:00:04,14:02:12,128,HANG,0:00:00,0:00:00,0,NO_SERVER
AA0201,45697,0,0,PS,990905,14:13:33,14:13:43,10,0:00:00,0:00:00,0,AGENT,14:13:42,14:14:28,46,NAAMA
AA0201,45698,50876523,2,PS,990905,14:20:32,14:20:38,6,14:20:38,14:21:32,54,AGENT,14:21:31,14:25:47,256,TOVA
AA0201,45699,57379505,2,PS,990905,14:26:38,14:26:44,6,14:26:44,14:32:08,324,AGENT,14:32:06,14:34:19,133,YIFAT
AA0201,45700,0,0,PS,990905,14:39:10,14:39:18,8,0:00:00,0:00:00,0,AGENT,14:39:18,14:40:15,57,AVI
AA0201,45701,25480518,1,PS,990905,14:49:48,14:49:53,5,14:49:53,14:53:52,239,AGENT,14:53:51,14:56:32,161,ZOHARI
AA0201,45702,51929339,2,PS,990905,14:59:35,14:59:40,5,14:59:40,15:02:45,185,AGENT,15:02:44,15:05:52,188,BASCH
AA0201,45703,25219700,2,PS,990905,15:11:03,15:11:09,6,15:11:09,15:11:29,20,AGENT,15:11:28,15:14:00,152,ZOHARI
AA0201,45704,56765985,2,PS,990905,15:20:05,15:20:11,6,15:20:11,15:22:27,136,AGENT,15:22:26,15:23:14,48,STEREN
AA0201,45705,0,0,NE,990905,15:31:29,15:31:37,8,0:00:00,0:00:00,0,AGENT,15:31:36,15:31:40,4,MORIAH
AA0201,45706,27957448,2,PS,990905,15:37:15,15:37:20,5,15:37:20,15:38:00,40,AGENT,15:37:59,15:41:08,189,ROTH
AA0201,45708,0,0,PS,990905,15:45:16,15:45:16,0,0:00:00,0:00:00,0,HANG,0:00:00,0:00:00,0,NO_SERVER
AA0201,45709,313663932,2,PS,990905,15:50:37,15:50:42,5,15:50:42,15:51:10,28,AGENT,15:51:09,15:51:13,4,MORIAH
AA0201,45710,57074585,2,PS,990905,15:56:34,15:56:40,6,15:56:40,15:56:56,16,AGENT,15:56:55,16:00:17,202,MORIAH
AA0201,45711,0,0,NW,990905,16:00:05,16:00:14,9,16:00:14,16:08:30,496,AGENT,16:08:30,16:09:17,47,PINHAS
AA0201,45712,9682923,2,PS,990905,16:11:46,16:11:52,6,16:11:52,16:13:53,121,AGENT,16:13:52,16:24:26,634,BASCH
AA0201,45713,53443677,1,PS,990905,16:17:45,16:17:51,6,16:17:51,16:20:54,183,AGENT,16:20:53,16:22:14,81,MORIAH
AA0201,45714,0,0,NW,990905,16:26:53,16:27:02,9,16:27:02,16:29:59,177,AGENT,16:29:58,16:31:56,118,VICKY
AA0201,45715,50316827,1,PS,990905,16:39:13,16:39:19,6,16:39:19,16:41:11,112,HANG,0:00:00,0:00:00,0,NO_SERVER
AA0201,45716,0,0,PS,990905,16:42:53,16:42:58,5,16:42:58,16:43:30,32,AGENT,16:43:30,16:43:34,4,MORIAH
AA0201,45717,42813816,1,NE,990905,16:52:24,16:52:30,6,16:52:30,16:53:33,63,AGENT,16:53:32,16:57:53,261,ZOHARI
AA0201,45718,317760924,2,PS,990905,17:00:40,17:00:46,6,17:00:46,17:02:10,84,AGENT,17:02:09,17:02:49,40,BASCH
AA0201,45719,0,0,NW,990905,17:15:06,17:15:13,7,0:00:00,0:00:00,0,HANG,0:00:00,0:00:00,0,NO_SERVER
AA0201,45721,0,0,PS,990905,17:27:50,17:27:50,0,0:00:00,0:00:00,0,HANG,0:00:00,0:00:00,0,NO_SERVER
AA0201,45722,25449166,2,PS,990905,17:38:10,17:38:15,5,17:38:15,17:38:25,10,AGENT,17:38:24,17:40:28,124,TOVA
AA0201,45723,0,0,NE,990905,17:48:03,17:48:13,10,0:00:00,0:00:00,0,AGENT,17:48:12,18:02:56,884,MORIAH
AA0201,45724,303608673,1,PS,990905,18:06:38,18:06:43,5,18:06:43,18:08:06,83,AGENT,18:08:05,18:09:16,71,TOVA
AA0201,45725,0,0,PS,990905,18:35:53,18:36:03,10,0:00:00,0:00:00,0,AGENT,18:36:03,18:37:01,58,BASCH
AA0201,45726,25001041,2,PS,990905,18:54:01,18:54:07,6,18:54:07,18:54:42,35,AGENT,18:54:41,19:07:49,788,TOVA
AA0201,45727,11221934,2,PS,990905,19:19:05,19:19:11,6,19:19:11,19:21:16,125,AGENT,19:21:15,19:22:36,81,VICKY
AA0201,45728,0,0,PS,990905,19:38:02,19:38:15,13,0:00:00,0:00:00,0,AGENT,19:38:14,19:41:50,216,BASCH
AA0201,45729,9694803,2,PS,990905,19:56:18,19:56:23,5,19:56:23,19:57:47,84,AGENT,19:57:47,20:12:42,895,MORIAH
AA0201,45730,0,0,PS,990905,20:06:34,20:06:43,9,0:00:00,0:00:00,0,AGENT,20:06:42,20:06:45,3,NO_SERVER
AA0201,45731,0,0,NW,990905,20:30:18,20:30:27,9,20:30:27,20:31:11,44,AGENT,20:31:10,20:32:09,59,VICKY
AA0201,45732,0,0,PS,990905,21:02:07,21:02:18,11,0:00:00,0:00:00,0,AGENT,21:02:17,21:04:46,149,MORIAH
AA0201,45733,0,0,NW,990905,21:36:43,21:36:56,13,0:00:00,0:00:00,0,AGENT,21:37:00,21:37:04,4,NO_SERVER
AA0201,45734,0,0,NW,990905,21:46:50,21:47:00,10,21:47:00,21:50:03,183,AGENT,21:50:01,21:50:38,37,BASCH
AA0201,45735,22783955,2,PS,990905,22:02:13,22:02:18,5,22:02:18,22:02:58,40,AGENT,22:02:57,22:05:54,177,VICKY
AA0201,45736,1084789,2,PS,990905,22:26:47,22:26:52,5,22:26:52,22:27:17,25,AGENT,22:27:16,22:30:17,181,BASCH
AA0201,45737,0,0,PS,990905,23:06:46,23:06:55,9,0:00:00,0:00:00,0,AGENT,23:06:54,23:09:08,134,VICKY
AA0201,45738,27187301,1,PS,990905,23:39:39,23:39:44,5,23:39:44,23:40:32,48,AGENT,23:40:31,23:42:43,132,BENSION
AA0201,45739,0,0,PS,990906,6:38:48,6:39:01,13,0:00:00,0:00:00,0,HANG,0:00:00,0:00:00,0,NO_SERVER
AA0201,45740,0,0,PS,990906,7:24:43,7:24:53,10,0:00:00,0:00:00,0,AGENT,7:24:52,7:28:12,200,TOVA
AA0201,45741,34497735,1,PS,990906,7:52:34,7:52:39,5,7:52:39,7:53:50,71,AGENT,7:53:50,7:54:22,32,TOVA
AA0201,45742,22190029,2,PS,990906,8:04:22,8:04:43,21,8:04:43,8:04:52,9,AGENT,8:04:51,8:06:08,77,SHARON
AA0201,45743,0,0,PS,990906,8:23:44,8:23:53,9,0:00:00,0:00:00,0,AGENT,8:23:52,8:24:34,42,SHARON
AA0201,45744,37167939,1,PS,990906,8:38:59,8:39:05,6,8:39:05,8:39:47,42,AGENT,8:39:47,8:45:32,345,MORIAH
AA0201,45745,0,0,PS,990906,8:50:11,8:50:23,12,0:00:00,0:00:00,0,AGENT,8:50:21,8:51:50,89,SHARON
AA0201,45746,0,0,NW,990906,9:01:39,9:01:51,12,0:00:00,0:00:00,0,AGENT,9:01:50,9:07:42,352,MORIAH
AA0201,45747,0,0,PS,990906,9:11:34,9:11:44,10,0:00:00,0:00:00,0,AGENT,9:11:43,9:13:22,99,BASCH
AA0201,45748,25968405,1,PS,990906,9:19:08,9:19:13,5,9:19:13,9:19:57,44,AGENT,9:19:56,9:21:44,108,TOVA
AA0201,45749,0,0,PS,990906,9:25:02,9:25:11,9,0:00:00,0:00:00,0,AGENT,9:25:10,9:27:05,115,YITZ
AA0201,45750,1426659,2,NE,990906,9:33:15,9:33:21,6,9:33:21,9:34:48,87,AGENT,9:34:47,9:34:50,3,MORIAH
AA0201,45751,0,0,PS,990906,9:45:20,9:45:34,14,0:00:00,0:00:00,0,AGENT,9:45:33,9:46:30,57,SHARON
AA0201,45752,64776636,2,PS,990906,9:52:17,9:52:23,6,9:52:23,9:53:03,40,AGENT,9:53:03,9:53:06,3,TOVA
AA0201,45753,7428345,2,PS,990906,10:00:22,10:00:28,6,10:00:28,10:00:32,4,AGENT,10:00:31,10:04:49,258,TOVA
AA0201,45754,25268624,2,PS,990906,10:06:32,10:06:38,6,10:06:38,10:06:51,13,HANG,0:00:00,0:00:00,0,NO_SERVER
AA0201,45755,0,0,NW,990906,10:11:05,10:11:12,7,0:00:00,0:00:00,0,HANG,0:00:00,0:00:00,0,NO_SERVER
AA0201,45756,38305926,2,PS,990906,10:15:23,10:15:29,6,10:15:29,10:17:23,114,HANG,0:00:00,0:00:00,0,NO_SERVER
AA0201,45757,27957448,2,PS,990906,10:22:54,10:23:00,6,10:23:00,10:25:49,169,AGENT,10:25:48,10:26:51,63,TOVA
AA0201,45758,0,0,NE,990906,10:34:23,10:34:35,12,0:00:00,0:00:00,0,AGENT,10:34:34,10:40:38,364,MORIAH
AA0201,45759,0,0,NW,990906,10:42:35,10:42:53,18,0:00:00,0:00:00,0,AGENT,10:42:52,10:44:21,89,MORIAH
AA0201,45760,0,0,PS,990906,10:51:56,10:52:06,10,0:00:00,0:00:00,0,AGENT,10:52:04,10:56:06,242,ROTH
AA0201,45761,23383607,2,PS,990906,11:00:10,11:00:16,6,11:00:16,11:01:13,57,AGENT,11:01:12,11:04:18,186,TOVA
AA0201,45762,0,0,PS,990906,11:12:14,11:12:23,9,0:00:00,0:00:00,0,AGENT,11:12:23,11:15:19,176,TOVA
AA0201,45763,58704610,2,PS,990906,11:22:42,11:22:47,5,11:22:47,11:23:06,19,AGENT,11:23:05,11:24:42,97,BASCH
AA0201,45764,0,0,NE,990906,11:35:06,11:35:15,9,0:00:00,0:00:00,0,AGENT,11:35:14,11:36:49,95,BASCH
AA0201,45765,313656142,1,PS,990906,11:42:33,11:42:39,6,11:42:39,11:44:00,81,AGENT,11:44:00,11:46:01,121,ROTH
AA0201,45766,0,0,PS,990906,11:54:29,11:54:43,14,0:00:00,0:00:00,0,AGENT,11:54:42,11:54:43,1,TOVA
AA0201,45767,27008085,1,PS,990906,12:04:11,12:04:17,6,12:04:17,12:05:41,84,HANG,0:00:00,0:00:00,0,NO_SERVER
AA0201,45768,0,0,PS,990906,12:16:50,12:17:01,11,0:00:00,0:00:00,0,AGENT,12:17:01,12:19:03,122,YIFAT
AA0201,45769,0,0,PS,990906,12:30:05,12:30:22,17,0:00:00,0:00:00,0,AGENT,12:30:22,12:31:48,86,SHARON
AA0201,45770,0,0,PS,990906,12:49:04,12:49:13,9,0:00:00,0:00:00,0,AGENT,12:49:13,12:52:02,169,TOVA
AA0201,45771,0,0,PS,990906,13:00:48,13:00:57,9,0:00:00,0:00:00,0,AGENT,13:00:56,13:02:20,84,BASCH
AA0201,45772,29328358,1,PS,990906,13:13:25,13:13:31,6,13:13:31,13:13:36,5,AGENT,13:13:35,13:15:25,110,SHARON
AA0201,45773,0,0,PS,990906,13:29:57,13:30:07,10,0:00:00,0:00:00,0,AGENT,13:30:05,13:31:18,73,DORIT
AA0201,45774,0,0,NW,990906,13:43:51,13:44:07,16,0:00:00,0:00:00,0,AGENT,13:44:06,13:44:14,8,SHARON
AA0201,45775,0,0,PS,990906,13:57:09,13:57:20,11,0:00:00,0:00:00,0,AGENT,13:57:20,13:59:43,143,BASCH
AA0201,45776,0,0,PS,990906,14:08:50,14:09:04,14,0:00:00,0:00:00,0,AGENT,14:09:03,14:09:39,36,DORIT
AA0201,45777,0,0,NW,990906,14:22:42,14:22:58,16,0:00:00,0:00:00,0,AGENT,14:22:58,14:23:08,10,MORIAH
AA0201,45778,0,0,PS,990906,14:36:01,14:36:12,11,0:00:00,0:00:00,0,AGENT,14:36:11,14:37:15,64,DORIT
AA0201,45779,0,0,PS,990906,14:44:16,14:44:27,11,0:00:00,0:00:00,0,AGENT,14:44:26,14:45:53,87,ROTH
AA0201,45780,0,0,PS,990906,14:55:14,14:55:22,8,0:00:00,0:00:00,0,AGENT,14:55:21,14:58:19,178,ROTH
AA0201,45781,0,0,NW,990906,15:05:54,15:06:04,10,15:06:04,15:09:52,228,HANG,0:00:00,0:00:00,0,NO_SERVER
AA0201,45782,54241443,2,NE,990906,15:23:37,15:23:42,5,15:23:42,15:25:53,131,AGENT,15:25:53,15:38:33,760,ANAT
AA0201,45783,29474020,2,PS,990906,15:36:10,15:36:15,5,15:36:15,15:37:05,50,AGENT,15:37:03,15:37:59,56,DARMON
AA0201,45784,0,0,NW,990906,15:46:25,15:46:35,10,15:46:35,15:47:24,49,AGENT,15:47:23,15:47:55,32,ROTH
AA0201,45785,57544264,2,PS,990906,16:02:47,16:02:53,6,16:02:53,16:02:56,3,AGENT,16:02:55,16:03:57,62,STEREN
AA0201,45786,0,0,NW,990906,16:16:16,16:16:29,13,0:00:00,0:00:00,0,AGENT,16:16:28,16:17:36,68,STEREN
AA0201,45787,31836083,2,PS,990906,16:32:31,16:32:36,5,16:32:36,16:32:50,14,AGENT,16:32:49,16:34:27,98,ANAT
AA0201,45788,0,0,NE,990906,16:49:22,16:49:34,12,0:00:00,0:00:00,0,AGENT,16:49:33,16:52:25,172,ANAT
AA0201,45789,78191137,2,PS,990906,17:07:57,17:08:03,6,17:08:03,17:11:15,192,AGENT,17:11:15,17:14:16,181,VICKY
AA0201,45790,5361936,2,PS,990906,17:24:40,17:24:45,5,17:24:45,17:27:50,185,AGENT,17:27:50,17:31:24,214,STEREN
AA0201,45791,0,0,PS,990906,17:51:48,17:51:57,9,0:00:00,0:00:00,0,AGENT,17:51:56,17:55:28,212,STEREN
AA0201,45792,0,0,PS,990906,18:20:23,18:20:34,11,0:00:00,0:00:00,0,AGENT,18:20:33,18:24:18,225,VICKY
AA0201,45793,0,0,PS,990906,18:33:47,18:33:57,10,0:00:00,0:00:00,0,AGENT,18:33:55,18:36:47,172,VICKY
AA0201,45794,0,0,PS,990906,18:57:08,18:57:17,9,0:00:00,0:00:00,0,AGENT,18:57:16,19:02:46,330,STEREN
AA0201,45795,0,0,NE,990906,19:23:22,19:23:31,9,0:00:00,0:00:00,0,AGENT,19:23:30,19:25:16,106,VICKY
AA0201,45796,3852118,1,PS,990906,19:53:41,19:53:47,6,19:53:47,19:54:19,32,AGENT,19:54:18,19:54:54,36,ANAT
AA0201,45797,0,0,PS,990906,20:27:23,20:27:34,11,0:00:00,0:00:00,0,AGENT,20:27:33,20:29:18,105,VICKY
AA0201,45798,961433,2,PS,990906,20:47:07,20:47:13,6,20:47:13,20:47:41,28,AGENT,20:47:41,20:49:48,127,ANAT
AA0201,45799,50684737,2,PS,990906,21:07:15,21:07:21,6,21:07:21,21:07:59,38,AGENT,21:07:58,21:10:29,151,MEIR
AA0201,45800,0,0,PS,990906,21:32:46,21:32:55,9,0:00:00,0:00:00,0,AGENT,21:32:54,21:34:09,75,VICKY
AA0201,45801,0,0,PS,990906,21:54:13,21:54:24,11,0:00:00,0:00:00,0,AGENT,21:54:24,21:55:45,81,VICKY
AA0201,45802,0,0,PS,990906,22:21:22,22:21:48,26,0:00:00,0:00:00,0,AGENT,22:21:47,22:24:39,172,GILI
AA0201,45803,0,0,PS,990906,23:09:43,23:09:51,8,0:00:00,0:00:00,0,AGENT,23:09:51,23:11:09,78,GILI
AA0201,45804,0,0,PS,990907,0:15:45,0:16:09,24,0:00:00,0:00:00,0,HANG,0:00:00,0:00:00,0,NO_SERVER
AA0201,45805,0,0,PS,990907,7:21:08,7:21:21,13,0:00:00,0:00:00,0,AGENT,7:21:20,7:22:19,59,YIFAT
AA0201,45806,0,0,NW,990907,7:53:21,7:53:30,9,7:53:30,7:54:03,33,AGENT,7:54:02,7:54:45,43,AVI
AA0201,45807,0,0,PS,990907,8:20:10,8:20:24,14,0:00:00,0:00:00,0,AGENT,8:20:23,8:22:00,97,AVI
AA0201,45808,0,0,PS,990907,8:35:45,8:35:55,10,0:00:00,0:00:00,0,AGENT,8:35:54,8:38:59,185,AVI
AA0201,45809,0,0,NW,990907,8:49:59,8:50:08,9,8:50:08,8:50:20,12,AGENT,8:50:18,8:53:15,177,BASCH
AA0201,45810,0,0,NW,990907,8:58:23,8:58:32,9,8:58:32,9:00:44,132,HANG,0:00:00,0:00:00,0,NO_SERVER
AA0201,45811,0,0,PS,990907,9:11:29,9:11:37,8,0:00:00,0:00:00,0,AGENT,9:11:37,9:12:12,35,AVI
AA0201,45812,0,0,NW,990907,9:27:40,9:27:49,9,9:27:49,9:28:38,49,HANG,0:00:00,0:00:00,0,NO_SERVER
AA0201,45813,0,0,NW,990907,9:36:45,9:36:54,9,9:36:54,9:42:17,323,AGENT,9:42:16,9:42:47,31,AVI
AA0201,45814,13346390,2,PS,990907,9:58:09,9:58:14,5,9:58:14,9:58:25,11,AGENT,9:58:24,10:11:10,766,YIFAT
AA0201,45815,22066336,1,PS,990907,10:08:28,10:08:34,6,10:08:34,10:09:36,62,AGENT,10:09:34,10:10:48,74,AVI
AA0201,45816,54128681,2,PS,990907,10:20:51,10:20:57,6,10:20:57,10:21:58,61,AGENT,10:21:58,10:21:58,0,AVI
AA0201,45817,29474020,2,PS,990907,10:29:47,10:29:53,6,10:29:53,10:30:59,66,AGENT,10:30:57,10:31:32,35,BASCH
AA0201,45818,68319755,2,PS,990907,10:44:12,10:44:19,7,10:44:19,10:44:52,33,AGENT,10:44:51,10:48:24,213,TOVA
AA0201,45819,57460131,2,PS,990907,10:54:33,10:54:38,5,10:54:38,10:55:24,46,AGENT,10:55:23,10:55:29,6,MORIAH
AA0201,45820,0,0,PS,990907,11:07:47,11:08:00,13,0:00:00,0:00:00,0,AGENT,11:07:59,11:11:59,240,AVI
AA0201,45821,29353356,2,PS,990907,11:18:23,11:18:29,6,11:18:29,11:18:34,5,AGENT,11:18:33,11:19:14,41,TOVA
AA0201,45822,59779256,2,PS,990907,11:29:23,11:29:30,7,11:29:30,11:29:35,5,AGENT,11:29:35,11:34:20,285,ROTH
AA0201,45823,58460379,1,PS,990907,11:38:31,11:38:37,6,11:38:37,11:38:51,14,HANG,0:00:00,0:00:00,0,NO_SERVER
AA0201,45824,0,0,NW,990907,11:43:49,11:43:58,9,11:43:58,11:44:51,53,HANG,0:00:00,0:00:00,0,NO_SERVER
AA0201,45825,54112842,2,PS,990907,11:52:23,11:52:29,6,11:52:29,11:53:54,85,HANG,0:00:00,0:00:00,0,NO_SERVER
AA0201,45826,25474651,1,PS,990907,12:04:40,12:04:45,5,12:04:45,12:05:53,68,AGENT,12:05:52,12:10:08,256,MORIAH
AA0201,45827,1130871,2,NE,990907,12:20:44,12:20:50,6,12:20:50,12:22:37,107,AGENT,12:22:35,12:25:58,203,VICKY
AA0201,45828,0,0,PS,990907,12:32:07,12:32:27,20,0:00:00,0:00:00,0,AGENT,12:32:26,12:33:57,91,BASCH
AA0201,45829,0,0,PS,990907,12:48:46,12:48:56,10,0:00:00,0:00:00,0,AGENT,12:48:55,12:55:31,396,ROTH
AA0201,45830,0,0,PS,990907,13:06:06,13:06:15,9,0:00:00,0:00:00,0,AGENT,13:06:14,13:09:34,200,ROTH
AA0201,45831,50594746,2,PS,990907,13:16:51,13:16:57,6,13:16:57,13:17:35,38,AGENT,13:17:35,13:21:08,213,BASCH
AA0201,45832,0,0,PS,990907,13:38:33,13:38:45,12,0:00:00,0:00:00,0,AGENT,13:38:44,13:39:50,66,BASCH
AA0201,45833,35840008,1,PS,990907,13:56:54,13:57:00,6,13:57:00,13:57:05,5,AGENT,13:57:04,13:59:06,122,AVI
AA0201,45834,54357413,2,PS,990907,14:09:46,14:10:08,22,14:10:08,14:10:52,44,AGENT,14:10:52,14:12:54,122,VICKY
AA0201,45835,0,0,PS,990907,14:27:10,14:27:21,11,0:00:00,0:00:00,0,AGENT,14:27:20,14:28:16,56,AVI
AA0201,45836,63193346,2,PS,990907,14:35:58,14:36:04,6,14:36:04,14:37:40,96,AGENT,14:37:38,14:37:39,1,AVI
AA0201,45837,306030362,1,PS,990907,14:45:23,14:45:29,6,14:45:29,14:49:55,266,AGENT,14:49:54,14:50:40,46,DORIT
AA0201,45838,0,0,PS,990907,14:58:21,14:58:31,10,0:00:00,0:00:00,0,AGENT,14:58:30,15:02:03,213,ZOHARI
AA0201,45839,57831356,2,NE,990907,15:11:52,15:11:57,5,15:11:57,15:12:59,62,AGENT,15:12:59,15:13:58,59,ZOHARI
AA0201,45840,68741495,2,NE,990907,15:24:32,15:24:38,6,15:24:38,15:28:10,212,AGENT,15:28:10,15:31:40,210,ELI
AA0201,45841,0,0,PS,990907,15:34:23,15:34:31,8,0:00:00,0:00:00,0,AGENT,15:34:30,15:36:23,113,SHARON
AA0201,45842,35819895,1,PS,990907,15:45:44,15:45:50,6,15:45:50,15:46:20,30,AGENT,15:46:19,15:50:10,231,SHARON
AA0201,45843,0,0,PS,990907,15:59:52,16:00:01,9,0:00:00,0:00:00,0,AGENT,16:00:00,16:03:34,214,SHARON
AA0201,45844,0,0,PS,990907,16:08:00,16:08:17,17,0:00:00,0:00:00,0,AGENT,16:08:15,16:17:39,564,DARMON
AA0201,45845,0,0,NW,990907,16:22:26,16:22:35,9,16:22:35,16:23:36,61,AGENT,16:23:35,16:26:24,169,STEREN
AA0201,45846,56639685,1,PS,990907,16:33:02,16:33:08,6,16:33:08,16:33:12,4,AGENT,16:33:11,16:34:56,105,SHARON
AA0201,45847,0,0,PS,990907,16:48:00,16:48:11,11,0:00:00,0:00:00,0,AGENT,16:48:10,16:49:48,98,DORIT
AA0201,45848,0,0,NW,990907,16:55:47,16:55:56,9,16:55:56,16:56:09,13,AGENT,16:56:08,16:56:18,10,VICKY
AA0201,45849,0,0,NW,990907,17:12:35,17:12:44,9,17:12:44,17:14:38,114,AGENT,17:14:37,17:15:09,32,VICKY
AA0201,45850,0,0,PS,990907,17:26:48,17:26:59,11,0:00:00,0:00:00,0,AGENT,17:26:58,17:29:06,128,BENSION
AA0201,45851,0,0,PS,990907,17:41:11,17:41:18,7,0:00:00,0:00:00,0,AGENT,17:41:20,17:41:24,4,NO_SERVER
AA0201,45852,0,0,PS,990907,17:53:10,17:53:21,11,0:00:00,0:00:00,0,AGENT,17:53:20,17:56:26,186,ZOHARI
AA0201,45853,0,0,PS,990907,18:06:31,18:06:50,19,0:00:00,0:00:00,0,AGENT,18:06:49,18:06:53,4,NO_SERVER
AA0201,45854,0,0,PS,990907,18:26:16,18:26:26,10,0:00:00,0:00:00,0,AGENT,18:26:25,18:28:06,101,VICKY
AA0201,45855,0,0,PS,990907,19:00:39,19:00:53,14,0:00:00,0:00:00,0,AGENT,19:00:52,19:02:22,90,SHARON
AA0201,45856,0,0,NW,990907,19:19:34,19:19:44,10,19:19:44,19:20:30,46,AGENT,19:20:29,19:22:08,99,STEREN
AA0201,45857,0,0,NW,990907,19:46:29,19:46:38,9,19:46:38,19:50:51,253,AGENT,19:50:50,19:51:40,50,STEREN
AA0201,45858,0,0,NE,990907,20:20:18,20:20:26,8,0:00:00,0:00:00,0,AGENT,20:20:25,20:22:15,110,ZOHARI
AA0201,45859,0,0,PS,990907,20:39:29,20:39:38,9,0:00:00,0:00:00,0,AGENT,20:39:37,20:40:36,59,DORIT
AA0201,45860,58704610,2,PS,990907,20:58:46,20:58:52,6,20:58:52,21:00:19,87,AGENT,21:00:19,21:01:08,49,DORIT
AA0201,45861,0,0,PS,990907,21:19:56,21:20:06,10,0:00:00,0:00:00,0,AGENT,21:20:05,21:21:16,71,SHARON
AA0201,45862,0,0,PS,990907,21:43:50,21:44:03,13,0:00:00,0:00:00,0,AGENT,21:44:01,21:45:19,78,BENSION
AA0201,45863,22373096,2,PS,990907,22:08:59,22:09:04,5,22:09:04,22:09:29,25,HANG,0:00:00,0:00:00,0,NO_SERVER
AA0201,45864,29665320,2,PS,990907,22:33:14,22:33:20,6,22:33:20,22:33:44,24,AGENT,22:33:43,22:36:24,161,SHARON
AA0201,45865,57070534,2,PS,990907,22:53:19,22:53:24,5,22:53:24,22:53:32,8,AGENT,22:53:32,22:54:13,41,BENSION
AA0201,45866,0,0,PS,990907,23:32:25,23:32:37,12,0:00:00,0:00:00,0,AGENT,23:32:37,23:34:05,88,SHARON
AA0201,45867,0,0,NW,990908,5:58:47,5:59:06,19,0:00:00,0:00:00,0,HANG,0:00:00,0:00:00,0,NO_SERVER
AA0201,45868,0,0,PS,990908,7:15:11,7:15:27,16,0:00:00,0:00:00,0,AGENT,7:15:26,7:16:00,34,BASCH
AA0201,45869,0,0,NW,990908,7:47:23,7:47:32,9,7:47:32,7:49:01,89,AGENT,7:49:01,7:49:11,10,DORIT
AA0201,45870,3968047,2,PS,990908,8:10:51,8:10:57,6,8:10:57,8:11:26,29,AGENT,8:11:25,8:14:47,202,DORIT
AA0201,45871,52114295,2,PS,990908,8:25:30,8:25:35,5,8:25:35,8:26:03,28,AGENT,8:26:02,8:28:43,161,ROTH
AA0201,45872,0,0,NW,990908,8:42:51,8:43:00,9,8:43:00,8:46:08,188,AGENT,8:46:06,8:46:45,39,DORIT
AA0201,45873,0,0,NE,990908,8:54:51,8:55:00,9,0:00:00,0:00:00,0,AGENT,8:54:59,8:58:02,183,BASCH
AA0201,45874,4604617,2,PS,990908,9:07:54,9:07:59,5,9:07:59,9:08:35,36,AGENT,9:08:35,9:14:20,345,YITZ
AA0201,45875,0,0,NW,990908,9:18:20,9:18:29,9,9:18:29,9:21:08,159,AGENT,9:21:07,9:21:44,37,DORIT
AA0201,45876,37620499,2,PS,990908,9:32:33,9:32:39,6,9:32:39,9:33:00,21,AGENT,9:32:59,9:34:02,63,DORIT
AA0201,45877,27155795,1,PS,990908,9:43:06,9:43:12,6,9:43:12,9:45:04,112,AGENT,9:45:03,9:45:26,23,STEREN
AA0201,45878,54665682,2,PS,990908,9:53:13,9:53:19,6,9:53:19,9:56:45,206,AGENT,9:56:45,10:00:25,220,SHARON
AA0201,45879,0,0,NW,990908,10:05:48,10:05:55,7,0:00:00,0:00:00,0,HANG,0:00:00,0:00:00,0,NO_SERVER
AA0201,45880,0,0,NE,990908,10:10:50,10:11:02,12,0:00:00,0:00:00,0,AGENT,10:11:01,10:12:08,67,ZOHARI
AA0201,45881,77253037,2,PS,990908,10:17:16,10:17:21,5,10:17:21,10:17:30,9,AGENT,10:17:29,10:18:18,49,STEREN
AA0201,45882,57464265,2,PS,990908,10:25:51,10:25:57,6,10:25:57,10:27:40,103,AGENT,10:27:39,10:28:03,24,ROTH
AA0201,45883,72600836,2,PS,990908,10:38:57,10:39:03,6,10:39:03,10:41:51,168,AGENT,10:41:49,10:55:19,810,STEREN
AA0201,45884,0,0,NE,990908,10:57:16,10:57:27,11,0:00:00,0:00:00,0,AGENT,10:57:27,11:00:44,197,ELI
AA0201,45885,30663462,2,PS,990908,11:10:09,11:10:15,6,11:10:15,11:10:22,7,AGENT,11:10:22,11:12:55,153,ROTH
AA0201,45886,0,0,PS,990908,11:26:45,11:26:55,10,0:00:00,0:00:00,0,AGENT,11:26:54,11:26:57,3,NO_SERVER
AA0201,45887,29474020,2,PS,990908,11:39:07,11:39:13,6,11:39:13,11:40:03,50,AGENT,11:40:02,11:41:00,58,SHARON
AA0201,45888,0,0,NW,990908,11:52:48,11:53:03,15,0:00:00,0:00:00,0,AGENT,11:53:02,11:54:44,102,SHARON
AA0201,45889,53585345,2,PS,990908,12:03:22,12:03:27,5,12:03:27,12:03:49,22,AGENT,12:03:49,12:05:12,83,DORIT
AA0201,45890,0,0,NW,990908,12:15:21,12:15:31,10,12:15:31,12:16:52,81,HANG,0:00:00,0:00:00,0,NO_SERVER
AA0201,45891,0,0,NE,990908,12:28:06,12:28:19,13,0:00:00,0:00:00,0,AGENT,12:28:18,12:28:48,30,ZOHARI
AA0201,45892,55445233,2,PS,990908,12:44:05,12:44:10,5,12:44:10,12:44:19,9,AGENT,12:44:18,12:46:16,118,KAZAV
AA0201,45893,0,0,PS,990908,13:00:33,13:00:45,12,0:00:00,0:00:00,0,AGENT,13:00:43,13:02:56,133,SHARON
AA0201,45894,58885963,2,PS,990908,13:14:16,13:14:21,5,13:14:21,13:15:21,60,AGENT,13:15:21,13:17:24,123,SHARON
AA0201,45895,0,0,NE,990908,13:28:35,13:28:50,15,0:00:00,0:00:00,0,AGENT,13:28:48,13:34:13,325,ZOHARI
AA0201,45896,24903643,1,PS,990908,13:40:20,13:40:25,5,13:40:25,13:41:01,36,AGENT,13:41:00,13:44:58,238,BASCH
AA0201,45897,0,0,PS,990908,13:43:20,13:43:38,18,0:00:00,0:00:00,0,HANG,0:00:00,0:00:00,0,NO_SERVER
AA0201,45898,53659942,2,PS,990908,13:49:58,13:50:04,6,13:50:04,13:50:46,42,AGENT,13:50:46,13:52:41,115,BASCH
AA0201,45899,56765985,2,PS,990908,14:01:13,14:01:19,6,14:01:19,14:01:47,28,AGENT,14:01:46,14:05:17,211,DORIT
AA0201,45900,0,0,PS,990908,14:14:50,14:15:01,11,0:00:00,0:00:00,0,AGENT,14:14:59,14:20:13,314,ANAT
AA0201,45901,0,0,PS,990908,14:31:01,14:31:11,10,0:00:00,0:00:00,0,AGENT,14:31:09,14:31:52,43,ROTH
AA0201,45902,0,0,NE,990908,14:42:56,14:43:09,13,0:00:00,0:00:00,0,AGENT,14:43:07,14:44:43,96,ZOHARI
AA0201,45903,0,0,PS,990908,14:56:30,14:56:43,13,0:00:00,0:00:00,0,AGENT,14:56:42,15:01:05,263,BASCH
AA0201,45904,0,0,NE,990908,15:06:55,15:07:12,17,0:00:00,0:00:00,0,AGENT,15:07:11,15:09:07,116,ZOHARI
AA0201,45905,32274987,1,PS,990908,15:15:01,15:15:06,5,15:15:06,15:19:23,257,AGENT,15:19:21,15:19:56,35,KAZAV
AA0201,45906,56765985,2,PS,990908,15:29:27,15:29:32,5,15:29:32,15:30:49,77,AGENT,15:30:48,15:37:01,373,MORIAH
AA0201,45907,78191137,2,PS,990908,15:36:46,15:36:51,5,15:36:51,15:40:27,216,AGENT,15:40:27,15:40:42,15,ANAT
AA0201,45908,0,0,PS,990908,15:48:11,15:48:20,9,0:00:00,0:00:00,0,AGENT,15:48:19,15:48:22,3,MORIAH
AA0201,45909,314386806,1,PE,990908,15:55:58,15:56:02,4,15:56:02,15:56:51,49,AGENT,15:56:50,15:58:49,119,MORIAH
AA0201,45910,0,0,PS,990908,16:10:32,16:10:40,8,0:00:00,0:00:00,0,AGENT,16:10:40,16:10:44,4,MORIAH
AA0201,45911,859231,1,NE,990908,16:20:41,16:20:46,5,16:20:46,16:22:23,97,AGENT,16:22:23,16:23:26,63,MORIAH
AA0201,45912,0,0,NW,990908,16:36:29,16:36:39,10,16:36:39,16:41:22,283,AGENT,16:41:21,16:42:35,74,AVI
AA0201,45913,0,0,PS,990908,16:59:08,16:59:24,16,0:00:00,0:00:00,0,AGENT,16:59:23,17:01:47,144,ANAT
AA0201,45914,0,0,PS,990908,17:17:03,17:17:14,11,0:00:00,0:00:00,0,AGENT,17:17:13,17:19:39,146,AVI
AA0201,45916,0,0,PS,990908,17:35:08,17:35:08,0,0:00:00,0:00:00,0,HANG,0:00:00,0:00:00,0,NO_SERVER
AA0201,45917,0,0,PS,990908,17:47:28,17:47:38,10,0:00:00,0:00:00,0,AGENT,17:47:37,17:59:53,736,DARMON
AA0201,45918,0,0,PS,990908,18:07:00,18:07:16,16,0:00:00,0:00:00,0,AGENT,18:07:15,18:09:48,153,AVI
AA0201,45919,0,0,PS,990908,18:25:55,18:26:06,11,0:00:00,0:00:00,0,AGENT,18:26:04,18:32:52,408,ANAT
AA0201,45920,8047078,2,PS,990908,18:41:42,18:41:48,6,18:41:48,18:42:05,17,AGENT,18:42:05,18:50:48,523,DARMON
AA0201,45921,28517043,1,PS,990908,19:00:18,19:00:23,5,19:00:23,19:00:28,5,AGENT,19:00:27,19:02:34,127,BENSION
AA0201,45922,0,0,PS,990908,19:15:59,19:16:11,12,0:00:00,0:00:00,0,AGENT,19:16:09,19:18:39,150,MEIR
AA0201,45923,0,0,NW,990908,19:27:05,19:27:14,9,19:27:14,19:28:10,56,AGENT,19:28:09,19:31:50,221,MEIR
AA0201,45924,0,0,NW,990908,19:55:41,19:56:01,20,0:00:00,0:00:00,0,AGENT,19:56:00,19:57:06,66,BENSION
AA0201,45925,0,0,PS,990908,20:20:31,20:20:42,11,0:00:00,0:00:00,0,AGENT,20:20:40,20:23:18,158,AVI
AA0201,45926,68001924,2,NE,990908,20:44:52,20:44:57,5,20:44:57,20:45:13,16,AGENT,20:45:13,20:45:13,0,AVI
AA0201,45927,0,0,PS,990908,21:08:54,21:09:04,10,0:00:00,0:00:00,0,AGENT,21:09:04,21:11:10,126,BENSION
AA0201,45928,0,0,PS,990908,21:23:54,21:24:04,10,0:00:00,0:00:00,0,AGENT,21:24:03,21:25:51,108,AVI
AA0201,45929,10927366,1,NE,990908,21:42:53,21:42:58,5,21:42:58,21:43:40,42,AGENT,21:43:39,21:46:36,177,AVI
AA0201,45930,28767283,1,PS,990908,22:03:58,22:04:04,6,22:04:04,22:05:18,74,AGENT,22:05:17,22:07:58,161,AVI
AA0201,45931,0,0,PS,990908,22:29:47,22:29:58,11,0:00:00,0:00:00,0,AGENT,22:29:57,22:30:31,34,AVI
AA0201,45932,71520779,1,PS,990908,22:52:34,22:52:40,6,22:52:40,22:54:06,86,AGENT,22:54:05,22:54:47,42,BENSION
AA0201,45933,0,0,PS,990908,23:28:00,23:28:12,12,0:00:00,0:00:00,0,AGENT,23:28:11,23:30:48,157,AVI
AA0201,45934,0,0,PS,990909,6:23:50,6:24:10,20,0:00:00,0:00:00,0,HANG,0:00:00,0:00:00,0,NO_SERVER
AA0201,45935,0,0,PS,990909,7:20:58,7:21:11,13,0:00:00,0:00:00,0,AGENT,7:21:10,7:24:13,183,YIFAT
AA0201,45936,0,0,PS,990909,7:56:50,7:57:00,10,0:00:00,0:00:00,0,AGENT,7:57:00,7:57:58,58,YIFAT
AA0201,45937,0,0,NW,990909,8:28:09,8:28:28,19,0:00:00,0:00:00,0,AGENT,8:28:27,8:29:36,69,SHARON
AA0201,45938,0,0,NW,990909,8:42:27,8:42:36,9,8:42:36,8:42:52,16,HANG,0:00:00,0:00:00,0,NO_SERVER
AA0201,45939,0,0,PS,990909,8:57:08,8:57:17,9,0:00:00,0:00:00,0,AGENT,8:57:16,8:58:05,49,SHARON
AA0201,45940,0,0,PS,990909,9:10:50,9:11:03,13,0:00:00,0:00:00,0,AGENT,9:11:02,9:13:04,122,BASCH
AA0201,45941,0,0,NW,990909,9:22:53,9:23:02,9,9:23:02,9:23:34,32,AGENT,9:23:32,9:24:51,79,BASCH
AA0201,45942,0,0,NW,990909,9:41:15,9:41:16,1,0:00:00,0:00:00,0,HANG,0:00:00,0:00:00,0,NO_SERVER
AA0201,45943,0,0,PS,990909,9:59:04,9:59:14,10,0:00:00,0:00:00,0,AGENT,9:59:13,10:01:33,140,ROTH
AA0201,45944,0,0,PS,990909,10:11:30,10:11:39,9,0:00:00,0:00:00,0,AGENT,10:11:38,10:13:05,87,ROTH
AA0201,45945,0,0,PS,990909,10:22:47,10:22:55,8,0:00:00,0:00:00,0,AGENT,10:22:54,10:24:44,110,ROTH
AA0201,45946,0,0,PS,990909,10:37:48,10:37:57,9,0:00:00,0:00:00,0,AGENT,10:37:56,10:42:06,250,SHARON
AA0201,45947,0,0,PS,990909,10:50:07,10:50:21,14,0:00:00,0:00:00,0,AGENT,10:50:20,10:50:50,30,ANAT
AA0201,45948,0,0,PS,990909,11:06:24,11:06:33,9,0:00:00,0:00:00,0,AGENT,11:06:32,11:08:48,136,DORIT
AA0201,45949,0,0,PS,990909,11:21:44,11:21:58,14,0:00:00,0:00:00,0,AGENT,11:21:57,11:23:45,108,NAAMA
AA0201,45950,0,0,PS,990909,11:36:20,11:36:30,10,0:00:00,0:00:00,0,AGENT,11:36:29,11:37:42,73,SHARON
AA0201,45951,0,0,PS,990909,11:53:01,11:53:13,12,0:00:00,0:00:00,0,AGENT,11:53:14,11:53:18,4,NO_SERVER
AA0201,45952,0,0,NW,990909,12:05:15,12:05:21,6,0:00:00,0:00:00,0,HANG,0:00:00,0:00:00,0,NO_SERVER
AA0201,45953,0,0,PS,990909,12:29:17,12:29:28,11,0:00:00,0:00:00,0,AGENT,12:29:28,12:30:35,67,NAAMA
AA0201,45954,0,0,PS,990909,12:42:19,12:42:31,12,0:00:00,0:00:00,0,AGENT,12:42:30,12:46:13,223,BASCH
AA0201,45955,0,0,PS,990909,12:55:46,12:55:55,9,0:00:00,0:00:00,0,AGENT,12:55:54,12:57:00,66,KAZAV
AA0201,45956,0,0,PS,990909,13:10:05,13:10:14,9,0:00:00,0:00:00,0,AGENT,13:10:13,13:10:16,3,NO_SERVER
AA0201,45957,0,0,NE,990909,13:25:29,13:25:40,11,0:00:00,0:00:00,0,AGENT,13:25:39,13:27:12,93,ROTH
AA0201,45958,0,0,PS,990909,13:43:09,13:43:25,16,0:00:00,0:00:00,0,AGENT,13:43:24,13:48:03,279,BASCH
AA0201,45959,0,0,PS,990909,14:01:31,14:01:41,10,0:00:00,0:00:00,0,AGENT,14:01:40,14:02:12,32,ROTH
AA0201,45960,57392979,2,PS,990909,14:13:54,14:13:59,5,14:13:59,14:17:19,200,AGENT,14:17:18,14:17:59,41,KAZAV
AA0201,45961,51929339,2,PS,990909,14:26:41,14:26:46,5,14:26:46,14:26:59,13,AGENT,14:26:58,14:40:17,799,DORIT
AA0201,45962,0,0,PS,990909,14:39:16,14:39:28,12,0:00:00,0:00:00,0,AGENT,14:39:27,14:43:21,234,BASCH
AA0201,45963,69367779,2,PS,990909,14:51:40,14:51:46,6,14:51:46,14:52:28,42,AGENT,14:52:28,14:54:57,149,DORIT
AA0201,45964,306485608,2,PS,990909,15:06:45,15:06:51,6,15:06:51,15:09:02,131,AGENT,15:09:01,15:09:56,55,ROTH
AA0201,45965,57918849,1,NE,990909,15:19:58,15:20:04,6,15:20:04,15:20:41,37,AGENT,15:20:40,15:30:24,584,ZOHARI
AA0201,45966,535419,2,PS,990909,15:32:02,15:32:07,5,15:32:07,15:33:01,54,AGENT,15:33:00,15:34:17,77,DORIT
AA0201,45967,30663462,2,PS,990909,15:40:14,15:40:20,6,15:40:20,15:40:44,24,AGENT,15:40:44,15:44:18,214,KAZAV
AA0201,45968,34339796,1,PS,990909,15:50:39,15:50:44,5,15:50:44,15:52:08,84,AGENT,15:52:06,15:53:08,62,ROTH
AA0201,45969,0,0,NW,990909,16:05:02,16:05:17,15,0:00:00,0:00:00,0,AGENT,16:05:16,16:05:58,42,STEREN
AA0201,45970,0,0,NW,990909,16:16:42,16:16:52,10,16:16:52,16:19:07,135,AGENT,16:19:06,16:19:58,52,STEREN
AA0201,45971,36504660,2,PS,990909,16:30:14,16:30:20,6,16:30:20,16:31:46,86,AGENT,16:31:45,16:34:06,141,ROTH
AA0201,45972,0,0,PS,990909,16:44:52,16:45:06,14,0:00:00,0:00:00,0,AGENT,16:45:06,16:45:56,50,AVI
AA0201,45973,0,0,PS,990909,16:55:02,16:55:11,9,0:00:00,0:00:00,0,AGENT,16:55:10,16:59:01,231,YITZ
AA0201,45974,68001924,2,NE,990909,17:05:33,17:05:39,6,17:05:39,17:10:32,293,AGENT,17:10:31,17:11:47,76,ZOHARI
AA0201,45975,0,0,PS,990909,17:23:29,17:23:40,11,0:00:00,0:00:00,0,AGENT,17:23:38,17:24:35,57,STEREN
AA0201,45976,58201484,1,PS,990909,17:43:08,17:43:13,5,17:43:13,17:44:30,77,AGENT,17:44:29,17:47:25,176,STEREN
AA0201,45977,0,0,PS,990909,17:57:14,17:57:23,9,0:00:00,0:00:00,0,AGENT,17:57:23,18:08:01,638,ZOHARI
AA0201,45978,0,0,PS,990909,18:16:42,18:16:51,9,0:00:00,0:00:00,0,AGENT,18:16:51,18:34:56,1085,AVI
AA0201,45979,0,0,PS,990909,18:35:55,18:36:05,10,0:00:00,0:00:00,0,AGENT,18:36:04,18:36:14,10,STEREN
AA0201,45980,0,0,NW,990909,19:00:07,19:00:21,14,0:00:00,0:00:00,0,AGENT,19:00:20,19:02:13,113,STEREN
AA0201,45981,0,0,NW,990909,19:17:07,19:17:16,9,19:17:16,19:17:23,7,AGENT,19:17:22,19:17:23,1,AVI
AA0201,45982,53618211,1,PS,990909,19:41:20,19:41:26,6,19:41:26,19:43:36,130,AGENT,19:43:35,19:45:14,99,ZOHARI
AA0201,45983,0,0,PS,990909,20:03:10,20:03:22,12,0:00:00,0:00:00,0,AGENT,20:03:21,20:07:15,234,STEREN
AA0201,45984,0,0,PS,990909,20:26:59,20:27:09,10,0:00:00,0:00:00,0,AGENT,20:27:08,20:32:53,345,ZOHARI
AA0201,45985,0,0,NW,990909,20:56:38,20:56:47,9,20:56:47,20:57:00,13,AGENT,20:56:59,20:58:37,98,STEREN
AA0201,45986,0,0,PS,990909,21:20:34,21:20:43,9,0:00:00,0:00:00,0,AGENT,21:20:42,21:22:00,78,STEREN
AA0201,45987,12573010,1,PS,990909,21:42:19,21:42:25,6,21:42:25,21:43:17,52,HANG,0:00:00,0:00:00,0,NO_SERVER
AA0201,45988,54613724,2,NE,990909,22:08:44,22:08:49,5,22:08:49,22:10:01,72,AGENT,22:10:00,22:11:36,96,ZOHARI
AA0201,45989,57758013,2,PS,990909,22:44:32,22:44:38,6,22:44:38,22:45:22,44,HANG,0:00:00,0:00:00,0,NO_SERVER
AA0201,45990,0,0,PS,990909,23:12:57,23:13:07,10,0:00:00,0:00:00,0,AGENT,23:13:06,23:16:39,213,STEREN
AA0201,45991,0,0,NW,990910,0:23:29,0:23:53,24,0:00:00,0:00:00,0,HANG,0:00:00,0:00:00,0,NO_SERVER
AA0201,45992,0,0,PS,990910,7:25:44,7:25:56,12,0:00:00,0:00:00,0,AGENT,7:25:55,7:26:30,35,BENSION
AA0201,45993,0,0,PS,990910,8:00:58,8:01:08,10,0:00:00,0:00:00,0,AGENT,8:01:07,8:01:39,32,SHARON
AA0201,45994,0,0,PS,990910,8:21:39,8:21:51,12,0:00:00,0:00:00,0,AGENT,8:21:50,8:26:30,280,BASCH
AA0201,45995,0,0,NW,990910,8:43:14,8:43:29,15,0:00:00,0:00:00,0,AGENT,8:43:28,8:43:56,28,AVNI
AA0201,45996,0,0,PS,990910,8:55:57,8:56:07,10,0:00:00,0:00:00,0,AGENT,8:56:06,8:57:09,63,AVNI
AA0201,45997,0,0,PS,990910,9:12:48,9:12:58,10,0:00:00,0:00:00,0,AGENT,9:12:57,9:13:59,62,BASCH
AA0201,45998,0,0,PS,990910,9:24:11,9:24:22,11,0:00:00,0:00:00,0,AGENT,9:24:21,9:29:05,284,VICKY
AA0201,45999,0,0,PS,990910,9:36:01,9:36:11,10,0:00:00,0:00:00,0,AGENT,9:36:09,9:36:50,41,BASCH
AA0201,46000,0,0,NW,990910,9:50:19,9:50:32,13,0:00:00,0:00:00,0,AGENT,9:50:31,9:51:07,36,NO_SERVER
AA0201,46001,0,0,PS,990910,10:02:47,10:02:57,10,0:00:00,0:00:00,0,AGENT,10:02:56,10:04:04,68,BASCH
AA0201,46002,0,0,PS,990910,10:17:49,10:17:58,9,0:00:00,0:00:00,0,AGENT,10:17:58,10:20:10,132,AVNI
AA0201,46003,0,0,NW,990910,10:33:30,10:33:43,13,0:00:00,0:00:00,0,AGENT,10:33:42,10:34:00,18,BENSION
AA0201,46004,0,0,PS,990910,10:49:30,10:49:40,10,0:00:00,0:00:00,0,AGENT,10:49:39,10:50:06,27,DORIT
AA0201,46005,0,0,NW,990910,11:06:40,11:06:49,9,11:06:49,11:07:25,36,AGENT,11:07:24,11:08:10,46,BENSION
AA0201,46006,0,0,NW,990910,11:25:01,11:25:14,13,0:00:00,0:00:00,0,AGENT,11:25:13,11:26:07,54,SHARON
AA0201,46007,0,0,NW,990910,11:51:19,11:51:40,21,0:00:00,0:00:00,0,AGENT,11:51:39,11:53:33,114,VICKY
AA0201,46008,0,0,PS,990910,12:14:16,12:14:26,10,0:00:00,0:00:00,0,AGENT,12:14:25,12:16:49,144,SHARON
AA0201,46009,0,0,PS,990910,12:53:39,12:53:50,11,0:00:00,0:00:00,0,AGENT,12:53:49,12:54:38,49,BASCH
AA0201,46010,0,0,NW,990910,13:21:21,13:21:39,18,0:00:00,0:00:00,0,HANG,0:00:00,0:00:00,0,NO_SERVER
AA0201,46011,0,0,NW,990910,14:00:33,14:01:07,34,0:00:00,0:00:00,0,HANG,0:00:00,0:00:00,0,NO_SERVER
AA0201,46012,0,0,PS,990910,16:02:53,16:03:12,19,0:00:00,0:00:00,0,HANG,0:00:00,0:00:00,0,NO_SERVER
AA0201,46013,0,0,PS,990911,0:22:37,0:22:56,19,0:00:00,0:00:00,0,HANG,0:00:00,0:00:00,0,NO_SERVER
AA0201,46014,0,0,PS,990911,19:06:14,19:06:26,12,0:00:00,0:00:00,0,HANG,0:00:00,0:00:00,0,NO_SERVER
AA0201,46015,0,0,PS,990912,12:48:37,12:48:52,15,0:00:00,0:00:00,0,HANG,0:00:00,0:00:00,0,NO_SERVER
AA0201,46016,0,0,PS,990912,19:28:43,19:28:54,11,0:00:00,0:00:00,0,HANG,0:00:00,0:00:00,0,NO_SERVER
AA0201,46017,0,0,PS,990912,20:01:01,20:01:15,14,0:00:00,0:00:00,0,AGENT,20:01:14,20:02:10,56,SHARON
AA0201,46018,0,0,PS,990912,20:24:37,20:24:46,9,0:00:00,0:00:00,0,AGENT,20:24:45,20:25:34,49,SHARON
AA0201,46019,0,0,NW,990912,20:38:50,20:39:00,10,20:39:00,20:42:21,201,AGENT,20:42:21,20:43:59,98,SHARON
AA0201,46020,0,0,PS,990912,21:11:53,21:12:03,10,0:00:00,0:00:00,0,AGENT,21:12:03,21:14:44,161,ELI
AA0201,46021,0,0,PS,990912,21:41:45,21:41:55,10,0:00:00,0:00:00,0,AGENT,21:41:54,21:45:41,227,ZOHARI
AA0201,46022,0,0,PS,990912,22:20:04,22:20:13,9,0:00:00,0:00:00,0,AGENT,22:20:12,22:22:24,132,SHARON
AA0201,46023,32274987,1,PS,990912,23:09:08,23:09:13,5,23:09:13,23:10:20,67,AGENT,23:10:19,23:11:14,55,AVNI
AA0201,46024,0,0,PS,990913,5:55:00,5:55:14,14,0:00:00,0:00:00,0,HANG,0:00:00,0:00:00,0,NO_SERVER
AA0201,46025,0,0,PS,990913,7:30:42,7:30:51,9,0:00:00,0:00:00,0,AGENT,7:30:50,7:32:12,82,GILI
AA0201,46026,0,0,NW,990913,7:58:31,7:58:44,13,0:00:00,0:00:00,0,AGENT,7:58:43,7:59:20,37,STEREN
AA0201,46027,0,0,PS,990913,8:15:11,8:15:22,11,0:00:00,0:00:00,0,AGENT,8:15:20,8:15:53,33,VICKY
AA0201,46028,0,0,PS,990913,8:29:58,8:30:12,14,0:00:00,0:00:00,0,AGENT,8:30:11,8:30:57,46,TOVA
AA0201,46029,0,0,PS,990913,8:41:58,8:42:07,9,0:00:00,0:00:00,0,AGENT,8:42:06,8:48:01,355,SHARON
AA0201,46030,0,0,NW,990913,8:48:44,8:48:53,9,8:48:53,8:49:05,12,AGENT,8:49:04,8:50:02,58,SHARON
AA0201,46031,0,0,PS,990913,9:02:21,9:02:30,9,0:00:00,0:00:00,0,AGENT,9:02:29,9:04:50,141,ZOHARI
AA0201,46032,5373469,1,PS,990913,9:10:03,9:10:09,6,9:10:09,9:10:41,32,AGENT,9:10:41,9:11:18,37,ROTH
AA0201,46033,0,0,NW,990913,9:20:50,9:21:05,15,0:00:00,0:00:00,0,AGENT,9:21:05,9:21:13,8,NO_SERVER
AA0201,46034,0,0,PS,990913,9:33:48,9:34:01,13,0:00:00,0:00:00,0,AGENT,9:34:01,9:35:22,81,ZOHARI
AA0201,46035,0,0,PS,990913,9:40:11,9:40:20,9,0:00:00,0:00:00,0,AGENT,9:40:19,9:40:52,33,GILI
AA0201,46036,0,0,PS,990913,9:47:42,9:47:51,9,0:00:00,0:00:00,0,AGENT,9:47:51,9:55:48,477,YIFAT
AA0201,46037,0,0,PS,990913,9:57:55,9:58:04,9,0:00:00,0:00:00,0,AGENT,9:58:04,9:58:08,4,NO_SERVER
AA0201,46038,0,0,PS,990913,10:08:05,10:08:14,9,10:08:14,10:09:49,95,PHANTOM,10:09:49,10:09:52,3,NO_SERVER
AA0201,46039,0,0,PS,990913,10:18:11,10:18:20,9,0:00:00,0:00:00,0,AGENT,10:18:19,10:19:44,85,GILI
AA0201,46040,0,0,NE,990913,10:29:16,10:29:28,12,0:00:00,0:00:00,0,AGENT,10:29:27,10:32:14,167,ELI
AA0201,46041,0,0,PS,990913,10:36:33,10:36:51,18,0:00:00,0:00:00,0,AGENT,10:36:50,10:39:18,148,ZOHARI
AA0201,46042,0,0,PS,990913,10:44:23,10:44:32,9,0:00:00,0:00:00,0,AGENT,10:44:31,10:56:14,703,ROTH
AA0201,46043,0,0,PS,990913,10:54:48,10:55:00,12,0:00:00,0:00:00,0,AGENT,10:54:59,10:58:23,204,GILI
AA0201,46044,74780917,2,NE,990913,11:04:46,11:04:52,6,11:04:52,11:05:17,25,AGENT,11:05:16,11:09:23,247,KAZAV
AA0201,46045,0,0,NW,990913,11:13:43,11:13:56,13,0:00:00,0:00:00,0,AGENT,11:13:56,11:14:11,15,SHARON
AA0201,46046,33474602,2,PS,990913,11:23:32,11:23:37,5,11:23:37,11:23:47,10,AGENT,11:23:46,11:25:58,132,STEREN
AA0201,46047,312675598,1,PS,990913,11:30:03,11:30:08,5,11:30:08,11:30:53,45,AGENT,11:30:53,11:33:48,175,ROTH
AA0201,46048,0,0,PS,990913,11:41:57,11:42:06,9,0:00:00,0:00:00,0,AGENT,11:42:05,11:52:27,622,ROTH
AA0201,46049,0,0,NW,990913,11:50:48,11:50:57,9,11:50:57,11:51:56,59,HANG,0:00:00,0:00:00,0,NO_SERVER
AA0201,46050,0,0,PS,990913,11:58:29,11:58:39,10,0:00:00,0:00:00,0,AGENT,11:58:38,11:59:51,73,GILI
AA0201,46051,0,0,PS,990913,12:06:55,12:07:03,8,0:00:00,0:00:00,0,AGENT,12:07:02,12:10:05,183,GILI
AA0201,46052,0,0,PS,990913,12:16:59,12:17:08,9,0:00:00,0:00:00,0,AGENT,12:17:07,12:19:27,140,ROTH
AA0201,46053,0,0,NW,990913,12:28:59,12:29:09,10,12:29:09,12:30:11,62,AGENT,12:30:10,12:30:46,36,STEREN
AA0201,46054,0,0,PS,990913,12:42:57,12:43:06,9,0:00:00,0:00:00,0,AGENT,12:43:05,12:46:14,189,VICKY
AA0201,46055,0,0,PS,990913,12:57:56,12:58:06,10,0:00:00,0:00:00,0,AGENT,12:58:05,13:00:44,159,STEREN
AA0201,46056,10283034,2,PS,990913,13:09:18,13:09:23,5,13:09:23,13:10:34,71,AGENT,13:10:33,13:22:00,687,VICKY
AA0201,46057,0,0,PS,990913,13:20:36,13:20:45,9,0:00:00,0:00:00,0,AGENT,13:20:44,13:21:58,74,ZOHARI
AA0201,46058,0,0,NW,990913,13:27:46,13:28:01,15,0:00:00,0:00:00,0,AGENT,13:28:00,13:28:59,59,VICKY
AA0201,46059,27180025,1,PS,990913,13:39:16,13:39:22,6,13:39:22,13:39:27,5,AGENT,13:39:26,13:41:21,115,VICKY
AA0201,46060,27490820,2,PS,990913,13:48:51,13:48:57,6,13:48:57,13:50:43,106,AGENT,13:50:42,13:55:45,303,VICKY
AA0201,46061,0,0,PS,990913,13:56:23,13:58:07,104,0:00:00,0:00:00,0,HANG,0:00:00,0:00:00,0,NO_SERVER
AA0201,46062,0,0,PS,990913,14:05:27,14:06:40,73,0:00:00,0:00:00,0,HANG,0:00:00,0:00:00,0,NO_SERVER
AA0201,46063,63193346,2,PS,990913,14:10:22,14:10:28,6,14:10:28,14:15:11,283,AGENT,14:15:11,14:16:04,53,SHARON
AA0201,46064,28538312,2,PS,990913,14:18:47,14:18:52,5,14:18:52,14:20:26,94,AGENT,14:20:25,14:20:26,1,MORIAH
AA0201,46065,32236242,1,PS,990913,14:26:32,14:26:38,6,14:26:38,14:27:37,59,AGENT,14:27:36,14:27:42,6,MORIAH
AA0201,46066,43288190,2,PS,990913,14:33:40,14:33:46,6,14:33:46,14:35:20,94,AGENT,14:35:19,14:38:37,198,SHARON
AA0201,46067,25299801,1,PS,990913,14:42:19,14:42:25,6,14:42:25,14:42:37,12,AGENT,14:42:36,14:47:51,315,BASCH
AA0201,46068,0,0,PS,990913,14:51:17,14:51:30,13,0:00:00,0:00:00,0,AGENT,14:51:28,15:00:34,546,ZOHARI
AA0201,46069,32238313,2,PS,990913,15:00:39,15:00:45,6,15:00:45,15:01:08,23,AGENT,15:01:08,15:02:51,103,MORIAH
AA0201,46071,0,0,PS,990913,15:08:05,15:08:05,0,0:00:00,0:00:00,0,HANG,0:00:00,0:00:00,0,NO_SERVER
AA0201,46072,0,0,NW,990913,15:15:25,15:15:34,9,15:15:34,15:18:21,167,HANG,0:00:00,0:00:00,0,NO_SERVER
AA0201,46073,309933992,1,PS,990913,15:26:31,15:26:37,6,15:26:37,15:29:53,196,AGENT,15:29:52,15:30:39,47,SHARON
AA0201,46074,25124181,2,NE,990913,15:37:00,15:37:06,6,15:37:06,15:38:56,110,AGENT,15:38:55,15:39:00,5,MORIAH
AA0201,46075,0,0,PS,990913,15:48:49,15:48:58,9,0:00:00,0:00:00,0,AGENT,15:48:57,15:50:46,109,BASCH
AA0201,46076,28093201,1,PS,990913,16:01:03,16:01:08,5,16:01:08,16:01:09,1,HANG,0:00:00,0:00:00,0,NO_SERVER
AA0201,46077,54665682,2,PS,990913,16:10:59,16:11:05,6,16:11:05,16:11:17,12,AGENT,16:11:17,16:13:29,132,AVNI
AA0201,46078,0,0,PS,990913,16:25:29,16:25:46,17,0:00:00,0:00:00,0,AGENT,16:25:45,16:26:54,69,AVI
AA0201,46079,59197178,2,PS,990913,16:37:18,16:37:23,5,16:37:23,16:40:14,171,AGENT,16:40:12,16:40:44,32,BASCH
AA0201,46080,307643882,1,PS,990913,16:47:42,16:47:48,6,16:47:48,16:51:51,243,AGENT,16:51:50,16:53:13,83,ANAT
AA0201,46082,0,0,PS,990913,16:58:45,16:58:45,0,0:00:00,0:00:00,0,HANG,0:00:00,0:00:00,0,NO_SERVER
AA0201,46083,75746545,2,PS,990913,17:07:37,17:07:43,6,17:07:43,17:08:00,17,AGENT,17:07:59,17:11:22,203,BASCH
AA0201,46084,0,0,PS,990913,17:22:00,17:22:17,17,0:00:00,0:00:00,0,AGENT,17:22:16,17:26:19,243,ANAT
AA0201,46085,0,0,NE,990913,17:43:02,17:43:12,10,0:00:00,0:00:00,0,AGENT,17:43:11,17:44:51,100,BASCH
AA0201,46086,56016272,1,PS,990913,18:00:35,18:00:41,6,18:00:41,18:01:34,53,AGENT,18:01:00,18:01:51,51,ANAT
AA0201,46087,0,0,PS,990913,18:14:21,18:14:37,16,0:00:00,0:00:00,0,AGENT,18:14:37,18:14:39,2,ANAT
AA0201,46088,0,0,PS,990913,18:28:13,18:28:28,15,0:00:00,0:00:00,0,AGENT,18:28:23,18:29:26,63,MORIAH
AA0201,46089,0,0,PS,990913,18:46:59,18:47:12,13,0:00:00,0:00:00,0,AGENT,18:47:08,18:51:16,248,AVNI
AA0201,46090,32296816,1,PS,990913,18:57:15,18:57:21,6,18:57:21,18:57:51,30,AGENT,18:57:50,19:03:10,320,MEIR
AA0201,46091,0,0,NW,990913,19:10:37,19:10:46,9,19:10:46,19:12:32,106,AGENT,19:12:31,19:18:58,387,MEIR
AA0201,46092,57718637,1,PS,990913,19:22:32,19:22:37,5,19:22:37,19:23:44,67,AGENT,19:23:44,19:23:47,3,MORIAH
AA0201,46093,56018740,1,PS,990913,19:32:51,19:32:57,6,19:32:57,19:33:24,27,HANG,0:00:00,0:00:00,0,NO_SERVER
AA0201,46094,0,0,NE,990913,19:48:32,19:48:43,11,0:00:00,0:00:00,0,AGENT,19:48:42,19:49:23,41,BASCH
AA0201,46095,0,0,PS,990913,20:07:11,20:07:19,8,0:00:00,0:00:00,0,AGENT,20:07:19,20:08:59,100,MORIAH
AA0201,46096,0,0,PS,990913,20:19:05,20:19:22,17,0:00:00,0:00:00,0,AGENT,20:19:21,20:20:27,66,ANAT
AA0201,46097,23097868,2,PS,990913,20:32:24,20:32:30,6,20:32:30,20:32:57,27,AGENT,20:32:57,20:34:25,88,AVNI
AA0201,46098,0,0,NW,990913,20:51:54,20:52:03,9,20:52:03,20:52:06,3,AGENT,20:52:05,20:52:56,51,AVI
AA0201,46099,0,0,NW,990913,21:09:04,21:09:13,9,21:09:13,21:10:31,78,HANG,0:00:00,0:00:00,0,NO_SERVER
AA0201,46100,0,0,PS,990913,21:31:11,21:31:23,12,0:00:00,0:00:00,0,AGENT,21:31:22,21:32:47,85,MEIR
AA0201,46101,0,0,NW,990913,21:43:35,21:43:48,13,0:00:00,0:00:00,0,AGENT,21:43:47,21:45:38,111,MEIR
AA0201,46102,22013551,2,NE,990913,22:06:25,22:06:31,6,22:06:31,22:12:10,339,AGENT,22:12:09,22:16:31,262,AVNI
AA0201,46103,59630624,1,NE,990913,22:22:44,22:22:50,6,22:22:50,22:23:54,64,AGENT,22:23:53,22:25:05,72,AVI
AA0201,46104,23793540,1,PS,990913,22:45:29,22:45:35,6,22:45:35,22:45:58,23,AGENT,22:45:57,22:47:56,119,AVI
AA0201,46105,0,0,PS,990913,23:23:34,23:23:43,9,0:00:00,0:00:00,0,AGENT,23:23:43,23:25:14,91,AVNI
AA0201,46106,24806440,1,PS,990913,23:50:38,23:50:44,6,23:50:44,23:50:58,14,AGENT,23:50:57,23:53:27,150,AVNI
AA0201,46107,0,0,NW,990914,4:44:32,4:45:41,69,0:00:00,0:00:00,0,HANG,0:00:00,0:00:00,0,NO_SERVER
AA0201,46108,0,0,PS,990914,7:21:08,7:21:17,9,0:00:00,0:00:00,0,AGENT,7:21:17,7:22:27,70,TOVA
AA0201,46109,0,0,PS,990914,7:40:06,7:40:16,10,0:00:00,0:00:00,0,AGENT,7:40:14,7:44:35,261,ANAT
AA0201,46110,0,0,PS,990914,7:57:25,7:57:33,8,0:00:00,0:00:00,0,AGENT,7:57:32,7:58:33,61,TOVA
AA0201,46111,0,0,PS,990914,8:19:56,8:20:05,9,0:00:00,0:00:00,0,AGENT,8:20:05,8:22:15,130,KAZAV
AA0201,46112,0,0,NW,990914,8:27:29,8:27:39,10,8:27:39,8:30:51,192,HANG,0:00:00,0:00:00,0,NO_SERVER
AA0201,46113,0,0,PS,990914,8:40:53,8:41:10,17,0:00:00,0:00:00,0,AGENT,8:41:09,8:44:00,171,TOVA
AA0201,46114,0,0,PS,990914,8:48:08,8:48:19,11,0:00:00,0:00:00,0,AGENT,8:48:18,8:57:20,542,MORIAH
AA0201,46115,24588477,2,PS,990914,8:57:25,8:57:30,5,8:57:30,8:58:19,49,AGENT,8:58:18,8:58:22,4,MORIAH
AA0201,46116,0,0,NW,990914,9:06:21,9:06:34,13,0:00:00,0:00:00,0,AGENT,9:06:33,9:08:33,120,GOLDIE
AA0201,46117,0,0,NW,990914,9:15:52,9:16:02,10,9:16:02,9:19:22,200,AGENT,9:19:21,9:30:22,661,GOLDIE
AA0201,46118,0,0,NW,990914,9:27:20,9:27:29,9,9:27:29,9:28:28,59,HANG,0:00:00,0:00:00,0,NO_SERVER
AA0201,46119,34393512,1,PS,990914,9:37:45,9:37:51,6,9:37:51,9:38:05,14,AGENT,9:38:04,9:40:03,119,YIFAT
AA0201,46120,59153189,1,PS,990914,9:45:52,9:45:57,5,9:45:57,9:46:21,24,HANG,0:00:00,0:00:00,0,NO_SERVER
AA0201,46121,0,0,PS,990914,9:57:17,9:57:29,12,0:00:00,0:00:00,0,AGENT,9:57:27,9:57:33,6,MORIAH
AA0201,46122,0,0,PS,990914,10:07:51,10:08:02,11,0:00:00,0:00:00,0,AGENT,10:08:01,10:10:53,172,YIFAT
AA0201,46123,10858884,2,NE,990914,10:15:32,10:15:38,6,10:15:38,10:16:26,48,AGENT,10:16:24,10:17:13,49,ANAT
AA0201,46124,27281617,2,NE,990914,10:22:46,10:22:52,6,10:22:52,10:23:34,42,AGENT,10:23:33,10:23:36,3,MORIAH
AA0201,46125,0,0,PS,990914,10:29:55,10:30:06,11,0:00:00,0:00:00,0,AGENT,10:30:04,10:31:56,112,YIFAT
AA0201,46126,41154758,2,PS,990914,10:35:43,10:35:48,5,10:35:48,10:35:52,4,AGENT,10:35:50,10:42:57,427,YIFAT
AA0201,46127,29617719,1,PS,990914,10:40:12,10:40:18,6,10:40:18,10:41:17,59,HANG,0:00:00,0:00:00,0,NO_SERVER
AA0201,46128,52867744,2,NE,990914,10:46:08,10:46:14,6,10:46:14,10:46:27,13,AGENT,10:46:27,11:01:12,885,KAZAV
AA0201,46129,30442495,2,PS,990914,10:58:15,10:58:21,6,10:58:21,10:59:31,70,AGENT,10:59:30,11:10:18,648,GOLDIE
AA0201,46130,57831356,2,NE,990914,11:06:57,11:07:02,5,11:07:02,11:07:46,44,AGENT,11:07:45,11:10:03,138,AVNI
AA0201,46131,0,0,NW,990914,11:15:52,11:16:01,9,11:16:01,11:17:15,74,HANG,0:00:00,0:00:00,0,NO_SERVER
AA0201,46132,0,0,PS,990914,11:28:50,11:28:58,8,0:00:00,0:00:00,0,AGENT,11:28:58,11:32:02,184,ANAT
AA0201,46133,57379505,2,PS,990914,11:41:07,11:41:13,6,11:41:13,11:42:26,73,AGENT,11:42:25,11:50:30,485,ANAT
AA0201,46134,74780917,2,NE,990914,11:49:21,11:49:26,5,11:49:26,11:51:23,117,AGENT,11:51:22,11:51:24,2,MORIAH
AA0201,46135,27401272,1,PS,990914,11:56:56,11:57:01,5,11:57:01,11:57:06,5,AGENT,11:57:05,11:57:05,0,YIFAT
AA0201,46136,0,0,NW,990914,12:04:52,12:05:00,8,12:05:00,12:05:39,39,AGENT,12:05:38,12:07:16,98,BASCH
AA0201,46137,0,0,PS,990914,12:14:26,12:14:36,10,0:00:00,0:00:00,0,AGENT,12:14:35,12:19:02,267,GOLDIE
AA0201,46138,0,0,NW,990914,12:25:07,12:25:16,9,12:25:16,12:26:45,89,HANG,0:00:00,0:00:00,0,NO_SERVER
AA0201,46139,13000567,2,PS,990914,12:35:07,12:35:13,6,12:35:13,12:37:25,132,AGENT,12:37:25,12:37:39,14,MORIAH
AA0201,46140,0,0,PS,990914,12:47:10,12:47:19,9,0:00:00,0:00:00,0,AGENT,12:47:18,12:48:42,84,TOVA
AA0201,46141,0,0,NW,990914,13:02:54,13:03:03,9,13:03:03,13:03:44,41,AGENT,13:03:43,13:10:17,394,AVNI
AA0201,46142,57864548,2,PS,990914,13:12:05,13:12:10,5,13:12:10,13:12:55,45,AGENT,13:12:55,13:16:41,226,TOVA
AA0201,46143,15239874,2,PS,990914,13:27:57,13:28:02,5,13:28:02,13:29:20,78,AGENT,13:29:19,13:30:34,75,ANAT
AA0201,46144,54128681,2,PS,990914,13:39:23,13:39:28,5,13:39:28,13:39:43,15,AGENT,13:39:42,13:42:57,195,TOVA
AA0201,46145,24927717,1,PS,990914,13:48:55,13:49:01,6,13:49:01,13:49:48,47,AGENT,13:49:48,13:53:20,212,AVNI
AA0201,46146,2043974,1,NE,990914,13:58:01,13:58:07,6,13:58:07,13:58:26,19,AGENT,13:58:24,14:03:01,277,KAZAV
AA0201,46147,50347749,1,NE,990914,14:08:23,14:08:28,5,14:08:28,14:11:13,165,AGENT,14:11:12,14:24:24,792,AVNI
AA0201,46148,0,0,NW,990914,14:17:49,14:17:59,10,14:17:59,14:21:35,216,AGENT,14:21:35,14:23:27,112,ROTH
AA0201,46149,28574507,2,PS,990914,14:29:47,14:29:53,6,14:29:53,14:30:02,9,AGENT,14:30:01,14:31:34,93,NAAMA
AA0201,46150,0,0,NW,990914,14:37:50,14:38:00,10,14:38:00,14:39:51,111,HANG,0:00:00,0:00:00,0,NO_SERVER
AA0201,46151,50892322,2,PS,990914,14:45:39,14:45:45,6,14:45:45,14:47:33,108,AGENT,14:47:33,14:48:53,80,YIFAT
AA0201,46152,0,0,NW,990914,14:59:14,14:59:23,9,14:59:23,14:59:51,28,HANG,0:00:00,0:00:00,0,NO_SERVER
AA0201,46153,25352329,1,PS,990914,15:10:16,15:10:22,6,15:10:22,15:14:17,235,HANG,0:00:00,0:00:00,0,NO_SERVER
AA0201,46154,65032120,2,NE,990914,15:23:36,15:23:42,6,15:23:42,15:24:35,53,AGENT,15:24:35,15:27:06,151,KAZAV
AA0201,46155,52867744,2,PS,990914,15:35:00,15:35:06,6,15:35:06,15:36:54,108,AGENT,15:36:53,15:49:21,748,ROTH
AA0201,46156,10587137,2,NE,990914,15:45:20,15:45:25,5,15:45:25,15:46:56,91,AGENT,15:46:55,15:49:33,158,KAZAV
AA0201,46157,0,0,NW,990914,15:58:33,15:58:43,10,15:58:43,16:03:56,313,AGENT,16:03:55,16:06:35,160,SHARON
AA0201,46158,1161660,2,PS,990914,16:11:37,16:11:43,6,16:11:43,16:11:52,9,AGENT,16:11:51,16:13:40,109,BENSION
AA0201,46159,0,0,NW,990914,16:20:50,16:20:59,9,16:20:59,16:22:46,107,AGENT,16:22:45,16:24:20,95,SHARON
AA0201,46160,0,0,NW,990914,16:37:05,16:37:14,9,16:37:14,16:37:29,15,HANG,0:00:00,0:00:00,0,NO_SERVER
AA0201,46161,0,0,PS,990914,16:50:38,16:50:52,14,0:00:00,0:00:00,0,AGENT,16:50:51,16:53:57,186,BENSION
AA0201,46162,0,0,NW,990914,16:58:00,16:58:14,14,0:00:00,0:00:00,0,AGENT,16:58:13,16:59:47,94,YITZ
AA0201,46163,0,0,PS,990914,17:11:27,17:11:37,10,0:00:00,0:00:00,0,AGENT,17:11:36,17:14:19,163,YITZ
AA0201,46164,0,0,NW,990914,17:23:16,17:23:30,14,0:00:00,0:00:00,0,AGENT,17:23:29,17:26:23,174,SHARON
AA0201,46165,0,0,NW,990914,17:39:35,17:39:52,17,0:00:00,0:00:00,0,AGENT,17:39:51,17:40:20,29,SHARON
AA0201,46166,0,0,PS,990914,17:54:56,17:55:05,9,0:00:00,0:00:00,0,AGENT,17:55:04,17:55:26,22,STEREN
AA0201,46167,0,0,PS,990914,18:11:15,18:11:26,11,0:00:00,0:00:00,0,AGENT,18:11:25,18:15:27,242,BENSION
AA0201,46168,0,0,PS,990914,18:25:11,18:25:21,10,0:00:00,0:00:00,0,AGENT,18:25:21,18:26:03,42,SHARON
AA0201,46169,0,0,NE,990914,18:42:43,18:43:00,17,0:00:00,0:00:00,0,AGENT,18:42:59,18:53:17,618,SHARON
AA0201,46170,0,0,NW,990914,19:00:01,19:00:04,3,0:00:00,0:00:00,0,HANG,0:00:00,0:00:00,0,NO_SERVER
AA0201,46171,0,0,PS,990914,19:17:07,19:17:15,8,0:00:00,0:00:00,0,AGENT,19:17:14,19:18:33,79,ROTH
AA0201,46172,0,0,PS,990914,19:38:31,19:38:49,18,0:00:00,0:00:00,0,AGENT,19:38:48,19:38:51,3,BENSION
AA0201,46173,0,0,NW,990914,19:57:31,19:57:44,13,0:00:00,0:00:00,0,AGENT,19:57:43,20:05:06,443,STEREN
AA0201,46174,0,0,PS,990914,20:15:32,20:15:41,9,0:00:00,0:00:00,0,AGENT,20:15:40,20:17:58,138,YITZ
AA0201,46175,0,0,PS,990914,20:38:40,20:38:49,9,0:00:00,0:00:00,0,AGENT,20:38:48,20:40:25,97,STEREN
AA0201,46176,0,0,PS,990914,21:02:02,21:02:27,25,0:00:00,0:00:00,0,AGENT,21:02:26,21:03:48,82,ROTH
AA0201,46177,22013551,2,NE,990914,21:25:58,21:26:03,5,21:26:03,21:27:49,106,AGENT,21:27:48,21:30:08,140,ROTH
AA0201,46178,54128681,2,PS,990914,21:41:45,21:41:51,6,21:41:51,21:42:27,36,AGENT,21:42:27,21:43:25,58,BENSION
AA0201,46179,0,0,PS,990914,21:59:05,21:59:19,14,0:00:00,0:00:00,0,AGENT,21:59:18,22:00:43,85,BENSION
AA0201,46180,24940330,1,PS,990914,22:26:42,22:26:47,5,22:26:47,22:27:16,29,AGENT,22:27:14,22:29:33,139,ZOHARI
AA0201,46181,0,0,PS,990914,22:59:49,22:59:58,9,0:00:00,0:00:00,0,AGENT,22:59:57,23:01:22,85,SHARON
AA0201,46182,0,0,PS,990914,23:23:23,23:23:34,11,0:00:00,0:00:00,0,AGENT,23:23:33,23:26:37,184,STEREN
AA0201,46183,30452882,2,PS,990914,23:56:35,23:56:41,6,23:56:41,23:57:13,32,AGENT,23:57:12,23:58:21,69,BENSION
AA0201,46184,0,0,PS,990915,7:06:10,7:06:21,11,0:00:00,0:00:00,0,AGENT,7:06:20,7:07:12,52,DORIT
AA0201,46185,0,0,NE,990915,7:51:41,7:51:50,9,0:00:00,0:00:00,0,AGENT,7:51:49,7:53:51,122,ZOHARI
AA0201,46186,0,0,NW,990915,8:12:41,8:12:54,13,0:00:00,0:00:00,0,AGENT,8:12:56,8:13:36,40,NO_SERVER
AA0201,46187,0,0,PS,990915,8:27:30,8:27:38,8,0:00:00,0:00:00,0,AGENT,8:27:37,8:36:32,535,ROTH
AA0201,46188,0,0,NW,990915,8:43:26,8:43:36,10,8:43:36,8:43:50,14,HANG,0:00:00,0:00:00,0,NO_SERVER
AA0201,46189,0,0,PS,990915,8:52:57,8:53:06,9,0:00:00,0:00:00,0,AGENT,8:53:05,8:56:16,191,KAZAV
AA0201,46190,57074585,2,PS,990915,9:05:03,9:05:08,5,9:05:08,9:06:06,58,AGENT,9:06:04,9:13:31,447,AVNI
AA0201,46191,52867744,2,PS,990915,9:11:39,9:11:45,6,9:11:45,9:12:18,33,AGENT,9:12:17,9:13:45,88,DORIT
AA0201,46192,0,0,PS,990915,9:21:55,9:22:06,11,0:00:00,0:00:00,0,AGENT,9:22:05,9:23:25,80,DORIT
AA0201,46193,0,0,PS,990915,9:34:33,9:34:46,13,0:00:00,0:00:00,0,AGENT,9:34:45,9:35:17,32,DORIT
AA0201,46194,314431321,2,PS,990915,9:45:26,9:45:32,6,9:45:32,9:46:19,47,AGENT,9:46:19,9:49:00,161,DORIT
AA0201,46195,52867744,2,PS,990915,9:54:13,9:54:18,5,9:54:18,9:54:35,17,AGENT,9:54:34,10:00:39,365,ZOHARI
AA0201,46196,58704610,2,PS,990915,10:02:35,10:02:41,6,10:02:41,10:02:45,4,AGENT,10:02:43,10:03:28,45,ROTH
AA0201,46197,23530603,2,PS,990915,10:13:59,10:14:05,6,10:14:05,10:14:31,26,AGENT,10:14:30,10:15:08,38,YIFAT
AA0201,46198,37599909,1,PS,990915,10:18:03,10:18:08,5,10:18:08,10:19:16,68,HANG,0:00:00,0:00:00,0,NO_SERVER
AA0201,46199,0,0,NW,990915,10:26:36,10:26:45,9,10:26:45,10:27:38,53,AGENT,10:27:37,10:30:15,158,AVNI
AA0201,46200,0,0,NW,990915,10:35:03,10:35:12,9,10:35:12,10:39:29,257,AGENT,10:39:28,10:42:13,165,AVNI
AA0201,46201,0,0,NW,990915,10:47:24,10:47:34,10,10:47:34,10:47:42,8,AGENT,10:47:42,10:48:41,59,ROTH
AA0201,46202,0,0,NE,990915,10:55:41,10:55:54,13,0:00:00,0:00:00,0,AGENT,10:55:53,11:07:39,706,ELI
AA0201,46203,50316827,1,PS,990915,11:05:51,11:05:57,6,11:05:57,11:06:01,4,AGENT,11:06:01,11:11:22,321,KAZAV
AA0201,46204,54876842,2,PS,990915,11:14:16,11:14:22,6,11:14:22,11:14:32,10,AGENT,11:14:31,11:15:20,49,VICKY
AA0201,46205,0,0,NW,990915,11:25:14,11:25:30,16,0:00:00,0:00:00,0,AGENT,11:25:29,11:28:47,198,GOLDIE
AA0201,46206,31881212,1,PS,990915,11:33:13,11:33:19,6,11:33:19,11:33:28,9,AGENT,11:33:27,11:34:54,87,DORIT
AA0201,46207,0,0,PS,990915,11:46:57,11:47:06,9,0:00:00,0:00:00,0,AGENT,11:47:05,11:51:04,239,ROTH
AA0201,46208,0,0,PS,990915,12:01:30,12:01:39,9,0:00:00,0:00:00,0,AGENT,12:01:38,12:03:06,88,VICKY
AA0201,46209,0,0,PS,990915,12:13:00,12:13:09,9,0:00:00,0:00:00,0,AGENT,12:13:08,12:15:27,139,ROTH
AA0201,46210,0,0,NE,990915,12:22:45,12:22:54,9,0:00:00,0:00:00,0,AGENT,12:22:53,12:24:55,122,VICKY
AA0201,46211,0,0,PS,990915,12:34:06,12:34:25,19,0:00:00,0:00:00,0,AGENT,12:34:25,12:35:25,60,ROTH
AA0201,46212,0,0,PS,990915,12:51:31,12:51:42,11,0:00:00,0:00:00,0,AGENT,12:51:40,12:53:33,113,AVNI
AA0201,46213,58704610,2,PS,990915,13:03:48,13:03:54,6,13:03:54,13:04:04,10,AGENT,13:04:04,13:06:23,139,GOLDIE
AA0201,46214,303772057,2,PS,990915,13:14:24,13:14:29,5,13:14:29,13:16:38,129,AGENT,13:16:36,13:18:59,143,VICKY
AA0201,46215,58704610,2,PS,990915,13:26:19,13:26:40,21,13:26:40,13:27:09,29,AGENT,13:27:08,13:29:07,119,VICKY
AA0201,46216,0,0,PS,990915,13:42:39,13:42:47,8,0:00:00,0:00:00,0,AGENT,13:42:46,13:46:29,223,KAZAV
AA0201,46217,0,0,PS,990915,13:56:11,13:56:21,10,0:00:00,0:00:00,0,AGENT,13:56:21,13:58:37,136,BASCH
AA0201,46218,0,0,NE,990915,14:05:03,14:05:13,10,0:00:00,0:00:00,0,AGENT,14:05:12,14:08:00,168,ZOHARI
AA0201,46219,22263115,2,PS,990915,14:17:06,14:17:11,5,14:17:11,14:17:22,11,AGENT,14:17:21,14:17:25,4,MORIAH
AA0201,46220,0,0,PS,990915,14:28:46,14:28:54,8,0:00:00,0:00:00,0,AGENT,14:28:54,14:40:52,718,ROTH
AA0201,46221,23383607,2,PS,990915,14:39:19,14:39:25,6,14:39:25,14:39:51,26,AGENT,14:39:50,14:41:17,87,AVNI
AA0201,46222,0,0,NE,990915,14:46:17,14:46:28,11,0:00:00,0:00:00,0,AGENT,14:46:27,14:49:16,169,ELI
AA0201,46223,0,0,NE,990915,14:55:17,14:55:28,11,0:00:00,0:00:00,0,AGENT,14:55:27,15:01:47,380,KAZAV
AA0201,46224,57918849,1,NE,990915,15:08:50,15:08:56,6,15:08:56,15:10:34,98,AGENT,15:10:32,15:10:39,7,ROTH
AA0201,46225,52867744,2,PS,990915,15:14:29,15:14:35,6,15:14:35,15:15:41,66,AGENT,15:15:40,15:16:54,74,BASCH
AA0201,46226,0,0,PS,990915,15:24:45,15:24:56,11,0:00:00,0:00:00,0,AGENT,15:24:55,15:26:23,88,STEREN
AA0201,46227,29738572,1,PS,990915,15:31:25,15:31:31,6,15:31:31,15:32:55,84,AGENT,15:32:53,15:35:12,139,KAZAV
AA0201,46228,53494142,2,PS,990915,15:38:49,15:38:55,6,15:38:55,15:39:03,8,AGENT,15:39:01,15:40:54,113,GOLDIE
AA0201,46229,0,0,PS,990915,15:46:09,15:46:19,10,0:00:00,0:00:00,0,AGENT,15:46:18,15:49:16,178,AVNI
AA0201,46230,24410680,1,PS,990915,15:58:28,15:58:34,6,15:58:34,15:58:48,14,AGENT,15:58:47,15:58:52,5,MORIAH
AA0201,46231,0,0,PS,990915,16:06:31,16:06:45,14,0:00:00,0:00:00,0,AGENT,16:06:44,16:11:56,312,AVI
AA0201,46232,0,0,PS,990915,16:22:15,16:22:25,10,0:00:00,0:00:00,0,AGENT,16:22:23,16:25:16,173,AVNI
AA0201,46233,0,0,PS,990915,16:35:51,16:36:02,11,0:00:00,0:00:00,0,AGENT,16:36:01,16:39:03,182,AVI
AA0201,46234,0,0,NW,990915,16:48:49,16:49:04,15,0:00:00,0:00:00,0,AGENT,16:49:03,16:49:23,20,GOLDIE
AA0201,46235,0,0,PS,990915,17:02:23,17:02:34,11,0:00:00,0:00:00,0,AGENT,17:02:32,17:04:01,89,TOVA
AA0201,46236,55279970,2,NE,990915,17:16:40,17:16:46,6,17:16:46,17:16:55,9,AGENT,17:16:54,17:17:03,9,MORIAH
AA0201,46237,48820351,2,NE,990915,17:33:40,17:33:46,6,17:33:46,17:34:38,52,AGENT,17:34:37,17:36:17,100,TOVA
AA0201,46238,0,0,NW,990915,17:56:02,17:56:18,16,0:00:00,0:00:00,0,AGENT,17:56:16,17:58:54,158,YITZ
AA0201,46239,0,0,PS,990915,18:17:52,18:18:03,11,0:00:00,0:00:00,0,AGENT,18:18:02,18:18:51,49,YITZ
AA0201,46240,0,0,PS,990915,18:31:41,18:31:51,10,0:00:00,0:00:00,0,AGENT,18:31:50,18:35:58,248,AVI
AA0201,46241,0,0,NE,990915,18:50:18,18:50:30,12,0:00:00,0:00:00,0,AGENT,18:50:30,18:54:24,234,TOVA
AA0201,46242,0,0,NW,990915,19:01:19,19:01:24,5,0:00:00,0:00:00,0,HANG,0:00:00,0:00:00,0,NO_SERVER
AA0201,46243,0,0,PS,990915,19:25:56,19:26:06,10,0:00:00,0:00:00,0,AGENT,19:26:06,19:36:09,603,TOVA
AA0201,46244,0,0,NW,990915,19:48:39,19:48:52,13,0:00:00,0:00:00,0,AGENT,19:48:52,19:50:32,100,YITZ
AA0201,46245,0,0,NE,990915,20:15:01,20:15:10,9,0:00:00,0:00:00,0,AGENT,20:15:09,20:16:02,53,BASCH
AA0201,46246,0,0,PS,990915,20:32:53,20:33:02,9,0:00:00,0:00:00,0,AGENT,20:33:02,20:34:12,70,AVI
AA0201,46247,0,0,PS,990915,20:50:34,20:50:43,9,0:00:00,0:00:00,0,AGENT,20:50:42,20:53:13,151,MORIAH
AA0201,46248,0,0,PS,990915,21:10:26,21:10:40,14,0:00:00,0:00:00,0,AGENT,21:10:38,21:12:59,141,AVI
AA0201,46249,58859752,2,PS,990915,21:26:29,21:26:35,6,21:26:35,21:26:47,12,AGENT,21:26:47,21:27:48,61,BENSION
AA0201,46250,0,0,PS,990915,21:42:04,21:42:16,12,0:00:00,0:00:00,0,AGENT,21:42:14,21:43:27,73,AVI
AA0201,46251,67158097,2,PS,990915,21:58:22,21:58:27,5,21:58:27,21:59:18,51,AGENT,21:59:17,21:59:17,0,AVI
AA0201,46252,54128681,2,PS,990915,22:19:30,22:19:35,5,22:19:35,22:21:38,123,AGENT,22:21:37,22:22:25,48,BENSION
AA0201,46253,22209977,1,PS,990915,22:45:39,22:45:44,5,22:45:44,22:47:22,98,AGENT,22:47:21,22:48:34,73,AVI
AA0201,46254,23672215,2,PS,990915,23:18:37,23:18:43,6,23:18:43,23:19:35,52,AGENT,23:19:34,23:20:55,81,BENSION
AA0201,46255,0,0,PS,990916,0:00:08,0:00:22,14,0:00:00,0:00:00,0,AGENT,0:00:21,0:00:51,30,BENSION
AA0201,46256,0,0,PS,990916,6:12:28,6:12:42,14,0:00:00,0:00:00,0,HANG,0:00:00,0:00:00,0,NO_SERVER
AA0201,46257,0,0,PS,990916,7:12:45,7:13:01,16,0:00:00,0:00:00,0,AGENT,7:12:59,7:15:45,166,ANAT
AA0201,46258,0,0,PE,990916,7:42:38,7:42:46,8,0:00:00,0:00:00,0,AGENT,7:42:45,7:42:47,2,MORIAH
AA0201,46259,0,0,PS,990916,8:05:14,8:05:27,13,0:00:00,0:00:00,0,AGENT,8:05:26,8:11:50,384,ANAT
AA0201,46260,57332249,2,PS,990916,8:16:58,8:17:04,6,8:17:04,8:18:08,64,AGENT,8:18:06,8:19:47,101,KAZAV
AA0201,46261,0,0,NW,990916,8:38:27,8:38:40,13,0:00:00,0:00:00,0,AGENT,8:38:39,8:39:17,38,MORIAH
AA0201,46262,54613724,2,NE,990916,8:48:04,8:48:10,6,8:48:10,8:48:35,25,AGENT,8:48:34,8:51:03,149,TOVA
AA0201,46263,0,0,PS,990916,8:58:54,8:59:03,9,0:00:00,0:00:00,0,AGENT,8:59:02,9:02:58,236,KAZAV
AA0201,46264,58704610,2,PS,990916,9:08:59,9:09:05,6,9:09:05,9:09:24,19,AGENT,9:09:23,9:11:26,123,ROTH
AA0201,46265,57281792,2,PS,990916,9:18:19,9:18:24,5,9:18:24,9:18:38,14,HANG,0:00:00,0:00:00,0,NO_SERVER
AA0201,46266,0,0,NW,990916,9:27:12,9:27:22,10,9:27:22,9:27:47,25,AGENT,9:27:46,9:30:29,163,MORIAH
AA0201,46267,0,0,PS,990916,9:48:28,9:48:39,11,0:00:00,0:00:00,0,AGENT,9:48:38,9:50:09,91,ANAT
AA0201,46268,10858884,2,NE,990916,9:56:03,9:56:09,6,9:56:09,9:56:50,41,AGENT,9:56:50,9:58:48,118,MORIAH
AA0201,46269,0,0,PS,990916,10:07:02,10:07:14,12,0:00:00,0:00:00,0,AGENT,10:07:13,10:11:04,231,ZOHARI
AA0201,46270,0,0,NW,990916,10:16:59,10:17:08,9,10:17:08,10:17:21,13,AGENT,10:17:20,10:24:09,409,ROTH
AA0201,46271,10765980,2,PS,990916,10:23:43,10:23:49,6,10:23:49,10:24:28,39,AGENT,10:24:27,10:37:48,801,ANAT
AA0201,46272,64185333,2,PS,990916,10:28:03,10:28:09,6,10:28:09,10:29:08,59,AGENT,10:29:06,10:31:04,118,ROTH
AA0201,46274,0,0,PS,990916,10:37:05,10:37:05,0,0:00:00,0:00:00,0,HANG,0:00:00,0:00:00,0,NO_SERVER
AA0201,46275,0,0,PS,990916,10:44:31,10:44:41,10,0:00:00,0:00:00,0,AGENT,10:44:40,10:46:45,125,ZOHARI
AA0201,46276,0,0,PS,990916,10:57:59,10:58:08,9,0:00:00,0:00:00,0,AGENT,10:58:08,11:01:21,193,DORIT
AA0201,46277,0,0,NE,990916,11:11:36,11:11:47,11,0:00:00,0:00:00,0,AGENT,11:11:47,11:11:49,2,TOVA
AA0201,46278,57884199,2,PS,990916,11:22:22,11:22:27,5,11:22:27,11:22:51,24,AGENT,11:22:50,11:22:53,3,MORIAH
AA0201,46279,0,0,PS,990916,11:33:01,11:33:13,12,0:00:00,0:00:00,0,AGENT,11:33:11,11:33:31,20,TOVA
AA0201,46280,52120771,1,NE,990916,11:50:15,11:50:21,6,11:50:21,11:50:26,5,AGENT,11:50:25,11:53:06,161,ANAT
AA0201,46281,0,0,PS,990916,11:59:24,11:59:35,11,0:00:00,0:00:00,0,AGENT,11:59:34,11:59:38,4,TOVA
AA0201,46282,0,0,PS,990916,12:09:29,12:09:43,14,0:00:00,0:00:00,0,AGENT,12:09:42,12:13:04,202,DORIT
AA0201,46283,58704610,2,PS,990916,12:18:41,12:18:47,6,12:18:47,12:20:23,96,AGENT,12:20:22,12:22:26,124,ANAT
AA0201,46284,0,0,PS,990916,12:33:08,12:33:19,11,0:00:00,0:00:00,0,AGENT,12:33:18,12:34:36,78,ANAT
AA0201,46285,0,0,NW,990916,12:49:27,12:49:40,13,0:00:00,0:00:00,0,AGENT,12:49:39,12:51:00,81,ROTH
AA0201,46286,6692800,2,PS,990916,13:00:09,13:00:14,5,13:00:14,13:00:32,18,AGENT,13:00:32,13:03:59,207,ANAT
AA0201,46287,7191646,2,NE,990916,13:10:06,13:10:11,5,13:10:11,13:12:35,144,AGENT,13:12:35,13:34:02,1287,TOVA
AA0201,46288,22263115,2,PS,990916,13:22:04,13:22:10,6,13:22:10,13:22:52,42,AGENT,13:22:51,13:25:03,132,MORIAH
AA0201,46289,50347749,1,NE,990916,13:31:01,13:31:07,6,13:31:07,13:32:55,108,AGENT,13:32:54,13:37:48,294,MORIAH
AA0201,46290,79727962,2,PS,990916,13:42:24,13:42:29,5,13:42:29,13:42:56,27,AGENT,13:42:55,13:44:57,122,ROTH
AA0201,46291,58029430,1,PS,990916,13:54:21,13:54:26,5,13:54:26,13:54:56,30,AGENT,13:54:55,14:00:58,363,TOVA
AA0201,46292,27139807,2,PS,990916,14:05:55,14:06:01,6,14:06:01,14:06:09,8,AGENT,14:06:08,14:08:41,153,GOLDIE
AA0201,46293,24927717,1,PS,990916,14:12:04,14:12:10,6,14:12:10,14:12:24,14,HANG,0:00:00,0:00:00,0,NO_SERVER
AA0201,46294,0,0,PS,990916,14:20:51,14:21:00,9,0:00:00,0:00:00,0,AGENT,14:20:59,14:24:30,211,ZOHARI
AA0201,46295,25124181,2,NE,990916,14:31:09,14:31:15,6,14:31:15,14:31:41,26,AGENT,14:31:41,14:31:43,2,MORIAH
AA0201,46296,0,0,PS,990916,14:44:28,14:44:37,9,0:00:00,0:00:00,0,AGENT,14:44:36,14:51:07,391,STEREN
AA0201,46297,940551,1,PS,990916,14:51:21,14:51:27,6,14:51:27,14:51:38,11,PHANTOM,14:51:37,14:51:43,6,NO_SERVER
AA0201,46298,0,0,PS,990916,14:56:47,14:56:56,9,0:00:00,0:00:00,0,AGENT,14:56:55,15:03:50,415,ROTH
AA0201,46299,28711224,1,PS,990916,15:04:14,15:04:20,6,15:04:20,15:04:29,9,HANG,0:00:00,0:00:00,0,NO_SERVER
AA0201,46300,52120771,1,PS,990916,15:09:40,15:09:46,6,15:09:46,15:10:00,14,HANG,0:00:00,0:00:00,0,NO_SERVER
AA0201,46301,54145529,2,PS,990916,15:16:14,15:16:20,6,15:16:20,15:17:03,43,HANG,0:00:00,0:00:00,0,NO_SERVER
AA0201,46302,0,0,NW,990916,15:26:05,15:26:15,10,15:26:15,15:27:07,52,HANG,0:00:00,0:00:00,0,NO_SERVER
AA0201,46303,51689297,1,PS,990916,15:33:25,15:33:31,6,15:33:31,15:36:59,208,AGENT,15:36:59,15:41:55,296,STEREN
AA0201,46304,312962772,1,PS,990916,15:42:51,15:42:56,5,15:42:56,15:44:45,109,HANG,0:00:00,0:00:00,0,NO_SERVER
AA0201,46305,24410680,1,PS,990916,15:52:19,15:52:25,6,15:52:25,15:58:17,352,AGENT,15:58:16,15:59:32,76,STEREN
AA0201,46306,27644400,2,PS,990916,16:07:15,16:07:20,5,16:07:20,16:07:44,24,AGENT,16:07:43,16:07:45,2,AVI
AA0201,46307,33592437,1,PS,990916,16:17:13,16:17:19,6,16:17:19,16:17:54,35,AGENT,16:17:53,16:19:24,91,STEREN
AA0201,46308,47258264,1,PS,990916,16:32:45,16:32:51,6,16:32:51,16:34:41,110,HANG,0:00:00,0:00:00,0,NO_SERVER
AA0201,46309,0,0,NW,990916,16:44:25,16:44:35,10,16:44:35,16:47:43,188,AGENT,16:47:42,16:47:43,1,AVI
AA0201,46310,24927717,1,PS,990916,16:59:33,16:59:38,5,16:59:38,16:59:46,8,HANG,0:00:00,0:00:00,0,NO_SERVER
AA0201,46311,0,0,NW,990916,17:16:34,17:16:47,13,0:00:00,0:00:00,0,AGENT,17:16:47,17:18:20,93,STEREN
AA0201,46312,27236389,1,PS,990916,17:28:38,17:28:43,5,17:28:43,17:29:34,51,HANG,0:00:00,0:00:00,0,NO_SERVER
AA0201,46313,0,0,PS,990916,17:50:19,17:50:34,15,0:00:00,0:00:00,0,AGENT,17:50:33,17:51:17,44,AVI
AA0201,46314,0,0,PS,990916,18:12:14,18:12:24,10,0:00:00,0:00:00,0,AGENT,18:12:23,18:14:35,132,VICKY
AA0201,46315,0,0,PS,990916,18:35:29,18:35:39,10,0:00:00,0:00:00,0,AGENT,18:35:38,18:37:53,135,STEREN
AA0201,46316,0,0,PS,990916,19:03:07,19:03:16,9,0:00:00,0:00:00,0,AGENT,19:03:15,19:07:42,267,AVNI
AA0201,46317,0,0,NW,990916,19:17:41,19:17:54,13,0:00:00,0:00:00,0,AGENT,19:17:53,19:18:28,35,VICKY
AA0201,46318,0,0,PS,990916,19:34:58,19:35:07,9,0:00:00,0:00:00,0,AGENT,19:35:06,19:37:22,136,VICKY
AA0201,46319,0,0,PS,990916,20:04:38,20:04:48,10,0:00:00,0:00:00,0,AGENT,20:04:47,20:07:21,154,STEREN
AA0201,46320,0,0,PS,990916,20:41:25,20:41:50,25,0:00:00,0:00:00,0,AGENT,20:41:49,20:44:00,131,STEREN
AA0201,46321,0,0,NW,990916,21:09:14,21:09:27,13,0:00:00,0:00:00,0,AGENT,21:09:26,21:21:17,711,STEREN
AA0201,46322,0,0,PS,990916,21:44:17,21:44:26,9,0:00:00,0:00:00,0,AGENT,21:44:25,21:47:10,165,STEREN
AA0201,46323,7191646,2,NE,990916,22:05:38,22:05:44,6,22:05:44,22:11:42,358,AGENT,22:11:41,22:11:42,1,AVI
AA0201,46324,54128681,2,PS,990916,22:27:08,22:27:14,6,22:27:14,22:28:40,86,AGENT,22:28:39,22:30:02,83,GELBER
AA0201,46325,24927717,1,PS,990916,22:59:20,22:59:25,5,22:59:25,23:00:18,53,AGENT,23:00:17,23:04:53,276,GELBER
AA0201,46326,0,0,NW,990916,23:41:08,23:41:09,1,0:00:00,0:00:00,0,HANG,0:00:00,0:00:00,0,NO_SERVER
AA0201,46328,0,0,PS,990917,2:22:02,2:22:02,0,0:00:00,0:00:00,0,HANG,0:00:00,0:00:00,0,NO_SERVER
AA0201,46329,0,0,PS,990917,7:36:15,7:36:28,13,0:00:00,0:00:00,0,AGENT,7:36:27,7:38:22,115,BENSION
AA0201,46330,0,0,PS,990917,8:09:19,8:09:30,11,0:00:00,0:00:00,0,AGENT,8:09:29,8:12:12,163,STEREN
AA0201,46331,0,0,PS,990917,8:26:07,8:26:21,14,0:00:00,0:00:00,0,AGENT,8:26:20,8:27:17,57,BENSION
AA0201,46332,69632123,1,PS,990917,8:44:12,8:44:17,5,8:44:17,8:45:11,54,AGENT,8:45:10,8:47:29,139,STEREN
AA0201,46333,26059097,2,PS,990917,8:51:43,8:51:48,5,8:51:48,8:52:24,36,AGENT,8:52:23,8:52:25,2,MORIAH
AA0201,46334,58859117,2,PS,990917,9:05:01,9:05:07,6,9:05:07,9:06:00,53,AGENT,9:05:59,9:06:08,9,STEREN
AA0201,46335,0,0,NW,990917,9:20:25,9:20:34,9,9:20:34,9:21:15,41,HANG,0:00:00,0:00:00,0,NO_SERVER
AA0201,46336,28146124,1,PS,990917,9:35:31,9:35:36,5,9:35:36,9:36:12,36,AGENT,9:36:12,9:36:17,5,MORIAH
AA0201,46337,0,0,PS,990917,9:47:31,9:47:47,16,0:00:00,0:00:00,0,AGENT,9:47:46,9:48:18,32,BENSION
AA0201,46338,27443696,1,PS,990917,9:59:58,10:00:04,6,10:00:04,10:00:19,15,AGENT,10:00:18,10:01:25,67,MORIAH
AA0201,46339,24353849,2,PS,990917,10:12:30,10:12:36,6,10:12:36,10:13:24,48,AGENT,10:13:23,10:14:03,40,SHARON
AA0201,46340,14794648,2,PS,990917,10:29:05,10:29:11,6,10:29:11,10:30:07,56,AGENT,10:30:07,10:30:56,49,DORIT
AA0201,46341,0,0,NW,990917,10:51:10,10:51:24,14,0:00:00,0:00:00,0,AGENT,10:51:23,11:13:11,1308,DORIT
AA0201,46342,24582264,1,PS,990917,11:04:25,11:04:30,5,11:04:30,11:04:39,9,HANG,0:00:00,0:00:00,0,NO_SERVER
AA0201,46343,54750955,2,PS,990917,11:20:44,11:20:51,7,11:20:51,11:21:34,43,AGENT,11:21:32,11:26:44,312,MORIAH
AA0201,46344,32381592,1,PS,990917,11:37:06,11:37:12,6,11:37:12,11:37:16,4,AGENT,11:37:14,11:38:12,58,SHARON
AA0201,46345,0,0,PS,990917,11:56:10,11:56:24,14,0:00:00,0:00:00,0,AGENT,11:56:22,12:07:46,684,DARMON
AA0201,46346,0,0,PS,990917,12:23:12,12:23:24,12,0:00:00,0:00:00,0,AGENT,12:23:23,12:24:27,64,BENSION
AA0201,46347,0,0,NW,990917,12:45:34,12:45:51,17,0:00:00,0:00:00,0,AGENT,12:45:51,12:46:49,58,SHARON
AA0201,46348,0,0,PS,990917,13:14:39,13:14:48,9,0:00:00,0:00:00,0,AGENT,13:14:47,13:14:53,6,NO_SERVER
AA0201,46349,25702192,2,PS,990917,13:47:06,13:47:11,5,13:47:11,13:47:29,18,AGENT,13:47:28,13:51:14,226,BENSION
AA0201,46350,0,0,PS,990917,14:44:59,14:45:10,11,0:00:00,0:00:00,0,HANG,0:00:00,0:00:00,0,NO_SERVER
AA0201,46351,0,0,NE,990917,15:49:54,15:50:08,14,0:00:00,0:00:00,0,HANG,0:00:00,0:00:00,0,NO_SERVER
AA0201,46352,0,0,PS,990918,11:45:01,11:45:11,10,0:00:00,0:00:00,0,HANG,0:00:00,0:00:00,0,NO_SERVER
AA0201,46353,0,0,PS,990918,19:31:09,19:32:02,53,0:00:00,0:00:00,0,HANG,0:00:00,0:00:00,0,NO_SERVER
AA0201,46354,0,0,PS,990918,20:23:19,20:23:32,13,0:00:00,0:00:00,0,AGENT,20:23:32,20:24:04,32,SHARON
AA0201,46355,0,0,PS,990918,20:49:20,20:49:30,10,0:00:00,0:00:00,0,AGENT,20:49:29,20:49:29,0,AVI
AA0201,46356,0,0,NW,990918,21:23:09,21:23:18,9,0:00:00,0:00:00,0,AGENT,21:23:24,21:23:31,7,NO_SERVER
AA0201,46357,0,0,NW,990918,22:07:23,22:07:40,17,0:00:00,0:00:00,0,AGENT,22:07:39,22:07:46,7,SHARON
AA0201,46358,0,0,PS,990918,22:51:17,22:51:29,12,0:00:00,0:00:00,0,AGENT,22:51:29,22:52:48,79,AVI
AA0201,46359,0,0,PS,990919,0:09:51,0:10:02,11,0:00:00,0:00:00,0,HANG,0:00:00,0:00:00,0,NO_SERVER
AA0201,46360,0,0,NW,990919,7:18:19,7:18:32,13,0:00:00,0:00:00,0,AGENT,7:18:31,7:21:03,152,AVNI
AA0201,46361,0,0,NW,990919,7:49:12,7:49:21,9,7:49:21,7:49:32,11,AGENT,7:49:30,7:50:09,39,AVNI
AA0201,46362,0,0,NW,990919,8:09:31,8:09:49,18,0:00:00,0:00:00,0,AGENT,8:09:48,8:10:22,34,SHARON
AA0201,46363,0,0,NW,990919,8:26:55,8:27:03,8,0:00:00,0:00:00,0,AGENT,8:27:02,8:27:06,4,MORIAH
AA0201,46364,0,0,PS,990919,8:39:49,8:39:58,9,0:00:00,0:00:00,0,AGENT,8:39:57,8:40:32,35,ANAT
AA0201,46365,0,0,PS,990919,8:50:27,8:50:37,10,0:00:00,0:00:00,0,AGENT,8:50:36,8:50:39,3,NO_SERVER
AA0201,46366,0,0,NW,990919,8:57:31,8:57:44,13,0:00:00,0:00:00,0,AGENT,8:57:44,8:58:16,32,AVNI
AA0201,46367,0,0,PS,990919,9:16:04,9:16:20,16,0:00:00,0:00:00,0,AGENT,9:16:19,9:19:16,177,YIFAT
AA0201,46368,0,0,PS,990919,9:34:33,9:34:43,10,0:00:00,0:00:00,0,AGENT,9:34:42,9:41:34,412,TOVA
AA0201,46369,0,0,PS,990919,9:48:13,9:48:23,10,0:00:00,0:00:00,0,AGENT,9:48:22,9:49:12,50,GILI
AA0201,46370,0,0,NW,990919,10:11:48,10:11:55,7,0:00:00,0:00:00,0,HANG,0:00:00,0:00:00,0,NO_SERVER
AA0201,46371,58027632,2,PS,990919,10:43:27,10:43:32,5,10:43:32,10:43:50,18,AGENT,10:43:50,10:47:19,209,GELBER
AA0201,46372,0,0,PS,990919,11:11:05,11:11:15,10,0:00:00,0:00:00,0,AGENT,11:11:14,11:12:34,80,AVNI
AA0201,46373,0,0,NW,990919,14:46:14,14:46:51,37,0:00:00,0:00:00,0,HANG,0:00:00,0:00:00,0,NO_SERVER
AA0201,46374,0,0,NW,990920,19:55:51,19:56:07,16,0:00:00,0:00:00,0,HANG,0:00:00,0:00:00,0,NO_SERVER
AA0201,46375,29421799,1,PS,990920,21:06:11,21:06:17,6,21:06:17,21:08:10,113,HANG,0:00:00,0:00:00,0,NO_SERVER
AA0201,46376,0,0,PS,990920,21:33:58,21:34:07,9,0:00:00,0:00:00,0,AGENT,21:34:06,21:36:50,164,DORIT
AA0201,46377,0,0,PS,990920,22:07:03,22:07:24,21,0:00:00,0:00:00,0,AGENT,22:07:22,22:08:22,60,SHARON
AA0201,46378,25779315,1,PS,990920,22:36:15,22:36:21,6,22:36:21,22:37:39,78,HANG,0:00:00,0:00:00,0,NO_SERVER
AA0201,46379,0,0,PS,990920,23:02:24,23:02:34,10,0:00:00,0:00:00,0,AGENT,23:02:34,23:05:31,177,SHARON
AA0201,46380,0,0,NW,990920,23:49:27,23:49:37,10,23:49:37,23:49:51,14,HANG,0:00:00,0:00:00,0,NO_SERVER
AA0201,46381,0,0,NW,990921,4:25:26,4:25:37,11,0:00:00,0:00:00,0,HANG,0:00:00,0:00:00,0,NO_SERVER
AA0201,46382,0,0,PS,990921,7:13:43,7:13:55,12,0:00:00,0:00:00,0,AGENT,7:13:54,7:14:50,56,YIFAT
AA0201,46383,0,0,PS,990921,7:33:41,7:34:09,28,0:00:00,0:00:00,0,AGENT,7:34:08,7:36:37,149,ANAT
AA0201,46384,0,0,PS,990921,7:57:32,7:57:42,10,0:00:00,0:00:00,0,AGENT,7:57:41,7:59:24,103,ANAT
AA0201,46385,0,0,PS,990921,8:14:36,8:14:45,9,0:00:00,0:00:00,0,AGENT,8:14:44,8:14:52,8,ROTH
AA0201,46386,0,0,PS,990921,8:33:29,8:33:42,13,0:00:00,0:00:00,0,AGENT,8:33:41,8:36:15,154,DORIT
AA0201,46387,58118068,2,PS,990921,8:43:47,8:43:52,5,8:43:52,8:44:57,65,AGENT,8:44:56,8:48:57,241,ANAT
AA0201,46388,0,0,PS,990921,8:57:43,8:57:56,13,0:00:00,0:00:00,0,AGENT,8:57:55,9:00:15,140,AVI
AA0201,46389,0,0,PS,990921,9:08:25,9:08:36,11,0:00:00,0:00:00,0,AGENT,9:08:34,9:09:32,58,ANAT
AA0201,46390,0,0,PS,990921,9:22:30,9:22:44,14,0:00:00,0:00:00,0,AGENT,9:22:43,9:24:05,82,DORIT
AA0201,46391,0,0,PS,990921,9:34:28,9:34:42,14,0:00:00,0:00:00,0,AGENT,9:34:42,9:37:49,187,ANAT
AA0201,46392,3968047,2,PS,990921,9:44:59,9:45:04,5,9:45:04,9:45:14,10,AGENT,9:45:13,9:47:27,134,BASCH
AA0201,46393,31942345,1,PS,990921,9:50:10,9:50:16,6,9:50:16,9:51:32,76,HANG,0:00:00,0:00:00,0,NO_SERVER
AA0201,46394,0,0,NW,990921,9:57:17,9:57:26,9,9:57:26,9:59:09,103,HANG,0:00:00,0:00:00,0,NO_SERVER
AA0201,46395,36107183,1,PS,990921,10:06:44,10:06:49,5,10:06:49,10:09:40,171,AGENT,10:09:39,10:11:18,99,ROTH
AA0201,46396,41543000,2,PS,990921,10:15:09,10:15:14,5,10:15:14,10:15:17,3,AGENT,10:15:16,10:18:01,165,ROTH
AA0201,46397,0,0,NW,990921,10:20:47,10:20:57,10,10:20:57,10:21:18,21,HANG,0:00:00,0:00:00,0,NO_SERVER
AA0201,46398,29545506,1,PS,990921,10:27:45,10:27:51,6,10:27:51,10:28:30,39,HANG,0:00:00,0:00:00,0,NO_SERVER
AA0201,46399,14711071,2,PS,990921,10:36:42,10:36:48,6,10:36:48,10:37:19,31,AGENT,10:37:18,10:40:13,175,YIFAT
AA0201,46400,0,0,PS,990921,10:45:15,10:45:23,8,0:00:00,0:00:00,0,AGENT,10:45:22,10:46:20,58,ROTH
AA0201,46401,52031556,2,PS,990921,10:51:48,10:51:53,5,10:51:53,10:53:15,82,AGENT,10:53:14,10:54:54,100,AVNI
AA0201,46402,42358408,2,PS,990921,10:58:56,10:59:01,5,10:59:01,10:59:52,51,AGENT,10:59:51,11:01:16,85,ROTH
AA0201,46403,57253494,1,PS,990921,11:06:37,11:06:43,6,11:06:43,11:08:06,83,AGENT,11:08:05,11:11:21,196,BASCH
AA0201,46404,22207476,2,PS,990921,11:15:10,11:15:16,6,11:15:16,11:15:48,32,AGENT,11:15:47,11:22:27,400,MORIAH
AA0201,46405,50316827,1,NE,990921,11:23:55,11:24:00,5,11:24:00,11:24:27,27,AGENT,11:24:26,11:25:33,67,MORIAH
AA0201,46406,0,0,PS,990921,11:37:04,11:37:13,9,0:00:00,0:00:00,0,AGENT,11:37:12,11:41:00,228,AVNI
AA0201,46407,0,0,PS,990921,11:47:12,11:47:22,10,0:00:00,0:00:00,0,AGENT,11:47:20,11:47:25,5,MORIAH
AA0201,46408,0,0,PS,990921,11:57:42,11:57:53,11,0:00:00,0:00:00,0,AGENT,11:57:51,11:58:58,67,AVNI
AA0201,46409,57918849,1,NE,990921,12:08:12,12:08:18,6,12:08:18,12:08:21,3,AGENT,12:08:20,12:13:03,283,ELI
AA0201,46410,0,0,PS,990921,12:21:16,12:21:26,10,0:00:00,0:00:00,0,AGENT,12:21:25,12:22:40,75,ANAT
AA0201,46411,0,0,PS,990921,12:30:36,12:30:44,8,0:00:00,0:00:00,0,AGENT,12:30:44,12:35:59,315,DORIT
AA0201,46412,0,0,PS,990921,12:42:50,12:43:01,11,0:00:00,0:00:00,0,AGENT,12:43:00,12:46:46,226,AVI
AA0201,46413,0,0,PS,990921,13:02:55,13:03:14,19,0:00:00,0:00:00,0,AGENT,13:03:13,13:05:29,136,BASCH
AA0201,46414,0,0,PS,990921,13:09:37,13:09:47,10,0:00:00,0:00:00,0,AGENT,13:09:46,13:11:22,96,YIFAT
AA0201,46415,0,0,PS,990921,13:25:18,13:25:28,10,0:00:00,0:00:00,0,AGENT,13:25:27,13:26:40,73,MORIAH
AA0201,46416,0,0,PS,990921,13:37:20,13:37:31,11,0:00:00,0:00:00,0,AGENT,13:37:29,13:48:05,636,DORIT
AA0201,46417,58029620,2,PS,990921,13:42:47,13:42:53,6,13:42:53,13:44:10,77,AGENT,13:44:09,13:44:12,3,MORIAH
AA0201,46418,51893436,1,PS,990921,13:50:54,13:50:59,5,13:50:59,13:51:08,9,HANG,0:00:00,0:00:00,0,NO_SERVER
AA0201,46419,59630624,1,NE,990921,13:59:13,13:59:18,5,13:59:18,13:59:33,15,AGENT,13:59:32,14:00:31,59,ROTH
AA0201,46420,0,0,PS,990921,14:07:54,14:08:14,20,0:00:00,0:00:00,0,AGENT,14:08:13,14:10:48,155,TOVA
AA0201,46421,0,0,PS,990921,14:20:19,14:20:29,10,0:00:00,0:00:00,0,AGENT,14:20:29,14:27:00,391,DORIT
AA0201,46422,0,0,NE,990921,14:35:50,14:36:00,10,0:00:00,0:00:00,0,AGENT,14:36:00,14:46:40,640,ELI
AA0201,46423,0,0,PS,990921,14:47:09,14:47:21,12,0:00:00,0:00:00,0,AGENT,14:47:20,14:48:20,60,ROTH
AA0201,46424,33965351,1,PS,990921,14:59:38,14:59:44,6,14:59:44,15:00:55,71,AGENT,15:00:54,15:02:50,116,KAZAV
AA0201,46425,53186953,2,PS,990921,15:11:39,15:11:45,6,15:11:45,15:12:34,49,AGENT,15:12:32,15:14:09,97,VICKY
AA0201,46426,3374691,2,PS,990921,15:21:40,15:21:46,6,15:21:46,15:22:14,28,AGENT,15:22:13,15:23:00,47,VICKY
AA0201,46427,0,0,PS,990921,15:31:14,15:31:23,9,0:00:00,0:00:00,0,AGENT,15:31:22,15:32:06,44,BASCH
AA0201,46428,0,0,NE,990921,15:39:35,15:39:48,13,0:00:00,0:00:00,0,AGENT,15:39:48,15:47:21,453,ELI
AA0201,46429,0,0,NW,990921,15:51:17,15:51:30,13,0:00:00,0:00:00,0,AGENT,15:51:29,15:53:37,128,ROTH
AA0201,46430,69565307,1,PS,990921,16:00:57,16:01:02,5,16:01:02,16:02:22,80,AGENT,16:02:22,16:05:58,216,GOLDIE
AA0201,46431,0,0,PS,990921,16:09:15,16:09:28,13,0:00:00,0:00:00,0,AGENT,16:09:27,16:12:17,170,GOLDIE
AA0201,46432,0,0,PS,990921,16:21:23,16:21:33,10,0:00:00,0:00:00,0,AGENT,16:21:31,16:24:30,179,YITZ
AA0201,46433,0,0,NW,990921,16:34:13,16:34:25,12,0:00:00,0:00:00,0,AGENT,16:34:24,16:36:38,134,YITZ
AA0201,46434,0,0,PS,990921,16:43:13,16:43:24,11,0:00:00,0:00:00,0,AGENT,16:43:23,16:46:29,186,TOVA
AA0201,46435,0,0,PS,990921,17:03:39,17:03:49,10,0:00:00,0:00:00,0,AGENT,17:03:49,17:06:20,151,ZOHARI
AA0201,46436,15398027,2,PS,990921,17:20:00,17:20:06,6,17:20:06,17:21:04,58,AGENT,17:21:04,17:25:05,241,STEREN
AA0201,46437,22964670,1,PS,990921,17:35:23,17:35:28,5,17:35:28,17:36:09,41,AGENT,17:36:08,17:37:08,60,VICKY
AA0201,46438,0,0,PS,990921,17:59:02,17:59:16,14,0:00:00,0:00:00,0,AGENT,17:59:16,18:01:08,112,GOLDIE
AA0201,46439,0,0,NW,990921,18:18:33,18:18:49,16,0:00:00,0:00:00,0,AGENT,18:18:48,18:19:09,21,BENSION
AA0201,46440,0,0,PS,990921,18:36:16,18:36:25,9,0:00:00,0:00:00,0,AGENT,18:36:25,18:41:04,279,YITZ
AA0201,46441,33903832,1,PS,990921,18:56:20,18:56:26,6,18:56:26,18:56:54,28,AGENT,18:56:52,18:56:53,1,VICKY
AA0201,46442,0,0,PS,990921,19:25:46,19:25:56,10,0:00:00,0:00:00,0,AGENT,19:25:55,19:28:53,178,VICKY
AA0201,46443,0,0,PS,990921,19:44:41,19:44:52,11,0:00:00,0:00:00,0,AGENT,19:44:51,19:47:11,140,GOLDIE
AA0201,46444,0,0,PS,990921,20:03:49,20:04:00,11,0:00:00,0:00:00,0,AGENT,20:03:59,20:05:37,98,GOLDIE
AA0201,46445,0,0,PS,990921,20:31:07,20:31:16,9,0:00:00,0:00:00,0,AGENT,20:31:16,20:37:23,367,VICKY
AA0201,46446,0,0,PS,990921,20:50:56,20:51:06,10,0:00:00,0:00:00,0,AGENT,20:51:05,20:53:25,140,STEREN
AA0201,46447,0,0,PS,990921,21:07:53,21:08:02,9,0:00:00,0:00:00,0,AGENT,21:08:01,21:11:07,186,YITZ
AA0201,46448,0,0,PS,990921,21:23:06,21:23:14,8,0:00:00,0:00:00,0,AGENT,21:23:13,21:31:53,520,GOLDIE
AA0201,46449,0,0,PS,990921,21:46:12,21:46:22,10,0:00:00,0:00:00,0,AGENT,21:46:21,21:46:23,2,TOVA
AA0201,46450,0,0,PS,990921,22:10:16,22:10:25,9,0:00:00,0:00:00,0,AGENT,22:10:24,22:11:34,70,GILI
AA0201,46451,0,0,PS,990921,22:28:30,22:28:40,10,0:00:00,0:00:00,0,AGENT,22:28:39,22:29:57,78,GILI
AA0201,46452,0,0,PS,990921,22:59:53,23:00:05,12,0:00:00,0:00:00,0,AGENT,23:00:04,23:00:58,54,GOLDIE
AA0201,46453,0,0,PS,990921,23:23:07,23:23:20,13,0:00:00,0:00:00,0,AGENT,23:23:19,23:24:51,92,BENSION
AA0201,46454,0,0,PS,990921,23:58:10,23:58:20,10,0:00:00,0:00:00,0,AGENT,23:58:20,0:00:18,118,BENSION
AA0201,46455,0,0,PS,990922,7:06:54,7:07:02,8,0:00:00,0:00:00,0,AGENT,7:07:02,7:09:13,131,GOLDIE
AA0201,46456,0,0,PS,990922,7:37:09,7:37:21,12,0:00:00,0:00:00,0,AGENT,7:37:21,7:38:32,71,TOVA
AA0201,46457,0,0,NW,990922,7:58:45,7:59:09,24,0:00:00,0:00:00,0,AGENT,7:59:09,8:00:28,79,GOLDIE
AA0201,46458,0,0,PS,990922,8:16:29,8:16:39,10,0:00:00,0:00:00,0,AGENT,8:16:38,8:18:59,141,GOLDIE
AA0201,46459,65429474,2,PS,990922,8:30:26,8:30:32,6,8:30:32,8:30:45,13,AGENT,8:30:45,8:36:33,348,KAZAV
AA0201,46460,0,0,NW,990922,8:44:24,8:44:33,9,8:44:33,8:47:17,164,AGENT,8:47:16,8:47:47,31,KAZAV
AA0201,46461,67810689,2,PS,990922,8:57:27,8:57:33,6,8:57:33,8:58:31,58,HANG,8:58:32,8:58:37,5,NO_SERVER
AA0201,46462,0,0,NW,990922,9:07:06,9:07:15,9,9:07:15,9:08:24,69,AGENT,9:08:23,9:10:32,129,STEREN
AA0201,46463,3267788,2,PS,990922,9:17:12,9:17:18,6,9:17:18,9:17:46,28,AGENT,9:17:45,9:20:30,165,VICKY
AA0201,46464,0,0,PS,990922,9:24:34,9:25:53,79,0:00:00,0:00:00,0,HANG,0:00:00,0:00:00,0,NO_SERVER
AA0201,46465,0,0,PS,990922,9:38:58,9:39:08,10,0:00:00,0:00:00,0,AGENT,9:39:07,9:39:09,2,TOVA
AA0201,46466,50892322,2,PS,990922,9:47:35,9:47:40,5,9:47:40,9:47:50,10,AGENT,9:47:48,9:47:50,2,YIFAT
AA0201,46467,10858884,2,NE,990922,9:55:07,9:55:12,5,9:55:12,9:55:22,10,AGENT,9:55:21,9:56:07,46,ZOHARI
AA0201,46468,0,0,PS,990922,10:05:16,10:05:33,17,0:00:00,0:00:00,0,AGENT,10:05:32,10:06:24,52,GOLDIE
AA0201,46469,0,0,PS,990922,10:13:32,10:13:43,11,0:00:00,0:00:00,0,AGENT,10:13:41,10:14:49,68,VICKY
AA0201,46470,0,0,PS,990922,10:22:21,10:22:31,10,0:00:00,0:00:00,0,AGENT,10:22:29,10:24:30,121,KAZAV
AA0201,46471,33474602,2,PS,990922,10:29:19,10:29:25,6,10:29:25,10:29:47,22,AGENT,10:29:46,10:29:49,3,TOVA
AA0201,46472,58704693,1,PS,990922,10:34:42,10:34:47,5,10:34:47,10:36:28,101,AGENT,10:36:27,10:41:53,326,GOLDIE
AA0201,46473,59630624,1,NE,990922,10:44:21,10:44:26,5,10:44:26,10:44:30,4,AGENT,10:44:28,10:45:11,43,TOVA
AA0201,46474,0,0,PS,990922,10:53:13,10:53:21,8,0:00:00,0:00:00,0,AGENT,10:53:20,10:54:51,91,STEREN
AA0201,46475,0,0,PS,990922,11:02:01,11:02:11,10,0:00:00,0:00:00,0,AGENT,11:02:10,11:03:47,97,KAZAV
AA0201,46476,1426659,2,NE,990922,11:07:17,11:07:23,6,11:07:23,11:07:50,27,AGENT,11:07:49,11:09:49,120,KAZAV
AA0201,46477,0,0,NW,990922,11:14:35,11:14:52,17,0:00:00,0:00:00,0,AGENT,11:14:51,11:18:36,225,GOLDIE
AA0201,46478,0,0,NW,990922,11:23:48,11:23:57,9,11:23:57,11:24:33,36,HANG,0:00:00,0:00:00,0,NO_SERVER
AA0201,46479,65380198,2,PS,990922,11:31:49,11:31:55,6,11:31:55,11:32:55,60,AGENT,11:32:54,11:33:58,64,ZOHARI
AA0201,46480,51953800,2,PS,990922,11:41:36,11:41:42,6,11:41:42,11:42:37,55,AGENT,11:42:36,11:43:37,61,ZOHARI
AA0201,46481,0,0,NW,990922,11:48:39,11:48:48,9,11:48:48,11:48:51,3,AGENT,11:48:51,11:50:26,95,YIFAT
AA0201,46482,33965351,1,PS,990922,11:56:46,11:56:51,5,11:56:51,11:57:17,26,AGENT,11:57:15,11:59:37,142,KAZAV
AA0201,46483,0,0,PS,990922,12:12:00,12:12:13,13,0:00:00,0:00:00,0,AGENT,12:12:12,12:14:44,152,STEREN
AA0201,46484,0,0,NE,990922,12:22:38,12:22:50,12,0:00:00,0:00:00,0,AGENT,12:22:49,12:27:59,310,ZOHARI
AA0201,46485,28674414,1,PS,990922,12:33:43,12:33:49,6,12:33:49,12:34:07,18,AGENT,12:34:06,12:34:14,8,ROTH
AA0201,46486,0,0,PS,990922,12:47:48,12:47:57,9,0:00:00,0:00:00,0,AGENT,12:47:56,12:52:25,269,VICKY
AA0201,46487,0,0,PS,990922,13:02:54,13:03:03,9,0:00:00,0:00:00,0,AGENT,13:03:02,13:05:14,132,ROTH
AA0201,46488,0,0,PS,990922,13:17:56,13:18:06,10,0:00:00,0:00:00,0,AGENT,13:18:05,13:19:16,71,AVNI
AA0201,46489,0,0,PS,990922,13:30:20,13:30:34,14,0:00:00,0:00:00,0,AGENT,13:30:33,13:34:53,260,AVNI
AA0201,46490,847012,2,PS,990922,13:45:16,13:45:21,5,13:45:21,13:46:12,51,AGENT,13:46:10,13:48:19,129,AVNI
AA0201,46491,0,0,PS,990922,13:59:27,13:59:36,9,0:00:00,0:00:00,0,AGENT,13:59:35,13:59:38,3,MORIAH
AA0201,46492,0,0,PS,990922,14:14:44,14:14:53,9,0:00:00,0:00:00,0,AGENT,14:14:51,14:15:22,31,STEREN
AA0201,46493,0,0,PS,990922,14:27:56,14:28:21,25,0:00:00,0:00:00,0,AGENT,14:28:20,14:34:47,387,DORIT
AA0201,46494,0,0,PS,990922,14:43:57,14:44:08,11,0:00:00,0:00:00,0,AGENT,14:44:06,14:46:20,134,ZOHARI
AA0201,46495,0,0,PS,990922,14:53:53,14:54:05,12,0:00:00,0:00:00,0,AGENT,14:54:03,14:55:21,78,DORIT
AA0201,46496,54613724,2,NE,990922,15:03:55,15:04:00,5,15:04:00,15:04:19,19,AGENT,0:00:00,0:00:00,0,STEREN
AA0201,46497,0,0,PS,990922,15:16:25,15:16:33,8,0:00:00,0:00:00,0,AGENT,15:16:33,15:21:06,273,AVNI
AA0201,46498,41546904,2,NE,990922,15:24:14,15:24:20,6,15:24:20,15:25:10,50,AGENT,15:25:08,15:29:19,251,KAZAV
AA0201,46499,29393576,2,PS,990922,15:33:09,15:33:15,6,15:33:15,15:33:23,8,AGENT,15:33:22,15:33:57,35,STEREN
AA0201,46500,0,0,PS,990922,15:42:32,15:42:41,9,0:00:00,0:00:00,0,AGENT,15:42:40,15:46:27,227,DORIT
AA0201,46501,0,0,NE,990922,15:58:10,15:58:21,11,0:00:00,0:00:00,0,AGENT,15:58:20,16:00:40,140,ANAT
AA0201,46502,0,0,PS,990922,16:14:44,16:14:53,9,0:00:00,0:00:00,0,AGENT,16:14:53,16:47:05,1932,STEREN
AA0201,46503,0,0,PS,990922,16:25:03,16:25:18,15,0:00:00,0:00:00,0,AGENT,16:25:17,16:27:23,126,BENSION
AA0201,46504,0,0,PS,990922,16:39:26,16:39:38,12,0:00:00,0:00:00,0,AGENT,16:39:38,16:44:57,319,BASCH
AA0201,46505,0,0,PS,990922,16:52:26,16:52:39,13,0:00:00,0:00:00,0,AGENT,16:52:38,16:52:39,1,AVI
AA0201,46506,0,0,PS,990922,17:06:15,17:06:25,10,0:00:00,0:00:00,0,AGENT,17:06:24,17:06:59,35,BASCH
AA0201,46507,0,0,PS,990922,17:27:51,17:28:04,13,0:00:00,0:00:00,0,AGENT,17:28:04,17:29:17,73,BASCH
AA0201,46508,0,0,PS,990922,17:50:19,17:50:35,16,0:00:00,0:00:00,0,AGENT,17:50:34,17:51:06,32,SHARON
AA0201,46509,0,0,NW,990922,18:10:35,18:10:47,12,0:00:00,0:00:00,0,AGENT,18:10:46,18:11:41,55,YITZ
AA0201,46510,0,0,PS,990922,18:24:17,18:24:27,10,0:00:00,0:00:00,0,AGENT,18:24:26,18:41:42,1036,MORIAH
AA0201,46511,0,0,PS,990922,18:50:39,18:50:56,17,0:00:00,0:00:00,0,AGENT,18:50:55,18:51:54,59,BENSION
AA0201,46512,0,0,PS,990922,19:20:07,19:20:18,11,0:00:00,0:00:00,0,AGENT,19:20:16,19:23:10,174,BENSION
AA0201,46513,0,0,PS,990922,19:39:14,19:39:23,9,0:00:00,0:00:00,0,AGENT,19:39:23,19:42:31,188,GILI
AA0201,46514,0,0,NW,990922,20:06:38,20:06:55,17,0:00:00,0:00:00,0,AGENT,20:06:54,20:07:21,27,ANAT
AA0201,46515,0,0,PS,990922,20:33:26,20:33:44,18,0:00:00,0:00:00,0,AGENT,20:33:43,20:35:20,97,BASCH
AA0201,46516,0,0,PS,990922,21:03:31,21:03:43,12,0:00:00,0:00:00,0,AGENT,21:03:42,21:05:38,116,DORIT
AA0201,46517,0,0,PS,990922,21:28:24,21:28:33,9,0:00:00,0:00:00,0,AGENT,21:28:32,21:29:03,31,SHARON
AA0201,46518,0,0,PS,990922,21:54:24,21:54:34,10,0:00:00,0:00:00,0,AGENT,21:54:33,21:55:33,60,BENSION
AA0201,46519,0,0,PS,990922,22:18:52,22:19:04,12,0:00:00,0:00:00,0,AGENT,22:19:04,22:23:04,240,SHARON
AA0201,46520,56762941,2,PS,990922,22:51:14,22:51:19,5,22:51:19,22:51:24,5,AGENT,22:51:23,22:52:34,71,BENSION
AA0201,46521,0,0,PS,990922,23:29:50,23:30:01,11,0:00:00,0:00:00,0,AGENT,23:30:01,23:30:47,46,BENSION
AA0201,46522,0,0,PS,990923,6:31:45,6:31:58,13,0:00:00,0:00:00,0,HANG,0:00:00,0:00:00,0,NO_SERVER
AA0201,46523,0,0,PS,990923,7:27:05,7:27:14,9,0:00:00,0:00:00,0,AGENT,7:27:13,7:28:20,67,ANAT
AA0201,46524,0,0,NW,990923,7:53:40,7:53:57,17,0:00:00,0:00:00,0,AGENT,7:53:56,7:59:06,310,ANAT
AA0201,46525,0,0,PS,990923,8:11:27,8:11:39,12,0:00:00,0:00:00,0,AGENT,8:11:37,8:15:52,255,TOVA
AA0201,46526,0,0,PS,990923,8:32:42,8:32:52,10,0:00:00,0:00:00,0,AGENT,8:32:51,8:34:18,87,BASCH
AA0201,46527,0,0,PS,990923,8:42:26,8:42:35,9,0:00:00,0:00:00,0,AGENT,8:42:34,8:42:38,4,ANAT
AA0201,46528,29551009,2,PS,990923,8:56:33,8:56:39,6,8:56:39,8:57:33,54,AGENT,8:57:32,8:58:59,87,DORIT
AA0201,46529,0,0,PS,990923,9:08:27,9:08:39,12,0:00:00,0:00:00,0,AGENT,9:08:38,9:08:40,2,YIFAT
AA0201,46530,54145529,2,PS,990923,9:17:18,9:17:24,6,9:17:24,9:19:15,111,AGENT,9:19:13,9:20:27,74,BASCH
AA0201,46531,0,0,PS,990923,9:29:24,9:29:32,8,0:00:00,0:00:00,0,AGENT,9:29:32,9:30:53,81,DORIT
AA0201,46532,58620949,2,PS,990923,9:40:34,9:40:39,5,9:40:39,9:41:09,30,AGENT,9:41:07,9:42:59,112,TOVA
AA0201,46533,703074,2,PS,990923,9:49:20,9:49:25,5,9:49:25,9:50:41,76,AGENT,9:50:40,9:52:20,100,BASCH
AA0201,46534,54128681,2,PS,990923,9:57:36,9:57:41,5,9:57:41,9:58:14,33,AGENT,9:58:13,10:00:11,118,BASCH
AA0201,46535,0,0,PS,990923,10:05:43,10:05:52,9,0:00:00,0:00:00,0,AGENT,10:05:51,10:15:33,582,TOVA
AA0201,46536,25262437,2,PS,990923,10:12:43,10:12:49,6,10:12:49,10:13:55,66,AGENT,10:13:54,10:13:54,0,YIFAT
AA0201,46537,27885011,2,PS,990923,10:21:08,10:21:14,6,10:21:14,10:21:33,19,AGENT,10:21:32,10:25:29,237,YIFAT
AA0201,46538,0,0,PS,990923,10:28:20,10:28:28,8,0:00:00,0:00:00,0,AGENT,10:28:27,10:31:03,156,BASCH
AA0201,46539,14312995,1,PS,990923,10:33:50,10:33:56,6,10:33:56,10:34:09,13,HANG,0:00:00,0:00:00,0,NO_SERVER
AA0201,46540,58029430,1,PS,990923,10:40:31,10:40:37,6,10:40:37,10:42:01,84,AGENT,10:42:00,10:43:11,71,VICKY
AA0201,46541,63730469,1,PS,990923,10:46:18,10:46:24,6,10:46:24,10:48:49,145,AGENT,10:48:48,10:49:36,48,YIFAT
AA0201,46542,68741495,2,NE,990923,10:55:55,10:56:00,5,10:56:00,10:56:42,42,AGENT,10:56:42,11:00:54,252,VICKY
AA0201,46543,55920755,2,PS,990923,11:04:21,11:04:27,6,11:04:27,11:04:29,2,AGENT,11:04:28,11:05:59,91,TOVA
AA0201,46544,13801683,2,PS,990923,11:12:41,11:12:47,6,11:12:47,11:13:39,52,AGENT,11:13:38,11:15:07,89,AVI
AA0201,46545,0,0,NW,990923,11:24:38,11:24:48,10,11:24:48,11:28:26,218,AGENT,11:28:25,11:29:34,69,PINHAS
AA0201,46546,54622816,1,PS,990923,11:35:47,11:35:53,6,11:35:53,11:36:25,32,AGENT,11:36:25,11:38:39,134,ANAT
AA0201,46547,8258329,2,NE,990923,11:45:21,11:45:26,5,11:45:26,11:45:32,6,AGENT,11:45:31,11:49:04,213,TOVA
AA0201,46548,0,0,PS,990923,11:58:06,11:58:15,9,0:00:00,0:00:00,0,AGENT,11:58:15,11:58:18,3,ANAT
AA0201,46549,0,0,PS,990923,12:11:29,12:11:40,11,0:00:00,0:00:00,0,AGENT,12:11:38,12:14:21,163,BASCH
AA0201,46550,0,0,PS,990923,12:19:25,12:19:36,11,0:00:00,0:00:00,0,AGENT,12:19:36,12:19:38,2,ANAT
AA0201,46551,0,0,PS,990923,12:37:21,12:37:36,15,0:00:00,0:00:00,0,AGENT,12:37:35,12:42:55,320,BASCH
AA0201,46552,303610752,1,PE,990923,12:50:18,12:50:23,5,12:50:23,12:51:58,95,AGENT,12:51:58,12:53:43,105,YIFAT
AA0201,46553,0,0,PS,990923,13:06:31,13:06:41,10,0:00:00,0:00:00,0,AGENT,13:06:40,13:07:56,76,ANAT
AA0201,46554,0,0,PS,990923,13:16:58,13:17:09,11,0:00:00,0:00:00,0,AGENT,13:17:09,13:17:10,1,TOVA
AA0201,46555,56406804,2,PS,990923,13:35:01,13:35:06,5,13:35:06,13:36:03,57,AGENT,13:36:02,13:39:24,202,VICKY
AA0201,46556,0,0,PS,990923,13:48:37,13:48:47,10,0:00:00,0:00:00,0,AGENT,13:48:45,13:49:52,67,ANAT
AA0201,46557,65470825,2,PS,990923,13:56:56,13:57:02,6,13:57:02,13:59:31,149,AGENT,13:59:30,13:59:32,2,TOVA
AA0201,46558,31955149,1,PS,990923,14:10:05,14:10:11,6,14:10:11,14:12:45,154,AGENT,14:12:44,14:15:14,150,BASCH
AA0201,46559,0,0,NE,990923,14:25:31,14:25:47,16,0:00:00,0:00:00,0,AGENT,14:25:46,14:29:30,224,AVI
AA0201,46560,0,0,NE,990923,14:40:35,14:40:54,19,0:00:00,0:00:00,0,AGENT,14:40:52,14:52:09,677,ELI
AA0201,46561,0,0,PS,990923,14:55:00,14:55:11,11,0:00:00,0:00:00,0,AGENT,14:55:10,15:05:27,617,STEREN
AA0201,46562,12253423,2,NE,990923,15:12:10,15:12:16,6,15:12:16,15:14:20,124,HANG,0:00:00,0:00:00,0,NO_SERVER
AA0201,46563,0,0,PS,990923,15:27:09,15:27:20,11,0:00:00,0:00:00,0,AGENT,15:27:19,15:29:04,105,AVI
AA0201,46564,22263115,2,PS,990923,15:40:02,15:40:07,5,15:40:07,15:41:24,77,AGENT,15:41:23,15:41:53,30,DORIT
AA0201,46565,0,0,PS,990923,15:57:46,15:57:56,10,0:00:00,0:00:00,0,AGENT,15:57:56,16:01:30,214,SHARON
AA0201,46566,0,0,NE,990923,16:15:36,16:15:46,10,0:00:00,0:00:00,0,AGENT,16:15:45,16:21:05,320,ZOHARI
AA0201,46567,0,0,PS,990923,16:28:29,16:28:39,10,0:00:00,0:00:00,0,AGENT,16:28:38,16:31:45,187,SHARON
AA0201,46568,0,0,NW,990923,16:50:19,16:50:33,14,0:00:00,0:00:00,0,AGENT,16:50:33,16:51:25,52,YITZ
AA0201,46569,24146250,1,PS,990923,17:08:41,17:08:46,5,17:08:46,17:08:57,11,HANG,0:00:00,0:00:00,0,NO_SERVER
AA0201,46570,0,0,PS,990923,17:28:06,17:28:15,9,0:00:00,0:00:00,0,AGENT,17:28:14,17:34:41,387,AVNI
AA0201,46571,0,0,PS,990923,17:55:11,17:55:19,8,0:00:00,0:00:00,0,AGENT,17:55:19,17:56:00,41,SHARON
AA0201,46572,0,0,PS,990923,18:16:13,18:16:21,8,0:00:00,0:00:00,0,AGENT,18:16:21,18:18:25,124,AVNI
AA0201,46573,0,0,PS,990923,18:35:12,18:35:21,9,0:00:00,0:00:00,0,AGENT,18:35:20,18:35:51,31,STEREN
AA0201,46574,13000567,2,PS,990923,19:02:08,19:02:13,5,19:02:13,19:02:18,5,AGENT,19:02:17,19:05:12,175,ZOHARI
AA0201,46575,0,0,PS,990923,19:31:44,19:31:53,9,0:00:00,0:00:00,0,AGENT,19:31:52,19:34:35,163,STEREN
AA0201,46576,0,0,NW,990923,19:57:48,19:58:03,15,0:00:00,0:00:00,0,AGENT,19:58:02,19:58:23,21,YITZ
AA0201,46577,0,0,PS,990923,20:35:02,20:35:16,14,0:00:00,0:00:00,0,AGENT,20:35:15,20:36:25,70,SHARON
AA0201,46578,0,0,PS,990923,21:09:58,21:10:12,14,0:00:00,0:00:00,0,AGENT,21:10:11,21:10:59,48,AVNI
AA0201,46579,0,0,NE,990923,22:09:04,22:09:13,9,0:00:00,0:00:00,0,AGENT,22:09:12,22:11:27,135,ZOHARI
AA0201,46580,0,0,PS,990923,22:49:19,22:49:28,9,0:00:00,0:00:00,0,AGENT,22:49:27,22:50:04,37,SHARON
AA0201,46581,0,0,PS,990923,23:29:40,23:30:00,20,0:00:00,0:00:00,0,AGENT,23:29:59,23:30:57,58,SHARON
AA0201,46582,33436528,1,PS,990923,23:58:28,23:58:34,6,23:58:34,23:58:42,8,AGENT,23:58:41,0:00:19,98,AVNI
AA0201,46583,0,0,NW,990924,0:09:26,0:09:37,11,0:00:00,0:00:00,0,HANG,0:00:00,0:00:00,0,NO_SERVER
AA0201,46584,0,0,PS,990924,7:40:13,7:40:23,10,0:00:00,0:00:00,0,AGENT,7:40:23,7:41:47,84,BASCH
AA0201,46585,0,0,PS,990924,8:09:46,8:09:55,9,0:00:00,0:00:00,0,AGENT,8:09:54,8:15:00,306,SHARON
AA0201,46586,0,0,PS,990924,8:36:21,8:36:32,11,0:00:00,0:00:00,0,AGENT,8:36:31,8:39:36,185,ELI
AA0201,46588,0,0,PS,990924,8:51:18,8:51:18,0,0:00:00,0:00:00,0,HANG,0:00:00,0:00:00,0,NO_SERVER
AA0201,46589,0,0,PS,990924,9:14:02,9:14:15,13,0:00:00,0:00:00,0,AGENT,9:14:15,9:15:25,70,BASCH
AA0201,46590,0,0,NW,990924,9:37:06,9:37:15,9,9:37:15,9:40:05,170,HANG,0:00:00,0:00:00,0,NO_SERVER
AA0201,46591,58409582,1,PS,990924,9:54:17,9:54:23,6,9:54:23,9:55:13,50,AGENT,9:55:11,9:57:27,136,DORIT
AA0201,46592,29503323,1,PS,990924,10:17:05,10:17:11,6,10:17:11,10:18:23,72,HANG,0:00:00,0:00:00,0,NO_SERVER
AA0201,46593,0,0,PS,990924,10:39:55,10:40:05,10,0:00:00,0:00:00,0,AGENT,10:40:04,10:41:20,76,BASCH
AA0201,46594,0,0,PS,990924,10:54:34,10:54:48,14,0:00:00,0:00:00,0,AGENT,10:54:47,10:59:00,253,ANAT
AA0201,46595,0,0,PS,990924,11:08:07,11:08:17,10,0:00:00,0:00:00,0,AGENT,11:08:16,11:09:15,59,SHARON
AA0201,46596,0,0,PS,990924,11:41:14,11:41:33,19,0:00:00,0:00:00,0,AGENT,11:41:32,11:44:04,152,ANAT
AA0201,46597,0,0,PS,990924,12:06:26,12:06:35,9,0:00:00,0:00:00,0,AGENT,12:06:35,12:06:47,12,DORIT
AA0201,46598,0,0,PS,990924,12:23:34,12:23:44,10,0:00:00,0:00:00,0,AGENT,12:23:43,12:26:10,147,DORIT
AA0201,46599,0,0,PS,990924,12:47:22,12:47:37,15,0:00:00,0:00:00,0,AGENT,12:47:37,12:48:41,64,ANAT
AA0201,46600,0,0,NW,990924,13:22:45,13:23:00,15,0:00:00,0:00:00,0,AGENT,13:22:59,13:23:06,7,NO_SERVER
AA0201,46601,0,0,PS,990924,13:57:42,13:58:02,20,0:00:00,0:00:00,0,AGENT,13:58:01,14:00:58,177,SHARON
AA0201,46602,0,0,PS,990924,15:50:52,15:51:13,21,0:00:00,0:00:00,0,HANG,0:00:00,0:00:00,0,NO_SERVER
AA0201,46604,0,0,PS,990925,14:01:00,14:01:00,0,0:00:00,0:00:00,0,HANG,0:00:00,0:00:00,0,NO_SERVER
AA0201,46605,0,0,PS,990925,20:22:18,20:22:29,11,0:00:00,0:00:00,0,AGENT,20:22:28,20:22:36,8,AVNI
AA0201,46606,0,0,PS,990925,20:48:44,20:48:53,9,0:00:00,0:00:00,0,AGENT,20:48:52,20:49:50,58,ZOHARI
AA0201,46607,0,0,PS,990925,21:47:14,21:47:28,14,0:00:00,0:00:00,0,AGENT,21:47:27,21:48:00,33,AVI
AA0201,46608,0,0,PS,990925,22:53:14,22:53:23,9,0:00:00,0:00:00,0,AGENT,22:53:23,22:55:38,135,AVI
AA0201,46609,0,0,PS,990926,7:07:47,7:08:01,14,0:00:00,0:00:00,0,AGENT,7:08:00,7:08:15,15,ZOHARI
AA0201,46610,0,0,NW,990926,7:54:40,7:54:49,9,7:54:49,7:56:57,128,AGENT,7:56:56,7:58:29,93,DORIT
AA0201,46611,0,0,PS,990926,8:36:14,8:36:26,12,0:00:00,0:00:00,0,AGENT,8:36:24,8:37:18,54,BASCH
AA0201,46612,0,0,PS,990926,8:53:24,8:53:33,9,0:00:00,0:00:00,0,AGENT,8:53:32,8:55:03,91,VICKY
AA0201,46613,0,0,NW,990926,9:11:54,9:12:04,10,9:12:04,9:13:31,87,AGENT,9:13:30,9:14:32,62,YIFAT
AA0201,46614,57831356,2,NE,990926,9:27:25,9:27:30,5,9:27:30,9:27:39,9,AGENT,9:27:38,9:28:01,23,ZOHARI
AA0201,46615,0,0,NW,990926,9:40:21,9:40:33,12,0:00:00,0:00:00,0,AGENT,9:40:32,9:42:36,124,YIFAT
AA0201,46616,29676269,2,PS,990926,9:49:42,9:49:48,6,9:49:48,9:49:58,10,HANG,0:00:00,0:00:00,0,NO_SERVER
AA0201,46617,58859752,2,PS,990926,9:58:10,9:58:16,6,9:58:16,9:58:44,28,AGENT,9:58:42,9:59:02,20,DORIT
AA0201,46618,0,0,PS,990926,10:12:03,10:12:14,11,0:00:00,0:00:00,0,AGENT,10:12:13,10:13:22,69,YITZ
AA0201,46619,0,0,PS,990926,10:24:14,10:24:25,11,0:00:00,0:00:00,0,AGENT,10:24:24,10:24:49,25,YITZ
AA0201,46620,0,0,PS,990926,10:40:40,10:40:48,8,0:00:00,0:00:00,0,AGENT,10:40:48,10:42:55,127,VICKY
AA0201,46621,41386061,2,PS,990926,10:53:44,10:53:57,13,10:53:57,10:55:20,83,PHANTOM,10:53:55,10:55:29,94,NO_SERVER
AA0201,46622,55279970,2,NE,990926,11:01:41,11:01:46,5,11:01:46,11:02:14,28,HANG,0:00:00,0:00:00,0,NO_SERVER
AA0201,46623,0,0,NE,990926,11:12:47,11:12:58,11,0:00:00,0:00:00,0,AGENT,11:12:57,11:14:27,90,ZOHARI
AA0201,46624,0,0,PS,990926,11:23:19,11:23:28,9,0:00:00,0:00:00,0,AGENT,11:23:27,11:25:01,94,AVNI
AA0201,46625,0,0,PS,990926,11:34:48,11:34:56,8,0:00:00,0:00:00,0,AGENT,11:34:56,11:39:08,252,YITZ
AA0201,46626,51305340,1,PS,990926,11:46:48,11:46:54,6,11:46:54,11:47:05,11,AGENT,11:47:04,11:47:38,34,YIFAT
AA0201,46627,0,0,NW,990926,12:04:18,12:04:33,15,0:00:00,0:00:00,0,AGENT,12:04:33,12:08:22,229,DORIT
AA0201,46628,0,0,PS,990926,12:20:21,12:20:33,12,0:00:00,0:00:00,0,AGENT,12:20:33,12:26:56,383,DORIT
AA0201,46629,0,0,NE,990926,12:43:12,12:44:22,70,0:00:00,0:00:00,0,AGENT,12:44:21,12:46:53,152,ZOHARI
AA0201,46630,0,0,NE,990926,13:08:54,13:09:06,12,0:00:00,0:00:00,0,AGENT,13:09:05,13:10:52,107,TOVA
AA0201,46631,0,0,PS,990926,13:24:20,13:24:29,9,0:00:00,0:00:00,0,AGENT,13:24:29,13:26:01,92,YITZ
AA0201,46632,0,0,PS,990926,13:36:28,13:36:38,10,0:00:00,0:00:00,0,AGENT,13:36:37,13:40:48,251,ZOHARI
AA0201,46633,0,0,NE,990926,13:51:42,13:51:51,9,0:00:00,0:00:00,0,AGENT,13:51:51,13:58:57,426,AVNI
AA0201,46634,48820351,2,NE,990926,14:08:14,14:08:20,6,14:08:20,14:08:25,5,AGENT,14:08:24,14:13:04,280,AVNI
AA0201,46635,0,0,NE,990926,14:20:35,14:20:44,9,0:00:00,0:00:00,0,AGENT,14:20:43,14:21:27,44,YITZ
AA0201,46636,0,0,NE,990926,14:45:05,14:45:20,15,0:00:00,0:00:00,0,AGENT,14:45:19,14:49:13,234,DORIT
AA0201,46637,0,0,PS,990926,15:06:02,15:06:13,11,0:00:00,0:00:00,0,AGENT,15:06:11,15:11:25,314,AVNI
AA0201,46638,0,0,PS,990926,15:25:21,15:25:29,8,0:00:00,0:00:00,0,AGENT,15:25:28,15:28:17,169,YITZ
AA0201,46639,0,0,PS,990926,15:58:35,15:58:44,9,0:00:00,0:00:00,0,AGENT,15:58:44,15:59:04,20,AVNI
AA0201,46640,0,0,NW,990926,16:24:23,16:24:36,13,0:00:00,0:00:00,0,AGENT,16:24:36,16:26:34,118,BENSION
AA0201,46641,0,0,PS,990926,17:09:55,17:10:08,13,0:00:00,0:00:00,0,AGENT,17:10:07,17:10:12,5,NO_SERVER
AA0201,46642,0,0,PS,990926,17:49:15,17:49:25,10,0:00:00,0:00:00,0,AGENT,17:49:24,17:50:34,70,TOVA
AA0201,46643,0,0,PS,990926,18:24:22,18:24:37,15,0:00:00,0:00:00,0,AGENT,18:24:36,18:32:35,479,BENSION
AA0201,46644,0,0,PS,990926,19:00:34,19:00:48,14,0:00:00,0:00:00,0,AGENT,19:00:46,19:01:54,68,BENSION
AA0201,46645,0,0,PS,990926,19:36:32,19:36:42,10,0:00:00,0:00:00,0,AGENT,19:36:41,19:38:18,97,SHARON
AA0201,46646,0,0,PS,990926,20:26:23,20:26:35,12,0:00:00,0:00:00,0,AGENT,20:26:35,20:27:57,82,SHARON
AA0201,46647,0,0,PS,990926,21:36:45,21:36:54,9,0:00:00,0:00:00,0,AGENT,21:36:53,21:57:30,1237,MORIAH
AA0201,46648,0,0,PS,990926,22:44:18,22:44:32,14,0:00:00,0:00:00,0,AGENT,22:44:32,22:48:25,233,DARMON
AA0201,46649,0,0,PE,990927,5:30:57,5:31:09,12,0:00:00,0:00:00,0,HANG,0:00:00,0:00:00,0,NO_SERVER
AA0201,46650,0,0,PS,990927,8:03:48,8:03:57,9,0:00:00,0:00:00,0,AGENT,8:03:56,8:04:52,56,TOVA
AA0201,46651,0,0,PS,990927,8:27:44,8:27:58,14,0:00:00,0:00:00,0,AGENT,8:27:57,8:29:07,70,TOVA
AA0201,46652,0,0,PS,990927,8:52:05,8:52:15,10,0:00:00,0:00:00,0,AGENT,8:52:15,8:52:22,7,NO_SERVER
AA0201,46653,25064148,1,PS,990927,9:04:49,9:04:55,6,9:04:55,9:05:19,24,AGENT,9:05:17,9:06:18,61,TOVA
AA0201,46654,57240095,1,PS,990927,9:24:25,9:24:31,6,9:24:31,9:25:55,84,AGENT,9:25:53,9:27:10,77,ZOHARI
AA0201,46655,51916773,2,PS,990927,9:38:45,9:38:51,6,9:38:51,9:40:29,98,AGENT,9:40:29,9:44:01,212,TOVA
AA0201,46656,0,0,NW,990927,9:52:16,9:52:41,25,0:00:00,0:00:00,0,HANG,0:00:00,0:00:00,0,NO_SERVER
AA0201,46657,17214693,1,PS,990927,10:02:18,10:02:24,6,10:02:24,10:03:58,94,HANG,0:00:00,0:00:00,0,NO_SERVER
AA0201,46658,67899906,1,PE,990927,10:12:28,10:12:32,4,10:12:32,10:14:14,102,AGENT,10:14:12,10:15:14,62,YITZ
AA0201,46659,0,0,NE,990927,10:29:32,10:29:41,9,0:00:00,0:00:00,0,AGENT,10:29:39,10:30:31,52,BASCH
AA0201,46660,58029430,1,PS,990927,10:41:12,10:41:17,5,10:41:17,10:41:23,6,HANG,0:00:00,0:00:00,0,NO_SERVER
AA0201,46661,0,0,PS,990927,10:55:37,10:55:45,8,0:00:00,0:00:00,0,AGENT,10:55:45,10:56:49,64,BASCH
AA0201,46662,57918849,1,NE,990927,11:05:03,11:05:09,6,11:05:09,11:07:44,155,AGENT,11:07:44,11:07:48,4,ELI
AA0201,46663,522631,2,PS,990927,11:16:03,11:16:09,6,11:16:09,11:18:19,130,AGENT,11:18:18,11:21:15,177,BASCH
AA0201,46664,68458348,2,PS,990927,11:35:05,11:35:11,6,11:35:11,11:37:06,115,AGENT,11:37:05,11:38:04,59,YITZ
AA0201,46665,25124181,2,NE,990927,11:46:51,11:46:57,6,11:46:57,11:47:53,56,AGENT,11:47:52,12:00:28,756,VICKY
AA0201,46666,0,0,NE,990927,11:59:34,11:59:46,12,0:00:00,0:00:00,0,AGENT,11:59:45,12:01:33,108,ELI
AA0201,46667,63193346,2,PS,990927,12:16:36,12:16:42,6,12:16:42,12:17:07,25,AGENT,12:17:06,12:20:07,181,ZOHARI
AA0201,46668,63730469,1,PS,990927,12:32:21,12:32:26,5,12:32:26,12:33:28,62,AGENT,12:33:26,12:34:16,50,YITZ
AA0201,46669,0,0,NW,990927,12:48:26,12:48:35,9,12:48:35,12:51:44,189,HANG,0:00:00,0:00:00,0,NO_SERVER
AA0201,46670,0,0,NW,990927,13:01:02,13:01:11,9,13:01:11,13:02:47,96,AGENT,13:02:47,13:04:33,106,PINHAS
AA0201,46671,0,0,PS,990927,13:21:41,13:21:50,9,0:00:00,0:00:00,0,AGENT,13:21:49,13:23:41,112,BASCH
AA0201,46672,23383607,2,PS,990927,13:38:57,13:39:03,6,13:39:03,13:39:47,44,AGENT,13:39:46,13:41:54,128,BASCH
AA0201,46673,55476253,2,NE,990927,13:52:30,13:52:36,6,13:52:36,13:54:26,110,AGENT,13:54:25,13:56:00,95,BASCH
AA0201,46674,54145529,2,PS,990927,14:07:37,14:07:42,5,14:07:42,14:09:30,108,AGENT,14:09:29,14:12:29,180,YITZ
AA0201,46675,0,0,NW,990927,14:22:07,14:22:16,9,14:22:16,14:23:47,91,AGENT,14:23:46,15:09:11,2725,PINHAS
AA0201,46676,0,0,PS,990927,14:42:09,14:42:19,10,0:00:00,0:00:00,0,AGENT,14:42:18,14:42:25,7,SHARON
AA0201,46677,0,0,PS,990927,14:56:38,14:56:47,9,0:00:00,0:00:00,0,AGENT,14:56:46,14:59:51,185,SHARON
AA0201,46678,0,0,NW,990927,15:18:41,15:18:50,9,15:18:50,15:19:17,27,AGENT,15:19:16,15:24:43,327,SHARON
AA0201,46679,0,0,PS,990927,16:14:23,16:14:37,14,0:00:00,0:00:00,0,AGENT,16:14:36,16:17:58,202,ANAT
AA0201,46680,30109417,2,PS,990927,16:33:48,16:33:54,6,16:33:54,16:34:05,11,HANG,0:00:00,0:00:00,0,NO_SERVER
AA0201,46681,0,0,NW,990927,17:06:10,17:06:19,9,0:00:00,0:00:00,0,HANG,0:00:00,0:00:00,0,NO_SERVER
AA0201,46682,29641727,2,PS,990927,17:40:07,17:40:14,7,17:40:14,17:40:22,8,AGENT,17:40:21,17:42:34,133,AVNI
AA0201,46683,0,0,NE,990927,18:06:18,18:06:33,15,0:00:00,0:00:00,0,AGENT,18:06:32,18:07:18,46,ANAT
AA0201,46684,0,0,NW,990927,18:45:58,18:46:10,12,0:00:00,0:00:00,0,AGENT,18:46:09,18:48:19,130,AVNI
AA0201,46685,0,0,PS,990927,19:22:17,19:22:30,13,0:00:00,0:00:00,0,AGENT,19:22:29,19:28:35,366,GILI
AA0201,46686,0,0,PS,990927,20:04:24,20:04:38,14,0:00:00,0:00:00,0,AGENT,20:04:37,20:07:47,190,SHARON
AA0201,46687,0,0,NW,990927,20:50:05,20:50:20,15,0:00:00,0:00:00,0,AGENT,20:50:20,20:52:47,147,MORIAH
AA0201,46688,0,0,NW,990927,21:45:07,21:45:19,12,0:00:00,0:00:00,0,AGENT,21:45:19,21:49:21,242,AVNI
AA0201,46689,0,0,NE,990927,22:12:49,22:12:58,9,0:00:00,0:00:00,0,AGENT,22:12:57,22:13:00,3,MORIAH
AA0201,46690,0,0,PS,990927,23:15:40,23:15:52,12,0:00:00,0:00:00,0,AGENT,23:15:51,23:16:51,60,GILI
AA0201,46692,0,0,PS,990928,0:25:31,0:25:31,0,0:00:00,0:00:00,0,HANG,0:00:00,0:00:00,0,NO_SERVER
AA0201,46693,0,0,PS,990928,7:36:00,7:36:10,10,0:00:00,0:00:00,0,AGENT,7:36:09,7:36:56,47,YIFAT
AA0201,46694,0,0,PS,990928,8:21:12,8:21:27,15,0:00:00,0:00:00,0,AGENT,8:21:26,8:21:29,3,ANAT
AA0201,46695,58060310,2,PS,990928,8:45:02,8:45:07,5,8:45:07,8:46:25,78,PHANTOM,8:46:24,8:46:27,3,NO_SERVER
AA0201,46696,13277199,1,PS,990928,8:59:56,9:00:01,5,9:00:01,9:01:40,99,AGENT,9:01:39,9:02:57,78,YIFAT
AA0201,46697,77253037,2,PS,990928,9:21:28,9:21:33,5,9:21:33,9:23:10,97,AGENT,9:23:09,9:26:21,192,YIFAT
AA0201,46698,11449287,2,PS,990928,9:33:24,9:33:30,6,9:33:30,9:34:04,34,AGENT,9:34:03,9:35:26,83,YIFAT
AA0201,46699,7426802,2,PS,990928,9:48:41,9:48:46,5,9:48:46,9:50:46,120,AGENT,9:50:45,9:53:57,192,YIFAT
AA0201,46700,69563674,1,PS,990928,10:01:37,10:01:42,5,10:01:42,10:05:12,210,AGENT,10:05:11,10:06:23,72,YIFAT
AA0201,46701,14264295,2,PS,990928,10:12:44,10:12:50,6,10:12:50,10:17:27,277,AGENT,10:17:26,10:21:35,249,AVNI
AA0201,46702,56430804,1,PS,990928,10:25:54,10:26:00,6,10:26:00,10:29:16,196,AGENT,10:29:15,10:30:10,55,YIFAT
AA0201,46703,50850429,2,PS,990928,10:36:57,10:37:03,6,10:37:03,10:38:36,93,AGENT,10:38:36,10:39:23,47,YIFAT
AA0201,46704,54613724,2,NE,990928,10:51:18,10:51:23,5,10:51:23,10:54:09,166,AGENT,10:54:09,10:55:08,59,ZOHARI
AA0201,46705,10473262,2,PS,990928,11:01:53,11:01:58,5,11:01:58,11:05:19,201,AGENT,11:05:18,11:06:44,86,YIFAT
AA0201,46706,0,0,NW,990928,11:16:57,11:17:06,9,11:17:06,11:17:14,8,AGENT,11:17:13,11:23:07,354,PINHAS
AA0201,46707,24327207,2,PS,990928,11:25:45,11:25:51,6,11:25:51,11:27:56,125,AGENT,11:27:55,11:28:06,11,YIFAT
AA0201,46708,22251797,2,PS,990928,11:37:54,11:37:59,5,11:37:59,11:38:51,52,AGENT,11:38:50,11:38:51,1,ANAT
AA0201,46709,63618235,2,PS,990928,11:49:39,11:49:44,5,11:49:44,11:51:20,96,AGENT,11:51:20,11:54:16,176,ANAT
AA0201,46710,5336904,2,PS,990928,12:01:05,12:01:11,6,12:01:11,12:06:19,308,AGENT,12:06:18,12:07:16,58,ANAT
AA0201,46711,23702129,1,PS,990928,12:14:42,12:14:48,6,12:14:48,12:16:12,84,HANG,0:00:00,0:00:00,0,NO_SERVER
AA0201,46712,38293197,1,PS,990928,12:23:25,12:23:30,5,12:23:30,12:35:34,724,AGENT,12:35:33,12:37:43,130,YIFAT
AA0201,46713,58029430,1,PS,990928,12:46:31,12:46:37,6,12:46:37,12:47:00,23,AGENT,12:46:59,12:47:55,56,AVNI
AA0201,46714,59233171,1,PS,990928,12:56:38,12:56:43,5,12:56:43,12:57:50,67,AGENT,12:57:50,12:58:30,40,ANAT
AA0201,46715,52120771,1,NE,990928,13:08:25,13:08:30,5,13:08:30,13:12:30,240,AGENT,13:12:29,13:13:38,69,VICKY
AA0201,46716,24460099,2,PS,990928,13:30:18,13:30:23,5,13:30:23,13:30:50,27,AGENT,13:30:49,13:38:02,433,ZOHARI
AA0201,46717,0,0,PS,990928,13:45:55,13:46:05,10,0:00:00,0:00:00,0,AGENT,13:46:04,13:46:33,29,YIFAT
AA0201,46718,28568889,1,PS,990928,13:54:20,13:54:25,5,13:54:25,13:55:54,89,AGENT,13:55:54,13:56:27,33,VICKY
AA0201,46719,25638404,2,PS,990928,14:07:36,14:07:41,5,14:07:41,14:10:42,181,AGENT,14:10:41,14:11:48,67,BASCH
AA0201,46720,58402389,2,PS,990928,14:21:39,14:21:45,6,14:21:45,14:22:40,55,AGENT,14:22:39,14:26:37,238,YIFAT
AA0201,46721,15591944,1,PS,990928,14:37:16,14:37:22,6,14:37:22,14:38:47,85,AGENT,14:38:46,14:39:10,24,BASCH
AA0201,46722,22307953,1,PS,990928,14:55:41,14:55:47,6,14:55:47,14:59:52,245,AGENT,14:59:51,15:10:00,609,BASCH
AA0201,46723,0,0,PS,990928,15:34:57,15:35:06,9,0:00:00,0:00:00,0,AGENT,15:35:06,15:37:49,163,BASCH
AA0201,46724,0,0,PS,990928,16:07:54,16:08:06,12,0:00:00,0:00:00,0,AGENT,16:08:05,16:14:07,362,BASCH
AA0201,46725,0,0,PS,990928,16:37:18,16:37:27,9,0:00:00,0:00:00,0,AGENT,16:37:26,16:38:18,52,SHARON
AA0201,46726,0,0,PS,990928,17:04:44,17:04:54,10,0:00:00,0:00:00,0,AGENT,17:04:54,17:09:07,253,BASCH
AA0201,46727,0,0,PS,990928,17:32:16,17:32:26,10,0:00:00,0:00:00,0,AGENT,17:32:25,17:36:19,234,VICKY
AA0201,46728,58859752,2,PS,990928,17:52:48,17:52:53,5,17:52:53,17:53:05,12,AGENT,17:53:04,17:53:52,48,BASCH
AA0201,46729,0,0,PS,990928,18:15:33,18:15:52,19,0:00:00,0:00:00,0,AGENT,18:15:51,18:17:52,121,BASCH
AA0201,46730,0,0,PS,990928,18:54:31,18:54:41,10,0:00:00,0:00:00,0,AGENT,18:54:41,18:55:46,65,BASCH
AA0201,46731,0,0,PS,990928,19:57:36,19:57:45,9,0:00:00,0:00:00,0,AGENT,19:57:44,20:06:42,538,VICKY
AA0201,46732,0,0,NW,990928,20:43:01,20:43:15,14,0:00:00,0:00:00,0,AGENT,20:43:14,20:43:19,5,NO_SERVER
AA0201,46733,0,0,NE,990928,21:17:12,21:17:24,12,0:00:00,0:00:00,0,AGENT,21:17:23,21:31:06,823,GILI
AA0201,46734,0,0,PS,990928,21:44:19,21:44:30,11,0:00:00,0:00:00,0,AGENT,21:44:29,21:45:39,70,BASCH
AA0201,46735,0,0,NE,990928,22:13:16,22:13:29,13,0:00:00,0:00:00,0,AGENT,22:13:28,22:16:50,202,SHARON
AA0201,46736,0,0,NE,990928,23:07:35,23:07:44,9,0:00:00,0:00:00,0,AGENT,23:07:44,23:10:47,183,GILI
AA0201,46737,0,0,NW,990929,0:50:04,0:50:29,25,0:00:00,0:00:00,0,HANG,0:00:00,0:00:00,0,NO_SERVER
AA0201,46738,0,0,PS,990929,7:31:59,7:32:12,13,0:00:00,0:00:00,0,AGENT,7:32:11,7:36:25,254,ZOHARI
AA0201,46739,0,0,PS,990929,8:18:58,8:19:06,8,0:00:00,0:00:00,0,AGENT,8:19:05,8:20:54,109,SHARON
AA0201,46740,0,0,PS,990929,8:36:48,8:37:01,13,0:00:00,0:00:00,0,AGENT,8:36:59,8:38:22,83,SHARON
AA0201,46741,0,0,PS,990929,8:51:58,8:52:07,9,0:00:00,0:00:00,0,AGENT,8:52:06,8:56:44,278,ANAT
AA0201,46742,8258329,2,NE,990929,9:11:09,9:11:14,5,9:11:14,9:12:47,93,AGENT,9:12:46,9:14:28,102,ANAT
AA0201,46743,0,0,PS,990929,9:28:37,9:28:51,14,0:00:00,0:00:00,0,AGENT,9:28:50,9:33:18,268,ZOHARI
AA0201,46744,0,0,NE,990929,9:39:37,9:39:49,12,0:00:00,0:00:00,0,AGENT,9:39:48,9:59:07,1159,ZOHARI
AA0201,46745,57695173,2,PS,990929,9:49:48,9:49:54,6,9:49:54,9:52:03,129,AGENT,9:52:02,9:52:45,43,DORIT
AA0201,46746,43288190,2,PS,990929,10:00:14,10:00:19,5,10:00:19,10:02:54,155,AGENT,10:02:53,10:06:01,188,DORIT
AA0201,46747,0,0,PS,990929,10:13:13,10:13:23,10,0:00:00,0:00:00,0,AGENT,10:13:21,10:14:19,58,AVNI
AA0201,46748,0,0,PS,990929,10:23:03,10:23:16,13,0:00:00,0:00:00,0,AGENT,10:23:15,10:26:08,173,ANAT
AA0201,46749,0,0,PS,990929,10:35:50,10:35:59,9,0:00:00,0:00:00,0,AGENT,10:35:59,10:37:52,113,AVNI
AA0201,46750,0,0,PS,990929,10:43:24,10:43:34,10,0:00:00,0:00:00,0,AGENT,10:43:34,10:46:03,149,ANAT
AA0201,46751,23895501,2,PS,990929,10:55:52,10:55:57,5,10:55:57,10:58:21,144,AGENT,10:58:20,11:01:21,181,SHARON
AA0201,46752,0,0,NW,990929,11:06:09,11:06:18,9,11:06:18,11:08:54,156,AGENT,11:08:53,11:11:02,129,SHARON
AA0201,46753,11600061,1,PS,990929,11:19:52,11:19:58,6,11:19:58,11:21:18,80,AGENT,11:21:16,11:23:55,159,YIFAT
AA0201,46754,25688045,1,PS,990929,11:33:33,11:33:39,6,11:33:39,11:34:49,70,AGENT,11:34:49,11:35:28,39,ANAT
AA0201,46755,0,0,NE,990929,11:47:16,11:47:24,8,0:00:00,0:00:00,0,AGENT,11:47:24,11:49:52,148,ANAT
AA0201,46756,0,0,NW,990929,11:57:04,11:57:13,9,11:57:13,11:59:51,158,AGENT,11:59:50,12:00:58,68,SHARON
AA0201,46757,54613724,2,NE,990929,12:08:24,12:08:29,5,12:08:29,12:11:22,173,AGENT,12:11:21,12:12:52,91,SHARON
AA0201,46758,25236241,1,PS,990929,12:20:19,12:20:25,6,12:20:25,12:20:39,14,HANG,0:00:00,0:00:00,0,NO_SERVER
AA0201,46759,22263115,2,PS,990929,12:30:07,12:30:12,5,12:30:12,12:30:54,42,AGENT,12:30:53,12:31:55,62,ZOHARI
AA0201,46760,33474602,2,PS,990929,12:43:20,12:43:25,5,12:43:25,12:43:41,16,AGENT,12:43:39,12:43:42,3,ANAT
AA0201,46761,23383607,2,PS,990929,12:58:32,12:58:38,6,12:58:38,13:01:03,145,AGENT,13:01:02,13:01:33,31,DORIT
AA0201,46762,0,0,PS,990929,13:17:44,13:17:56,12,0:00:00,0:00:00,0,AGENT,13:17:55,13:19:05,70,ANAT
AA0201,46763,52037405,2,PS,990929,13:29:48,13:29:53,5,13:29:53,13:30:44,51,HANG,0:00:00,0:00:00,0,NO_SERVER
AA0201,46764,33474602,2,PS,990929,13:45:06,13:45:12,6,13:45:12,13:49:10,238,AGENT,13:49:10,13:53:27,257,DORIT
AA0201,46765,58029430,1,PS,990929,13:57:00,13:57:05,5,13:57:05,13:59:38,153,AGENT,13:59:37,14:00:32,55,BASCH
AA0201,46766,17612755,2,PS,990929,14:10:21,14:10:26,5,14:10:26,14:11:10,44,AGENT,14:11:08,14:11:10,2,YIFAT
AA0201,46767,25124181,2,NE,990929,14:19:42,14:19:47,5,14:19:47,14:22:49,182,AGENT,14:22:48,14:24:38,110,BASCH
AA0201,46768,0,0,PS,990929,14:33:58,14:34:07,9,0:00:00,0:00:00,0,AGENT,14:34:07,14:41:25,438,DORIT
AA0201,46769,0,0,PS,990929,14:56:40,14:56:49,9,0:00:00,0:00:00,0,AGENT,14:56:48,15:06:16,568,AVNI
AA0201,46770,0,0,NW,990929,15:29:58,15:30:07,9,15:30:07,15:31:12,65,AGENT,15:31:11,15:31:21,10,DORIT
AA0201,46771,8968455,2,PS,990929,16:01:47,16:01:53,6,16:01:53,16:02:20,27,HANG,0:00:00,0:00:00,0,NO_SERVER
AA0201,46772,58859752,2,PS,990929,16:24:12,16:24:17,5,16:24:17,16:26:42,145,AGENT,16:26:42,16:27:49,67,BASCH
AA0201,46773,0,0,PS,990929,17:03:49,17:04:16,27,0:00:00,0:00:00,0,AGENT,17:04:15,17:30:30,1575,VICKY
AA0201,46774,0,0,NW,990929,17:35:37,17:35:51,14,0:00:00,0:00:00,0,AGENT,17:35:51,17:38:46,175,VICKY
AA0201,46775,51305340,1,PS,990929,17:59:38,17:59:44,6,17:59:44,18:00:18,34,AGENT,18:00:17,18:02:09,112,DARMON
AA0201,46776,0,0,PS,990929,18:32:34,18:32:45,11,0:00:00,0:00:00,0,AGENT,18:32:45,18:33:56,71,BASCH
AA0201,46777,0,0,PS,990929,18:54:46,18:54:56,10,0:00:00,0:00:00,0,AGENT,18:54:55,18:57:38,163,VICKY
AA0201,46778,0,0,PS,990929,19:20:38,19:20:49,11,0:00:00,0:00:00,0,AGENT,19:20:49,19:21:34,45,GILI
AA0201,46779,0,0,PS,990929,19:48:16,19:48:26,10,0:00:00,0:00:00,0,AGENT,19:48:25,19:55:14,409,STEREN
AA0201,46780,0,0,NE,990929,20:32:32,20:32:45,13,0:00:00,0:00:00,0,AGENT,20:32:44,20:33:57,73,MEIR
AA0201,46781,0,0,PS,990929,20:59:54,21:00:09,15,0:00:00,0:00:00,0,AGENT,21:00:08,21:04:28,260,DARMON
AA0201,46782,0,0,NE,990929,21:37:14,21:37:24,10,0:00:00,0:00:00,0,AGENT,21:37:23,21:39:55,152,GILI
AA0201,46783,0,0,PS,990929,22:08:11,22:08:20,9,0:00:00,0:00:00,0,AGENT,22:08:19,22:09:04,45,GILI
AA0201,46784,0,0,PS,990929,23:06:25,23:06:34,9,0:00:00,0:00:00,0,AGENT,23:06:33,23:07:09,36,GILI
AA0201,46785,0,0,PS,990929,23:50:28,23:50:43,15,0:00:00,0:00:00,0,AGENT,23:50:46,23:50:50,4,NO_SERVER
AA0201,46786,0,0,PS,990930,7:02:30,7:02:42,12,0:00:00,0:00:00,0,HANG,0:00:00,0:00:00,0,NO_SERVER
AA0201,46787,0,0,PS,990930,7:51:20,7:51:39,19,0:00:00,0:00:00,0,AGENT,7:51:38,7:52:58,80,ANAT
AA0201,46788,0,0,PS,990930,8:30:08,8:30:18,10,0:00:00,0:00:00,0,AGENT,8:30:17,8:31:28,71,ANAT
AA0201,46789,69687275,2,PS,990930,8:48:21,8:48:27,6,8:48:27,8:49:32,65,AGENT,8:49:31,8:52:25,174,YIFAT
AA0201,46790,0,0,PS,990930,9:04:31,9:04:46,15,0:00:00,0:00:00,0,AGENT,9:04:45,9:14:23,578,TOVA
AA0201,46791,52163581,2,PS,990930,9:16:25,9:16:31,6,9:16:31,9:18:18,107,AGENT,9:18:18,9:20:55,157,TOVA
AA0201,46792,0,0,NW,990930,9:32:45,9:32:54,9,9:32:54,9:37:06,252,AGENT,9:37:05,9:37:06,1,TOVA
AA0201,46793,0,0,PS,990930,9:51:00,9:51:09,9,0:00:00,0:00:00,0,AGENT,9:51:08,9:51:10,2,YIFAT
AA0201,46794,54128681,2,PS,990930,9:55:47,9:55:53,6,9:55:53,9:57:55,122,AGENT,9:57:55,9:58:00,5,ANAT
AA0201,46795,71520779,1,PS,990930,10:07:33,10:07:38,5,10:07:38,10:09:51,133,AGENT,10:09:50,10:11:24,94,TOVA
AA0201,46796,27257831,1,PS,990930,10:22:52,10:22:58,6,10:22:58,10:23:36,38,AGENT,10:23:36,10:27:29,233,ANAT
AA0201,46797,22190029,2,PS,990930,10:38:00,10:38:05,5,10:38:05,10:38:14,9,AGENT,10:38:13,10:41:35,202,ROTH
AA0201,46798,0,0,PS,990930,10:50:26,10:50:39,13,0:00:00,0:00:00,0,AGENT,10:50:38,10:51:15,37,TOVA
AA0201,46799,37669413,1,PS,990930,11:02:04,11:02:10,6,11:02:10,11:03:04,54,HANG,0:00:00,0:00:00,0,NO_SERVER
AA0201,46800,33582685,1,PS,990930,11:07:34,11:07:40,6,11:07:40,11:07:50,10,HANG,0:00:00,0:00:00,0,NO_SERVER
AA0201,46801,33474602,2,PS,990930,11:16:27,11:16:33,6,11:16:33,11:19:03,150,AGENT,11:19:02,11:19:10,8,ANAT
AA0201,46802,54613724,2,NE,990930,11:22:08,11:22:14,6,11:22:14,11:25:59,225,AGENT,11:25:58,11:30:24,266,ZOHARI
AA0201,46803,0,0,NW,990930,11:28:58,11:29:07,9,11:29:07,11:31:49,162,HANG,0:00:00,0:00:00,0,NO_SERVER
AA0201,46804,5850011,2,PS,990930,11:40:02,11:40:08,6,11:40:08,11:46:09,361,AGENT,11:46:08,11:46:11,3,TOVA
AA0201,46805,0,0,NW,990930,11:50:18,11:50:27,9,11:50:27,11:50:39,12,HANG,0:00:00,0:00:00,0,NO_SERVER
AA0201,46806,0,0,NW,990930,11:57:07,11:57:16,9,11:57:16,11:58:43,87,HANG,0:00:00,0:00:00,0,NO_SERVER
AA0201,46807,6818926,2,PS,990930,12:08:13,12:08:18,5,12:08:18,12:08:42,24,AGENT,12:08:40,12:14:28,348,YIFAT
AA0201,46808,0,0,PS,990930,12:18:31,12:18:46,15,0:00:00,0:00:00,0,AGENT,12:18:45,12:20:03,78,ANAT
AA0201,46809,0,0,PS,990930,12:33:16,12:33:25,9,0:00:00,0:00:00,0,AGENT,12:33:24,12:34:16,52,YIFAT
AA0201,46810,0,0,NW,990930,12:54:10,12:54:36,26,0:00:00,0:00:00,0,AGENT,12:54:35,12:57:55,200,YIFAT
AA0201,46811,0,0,PS,990930,13:08:59,13:09:08,9,0:00:00,0:00:00,0,AGENT,13:09:07,13:10:53,106,ZOHARI
AA0201,46812,6459051,2,PS,990930,13:26:18,13:26:25,7,13:26:25,13:27:35,70,AGENT,13:27:34,13:31:47,253,YIFAT
AA0201,46813,24651887,2,PS,990930,13:45:51,13:45:56,5,13:45:56,13:49:07,191,AGENT,13:49:06,13:50:45,99,ZOHARI
AA0201,46814,703074,2,PS,990930,13:55:37,13:55:42,5,13:55:42,13:57:13,91,HANG,0:00:00,0:00:00,0,NO_SERVER
AA0201,46815,8151938,2,PS,990930,14:08:11,14:08:17,6,14:08:17,14:08:33,16,HANG,0:00:00,0:00:00,0,NO_SERVER
AA0201,46816,71520779,1,PS,990930,14:20:27,14:20:32,5,14:20:32,14:23:16,164,AGENT,14:23:15,14:24:44,89,ZOHARI
AA0201,46817,30466387,2,PS,990930,14:31:26,14:31:32,6,14:31:32,14:32:08,36,HANG,0:00:00,0:00:00,0,NO_SERVER
AA0201,46818,27885011,2,PS,990930,14:47:04,14:47:10,6,14:47:10,14:47:20,10,AGENT,14:47:19,14:57:13,594,SHARON
AA0201,46819,59601708,2,PS,990930,15:02:42,15:02:48,6,15:02:48,15:05:24,156,AGENT,15:05:24,15:10:14,290,ROTH
AA0201,46820,0,0,PS,990930,15:32:45,15:33:02,17,0:00:00,0:00:00,0,AGENT,15:33:01,15:34:24,83,SHARON
AA0201,46821,0,0,PS,990930,16:11:56,16:12:07,11,0:00:00,0:00:00,0,AGENT,16:12:06,16:13:48,102,VICKY
AA0201,46822,6891105,2,PS,990930,16:28:17,16:28:22,5,16:28:22,16:28:55,33,AGENT,16:28:55,16:31:15,140,VICKY
AA0201,46823,0,0,PS,990930,16:49:59,16:50:09,10,0:00:00,0:00:00,0,AGENT,16:50:09,16:50:11,2,VICKY
AA0201,46824,0,0,PS,990930,17:10:16,17:10:25,9,0:00:00,0:00:00,0,AGENT,17:10:24,17:12:02,98,STEREN
AA0201,46825,23793540,1,PS,990930,17:40:49,17:40:55,6,17:40:55,17:41:38,43,AGENT,17:41:37,17:44:00,143,AVNI
AA0201,46826,314014135,2,PS,990930,18:29:08,18:29:14,6,18:29:14,18:30:02,48,AGENT,18:29:57,18:35:43,346,STEREN
AA0201,46827,0,0,NW,990930,18:55:20,18:55:33,13,0:00:00,0:00:00,0,AGENT,18:55:32,19:11:44,972,YITZ
AA0201,46828,0,0,PS,990930,19:51:01,19:51:11,10,0:00:00,0:00:00,0,AGENT,19:51:10,19:51:43,33,VICKY
AA0201,46829,12631503,1,PE,990930,20:26:28,20:26:32,4,20:26:32,20:28:14,102,AGENT,20:28:14,20:31:45,211,VICKY
AA0201,46830,0,0,PS,990930,21:00:44,21:00:53,9,0:00:00,0:00:00,0,AGENT,21:00:52,21:03:03,131,AVNI
AA0201,46831,0,0,PS,990930,21:37:24,21:37:37,13,0:00:00,0:00:00,0,AGENT,21:37:36,21:40:01,145,AVNI
AA0201,46832,0,0,PS,990930,22:39:07,22:39:16,9,0:00:00,0:00:00,0,AGENT,22:39:16,22:40:05,49,STEREN
AA0202,47946,0,0,PS,990901,1:15:30,1:15:58,28,0:00:00,0:00:00,0,HANG,0:00:00,0:00:00,0,NO_SERVER
AA0202,47947,24512279,2,PS,990901,7:08:01,7:08:06,5,7:08:06,7:08:36,30,AGENT,7:08:36,7:10:53,137,GELBER
AA0202,47948,23868219,1,PS,990901,7:39:45,7:39:51,6,7:39:51,7:40:49,58,AGENT,7:40:47,7:43:29,162,BASCH
AA0202,47949,27383116,1,PS,990901,8:04:31,8:04:36,5,8:04:36,8:05:12,36,AGENT,8:05:11,8:06:48,97,ROTH
AA0202,47950,0,0,PS,990901,8:17:31,8:17:40,9,0:00:00,0:00:00,0,AGENT,8:17:39,8:19:03,84,BASCH
AA0202,47951,0,0,PS,990901,8:33:19,8:33:27,8,0:00:00,0:00:00,0,AGENT,8:33:27,8:38:02,275,DORIT
AA0202,47952,0,0,PS,990901,8:46:04,8:46:13,9,0:00:00,0:00:00,0,AGENT,8:46:13,8:48:39,146,BASCH
AA0202,47953,0,0,PS,990901,9:01:07,9:01:18,11,0:00:00,0:00:00,0,AGENT,9:01:18,9:02:48,90,ZOHARI
AA0202,47954,0,0,PS,990901,9:09:55,9:19:37,582,0:00:00,0:00:00,0,HANG,0:00:00,0:00:00,0,NO_SERVER
AA0202,47955,59650556,2,PS,990901,9:36:57,9:37:02,5,9:37:02,9:37:13,11,AGENT,9:37:12,9:38:19,67,NAAMA
AA0202,47956,58402389,2,PS,990901,9:44:25,9:44:31,6,9:44:31,9:45:11,40,AGENT,9:45:10,9:45:59,49,DORIT
AA0202,47957,59831289,1,PS,990901,9:55:33,9:55:38,5,9:55:38,9:55:54,16,AGENT,9:55:53,9:57:01,68,BASCH
AA0202,47958,0,0,PS,990901,10:06:43,10:06:52,9,0:00:00,0:00:00,0,AGENT,10:06:51,10:09:44,173,YITZ
AA0202,47959,43288190,2,PS,990901,10:15:15,10:15:21,6,10:15:21,10:15:46,25,AGENT,10:15:46,10:18:11,145,NAAMA
AA0202,47960,0,0,PS,990901,10:25:42,10:25:51,9,0:00:00,0:00:00,0,AGENT,10:25:50,10:27:30,100,STEREN
AA0202,47961,0,0,NE,990901,10:35:17,10:35:27,10,0:00:00,0:00:00,0,AGENT,10:35:26,10:36:57,91,NAAMA
AA0202,47962,0,0,NE,990901,10:45:37,10:45:48,11,0:00:00,0:00:00,0,AGENT,10:45:47,10:49:57,250,ELI
AA0202,47963,0,0,PS,990901,10:59:33,10:59:43,10,0:00:00,0:00:00,0,AGENT,10:59:42,11:01:32,110,STEREN
AA0202,47964,56768120,1,NE,990901,11:09:11,11:09:17,6,11:09:17,11:09:39,22,AGENT,11:09:38,11:12:15,157,BASCH
AA0202,47965,0,0,PS,990901,11:23:18,11:23:29,11,0:00:00,0:00:00,0,AGENT,11:23:28,11:26:09,161,YITZ
AA0202,47966,0,0,PS,990901,11:37:19,11:37:30,11,0:00:00,0:00:00,0,AGENT,11:37:29,11:38:18,49,SHARON
AA0202,47967,24304800,1,PS,990901,11:46:00,11:46:06,6,11:46:06,11:48:54,168,AGENT,11:48:52,12:00:53,721,BASCH
AA0202,47968,0,0,PS,990901,12:02:38,12:02:47,9,0:00:00,0:00:00,0,AGENT,12:02:46,12:06:19,213,BASCH
AA0202,47969,54210620,2,PS,990901,12:13:49,12:13:54,5,12:13:54,12:14:00,6,AGENT,12:14:00,12:16:07,127,AVNI
AA0202,47970,0,0,PS,990901,12:28:48,12:29:00,12,0:00:00,0:00:00,0,AGENT,12:28:59,12:30:49,110,NAAMA
AA0202,47971,0,0,PS,990901,12:43:55,12:44:04,9,0:00:00,0:00:00,0,AGENT,12:44:03,12:45:16,73,BASCH
AA0202,47972,32387482,1,PS,990901,12:52:29,12:52:34,5,12:52:34,12:55:24,170,AGENT,12:55:23,12:56:09,46,DORIT
AA0202,47973,0,0,PS,990901,13:10:41,13:10:49,8,0:00:00,0:00:00,0,AGENT,13:10:48,13:11:42,54,ROTH
AA0202,47974,0,0,PS,990901,13:27:53,13:28:03,10,0:00:00,0:00:00,0,AGENT,13:28:02,13:29:29,87,DORIT
AA0202,47975,0,0,PS,990901,13:42:04,13:42:20,16,0:00:00,0:00:00,0,AGENT,13:42:19,13:45:03,164,STEREN
AA0202,47976,0,0,PS,990901,13:55:33,13:55:47,14,0:00:00,0:00:00,0,AGENT,13:55:46,13:55:51,5,MORIAH
AA0202,47977,0,0,NW,990901,14:06:44,14:06:57,13,0:00:00,0:00:00,0,AGENT,14:06:56,14:07:25,29,MORIAH
AA0202,47978,0,0,PS,990901,14:20:46,14:20:55,9,0:00:00,0:00:00,0,AGENT,14:20:54,14:21:44,50,DORIT
AA0202,47979,0,0,PS,990901,14:32:51,14:33:10,19,0:00:00,0:00:00,0,AGENT,14:33:08,14:34:21,73,SHARON
AA0202,47980,0,0,PS,990901,14:40:51,14:41:02,11,0:00:00,0:00:00,0,AGENT,14:41:01,14:41:03,2,ANAT
AA0202,47981,0,0,NW,990901,14:55:10,14:55:23,13,0:00:00,0:00:00,0,AGENT,14:55:21,14:56:30,69,MORIAH
AA0202,47982,57379505,2,PS,990901,15:06:24,15:06:30,6,15:06:30,15:07:12,42,AGENT,15:07:12,15:24:03,1011,STEREN
AA0202,47983,563189,2,NE,990901,15:17:33,15:17:38,5,15:17:38,15:18:56,78,AGENT,15:18:55,15:21:55,180,AVNI
AA0202,47984,33228420,1,PS,990901,15:29:37,15:29:43,6,15:29:43,15:30:34,51,HANG,0:00:00,0:00:00,0,NO_SERVER
AA0202,47985,0,0,PS,990901,15:39:44,15:40:03,19,0:00:00,0:00:00,0,AGENT,15:40:02,15:41:10,68,BENSION
AA0202,47986,27400290,2,PS,990901,15:49:19,15:49:25,6,15:49:25,15:50:00,35,AGENT,15:50:00,15:53:49,229,BENSION
AA0202,47987,0,0,PS,990901,16:05:57,16:06:06,9,0:00:00,0:00:00,0,AGENT,16:06:06,16:06:06,0,AVI
AA0202,47988,0,0,PS,990901,16:23:23,16:23:32,9,0:00:00,0:00:00,0,AGENT,16:23:32,16:25:55,143,AVNI
AA0202,47989,0,0,PS,990901,16:46:14,16:46:27,13,0:00:00,0:00:00,0,AGENT,16:46:26,16:47:29,63,ANAT
AA0202,47990,0,0,PS,990901,16:54:57,16:55:06,9,0:00:00,0:00:00,0,AGENT,16:55:05,16:55:38,33,VICKY
AA0202,47991,38683538,1,PS,990901,17:07:53,17:08:04,11,17:08:04,17:08:14,10,AGENT,17:08:03,17:10:51,168,ANAT
AA0202,47992,0,0,NW,990901,17:27:58,17:28:14,16,0:00:00,0:00:00,0,AGENT,17:28:14,17:29:20,66,BENSION
AA0202,47993,54241443,2,NE,990901,17:45:10,17:45:32,22,17:45:32,17:45:41,9,AGENT,17:45:40,17:48:06,146,AVI
AA0202,47994,0,0,PS,990901,18:02:46,18:02:55,9,0:00:00,0:00:00,0,AGENT,18:02:55,18:05:06,131,BENSION
AA0202,47995,0,0,NW,990901,18:21:27,18:21:39,12,0:00:00,0:00:00,0,AGENT,18:21:39,18:28:18,399,MORIAH
AA0202,47996,0,0,PS,990901,18:38:52,18:39:06,14,0:00:00,0:00:00,0,AGENT,18:39:06,18:40:15,69,ANAT
AA0202,47997,0,0,NW,990901,18:59:34,18:59:48,14,0:00:00,0:00:00,0,AGENT,18:59:47,19:00:33,46,VICKY
AA0202,47998,0,0,NE,990901,19:28:26,19:28:37,11,0:00:00,0:00:00,0,AGENT,19:28:36,19:29:26,50,VICKY
AA0202,47999,0,0,PS,990901,19:47:47,19:48:03,16,0:00:00,0:00:00,0,AGENT,19:48:03,19:48:44,41,BENSION
AA0202,48000,0,0,PS,990901,20:11:57,20:12:07,10,0:00:00,0:00:00,0,AGENT,20:12:06,20:13:53,107,VICKY
AA0202,48001,0,0,PS,990901,20:28:37,20:28:46,9,0:00:00,0:00:00,0,AGENT,20:28:45,20:29:18,33,AVI
AA0202,48002,0,0,PS,990901,20:42:40,20:42:50,10,0:00:00,0:00:00,0,AGENT,20:42:49,20:44:16,87,TOVA
AA0202,48003,0,0,PS,990901,20:54:10,20:54:20,10,0:00:00,0:00:00,0,AGENT,20:54:19,20:54:22,3,TOVA
AA0202,48004,0,0,NE,990901,21:10:50,21:11:02,12,0:00:00,0:00:00,0,AGENT,21:11:01,21:12:30,89,MEIR
AA0202,48005,0,0,PS,990901,21:32:57,21:33:06,9,0:00:00,0:00:00,0,AGENT,21:33:05,21:34:09,64,VICKY
AA0202,48006,0,0,PS,990901,21:53:43,21:53:52,9,0:00:00,0:00:00,0,AGENT,21:53:51,22:08:02,851,VICKY
AA0202,48007,54613724,2,NE,990901,22:08:52,22:08:57,5,22:08:57,22:12:55,238,AGENT,22:12:55,22:13:50,55,VICKY
AA0202,48008,0,0,NE,990901,22:33:13,22:33:24,11,0:00:00,0:00:00,0,AGENT,22:33:23,22:34:35,72,DARMON
AA0202,48009,54549498,2,PS,990901,22:51:30,22:51:36,6,22:51:36,22:53:34,118,AGENT,22:53:33,22:54:38,65,AVI
AA0202,48010,0,0,NW,990901,23:20:18,23:20:27,9,23:20:27,23:21:00,33,AGENT,23:21:00,23:21:23,23,VICKY
AA0202,48011,37695087,2,PS,990901,23:40:02,23:40:08,6,23:40:08,23:41:12,64,AGENT,23:41:11,23:42:08,57,AVI
AA0202,48012,0,0,PS,990902,6:48:36,6:48:51,15,0:00:00,0:00:00,0,HANG,0:00:00,0:00:00,0,NO_SERVER
AA0202,48013,1161660,2,PS,990902,7:29:46,7:29:51,5,7:29:51,7:30:04,13,AGENT,7:30:03,7:37:47,464,YIFAT
AA0202,48014,0,0,PS,990902,7:57:48,7:57:58,10,0:00:00,0:00:00,0,AGENT,7:57:58,8:00:52,174,STEREN
AA0202,48015,4740312,1,PS,990902,8:20:00,8:20:06,6,8:20:06,8:20:19,13,AGENT,8:20:19,8:20:26,7,MORIAH
AA0202,48016,0,0,NW,990902,8:33:09,8:33:19,10,8:33:19,8:34:05,46,AGENT,8:34:05,8:39:07,302,TOVA
AA0202,48017,22474043,1,PS,990902,8:43:14,8:43:20,6,8:43:20,8:43:44,24,AGENT,8:43:43,8:44:37,54,TOVA
AA0202,48018,0,0,NW,990902,8:52:09,8:52:19,10,8:52:19,8:58:59,400,AGENT,8:58:58,9:05:24,386,ROTH
AA0202,48019,59813717,2,PS,990902,9:07:17,9:07:22,5,9:07:22,9:07:28,6,HANG,0:00:00,0:00:00,0,NO_SERVER
AA0202,48020,0,0,PS,990902,9:18:41,9:18:51,10,0:00:00,0:00:00,0,AGENT,9:18:49,9:20:30,101,YIFAT
AA0202,48021,56819626,2,PS,990902,9:30:39,9:30:45,6,9:30:45,9:31:07,22,AGENT,9:31:07,9:34:04,177,MORIAH
AA0202,48022,302424502,1,PE,990902,9:42:09,9:42:13,4,9:42:13,9:45:54,221,AGENT,9:45:53,9:50:50,297,MORIAH
AA0202,48023,0,0,NE,990902,9:54:56,9:55:09,13,0:00:00,0:00:00,0,AGENT,9:55:07,9:58:00,173,ELI
AA0202,48024,4620050,2,PS,990902,10:02:51,10:02:57,6,10:02:57,10:03:00,3,AGENT,10:02:59,10:03:02,3,MORIAH
AA0202,48025,54234489,1,PS,990902,10:11:36,10:11:42,6,10:11:42,10:15:27,225,AGENT,10:15:27,10:17:11,104,ANAT
AA0202,48026,69078681,1,PS,990902,10:21:28,10:21:34,6,10:21:34,10:23:07,93,AGENT,10:23:06,10:25:06,120,TOVA
AA0202,48027,52867744,2,PS,990902,10:27:28,10:27:34,6,10:27:34,10:29:48,134,AGENT,10:29:46,10:30:48,62,MORIAH
AA0202,48028,32166746,2,PS,990902,10:34:43,10:34:49,6,10:34:49,10:36:10,81,AGENT,10:36:10,10:37:10,60,TOVA
AA0202,48029,7872609,2,PS,990902,10:40:19,10:40:25,6,10:40:25,10:41:49,84,HANG,0:00:00,0:00:00,0,NO_SERVER
AA0202,48030,54241443,2,NE,990902,10:44:41,10:44:46,5,10:44:46,10:47:35,169,AGENT,10:47:34,10:50:26,172,ELI
AA0202,48031,32141301,1,PS,990902,10:52:59,10:53:04,5,10:53:04,10:54:10,66,AGENT,10:54:09,10:59:32,323,ZOHARI
AA0202,48032,0,0,PS,990902,11:02:30,11:02:41,11,0:00:00,0:00:00,0,AGENT,11:02:40,11:04:24,104,ZOHARI
AA0202,48033,68741495,2,NE,990902,11:08:19,11:08:25,6,11:08:25,11:11:45,200,AGENT,11:11:44,11:14:34,170,ANAT
AA0202,48034,24365959,1,PS,990902,11:15:20,11:15:26,6,11:15:26,11:17:52,146,AGENT,11:17:51,11:23:18,327,MORIAH
AA0202,48035,703074,2,PS,990902,11:24:54,11:24:59,5,11:24:59,11:26:37,98,AGENT,11:26:36,11:26:38,2,MORIAH
AA0202,48036,53186953,2,PS,990902,11:28:19,11:28:25,6,11:28:25,11:33:29,304,AGENT,11:33:28,11:34:40,72,ANAT
AA0202,48037,0,0,PS,990902,11:38:34,11:38:42,8,0:00:00,0:00:00,0,AGENT,11:38:41,11:43:51,310,ROTH
AA0202,48038,29049723,2,PS,990902,11:45:50,11:45:55,5,11:45:55,11:46:02,7,AGENT,11:46:01,11:54:05,484,MORIAH
AA0202,48039,60280260,2,NE,990902,11:52:38,11:52:44,6,11:52:44,11:52:53,9,AGENT,11:52:53,11:56:10,197,YIFAT
AA0202,48040,0,0,PS,990902,12:03:43,12:03:52,9,0:00:00,0:00:00,0,AGENT,12:03:51,12:04:58,67,STEREN
AA0202,48041,24523938,2,PS,990902,12:11:53,12:11:59,6,12:11:59,12:12:17,18,AGENT,12:12:16,12:13:34,78,TOVA
AA0202,48042,0,0,NW,990902,12:22:30,12:22:40,10,12:22:40,12:23:17,37,AGENT,12:23:16,12:39:17,961,MORIAH
AA0202,48043,0,0,NW,990902,12:34:47,12:35:00,13,0:00:00,0:00:00,0,AGENT,12:34:59,12:38:30,211,ROTH
AA0202,48044,24551178,1,PS,990902,12:43:17,12:43:22,5,12:43:22,12:43:35,13,AGENT,12:43:34,12:43:39,5,MORIAH
AA0202,48045,0,0,NW,990902,12:49:38,12:49:47,9,12:49:47,12:51:58,131,HANG,0:00:00,0:00:00,0,NO_SERVER
AA0202,48046,28716413,2,PS,990902,13:02:32,13:02:38,6,13:02:38,13:03:46,68,AGENT,13:03:45,13:03:49,4,MORIAH
AA0202,48047,0,0,PS,990902,13:13:29,13:13:37,8,0:00:00,0:00:00,0,AGENT,13:13:36,13:15:15,99,STEREN
AA0202,48048,23851843,1,PS,990902,13:22:01,13:22:06,5,13:22:06,13:22:32,26,AGENT,13:22:31,13:23:13,42,ZOHARI
AA0202,48049,0,0,PS,990902,13:34:25,13:34:34,9,0:00:00,0:00:00,0,AGENT,13:34:33,13:35:50,77,KAZAV
AA0202,48050,0,0,PS,990902,13:46:50,13:47:01,11,0:00:00,0:00:00,0,AGENT,13:47:00,13:50:17,197,ZOHARI
AA0202,48051,69670628,2,PS,990902,13:58:06,13:58:12,6,13:58:12,13:58:18,6,AGENT,13:58:17,13:59:59,102,KAZAV
AA0202,48052,0,0,NW,990902,14:08:13,14:08:22,9,14:08:22,14:09:26,64,AGENT,14:09:25,14:11:33,128,ROTH
AA0202,48053,48820351,2,NE,990902,14:20:09,14:20:15,6,14:20:15,14:21:09,54,AGENT,14:21:07,14:29:52,525,ELI
AA0202,48054,0,0,NW,990902,14:28:36,14:28:45,9,14:28:45,14:29:40,55,HANG,0:00:00,0:00:00,0,NO_SERVER
AA0202,48055,55126338,1,PS,990902,14:36:25,14:36:31,6,14:36:31,14:37:39,68,AGENT,14:37:38,14:39:32,114,ZOHARI
AA0202,48056,0,0,NW,990902,14:45:12,14:45:22,10,14:45:22,14:47:18,116,HANG,0:00:00,0:00:00,0,NO_SERVER
AA0202,48057,56765985,2,PS,990902,14:56:08,14:56:14,6,14:56:14,15:00:43,269,AGENT,15:00:42,15:06:47,365,ROTH
AA0202,48058,27901198,2,PS,990902,15:06:05,15:06:11,6,15:06:11,15:08:19,128,AGENT,15:08:18,15:12:28,250,STEREN
AA0202,48059,54301114,1,PS,990902,15:19:01,15:19:06,5,15:19:06,15:20:43,97,HANG,0:00:00,0:00:00,0,NO_SERVER
AA0202,48060,7656580,1,PS,990902,15:30:38,15:30:44,6,15:30:44,15:36:09,325,AGENT,15:36:09,15:36:26,17,ZOHARI
AA0202,48061,59630624,1,NE,990902,15:42:38,15:42:44,6,15:42:44,15:42:55,11,HANG,0:00:00,0:00:00,0,NO_SERVER
AA0202,48062,0,0,NW,990902,15:47:04,15:47:14,10,15:47:14,15:50:59,225,AGENT,15:50:58,16:02:57,719,STEREN
AA0202,48063,0,0,NW,990902,16:00:27,16:00:36,9,16:00:36,16:01:33,57,AGENT,16:01:32,16:04:48,196,BASCH
AA0202,48064,25219700,2,PS,990902,16:08:28,16:08:33,5,16:08:33,16:09:41,68,AGENT,16:09:40,16:15:34,354,VICKY
AA0202,48065,68509728,2,PS,990902,16:17:20,16:17:25,5,16:17:25,16:21:58,273,AGENT,16:21:57,16:22:51,54,BASCH
AA0202,48066,27445717,1,PS,990902,16:28:00,16:28:06,6,16:28:06,16:30:56,170,AGENT,16:30:56,16:34:24,208,VICKY
AA0202,48067,0,0,NW,990902,16:37:56,16:38:05,9,16:38:05,16:38:06,1,HANG,0:00:00,0:00:00,0,NO_SERVER
AA0202,48068,314404104,2,PS,990902,16:46:39,16:46:44,5,16:46:44,16:47:06,22,AGENT,16:47:05,16:51:42,277,ROTH
AA0202,48069,0,0,PS,990902,16:57:45,16:57:54,9,0:00:00,0:00:00,0,AGENT,16:57:53,17:01:08,195,YITZ
AA0202,48070,0,0,NE,990902,17:07:09,17:08:14,65,0:00:00,0:00:00,0,HANG,0:00:00,0:00:00,0,NO_SERVER
AA0202,48071,0,0,NW,990902,17:16:49,17:16:58,9,17:16:58,17:21:30,272,AGENT,17:21:29,17:25:32,243,BASCH
AA0202,48072,69498921,2,PS,990902,17:31:51,17:31:56,5,17:31:56,17:36:18,262,AGENT,17:36:17,17:37:43,86,AVI
AA0202,48073,0,0,PS,990902,17:44:54,17:45:07,13,0:00:00,0:00:00,0,AGENT,17:45:06,17:46:14,68,BASCH
AA0202,48074,0,0,NW,990902,17:58:27,17:58:36,9,17:58:36,17:59:25,49,AGENT,17:59:24,17:59:25,1,AVI
AA0202,48075,24896078,1,PS,990902,18:05:13,18:05:19,6,18:05:19,18:05:55,36,AGENT,18:05:54,18:14:23,509,VICKY
AA0202,48076,29603362,1,PS,990902,18:20:58,18:21:03,5,18:21:03,18:21:33,30,AGENT,18:21:32,18:28:44,432,MEIR
AA0202,48077,0,0,PS,990902,18:30:39,18:30:51,12,0:00:00,0:00:00,0,AGENT,18:30:50,18:31:41,51,AVI
AA0202,48078,0,0,NW,990902,18:44:32,18:44:42,10,18:44:42,18:47:37,175,AGENT,18:47:35,18:47:35,0,AVI
AA0202,48079,74387119,2,PS,990902,18:56:02,18:56:08,6,18:56:08,18:59:28,200,AGENT,18:59:28,19:00:45,77,MEIR
AA0202,48080,0,0,PS,990902,19:10:23,19:10:32,9,0:00:00,0:00:00,0,AGENT,19:10:32,19:11:27,55,YITZ
AA0202,48081,0,0,PS,990902,19:26:15,19:26:40,25,0:00:00,0:00:00,0,AGENT,19:26:40,19:26:43,3,NO_SERVER
AA0202,48082,0,0,PS,990902,19:39:28,19:39:39,11,0:00:00,0:00:00,0,AGENT,19:39:38,19:46:49,431,VICKY
AA0202,48083,0,0,PS,990902,19:52:00,19:52:11,11,0:00:00,0:00:00,0,AGENT,19:52:09,19:56:28,259,BASCH
AA0202,48084,0,0,PS,990902,20:09:13,20:09:22,9,0:00:00,0:00:00,0,AGENT,20:09:21,20:11:35,134,VICKY
AA0202,48085,24309866,2,PS,990902,20:29:53,20:29:58,5,20:29:58,20:30:07,9,AGENT,20:30:07,20:32:18,131,YITZ
AA0202,48086,58013798,2,PS,990902,20:45:06,20:45:12,6,20:45:12,20:45:36,24,AGENT,20:45:35,20:46:25,50,AVI
AA0202,48087,0,0,PS,990902,21:03:51,21:04:02,11,0:00:00,0:00:00,0,AGENT,21:04:02,21:06:21,139,AVI
AA0202,48088,0,0,PS,990902,21:30:49,21:31:03,14,0:00:00,0:00:00,0,AGENT,21:31:02,21:32:11,69,MEIR
AA0202,48089,0,0,PS,990902,21:57:14,21:57:22,8,0:00:00,0:00:00,0,AGENT,21:57:22,21:57:26,4,NO_SERVER
AA0202,48090,32370231,2,PS,990902,22:39:23,22:39:28,5,22:39:28,22:39:32,4,AGENT,22:39:31,22:42:46,195,AVI
AA0202,48091,0,0,PS,990902,23:04:01,23:04:15,14,0:00:00,0:00:00,0,AGENT,23:04:14,23:05:31,77,BASCH
AA0202,48092,27858059,2,PS,990902,23:25:45,23:25:50,5,23:25:50,23:26:39,49,AGENT,23:26:39,23:29:51,192,BASCH
AA0202,48093,0,0,PS,990903,0:00:42,0:01:46,64,0:00:00,0:00:00,0,HANG,0:00:00,0:00:00,0,NO_SERVER
AA0202,48094,0,0,NW,990903,5:58:00,5:58:29,29,0:00:00,0:00:00,0,HANG,0:00:00,0:00:00,0,NO_SERVER
AA0202,48095,0,0,PS,990903,7:04:18,7:05:26,68,0:00:00,0:00:00,0,HANG,0:00:00,0:00:00,0,NO_SERVER
AA0202,48096,0,0,PS,990903,7:39:44,7:39:54,10,0:00:00,0:00:00,0,AGENT,7:39:54,7:41:05,71,ELI
AA0202,48097,0,0,PS,990903,7:53:26,7:53:40,14,0:00:00,0:00:00,0,AGENT,7:53:38,7:54:16,38,BENSION
AA0202,48098,0,0,NW,990903,8:05:21,8:05:35,14,0:00:00,0:00:00,0,AGENT,8:05:34,8:07:18,104,BASCH
AA0202,48099,58704610,2,PS,990903,8:11:35,8:11:40,5,8:11:40,8:13:11,91,AGENT,8:13:10,8:14:29,79,BASCH
AA0202,48100,0,0,PS,990903,8:21:58,8:22:11,13,0:00:00,0:00:00,0,AGENT,8:22:10,8:30:36,506,ELI
AA0202,48101,0,0,NW,990903,8:38:27,8:38:41,14,0:00:00,0:00:00,0,AGENT,8:38:40,8:39:42,62,MORIAH
AA0202,48102,0,0,NW,990903,8:48:07,8:48:16,9,8:48:16,8:48:51,35,AGENT,8:48:50,8:49:22,32,BENSION
AA0202,48103,641902,1,PS,990903,8:55:56,8:56:02,6,8:56:02,8:56:07,5,AGENT,8:56:05,8:58:35,150,BENSION
AA0202,48104,19889088,1,PE,990903,9:05:51,9:05:55,4,9:05:55,9:06:11,16,AGENT,9:06:10,9:06:12,2,MORIAH
AA0202,48105,0,0,NW,990903,9:20:35,9:20:45,10,9:20:45,9:21:17,32,AGENT,9:21:16,9:28:01,405,BENSION
AA0202,48106,0,0,NW,990903,9:27:50,9:28:00,10,9:28:00,9:28:19,19,HANG,0:00:00,0:00:00,0,NO_SERVER
AA0202,48107,0,0,PS,990903,9:41:12,9:41:27,15,0:00:00,0:00:00,0,AGENT,9:41:26,9:42:44,78,BENSION
AA0202,48108,24512279,2,PS,990903,9:55:46,9:55:52,6,9:55:52,9:55:56,4,AGENT,9:55:55,9:57:43,108,MORIAH
AA0202,48109,32899270,1,PS,990903,10:04:04,10:04:10,6,10:04:10,10:04:41,31,AGENT,10:04:40,10:13:52,552,ELI
AA0202,48110,22603062,1,PS,990903,10:17:19,10:17:24,5,10:17:24,10:17:33,9,PHANTOM,10:17:32,10:18:11,39,NO_SERVER
AA0202,48111,0,0,NW,990903,10:30:47,10:30:59,12,0:00:00,0:00:00,0,AGENT,10:30:58,10:32:11,73,ROTH
AA0202,48112,0,0,NW,990903,10:36:27,10:36:36,9,10:36:36,10:40:38,242,AGENT,10:40:37,10:40:40,3,MORIAH
AA0202,48113,0,0,PS,990903,10:48:22,10:48:36,14,0:00:00,0:00:00,0,AGENT,10:48:35,10:56:07,452,ELI
AA0202,48114,0,0,PS,990903,11:02:46,11:02:55,9,0:00:00,0:00:00,0,AGENT,11:02:54,11:03:47,53,BENSION
AA0202,48115,22619027,2,PS,990903,11:18:05,11:18:10,5,11:18:10,11:18:13,3,AGENT,11:18:12,11:19:31,79,STEREN
AA0202,48116,0,0,PS,990903,11:30:20,11:30:29,9,0:00:00,0:00:00,0,AGENT,11:30:28,11:34:25,237,ROTH
AA0202,48117,0,0,PS,990903,11:49:28,11:49:37,9,0:00:00,0:00:00,0,AGENT,11:49:36,11:51:31,115,STEREN
AA0202,48118,0,0,NW,990903,12:06:45,12:07:03,18,0:00:00,0:00:00,0,AGENT,12:07:01,12:07:52,51,BENSION
AA0202,48119,0,0,NW,990903,12:14:14,12:14:19,5,0:00:00,0:00:00,0,HANG,0:00:00,0:00:00,0,NO_SERVER
AA0202,48120,0,0,NW,990903,12:28:56,12:29:05,9,12:29:05,12:29:54,49,HANG,0:00:00,0:00:00,0,NO_SERVER
AA0202,48121,0,0,NW,990903,12:51:03,12:51:07,4,0:00:00,0:00:00,0,HANG,0:00:00,0:00:00,0,NO_SERVER
AA0202,48122,0,0,NW,990903,13:06:31,13:06:45,14,0:00:00,0:00:00,0,AGENT,13:06:44,13:08:30,106,MORIAH
AA0202,48123,0,0,PS,990903,13:30:28,13:30:40,12,0:00:00,0:00:00,0,AGENT,13:30:40,13:35:06,266,MORIAH
AA0202,48124,0,0,NW,990903,14:05:59,14:07:02,63,0:00:00,0:00:00,0,HANG,0:00:00,0:00:00,0,NO_SERVER
AA0202,48125,0,0,NW,990903,14:36:57,14:37:07,10,0:00:00,0:00:00,0,HANG,0:00:00,0:00:00,0,NO_SERVER
AA0202,48126,0,0,NW,990903,15:30:35,15:30:50,15,0:00:00,0:00:00,0,HANG,0:00:00,0:00:00,0,NO_SERVER
AA0202,48127,0,0,NW,990903,16:54:48,16:55:50,62,0:00:00,0:00:00,0,HANG,0:00:00,0:00:00,0,NO_SERVER
AA0202,48128,0,0,PS,990903,22:56:36,22:57:07,31,0:00:00,0:00:00,0,HANG,0:00:00,0:00:00,0,NO_SERVER
AA0202,48129,0,0,PS,990904,18:54:04,18:54:37,33,0:00:00,0:00:00,0,HANG,0:00:00,0:00:00,0,NO_SERVER
AA0202,48130,0,0,PS,990904,19:52:42,19:52:53,11,0:00:00,0:00:00,0,HANG,0:00:00,0:00:00,0,NO_SERVER
AA0202,48131,0,0,NW,990904,20:13:14,20:13:24,10,20:13:24,20:15:16,112,AGENT,20:15:15,20:15:48,33,BASCH
AA0202,48132,27931559,1,PS,990904,20:29:24,20:29:30,6,20:29:30,20:32:11,161,AGENT,20:32:11,20:33:33,82,SHARON
AA0202,48133,0,0,NW,990904,20:44:52,20:45:12,20,0:00:00,0:00:00,0,AGENT,20:45:11,20:48:27,196,BASCH
AA0202,48134,0,0,NW,990904,21:02:22,21:02:32,10,21:02:32,21:05:13,161,AGENT,21:05:12,21:06:00,48,MORIAH
AA0202,48135,0,0,PS,990904,21:38:51,21:38:59,8,0:00:00,0:00:00,0,AGENT,21:38:59,21:43:19,260,MORIAH
AA0202,48136,0,0,PS,990904,22:06:10,22:06:20,10,0:00:00,0:00:00,0,AGENT,22:06:19,22:08:32,133,MORIAH
AA0202,48137,0,0,PS,990904,22:37:12,22:37:23,11,0:00:00,0:00:00,0,AGENT,22:37:22,22:37:58,36,SHARON
AA0202,48138,0,0,PS,990904,23:09:56,23:10:10,14,0:00:00,0:00:00,0,AGENT,23:10:10,23:11:22,72,BASCH
AA0202,48139,0,0,NW,990905,0:25:15,0:25:52,37,0:00:00,0:00:00,0,HANG,0:00:00,0:00:00,0,NO_SERVER
AA0202,48140,0,0,PS,990905,6:44:02,6:44:12,10,0:00:00,0:00:00,0,HANG,0:00:00,0:00:00,0,NO_SERVER
AA0202,48141,27193382,1,PS,990905,7:19:04,7:19:09,5,7:19:09,7:19:29,20,AGENT,7:19:29,7:27:54,505,DORIT
AA0202,48142,0,0,PS,990905,7:39:51,7:40:00,9,0:00:00,0:00:00,0,AGENT,7:39:59,7:41:08,69,ANAT
AA0202,48143,0,0,PS,990905,8:02:55,8:03:05,10,0:00:00,0:00:00,0,AGENT,8:03:04,8:04:42,98,NAAMA
AA0202,48144,28976884,1,PS,990905,8:18:30,8:18:35,5,8:18:35,8:19:26,51,AGENT,8:19:25,8:20:13,48,AVI
AA0202,48145,0,0,PS,990905,8:29:07,8:29:16,9,0:00:00,0:00:00,0,AGENT,8:29:15,8:30:00,45,NAAMA
AA0202,48146,0,0,PS,990905,8:47:32,8:47:41,9,0:00:00,0:00:00,0,AGENT,8:47:40,8:49:26,106,AVI
AA0202,48147,0,0,NW,990905,8:56:07,8:56:17,10,8:56:17,8:57:43,86,AGENT,8:57:43,8:58:03,20,AVI
AA0202,48148,11757200,1,PS,990905,9:12:38,9:12:44,6,9:12:44,9:13:09,25,AGENT,9:13:07,9:15:06,119,NAAMA
AA0202,48149,0,0,PS,990905,9:19:47,9:19:56,9,0:00:00,0:00:00,0,AGENT,9:19:56,9:24:03,247,STEREN
AA0202,48150,0,0,NW,990905,9:28:54,9:29:04,10,9:29:04,9:30:01,57,AGENT,9:30:00,9:32:18,138,ROTH
AA0202,48151,28110013,1,PS,990905,9:38:10,9:38:16,6,9:38:16,9:38:39,23,HANG,0:00:00,0:00:00,0,NO_SERVER
AA0202,48152,30442495,2,PS,990905,9:48:30,9:48:36,6,9:48:36,9:48:59,23,AGENT,9:48:58,10:16:58,1680,DORIT
AA0202,48153,0,0,NW,990905,9:55:15,9:55:24,9,9:55:24,9:58:07,163,AGENT,9:58:06,9:59:26,80,AVI
AA0202,48154,0,0,NE,990905,10:05:37,10:05:47,10,0:00:00,0:00:00,0,AGENT,10:05:46,10:10:11,265,ELI
AA0202,48155,58704610,2,PS,990905,10:12:31,10:12:37,6,10:12:37,10:13:22,45,HANG,0:00:00,0:00:00,0,NO_SERVER
AA0202,48156,55921597,1,NE,990905,10:19:55,10:20:00,5,10:20:00,10:20:44,44,AGENT,10:20:43,10:21:56,73,ANAT
AA0202,48157,1574243,2,NE,990905,10:26:38,10:26:43,5,10:26:43,10:30:04,201,AGENT,10:30:03,10:31:13,70,STEREN
AA0202,48158,58706086,2,PS,990905,10:35:05,10:35:10,5,10:35:10,10:36:37,87,AGENT,10:36:36,10:45:16,520,STEREN
AA0202,48159,10858884,2,NE,990905,10:40:49,10:40:54,5,10:40:54,10:45:03,249,HANG,0:00:00,0:00:00,0,NO_SERVER
AA0202,48160,59197178,2,PS,990905,10:47:55,10:48:01,6,10:48:01,10:50:27,146,AGENT,10:50:26,10:52:25,119,ANAT
AA0202,48161,0,0,PS,990905,10:53:16,10:53:37,21,0:00:00,0:00:00,0,HANG,0:00:00,0:00:00,0,NO_SERVER
AA0202,48162,28835130,2,PS,990905,10:58:30,10:58:36,6,10:58:36,11:01:03,147,AGENT,11:01:03,11:02:49,106,STEREN
AA0202,48163,37335676,1,PS,990905,11:04:57,11:05:02,5,11:05:02,11:11:01,359,AGENT,11:11:00,11:12:30,90,NAAMA
AA0202,48164,17458118,1,PS,990905,11:15:46,11:15:51,5,11:15:51,11:16:04,13,HANG,0:00:00,0:00:00,0,NO_SERVER
AA0202,48165,28131324,2,PS,990905,11:24:08,11:24:14,6,11:24:14,11:26:14,120,AGENT,11:26:12,11:27:04,52,AVI
AA0202,48166,55539530,2,PS,990905,11:33:08,11:33:13,5,11:33:13,11:33:24,11,AGENT,11:33:23,11:38:04,281,NAAMA
AA0202,48167,0,0,NW,990905,11:40:45,11:40:54,9,11:40:54,11:41:19,25,HANG,0:00:00,0:00:00,0,NO_SERVER
AA0202,48168,0,0,PS,990905,11:52:38,11:52:49,11,0:00:00,0:00:00,0,AGENT,11:52:48,11:53:56,68,ANAT
AA0202,48169,0,0,PS,990905,12:01:02,12:01:12,10,0:00:00,0:00:00,0,AGENT,12:01:11,12:20:15,1144,ZOHARI
AA0202,48170,0,0,PS,990905,12:08:51,12:09:01,10,0:00:00,0:00:00,0,AGENT,12:09:00,12:19:00,600,ROTH
AA0202,48171,0,0,PS,990905,12:21:42,12:21:53,11,0:00:00,0:00:00,0,AGENT,12:21:53,12:25:44,231,ROTH
AA0202,48172,57460131,2,PS,990905,12:32:36,12:32:42,6,12:32:42,12:32:46,4,AGENT,12:32:45,12:32:52,7,ANAT
AA0202,48173,0,0,PS,990905,12:40:25,12:40:34,9,0:00:00,0:00:00,0,AGENT,12:40:33,12:42:34,121,AVI
AA0202,48174,8258329,2,NE,990905,12:50:54,12:50:59,5,12:50:59,12:51:41,42,AGENT,12:51:40,13:05:04,804,ZOHARI
AA0202,48175,24265456,2,PS,990905,13:03:42,13:03:47,5,13:03:47,13:04:52,65,AGENT,13:04:52,13:13:38,526,ROTH
AA0202,48176,400424,2,PS,990905,13:12:27,13:12:32,5,13:12:32,13:13:43,71,AGENT,13:13:42,13:14:58,76,ROTH
AA0202,48177,0,0,PS,990905,13:21:36,13:21:45,9,0:00:00,0:00:00,0,AGENT,13:21:45,13:23:17,92,TOVA
AA0202,48178,1426659,2,NE,990905,13:30:39,13:30:45,6,13:30:45,13:31:02,17,HANG,0:00:00,0:00:00,0,NO_SERVER
AA0202,48179,0,0,PS,990905,13:49:40,13:49:50,10,0:00:00,0:00:00,0,AGENT,13:49:49,13:51:05,76,ROTH
AA0202,48180,55920755,2,PS,990905,13:56:27,13:56:33,6,13:56:33,13:56:39,6,AGENT,13:56:38,13:56:39,1,AVI
AA0202,48181,23674955,1,PS,990905,14:06:21,14:06:27,6,14:06:27,14:08:16,109,AGENT,14:08:16,14:08:19,3,MORIAH
AA0202,48182,313656142,1,PS,990905,14:19:17,14:19:23,6,14:19:23,14:21:49,146,AGENT,14:21:48,14:32:29,641,STEREN
AA0202,48183,14991483,2,PS,990905,14:27:26,14:27:33,7,14:27:33,14:32:36,303,AGENT,14:32:35,14:37:22,287,STEREN
AA0202,48184,0,0,NW,990905,14:40:42,14:40:55,13,0:00:00,0:00:00,0,AGENT,14:40:54,14:42:55,121,AVI
AA0202,48185,24461550,2,PS,990905,14:50:27,14:50:32,5,14:50:32,14:52:52,140,AGENT,14:52:51,14:54:01,70,STEREN
AA0202,48186,70397559,2,NE,990905,14:58:19,14:58:24,5,14:58:24,15:01:28,184,AGENT,15:01:27,15:04:00,153,ZOHARI
AA0202,48187,0,0,NW,990905,15:08:21,15:08:30,9,15:08:30,15:09:50,80,HANG,0:00:00,0:00:00,0,NO_SERVER
AA0202,48188,23672215,2,PS,990905,15:18:27,15:18:32,5,15:18:32,15:19:46,74,AGENT,15:19:45,15:20:48,63,BASCH
AA0202,48189,33506544,1,PS,990905,15:26:32,15:26:37,5,15:26:37,15:27:38,61,AGENT,15:27:38,15:30:30,172,TOVA
AA0202,48190,71520779,1,PS,990905,15:35:36,15:35:42,6,15:35:42,15:36:27,45,AGENT,15:36:26,15:38:13,107,TOVA
AA0202,48191,1043249,2,PS,990905,15:41:43,15:41:48,5,15:41:48,15:44:10,142,AGENT,15:44:09,15:45:34,85,MORIAH
AA0202,48192,52867744,2,NE,990905,15:49:48,15:49:54,6,15:49:54,15:50:41,47,AGENT,15:50:39,15:56:01,322,TOVA
AA0202,48193,0,0,NW,990905,15:55:31,15:55:41,10,15:55:41,16:00:06,265,HANG,0:00:00,0:00:00,0,NO_SERVER
AA0202,48194,28481158,2,PS,990905,16:04:00,16:04:06,6,16:04:06,16:09:36,330,AGENT,16:09:35,16:16:41,426,MORIAH
AA0202,48195,10473262,2,PS,990905,16:12:32,16:12:37,5,16:12:37,16:12:53,16,HANG,0:00:00,0:00:00,0,NO_SERVER
AA0202,48196,28937068,1,PS,990905,16:15:02,16:15:07,5,16:15:07,16:16:13,66,AGENT,16:16:13,16:16:55,42,VICKY
AA0202,48197,0,0,NW,990905,16:21:48,16:21:57,9,16:21:57,16:23:01,64,HANG,0:00:00,0:00:00,0,NO_SERVER
AA0202,48198,12482634,2,NE,990905,16:28:46,16:28:51,5,16:28:51,16:29:19,28,AGENT,16:29:17,16:30:25,68,BASCH
AA0202,48199,58706086,2,PS,990905,16:37:44,16:37:50,6,16:37:50,16:38:07,17,AGENT,16:38:05,16:41:34,209,TOVA
AA0202,48200,0,0,NW,990905,16:43:15,16:43:25,10,16:43:25,16:44:12,47,AGENT,16:44:11,16:44:30,19,MORIAH
AA0202,48201,5850011,2,PS,990905,16:52:34,16:52:39,5,16:52:39,16:54:49,130,AGENT,16:54:48,16:54:51,3,MORIAH
AA0202,48202,0,0,PS,990905,17:02:55,17:03:05,10,0:00:00,0:00:00,0,AGENT,17:03:04,17:04:40,96,BASCH
AA0202,48203,0,0,PS,990905,17:15:15,17:15:31,16,0:00:00,0:00:00,0,AGENT,17:15:30,17:21:37,367,VICKY
AA0202,48204,51002343,2,PS,990905,17:27:29,17:27:34,5,17:27:34,17:28:20,46,AGENT,17:28:20,17:31:09,169,BASCH
AA0202,48205,0,0,NW,990905,17:38:14,17:38:24,10,17:38:24,17:38:43,19,AGENT,17:38:43,17:38:59,16,VICKY
AA0202,48206,25192089,1,PS,990905,17:48:49,17:48:55,6,17:48:55,17:49:48,53,HANG,0:00:00,0:00:00,0,NO_SERVER
AA0202,48207,28531465,1,PS,990905,18:08:20,18:08:26,6,18:08:26,18:09:21,55,AGENT,18:09:20,18:12:54,214,TOVA
AA0202,48208,25642596,2,PS,990905,18:37:51,18:37:57,6,18:37:57,18:38:29,32,AGENT,18:38:28,18:41:19,171,MORIAH
AA0202,48209,54134291,2,PS,990905,18:55:00,18:55:06,6,18:55:06,18:56:46,100,AGENT,18:56:46,18:58:23,97,BASCH
AA0202,48210,0,0,PS,990905,19:16:05,19:16:11,6,0:00:00,0:00:00,0,HANG,0:00:00,0:00:00,0,NO_SERVER
AA0202,48211,29369808,2,PS,990905,19:35:20,19:35:26,6,19:35:26,19:36:17,51,AGENT,19:36:15,19:38:18,123,MORIAH
AA0202,48212,56071020,1,PS,990905,19:55:47,19:55:52,5,19:55:52,19:56:12,20,AGENT,19:56:12,19:58:16,124,VICKY
AA0202,48213,0,0,PS,990905,20:06:29,20:06:38,9,0:00:00,0:00:00,0,AGENT,20:06:37,20:13:38,421,VICKY
AA0202,48214,0,0,PS,990905,20:29:31,20:29:40,9,0:00:00,0:00:00,0,AGENT,20:29:40,20:34:47,307,TOVA
AA0202,48215,0,0,PS,990905,21:01:30,21:01:53,23,0:00:00,0:00:00,0,AGENT,21:01:40,21:03:57,137,BASCH
AA0202,48216,0,0,PS,990905,21:35:24,21:35:36,12,0:00:00,0:00:00,0,AGENT,21:35:35,21:40:20,285,BASCH
AA0202,48217,24916397,1,PS,990905,21:46:40,21:46:45,5,21:46:45,21:47:03,18,HANG,0:00:00,0:00:00,0,NO_SERVER
AA0202,48218,0,0,NW,990905,21:57:43,21:57:52,9,21:57:52,21:58:43,51,AGENT,21:58:42,22:01:32,170,BENSION
AA0202,48219,0,0,PS,990905,22:20:59,22:21:11,12,0:00:00,0:00:00,0,AGENT,22:21:10,22:23:32,142,BENSION
AA0202,48220,32329906,1,PS,990905,22:53:22,22:53:27,5,22:53:27,22:53:53,26,AGENT,22:53:52,22:59:14,322,PINHAS
AA0202,48221,29614294,1,PS,990905,23:24:27,23:24:33,6,23:24:33,23:25:45,72,PHANTOM,23:25:45,23:25:48,3,NO_SERVER
AA0202,48222,0,0,NW,990906,6:11:37,6:12:14,37,0:00:00,0:00:00,0,HANG,0:00:00,0:00:00,0,NO_SERVER
AA0202,48223,0,0,PS,990906,7:16:59,7:17:09,10,0:00:00,0:00:00,0,AGENT,7:17:08,7:18:08,60,BASCH
AA0202,48224,0,0,PS,990906,7:40:28,7:40:40,12,0:00:00,0:00:00,0,AGENT,7:40:40,7:43:19,159,TOVA
AA0202,48225,0,0,PS,990906,7:58:35,7:58:44,9,0:00:00,0:00:00,0,AGENT,7:58:42,7:59:33,51,MORIAH
AA0202,48226,0,0,PS,990906,8:14:51,8:15:00,9,0:00:00,0:00:00,0,AGENT,8:14:59,8:15:47,48,DORIT
AA0202,48227,0,0,NW,990906,8:29:06,8:29:23,17,0:00:00,0:00:00,0,AGENT,8:29:22,8:31:14,112,SHARON
AA0202,48228,0,0,NW,990906,8:44:35,8:44:48,13,0:00:00,0:00:00,0,AGENT,8:44:47,8:45:33,46,SHARON
AA0202,48229,0,0,NW,990906,8:54:02,8:54:12,10,8:54:12,8:54:16,4,HANG,0:00:00,0:00:00,0,NO_SERVER
AA0202,48230,7191646,2,NE,990906,9:03:58,9:04:04,6,9:04:04,9:04:32,28,AGENT,9:04:31,9:09:19,288,TOVA
AA0202,48231,0,0,PS,990906,9:14:28,9:14:42,14,0:00:00,0:00:00,0,AGENT,9:14:40,9:16:42,122,BASCH
AA0202,48232,0,0,NW,990906,9:21:11,9:21:21,10,9:21:21,9:22:06,45,AGENT,9:22:06,9:26:22,256,SHARON
AA0202,48233,0,0,PS,990906,9:28:19,9:28:30,11,0:00:00,0:00:00,0,AGENT,9:28:29,9:36:38,489,TOVA
AA0202,48234,0,0,NW,990906,9:36:15,9:36:25,10,9:36:25,9:41:27,302,AGENT,9:41:26,9:43:06,100,SHARON
AA0202,48235,23530603,2,PS,990906,9:49:42,9:49:48,6,9:49:48,9:50:48,60,HANG,0:00:00,0:00:00,0,NO_SERVER
AA0202,48236,7191646,2,NE,990906,9:56:40,9:56:45,5,9:56:45,9:57:56,71,AGENT,9:57:54,10:28:42,1848,ZOHARI
AA0202,48238,0,0,PS,990906,10:04:50,10:04:50,0,0:00:00,0:00:00,0,HANG,0:00:00,0:00:00,0,NO_SERVER
AA0202,48239,67621961,2,NE,990906,10:09:45,10:09:50,5,10:09:50,10:12:10,140,PHANTOM,10:12:09,10:12:12,3,NO_SERVER
AA0202,48240,3968047,2,PS,990906,10:16:23,10:16:29,6,10:16:29,10:19:01,152,AGENT,10:19:01,10:21:16,135,SHARON
AA0202,48241,54665682,2,PS,990906,10:24:03,10:24:09,6,10:24:09,10:26:30,141,AGENT,10:26:29,10:28:40,131,ROTH
AA0202,48242,0,0,PS,990906,10:34:50,10:35:09,19,0:00:00,0:00:00,0,AGENT,10:35:08,10:36:34,86,ZOHARI
AA0202,48243,65429474,2,PS,990906,10:43:02,10:43:08,6,10:43:08,10:44:28,80,AGENT,10:44:28,10:45:29,61,MORIAH
AA0202,48244,0,0,NW,990906,10:52:35,10:52:45,10,10:52:45,10:52:48,3,HANG,0:00:00,0:00:00,0,NO_SERVER
AA0202,48245,317209633,1,PS,990906,11:01:18,11:01:24,6,11:01:24,11:02:44,80,AGENT,11:02:44,11:02:54,10,MORIAH
AA0202,48246,0,0,NW,990906,11:13:05,11:13:14,9,11:13:14,11:15:10,116,AGENT,11:15:09,11:15:41,32,SHARON
AA0202,48247,0,0,PS,990906,11:27:27,11:27:40,13,0:00:00,0:00:00,0,AGENT,11:27:39,11:29:44,125,YIFAT
AA0202,48248,0,0,NE,990906,11:37:01,11:37:11,10,0:00:00,0:00:00,0,AGENT,11:37:10,11:37:58,48,ZOHARI
AA0202,48249,58029430,1,PS,990906,11:43:00,11:43:05,5,11:43:05,11:43:49,44,AGENT,11:43:48,11:43:56,8,ROTH
AA0202,48250,0,0,PS,990906,11:54:09,11:54:20,11,0:00:00,0:00:00,0,AGENT,11:54:19,11:54:24,5,NO_SERVER
AA0202,48251,28461895,1,PS,990906,12:03:50,12:03:55,5,12:03:55,12:06:38,163,AGENT,12:06:37,12:08:20,103,DORIT
AA0202,48252,0,0,PS,990906,12:19:45,12:19:53,8,0:00:00,0:00:00,0,AGENT,12:19:53,12:21:11,78,BASCH
AA0202,48253,0,0,PS,990906,12:32:53,12:33:04,11,0:00:00,0:00:00,0,AGENT,12:33:03,12:34:58,115,YITZ
AA0202,48254,0,0,PS,990906,12:49:44,12:49:55,11,0:00:00,0:00:00,0,AGENT,12:49:54,12:53:22,208,SHARON
AA0202,48255,0,0,PS,990906,13:05:10,13:05:25,15,0:00:00,0:00:00,0,AGENT,13:05:25,13:07:32,127,MORIAH
AA0202,48256,0,0,NW,990906,13:17:27,13:17:44,17,0:00:00,0:00:00,0,AGENT,13:17:43,13:20:31,168,SHARON
AA0202,48257,0,0,PS,990906,13:35:07,13:35:20,13,0:00:00,0:00:00,0,AGENT,13:35:18,13:57:21,1323,MORIAH
AA0202,48258,0,0,NW,990906,13:49:15,13:49:29,14,0:00:00,0:00:00,0,AGENT,13:49:28,13:52:30,182,SHARON
AA0202,48259,0,0,PS,990906,13:59:57,14:00:06,9,0:00:00,0:00:00,0,AGENT,14:00:06,14:01:22,76,MORIAH
AA0202,48260,0,0,NW,990906,14:11:01,14:11:10,9,14:11:10,14:11:23,13,AGENT,14:11:21,14:12:18,57,MORIAH
AA0202,48261,0,0,NW,990906,14:26:48,14:26:58,10,14:26:58,14:27:11,13,AGENT,14:27:09,14:28:19,70,MORIAH
AA0202,48262,0,0,NE,990906,14:38:06,14:38:15,9,0:00:00,0:00:00,0,AGENT,14:38:14,14:40:06,112,SHARON
AA0202,48263,59192617,1,PS,990906,14:44:47,14:44:53,6,14:44:53,14:45:09,16,AGENT,14:45:08,14:46:18,70,MORIAH
AA0202,48264,0,0,PS,990906,14:58:49,14:59:00,11,0:00:00,0:00:00,0,AGENT,14:58:59,14:59:55,56,SHARON
AA0202,48265,0,0,PS,990906,15:13:28,15:13:40,12,0:00:00,0:00:00,0,AGENT,15:13:40,15:21:04,444,ZOHARI
AA0202,48266,10858884,2,NE,990906,15:25:29,15:25:35,6,15:25:35,15:26:32,57,AGENT,15:26:32,15:28:48,136,ELI
AA0202,48267,74450255,1,PS,990906,15:36:40,15:36:45,5,15:36:45,15:38:42,117,AGENT,15:38:40,15:44:07,327,STEREN
AA0202,48268,0,0,PS,990906,15:50:37,15:50:46,9,0:00:00,0:00:00,0,AGENT,15:50:45,15:52:29,104,ZOHARI
AA0202,48269,23817067,2,PS,990906,16:03:59,16:04:05,6,16:04:05,16:04:48,43,AGENT,16:04:47,16:06:49,122,STEREN
AA0202,48270,24859316,2,PS,990906,16:18:51,16:18:56,5,16:18:56,16:19:49,53,AGENT,16:19:49,16:28:30,521,STEREN
AA0202,48271,0,0,PS,990906,16:33:40,16:33:48,8,0:00:00,0:00:00,0,AGENT,16:33:47,16:37:34,227,VICKY
AA0202,48272,0,0,PS,990906,16:52:29,16:52:38,9,0:00:00,0:00:00,0,AGENT,16:52:37,16:54:50,133,STEREN
AA0202,48273,38251815,2,PS,990906,17:10:41,17:10:47,6,17:10:47,17:11:29,42,HANG,0:00:00,0:00:00,0,NO_SERVER
AA0202,48274,54539366,1,PS,990906,17:25:34,17:25:41,7,17:25:41,17:27:55,134,AGENT,17:27:53,17:31:42,229,GELBER
AA0202,48275,0,0,PS,990906,17:52:00,17:52:11,11,0:00:00,0:00:00,0,AGENT,17:52:10,17:57:45,335,VICKY
AA0202,48276,0,0,PS,990906,18:20:41,18:20:59,18,0:00:00,0:00:00,0,AGENT,18:20:59,18:22:59,120,ANAT
AA0202,48277,59598060,1,PS,990906,18:33:54,18:33:59,5,18:33:59,18:35:49,110,AGENT,18:35:49,18:39:41,232,ANAT
AA0202,48278,0,0,PS,990906,19:02:03,19:02:13,10,0:00:00,0:00:00,0,AGENT,19:02:12,19:06:33,261,VICKY
AA0202,48279,0,0,NE,990906,19:26:01,19:26:14,13,0:00:00,0:00:00,0,AGENT,19:26:13,19:27:03,50,VICKY
AA0202,48280,0,0,PS,990906,19:55:07,19:55:18,11,0:00:00,0:00:00,0,AGENT,19:55:17,19:57:43,146,STEREN
AA0202,48281,0,0,NE,990906,20:28:37,20:28:47,10,0:00:00,0:00:00,0,AGENT,20:28:46,20:30:08,82,ANAT
AA0202,48282,60006053,1,PS,990906,20:47:17,20:47:23,6,20:47:23,20:49:40,137,AGENT,20:49:39,20:50:37,58,ANAT
AA0202,48283,13337936,2,PS,990906,21:08:39,21:08:44,5,21:08:44,21:09:14,30,AGENT,21:09:13,21:12:07,174,STEREN
AA0202,48284,57253494,1,PS,990906,21:34:51,21:34:57,6,21:34:57,21:36:15,78,AGENT,21:36:14,21:38:58,164,STEREN
AA0202,48285,27965326,2,PS,990906,21:58:35,21:58:41,6,21:58:41,21:59:19,38,AGENT,21:59:18,22:02:30,192,GILI
AA0202,48286,0,0,PS,990906,22:26:24,22:26:33,9,0:00:00,0:00:00,0,AGENT,22:26:32,22:28:18,106,GILI
AA0202,48287,24354854,1,PS,990906,23:16:58,23:17:04,6,23:17:04,23:18:22,78,PHANTOM,23:18:22,23:18:25,3,NO_SERVER
AA0202,48288,0,0,PS,990907,0:24:30,0:24:46,16,0:00:00,0:00:00,0,HANG,0:00:00,0:00:00,0,NO_SERVER
AA0202,48289,0,0,PS,990907,7:32:10,7:32:21,11,0:00:00,0:00:00,0,AGENT,7:32:20,7:34:47,147,AVI
AA0202,48290,0,0,PS,990907,8:00:18,8:00:28,10,0:00:00,0:00:00,0,AGENT,8:00:27,8:01:17,50,AVI
AA0202,48291,0,0,NW,990907,8:25:26,8:25:35,9,8:25:35,8:26:50,75,AGENT,8:26:49,8:27:03,14,AVI
AA0202,48292,0,0,PS,990907,8:40:55,8:41:06,11,0:00:00,0:00:00,0,AGENT,8:41:05,8:41:05,0,AVI
AA0202,48293,65502437,2,PS,990907,8:52:22,8:52:28,6,8:52:28,8:52:32,4,AGENT,8:52:31,8:55:33,182,TOVA
AA0202,48294,32334518,1,PS,990907,9:00:01,9:00:07,6,9:00:07,9:00:48,41,AGENT,9:00:48,9:02:15,87,AVI
AA0202,48295,0,0,NW,990907,9:12:10,9:12:20,10,9:12:20,9:12:55,35,AGENT,9:12:54,9:13:41,47,AVI
AA0202,48296,0,0,NW,990907,9:28:17,9:28:22,5,0:00:00,0:00:00,0,HANG,0:00:00,0:00:00,0,NO_SERVER
AA0202,48297,58894601,2,PS,990907,9:35:45,9:35:51,6,9:35:51,9:36:21,30,HANG,0:00:00,0:00:00,0,NO_SERVER
AA0202,48298,57074585,2,PS,990907,9:53:07,9:53:13,6,9:53:13,9:55:30,137,AGENT,9:55:29,9:55:30,1,AVI
AA0202,48299,0,0,PS,990907,10:06:24,10:06:33,9,0:00:00,0:00:00,0,AGENT,10:06:32,10:08:04,92,ROTH
AA0202,48300,0,0,NW,990907,10:17:15,10:17:24,9,10:17:24,10:19:33,129,HANG,0:00:00,0:00:00,0,NO_SERVER
AA0202,48301,0,0,PS,990907,10:28:16,10:28:24,8,0:00:00,0:00:00,0,AGENT,10:28:24,10:29:48,84,MORIAH
AA0202,48302,68319755,2,PS,990907,10:42:23,10:42:29,6,10:42:29,10:43:19,50,AGENT,10:43:17,10:43:20,3,MORIAH
AA0202,48303,10858884,2,NE,990907,10:53:13,10:53:18,5,10:53:18,10:54:02,44,AGENT,10:54:02,11:09:35,933,ELI
AA0202,48304,57141632,1,PS,990907,11:05:25,11:05:31,6,11:05:31,11:07:08,97,AGENT,11:07:08,11:07:12,4,MORIAH
AA0202,48305,51578045,1,PS,990907,11:17:58,11:18:04,6,11:18:04,11:18:59,55,AGENT,11:18:58,11:20:21,83,ROTH
AA0202,48306,55539530,2,PS,990907,11:29:53,11:29:59,6,11:29:59,11:31:08,69,HANG,0:00:00,0:00:00,0,NO_SERVER
AA0202,48307,9682923,2,PS,990907,11:40:23,11:40:28,5,11:40:28,11:42:45,137,AGENT,11:42:45,11:42:46,1,MORIAH
AA0202,48308,0,0,NW,990907,11:50:35,11:50:45,10,11:50:45,11:50:54,9,HANG,0:00:00,0:00:00,0,NO_SERVER
AA0202,48309,3968047,2,PS,990907,11:58:27,11:58:33,6,11:58:33,11:58:43,10,HANG,0:00:00,0:00:00,0,NO_SERVER
AA0202,48311,0,0,PS,990907,12:09:03,12:09:03,0,0:00:00,0:00:00,0,HANG,0:00:00,0:00:00,0,NO_SERVER
AA0202,48312,0,0,NE,990907,12:25:01,12:25:12,11,0:00:00,0:00:00,0,AGENT,12:25:11,12:25:14,3,MORIAH
AA0202,48313,0,0,PS,990907,12:36:16,12:36:27,11,0:00:00,0:00:00,0,AGENT,12:36:26,12:36:35,9,MORIAH
AA0202,48314,0,0,NE,990907,12:52:10,12:52:20,10,0:00:00,0:00:00,0,AGENT,12:52:19,12:53:28,69,TOVA
AA0202,48315,28996213,1,PS,990907,13:10:43,13:10:49,6,13:10:49,13:10:58,9,AGENT,13:10:57,13:26:29,932,AVI
AA0202,48316,32329906,1,PS,990907,13:22:02,13:22:08,6,13:22:08,13:24:00,112,AGENT,13:23:59,13:25:29,90,TOVA
AA0202,48317,0,0,PS,990907,13:41:55,13:42:04,9,0:00:00,0:00:00,0,AGENT,13:42:03,13:46:13,250,TOVA
AA0202,48318,0,0,PS,990907,14:00:58,14:01:07,9,0:00:00,0:00:00,0,AGENT,14:01:06,14:03:05,119,ROTH
AA0202,48319,0,0,PS,990907,14:14:05,14:14:15,10,0:00:00,0:00:00,0,AGENT,14:14:14,14:17:30,196,ROTH
AA0202,48320,0,0,NE,990907,14:30:08,14:30:17,9,0:00:00,0:00:00,0,AGENT,14:30:16,14:35:08,292,VICKY
AA0202,48321,63193346,2,PS,990907,14:38:33,14:38:38,5,14:38:38,14:40:30,112,AGENT,14:40:29,14:43:05,156,ROTH
AA0202,48322,0,0,NW,990907,14:49:56,14:50:05,9,14:50:05,14:53:35,210,AGENT,14:53:33,14:54:46,73,STEREN
AA0202,48323,23721897,1,PS,990907,15:05:50,15:05:56,6,15:05:56,15:07:23,87,AGENT,15:07:21,15:09:13,112,DORIT
AA0202,48324,0,0,PS,990907,15:17:22,15:17:32,10,0:00:00,0:00:00,0,AGENT,15:17:31,15:29:02,691,ZOHARI
AA0202,48325,0,0,NW,990907,15:28:52,15:28:57,5,0:00:00,0:00:00,0,HANG,0:00:00,0:00:00,0,NO_SERVER
AA0202,48326,0,0,PS,990907,15:35:49,15:36:04,15,0:00:00,0:00:00,0,AGENT,15:36:04,15:36:11,7,VICKY
AA0202,48327,0,0,NW,990907,15:47:32,15:47:42,10,15:47:42,15:47:49,7,AGENT,15:47:48,15:51:42,234,ROTH
AA0202,48328,0,0,PS,990907,16:01:34,16:01:43,9,0:00:00,0:00:00,0,AGENT,16:01:43,16:05:50,247,ZOHARI
AA0202,48329,0,0,PS,990907,16:11:13,16:11:22,9,0:00:00,0:00:00,0,AGENT,16:11:22,16:13:54,152,STEREN
AA0202,48330,0,0,NW,990907,16:24:56,16:25:06,10,16:25:06,16:25:54,48,HANG,0:00:00,0:00:00,0,NO_SERVER
AA0202,48331,0,0,NW,990907,16:35:57,16:36:06,9,16:36:06,16:36:24,18,AGENT,16:36:23,16:36:59,36,STEREN
AA0202,48332,0,0,NW,990907,16:48:58,16:49:08,10,16:49:08,16:50:34,86,AGENT,16:50:33,16:51:53,80,VICKY
AA0202,48333,0,0,NW,990907,16:58:30,16:58:45,15,0:00:00,0:00:00,0,AGENT,16:58:44,16:59:18,34,VICKY
AA0202,48334,0,0,NW,990907,17:14:50,17:14:59,9,17:14:59,17:15:49,50,AGENT,17:15:48,17:16:44,56,STEREN
AA0202,48335,0,0,PS,990907,17:27:12,17:27:40,28,0:00:00,0:00:00,0,AGENT,17:27:39,17:28:46,67,SHARON
AA0202,48336,0,0,NW,990907,17:41:39,17:41:48,9,17:41:48,17:42:11,23,AGENT,17:42:10,17:42:36,26,VICKY
AA0202,48337,0,0,PS,990907,17:53:40,17:53:50,10,0:00:00,0:00:00,0,AGENT,17:53:50,17:55:55,125,SHARON
AA0202,48338,0,0,PS,990907,18:07:25,18:07:36,11,0:00:00,0:00:00,0,AGENT,18:07:35,18:09:16,101,STEREN
AA0202,48339,0,0,PS,990907,18:28:01,18:28:16,15,0:00:00,0:00:00,0,AGENT,18:28:15,18:29:32,77,BENSION
AA0202,48340,0,0,PS,990907,19:03:08,19:03:18,10,0:00:00,0:00:00,0,AGENT,19:03:17,19:07:32,255,STEREN
AA0202,48341,0,0,PS,990907,19:21:12,19:21:30,18,0:00:00,0:00:00,0,AGENT,19:21:29,19:23:03,94,BENSION
AA0202,48342,0,0,PS,990907,19:48:01,19:48:18,17,0:00:00,0:00:00,0,AGENT,19:48:17,19:51:52,215,BENSION
AA0202,48343,0,0,PS,990907,20:20:00,20:20:09,9,0:00:00,0:00:00,0,AGENT,20:20:08,20:21:43,95,DORIT
AA0202,48344,0,0,NW,990907,20:39:06,20:39:19,13,0:00:00,0:00:00,0,AGENT,20:39:18,20:39:34,16,STEREN
AA0202,48345,0,0,PS,990907,20:58:12,20:58:28,16,0:00:00,0:00:00,0,AGENT,20:58:27,21:00:27,120,BENSION
AA0202,48346,0,0,NE,990907,21:16:59,21:17:09,10,0:00:00,0:00:00,0,AGENT,21:17:09,21:17:13,4,SHARON
AA0202,48347,0,0,PS,990907,21:41:20,21:41:33,13,0:00:00,0:00:00,0,AGENT,21:41:32,21:53:15,703,DARMON
AA0202,48348,0,0,NE,990907,22:07:37,22:07:50,13,0:00:00,0:00:00,0,AGENT,22:07:49,22:10:03,134,BENSION
AA0202,48349,54128681,2,PS,990907,22:32:19,22:32:25,6,22:32:25,22:32:54,29,AGENT,22:32:53,22:35:53,180,ZOHARI
AA0202,48350,32274987,1,PS,990907,22:50:47,22:50:53,6,22:50:53,22:51:32,39,AGENT,22:51:31,22:53:06,95,ZOHARI
AA0202,48351,0,0,PS,990907,23:21:51,23:22:02,11,0:00:00,0:00:00,0,AGENT,23:22:01,23:27:01,300,DARMON
AA0202,48352,0,0,NW,990908,3:08:27,3:09:00,33,0:00:00,0:00:00,0,HANG,0:00:00,0:00:00,0,NO_SERVER
AA0202,48353,0,0,PS,990908,7:10:11,7:10:21,10,0:00:00,0:00:00,0,AGENT,7:10:20,7:11:41,81,STEREN
AA0202,48354,0,0,PS,990908,7:43:17,7:43:25,8,0:00:00,0:00:00,0,AGENT,7:43:24,7:45:12,108,BASCH
AA0202,48355,28476075,1,PS,990908,8:09:51,8:09:56,5,8:09:56,8:10:26,30,AGENT,8:10:24,8:11:42,78,ROTH
AA0202,48356,0,0,PS,990908,8:25:07,8:25:16,9,0:00:00,0:00:00,0,AGENT,8:25:15,8:26:14,59,STEREN
AA0202,48357,0,0,PS,990908,8:42:22,8:42:31,9,0:00:00,0:00:00,0,AGENT,8:42:30,8:44:37,127,ZOHARI
AA0202,48358,0,0,NW,990908,8:50:00,8:50:09,9,8:50:09,8:52:57,168,AGENT,8:52:56,8:53:36,40,ROTH
AA0202,48359,0,0,NW,990908,9:03:13,9:03:23,10,9:03:23,9:03:32,9,AGENT,9:03:31,9:10:54,443,STEREN
AA0202,48360,0,0,PS,990908,9:16:36,9:16:47,11,0:00:00,0:00:00,0,AGENT,9:16:46,9:17:36,50,STEREN
AA0202,48361,0,0,NW,990908,9:28:11,9:28:20,9,9:28:20,9:29:05,45,AGENT,9:29:04,9:30:09,65,ROTH
AA0202,48362,0,0,NW,990908,9:41:35,9:41:45,10,9:41:45,9:44:54,189,HANG,0:00:00,0:00:00,0,NO_SERVER
AA0202,48363,27101393,2,PS,990908,9:53:12,9:53:18,6,9:53:18,9:56:40,202,HANG,0:00:00,0:00:00,0,NO_SERVER
AA0202,48364,0,0,NE,990908,10:05:25,10:05:37,12,0:00:00,0:00:00,0,AGENT,10:05:36,10:06:45,69,ZOHARI
AA0202,48365,50688696,2,PS,990908,10:10:15,10:10:20,5,10:10:20,10:13:00,160,AGENT,10:12:59,10:20:33,454,YITZ
AA0202,48366,23640485,2,PS,990908,10:19:00,10:19:06,6,10:19:06,10:20:39,93,AGENT,10:20:38,10:24:29,231,YITZ
AA0202,48367,54665682,2,PS,990908,10:31:39,10:31:45,6,10:31:45,10:32:43,58,AGENT,10:32:41,10:33:51,70,SHARON
AA0202,48368,56765985,2,PS,990908,10:43:11,10:43:17,6,10:43:17,10:45:24,127,AGENT,10:45:23,10:46:24,61,SHARON
AA0202,48369,0,0,PS,990908,11:01:27,11:01:36,9,0:00:00,0:00:00,0,AGENT,11:01:35,11:06:34,299,YITZ
AA0202,48370,57460131,2,PS,990908,11:14:58,11:15:03,5,11:15:03,11:15:44,41,AGENT,11:15:43,11:16:53,70,ROTH
AA0202,48371,0,0,PS,990908,11:30:53,11:31:01,8,0:00:00,0:00:00,0,AGENT,11:31:01,11:32:22,81,ROTH
AA0202,48372,0,0,PS,990908,11:44:47,11:44:57,10,0:00:00,0:00:00,0,AGENT,11:44:56,11:50:32,336,YITZ
AA0202,48373,0,0,NW,990908,11:58:48,11:58:57,9,11:58:57,11:59:46,49,HANG,0:00:00,0:00:00,0,NO_SERVER
AA0202,48374,0,0,PS,990908,12:08:35,12:08:43,8,0:00:00,0:00:00,0,AGENT,12:08:43,12:13:28,285,STEREN
AA0202,48375,306278797,1,PS,990908,12:18:26,12:18:32,6,12:18:32,12:24:04,332,AGENT,12:24:03,12:24:54,51,DORIT
AA0202,48376,0,0,PS,990908,12:37:42,12:37:52,10,0:00:00,0:00:00,0,AGENT,12:37:52,12:42:04,252,YITZ
AA0202,48377,0,0,PS,990908,12:55:50,12:56:02,12,0:00:00,0:00:00,0,AGENT,12:56:01,12:57:30,89,SHARON
AA0202,48378,0,0,NE,990908,13:07:59,13:08:07,8,0:00:00,0:00:00,0,AGENT,13:08:07,13:08:59,52,ROTH
AA0202,48379,0,0,PS,990908,13:22:14,13:22:21,7,0:00:00,0:00:00,0,AGENT,13:22:20,13:37:20,900,ROTH
AA0202,48380,0,0,PS,990908,13:36:36,13:36:46,10,0:00:00,0:00:00,0,AGENT,13:36:45,13:40:55,250,BASCH
AA0202,48381,0,0,PS,990908,13:46:45,13:46:54,9,0:00:00,0:00:00,0,AGENT,13:46:53,13:50:17,204,SHARON
AA0202,48382,25268624,2,PS,990908,13:55:19,13:55:24,5,13:55:24,13:56:13,49,AGENT,13:56:13,13:57:17,64,BASCH
AA0202,48383,0,0,PS,990908,14:08:42,14:08:50,8,0:00:00,0:00:00,0,AGENT,14:08:50,14:10:58,128,ANAT
AA0202,48384,0,0,PS,990908,14:25:44,14:25:53,9,0:00:00,0:00:00,0,AGENT,14:25:53,14:29:34,221,KAZAV
AA0202,48385,0,0,PS,990908,14:37:25,14:37:34,9,0:00:00,0:00:00,0,AGENT,14:37:33,14:38:51,78,STEREN
AA0202,48386,29641727,2,PS,990908,14:45:23,14:45:29,6,14:45:29,14:45:38,9,HANG,0:00:00,0:00:00,0,NO_SERVER
AA0202,48387,33907080,2,PS,990908,15:02:32,15:02:38,6,15:02:38,15:03:47,69,HANG,0:00:00,0:00:00,0,NO_SERVER
AA0202,48388,53616900,2,PS,990908,15:10:41,15:10:47,6,15:10:47,15:12:15,88,HANG,0:00:00,0:00:00,0,NO_SERVER
AA0202,48389,0,0,PS,990908,15:24:00,15:24:11,11,0:00:00,0:00:00,0,AGENT,15:24:10,15:30:48,398,ZOHARI
AA0202,48390,1574243,2,NE,990908,15:33:18,15:33:24,6,15:33:24,15:35:51,147,AGENT,15:35:51,15:37:10,79,ELI
AA0202,48391,0,0,NW,990908,15:39:07,15:39:16,9,15:39:16,15:40:02,46,HANG,0:00:00,0:00:00,0,NO_SERVER
AA0202,48392,52146842,1,PS,990908,15:47:29,15:47:35,6,15:47:35,15:47:51,16,AGENT,15:47:50,15:50:04,134,ANAT
AA0202,48393,0,0,NW,990908,15:55:42,15:55:51,9,15:55:51,15:59:53,242,AGENT,15:59:52,16:03:42,230,BENSION
AA0202,48394,57379505,2,PS,990908,16:14:00,16:14:06,6,16:14:06,16:14:16,10,AGENT,16:14:16,16:18:19,243,MORIAH
AA0202,48395,0,0,PS,990908,16:25:44,16:25:53,9,0:00:00,0:00:00,0,AGENT,16:25:52,16:26:52,60,ANAT
AA0202,48396,0,0,NW,990908,16:38:15,16:38:25,10,16:38:25,16:42:42,257,AGENT,16:42:41,16:44:01,80,AVI
AA0202,48397,0,0,PS,990908,16:59:22,16:59:34,12,0:00:00,0:00:00,0,AGENT,16:59:34,17:04:51,317,DARMON
AA0202,48398,0,0,PS,990908,17:11:41,17:12:05,24,0:00:00,0:00:00,0,HANG,0:00:00,0:00:00,0,NO_SERVER
AA0202,48399,579003,2,NE,990908,17:29:58,17:30:04,6,17:30:04,17:30:08,4,AGENT,17:30:07,17:31:38,91,MORIAH
AA0202,48400,30215891,1,PS,990908,17:40:19,17:40:25,6,17:40:25,17:45:00,275,AGENT,17:45:00,17:46:28,88,ANAT
AA0202,48401,0,0,NE,990908,17:59:02,17:59:15,13,0:00:00,0:00:00,0,AGENT,17:59:15,18:00:34,79,ANAT
AA0202,48402,0,0,PS,990908,18:23:36,18:23:49,13,0:00:00,0:00:00,0,AGENT,18:23:48,18:27:14,206,BENSION
AA0202,48403,28104354,1,PS,990908,18:37:45,18:37:51,6,18:37:51,18:38:23,32,AGENT,18:38:22,18:39:51,89,AVI
AA0202,48404,28962645,1,PS,990908,18:58:59,18:59:04,5,18:59:04,18:59:48,44,AGENT,18:59:47,19:00:43,56,ANAT
AA0202,48405,0,0,PS,990908,19:14:49,19:14:59,10,0:00:00,0:00:00,0,AGENT,19:14:58,19:15:01,3,MORIAH
AA0202,48406,0,0,PS,990908,19:26:28,19:26:38,10,0:00:00,0:00:00,0,AGENT,19:26:37,19:28:57,140,BENSION
AA0202,48407,0,0,PS,990908,19:52:52,19:53:05,13,0:00:00,0:00:00,0,AGENT,19:53:04,19:53:44,40,BENSION
AA0202,48408,0,0,PS,990908,20:16:20,20:16:32,12,0:00:00,0:00:00,0,AGENT,20:16:32,20:21:18,286,ANAT
AA0202,48409,0,0,PS,990908,20:44:25,20:44:38,13,0:00:00,0:00:00,0,AGENT,20:44:37,20:46:56,139,MEIR
AA0202,48410,0,0,NW,990908,21:04:36,21:04:42,6,0:00:00,0:00:00,0,HANG,0:00:00,0:00:00,0,NO_SERVER
AA0202,48411,0,0,NE,990908,21:22:55,21:23:03,8,0:00:00,0:00:00,0,AGENT,21:23:02,21:23:08,6,AVI
AA0202,48412,0,0,NE,990908,21:41:57,21:42:11,14,0:00:00,0:00:00,0,AGENT,21:42:10,21:43:45,95,MEIR
AA0202,48413,0,0,PS,990908,22:01:04,22:01:14,10,0:00:00,0:00:00,0,AGENT,22:01:14,22:02:57,103,AVI
AA0202,48414,58201484,1,PS,990908,22:27:53,22:27:58,5,22:27:58,22:29:22,84,AGENT,22:29:21,22:29:21,0,AVI
AA0202,48415,57758013,2,PS,990908,22:51:29,22:51:35,6,22:51:35,22:53:51,136,AGENT,22:53:51,22:54:00,9,BENSION
AA0202,48416,0,0,PS,990908,23:25:11,23:25:25,14,0:00:00,0:00:00,0,AGENT,23:25:24,23:26:36,72,BENSION
AA0202,48417,0,0,PS,990909,5:43:22,5:43:51,29,0:00:00,0:00:00,0,HANG,0:00:00,0:00:00,0,NO_SERVER
AA0202,48418,0,0,PS,990909,7:20:47,7:21:00,13,0:00:00,0:00:00,0,AGENT,7:21:00,7:21:59,59,SHARON
AA0202,48419,0,0,PS,990909,7:56:13,7:56:26,13,0:00:00,0:00:00,0,AGENT,7:56:25,8:14:29,1084,NAAMA
AA0202,48420,0,0,NW,990909,8:28:09,8:28:19,10,8:28:19,8:29:28,69,HANG,0:00:00,0:00:00,0,NO_SERVER
AA0202,48421,0,0,NW,990909,8:44:34,8:44:44,10,8:44:44,8:45:14,30,AGENT,8:45:13,8:46:30,77,BASCH
AA0202,48422,0,0,PS,990909,9:01:11,9:01:20,9,0:00:00,0:00:00,0,AGENT,9:01:19,9:03:49,150,SHARON
AA0202,48423,0,0,PS,990909,9:12:24,9:12:34,10,0:00:00,0:00:00,0,AGENT,9:12:32,9:13:05,33,KAZAV
AA0202,48424,25627027,2,PS,990909,9:25:09,9:25:15,6,9:25:15,9:25:29,14,AGENT,9:25:28,9:28:28,180,BASCH
AA0202,48425,51734291,2,PS,990909,9:45:00,9:45:06,6,9:45:06,9:45:29,23,AGENT,9:45:28,9:47:46,138,SHARON
AA0202,48426,0,0,NW,990909,10:00:26,10:00:36,10,10:00:36,10:01:20,44,AGENT,10:01:20,10:02:02,42,SHARON
AA0202,48427,0,0,PS,990909,10:14:52,10:15:05,13,0:00:00,0:00:00,0,AGENT,10:15:04,10:17:53,169,BASCH
AA0202,48428,0,0,PS,990909,10:25:29,10:25:39,10,0:00:00,0:00:00,0,AGENT,10:25:38,10:26:41,63,ANAT
AA0202,48430,0,0,NE,990909,10:40:37,10:40:37,0,0:00:00,0:00:00,0,HANG,0:00:00,0:00:00,0,NO_SERVER
AA0202,48431,0,0,PS,990909,10:55:27,10:55:36,9,0:00:00,0:00:00,0,AGENT,10:55:35,11:37:40,2525,DORIT
AA0202,48432,0,0,PS,990909,11:09:11,11:09:20,9,0:00:00,0:00:00,0,AGENT,11:09:20,11:09:56,36,BASCH
AA0202,48433,0,0,PS,990909,11:25:56,11:26:05,9,0:00:00,0:00:00,0,AGENT,11:26:04,11:27:34,90,ROTH
AA0202,48434,0,0,PS,990909,11:41:08,11:41:19,11,0:00:00,0:00:00,0,AGENT,11:41:18,11:42:55,97,BASCH
AA0202,48435,0,0,PS,990909,11:55:59,11:56:13,14,0:00:00,0:00:00,0,AGENT,11:56:12,12:01:16,304,NAAMA
AA0202,48436,0,0,PS,990909,12:09:54,12:10:11,17,0:00:00,0:00:00,0,AGENT,12:10:10,12:11:23,73,SHARON
AA0202,48437,0,0,NW,990909,12:33:40,12:33:53,13,0:00:00,0:00:00,0,AGENT,12:33:53,12:35:39,106,ROTH
AA0202,48438,0,0,PS,990909,12:45:36,12:45:45,9,0:00:00,0:00:00,0,AGENT,12:45:44,12:49:07,203,ROTH
AA0202,48439,23081912,1,PS,990909,12:58:09,12:58:15,6,12:58:15,12:59:12,57,AGENT,12:58:42,13:03:52,310,YIFAT
AA0202,48440,22209977,1,PS,990909,13:13:13,13:13:18,5,13:13:18,13:15:02,104,AGENT,13:15:01,13:17:19,138,DORIT
AA0202,48441,0,0,PS,990909,13:33:02,13:33:13,11,0:00:00,0:00:00,0,AGENT,13:33:12,13:34:11,59,ROTH
AA0202,48442,0,0,PS,990909,13:48:37,13:48:46,9,0:00:00,0:00:00,0,AGENT,13:48:45,13:49:31,46,ROTH
AA0202,48443,0,0,NE,990909,14:07:37,14:07:51,14,0:00:00,0:00:00,0,AGENT,14:07:50,14:14:44,414,ELI
AA0202,48444,57379505,2,PS,990909,14:18:07,14:18:12,5,14:18:12,14:19:14,62,AGENT,14:19:13,14:27:34,501,SHARON
AA0202,48445,0,0,PS,990909,14:21:17,14:21:27,10,0:00:00,0:00:00,0,HANG,0:00:00,0:00:00,0,NO_SERVER
AA0202,48446,0,0,PS,990909,14:21:36,14:21:45,9,14:21:45,14:26:52,307,PHANTOM,14:26:52,14:26:55,3,NO_SERVER
AA0202,48447,0,0,NW,990909,14:38:46,14:39:00,14,0:00:00,0:00:00,0,AGENT,14:38:59,14:41:27,148,SHARON
AA0202,48449,0,0,PS,990909,14:51:41,14:51:41,0,0:00:00,0:00:00,0,HANG,0:00:00,0:00:00,0,NO_SERVER
AA0202,48450,69604411,2,NE,990909,15:06:34,15:06:39,5,15:06:39,15:07:04,25,AGENT,15:07:04,15:10:00,176,ZOHARI
AA0202,48451,55921597,1,NE,990909,15:15:13,15:15:19,6,15:15:19,15:19:26,247,AGENT,15:19:25,15:21:46,141,ELI
AA0202,48452,0,0,NE,990909,15:30:47,15:31:13,26,0:00:00,0:00:00,0,AGENT,15:31:12,15:32:55,103,ZOHARI
AA0202,48453,0,0,NW,990909,15:38:34,15:38:44,10,15:38:44,15:40:15,91,HANG,15:40:18,15:40:29,11,NO_SERVER
AA0202,48454,52867744,2,PS,990909,15:49:49,15:49:54,5,15:49:54,15:50:22,28,AGENT,15:50:21,15:52:02,101,ROTH
AA0202,48455,51567014,2,PS,990909,16:02:56,16:03:01,5,16:03:01,16:04:05,64,AGENT,16:04:05,16:12:47,522,ROTH
AA0202,48456,58704610,2,PS,990909,16:16:21,16:16:27,6,16:16:27,16:17:21,54,AGENT,16:17:21,16:20:29,188,YITZ
AA0202,48457,24156291,1,PS,990909,16:28:34,16:28:40,6,16:28:40,16:30:39,119,AGENT,16:30:38,16:31:17,39,AVI
AA0202,48458,0,0,PS,990909,16:41:25,16:41:37,12,0:00:00,0:00:00,0,AGENT,16:41:36,16:48:40,424,STEREN
AA0202,48459,0,0,NW,990909,16:52:24,16:52:34,10,16:52:34,16:52:41,7,AGENT,16:52:40,16:53:27,47,YITZ
AA0202,48460,54145529,2,PS,990909,17:04:25,17:04:31,6,17:04:31,17:06:41,130,HANG,0:00:00,0:00:00,0,NO_SERVER
AA0202,48461,0,0,PS,990909,17:18:45,17:18:54,9,0:00:00,0:00:00,0,AGENT,17:18:54,17:22:51,237,STEREN
AA0202,48462,0,0,NW,990909,17:36:51,17:37:04,13,0:00:00,0:00:00,0,AGENT,17:37:04,17:38:04,60,YITZ
AA0202,48463,24824419,2,PS,990909,17:54:06,17:54:12,6,17:54:12,17:55:05,53,HANG,0:00:00,0:00:00,0,NO_SERVER
AA0202,48464,7191646,2,NE,990909,18:11:40,18:11:45,5,18:11:45,18:12:08,23,AGENT,18:12:08,18:13:32,84,STEREN
AA0202,48465,54109715,1,PS,990909,18:28:55,18:29:01,6,18:29:01,18:34:33,332,AGENT,18:34:32,18:38:29,237,YITZ
AA0202,48466,38230405,2,PS,990909,18:56:45,18:56:50,5,18:56:50,18:57:25,35,AGENT,18:57:24,18:59:06,102,STEREN
AA0202,48467,0,0,NE,990909,19:15:48,19:15:59,11,0:00:00,0:00:00,0,AGENT,19:15:59,19:21:31,332,ZOHARI
AA0202,48468,0,0,NW,990909,19:40:21,19:40:30,9,19:40:30,19:45:32,302,AGENT,19:45:32,19:48:40,188,STEREN
AA0202,48469,0,0,NW,990909,20:06:56,20:07:06,10,20:07:06,20:07:26,20,AGENT,20:07:25,20:07:40,15,STEREN
AA0202,48470,0,0,NW,990909,20:36:32,20:36:48,16,0:00:00,0:00:00,0,AGENT,20:36:46,20:38:03,77,AVI
AA0202,48471,0,0,NW,990909,21:01:50,21:01:59,9,21:01:59,21:03:08,69,HANG,0:00:00,0:00:00,0,NO_SERVER
AA0202,48472,0,0,NE,990909,21:25:17,21:25:29,12,0:00:00,0:00:00,0,AGENT,21:25:28,21:27:33,125,STEREN
AA0202,48473,40612806,1,PS,990909,21:52:21,21:52:27,6,21:52:27,21:54:04,97,AGENT,21:54:03,22:02:58,535,ZOHARI
AA0202,48474,0,0,PS,990909,22:22:09,22:22:19,10,0:00:00,0:00:00,0,AGENT,22:22:18,22:25:02,164,ZOHARI
AA0202,48475,0,0,PS,990909,22:52:49,22:52:57,8,0:00:00,0:00:00,0,AGENT,22:52:56,22:55:58,182,STEREN
AA0202,48476,0,0,PS,990909,23:19:44,23:19:56,12,0:00:00,0:00:00,0,AGENT,23:19:55,23:21:43,108,AVI
AA0202,48477,0,0,PS,990910,1:36:22,1:36:34,12,0:00:00,0:00:00,0,HANG,0:00:00,0:00:00,0,NO_SERVER
AA0202,48478,0,0,PS,990910,7:37:19,7:37:28,9,0:00:00,0:00:00,0,AGENT,7:37:27,7:37:31,4,NO_SERVER
AA0202,48479,0,0,NW,990910,8:08:23,8:08:31,8,0:00:00,0:00:00,0,HANG,0:00:00,0:00:00,0,NO_SERVER
AA0202,48480,0,0,PS,990910,8:28:07,8:28:20,13,0:00:00,0:00:00,0,AGENT,8:28:18,8:33:33,315,DORIT
AA0202,48481,0,0,NW,990910,8:49:12,8:49:25,13,0:00:00,0:00:00,0,AGENT,8:49:24,8:49:39,15,SHARON
AA0202,48482,63611537,2,PS,990910,8:59:06,8:59:12,6,8:59:12,9:00:32,80,AGENT,9:00:31,9:03:37,186,DORIT
AA0202,48483,29602646,1,PS,990910,9:15:39,9:15:44,5,9:15:44,9:16:22,38,AGENT,9:16:21,9:17:43,82,BASCH
AA0202,48484,0,0,PS,990910,9:27:03,9:27:11,8,0:00:00,0:00:00,0,AGENT,9:27:10,9:31:44,274,BASCH
AA0202,48485,0,0,PS,990910,9:41:59,9:42:10,11,0:00:00,0:00:00,0,AGENT,9:42:09,9:43:56,107,AVNI
AA0202,48486,0,0,NW,990910,9:55:02,9:55:12,10,9:55:12,9:57:27,135,AGENT,9:57:27,10:25:11,1664,PINHAS
AA0202,48487,0,0,NW,990910,10:07:33,10:07:44,11,0:00:00,0:00:00,0,AGENT,10:07:50,10:07:56,6,NO_SERVER
AA0202,48488,0,0,PS,990910,10:25:12,10:25:31,19,0:00:00,0:00:00,0,AGENT,10:25:30,10:26:49,79,SHARON
AA0202,48489,0,0,PS,990910,10:39:49,10:40:01,12,0:00:00,0:00:00,0,AGENT,10:40:00,10:40:52,52,BASCH
AA0202,48490,0,0,PS,990910,10:58:17,10:58:28,11,0:00:00,0:00:00,0,AGENT,10:58:27,11:02:26,239,AVNI
AA0202,48491,0,0,NE,990910,11:13:45,11:13:54,9,0:00:00,0:00:00,0,AGENT,11:13:53,11:13:56,3,VICKY
AA0202,48492,0,0,PS,990910,11:33:08,11:33:24,16,0:00:00,0:00:00,0,AGENT,11:33:24,11:33:27,3,NO_SERVER
AA0202,48493,0,0,PS,990910,12:03:24,12:03:33,9,0:00:00,0:00:00,0,AGENT,12:03:32,12:05:17,105,DORIT
AA0202,48494,0,0,PS,990910,12:34:31,12:34:43,12,0:00:00,0:00:00,0,AGENT,12:34:42,12:35:43,61,SHARON
AA0202,48495,0,0,PS,990910,13:06:04,13:06:22,18,0:00:00,0:00:00,0,HANG,0:00:00,0:00:00,0,NO_SERVER
AA0202,48496,0,0,PS,990910,13:32:40,13:33:07,27,0:00:00,0:00:00,0,HANG,0:00:00,0:00:00,0,NO_SERVER
AA0202,48497,0,0,NW,990910,14:37:59,14:38:36,37,0:00:00,0:00:00,0,HANG,0:00:00,0:00:00,0,NO_SERVER
AA0202,48498,0,0,NW,990910,16:26:54,16:27:32,38,0:00:00,0:00:00,0,HANG,0:00:00,0:00:00,0,NO_SERVER
AA0202,48499,0,0,NW,990911,11:30:32,11:30:54,22,0:00:00,0:00:00,0,HANG,0:00:00,0:00:00,0,NO_SERVER
AA0202,48500,0,0,PS,990911,21:21:37,21:21:50,13,0:00:00,0:00:00,0,HANG,0:00:00,0:00:00,0,NO_SERVER
AA0202,48501,0,0,NW,990912,18:10:05,18:10:32,27,0:00:00,0:00:00,0,HANG,0:00:00,0:00:00,0,NO_SERVER
AA0202,48502,0,0,PS,990912,19:36:57,19:37:16,19,0:00:00,0:00:00,0,HANG,0:00:00,0:00:00,0,NO_SERVER
AA0202,48503,0,0,NE,990912,20:04:58,20:05:11,13,0:00:00,0:00:00,0,AGENT,20:05:09,20:06:37,88,ZOHARI
AA0202,48504,22928584,2,PS,990912,20:28:50,20:28:56,6,20:28:56,20:29:04,8,AGENT,20:29:03,20:30:55,112,SHARON
AA0202,48505,0,0,NW,990912,20:45:35,20:45:44,9,20:45:44,20:46:06,22,AGENT,20:46:05,20:46:36,31,SHARON
AA0202,48506,0,0,PS,990912,21:19:10,21:19:22,12,0:00:00,0:00:00,0,AGENT,21:19:21,21:20:15,54,SHARON
AA0202,48507,0,0,NW,990912,21:56:27,21:56:40,13,0:00:00,0:00:00,0,AGENT,21:56:39,21:57:09,30,SHARON
AA0202,48508,0,0,PS,990912,22:43:36,22:43:47,11,0:00:00,0:00:00,0,AGENT,22:43:46,22:47:29,223,AVNI
AA0202,48509,0,0,PS,990912,23:18:17,23:18:29,12,0:00:00,0:00:00,0,AGENT,23:18:29,23:23:29,300,ZOHARI
AA0202,48510,22131072,2,PS,990913,6:55:43,6:55:49,6,6:55:49,6:56:25,36,AGENT,6:56:24,6:59:44,200,YIFAT
AA0202,48511,0,0,PS,990913,7:37:56,7:38:10,14,0:00:00,0:00:00,0,AGENT,7:38:09,7:40:31,142,GILI
AA0202,48512,0,0,PS,990913,8:04:01,8:04:10,9,0:00:00,0:00:00,0,AGENT,8:04:09,8:13:31,562,ZOHARI
AA0202,48513,0,0,PS,990913,8:17:25,8:17:34,9,0:00:00,0:00:00,0,AGENT,8:17:33,8:18:54,81,VICKY
AA0202,48514,0,0,PS,990913,8:33:08,8:33:17,9,0:00:00,0:00:00,0,AGENT,8:33:15,8:34:45,90,KAZAV
AA0202,48515,55257703,1,PS,990913,8:43:10,8:43:15,5,8:43:15,8:45:24,129,AGENT,8:45:23,8:46:38,75,STEREN
AA0202,48516,0,0,PS,990913,8:54:37,8:54:51,14,0:00:00,0:00:00,0,AGENT,8:54:50,9:05:00,610,TOVA
AA0202,48517,69838993,2,PS,990913,9:04:45,9:04:50,5,9:04:50,9:05:01,11,AGENT,9:05:00,9:06:07,67,ZOHARI
AA0202,48518,0,0,PS,990913,9:13:17,9:13:26,9,0:00:00,0:00:00,0,AGENT,9:13:25,9:15:04,99,SHARON
AA0202,48519,0,0,NW,990913,9:26:29,9:26:41,12,0:00:00,0:00:00,0,AGENT,9:26:40,9:27:34,54,STEREN
AA0202,48520,0,0,PS,990913,9:36:12,9:36:22,10,0:00:00,0:00:00,0,AGENT,9:36:20,9:36:56,36,SHARON
AA0202,48521,0,0,PS,990913,9:42:34,9:42:43,9,0:00:00,0:00:00,0,AGENT,9:42:42,9:44:06,84,GILI
AA0202,48522,0,0,NW,990913,9:51:01,9:51:07,6,9:51:07,9:52:04,57,AGENT,9:52:03,9:53:01,58,SHARON
AA0202,48523,0,0,PS,990913,10:03:43,10:03:54,11,0:00:00,0:00:00,0,AGENT,10:03:53,10:05:26,93,SHARON
AA0202,48524,0,0,PS,990913,10:12:36,10:12:45,9,0:00:00,0:00:00,0,AGENT,10:12:44,10:14:06,82,ROTH
AA0202,48525,0,0,PS,990913,10:23:36,10:23:47,11,0:00:00,0:00:00,0,AGENT,10:23:47,10:25:39,112,VICKY
AA0202,48526,0,0,PS,990913,10:32:47,10:32:56,9,0:00:00,0:00:00,0,AGENT,10:32:55,10:34:49,114,SHARON
AA0202,48527,310992045,1,PS,990913,10:39:04,10:39:10,6,10:39:10,10:40:08,58,HANG,0:00:00,0:00:00,0,NO_SERVER
AA0202,48528,0,0,PS,990913,10:47:34,10:47:48,14,0:00:00,0:00:00,0,AGENT,10:47:46,10:49:36,110,VICKY
AA0202,48529,69985257,1,PS,990913,10:59:36,10:59:41,5,10:59:41,11:00:01,20,AGENT,11:00:01,11:02:50,169,ROTH
AA0202,48530,0,0,PS,990913,11:08:56,11:09:05,9,0:00:00,0:00:00,0,AGENT,11:09:05,11:10:08,63,TOVA
AA0202,48531,0,0,PS,990913,11:18:49,11:19:02,13,0:00:00,0:00:00,0,AGENT,11:19:01,11:20:11,70,VICKY
AA0202,48532,58036138,2,PS,990913,11:25:53,11:25:58,5,11:25:58,11:26:05,7,AGENT,11:26:03,11:29:50,227,STEREN
AA0202,48533,0,0,PS,990913,11:35:51,11:36:01,10,0:00:00,0:00:00,0,AGENT,11:36:00,11:38:05,125,KAZAV
AA0202,48534,0,0,PS,990913,11:44:34,11:44:45,11,0:00:00,0:00:00,0,AGENT,11:44:44,11:47:02,138,GILI
AA0202,48535,0,0,NW,990913,11:52:58,11:53:07,9,11:53:07,11:55:27,140,AGENT,11:55:27,11:55:55,28,SHARON
AA0202,48536,0,0,NW,990913,12:02:00,12:02:09,9,12:02:09,12:03:09,60,AGENT,12:03:08,12:04:51,103,STEREN
AA0202,48537,0,0,PS,990913,12:12:56,12:13:05,9,0:00:00,0:00:00,0,AGENT,12:13:04,12:15:16,132,ROTH
AA0202,48538,0,0,PS,990913,12:24:43,12:24:51,8,0:00:00,0:00:00,0,AGENT,12:24:50,12:33:36,526,SHARON
AA0202,48539,0,0,PS,990913,12:37:50,12:38:05,15,0:00:00,0:00:00,0,AGENT,12:38:04,12:39:12,68,SHARON
AA0202,48540,0,0,PS,990913,12:49:48,12:49:58,10,0:00:00,0:00:00,0,AGENT,12:49:57,13:10:29,1232,VICKY
AA0202,48541,23895501,2,PS,990913,13:04:58,13:05:03,5,13:05:03,13:05:27,24,AGENT,13:05:26,13:07:48,142,BASCH
AA0202,48542,53186953,2,PS,990913,13:12:15,13:12:20,5,13:12:20,13:12:30,10,AGENT,13:12:29,13:13:45,76,STEREN
AA0202,48543,57211559,2,PS,990913,13:22:59,13:23:05,6,13:23:05,13:23:20,15,AGENT,13:23:19,13:28:52,333,YIFAT
AA0202,48544,0,0,PS,990913,13:34:19,13:34:36,17,0:00:00,0:00:00,0,AGENT,13:34:34,13:41:24,410,BASCH
AA0202,48545,57695173,2,PS,990913,13:45:07,13:45:13,6,13:45:13,13:45:44,31,AGENT,13:45:43,13:46:20,37,VICKY
AA0202,48546,53622395,1,PS,990913,13:50:25,13:50:31,6,13:50:31,13:51:30,59,HANG,0:00:00,0:00:00,0,NO_SERVER
AA0202,48547,0,0,NW,990913,13:58:22,13:58:31,9,13:58:31,13:59:08,37,AGENT,13:59:07,13:59:57,50,STEREN
AA0202,48548,0,0,NW,990913,14:05:54,14:06:03,9,14:06:03,14:12:37,394,AGENT,14:12:36,14:19:07,391,STEREN
AA0202,48549,17608290,1,PS,990913,14:16:38,14:16:44,6,14:16:44,14:16:58,14,HANG,0:00:00,0:00:00,0,NO_SERVER
AA0202,48550,25758533,1,PS,990913,14:19:21,14:19:27,6,14:19:27,14:21:44,137,AGENT,14:21:43,14:23:40,117,BASCH
AA0202,48551,59693135,1,PS,990913,14:28:26,14:28:32,6,14:28:32,14:29:32,60,HANG,0:00:00,0:00:00,0,NO_SERVER
AA0202,48552,58869587,2,PS,990913,14:36:12,14:36:18,6,14:36:18,14:36:45,27,AGENT,14:36:44,14:46:09,565,ZOHARI
AA0202,48553,13205661,2,PS,990913,14:44:42,14:44:48,6,14:44:48,14:45:56,68,AGENT,14:45:54,14:47:57,123,SHARON
AA0202,48554,25246380,2,PS,990913,14:52:28,14:52:34,6,14:52:34,14:53:30,56,AGENT,14:53:29,14:59:43,374,ANAT
AA0202,48555,53496139,2,PS,990913,15:02:52,15:02:58,6,15:02:58,15:03:27,29,AGENT,15:03:26,15:04:08,42,MORIAH
AA0202,48556,991240,2,PS,990913,15:09:58,15:10:04,6,15:10:04,15:15:43,339,AGENT,15:15:43,15:16:42,59,BASCH
AA0202,48557,32249518,1,PS,990913,15:21:45,15:21:51,6,15:21:51,15:22:59,68,HANG,0:00:00,0:00:00,0,NO_SERVER
AA0202,48558,68741495,2,NE,990913,15:30:19,15:30:25,6,15:30:25,15:31:45,80,AGENT,15:31:44,15:33:32,108,SHARON
AA0202,48559,25124181,2,NE,990913,15:39:46,15:39:52,6,15:39:52,15:40:47,55,AGENT,15:40:45,15:50:53,608,ANAT
AA0202,48560,0,0,PS,990913,15:55:05,15:55:18,13,0:00:00,0:00:00,0,AGENT,15:55:18,15:58:48,210,MORIAH
AA0202,48561,0,0,NE,990913,16:05:42,16:05:56,14,0:00:00,0:00:00,0,AGENT,16:05:55,16:07:01,66,ELI
AA0202,48562,0,0,PS,990913,16:14:55,16:15:05,10,0:00:00,0:00:00,0,AGENT,16:15:04,16:19:20,256,AVNI
AA0202,48563,0,0,PS,990913,16:31:11,16:31:21,10,0:00:00,0:00:00,0,AGENT,16:31:20,16:32:14,54,AVNI
AA0202,48564,23722028,2,PS,990913,16:40:43,16:40:49,6,16:40:49,16:42:52,123,AGENT,16:42:51,16:44:40,109,AVI
AA0202,48565,0,0,NW,990913,16:50:19,16:50:29,10,16:50:29,16:50:35,6,HANG,0:00:00,0:00:00,0,NO_SERVER
AA0202,48566,25219700,2,PS,990913,16:56:21,16:56:27,6,16:56:27,16:56:35,8,HANG,0:00:00,0:00:00,0,NO_SERVER
AA0202,48567,27324128,1,PS,990913,17:01:57,17:02:03,6,17:02:03,17:03:34,91,AGENT,17:03:33,17:08:47,314,ANAT
AA0202,48568,0,0,PS,990913,17:17:35,17:17:52,17,0:00:00,0:00:00,0,AGENT,17:17:50,17:19:30,100,ANAT
AA0202,48569,0,0,PS,990913,17:37:51,17:38:01,10,0:00:00,0:00:00,0,AGENT,17:38:01,17:42:31,270,BASCH
AA0202,48570,28466399,1,PS,990913,17:54:08,17:54:14,6,17:54:14,17:55:31,77,AGENT,17:55:30,18:00:26,296,ANAT
AA0202,48571,0,0,PS,990913,18:10:25,18:10:34,9,0:00:00,0:00:00,0,AGENT,18:10:32,18:14:44,252,MORIAH
AA0202,48572,25229626,2,PS,990913,18:19:23,18:19:29,6,18:19:29,18:20:47,78,AGENT,18:20:46,18:23:45,179,BASCH
AA0202,48573,0,0,PS,990913,18:40:38,18:40:50,12,0:00:00,0:00:00,0,AGENT,18:40:49,18:41:35,46,ANAT
AA0202,48574,59112078,1,PS,990913,18:53:36,18:53:42,6,18:53:42,18:54:53,71,AGENT,18:54:52,18:54:52,0,AVI
AA0202,48575,0,0,PS,990913,19:06:48,19:07:01,13,0:00:00,0:00:00,0,AGENT,19:07:01,19:10:36,215,MEIR
AA0202,48576,17608290,1,PS,990913,19:14:05,19:14:10,5,19:14:10,19:18:06,236,AGENT,19:18:05,19:21:49,224,ANAT
AA0202,48577,0,0,PS,990913,19:26:30,19:26:38,8,0:00:00,0:00:00,0,AGENT,19:26:37,19:28:32,115,AVI
AA0202,48578,29437829,2,PS,990913,19:37:33,19:37:38,5,19:37:38,19:37:46,8,AGENT,19:37:45,19:40:54,189,AVNI
AA0202,48579,0,0,PS,990913,20:00:06,20:00:20,14,0:00:00,0:00:00,0,AGENT,20:00:19,20:00:50,31,BASCH
AA0202,48580,0,0,PS,990913,20:15:07,20:15:18,11,0:00:00,0:00:00,0,AGENT,20:15:17,20:16:28,71,BASCH
AA0202,48581,0,0,NE,990913,20:28:02,20:28:19,17,0:00:00,0:00:00,0,AGENT,20:28:18,20:29:32,74,ANAT
AA0202,48582,0,0,NW,990913,20:44:51,20:45:04,13,0:00:00,0:00:00,0,AGENT,20:45:04,20:49:06,242,MEIR
AA0202,48583,57902546,2,PS,990913,20:58:28,20:58:33,5,20:58:33,20:59:28,55,AGENT,20:59:27,21:01:15,108,MEIR
AA0202,48584,25331513,2,PS,990913,21:16:01,21:16:07,6,21:16:07,21:17:03,56,HANG,0:00:00,0:00:00,0,NO_SERVER
AA0202,48585,0,0,PS,990913,21:34:21,21:34:32,11,0:00:00,0:00:00,0,AGENT,21:34:31,21:34:33,2,MORIAH
AA0202,48586,0,0,PS,990913,21:47:16,21:47:26,10,0:00:00,0:00:00,0,AGENT,21:47:25,21:53:44,379,AVNI
AA0202,48587,23510530,2,PS,990913,22:10:58,22:11:03,5,22:11:03,22:14:42,219,AGENT,22:14:41,22:15:58,77,AVI
AA0202,48588,1799709,2,PS,990913,22:26:34,22:26:40,6,22:26:40,22:28:20,100,AGENT,22:28:19,22:33:37,318,GELBER
AA0202,48589,0,0,PS,990913,22:53:26,22:53:35,9,0:00:00,0:00:00,0,AGENT,22:53:34,23:02:29,535,AVNI
AA0202,48590,33907080,2,PS,990913,23:30:03,23:30:09,6,23:30:09,23:31:35,86,PHANTOM,23:31:35,23:31:40,5,NO_SERVER
AA0202,48591,25207523,1,PS,990913,23:57:45,23:57:50,5,23:57:50,23:58:29,39,AGENT,23:58:28,0:00:40,132,AVI
AA0202,48592,0,0,PS,990914,6:04:34,6:04:44,10,0:00:00,0:00:00,0,HANG,0:00:00,0:00:00,0,NO_SERVER
AA0202,48593,0,0,PS,990914,7:25:57,7:26:10,13,0:00:00,0:00:00,0,AGENT,7:26:09,7:31:26,317,TOVA
AA0202,48595,0,0,PS,990914,7:42:35,7:42:35,0,0:00:00,0:00:00,0,HANG,0:00:00,0:00:00,0,NO_SERVER
AA0202,48596,0,0,PS,990914,8:02:03,8:02:19,16,0:00:00,0:00:00,0,AGENT,8:02:19,8:04:17,118,TOVA
AA0202,48597,0,0,NW,990914,8:20:43,8:20:52,9,8:20:52,8:26:38,346,AGENT,8:26:37,8:26:46,9,MORIAH
AA0202,48598,303772057,2,PS,990914,8:31:34,8:31:40,6,8:31:40,8:32:07,27,AGENT,8:32:07,8:32:09,2,ANAT
AA0202,48599,0,0,NW,990914,8:41:37,8:41:41,4,0:00:00,0:00:00,0,HANG,0:00:00,0:00:00,0,NO_SERVER
AA0202,48600,51953800,2,PS,990914,8:50:18,8:50:23,5,8:50:23,8:50:55,32,AGENT,8:50:55,8:52:07,72,ANAT
AA0202,48601,0,0,NW,990914,8:58:53,8:59:00,7,0:00:00,0:00:00,0,HANG,0:00:00,0:00:00,0,NO_SERVER
AA0202,48602,0,0,PS,990914,9:07:29,9:07:38,9,0:00:00,0:00:00,0,AGENT,9:07:37,9:08:58,81,YIFAT
AA0202,48603,0,0,NW,990914,9:18:10,9:18:20,10,9:18:20,9:21:37,197,AGENT,9:21:36,9:40:13,1117,AVNI
AA0202,48604,0,0,NW,990914,9:30:17,9:30:26,9,9:30:26,9:34:44,258,AGENT,9:34:43,9:36:45,122,GOLDIE
AA0202,48605,0,0,PS,990914,9:42:07,9:42:16,9,0:00:00,0:00:00,0,AGENT,9:42:15,9:46:31,256,AVNI
AA0202,48606,0,0,PS,990914,9:53:53,9:54:07,14,0:00:00,0:00:00,0,AGENT,9:54:06,9:54:55,49,ANAT
AA0202,48607,0,0,NW,990914,10:05:02,10:05:14,12,0:00:00,0:00:00,0,AGENT,10:05:13,10:06:52,99,AVNI
AA0202,48608,35788173,1,PS,990914,10:12:52,10:12:58,6,10:12:58,10:13:54,56,AGENT,10:13:53,10:15:50,117,KAZAV
AA0202,48609,74780917,2,NE,990914,10:21:31,10:21:37,6,10:21:37,10:23:05,88,AGENT,10:23:05,10:23:08,3,MORIAH
AA0202,48610,0,0,NW,990914,10:28:24,10:28:33,9,10:28:33,10:30:07,94,AGENT,10:30:06,10:32:05,119,GOLDIE
AA0202,48611,8477440,2,PS,990914,10:35:59,10:36:05,6,10:36:05,10:36:34,29,AGENT,10:36:33,10:38:15,102,BASCH
AA0202,48612,59630624,1,NE,990914,10:41:21,10:41:26,5,10:41:26,10:42:52,86,AGENT,10:42:51,10:44:05,74,AVNI
AA0202,48613,0,0,PS,990914,10:51:41,10:51:53,12,0:00:00,0:00:00,0,AGENT,10:51:52,10:59:00,428,AVNI
AA0202,48614,28641827,1,PS,990914,11:02:29,11:02:34,5,11:02:34,11:04:13,99,AGENT,11:04:12,11:06:44,152,KAZAV
AA0202,48615,0,0,PS,990914,11:11:10,11:11:21,11,0:00:00,0:00:00,0,AGENT,11:11:20,11:24:47,807,GOLDIE
AA0202,48616,0,0,PS,990914,11:20:01,11:20:16,15,0:00:00,0:00:00,0,AGENT,11:20:16,11:24:04,228,ANAT
AA0202,48617,0,0,PS,990914,11:32:09,11:32:18,9,0:00:00,0:00:00,0,AGENT,11:32:17,11:32:59,42,ANAT
AA0202,48618,11581147,2,PE,990914,11:42:38,11:42:43,5,11:42:43,11:44:44,121,AGENT,11:44:43,11:48:39,236,YIFAT
AA0202,48619,29641727,2,PS,990914,11:51:00,11:51:06,6,11:51:06,11:51:22,16,HANG,0:00:00,0:00:00,0,NO_SERVER
AA0202,48620,51734291,2,PS,990914,11:55:39,11:55:45,6,11:55:45,11:57:02,77,AGENT,11:57:00,11:57:01,1,YIFAT
AA0202,48621,38378667,1,PS,990914,12:04:44,12:04:50,6,12:04:50,12:05:04,14,AGENT,12:05:03,12:06:35,92,GOLDIE
AA0202,48622,57965006,2,PS,990914,12:13:24,12:13:30,6,12:13:30,12:13:58,28,AGENT,12:13:58,12:14:58,60,TOVA
AA0202,48623,0,0,PS,990914,12:24:12,12:24:23,11,0:00:00,0:00:00,0,AGENT,12:24:23,12:28:50,267,DARMON
AA0202,48624,0,0,PS,990914,12:34:38,12:34:46,8,0:00:00,0:00:00,0,AGENT,12:34:45,12:38:11,206,BASCH
AA0202,48625,2043974,1,NE,990914,12:42:25,12:42:31,6,12:42:31,12:43:02,31,AGENT,12:43:01,12:43:57,56,AVNI
AA0202,48626,0,0,PS,990914,12:55:48,12:55:57,9,0:00:00,0:00:00,0,AGENT,12:55:57,12:59:05,188,ANAT
AA0202,48627,0,0,PS,990914,13:08:25,13:08:42,17,0:00:00,0:00:00,0,AGENT,13:08:41,13:11:33,172,TOVA
AA0202,48628,0,0,PS,990914,13:24:42,13:24:52,10,0:00:00,0:00:00,0,AGENT,13:24:51,13:26:08,77,BASCH
AA0202,48629,0,0,NW,990914,13:34:53,13:34:59,6,0:00:00,0:00:00,0,HANG,0:00:00,0:00:00,0,NO_SERVER
AA0202,48630,0,0,PS,990914,13:43:24,13:43:34,10,0:00:00,0:00:00,0,AGENT,13:43:34,13:45:04,90,KAZAV
AA0202,48631,55387302,1,PS,990914,13:51:37,13:51:43,6,13:51:43,13:52:04,21,AGENT,13:52:03,13:55:27,204,BASCH
AA0202,48632,28910917,2,PS,990914,14:00:18,14:00:23,5,14:00:23,14:03:36,193,AGENT,14:03:35,14:06:49,194,KAZAV
AA0202,48633,67946459,1,PS,990914,14:11:17,14:11:22,5,14:11:22,14:14:34,192,AGENT,14:14:33,14:15:27,54,KAZAV
AA0202,48634,12368510,2,PS,990914,14:21:59,14:22:04,5,14:22:04,14:23:38,94,AGENT,14:23:38,14:26:51,193,ROTH
AA0202,48635,314393554,2,PS,990914,14:32:53,14:32:59,6,14:32:59,14:33:13,14,AGENT,14:33:12,14:35:14,122,BASCH
AA0202,48636,71520779,1,PS,990914,14:39:35,14:39:41,6,14:39:41,14:41:40,119,AGENT,14:41:39,14:48:38,419,NAAMA
AA0202,48637,54114061,2,PS,990914,14:47:30,14:47:36,6,14:47:36,14:48:11,35,AGENT,14:48:11,14:48:47,36,ROTH
AA0202,48638,0,0,PS,990914,15:01:11,15:01:20,9,0:00:00,0:00:00,0,AGENT,15:01:19,15:13:45,746,ZOHARI
AA0202,48639,22263115,2,PS,990914,15:10:53,15:10:59,6,15:10:59,15:11:09,10,HANG,0:00:00,0:00:00,0,NO_SERVER
AA0202,48640,24127136,2,PS,990914,15:18:41,15:18:47,6,15:18:47,15:21:25,158,AGENT,15:21:24,15:22:42,78,KAZAV
AA0202,48641,12887840,2,PS,990914,15:33:10,15:33:16,6,15:33:16,15:34:35,79,AGENT,15:34:34,15:36:44,130,KAZAV
AA0202,48642,0,0,PS,990914,15:43:17,15:48:12,295,0:00:00,0:00:00,0,HANG,0:00:00,0:00:00,0,NO_SERVER
AA0202,48643,313966145,2,PS,990914,15:59:48,15:59:53,5,15:59:53,16:00:17,24,AGENT,16:00:16,16:08:09,473,ROTH
AA0202,48644,52896875,2,PS,990914,16:10:31,16:10:36,5,16:10:36,16:11:05,29,AGENT,16:11:04,16:12:39,95,SHARON
AA0202,48645,0,0,NW,990914,16:19:09,16:19:25,16,0:00:00,0:00:00,0,AGENT,16:19:24,16:20:44,80,SHARON
AA0202,48646,0,0,NW,990914,16:32:05,16:32:14,9,16:32:14,16:36:29,255,AGENT,16:36:28,16:38:15,107,BENSION
AA0202,48647,0,0,PS,990914,16:44:26,16:44:38,12,0:00:00,0:00:00,0,AGENT,16:44:38,16:45:25,47,BENSION
AA0202,48648,28465698,2,NE,990914,16:55:09,16:55:15,6,16:55:15,16:55:36,21,AGENT,16:55:35,16:59:53,258,ROTH
AA0202,48649,0,0,NW,990914,17:08:36,17:08:55,19,0:00:00,0:00:00,0,AGENT,17:08:54,17:10:32,98,BENSION
AA0202,48650,0,0,PS,990914,17:21:04,17:21:13,9,0:00:00,0:00:00,0,AGENT,17:21:12,17:23:35,143,STEREN
AA0202,48651,0,0,PS,990914,17:36:43,17:36:51,8,0:00:00,0:00:00,0,AGENT,17:36:50,17:40:16,206,ZOHARI
AA0202,48652,0,0,PS,990914,17:51:08,17:51:19,11,0:00:00,0:00:00,0,AGENT,17:51:19,17:53:53,154,ZOHARI
AA0202,48653,0,0,NW,990914,18:07:38,18:07:42,4,0:00:00,0:00:00,0,HANG,0:00:00,0:00:00,0,NO_SERVER
AA0202,48654,0,0,PS,990914,18:22:12,18:22:22,10,0:00:00,0:00:00,0,AGENT,18:22:21,18:24:14,113,STEREN
AA0202,48655,0,0,PS,990914,18:39:26,18:39:39,13,0:00:00,0:00:00,0,AGENT,18:39:38,18:40:51,73,SHARON
AA0202,48656,0,0,PS,990914,18:55:06,18:55:21,15,0:00:00,0:00:00,0,AGENT,18:55:20,18:56:14,54,BENSION
AA0202,48657,0,0,PS,990914,19:13:30,19:13:39,9,0:00:00,0:00:00,0,AGENT,19:13:39,19:17:07,208,STEREN
AA0202,48658,0,0,PS,990914,19:36:00,19:36:09,9,0:00:00,0:00:00,0,AGENT,19:36:08,19:37:30,82,ROTH
AA0202,48659,0,0,PS,990914,19:53:43,19:54:15,32,0:00:00,0:00:00,0,AGENT,19:54:14,19:55:46,92,NAAMA
AA0202,48660,0,0,NE,990914,20:12:39,20:12:49,10,0:00:00,0:00:00,0,AGENT,20:12:47,20:16:50,243,ZOHARI
AA0202,48661,0,0,NW,990914,20:34:32,20:34:46,14,0:00:00,0:00:00,0,AGENT,20:34:45,20:35:57,72,YITZ
AA0202,48662,0,0,PS,990914,20:54:05,20:54:13,8,0:00:00,0:00:00,0,AGENT,20:54:13,20:57:45,212,ROTH
AA0202,48663,32386880,1,PS,990914,21:21:25,21:21:30,5,21:21:30,21:22:11,41,AGENT,21:22:10,21:24:43,153,ROTH
AA0202,48664,52120771,1,NE,990914,21:39:04,21:39:10,6,21:39:10,21:39:20,10,AGENT,21:39:19,21:44:28,309,ZOHARI
AA0202,48665,48820351,2,NE,990914,21:52:25,21:52:31,6,21:52:31,21:54:41,130,AGENT,21:54:40,22:04:01,561,SHARON
AA0202,48666,0,0,NW,990914,22:21:27,22:21:40,13,0:00:00,0:00:00,0,AGENT,22:21:40,22:22:13,33,STEREN
AA0202,48667,25392044,1,PS,990914,22:52:25,22:52:31,6,22:52:31,22:53:04,33,AGENT,22:53:04,22:54:22,78,STEREN
AA0202,48668,0,0,PS,990914,23:20:57,23:21:11,14,0:00:00,0:00:00,0,AGENT,23:21:11,23:21:51,40,SHARON
AA0202,48669,0,0,PS,990914,23:52:36,23:52:47,11,0:00:00,0:00:00,0,AGENT,23:52:46,23:53:38,52,BENSION
AA0202,48670,0,0,PS,990915,6:45:51,6:46:02,11,0:00:00,0:00:00,0,HANG,0:00:00,0:00:00,0,NO_SERVER
AA0202,48671,0,0,PS,990915,7:47:28,7:47:39,11,0:00:00,0:00:00,0,AGENT,7:47:37,7:49:23,106,VICKY
AA0202,48672,0,0,PS,990915,8:09:23,8:09:38,15,0:00:00,0:00:00,0,AGENT,8:09:37,8:11:53,136,SHARON
AA0202,48673,0,0,PS,990915,8:23:16,8:23:26,10,0:00:00,0:00:00,0,AGENT,8:23:24,8:25:45,141,ROTH
AA0202,48674,0,0,NW,990915,8:40:12,8:40:21,9,8:40:21,8:41:02,41,AGENT,8:41:01,8:43:55,174,VICKY
AA0202,48675,0,0,PS,990915,8:50:33,8:50:43,10,0:00:00,0:00:00,0,AGENT,8:50:42,8:54:11,209,STEREN
AA0202,48676,0,0,PS,990915,9:04:02,9:04:11,9,0:00:00,0:00:00,0,AGENT,9:04:10,9:07:59,229,VICKY
AA0202,48677,16330813,2,PS,990915,9:11:23,9:11:29,6,9:11:29,9:11:43,14,AGENT,9:11:42,9:12:09,27,KAZAV
AA0202,48678,0,0,PS,990915,9:20:00,9:20:10,10,0:00:00,0:00:00,0,AGENT,9:20:09,9:22:07,118,KAZAV
AA0202,48679,0,0,NW,990915,9:32:31,9:32:46,15,0:00:00,0:00:00,0,AGENT,9:32:45,9:35:58,193,AVNI
AA0202,48680,22263115,2,PS,990915,9:44:35,9:44:41,6,9:44:41,9:45:02,21,AGENT,9:45:00,9:45:51,51,YIFAT
AA0202,48681,0,0,PS,990915,9:52:45,9:52:54,9,0:00:00,0:00:00,0,AGENT,9:52:53,9:53:13,20,YIFAT
AA0202,48682,33805821,2,PS,990915,10:00:56,10:01:02,6,10:01:02,10:01:46,44,AGENT,10:01:45,10:02:52,67,STEREN
AA0202,48683,10858884,2,NE,990915,10:12:59,10:13:04,5,10:13:04,10:13:47,43,AGENT,10:13:46,10:15:10,84,AVNI
AA0202,48684,57074585,2,PS,990915,10:17:46,10:17:52,6,10:17:52,10:20:52,180,AGENT,10:20:50,10:26:30,340,GOLDIE
AA0202,48685,37619061,2,PS,990915,10:28:05,10:28:11,6,10:28:11,10:28:31,20,AGENT,10:28:30,10:30:23,113,ROTH
AA0202,48686,0,0,NW,990915,10:35:23,10:35:32,9,10:35:32,10:40:38,306,AGENT,10:40:38,10:41:49,71,GOLDIE
AA0202,48687,0,0,PS,990915,10:49:19,10:49:27,8,0:00:00,0:00:00,0,AGENT,10:49:26,10:53:47,261,ROTH
AA0202,48688,0,0,PS,990915,10:57:34,10:57:55,21,0:00:00,0:00:00,0,AGENT,10:57:53,11:02:53,300,VICKY
AA0202,48689,41546904,2,NE,990915,11:06:47,11:06:52,5,11:06:52,11:07:14,22,AGENT,11:07:14,11:09:23,129,AVNI
AA0202,48690,0,0,PS,990915,11:15:32,11:15:42,10,0:00:00,0:00:00,0,AGENT,11:15:41,11:16:44,63,YIFAT
AA0202,48691,32374258,2,PS,990915,11:27:28,11:27:34,6,11:27:34,11:28:30,56,AGENT,11:28:30,11:29:13,43,ROTH
AA0202,48692,68741495,2,NE,990915,11:34:53,11:34:58,5,11:34:58,11:35:23,25,AGENT,11:35:23,11:38:20,177,KAZAV
AA0202,48693,0,0,PS,990915,11:51:53,11:52:01,8,0:00:00,0:00:00,0,AGENT,11:52:00,11:53:33,93,ROTH
AA0202,48694,0,0,PS,990915,12:02:38,12:02:46,8,0:00:00,0:00:00,0,AGENT,12:02:46,12:04:29,103,ROTH
AA0202,48695,0,0,PS,990915,12:16:06,12:16:15,9,0:00:00,0:00:00,0,AGENT,12:16:14,12:17:41,87,ROTH
AA0202,48696,53186953,2,PS,990915,12:24:47,12:24:53,6,12:24:53,12:25:29,36,AGENT,12:25:28,12:26:17,49,VICKY
AA0202,48697,0,0,PS,990915,12:40:24,12:40:39,15,0:00:00,0:00:00,0,AGENT,12:40:38,12:42:44,126,AVNI
AA0202,48698,0,0,PS,990915,12:53:18,12:53:27,9,0:00:00,0:00:00,0,AGENT,12:53:26,12:57:02,216,GOLDIE
AA0202,48699,54665682,2,PS,990915,13:06:42,13:06:48,6,13:06:48,13:07:28,40,AGENT,13:07:27,13:08:28,61,ROTH
AA0202,48700,0,0,NW,990915,13:17:27,13:17:40,13,0:00:00,0:00:00,0,AGENT,13:17:39,13:19:35,116,GOLDIE
AA0202,48701,0,0,PS,990915,13:29:01,13:29:12,11,0:00:00,0:00:00,0,AGENT,13:29:11,13:30:17,66,ZOHARI
AA0202,48702,0,0,PS,990915,13:44:33,13:44:43,10,0:00:00,0:00:00,0,AGENT,13:44:41,14:02:21,1060,DORIT
AA0202,48703,0,0,NE,990915,13:57:27,13:57:36,9,0:00:00,0:00:00,0,AGENT,13:57:35,14:00:12,157,KAZAV
AA0202,48704,0,0,PS,990915,14:06:40,14:06:50,10,0:00:00,0:00:00,0,AGENT,14:06:49,14:12:17,328,STEREN
AA0202,48705,71820039,2,PS,990915,14:17:50,14:17:56,6,14:17:56,14:17:59,3,AGENT,14:17:59,14:20:13,134,KAZAV
AA0202,48706,0,0,NE,990915,14:30:30,14:30:42,12,0:00:00,0:00:00,0,AGENT,14:30:42,14:35:06,264,ZOHARI
AA0202,48707,14866248,2,PS,990915,14:40:06,14:40:12,6,14:40:12,14:40:51,39,AGENT,14:40:50,14:42:29,99,VICKY
AA0202,48708,16686354,2,NE,990915,14:46:34,14:46:40,6,14:46:40,14:46:45,5,AGENT,14:46:44,14:48:31,107,ROTH
AA0202,48709,25124181,2,NE,990915,14:55:28,14:55:34,6,14:55:34,14:57:16,102,AGENT,14:57:16,15:20:29,1393,ELI
AA0202,48710,48820351,2,NE,990915,15:09:43,15:09:49,6,15:09:49,15:09:54,5,AGENT,15:09:53,15:14:59,306,KAZAV
AA0202,48711,32326662,1,PS,990915,15:14:27,15:14:33,6,15:14:33,15:16:59,146,AGENT,15:16:58,15:18:41,103,BASCH
AA0202,48712,23530603,2,PS,990915,15:25:23,15:25:29,6,15:25:29,15:25:34,5,AGENT,15:25:33,15:28:30,177,SHARON
AA0202,48713,56765985,2,PS,990915,15:32:17,15:32:23,6,15:32:23,15:32:38,15,AGENT,15:32:37,15:32:43,6,KAZAV
AA0202,48714,22263115,2,PS,990915,15:37:19,15:37:25,6,15:37:25,15:37:48,23,AGENT,15:37:47,15:40:38,171,BASCH
AA0202,48715,0,0,PS,990915,15:43:44,15:43:53,9,0:00:00,0:00:00,0,AGENT,15:43:52,15:44:59,67,SHARON
AA0202,48716,0,0,NE,990915,15:55:45,15:55:55,10,0:00:00,0:00:00,0,AGENT,15:55:54,15:59:12,198,STEREN
AA0202,48717,0,0,NW,990915,16:04:47,16:04:59,12,0:00:00,0:00:00,0,AGENT,16:04:59,16:05:46,47,AVNI
AA0202,48718,0,0,PS,990915,16:18:59,16:19:10,11,0:00:00,0:00:00,0,AGENT,16:19:10,16:20:49,99,BASCH
AA0202,48719,0,0,PS,990915,16:33:57,16:34:09,12,0:00:00,0:00:00,0,AGENT,16:34:08,16:35:33,85,BASCH
AA0202,48720,0,0,PS,990915,16:44:21,16:44:36,15,0:00:00,0:00:00,0,AGENT,16:44:35,16:49:22,287,BASCH
AA0202,48721,0,0,PS,990915,16:57:18,16:57:32,14,0:00:00,0:00:00,0,AGENT,16:57:31,16:57:41,10,MORIAH
AA0202,48722,0,0,NW,990915,17:15:00,17:15:11,11,0:00:00,0:00:00,0,AGENT,17:15:11,17:16:09,58,MORIAH
AA0202,48723,0,0,PS,990915,17:31:52,17:32:09,17,0:00:00,0:00:00,0,AGENT,17:32:08,17:37:04,296,YITZ
AA0202,48724,0,0,PS,990915,17:49:18,17:49:33,15,0:00:00,0:00:00,0,AGENT,17:49:31,17:50:16,45,TOVA
AA0202,48725,0,0,PS,990915,18:11:26,18:11:38,12,0:00:00,0:00:00,0,AGENT,18:11:37,18:14:39,182,BENSION
AA0202,48726,0,0,PS,990915,18:27:58,18:28:07,9,0:00:00,0:00:00,0,AGENT,18:28:07,18:29:14,67,BASCH
AA0202,48727,22013551,2,NE,990915,18:45:54,18:45:59,5,18:45:59,18:47:22,83,AGENT,18:47:21,18:50:27,186,ANAT
AA0202,48728,0,0,NW,990915,18:58:56,18:59:15,19,0:00:00,0:00:00,0,AGENT,18:59:10,18:59:27,17,MORIAH
AA0202,48729,0,0,PS,990915,19:22:18,19:22:28,10,0:00:00,0:00:00,0,AGENT,19:22:27,19:24:22,115,BENSION
AA0202,48730,0,0,PS,990915,19:45:08,19:45:22,14,0:00:00,0:00:00,0,AGENT,19:45:21,19:46:31,70,ANAT
AA0202,48731,0,0,PS,990915,20:09:58,20:10:10,12,0:00:00,0:00:00,0,AGENT,20:10:10,20:16:23,373,TOVA
AA0202,48732,0,0,PS,990915,20:29:44,20:29:59,15,0:00:00,0:00:00,0,AGENT,20:29:58,20:31:56,118,BASCH
AA0202,48733,0,0,NE,990915,20:47:37,20:47:46,9,0:00:00,0:00:00,0,AGENT,20:47:46,20:49:22,96,MORIAH
AA0202,48734,0,0,PS,990915,21:05:00,21:05:11,11,0:00:00,0:00:00,0,AGENT,21:05:11,21:10:36,325,YITZ
AA0202,48735,0,0,NE,990915,21:23:44,21:23:53,9,0:00:00,0:00:00,0,AGENT,21:23:52,21:23:56,4,MORIAH
AA0202,48736,0,0,NW,990915,21:41:10,21:41:24,14,0:00:00,0:00:00,0,AGENT,21:41:24,21:42:54,90,YITZ
AA0202,48737,0,0,NW,990915,21:55:37,21:55:47,10,21:55:47,21:55:47,0,HANG,0:00:00,0:00:00,0,NO_SERVER
AA0202,48738,27344811,1,PS,990915,22:15:34,22:15:39,5,22:15:39,22:16:01,22,AGENT,22:16:00,22:22:28,388,GELBER
AA0202,48739,33406729,1,PS,990915,22:41:56,22:42:02,6,22:42:02,22:44:34,152,AGENT,22:44:33,22:46:56,143,AVI
AA0202,48741,0,0,PS,990915,23:17:08,23:17:08,0,0:00:00,0:00:00,0,HANG,0:00:00,0:00:00,0,NO_SERVER
AA0202,48742,55981112,1,PS,990915,23:58:40,23:58:45,5,23:58:45,23:59:29,44,AGENT,23:59:29,0:01:31,122,AVI
AA0202,48743,0,0,PS,990916,5:46:17,5:47:32,75,0:00:00,0:00:00,0,HANG,0:00:00,0:00:00,0,NO_SERVER
AA0202,48744,0,0,NW,990916,7:15:53,7:16:02,9,0:00:00,0:00:00,0,AGENT,7:16:05,7:16:14,9,NO_SERVER
AA0202,48745,0,0,PS,990916,7:42:56,7:43:04,8,0:00:00,0:00:00,0,AGENT,7:43:04,7:45:44,160,YIFAT
AA0202,48746,0,0,PS,990916,8:10:18,8:10:28,10,0:00:00,0:00:00,0,AGENT,8:10:27,8:11:31,64,KAZAV
AA0202,48747,0,0,NW,990916,8:18:20,8:18:29,9,8:18:29,8:19:10,41,AGENT,8:19:09,8:22:11,182,MORIAH
AA0202,48748,0,0,NW,990916,8:39:05,8:39:14,9,8:39:14,8:40:55,101,AGENT,8:40:54,8:41:08,14,MORIAH
AA0202,48749,0,0,NW,990916,8:49:22,8:49:31,9,8:49:31,8:50:01,30,HANG,0:00:00,0:00:00,0,NO_SERVER
AA0202,48750,0,0,PS,990916,9:00:47,9:00:58,11,0:00:00,0:00:00,0,AGENT,9:00:57,9:02:18,81,ANAT
AA0202,48751,58859752,2,PS,990916,9:10:06,9:10:13,7,9:10:13,9:10:41,28,AGENT,9:10:40,9:11:25,45,TOVA
AA0202,48752,0,0,PS,990916,9:20:25,9:20:33,8,0:00:00,0:00:00,0,AGENT,9:20:33,9:24:45,252,ROTH
AA0202,48753,0,0,PS,990916,9:37:10,9:37:21,11,0:00:00,0:00:00,0,AGENT,9:37:21,9:42:59,338,MORIAH
AA0202,48754,0,0,NW,990916,9:49:26,9:49:35,9,9:49:35,9:51:08,93,AGENT,9:51:07,9:52:28,81,MORIAH
AA0202,48755,0,0,PS,990916,10:01:05,10:01:14,9,0:00:00,0:00:00,0,AGENT,10:01:13,10:01:17,4,TOVA
AA0202,48756,0,0,PS,990916,10:11:54,10:12:03,9,0:00:00,0:00:00,0,AGENT,10:12:02,10:19:20,438,ZOHARI
AA0202,48757,33474602,2,PS,990916,10:19:54,10:19:59,5,10:19:59,10:20:21,22,AGENT,10:20:20,10:23:03,163,TOVA
AA0202,48758,16992406,1,PS,990916,10:25:49,10:25:54,5,10:25:54,10:27:17,83,AGENT,10:27:16,10:29:03,107,ROTH
AA0202,48759,52031556,2,NE,990916,10:32:25,10:32:31,6,10:32:31,10:33:02,31,AGENT,10:33:01,10:37:54,293,KAZAV
AA0202,48760,0,0,PS,990916,10:42:27,10:42:40,13,0:00:00,0:00:00,0,AGENT,10:42:40,10:43:57,77,ANAT
AA0202,48761,0,0,PS,990916,10:54:55,10:55:07,12,0:00:00,0:00:00,0,AGENT,10:55:06,11:02:32,446,MORIAH
AA0202,48762,12482634,2,NE,990916,11:07:13,11:07:18,5,11:07:18,11:07:53,35,AGENT,11:07:52,11:10:23,151,TOVA
AA0202,48763,34375766,2,PS,990916,11:20:11,11:20:17,6,11:20:17,11:20:31,14,AGENT,11:20:31,11:22:04,93,MORIAH
AA0202,48764,71520779,1,PS,990916,11:28:44,11:28:50,6,11:28:50,11:29:29,39,AGENT,11:29:28,11:42:30,782,MORIAH
AA0202,48765,0,0,PS,990916,11:45:25,11:45:35,10,0:00:00,0:00:00,0,AGENT,11:45:33,11:46:48,75,ROTH
AA0202,48766,0,0,PS,990916,11:57:32,11:57:42,10,0:00:00,0:00:00,0,AGENT,11:57:41,11:59:24,103,ANAT
AA0202,48767,56732811,2,PS,990916,12:04:34,12:04:39,5,12:04:39,12:04:52,13,AGENT,12:04:51,12:05:04,13,DORIT
AA0202,48768,0,0,PS,990916,12:09:21,12:09:33,12,0:00:00,0:00:00,0,HANG,0:00:00,0:00:00,0,NO_SERVER
AA0202,48769,52120771,1,NE,990916,12:18:36,12:18:42,6,12:18:42,12:19:51,69,AGENT,12:19:50,12:22:21,151,ELI
AA0202,48770,0,0,NW,990916,12:31:58,12:32:10,12,0:00:00,0:00:00,0,AGENT,12:32:10,12:32:55,45,MORIAH
AA0202,48771,0,0,PS,990916,12:49:14,12:49:24,10,0:00:00,0:00:00,0,AGENT,12:49:23,12:55:31,368,DORIT
AA0202,48772,52867744,2,PS,990916,12:59:31,12:59:37,6,12:59:37,13:00:11,34,AGENT,13:00:11,13:00:17,6,MORIAH
AA0202,48773,52867744,2,PS,990916,13:10:00,13:10:05,5,13:10:05,13:11:13,68,AGENT,13:11:13,13:14:44,211,KAZAV
AA0202,48774,0,0,PS,990916,13:20:31,13:20:41,10,0:00:00,0:00:00,0,AGENT,13:20:40,13:32:20,700,ZOHARI
AA0202,48775,65032120,2,NE,990916,13:29:08,13:29:14,6,13:29:14,13:31:48,154,AGENT,13:31:47,13:36:14,267,KAZAV
AA0202,48776,23895501,2,PS,990916,13:41:00,13:41:05,5,13:41:05,13:41:39,34,AGENT,13:41:39,13:44:27,168,MORIAH
AA0202,48777,1574243,2,NE,990916,13:52:34,13:52:40,6,13:52:40,13:53:52,72,AGENT,13:53:51,13:53:54,3,MORIAH
AA0202,48778,28083079,1,PS,990916,14:04:29,14:04:35,6,14:04:35,14:05:30,55,AGENT,14:05:28,14:05:54,26,GOLDIE
AA0202,48779,24927717,1,PS,990916,14:11:07,14:11:13,6,14:11:13,14:11:21,8,HANG,0:00:00,0:00:00,0,NO_SERVER
AA0202,48780,63193346,2,PS,990916,14:17:52,14:17:58,6,14:17:58,14:18:34,36,AGENT,14:18:34,14:18:49,15,ROTH
AA0202,48781,57074585,2,PS,990916,14:30:07,14:30:12,5,14:30:12,14:30:25,13,AGENT,14:30:23,14:32:30,127,KAZAV
AA0202,48782,0,0,NW,990916,14:40:53,14:41:06,13,0:00:00,0:00:00,0,AGENT,14:41:05,14:42:35,90,MORIAH
AA0202,48784,0,0,NE,990916,14:51:39,14:51:39,0,0:00:00,0:00:00,0,HANG,0:00:00,0:00:00,0,NO_SERVER
AA0202,48785,1574243,2,NE,990916,14:56:35,14:56:41,6,14:56:41,14:56:52,11,AGENT,14:56:51,14:57:20,29,ELI
AA0202,48786,65032120,2,PS,990916,15:04:11,15:04:17,6,15:04:17,15:09:06,289,AGENT,15:09:04,15:17:20,496,KAZAV
AA0202,48787,56773153,2,PS,990916,15:15:31,15:15:36,5,15:15:36,15:19:43,247,HANG,0:00:00,0:00:00,0,NO_SERVER
AA0202,48788,7191646,2,NE,990916,15:27:56,15:28:01,5,15:28:01,15:29:55,114,AGENT,15:29:54,15:55:51,1557,DORIT
AA0202,48789,28711224,1,PS,990916,15:34:37,15:34:43,6,15:34:43,15:34:50,7,HANG,0:00:00,0:00:00,0,NO_SERVER
AA0202,48790,28117505,2,PS,990916,15:38:55,15:39:00,5,15:39:00,15:40:30,90,HANG,0:00:00,0:00:00,0,NO_SERVER
AA0202,48791,24405672,2,PS,990916,15:48:03,15:48:09,6,15:48:09,15:48:21,12,HANG,0:00:00,0:00:00,0,NO_SERVER
AA0202,48792,27945096,1,PS,990916,15:55:01,15:55:07,6,15:55:07,16:02:52,465,AGENT,16:02:51,16:12:15,564,ROTH
AA0202,48793,0,0,NW,990916,16:10:35,16:10:45,10,16:10:45,16:11:20,35,AGENT,16:11:18,16:12:53,95,AVI
AA0202,48794,2043974,1,NE,990916,16:24:05,16:24:10,5,16:24:10,16:26:09,119,AGENT,16:26:09,16:27:25,76,STEREN
AA0202,48795,7211899,2,PS,990916,16:40:14,16:40:20,6,16:40:20,16:40:23,3,AGENT,16:40:22,16:42:58,156,STEREN
AA0202,48796,15538002,2,PS,990916,16:49:47,16:49:53,6,16:49:53,16:53:34,221,AGENT,16:53:33,16:58:03,270,STEREN
AA0202,48797,4312914,2,PS,990916,17:08:18,17:08:23,5,17:08:23,17:08:59,36,AGENT,17:08:58,17:10:40,102,AVI
AA0202,48798,58704610,2,PS,990916,17:23:06,17:23:11,5,17:23:11,17:23:23,12,AGENT,17:23:23,17:24:58,95,GILI
AA0202,48799,0,0,PS,990916,17:39:24,17:39:39,15,0:00:00,0:00:00,0,AGENT,17:39:38,17:40:46,68,VICKY
AA0202,48800,0,0,PS,990916,18:01:18,18:01:28,10,0:00:00,0:00:00,0,AGENT,18:01:27,18:02:12,45,VICKY
AA0202,48801,0,0,PS,990916,18:23:25,18:23:39,14,0:00:00,0:00:00,0,AGENT,18:23:38,18:24:49,71,AVI
AA0202,48802,0,0,PS,990916,18:43:58,18:44:07,9,0:00:00,0:00:00,0,AGENT,18:44:06,18:50:27,381,GOLDIE
AA0202,48803,0,0,PS,990916,19:11:23,19:11:36,13,0:00:00,0:00:00,0,AGENT,19:11:35,19:13:26,111,AVI
AA0202,48804,0,0,PS,990916,19:19:47,19:20:02,15,0:00:00,0:00:00,0,AGENT,19:20:00,19:23:36,216,VICKY
AA0202,48805,0,0,NW,990916,19:40:37,19:40:51,14,0:00:00,0:00:00,0,AGENT,19:40:50,19:42:28,98,AVI
AA0202,48806,0,0,PE,990916,20:13:49,20:14:01,12,0:00:00,0:00:00,0,AGENT,20:14:00,20:19:06,306,AVNI
AA0202,48807,0,0,PS,990916,20:50:51,20:51:02,11,0:00:00,0:00:00,0,AGENT,20:51:01,20:56:22,321,MEIR
AA0202,48808,43452507,2,PS,990916,21:13:57,21:14:02,5,21:14:02,21:14:51,49,AGENT,21:14:50,21:17:03,133,MEIR
AA0202,48809,0,0,PS,990916,21:48:31,21:48:41,10,0:00:00,0:00:00,0,AGENT,21:48:40,22:00:35,715,STEREN
AA0202,48810,307019174,1,PS,990916,22:11:42,22:11:48,6,22:11:48,22:14:30,162,AGENT,22:14:29,22:20:53,384,AVI
AA0202,48811,58029620,2,PS,990916,22:32:38,22:32:44,6,22:32:44,22:33:34,50,AGENT,22:33:33,22:34:36,63,VICKY
AA0202,48812,0,0,PS,990916,23:04:56,23:05:05,9,0:00:00,0:00:00,0,AGENT,23:05:04,23:09:51,287,AVNI
AA0202,48813,0,0,PS,990916,23:51:32,23:51:40,8,0:00:00,0:00:00,0,AGENT,23:51:40,23:54:36,176,AVNI
AA0202,48814,17086489,1,PS,990917,6:54:39,6:54:45,6,6:54:45,6:55:04,19,HANG,0:00:00,0:00:00,0,NO_SERVER
AA0202,48815,0,0,PS,990917,7:43:42,7:43:50,8,0:00:00,0:00:00,0,AGENT,7:43:49,7:46:30,161,STEREN
AA0202,48816,0,0,PS,990917,8:14:37,8:14:47,10,0:00:00,0:00:00,0,AGENT,8:14:46,8:16:38,112,STEREN
AA0202,48817,0,0,PS,990917,8:30:17,8:30:27,10,0:00:00,0:00:00,0,AGENT,8:30:25,8:34:35,250,DORIT
AA0202,48818,0,0,NW,990917,8:45:35,8:45:44,9,8:45:44,8:46:22,38,HANG,0:00:00,0:00:00,0,NO_SERVER
AA0202,48819,59065060,2,PS,990917,8:54:18,8:54:23,5,8:54:23,8:56:11,108,AGENT,8:56:09,8:56:14,5,MORIAH
AA0202,48820,58859117,2,PS,990917,9:07:28,9:07:33,5,9:07:33,9:08:06,33,AGENT,9:08:05,9:13:50,345,BENSION
AA0202,48821,0,0,NE,990917,9:25:25,9:25:35,10,0:00:00,0:00:00,0,AGENT,9:25:33,9:27:12,99,STEREN
AA0202,48822,0,0,PS,990917,9:39:43,9:39:51,8,0:00:00,0:00:00,0,AGENT,9:39:51,9:42:32,161,STEREN
AA0202,48823,27644400,2,PS,990917,9:48:59,9:49:05,6,9:49:05,9:50:04,59,AGENT,9:50:04,9:50:58,54,SHARON
AA0202,48824,320452535,1,PS,990917,10:01:17,10:01:23,6,10:01:23,10:01:36,13,AGENT,10:01:35,10:07:08,333,MORIAH
AA0202,48825,0,0,PS,990917,10:15:42,10:15:52,10,0:00:00,0:00:00,0,AGENT,10:15:51,10:18:26,155,SHARON
AA0202,48826,0,0,PS,990917,10:33:05,10:33:16,11,0:00:00,0:00:00,0,AGENT,10:33:16,10:34:09,53,SHARON
AA0202,48827,0,0,PS,990917,10:52:59,10:53:12,13,0:00:00,0:00:00,0,AGENT,10:53:11,10:53:14,3,MORIAH
AA0202,48828,0,0,PS,990917,11:10:31,11:10:42,11,0:00:00,0:00:00,0,AGENT,11:10:42,11:11:37,55,SHARON
AA0202,48829,0,0,NW,990917,11:25:17,11:25:26,9,11:25:26,11:25:55,29,AGENT,11:25:54,11:33:59,485,DORIT
AA0202,48830,0,0,PS,990917,11:41:42,11:41:52,10,0:00:00,0:00:00,0,AGENT,11:41:50,11:43:46,116,STEREN
AA0202,48831,0,0,NW,990917,12:03:23,12:03:37,14,0:00:00,0:00:00,0,AGENT,12:03:36,12:04:19,43,STEREN
AA0202,48832,2418036,2,PS,990917,12:26:22,12:26:27,5,12:26:27,12:26:32,5,AGENT,12:26:32,12:28:57,145,STEREN
AA0202,48833,0,0,PS,990917,12:50:30,12:50:42,12,0:00:00,0:00:00,0,AGENT,12:50:41,12:52:53,132,SHARON
AA0202,48834,0,0,NW,990917,13:22:17,13:22:31,14,0:00:00,0:00:00,0,AGENT,13:22:30,13:24:44,134,BENSION
AA0202,48835,0,0,NW,990917,13:56:01,13:56:11,10,13:56:11,13:56:17,6,AGENT,13:56:16,13:56:40,24,MORIAH
AA0202,48836,0,0,PS,990917,14:58:46,14:58:58,12,0:00:00,0:00:00,0,HANG,0:00:00,0:00:00,0,NO_SERVER
AA0202,48837,0,0,NW,990917,16:29:57,16:30:22,25,0:00:00,0:00:00,0,HANG,0:00:00,0:00:00,0,NO_SERVER
AA0202,48838,0,0,NW,990918,14:56:08,14:56:36,28,0:00:00,0:00:00,0,HANG,0:00:00,0:00:00,0,NO_SERVER
AA0202,48839,0,0,PS,990918,19:47:50,19:48:16,26,0:00:00,0:00:00,0,HANG,0:00:00,0:00:00,0,NO_SERVER
AA0202,48840,0,0,PS,990918,20:28:45,20:29:06,21,0:00:00,0:00:00,0,AGENT,20:29:06,20:29:09,3,NO_SERVER
AA0202,48841,24304198,2,PS,990918,20:51:21,20:51:27,6,20:51:27,20:52:07,40,AGENT,20:52:07,20:54:24,137,SHARON
AA0202,48842,0,0,PS,990918,21:31:28,21:31:37,9,0:00:00,0:00:00,0,AGENT,21:31:36,21:35:52,256,AVI
AA0202,48843,0,0,PS,990918,22:09:21,22:09:32,11,0:00:00,0:00:00,0,AGENT,22:09:32,22:09:32,0,AVI
AA0202,48844,0,0,PS,990918,23:04:31,23:04:44,13,0:00:00,0:00:00,0,AGENT,23:04:43,23:04:56,13,AVI
AA0202,48845,0,0,PS,990919,0:37:53,0:38:14,21,0:00:00,0:00:00,0,HANG,0:00:00,0:00:00,0,NO_SERVER
AA0202,48846,0,0,PS,990919,7:24:59,7:25:08,9,0:00:00,0:00:00,0,AGENT,7:25:08,7:28:22,194,SHARON
AA0202,48847,0,0,PS,990919,7:52:39,7:52:48,9,0:00:00,0:00:00,0,AGENT,7:52:47,7:53:13,26,ROTH
AA0202,48848,0,0,NW,990919,8:12:01,8:12:30,29,0:00:00,0:00:00,0,AGENT,8:12:30,8:13:35,65,SHARON
AA0202,48849,0,0,NW,990919,8:28:04,8:28:13,9,8:28:13,8:28:28,15,AGENT,8:28:26,8:28:45,19,SHARON
AA0202,48850,0,0,NW,990919,8:41:01,8:41:15,14,0:00:00,0:00:00,0,AGENT,8:41:14,8:44:22,188,AVNI
AA0202,48851,29003860,1,PS,990919,8:51:59,8:52:04,5,8:52:04,8:52:15,11,AGENT,8:52:14,8:53:13,59,YIFAT
AA0202,48852,0,0,NW,990919,9:00:22,9:00:34,12,0:00:00,0:00:00,0,AGENT,9:00:33,9:04:53,260,AVNI
AA0202,48853,0,0,PS,990919,9:19:12,9:19:21,9,0:00:00,0:00:00,0,AGENT,9:19:21,9:20:56,95,AVNI
AA0202,48854,0,0,PS,990919,9:36:24,9:36:32,8,0:00:00,0:00:00,0,AGENT,9:36:31,9:47:44,673,ROTH
AA0202,48855,0,0,PS,990919,9:49:56,9:50:13,17,0:00:00,0:00:00,0,AGENT,9:50:12,9:51:17,65,ANAT
AA0202,48856,0,0,PS,990919,10:13:20,10:13:30,10,0:00:00,0:00:00,0,AGENT,10:13:30,10:16:09,159,ANAT
AA0202,48857,0,0,PS,990919,10:45:35,10:45:44,9,0:00:00,0:00:00,0,AGENT,10:45:43,10:47:06,83,SHARON
AA0202,48858,24176208,1,PS,990919,11:13:10,11:13:16,6,11:13:16,11:13:42,26,PHANTOM,11:13:41,11:14:14,33,NO_SERVER
AA0202,48859,0,0,NW,990919,14:49:19,14:50:37,78,0:00:00,0:00:00,0,HANG,0:00:00,0:00:00,0,NO_SERVER
AA0202,48860,0,0,NW,990920,20:00:53,20:02:16,83,0:00:00,0:00:00,0,HANG,0:00:00,0:00:00,0,NO_SERVER
AA0202,48861,0,0,PS,990920,21:11:56,21:12:06,10,0:00:00,0:00:00,0,AGENT,21:12:06,21:13:54,108,SHARON
AA0202,48862,0,0,PS,990920,21:36:31,21:36:47,16,0:00:00,0:00:00,0,AGENT,21:36:47,21:37:55,68,SHARON
AA0202,48863,0,0,PS,990920,22:09:04,22:09:20,16,0:00:00,0:00:00,0,AGENT,22:09:20,22:10:05,45,SHARON
AA0202,48864,962908463,2,PS,990920,22:39:27,22:39:32,5,22:39:32,22:39:45,13,AGENT,22:39:44,22:41:23,99,SHARON
AA0202,48865,0,0,PS,990920,23:08:53,23:09:07,14,0:00:00,0:00:00,0,AGENT,23:09:06,23:15:32,386,DORIT
AA0202,48866,0,0,PS,990920,23:56:42,23:56:55,13,0:00:00,0:00:00,0,AGENT,23:56:54,0:00:57,243,ZOHARI
AA0202,48867,0,0,NW,990921,4:26:54,4:26:55,1,0:00:00,0:00:00,0,HANG,0:00:00,0:00:00,0,NO_SERVER
AA0202,48868,0,0,PS,990921,7:14:00,7:14:24,24,0:00:00,0:00:00,0,AGENT,7:14:24,7:16:13,109,MORIAH
AA0202,48869,0,0,NW,990921,7:35:35,7:35:44,9,7:35:44,7:38:37,173,AGENT,7:38:36,7:39:07,31,MORIAH
AA0202,48870,0,0,PS,990921,8:01:17,8:01:27,10,0:00:00,0:00:00,0,AGENT,8:01:26,8:07:49,383,DORIT
AA0202,48871,0,0,PS,990921,8:18:26,8:18:37,11,0:00:00,0:00:00,0,AGENT,8:18:36,8:20:30,114,DORIT
AA0202,48872,0,0,PS,990921,8:36:38,8:36:47,9,0:00:00,0:00:00,0,AGENT,8:36:46,8:37:59,73,ROTH
AA0202,48873,314234345,2,PE,990921,8:47:36,8:47:41,5,8:47:41,8:48:01,20,AGENT,8:47:59,8:56:36,517,DORIT
AA0202,48874,0,0,NW,990921,9:03:05,9:03:19,14,0:00:00,0:00:00,0,AGENT,9:03:18,9:05:31,133,AVI
AA0202,48875,0,0,PS,990921,9:15:43,9:15:53,10,0:00:00,0:00:00,0,AGENT,9:15:51,9:17:47,116,AVNI
AA0202,48876,0,0,PS,990921,9:24:03,9:24:13,10,0:00:00,0:00:00,0,AGENT,9:24:11,9:27:17,186,AVNI
AA0202,48877,0,0,NE,990921,9:36:13,9:36:24,11,0:00:00,0:00:00,0,AGENT,9:36:23,9:46:34,611,MORIAH
AA0202,48878,54613724,2,NE,990921,9:46:18,9:46:23,5,9:46:23,9:46:39,16,AGENT,9:46:39,9:47:19,40,MORIAH
AA0202,48879,13000567,2,PS,990921,9:52:08,9:52:13,5,9:52:13,9:52:45,32,AGENT,9:52:44,9:53:49,65,AVI
AA0202,48880,30442495,2,PS,990921,9:58:09,9:58:14,5,9:58:14,9:58:40,26,AGENT,9:58:40,10:09:35,655,ROTH
AA0202,48881,2043974,1,NE,990921,10:05:26,10:05:31,5,10:05:31,10:06:03,32,AGENT,10:06:02,10:07:46,104,AVI
AA0202,48882,57460131,2,PS,990921,10:12:41,10:12:46,5,10:12:46,10:14:22,96,AGENT,10:14:20,10:15:38,78,KAZAV
AA0202,48883,63730469,1,PS,990921,10:19:22,10:19:28,6,10:19:28,10:20:47,79,AGENT,10:20:46,10:21:13,27,ANAT
AA0202,48884,703074,2,PS,990921,10:27:02,10:27:08,6,10:27:08,10:27:58,50,AGENT,10:27:56,10:28:01,5,YIFAT
AA0202,48885,0,0,NW,990921,10:36:08,10:36:18,10,10:36:18,10:41:07,289,AGENT,10:41:06,10:41:15,9,AVI
AA0202,48886,0,0,PS,990921,10:49:48,10:49:58,10,0:00:00,0:00:00,0,AGENT,10:49:57,10:51:02,65,BASCH
AA0202,48887,0,0,PS,990921,10:51:48,10:52:09,21,0:00:00,0:00:00,0,HANG,0:00:00,0:00:00,0,NO_SERVER
AA0202,48888,0,0,PS,990921,10:54:45,10:54:54,9,10:54:54,10:55:23,29,PHANTOM,10:55:22,10:55:25,3,NO_SERVER
AA0202,48889,0,0,PS,990921,10:56:02,10:56:11,9,10:56:11,10:56:16,5,PHANTOM,10:56:16,10:56:21,5,NO_SERVER
AA0202,48890,56395601,1,PS,990921,11:02:25,11:02:31,6,11:02:31,11:03:33,62,AGENT,11:03:32,11:06:14,162,AVI
AA0202,48891,314404104,2,PS,990921,11:11:20,11:11:26,6,11:11:26,11:12:17,51,AGENT,11:12:16,11:14:57,161,DORIT
AA0202,48892,0,0,PS,990921,11:18:31,11:18:45,14,0:00:00,0:00:00,0,HANG,0:00:00,0:00:00,0,NO_SERVER
AA0202,48893,0,0,PS,990921,11:27:11,11:27:20,9,0:00:00,0:00:00,0,AGENT,11:27:20,11:28:16,56,ANAT
AA0202,48894,0,0,PS,990921,11:41:05,11:41:18,13,0:00:00,0:00:00,0,AGENT,11:41:17,11:45:06,229,BASCH
AA0202,48895,36308013,1,PS,990921,11:48:50,11:48:56,6,11:48:56,11:50:50,114,AGENT,11:50:49,11:54:00,191,MORIAH
AA0202,48896,0,0,NW,990921,12:02:13,12:02:23,10,12:02:23,12:02:44,21,AGENT,12:02:44,12:05:51,187,AVI
AA0202,48897,63193346,2,PS,990921,12:13:47,12:13:53,6,12:13:53,12:14:52,59,AGENT,12:14:51,12:16:59,128,AVNI
AA0202,48898,0,0,PS,990921,12:27:20,12:27:29,9,0:00:00,0:00:00,0,AGENT,12:27:28,12:27:33,5,NO_SERVER
AA0202,48899,0,0,PS,990921,12:38:17,12:38:26,9,0:00:00,0:00:00,0,AGENT,12:38:24,12:39:13,49,BASCH
AA0202,48900,0,0,PS,990921,12:53:34,12:53:42,8,0:00:00,0:00:00,0,AGENT,12:53:42,12:59:06,324,ROTH
AA0202,48901,12887816,1,PS,990921,13:06:07,13:06:13,6,13:06:13,13:06:53,40,AGENT,13:06:52,13:09:13,141,ROTH
AA0202,48902,0,0,PS,990921,13:22:09,13:22:18,9,0:00:00,0:00:00,0,AGENT,13:22:17,13:32:24,607,DORIT
AA0202,48903,0,0,PS,990921,13:34:02,13:34:11,9,0:00:00,0:00:00,0,AGENT,13:34:11,13:36:41,150,DORIT
AA0202,48904,29448081,2,PS,990921,13:40:49,13:40:55,6,13:40:55,13:42:26,91,AGENT,13:42:25,13:43:26,61,AVI
AA0202,48905,27139807,2,PS,990921,13:48:44,13:48:49,5,13:48:49,13:51:30,161,AGENT,13:51:29,13:52:32,63,AVI
AA0202,48906,65032120,2,PS,990921,13:59:27,13:59:33,6,13:59:33,13:59:41,8,AGENT,13:59:40,14:05:07,327,DORIT
AA0202,48907,0,0,NW,990921,14:08:25,14:08:35,10,14:08:35,14:11:22,167,AGENT,14:11:22,14:12:22,60,ROTH
AA0202,48908,0,0,PS,990921,14:21:50,14:22:01,11,0:00:00,0:00:00,0,AGENT,14:21:59,14:22:59,60,BASCH
AA0202,48909,0,0,NW,990921,14:37:23,14:37:36,13,0:00:00,0:00:00,0,AGENT,14:37:35,14:38:22,47,AVI
AA0202,48910,0,0,PS,990921,14:48:44,14:48:53,9,0:00:00,0:00:00,0,AGENT,14:48:52,14:50:05,73,AVI
AA0202,48911,24851511,2,PS,990921,15:01:44,15:01:49,5,15:01:49,15:01:50,1,HANG,0:00:00,0:00:00,0,NO_SERVER
AA0202,48912,41546904,2,NE,990921,15:12:11,15:12:17,6,15:12:17,15:12:38,21,AGENT,15:12:37,15:17:37,300,KAZAV
AA0202,48913,57074585,2,PS,990921,15:21:46,15:21:51,5,15:21:51,15:22:40,49,AGENT,15:22:39,15:25:30,171,AVNI
AA0202,48914,25022625,2,PS,990921,15:31:29,15:31:35,6,15:31:35,15:32:09,34,AGENT,15:32:09,15:32:38,29,BASCH
AA0202,48915,41546904,2,NE,990921,15:40:38,15:40:43,5,15:40:43,15:41:11,28,AGENT,15:41:10,15:49:03,473,ZOHARI
AA0202,48916,0,0,NE,990921,15:51:37,15:51:48,11,0:00:00,0:00:00,0,AGENT,15:51:47,15:55:58,251,TOVA
AA0202,48917,0,0,PS,990921,16:02:00,16:08:39,399,0:00:00,0:00:00,0,HANG,0:00:00,0:00:00,0,NO_SERVER
AA0202,48918,0,0,NW,990921,16:23:52,16:24:04,12,0:00:00,0:00:00,0,AGENT,16:24:03,16:25:15,72,GOLDIE
AA0202,48919,0,0,PS,990921,16:36:46,16:36:55,9,0:00:00,0:00:00,0,AGENT,16:36:54,16:38:45,111,YITZ
AA0202,48920,0,0,PS,990921,16:53:02,16:53:13,11,0:00:00,0:00:00,0,AGENT,16:53:13,16:56:03,170,BENSION
AA0202,48921,0,0,NW,990921,17:07:31,17:07:41,10,17:07:41,17:11:00,199,AGENT,17:10:59,17:11:56,57,YITZ
AA0202,48922,0,0,PS,990921,17:27:47,17:27:57,10,0:00:00,0:00:00,0,AGENT,17:27:56,17:29:00,64,VICKY
AA0202,48923,0,0,NW,990921,17:47:04,17:47:17,13,0:00:00,0:00:00,0,AGENT,17:47:17,17:51:06,229,GOLDIE
AA0202,48924,0,0,PS,990921,18:07:51,18:08:02,11,0:00:00,0:00:00,0,AGENT,18:08:02,18:09:26,84,VICKY
AA0202,48925,0,0,PS,990921,18:23:05,18:23:16,11,0:00:00,0:00:00,0,AGENT,18:23:15,18:24:19,64,VICKY
AA0202,48926,0,0,PS,990921,18:47:20,18:47:28,8,0:00:00,0:00:00,0,AGENT,18:47:27,18:48:18,51,TOVA
AA0202,48927,0,0,NE,990921,19:09:16,19:09:27,11,0:00:00,0:00:00,0,AGENT,19:09:26,19:10:15,49,TOVA
AA0202,48928,0,0,PS,990921,19:37:20,19:37:39,19,0:00:00,0:00:00,0,AGENT,19:37:38,19:41:47,249,GOLDIE
AA0202,48929,0,0,PS,990921,19:49:39,19:49:50,11,0:00:00,0:00:00,0,AGENT,19:49:49,19:56:15,386,ZOHARI
AA0202,48930,0,0,PS,990921,20:16:00,20:16:10,10,0:00:00,0:00:00,0,AGENT,20:16:10,20:18:36,146,ZOHARI
AA0202,48931,0,0,NE,990921,20:39:13,20:39:25,12,0:00:00,0:00:00,0,AGENT,20:39:24,20:39:25,1,VICKY
AA0202,48932,0,0,PS,990921,20:58:53,20:59:06,13,0:00:00,0:00:00,0,AGENT,20:59:04,21:00:05,61,GOLDIE
AA0202,48933,0,0,PS,990921,21:13:07,21:13:15,8,0:00:00,0:00:00,0,AGENT,21:13:14,21:15:16,122,STEREN
AA0202,48934,0,0,PS,990921,21:38:05,21:38:17,12,0:00:00,0:00:00,0,AGENT,21:38:15,21:40:09,114,YITZ
AA0202,48935,0,0,PS,990921,21:54:50,21:54:58,8,0:00:00,0:00:00,0,AGENT,21:54:57,22:12:05,1028,STEREN
AA0202,48936,71520779,1,PS,990921,22:20:09,22:20:15,6,22:20:15,22:21:12,57,AGENT,22:21:11,22:23:26,135,GILI
AA0202,48937,0,0,PS,990921,22:47:26,22:47:33,7,0:00:00,0:00:00,0,AGENT,22:47:33,22:49:30,117,STEREN
AA0202,48938,0,0,PS,990921,23:08:10,23:08:19,9,0:00:00,0:00:00,0,AGENT,23:08:19,23:10:19,120,STEREN
AA0202,48939,29680725,1,PS,990921,23:39:00,23:39:05,5,23:39:05,23:41:37,152,AGENT,23:41:37,23:42:19,42,BENSION
AA0202,48941,0,0,PS,990922,6:43:00,6:43:00,0,0:00:00,0:00:00,0,HANG,0:00:00,0:00:00,0,NO_SERVER
AA0202,48942,0,0,PS,990922,7:25:03,7:25:12,9,0:00:00,0:00:00,0,AGENT,7:25:11,7:26:32,81,VICKY
AA0202,48943,2205342,2,PS,990922,7:44:42,7:44:48,6,7:44:48,7:46:25,97,AGENT,7:46:23,7:47:23,60,YIFAT
AA0202,48944,0,0,NW,990922,8:07:17,8:07:26,9,8:07:26,8:07:49,23,AGENT,8:07:48,8:08:26,38,GOLDIE
AA0202,48945,0,0,PS,990922,8:23:22,8:23:32,10,0:00:00,0:00:00,0,AGENT,8:23:30,8:23:40,10,ZOHARI
AA0202,48946,0,0,PS,990922,8:37:53,8:38:06,13,0:00:00,0:00:00,0,AGENT,8:38:04,8:40:00,116,ZOHARI
AA0202,48947,0,0,NW,990922,8:51:11,8:51:24,13,0:00:00,0:00:00,0,AGENT,8:51:24,8:51:42,18,KAZAV
AA0202,48948,0,0,NW,990922,9:02:32,9:02:46,14,0:00:00,0:00:00,0,AGENT,9:02:45,9:02:46,1,TOVA
AA0202,48949,55268056,2,PS,990922,9:09:25,9:09:31,6,9:09:31,9:09:55,24,AGENT,9:09:54,9:11:28,94,KAZAV
AA0202,48950,53995205,2,PS,990922,9:19:14,9:19:20,6,9:19:20,9:19:41,21,AGENT,9:19:40,9:20:52,72,GOLDIE
AA0202,48951,0,0,PS,990922,9:28:32,9:28:41,9,0:00:00,0:00:00,0,AGENT,9:28:40,9:29:51,71,STEREN
AA0202,48952,0,0,PS,990922,9:40:20,9:40:31,11,0:00:00,0:00:00,0,AGENT,9:40:30,9:41:23,53,TOVA
AA0202,48953,29725090,1,PS,990922,9:47:46,9:47:51,5,9:47:51,9:48:36,45,AGENT,9:48:35,9:52:29,234,TOVA
AA0202,48954,0,0,NW,990922,9:58:00,9:58:09,9,9:58:09,9:58:39,30,AGENT,9:58:38,9:59:51,73,GOLDIE
AA0202,48955,0,0,PS,990922,10:06:44,10:06:54,10,0:00:00,0:00:00,0,AGENT,10:06:52,10:07:32,40,GOLDIE
AA0202,48956,413740,2,PS,990922,10:15:06,10:15:12,6,10:15:12,10:15:53,41,AGENT,10:15:52,10:17:13,81,AVNI
AA0202,48957,59764522,2,PS,990922,10:25:10,10:25:16,6,10:25:16,10:25:24,8,AGENT,10:25:23,10:27:13,110,ZOHARI
AA0202,48958,0,0,NW,990922,10:31:10,10:31:19,9,10:31:19,10:33:19,120,HANG,0:00:00,0:00:00,0,NO_SERVER
AA0202,48959,24342644,1,PS,990922,10:39:57,10:40:02,5,10:40:02,10:41:04,62,AGENT,10:41:04,10:42:40,96,ROTH
AA0202,48960,0,0,PS,990922,10:50:05,10:50:14,9,0:00:00,0:00:00,0,AGENT,10:50:13,10:51:24,71,ROTH
AA0202,48961,0,0,NW,990922,10:56:55,10:57:05,10,10:57:05,10:57:14,9,AGENT,10:57:13,11:14:25,1032,GOLDIE
AA0202,48962,59184507,1,PS,990922,11:04:06,11:03:17,-49,11:03:17,11:05:57,160,HANG,0:00:00,0:00:00,0,NO_SERVER
AA0202,48963,0,0,PS,990922,11:12:21,11:12:31,10,0:00:00,0:00:00,0,AGENT,11:12:30,11:13:42,72,TOVA
AA0202,48964,7671241,1,PS,990922,11:22:16,11:22:21,5,11:22:21,11:24:15,114,HANG,0:00:00,0:00:00,0,NO_SERVER
AA0202,48965,24327207,2,PS,990922,11:31:48,11:31:54,6,11:31:54,11:32:40,46,AGENT,11:32:40,11:33:24,44,ROTH
AA0202,48966,0,0,PS,990922,11:41:11,11:41:21,10,0:00:00,0:00:00,0,AGENT,11:41:20,11:43:31,131,AVNI
AA0202,48967,17018490,1,PS,990922,11:47:47,11:47:53,6,11:47:53,11:48:05,12,HANG,0:00:00,0:00:00,0,NO_SERVER
AA0202,48968,0,0,NW,990922,11:55:48,11:55:57,9,11:55:57,11:56:01,4,HANG,0:00:00,0:00:00,0,NO_SERVER
AA0202,48969,0,0,PS,990922,12:06:39,12:06:45,6,0:00:00,0:00:00,0,AGENT,12:06:48,12:06:52,4,NO_SERVER
AA0202,48970,0,0,PS,990922,12:17:59,12:18:10,11,0:00:00,0:00:00,0,AGENT,12:18:09,12:21:41,212,VICKY
AA0202,48971,0,0,NW,990922,12:31:05,12:31:15,10,12:31:15,12:31:31,16,AGENT,12:31:30,12:32:52,82,KAZAV
AA0202,48972,0,0,PS,990922,12:46:12,12:46:22,10,0:00:00,0:00:00,0,AGENT,12:46:21,12:49:10,169,ROTH
AA0202,48973,59210716,1,PS,990922,12:59:04,12:59:10,6,12:59:10,13:00:42,92,AGENT,13:00:41,13:06:46,365,YIFAT
AA0202,48974,51895019,2,PS,990922,13:13:06,13:13:11,5,13:13:11,13:13:29,18,AGENT,13:13:27,13:14:15,48,GOLDIE
AA0202,48975,0,0,PS,990922,13:27:22,13:27:32,10,0:00:00,0:00:00,0,AGENT,13:27:31,13:37:57,626,YIFAT
AA0202,48976,0,0,PS,990922,13:43:30,13:43:38,8,0:00:00,0:00:00,0,AGENT,13:43:38,13:44:05,27,ROTH
AA0202,48977,0,0,PS,990922,13:57:25,13:57:34,9,0:00:00,0:00:00,0,AGENT,13:57:33,13:58:46,73,STEREN
AA0202,48978,0,0,NW,990922,14:13:13,14:13:28,15,0:00:00,0:00:00,0,AGENT,14:13:28,14:14:16,48,STEREN
AA0202,48979,0,0,PS,990922,14:25:39,14:25:50,11,0:00:00,0:00:00,0,AGENT,14:25:48,14:28:25,157,MORIAH
AA0202,48980,0,0,PS,990922,14:40:58,14:41:08,10,0:00:00,0:00:00,0,AGENT,14:41:07,14:41:57,50,STEREN
AA0202,48981,0,0,PS,990922,14:51:54,14:52:03,9,0:00:00,0:00:00,0,AGENT,14:52:02,14:53:08,66,BASCH
AA0202,48982,58704610,2,PS,990922,15:02:22,15:02:28,6,15:02:28,15:02:36,8,AGENT,15:02:34,15:05:13,159,BASCH
AA0202,48983,0,0,PS,990922,15:13:38,15:13:52,14,0:00:00,0:00:00,0,AGENT,15:13:50,15:16:48,178,DORIT
AA0202,48984,43288190,2,PS,990922,15:21:29,15:21:35,6,15:21:35,15:22:17,42,AGENT,15:22:16,15:24:09,113,ANAT
AA0202,48985,25434457,2,PS,990922,15:31:46,15:31:52,6,15:31:52,15:31:56,4,AGENT,15:31:56,15:33:01,65,ROTH
AA0202,48986,0,0,NW,990922,15:39:54,15:40:08,14,0:00:00,0:00:00,0,AGENT,15:40:07,15:42:26,139,YITZ
AA0202,48987,0,0,NE,990922,15:50:16,15:50:27,11,0:00:00,0:00:00,0,AGENT,15:50:27,15:54:39,252,BASCH
AA0202,48988,0,0,NE,990922,16:12:32,16:12:47,15,0:00:00,0:00:00,0,AGENT,16:12:47,16:12:53,6,AVI
AA0202,48989,0,0,PS,990922,16:22:12,16:22:22,10,0:00:00,0:00:00,0,AGENT,16:22:21,16:24:54,153,AVNI
AA0202,48990,0,0,PS,990922,16:33:36,16:33:46,10,0:00:00,0:00:00,0,AGENT,16:33:45,16:34:22,37,BASCH
AA0202,48991,0,0,NE,990922,16:50:52,16:51:02,10,0:00:00,0:00:00,0,AGENT,16:51:01,16:51:02,1,MORIAH
AA0202,48992,0,0,PS,990922,17:03:37,17:03:55,18,0:00:00,0:00:00,0,AGENT,17:03:54,17:05:16,82,BENSION
AA0202,48993,0,0,NW,990922,17:22:58,17:23:19,21,0:00:00,0:00:00,0,AGENT,17:23:18,17:24:16,58,BENSION
AA0202,48994,0,0,PS,990922,17:43:46,17:43:58,12,0:00:00,0:00:00,0,AGENT,17:43:57,17:45:22,85,BENSION
AA0202,48995,35679273,1,PS,990922,18:04:23,18:04:28,5,18:04:28,18:05:20,52,AGENT,18:05:19,18:06:36,77,BENSION
AA0202,48996,0,0,NE,990922,18:22:57,18:23:08,11,0:00:00,0:00:00,0,AGENT,18:23:07,18:23:09,2,MORIAH
AA0202,48997,0,0,PS,990922,18:44:39,18:45:04,25,0:00:00,0:00:00,0,AGENT,18:45:04,18:45:32,28,SHARON
AA0202,48998,0,0,PS,990922,19:14:44,19:14:59,15,0:00:00,0:00:00,0,AGENT,19:14:58,19:16:32,94,SHARON
AA0202,48999,0,0,PS,990922,19:36:08,19:36:24,16,0:00:00,0:00:00,0,AGENT,19:36:23,19:37:08,45,BENSION
AA0202,49000,0,0,NW,990922,19:57:47,19:58:02,15,0:00:00,0:00:00,0,AGENT,19:58:01,19:59:17,76,MORIAH
AA0202,49001,0,0,PS,990922,20:27:05,20:27:20,15,0:00:00,0:00:00,0,AGENT,20:27:19,20:27:45,26,GILI
AA0202,49002,0,0,NW,990922,20:54:59,20:55:19,20,0:00:00,0:00:00,0,AGENT,20:55:18,20:56:03,45,ANAT
AA0202,49003,0,0,PS,990922,21:19:07,21:19:22,15,0:00:00,0:00:00,0,AGENT,21:19:21,21:20:30,69,GILI
AA0202,49004,0,0,PS,990922,21:45:47,21:46:01,14,0:00:00,0:00:00,0,AGENT,21:46:00,21:46:58,58,BENSION
AA0202,49005,0,0,PS,990922,22:11:02,22:11:18,16,0:00:00,0:00:00,0,AGENT,22:11:18,22:11:43,25,GILI
AA0202,49006,0,0,PS,990922,22:42:52,22:43:04,12,0:00:00,0:00:00,0,AGENT,22:43:03,22:47:52,289,AVI
AA0202,49007,0,0,PS,990922,23:20:39,23:20:55,16,0:00:00,0:00:00,0,AGENT,23:20:54,23:21:36,42,BENSION
AA0202,49008,0,0,PS,990923,1:54:04,1:54:24,20,0:00:00,0:00:00,0,HANG,0:00:00,0:00:00,0,NO_SERVER
AA0202,49009,0,0,PS,990923,7:17:27,7:17:39,12,0:00:00,0:00:00,0,AGENT,7:17:38,7:26:31,533,VICKY
AA0202,49010,58403957,2,PS,990923,7:43:56,7:44:01,5,7:44:01,7:44:36,35,AGENT,7:44:35,7:46:49,134,TOVA
AA0202,49011,1472323,1,PS,990923,8:08:19,8:08:25,6,8:08:25,8:08:55,30,AGENT,8:08:54,8:09:24,30,AVI
AA0202,49012,0,0,PS,990923,8:29:07,8:29:17,10,0:00:00,0:00:00,0,AGENT,8:29:17,8:29:55,38,VICKY
AA0202,49013,0,0,PS,990923,8:40:58,8:41:12,14,0:00:00,0:00:00,0,AGENT,8:41:11,8:42:30,79,BASCH
AA0202,49014,58704610,2,PS,990923,8:55:13,8:55:18,5,8:55:18,8:55:50,32,AGENT,8:55:49,8:56:01,12,DORIT
AA0202,49015,0,0,PS,990923,9:06:05,9:06:16,11,0:00:00,0:00:00,0,AGENT,9:06:14,9:08:30,136,AVI
AA0202,49016,52022399,2,PS,990923,9:16:46,9:16:52,6,9:16:52,9:18:07,75,AGENT,9:18:06,9:19:56,110,AVI
AA0202,49017,0,0,PS,990923,9:28:42,9:28:53,11,0:00:00,0:00:00,0,AGENT,9:28:52,9:29:48,56,VICKY
AA0202,49018,1399617,2,PS,990923,9:39:17,9:39:22,5,9:39:22,9:41:00,98,AGENT,9:41:00,9:41:59,59,BASCH
AA0202,49019,58704610,2,PS,990923,9:48:43,9:48:49,6,9:48:49,9:50:33,104,AGENT,9:50:31,9:50:38,7,AVI
AA0202,49020,27729458,1,PS,990923,9:57:32,9:57:38,6,9:57:38,9:58:49,71,AGENT,9:58:48,9:58:49,1,AVI
AA0202,49021,0,0,NW,990923,10:06:41,10:06:50,9,10:06:50,10:08:08,78,HANG,0:00:00,0:00:00,0,NO_SERVER
AA0202,49022,34339531,1,PS,990923,10:14:41,10:14:47,6,10:14:47,10:15:44,57,AGENT,10:15:43,10:15:45,2,TOVA
AA0202,49023,30442495,2,PS,990923,10:22:36,10:22:41,5,10:22:41,10:22:50,9,AGENT,10:22:49,10:22:51,2,TOVA
AA0202,49024,57460131,2,PS,990923,10:28:44,10:28:49,5,10:28:49,10:29:16,27,AGENT,10:29:15,10:31:16,121,AVI
AA0202,49025,54613724,2,NE,990923,10:34:22,10:34:27,5,10:34:27,10:35:50,83,AGENT,10:35:50,10:42:42,412,TOVA
AA0202,49026,37635950,2,PS,990923,10:43:46,10:44:07,21,10:44:07,10:44:15,8,AGENT,10:44:14,10:44:16,2,TOVA
AA0202,49027,0,0,PS,990923,10:51:37,10:51:48,11,0:00:00,0:00:00,0,AGENT,10:51:47,10:54:16,149,AVI
AA0202,49028,24893687,1,PS,990923,10:58:38,10:58:43,5,10:58:43,10:59:54,71,AGENT,10:59:53,11:00:48,55,DORIT
AA0202,49029,25527862,1,PS,990923,11:08:55,11:09:01,6,11:09:01,11:09:34,33,AGENT,11:09:33,11:11:09,96,ANAT
AA0202,49030,0,0,PS,990923,11:21:10,11:21:20,10,0:00:00,0:00:00,0,AGENT,11:21:19,11:21:21,2,TOVA
AA0202,49031,12978003,1,PS,990923,11:29:02,11:29:08,6,11:29:08,11:30:13,65,AGENT,11:30:12,11:32:32,140,BASCH
AA0202,49032,0,0,PS,990923,11:39:27,11:39:38,11,0:00:00,0:00:00,0,AGENT,11:39:37,11:40:44,67,AVI
AA0202,49033,0,0,PS,990923,11:50:47,11:50:57,10,0:00:00,0:00:00,0,AGENT,11:50:56,11:52:18,82,TOVA
AA0202,49034,0,0,PS,990923,12:04:27,12:04:39,12,0:00:00,0:00:00,0,AGENT,12:04:38,12:06:15,97,BASCH
AA0202,49035,0,0,PS,990923,12:15:37,12:15:47,10,0:00:00,0:00:00,0,AGENT,12:15:46,12:16:47,61,VICKY
AA0202,49036,0,0,PS,990923,12:26:18,12:26:30,12,0:00:00,0:00:00,0,AGENT,12:26:28,12:27:02,34,AVI
AA0202,49037,0,0,PS,990923,12:43:20,12:43:38,18,0:00:00,0:00:00,0,AGENT,12:43:37,12:45:10,93,BASCH
AA0202,49038,0,0,PS,990923,12:56:52,12:57:03,11,0:00:00,0:00:00,0,AGENT,12:57:02,12:58:21,79,DORIT
AA0202,49039,0,0,PS,990923,13:11:52,13:12:01,9,0:00:00,0:00:00,0,AGENT,13:12:00,13:14:35,155,TOVA
AA0202,49040,0,0,PS,990923,13:23:59,13:24:09,10,0:00:00,0:00:00,0,AGENT,13:24:09,13:26:21,132,TOVA
AA0202,49041,0,0,PS,990923,13:39:27,13:39:39,12,0:00:00,0:00:00,0,AGENT,13:39:38,13:45:06,328,TOVA
AA0202,49042,0,0,PS,990923,13:51:48,13:52:01,13,0:00:00,0:00:00,0,AGENT,13:52:00,13:53:19,79,BASCH
AA0202,49043,57460131,2,PS,990923,14:00:00,14:00:06,6,14:00:06,14:01:59,113,HANG,0:00:00,0:00:00,0,NO_SERVER
AA0202,49044,58239005,1,PS,990923,14:12:16,14:12:21,5,14:12:21,14:16:02,221,AGENT,14:16:01,14:32:46,1005,YIFAT
AA0202,49045,2043974,1,NE,990923,14:28:09,14:28:14,5,14:28:14,14:32:20,246,AGENT,14:32:19,14:32:50,31,BASCH
AA0202,49046,0,0,PS,990923,14:47:20,14:47:28,8,0:00:00,0:00:00,0,AGENT,14:47:27,14:52:50,323,DORIT
AA0202,49047,0,0,NW,990923,15:06:17,15:06:26,9,15:06:26,15:09:24,178,AGENT,15:09:23,15:09:31,8,PINHAS
AA0202,49048,0,0,PS,990923,15:23:01,15:23:11,10,0:00:00,0:00:00,0,AGENT,15:23:10,15:23:46,36,AVI
AA0202,49049,57253494,1,PS,990923,15:35:42,15:35:48,6,15:35:48,15:37:09,81,AGENT,15:37:09,15:41:18,249,DORIT
AA0202,49050,0,0,NE,990923,15:53:11,15:53:22,11,0:00:00,0:00:00,0,AGENT,15:53:21,15:57:16,235,ELI
AA0202,49051,22263115,2,PS,990923,16:08:07,16:08:13,6,16:08:13,16:08:43,30,AGENT,16:08:42,16:11:43,181,STEREN
AA0202,49052,0,0,NW,990923,16:24:03,16:24:16,13,0:00:00,0:00:00,0,AGENT,16:24:15,16:25:21,66,STEREN
AA0202,49053,0,0,PS,990923,16:41:05,16:41:13,8,0:00:00,0:00:00,0,AGENT,16:41:12,16:44:03,171,STEREN
AA0202,49054,28716413,2,PS,990923,17:00:49,17:00:55,6,17:00:55,17:06:15,320,AGENT,17:06:14,17:08:38,144,SHARON
AA0202,49055,0,0,PS,990923,17:22:14,17:22:34,20,0:00:00,0:00:00,0,AGENT,17:22:33,17:24:11,98,DARMON
AA0202,49056,0,0,NE,990923,17:50:38,17:50:47,9,0:00:00,0:00:00,0,AGENT,17:50:46,17:52:51,125,STEREN
AA0202,49057,29561586,2,PS,990923,18:14:16,18:14:22,6,18:14:22,18:14:58,36,AGENT,18:14:58,18:15:52,54,SHARON
AA0202,49058,0,0,PS,990923,18:30:09,18:30:15,6,0:00:00,0:00:00,0,HANG,0:00:00,0:00:00,0,NO_SERVER
AA0202,49059,0,0,PS,990923,18:30:48,18:31:01,13,0:00:00,0:00:00,0,AGENT,18:31:00,18:31:05,5,NO_SERVER
AA0202,49060,0,0,PS,990923,18:53:02,18:53:12,10,0:00:00,0:00:00,0,AGENT,18:53:11,18:53:44,33,YITZ
AA0202,49061,0,0,PS,990923,19:24:20,19:24:30,10,0:00:00,0:00:00,0,AGENT,19:24:29,19:24:51,22,STEREN
AA0202,49062,0,0,PS,990923,19:49:24,19:49:39,15,0:00:00,0:00:00,0,AGENT,19:49:38,19:50:28,50,SHARON
AA0202,49063,0,0,PS,990923,20:12:16,20:12:25,9,0:00:00,0:00:00,0,AGENT,20:12:24,20:13:56,92,STEREN
AA0202,49064,0,0,PS,990923,20:59:36,20:59:52,16,0:00:00,0:00:00,0,AGENT,20:59:51,21:02:07,136,SHARON
AA0202,49065,0,0,PS,990923,21:45:55,21:46:03,8,0:00:00,0:00:00,0,AGENT,21:46:02,21:48:39,157,AVNI
AA0202,49066,0,0,PS,990923,22:21:27,22:21:36,9,0:00:00,0:00:00,0,AGENT,22:21:35,22:25:20,225,AVNI
AA0202,49067,0,0,PS,990923,23:12:22,23:12:33,11,0:00:00,0:00:00,0,AGENT,23:12:32,23:14:59,147,YITZ
AA0202,49068,313966145,2,PS,990923,23:48:52,23:48:57,5,23:48:57,23:50:29,92,AGENT,23:50:28,23:52:01,93,YITZ
AA0202,49070,0,0,PS,990924,0:17:52,0:17:52,0,0:00:00,0:00:00,0,HANG,0:00:00,0:00:00,0,NO_SERVER
AA0202,49071,0,0,PS,990924,2:20:50,2:21:27,37,0:00:00,0:00:00,0,HANG,0:00:00,0:00:00,0,NO_SERVER
AA0202,49072,653675,2,PS,990924,7:41:40,7:41:46,6,7:41:46,7:41:52,6,AGENT,7:41:51,7:46:51,300,BASCH
AA0202,49073,0,0,PS,990924,8:15:46,8:15:57,11,0:00:00,0:00:00,0,AGENT,8:15:56,8:17:57,121,ANAT
AA0202,49074,59650556,2,PS,990924,8:37:46,8:37:52,6,8:37:52,8:38:22,30,AGENT,8:38:21,8:39:35,74,BASCH
AA0202,49075,5336904,2,PS,990924,8:51:45,8:51:51,6,8:51:51,8:53:29,98,AGENT,8:53:28,8:54:37,69,SHARON
AA0202,49076,0,0,PS,990924,9:17:29,9:17:40,11,0:00:00,0:00:00,0,AGENT,9:17:39,9:19:54,135,ELI
AA0202,49077,28740892,2,PS,990924,9:39:22,9:39:27,5,9:39:27,9:39:40,13,HANG,0:00:00,0:00:00,0,NO_SERVER
AA0202,49078,72600836,2,PS,990924,9:49:57,9:50:03,6,9:50:03,9:52:00,117,HANG,0:00:00,0:00:00,0,NO_SERVER
AA0202,49079,0,0,PS,990924,10:00:16,10:00:22,6,0:00:00,0:00:00,0,AGENT,10:00:22,10:00:25,3,NO_SERVER
AA0202,49080,0,0,PS,990924,10:26:06,10:26:17,11,0:00:00,0:00:00,0,AGENT,10:26:16,10:27:06,50,BASCH
AA0202,49081,0,0,PS,990924,10:46:04,10:46:20,16,0:00:00,0:00:00,0,AGENT,10:46:19,10:48:04,105,BASCH
AA0202,49082,23962616,1,PS,990924,10:58:46,10:58:51,5,10:58:51,11:01:09,138,PHANTOM,11:01:09,11:01:12,3,NO_SERVER
AA0202,49083,0,0,PS,990924,11:13:25,11:13:39,14,0:00:00,0:00:00,0,AGENT,11:13:37,11:26:22,765,ELI
AA0202,49084,0,0,PS,990924,11:55:56,11:56:06,10,0:00:00,0:00:00,0,AGENT,11:56:05,11:58:37,152,ELI
AA0202,49085,29566155,1,PS,990924,12:10:24,12:10:30,6,12:10:30,12:11:12,42,AGENT,12:11:11,12:13:03,112,ANAT
AA0202,49086,0,0,NW,990924,12:32:31,12:32:45,14,0:00:00,0:00:00,0,AGENT,12:32:44,12:33:03,19,SHARON
AA0202,49087,0,0,PS,990924,12:59:11,12:59:22,11,0:00:00,0:00:00,0,AGENT,12:59:21,13:00:40,79,ANAT
AA0202,49088,11830726,1,PE,990924,13:35:24,13:35:28,4,13:35:28,13:38:22,174,AGENT,13:38:22,13:43:46,324,DORIT
AA0202,49089,0,0,PS,990924,14:45:24,14:45:47,23,0:00:00,0:00:00,0,HANG,0:00:00,0:00:00,0,NO_SERVER
AA0202,49090,0,0,PS,990924,17:05:40,17:05:55,15,0:00:00,0:00:00,0,HANG,0:00:00,0:00:00,0,NO_SERVER
AA0202,49091,0,0,PS,990925,19:41:04,19:41:17,13,0:00:00,0:00:00,0,AGENT,19:41:16,19:52:12,656,AVNI
AA0202,49092,0,0,PS,990925,20:29:36,20:29:45,9,0:00:00,0:00:00,0,AGENT,20:29:44,20:31:11,87,BASCH
AA0202,49093,0,0,PS,990925,21:22:02,21:22:12,10,0:00:00,0:00:00,0,AGENT,21:22:11,21:23:32,81,AVNI
AA0202,49094,0,0,PS,990925,22:21:36,22:21:45,9,0:00:00,0:00:00,0,AGENT,22:21:45,22:25:46,241,AVNI
AA0202,49095,0,0,NE,990925,23:42:24,23:42:35,11,0:00:00,0:00:00,0,AGENT,23:42:34,23:47:50,316,ZOHARI
AA0202,49096,0,0,PS,990926,7:43:36,7:43:47,11,0:00:00,0:00:00,0,AGENT,7:43:45,7:45:15,90,ZOHARI
AA0202,49097,0,0,PS,990926,8:16:12,8:16:25,13,0:00:00,0:00:00,0,AGENT,8:16:23,8:17:09,46,BASCH
AA0202,49098,0,0,PS,990926,8:45:17,8:45:26,9,0:00:00,0:00:00,0,AGENT,8:45:25,8:47:27,122,DORIT
AA0202,49099,0,0,PS,990926,9:05:40,9:05:54,14,0:00:00,0:00:00,0,AGENT,9:05:53,9:07:21,88,VICKY
AA0202,49100,0,0,PS,990926,9:20:30,9:20:41,11,0:00:00,0:00:00,0,AGENT,9:20:40,9:25:04,264,VICKY
AA0202,49101,51281657,2,PS,990926,9:31:23,9:31:28,5,9:31:28,9:31:57,29,AGENT,9:31:55,9:34:57,182,DORIT
AA0202,49102,0,0,PS,990926,9:46:25,9:46:37,12,0:00:00,0:00:00,0,AGENT,9:46:35,9:51:40,305,VICKY
AA0202,49103,703074,2,PS,990926,9:54:50,9:54:56,6,9:54:56,9:56:24,88,AGENT,9:56:22,9:58:37,135,DORIT
AA0202,49104,0,0,PS,990926,10:09:27,10:09:38,11,0:00:00,0:00:00,0,AGENT,10:09:37,10:12:19,162,VICKY
AA0202,49105,0,0,PS,990926,10:22:53,10:23:01,8,0:00:00,0:00:00,0,AGENT,10:23:00,10:24:13,73,VICKY
AA0202,49106,71820039,2,PS,990926,10:38:37,10:38:43,6,10:38:43,10:38:53,10,AGENT,10:38:52,10:42:25,213,ZOHARI
AA0202,49107,0,0,NW,990926,10:52:05,10:52:14,9,10:52:14,10:52:44,30,AGENT,10:52:44,10:59:28,404,DORIT
AA0202,49108,0,0,PS,990926,11:00:34,11:00:44,10,0:00:00,0:00:00,0,AGENT,11:00:43,11:01:19,36,VICKY
AA0202,49109,0,0,PS,990926,11:10:44,11:10:55,11,0:00:00,0:00:00,0,AGENT,11:10:54,11:16:51,357,BASCH
AA0202,49110,0,0,NW,990926,11:22:25,11:22:39,14,0:00:00,0:00:00,0,AGENT,11:22:38,11:23:00,22,VICKY
AA0202,49111,846659,2,PS,990926,11:32:57,11:33:03,6,11:33:03,11:33:29,26,AGENT,11:33:27,11:34:22,55,YITZ
AA0202,49112,0,0,PS,990926,11:45:20,11:45:30,10,0:00:00,0:00:00,0,AGENT,11:45:29,11:47:00,91,YIFAT
AA0202,49113,0,0,PS,990926,12:01:15,12:01:24,9,0:00:00,0:00:00,0,AGENT,12:01:23,12:03:44,141,ZOHARI
AA0202,49114,0,0,PS,990926,12:19:12,12:19:23,11,0:00:00,0:00:00,0,AGENT,12:19:22,12:27:21,479,ZOHARI
AA0202,49115,0,0,PS,990926,12:40:06,12:40:21,15,0:00:00,0:00:00,0,AGENT,12:40:16,12:43:04,168,YIFAT
AA0202,49116,0,0,PS,990926,13:01:55,13:02:05,10,0:00:00,0:00:00,0,AGENT,13:02:04,13:03:32,88,YIFAT
AA0202,49117,0,0,NE,990926,13:22:28,13:22:36,8,0:00:00,0:00:00,0,AGENT,13:22:36,13:24:08,92,AVNI
AA0202,49118,0,0,PS,990926,13:34:43,13:34:53,10,0:00:00,0:00:00,0,AGENT,13:34:52,13:37:11,139,AVNI
AA0202,49119,0,0,PS,990926,13:50:39,13:50:52,13,0:00:00,0:00:00,0,AGENT,13:50:51,13:55:58,307,VICKY
AA0202,49120,0,0,PS,990926,14:07:37,14:07:53,16,0:00:00,0:00:00,0,AGENT,14:07:52,14:07:53,1,VICKY
AA0202,49121,0,0,NW,990926,14:19:35,14:19:50,15,0:00:00,0:00:00,0,AGENT,14:19:49,14:21:17,88,VICKY
AA0202,49122,0,0,PS,990926,14:44:55,14:45:07,12,0:00:00,0:00:00,0,AGENT,14:45:07,14:48:32,205,ZOHARI
AA0202,49123,56765985,2,PS,990926,15:04:38,15:04:44,6,15:04:44,15:05:07,23,AGENT,15:05:07,15:08:02,175,YITZ
AA0202,49124,0,0,PS,990926,15:25:11,15:25:20,9,0:00:00,0:00:00,0,AGENT,15:25:19,15:25:55,36,VICKY
AA0202,49125,0,0,PS,990926,15:57:42,15:58:02,20,0:00:00,0:00:00,0,AGENT,15:58:01,16:03:11,310,DARMON
AA0202,49126,0,0,PS,990926,16:23:54,16:24:06,12,0:00:00,0:00:00,0,AGENT,16:24:05,16:29:07,302,SHARON
AA0202,49127,0,0,PS,990926,17:07:30,17:07:39,9,0:00:00,0:00:00,0,AGENT,17:07:38,17:10:01,143,BENSION
AA0202,49128,0,0,PS,990926,17:46:22,17:46:34,12,0:00:00,0:00:00,0,AGENT,17:46:33,18:39:11,3158,DARMON
AA0202,49129,0,0,PS,990926,18:21:49,18:22:00,11,0:00:00,0:00:00,0,AGENT,18:22:00,18:23:54,114,TOVA
AA0202,49130,0,0,NW,990926,18:58:24,18:58:39,15,0:00:00,0:00:00,0,AGENT,18:58:39,18:59:05,26,SHARON
AA0202,49131,30597587,2,PS,990926,19:31:23,19:31:29,6,19:31:29,19:31:59,30,AGENT,19:31:58,19:36:57,299,MORIAH
AA0202,49132,0,0,PS,990926,20:24:51,20:25:01,10,0:00:00,0:00:00,0,AGENT,20:25:00,20:29:16,256,MORIAH
AA0202,49133,0,0,PS,990926,21:32:23,21:32:35,12,0:00:00,0:00:00,0,AGENT,21:32:34,21:33:38,64,BENSION
AA0202,49134,0,0,PS,990926,22:41:20,22:41:58,38,0:00:00,0:00:00,0,HANG,0:00:00,0:00:00,0,NO_SERVER
AA0202,49135,0,0,NE,990927,5:12:07,5:12:33,26,0:00:00,0:00:00,0,HANG,0:00:00,0:00:00,0,NO_SERVER
AA0202,49136,0,0,PS,990927,8:03:02,8:03:11,9,0:00:00,0:00:00,0,AGENT,8:03:11,8:05:10,119,BASCH
AA0202,49137,0,0,PS,990927,8:26:00,8:26:08,8,0:00:00,0:00:00,0,AGENT,8:26:08,8:28:04,116,BASCH
AA0202,49138,0,0,PS,990927,8:50:36,8:50:45,9,0:00:00,0:00:00,0,AGENT,8:50:44,8:52:10,86,TOVA
AA0202,49139,58029620,2,PS,990927,9:04:12,9:04:17,5,9:04:17,9:04:56,39,AGENT,9:04:41,9:05:28,47,BENSION
AA0202,49140,1426659,2,NE,990927,9:22:48,9:22:53,5,9:22:53,9:23:27,34,AGENT,9:23:26,9:28:18,292,TOVA
AA0202,49141,42358408,2,PS,990927,9:37:03,9:37:09,6,9:37:09,9:39:54,165,AGENT,9:39:53,9:41:02,69,BASCH
AA0202,49142,0,0,NW,990927,9:50:19,9:51:06,47,0:00:00,0:00:00,0,HANG,0:00:00,0:00:00,0,NO_SERVER
AA0202,49143,69687275,2,PS,990927,9:58:48,9:58:53,5,9:58:53,9:59:00,7,HANG,0:00:00,0:00:00,0,NO_SERVER
AA0202,49144,0,0,PS,990927,10:08:36,10:12:35,239,0:00:00,0:00:00,0,HANG,0:00:00,0:00:00,0,NO_SERVER
AA0202,49145,0,0,NW,990927,10:30:22,10:30:38,16,0:00:00,0:00:00,0,AGENT,10:30:37,10:30:52,15,BENSION
AA0202,49146,0,0,NW,990927,10:41:29,10:41:38,9,10:41:38,10:49:36,478,AGENT,10:49:35,10:52:14,159,BENSION
AA0202,49147,57425308,1,PS,990927,10:59:20,10:59:26,6,10:59:26,11:02:40,194,AGENT,11:02:38,11:04:45,127,ZOHARI
AA0202,49148,13257845,1,PS,990927,11:11:20,11:11:26,6,11:11:26,11:11:39,13,HANG,0:00:00,0:00:00,0,NO_SERVER
AA0202,49149,0,0,PS,990927,11:24:51,11:25:00,9,0:00:00,0:00:00,0,AGENT,11:24:59,11:26:49,110,YITZ
AA0202,49150,0,0,NE,990927,11:38:28,11:38:40,12,0:00:00,0:00:00,0,AGENT,11:38:38,11:39:22,44,TOVA
AA0202,49151,56765985,2,PS,990927,11:48:45,11:48:51,6,11:48:51,11:49:57,66,AGENT,11:49:57,11:52:08,131,BASCH
AA0202,49152,60281235,2,PS,990927,12:03:23,12:03:28,5,12:03:28,12:03:38,10,AGENT,12:03:38,12:04:43,65,BASCH
AA0202,49153,0,0,PS,990927,12:08:56,12:09:06,10,12:09:06,12:09:47,41,PHANTOM,12:09:47,12:09:51,4,NO_SERVER
AA0202,49154,27245497,2,PS,990927,12:26:04,12:26:09,5,12:26:09,12:26:38,29,AGENT,12:26:37,12:29:18,161,ZOHARI
AA0202,49155,0,0,PS,990927,12:40:46,12:40:55,9,0:00:00,0:00:00,0,AGENT,12:40:54,12:42:53,119,YITZ
AA0202,49156,0,0,PS,990927,12:54:16,12:54:27,11,0:00:00,0:00:00,0,AGENT,12:54:26,12:56:49,143,BENSION
AA0202,49157,0,0,PS,990927,13:05:59,13:06:10,11,0:00:00,0:00:00,0,AGENT,13:06:08,13:07:20,72,YITZ
AA0202,49158,0,0,PS,990927,13:24:41,13:24:59,18,0:00:00,0:00:00,0,AGENT,13:24:58,13:25:49,51,BENSION
AA0202,49159,24651887,2,PS,990927,13:40:53,13:40:59,6,13:40:59,13:41:48,49,HANG,0:00:00,0:00:00,0,NO_SERVER
AA0202,49160,8767790,2,PS,990927,13:53:51,13:53:57,6,13:53:57,13:55:05,68,AGENT,13:55:04,13:59:14,250,YITZ
AA0202,49161,25124181,2,NE,990927,14:07:47,14:07:52,5,14:07:52,14:09:39,107,AGENT,14:09:39,14:12:02,143,SHARON
AA0202,49162,33104670,2,PS,990927,14:22:44,14:22:50,6,14:22:50,14:25:36,166,AGENT,14:25:35,14:25:52,17,SHARON
AA0202,49163,0,0,PS,990927,14:42:25,14:42:42,17,0:00:00,0:00:00,0,AGENT,14:42:41,14:43:44,63,YITZ
AA0202,49164,0,0,PS,990927,14:58:28,14:58:38,10,0:00:00,0:00:00,0,AGENT,14:58:37,15:01:39,182,YITZ
AA0202,49165,0,0,PS,990927,15:25:16,15:25:34,18,0:00:00,0:00:00,0,AGENT,15:25:34,15:26:03,29,ANAT
AA0202,49166,0,0,PS,990927,16:16:04,16:16:13,9,0:00:00,0:00:00,0,AGENT,16:16:12,16:18:26,134,MORIAH
AA0202,49167,0,0,NW,990927,16:34:05,16:34:14,9,16:34:14,16:35:42,88,AGENT,16:35:42,16:35:43,1,MORIAH
AA0202,49168,0,0,PS,990927,17:09:21,17:09:31,10,0:00:00,0:00:00,0,AGENT,17:09:30,17:15:01,331,MORIAH
AA0202,49169,65575086,2,PS,990927,17:41:51,17:41:57,6,17:41:57,17:42:18,21,AGENT,17:42:17,17:43:21,64,ANAT
AA0202,49170,0,0,PS,990927,18:20:24,18:20:53,29,0:00:00,0:00:00,0,AGENT,18:20:53,18:22:26,93,ANAT
AA0202,49171,0,0,NW,990927,18:48:06,18:48:15,9,18:48:15,18:48:24,9,AGENT,18:48:23,18:49:14,51,AVNI
AA0202,49172,0,0,NE,990927,19:28:17,19:28:26,9,0:00:00,0:00:00,0,AGENT,19:28:25,19:29:47,82,ANAT
AA0202,49173,0,0,PS,990927,20:10:40,20:10:55,15,0:00:00,0:00:00,0,AGENT,20:10:55,20:12:10,75,MORIAH
AA0202,49174,0,0,PS,990927,20:55:40,20:55:49,9,0:00:00,0:00:00,0,AGENT,20:55:48,20:57:34,106,MORIAH
AA0202,49175,52031556,2,NE,990927,21:49:07,21:49:13,6,21:49:13,21:49:26,13,AGENT,21:49:25,21:51:22,117,AVNI
AA0202,49176,0,0,PS,990927,22:22:13,22:22:22,9,0:00:00,0:00:00,0,AGENT,22:22:21,22:22:58,37,GILI
AA0202,49177,0,0,NW,990927,23:27:26,23:27:43,17,0:00:00,0:00:00,0,AGENT,23:27:42,23:28:15,33,MORIAH
AA0202,49178,0,0,PS,990928,5:01:15,5:01:26,11,0:00:00,0:00:00,0,HANG,0:00:00,0:00:00,0,NO_SERVER
AA0202,49179,0,0,PS,990928,7:45:37,7:45:48,11,0:00:00,0:00:00,0,AGENT,7:45:47,7:48:20,153,ANAT
AA0202,49180,40153165,1,PS,990928,8:22:37,8:22:43,6,8:22:43,8:25:40,177,AGENT,8:25:40,8:26:59,79,ANAT
AA0202,49181,32177636,2,PS,990928,8:47:41,8:47:47,6,8:47:47,8:48:59,72,HANG,0:00:00,0:00:00,0,NO_SERVER
AA0202,49182,8110199,1,PS,990928,9:02:27,9:02:32,5,9:02:32,9:04:43,131,AGENT,9:04:42,9:06:58,136,YIFAT
AA0202,49183,45447547,2,PS,990928,9:24:17,9:24:22,5,9:24:22,9:25:51,89,AGENT,9:25:49,9:27:21,92,ANAT
AA0202,49184,11839214,2,PE,990928,9:36:01,9:36:05,4,9:36:05,9:36:45,40,AGENT,9:36:45,9:40:48,243,YIFAT
AA0202,49185,0,0,NW,990928,9:51:36,9:51:45,9,9:51:45,10:01:23,578,AGENT,10:01:22,10:03:40,138,PINHAS
AA0202,49186,0,0,PS,990928,10:08:35,10:09:51,76,0:00:00,0:00:00,0,HANG,0:00:00,0:00:00,0,NO_SERVER
AA0202,49187,24265456,2,PS,990928,10:15:56,10:16:02,6,10:16:02,10:16:19,17,HANG,0:00:00,0:00:00,0,NO_SERVER
AA0202,49188,25246380,2,PS,990928,10:21:29,10:21:35,6,10:21:35,10:23:42,127,HANG,0:00:00,0:00:00,0,NO_SERVER
AA0202,49189,22603955,1,PS,990928,10:32:17,10:32:23,6,10:32:23,10:34:23,120,HANG,0:00:00,0:00:00,0,NO_SERVER
AA0202,49190,28638807,2,PS,990928,10:44:26,10:44:32,6,10:44:32,10:47:28,176,AGENT,10:47:27,10:48:15,48,YIFAT
AA0202,49191,10473262,2,PS,990928,10:57:13,10:57:18,5,10:57:18,10:57:34,16,HANG,0:00:00,0:00:00,0,NO_SERVER
AA0202,49192,51002343,2,PS,990928,11:07:52,11:07:58,6,11:07:58,11:09:43,105,AGENT,11:09:42,11:12:58,196,YIFAT
AA0202,49193,57918849,1,NE,990928,11:19:59,11:20:05,6,11:20:05,11:24:36,271,AGENT,11:24:36,11:26:19,103,ANAT
AA0202,49194,24439804,2,PS,990928,11:34:04,11:34:09,5,11:34:09,11:36:30,141,AGENT,11:36:30,11:40:12,222,AVNI
AA0202,49195,47148739,2,NE,990928,11:43:36,11:43:42,6,11:43:42,11:43:55,13,HANG,0:00:00,0:00:00,0,NO_SERVER
AA0202,49196,12196937,2,PS,990928,11:53:22,11:53:28,6,11:53:28,11:53:41,13,HANG,0:00:00,0:00:00,0,NO_SERVER
AA0202,49197,23793540,1,PS,990928,12:03:45,12:03:50,5,12:03:50,12:10:25,395,AGENT,12:10:24,12:10:26,2,YIFAT
AA0202,49198,33474602,2,PS,990928,12:16:59,12:17:05,6,12:17:05,12:17:56,51,HANG,0:00:00,0:00:00,0,NO_SERVER
AA0202,49199,26109496,1,PS,990928,12:25:30,12:25:35,5,12:25:35,12:29:23,228,HANG,0:00:00,0:00:00,0,NO_SERVER
AA0202,49200,69375624,2,PS,990928,12:42:59,12:43:04,5,12:43:04,12:43:54,50,PHANTOM,12:43:54,12:44:00,6,NO_SERVER
AA0202,49201,24192759,2,PS,990928,12:54:10,12:54:16,6,12:54:16,12:54:42,26,AGENT,12:54:41,12:55:55,74,ZOHARI
AA0202,49202,10473262,2,PS,990928,13:04:36,13:04:42,6,13:04:42,13:05:57,75,AGENT,13:05:56,13:09:03,187,AVNI
AA0202,49203,0,0,PS,990928,13:21:08,13:21:17,9,0:00:00,0:00:00,0,AGENT,13:21:17,13:23:23,126,ZOHARI
AA0202,49204,0,0,PS,990928,13:38:32,13:38:43,11,0:00:00,0:00:00,0,AGENT,13:38:42,13:40:37,115,YIFAT
AA0202,49205,42813816,1,NE,990928,13:50:10,13:50:16,6,13:50:16,13:51:56,100,AGENT,13:51:56,13:53:05,69,VICKY
AA0202,49206,0,0,NW,990928,14:01:36,14:01:45,9,14:01:45,14:10:30,525,AGENT,14:10:29,14:13:30,181,VICKY
AA0202,49207,0,0,PS,990928,14:21:33,14:21:42,9,0:00:00,0:00:00,0,AGENT,14:21:41,14:22:56,75,BASCH
AA0202,49208,52106564,2,PS,990928,14:35:38,14:35:44,6,14:35:44,14:35:48,4,AGENT,14:35:47,14:41:12,325,ZOHARI
AA0202,49209,33474602,2,PS,990928,14:54:18,14:54:24,6,14:54:24,14:54:39,15,AGENT,14:54:38,14:57:28,170,ZOHARI
AA0202,49210,0,0,NE,990928,15:23:54,15:24:03,9,0:00:00,0:00:00,0,AGENT,15:24:03,15:26:34,151,AVNI
AA0202,49211,0,0,PS,990928,16:00:47,16:00:56,9,0:00:00,0:00:00,0,AGENT,16:00:55,16:04:08,193,AVNI
AA0202,49212,0,0,PS,990928,16:29:04,16:29:15,11,0:00:00,0:00:00,0,AGENT,16:29:14,16:31:18,124,BASCH
AA0202,49213,0,0,NW,990928,17:01:25,17:01:39,14,0:00:00,0:00:00,0,AGENT,17:01:39,17:03:26,107,YITZ
AA0202,49214,0,0,NW,990928,17:23:04,17:23:14,10,17:23:14,17:23:24,10,HANG,0:00:00,0:00:00,0,NO_SERVER
AA0202,49215,0,0,PS,990928,17:45:49,17:45:58,9,0:00:00,0:00:00,0,AGENT,17:45:57,17:52:47,410,SHARON
AA0202,49216,0,0,PS,990928,18:08:41,18:08:50,9,0:00:00,0:00:00,0,AGENT,18:08:49,18:11:13,144,VICKY
AA0202,49217,0,0,PS,990928,18:44:07,18:44:18,11,0:00:00,0:00:00,0,AGENT,18:44:18,18:45:17,59,SHARON
AA0202,49218,0,0,NE,990928,19:43:12,19:43:22,10,0:00:00,0:00:00,0,AGENT,19:43:21,19:48:49,328,VICKY
AA0202,49219,0,0,NE,990928,20:32:39,20:32:49,10,0:00:00,0:00:00,0,AGENT,20:32:48,20:34:53,125,BASCH
AA0202,49220,0,0,PS,990928,21:06:22,21:06:32,10,0:00:00,0:00:00,0,AGENT,21:06:31,21:06:59,28,GILI
AA0202,49221,0,0,PS,990928,21:39:13,21:39:25,12,0:00:00,0:00:00,0,AGENT,21:39:25,21:40:17,52,DORIT
AA0202,49222,0,0,NE,990928,22:06:00,22:06:25,25,0:00:00,0:00:00,0,AGENT,22:06:24,22:07:18,54,SHARON
AA0202,49223,0,0,PS,990928,22:57:41,22:57:50,9,0:00:00,0:00:00,0,AGENT,22:57:49,22:58:30,41,GILI
AA0202,49224,0,0,PS,990928,23:52:43,23:52:59,16,0:00:00,0:00:00,0,AGENT,23:52:58,23:53:28,30,SHARON
AA0202,49225,0,0,PS,990929,7:20:43,7:20:56,13,0:00:00,0:00:00,0,AGENT,7:20:55,7:22:18,83,ANAT
AA0202,49226,0,0,PS,990929,8:14:49,8:14:58,9,0:00:00,0:00:00,0,AGENT,8:14:57,8:16:40,103,YIFAT
AA0202,49227,0,0,PS,990929,8:33:31,8:33:41,10,0:00:00,0:00:00,0,AGENT,8:33:39,8:36:15,156,YIFAT
AA0202,49228,0,0,PS,990929,8:49:47,8:49:56,9,0:00:00,0:00:00,0,AGENT,8:49:56,8:51:24,88,DORIT
AA0202,49229,3314366,1,PS,990929,9:08:33,9:08:38,5,9:08:38,9:10:57,139,AGENT,9:10:56,9:13:13,137,YIFAT
AA0202,49230,0,0,PS,990929,9:25:44,9:25:54,10,0:00:00,0:00:00,0,AGENT,9:25:53,9:28:49,176,YIFAT
AA0202,49231,0,0,NE,990929,9:38:04,9:38:14,10,0:00:00,0:00:00,0,AGENT,9:38:14,9:39:10,56,SHARON
AA0202,49232,30577092,2,PS,990929,9:49:09,9:49:15,6,9:49:15,9:51:00,105,AGENT,9:50:59,9:55:07,248,AVNI
AA0202,49233,0,0,NW,990929,9:58:37,9:58:46,9,9:58:46,9:59:03,17,HANG,0:00:00,0:00:00,0,NO_SERVER
AA0202,49234,58029430,1,PS,990929,10:09:09,10:09:14,5,10:09:14,10:10:04,50,AGENT,10:10:02,10:10:44,42,YIFAT
AA0202,49235,58704610,2,PS,990929,10:18:11,10:18:17,6,10:18:17,10:18:46,29,AGENT,10:18:46,10:20:14,88,DORIT
AA0202,49236,69687275,2,NE,990929,10:28:00,10:28:05,5,10:28:05,10:28:32,27,AGENT,10:28:32,10:30:41,129,AVNI
AA0202,49237,52896875,2,PS,990929,10:37:50,10:37:56,6,10:37:56,10:39:31,95,AGENT,10:39:30,10:41:08,98,AVNI
AA0202,49238,71520779,1,PS,990929,10:51:54,10:51:59,5,10:51:59,10:52:15,16,AGENT,10:52:15,10:57:22,307,AVNI
AA0202,49239,25627027,2,PS,990929,10:59:48,10:59:53,5,10:59:53,11:00:40,47,AGENT,11:00:38,11:02:13,95,DORIT
AA0202,49240,0,0,PS,990929,11:09:48,11:09:57,9,0:00:00,0:00:00,0,AGENT,11:09:56,11:20:04,608,ZOHARI
AA0202,49241,27435759,1,PS,990929,11:21:35,11:21:40,5,11:21:40,11:23:24,104,AGENT,11:23:23,11:25:24,121,AVNI
AA0202,49242,46521662,2,PS,990929,11:34:26,11:34:32,6,11:34:32,11:35:25,53,HANG,0:00:00,0:00:00,0,NO_SERVER
AA0202,49243,0,0,PS,990929,11:48:44,11:48:53,9,0:00:00,0:00:00,0,AGENT,11:48:52,11:50:53,121,YIFAT
AA0202,49244,0,0,PS,990929,11:59:23,11:59:40,17,0:00:00,0:00:00,0,AGENT,11:59:39,12:00:51,72,YIFAT
AA0202,49245,54556444,1,PS,990929,12:07:58,12:08:04,6,12:08:04,12:10:47,163,HANG,0:00:00,0:00:00,0,NO_SERVER
AA0202,49246,67702712,2,PS,990929,12:18:39,12:18:45,6,12:18:45,12:20:20,95,AGENT,12:20:19,12:20:22,3,YIFAT
AA0202,49247,9827106,2,PS,990929,12:28:51,12:28:57,6,12:28:57,12:30:07,70,AGENT,12:30:06,12:52:14,1328,DORIT
AA0202,49248,10858884,2,NE,990929,12:41:40,12:41:45,5,12:41:45,12:42:38,53,AGENT,12:42:30,12:43:32,62,ANAT
AA0202,49249,22263115,2,PS,990929,12:56:53,12:56:59,6,12:56:59,13:00:30,211,AGENT,13:00:29,13:03:23,174,SHARON
AA0202,49250,0,0,PS,990929,13:17:02,13:17:11,9,0:00:00,0:00:00,0,AGENT,13:17:11,13:17:27,16,ANAT
AA0202,49251,0,0,PS,990929,13:29:44,13:29:53,9,0:00:00,0:00:00,0,AGENT,13:29:52,13:33:37,225,DORIT
AA0202,49252,75560649,2,PS,990929,13:45:03,13:45:09,6,13:45:09,13:48:26,197,AGENT,13:48:25,13:49:17,52,ANAT
AA0202,49253,79727962,2,PS,990929,13:56:31,13:56:37,6,13:56:37,13:58:09,92,HANG,0:00:00,0:00:00,0,NO_SERVER
AA0202,49254,52867744,2,PS,990929,14:09:51,14:09:57,6,14:09:57,14:10:23,26,AGENT,14:10:23,14:12:44,141,BASCH
AA0202,49255,55476253,2,NE,990929,14:19:24,14:19:30,6,14:19:30,14:21:21,111,AGENT,14:21:20,14:27:59,399,ZOHARI
AA0202,49256,33965351,1,PS,990929,14:31:10,14:31:16,6,14:31:16,14:31:21,5,AGENT,14:31:20,14:33:55,155,AVNI
AA0202,49257,0,0,PS,990929,14:56:10,14:56:24,14,0:00:00,0:00:00,0,AGENT,14:56:23,15:02:15,352,DORIT
AA0202,49258,0,0,NW,990929,15:29:21,15:29:36,15,0:00:00,0:00:00,0,AGENT,15:29:35,15:31:06,91,DORIT
AA0202,49259,0,0,PS,990929,16:00:17,16:00:27,10,0:00:00,0:00:00,0,AGENT,16:00:26,16:00:58,32,STEREN
AA0202,49260,5086996,2,PS,990929,16:23:40,16:23:46,6,16:23:46,16:24:07,21,AGENT,16:24:06,16:30:36,390,VICKY
AA0202,49261,0,0,PS,990929,16:58:45,16:58:55,10,0:00:00,0:00:00,0,AGENT,16:58:55,16:59:41,46,VICKY
AA0202,49262,22013551,2,NE,990929,17:33:46,17:33:51,5,17:33:51,17:34:26,35,AGENT,17:34:26,17:35:28,62,STEREN
AA0202,49263,0,0,PS,990929,17:58:47,17:58:56,9,0:00:00,0:00:00,0,AGENT,17:58:55,18:00:47,112,STEREN
AA0202,49264,31792260,1,PS,990929,18:30:36,18:30:42,6,18:30:42,18:31:33,51,AGENT,18:31:33,18:33:16,103,MEIR
AA0202,49265,0,0,PS,990929,18:52:20,18:52:31,11,0:00:00,0:00:00,0,AGENT,18:52:31,18:53:16,45,BASCH
AA0202,49266,0,0,PS,990929,19:18:19,19:18:32,13,0:00:00,0:00:00,0,AGENT,19:18:31,19:25:10,399,MEIR
AA0202,49267,0,0,PS,990929,19:45:32,19:45:41,9,0:00:00,0:00:00,0,AGENT,19:45:41,19:46:18,37,BASCH
AA0202,49268,0,0,PS,990929,20:28:03,20:28:14,11,0:00:00,0:00:00,0,AGENT,20:28:13,20:28:55,42,BASCH
AA0202,49269,0,0,PS,990929,20:53:42,20:53:53,11,0:00:00,0:00:00,0,AGENT,20:53:52,20:54:14,22,BASCH
AA0202,49270,0,0,PS,990929,21:33:39,21:33:47,8,0:00:00,0:00:00,0,AGENT,21:33:47,21:34:33,46,GILI
AA0202,49271,0,0,NE,990929,22:05:23,22:05:38,15,0:00:00,0:00:00,0,AGENT,22:05:38,22:06:15,37,DARMON
AA0202,49272,0,0,PS,990929,22:57:11,22:57:37,26,0:00:00,0:00:00,0,AGENT,22:57:36,22:58:29,53,STEREN
AA0202,49273,0,0,NW,990929,23:48:33,23:48:46,13,0:00:00,0:00:00,0,AGENT,23:48:46,23:48:52,6,NO_SERVER
AA0202,49274,0,0,PS,990930,6:48:38,6:48:52,14,0:00:00,0:00:00,0,HANG,0:00:00,0:00:00,0,NO_SERVER
AA0202,49275,14312961,2,PS,990930,7:46:22,7:46:28,6,7:46:28,7:47:18,50,AGENT,7:47:17,7:48:27,70,TOVA
AA0202,49276,0,0,NE,990930,8:23:39,8:23:48,9,0:00:00,0:00:00,0,AGENT,8:23:47,8:29:26,339,TOVA
AA0202,49277,22181796,2,PS,990930,8:47:37,8:47:42,5,8:47:42,8:48:49,67,AGENT,8:48:48,8:59:53,665,SHARON
AA0202,49278,0,0,NW,990930,9:00:26,9:00:35,9,9:00:35,9:01:01,26,AGENT,9:01:00,9:15:26,866,SHARON
AA0202,49279,57460131,2,PS,990930,9:14:54,9:15:00,6,9:15:00,9:16:02,62,AGENT,9:16:01,9:18:11,130,TOVA
AA0202,49280,0,0,PS,990930,9:29:35,9:29:46,11,0:00:00,0:00:00,0,AGENT,9:29:45,9:30:17,32,YIFAT
AA0202,49281,59272351,1,PS,990930,9:41:57,9:42:02,5,9:42:02,9:42:15,13,AGENT,9:42:14,9:43:34,80,ANAT
AA0202,49282,58859752,2,PS,990930,9:53:20,9:53:25,5,9:53:25,9:54:48,83,AGENT,9:54:47,9:54:51,4,ANAT
AA0202,49283,52867744,2,PS,990930,9:58:20,9:58:26,6,9:58:26,10:00:13,107,AGENT,10:00:12,10:02:54,162,TOVA
AA0202,49284,54128681,2,PS,990930,10:11:57,10:12:02,5,10:12:02,10:12:49,47,AGENT,10:12:48,10:14:22,94,YIFAT
AA0202,49285,22983050,2,PS,990930,10:26:06,10:26:12,6,10:26:12,10:27:24,72,AGENT,10:27:23,10:29:18,115,YIFAT
AA0202,49286,54613724,2,NE,990930,10:41:08,10:41:14,6,10:41:14,10:41:40,26,HANG,0:00:00,0:00:00,0,NO_SERVER
AA0202,49287,52017480,1,PS,990930,10:52:30,10:52:35,5,10:52:35,10:56:39,244,AGENT,10:56:38,10:56:40,2,TOVA
AA0202,49288,0,0,PS,990930,11:03:59,11:04:09,10,0:00:00,0:00:00,0,AGENT,11:04:07,11:05:37,90,YIFAT
AA0202,49289,50052869,2,PS,990930,11:09:16,11:09:22,6,11:09:22,11:13:20,238,AGENT,11:13:19,11:18:38,319,YIFAT
AA0202,49290,31964935,1,PS,990930,11:19:52,11:19:58,6,11:19:58,11:22:33,155,AGENT,11:22:32,11:24:36,124,YIFAT
AA0202,49291,28109171,2,PS,990930,11:26:28,11:26:34,6,11:26:34,11:28:53,139,AGENT,11:28:51,11:30:12,81,YIFAT
AA0202,49292,32292880,1,PS,990930,11:37:05,11:37:11,6,11:37:11,11:37:45,34,HANG,0:00:00,0:00:00,0,NO_SERVER
AA0202,49293,58704610,2,PS,990930,11:43:14,11:43:21,7,11:43:21,11:47:08,227,AGENT,11:47:07,11:47:09,2,YIFAT
AA0202,49294,24654626,1,PS,990930,11:52:20,11:52:26,6,11:52:26,11:56:08,222,AGENT,11:56:07,12:03:10,423,YIFAT
AA0202,49295,55921597,1,NE,990930,12:02:42,12:02:47,5,12:02:47,12:07:38,291,AGENT,12:07:36,12:10:28,172,SHARON
AA0202,49296,0,0,NW,990930,12:16:33,12:16:43,10,12:16:43,12:16:56,13,AGENT,12:16:54,12:17:16,22,ROTH
AA0202,49297,24807877,1,PS,990930,12:28:49,12:28:55,6,12:28:55,12:29:01,6,AGENT,12:29:00,12:31:03,123,ROTH
AA0202,49298,0,0,PS,990930,12:52:02,12:52:10,8,0:00:00,0:00:00,0,AGENT,12:52:10,12:52:45,35,YIFAT
AA0202,49299,4553749,2,PS,990930,13:04:57,13:05:02,5,13:05:02,13:05:15,13,AGENT,13:05:15,13:07:13,118,YIFAT
AA0202,49300,0,0,NE,990930,13:24:12,13:24:20,8,0:00:00,0:00:00,0,AGENT,13:24:20,13:30:01,341,ZOHARI
AA0202,49301,0,0,NW,990930,13:42:01,13:42:14,13,0:00:00,0:00:00,0,AGENT,13:42:13,13:50:14,481,ROTH
AA0202,49303,0,0,PS,990930,13:55:21,13:55:21,0,0:00:00,0:00:00,0,HANG,0:00:00,0:00:00,0,NO_SERVER
AA0202,49304,0,0,NW,990930,14:04:34,14:04:43,9,14:04:43,14:06:12,89,AGENT,14:06:12,14:06:41,29,PINHAS
AA0202,49305,54145529,2,PS,990930,14:16:02,14:16:08,6,14:16:08,14:18:11,123,HANG,0:00:00,0:00:00,0,NO_SERVER
AA0202,49306,72600836,2,PS,990930,14:25:16,14:25:22,6,14:25:22,14:33:10,468,AGENT,14:33:10,14:34:01,51,ROTH
AA0202,49307,65728289,2,PS,990930,14:48:47,14:48:53,6,14:48:53,14:50:36,103,AGENT,14:50:06,14:56:20,374,ROTH
AA0202,49308,57448342,2,PS,990930,15:06:20,15:06:26,6,15:06:26,15:07:45,79,HANG,0:00:00,0:00:00,0,NO_SERVER
AA0202,49309,0,0,PS,990930,15:43:24,15:43:34,10,0:00:00,0:00:00,0,AGENT,15:43:33,15:46:01,148,STEREN
AA0202,49310,25692658,1,PS,990930,16:15:35,16:15:40,5,16:15:40,16:15:53,13,AGENT,16:15:53,16:21:21,328,STEREN
AA0202,49311,33474602,2,PS,990930,16:31:03,16:31:08,5,16:31:08,16:31:34,26,AGENT,16:31:32,16:34:48,196,VICKY
AA0202,49312,0,0,PS,990930,16:51:19,16:51:29,10,0:00:00,0:00:00,0,AGENT,16:51:27,16:54:21,174,STEREN
AA0202,49313,0,0,PS,990930,17:13:54,17:14:03,9,0:00:00,0:00:00,0,AGENT,17:14:02,17:15:40,98,STEREN
AA0202,49314,0,0,PS,990930,17:49:13,17:49:23,10,0:00:00,0:00:00,0,AGENT,0:00:00,0:00:00,0,AVNI
AA0202,49315,0,0,PS,990930,18:33:50,18:34:00,10,0:00:00,0:00:00,0,AGENT,18:33:59,18:35:27,88,AVNI
AA0202,49316,0,0,PS,990930,19:05:40,19:05:49,9,0:00:00,0:00:00,0,AGENT,19:05:49,19:08:09,140,AVNI
AA0202,49317,0,0,NE,990930,19:56:30,19:56:39,9,0:00:00,0:00:00,0,AGENT,19:56:39,20:02:41,362,AVNI
AA0202,49318,0,0,PS,990930,20:33:22,20:33:30,8,0:00:00,0:00:00,0,AGENT,20:33:29,20:37:22,233,STEREN
AA0202,49319,0,0,NE,990930,21:04:33,21:04:42,9,0:00:00,0:00:00,0,AGENT,21:04:41,21:07:27,166,VICKY
AA0202,49320,0,0,NE,990930,21:45:19,21:45:36,17,0:00:00,0:00:00,0,AGENT,21:45:35,22:10:34,1499,MEIR
AA0202,49321,0,0,PS,990930,22:46:43,22:46:54,11,0:00:00,0:00:00,0,AGENT,22:46:53,22:49:41,168,YITZ
AA0203,47234,0,0,NW,990901,0:31:15,0:31:37,22,0:00:00,0:00:00,0,HANG,0:00:00,0:00:00,0,NO_SERVER
AA0203,47235,0,0,PS,990901,6:57:32,6:57:43,11,0:00:00,0:00:00,0,HANG,0:00:00,0:00:00,0,NO_SERVER
AA0203,47236,10858884,2,NE,990901,7:34:35,7:34:40,5,7:34:40,7:36:12,92,AGENT,7:36:11,7:37:40,89,BASCH
AA0203,47237,0,0,PS,990901,8:01:38,8:01:50,12,0:00:00,0:00:00,0,AGENT,8:01:49,8:05:19,210,SHARON
AA0203,47238,0,0,PS,990901,8:13:14,8:13:23,9,0:00:00,0:00:00,0,AGENT,8:13:22,8:15:47,145,ROTH
AA0203,47239,0,0,PS,990901,8:31:44,8:32:10,26,0:00:00,0:00:00,0,AGENT,8:32:09,8:45:09,780,YITZ
AA0203,47240,0,0,PS,990901,8:44:22,8:44:33,11,0:00:00,0:00:00,0,AGENT,8:44:32,8:54:24,592,ZOHARI
AA0203,47241,0,0,PS,990901,9:00:08,9:00:17,9,0:00:00,0:00:00,0,AGENT,9:00:17,9:04:29,252,ROTH
AA0203,47242,0,0,PS,990901,9:08:23,9:08:54,31,0:00:00,0:00:00,0,HANG,0:00:00,0:00:00,0,NO_SERVER
AA0203,47243,308924133,2,PS,990901,9:19:07,9:19:12,5,9:19:12,9:19:32,20,AGENT,9:19:31,9:20:01,30,BASCH
AA0203,47244,0,0,PS,990901,9:30:39,9:30:52,13,0:00:00,0:00:00,0,AGENT,9:30:51,9:34:26,215,NAAMA
AA0203,47245,0,0,PS,990901,9:40:48,9:40:58,10,0:00:00,0:00:00,0,AGENT,9:40:57,9:42:32,95,YITZ
AA0203,47246,56510522,1,PS,990901,9:48:31,9:48:37,6,9:48:37,9:50:06,89,AGENT,9:50:04,9:51:33,89,NAAMA
AA0203,47247,58411349,2,PS,990901,9:59:19,9:59:24,5,9:59:24,9:59:42,18,AGENT,9:59:41,10:00:27,46,SHARON
AA0203,47248,44276616,2,PS,990901,10:10:03,10:10:09,6,10:10:09,10:12:01,112,AGENT,10:12:00,10:14:58,178,SHARON
AA0203,47249,0,0,PS,990901,10:20:25,10:20:51,26,0:00:00,0:00:00,0,AGENT,10:20:49,10:22:44,115,YITZ
AA0203,47250,59630624,1,NE,990901,10:28:13,10:28:19,6,10:28:19,10:29:15,56,AGENT,10:29:15,10:29:53,38,SHARON
AA0203,47251,22920177,2,PS,990901,10:39:24,10:39:30,6,10:39:30,10:40:42,72,AGENT,10:40:41,10:41:32,51,BASCH
AA0203,47252,0,0,NE,990901,10:54:42,10:54:52,10,0:00:00,0:00:00,0,AGENT,10:54:51,11:02:28,457,ZOHARI
AA0203,47253,306278797,1,PS,990901,11:05:18,11:05:24,6,11:05:24,11:05:27,3,AGENT,11:05:27,11:06:45,78,STEREN
AA0203,47254,64471147,2,PS,990901,11:15:59,11:16:04,5,11:16:04,11:16:47,43,HANG,0:00:00,0:00:00,0,NO_SERVER
AA0203,47255,26058826,2,PS,990901,11:28:20,11:28:26,6,11:28:26,11:29:32,66,AGENT,11:29:31,11:30:03,32,SHARON
AA0203,47256,33769464,1,PS,990901,11:41:57,11:42:03,6,11:42:03,11:42:21,18,AGENT,11:42:20,11:43:45,85,BASCH
AA0203,47257,24804783,2,PS,990901,11:55:21,11:55:27,6,11:55:27,11:55:50,23,AGENT,11:55:49,11:56:54,65,SHARON
AA0203,47258,31447485,2,PS,990901,12:06:17,12:06:23,6,12:06:23,12:07:42,79,AGENT,12:07:41,12:08:14,33,ROTH
AA0203,47259,0,0,PS,990901,12:19:56,12:20:05,9,0:00:00,0:00:00,0,AGENT,12:20:04,12:20:28,24,NAAMA
AA0203,47260,0,0,PS,990901,12:33:46,12:33:55,9,0:00:00,0:00:00,0,AGENT,12:33:55,12:34:38,43,STEREN
AA0203,47261,0,0,PS,990901,12:49:05,12:49:15,10,0:00:00,0:00:00,0,AGENT,12:49:14,12:52:04,170,STEREN
AA0203,47262,0,0,PS,990901,12:59:07,12:59:20,13,0:00:00,0:00:00,0,AGENT,12:59:19,13:04:48,329,NAAMA
AA0203,47263,0,0,NE,990901,13:17:15,13:17:27,12,0:00:00,0:00:00,0,AGENT,13:17:27,13:25:59,512,ELI
AA0203,47264,0,0,PS,990901,13:32:07,13:32:16,9,0:00:00,0:00:00,0,AGENT,13:32:15,13:37:04,289,DORIT
AA0203,47265,0,0,PS,990901,13:46:11,13:46:20,9,0:00:00,0:00:00,0,AGENT,13:46:19,13:49:10,171,STEREN
AA0203,47266,0,0,PS,990901,13:58:56,13:59:05,9,0:00:00,0:00:00,0,AGENT,13:59:04,14:01:06,122,STEREN
AA0203,47267,0,0,PS,990901,14:08:52,14:09:07,15,0:00:00,0:00:00,0,AGENT,14:09:05,14:11:28,143,SHARON
AA0203,47268,0,0,NE,990901,14:24:43,14:24:53,10,0:00:00,0:00:00,0,AGENT,14:24:53,14:29:58,305,ZOHARI
AA0203,47269,0,0,PS,990901,14:34:35,14:34:55,20,0:00:00,0:00:00,0,AGENT,14:34:54,14:39:33,279,DORIT
AA0203,47270,0,0,PS,990901,14:42:56,14:43:06,10,0:00:00,0:00:00,0,AGENT,14:43:05,14:49:21,376,STEREN
AA0203,47271,0,0,NE,990901,14:57:16,14:57:24,8,0:00:00,0:00:00,0,AGENT,14:57:24,14:57:27,3,MORIAH
AA0203,47272,22263115,2,PS,990901,15:09:32,15:09:38,6,15:09:38,15:09:57,19,AGENT,15:09:57,15:11:07,70,ANAT
AA0203,47273,50078823,2,PS,990901,15:19:40,15:19:46,6,15:19:46,15:20:05,19,AGENT,15:20:05,15:24:55,290,BENSION
AA0203,47274,74450255,1,PS,990901,15:30:13,15:30:19,6,15:30:19,15:32:59,160,AGENT,15:32:58,15:36:44,226,BENSION
AA0203,47275,0,0,NW,990901,15:42:17,15:42:29,12,0:00:00,0:00:00,0,AGENT,15:42:28,15:44:38,130,AVNI
AA0203,47276,56768120,1,PS,990901,15:53:11,15:53:16,5,15:53:16,15:53:48,32,AGENT,15:53:47,15:55:21,94,AVNI
AA0203,47277,0,0,PS,990901,16:10:00,16:10:13,13,0:00:00,0:00:00,0,AGENT,16:10:11,16:11:30,79,TOVA
AA0203,47278,0,0,PS,990901,16:28:17,16:28:26,9,0:00:00,0:00:00,0,AGENT,16:28:25,16:31:44,199,AVNI
AA0203,47279,0,0,NE,990901,16:47:53,16:48:04,11,0:00:00,0:00:00,0,AGENT,16:48:03,16:48:10,7,ANAT
AA0203,47280,0,0,PS,990901,16:58:18,16:58:27,9,0:00:00,0:00:00,0,AGENT,16:58:27,17:00:09,102,TOVA
AA0203,47281,0,0,PS,990901,17:13:36,17:13:46,10,0:00:00,0:00:00,0,AGENT,17:13:46,17:15:25,99,ANAT
AA0203,47282,0,0,PS,990901,17:33:23,17:33:35,12,0:00:00,0:00:00,0,AGENT,17:33:34,17:34:42,68,ANAT
AA0203,47283,0,0,PS,990901,17:48:49,17:49:02,13,0:00:00,0:00:00,0,AGENT,17:49:02,17:50:32,90,AVI
AA0203,47284,0,0,PS,990901,18:09:26,18:09:43,17,0:00:00,0:00:00,0,AGENT,18:09:42,18:10:31,49,BENSION
AA0203,47285,0,0,NE,990901,18:25:14,18:25:23,9,0:00:00,0:00:00,0,AGENT,18:25:23,18:25:25,2,VICKY
AA0203,47286,0,0,PS,990901,18:45:54,18:46:07,13,0:00:00,0:00:00,0,AGENT,18:46:06,18:47:56,110,ANAT
AA0203,47287,0,0,PS,990901,19:07:48,19:08:02,14,0:00:00,0:00:00,0,AGENT,19:08:01,19:17:20,559,BENSION
AA0203,47288,0,0,PS,990901,19:34:02,19:34:12,10,0:00:00,0:00:00,0,AGENT,19:34:11,19:35:06,55,VICKY
AA0203,47289,0,0,NW,990901,19:57:10,19:57:24,14,0:00:00,0:00:00,0,AGENT,19:57:23,19:58:02,39,VICKY
AA0203,47290,0,0,PS,990901,20:16:10,20:16:21,11,0:00:00,0:00:00,0,AGENT,20:16:20,20:16:45,25,BENSION
AA0203,47291,25124181,2,NE,990901,20:30:34,20:30:40,6,20:30:40,20:31:50,70,AGENT,20:31:50,20:32:31,41,AVI
AA0203,47292,0,0,PS,990901,20:47:19,20:47:34,15,0:00:00,0:00:00,0,AGENT,20:47:29,20:50:03,154,ANAT
AA0203,47293,55260194,2,PS,990901,20:58:46,20:58:52,6,20:58:52,21:00:03,71,AGENT,21:00:02,21:03:29,207,TOVA
AA0203,47294,0,0,PS,990901,21:18:41,21:18:55,14,0:00:00,0:00:00,0,AGENT,21:18:54,21:20:20,86,AVI
AA0203,47295,0,0,NE,990901,21:39:44,21:39:53,9,0:00:00,0:00:00,0,AGENT,21:39:53,21:40:51,58,VICKY
AA0203,47296,0,0,PS,990901,21:58:46,21:59:11,25,0:00:00,0:00:00,0,AGENT,21:59:10,22:00:55,105,AVI
AA0203,47297,1318583,2,PS,990901,22:14:21,22:14:27,6,22:14:27,22:17:03,156,AGENT,22:17:02,22:18:28,86,AVI
AA0203,47298,0,0,PS,990901,22:36:22,22:36:31,9,0:00:00,0:00:00,0,AGENT,22:36:30,22:41:21,291,VICKY
AA0203,47299,0,0,PS,990901,22:55:30,22:55:40,10,0:00:00,0:00:00,0,AGENT,22:55:39,22:57:24,105,AVI
AA0203,47300,0,0,PS,990901,23:21:48,23:21:59,11,0:00:00,0:00:00,0,AGENT,23:21:58,23:22:52,54,VICKY
AA0203,47301,0,0,NE,990901,23:42:51,23:43:00,9,0:00:00,0:00:00,0,AGENT,23:42:59,23:43:40,41,AVI
AA0203,47302,0,0,PS,990902,6:49:32,6:50:09,37,0:00:00,0:00:00,0,HANG,0:00:00,0:00:00,0,NO_SERVER
AA0203,47303,0,0,PS,990902,7:37:02,7:37:14,12,0:00:00,0:00:00,0,AGENT,7:37:14,7:39:53,159,ANAT
AA0203,47304,0,0,PS,990902,7:59:17,7:59:28,11,0:00:00,0:00:00,0,AGENT,7:59:27,8:04:05,278,TOVA
AA0203,47305,0,0,PS,990902,8:22:19,8:22:28,9,0:00:00,0:00:00,0,AGENT,8:22:27,8:24:05,98,STEREN
AA0203,47306,67374793,2,PS,990902,8:34:18,8:34:23,5,8:34:23,8:36:37,134,AGENT,8:36:36,8:43:29,413,ANAT
AA0203,47307,54329172,1,PS,990902,8:43:44,8:43:49,5,8:43:49,8:44:42,53,AGENT,8:44:41,8:46:10,89,TOVA
AA0203,47308,57481988,2,PS,990902,8:52:42,8:52:47,5,8:52:47,8:55:12,145,AGENT,8:55:11,8:57:52,161,ZOHARI
AA0203,47309,15189558,2,PS,990902,9:03:02,9:03:07,5,9:03:07,9:06:05,178,AGENT,9:06:04,9:10:13,249,ROTH
AA0203,47310,0,0,NW,990902,9:16:30,9:16:40,10,9:16:40,9:17:28,48,AGENT,9:17:26,9:24:29,423,MORIAH
AA0203,47311,28574507,2,PS,990902,9:29:30,9:29:36,6,9:29:36,9:30:57,81,AGENT,9:30:56,9:31:01,5,MORIAH
AA0203,47312,30164461,2,PS,990902,9:42:07,9:42:13,6,9:42:13,9:43:34,81,AGENT,9:43:33,9:44:27,54,ANAT
AA0203,47313,40350803,1,PS,990902,9:49:17,9:49:22,5,9:49:22,9:50:22,60,HANG,0:00:00,0:00:00,0,NO_SERVER
AA0203,47314,0,0,PS,990902,9:58:23,9:58:33,10,0:00:00,0:00:00,0,AGENT,9:58:31,10:02:51,260,ZOHARI
AA0203,47315,0,0,NW,990902,10:06:49,10:06:58,9,10:06:58,10:07:47,49,HANG,0:00:00,0:00:00,0,NO_SERVER
AA0203,47316,57425308,1,PS,990902,10:15:34,10:15:40,6,10:15:40,10:20:26,286,AGENT,10:20:25,10:20:33,8,ROTH
AA0203,47317,23918964,1,PS,990902,10:24:24,10:24:29,5,10:24:29,10:25:45,76,HANG,0:00:00,0:00:00,0,NO_SERVER
AA0203,47318,0,0,NW,990902,10:30:58,10:31:07,9,10:31:07,10:35:54,287,AGENT,10:35:53,10:37:57,124,MORIAH
AA0203,47319,13904420,2,PS,990902,10:40:15,10:40:21,6,10:40:21,10:41:15,54,HANG,0:00:00,0:00:00,0,NO_SERVER
AA0203,47320,6.02111E+11,0,PS,990902,10:44:15,10:44:19,4,10:44:19,10:48:24,245,AGENT,10:48:23,10:51:25,182,STEREN
AA0203,47321,54595434,2,PS,990902,10:53:23,10:53:29,6,10:53:29,10:53:54,25,AGENT,10:53:53,11:00:02,369,ROTH
AA0203,47322,0,0,PS,990902,11:02:10,11:02:24,14,0:00:00,0:00:00,0,AGENT,11:02:23,11:05:10,167,ANAT
AA0203,47323,14995666,2,NE,990902,11:08:00,11:08:06,6,11:08:06,11:10:07,121,AGENT,11:10:07,11:13:18,191,ELI
AA0203,47324,51731149,2,PS,990902,11:13:55,11:14:01,6,11:14:01,11:15:59,118,AGENT,11:15:57,11:16:01,4,TOVA
AA0203,47325,4553749,2,PS,990902,11:21:04,11:21:10,6,11:21:10,11:24:03,173,AGENT,11:24:01,11:28:34,273,STEREN
AA0203,47326,51929339,2,PS,990902,11:27:23,11:27:29,6,11:27:29,11:28:42,73,AGENT,11:28:40,11:37:04,504,STEREN
AA0203,47327,59197178,2,PS,990902,11:34:27,11:34:33,6,11:34:33,11:35:04,31,AGENT,11:35:02,11:36:04,62,DARMON
AA0203,47328,0,0,NE,990902,11:43:11,11:43:24,13,0:00:00,0:00:00,0,AGENT,11:43:23,11:46:05,162,ELI
AA0203,47329,23793540,1,PS,990902,11:49:26,11:49:32,6,11:49:32,11:49:44,12,AGENT,11:49:43,11:51:09,86,ZOHARI
AA0203,47330,0,0,PS,990902,11:59:24,11:59:36,12,0:00:00,0:00:00,0,AGENT,11:59:34,12:01:22,108,ANAT
AA0203,47331,5317672,2,PS,990902,12:08:52,12:08:58,6,12:08:58,12:09:03,5,AGENT,12:09:02,12:10:33,91,TOVA
AA0203,47332,0,0,PS,990902,12:18:24,12:18:34,10,0:00:00,0:00:00,0,AGENT,12:18:33,12:21:36,183,ZOHARI
AA0203,47333,0,0,NW,990902,12:27:29,12:27:38,9,12:27:38,12:29:01,83,HANG,0:00:00,0:00:00,0,NO_SERVER
AA0203,47334,0,0,NW,990902,12:41:32,12:41:44,12,0:00:00,0:00:00,0,AGENT,12:41:43,12:51:27,584,ROTH
AA0203,47335,2043974,1,NE,990902,12:46:02,12:46:08,6,12:46:08,12:46:31,23,AGENT,12:46:30,12:49:05,155,ELI
AA0203,47336,313752594,2,PS,990902,12:55:42,12:55:47,5,12:55:47,12:56:20,33,AGENT,12:56:19,12:59:47,208,ZOHARI
AA0203,47337,0,0,NW,990902,13:06:01,13:06:10,9,13:06:10,13:06:44,34,AGENT,13:06:43,13:06:53,10,ROTH
AA0203,47338,0,0,PS,990902,13:16:23,13:16:35,12,0:00:00,0:00:00,0,AGENT,13:16:34,13:18:03,89,TOVA
AA0203,47339,0,0,NW,990902,13:24:46,13:24:56,10,13:24:56,13:26:13,77,AGENT,13:26:12,13:26:47,35,MORIAH
AA0203,47340,6692800,2,PS,990902,13:38:03,13:38:09,6,13:38:09,13:38:20,11,AGENT,13:38:18,13:40:25,127,YIFAT
AA0203,47341,0,0,PS,990902,13:54:17,13:54:29,12,0:00:00,0:00:00,0,AGENT,13:54:27,13:56:49,142,STEREN
AA0203,47342,32222390,1,PS,990902,14:02:15,14:02:20,5,14:02:20,14:06:02,222,AGENT,14:06:00,14:07:52,112,KAZAV
AA0203,47343,57425308,1,PS,990902,14:14:47,14:14:53,6,14:14:53,14:14:58,5,AGENT,14:14:57,14:15:45,48,STEREN
AA0203,47344,74780917,2,NE,990902,14:24:47,14:24:53,6,14:24:53,14:26:08,75,AGENT,14:26:08,14:30:08,240,STEREN
AA0203,47345,0,0,PS,990902,14:34:55,14:35:04,9,0:00:00,0:00:00,0,AGENT,14:35:03,14:38:11,188,ROTH
AA0203,47346,50347749,1,NE,990902,14:43:52,14:43:57,5,14:43:57,14:44:18,21,AGENT,14:44:17,15:01:08,1011,ZOHARI
AA0203,47347,47769047,2,PS,990902,14:53:50,14:53:56,6,14:53:56,14:58:19,263,AGENT,14:58:18,14:58:53,35,ROTH
AA0203,47348,59743989,1,PS,990902,15:05:15,15:05:21,6,15:05:21,15:05:30,9,HANG,0:00:00,0:00:00,0,NO_SERVER
AA0203,47349,54134291,2,PS,990902,15:15:45,15:15:51,6,15:15:51,15:19:44,233,AGENT,15:19:43,15:30:27,644,STEREN
AA0203,47350,58856592,2,PS,990902,15:28:10,15:28:16,6,15:28:16,15:28:24,8,HANG,0:00:00,0:00:00,0,NO_SERVER
AA0203,47351,33493701,2,PS,990902,15:38:38,15:38:44,6,15:38:44,15:40:01,77,AGENT,15:40:00,15:47:27,447,STEREN
AA0203,47352,24927717,1,PS,990902,15:46:00,15:46:06,6,15:46:06,15:50:01,235,AGENT,15:50:00,15:51:42,102,AVI
AA0203,47353,0,0,NW,990902,16:00:08,16:00:18,10,16:00:18,16:01:19,61,AGENT,16:01:18,16:02:02,44,ROTH
AA0203,47354,0,0,NW,990902,16:07:40,16:07:50,10,16:07:50,16:13:31,341,AGENT,16:13:30,16:14:29,59,AVI
AA0203,47355,41543000,2,PS,990902,16:20:37,16:20:43,6,16:20:43,16:22:06,83,AGENT,16:22:05,16:22:06,1,VICKY
AA0203,47356,0,0,NW,990902,16:28:23,16:28:32,9,16:28:32,16:28:42,10,HANG,0:00:00,0:00:00,0,NO_SERVER
AA0203,47357,0,0,PS,990902,16:35:07,16:35:16,9,0:00:00,0:00:00,0,AGENT,16:35:16,16:38:25,189,VICKY
AA0203,47358,0,0,NW,990902,16:43:47,16:43:56,9,16:43:56,16:44:29,33,HANG,0:00:00,0:00:00,0,NO_SERVER
AA0203,47359,0,0,PS,990902,16:52:53,16:53:01,8,0:00:00,0:00:00,0,AGENT,16:53:01,16:54:30,89,YITZ
AA0203,47360,54971965,1,PS,990902,17:04:19,17:04:24,5,17:04:24,17:05:07,43,AGENT,17:05:06,17:08:00,174,YITZ
AA0203,47361,306948266,2,PS,990902,17:14:17,17:14:22,5,17:14:22,17:15:15,53,AGENT,17:15:14,17:16:28,74,YITZ
AA0203,47362,7191646,2,NE,990902,17:23:38,17:23:44,6,17:23:44,17:24:26,42,AGENT,17:24:26,17:24:31,5,DARMON
AA0203,47363,57487902,2,PS,990902,17:35:29,17:35:34,5,17:35:34,17:37:48,134,AGENT,17:37:47,17:39:06,79,AVI
AA0203,47364,24633968,2,PS,990902,17:45:47,17:45:52,5,17:45:52,17:46:44,52,AGENT,17:46:43,17:48:02,79,AVI
AA0203,47365,0,0,NW,990902,17:59:08,17:59:17,9,17:59:17,17:59:32,15,AGENT,17:59:31,18:00:06,35,AVI
AA0203,47366,0,0,NW,990902,18:05:39,18:05:49,10,18:05:49,18:06:38,49,HANG,0:00:00,0:00:00,0,NO_SERVER
AA0203,47367,0,0,NW,990902,18:21:54,18:22:03,9,18:22:03,18:23:11,68,AGENT,18:23:10,18:25:06,116,PINHAS
AA0203,47368,0,0,PS,990902,18:32:08,18:32:22,14,0:00:00,0:00:00,0,AGENT,18:32:22,18:34:00,98,BASCH
AA0203,47369,69869857,1,PS,990902,18:44:41,18:44:47,6,18:44:47,18:44:57,10,AGENT,18:44:57,18:48:31,214,YITZ
AA0203,47370,0,0,NW,990902,18:53:54,18:53:59,5,0:00:00,0:00:00,0,HANG,0:00:00,0:00:00,0,NO_SERVER
AA0203,47371,27885011,2,PS,990902,18:59:33,18:59:39,6,18:59:39,19:05:23,344,AGENT,19:05:23,19:07:45,142,YITZ
AA0203,47372,0,0,PS,990902,19:22:48,19:23:01,13,0:00:00,0:00:00,0,AGENT,19:23:00,19:25:03,123,BASCH
AA0203,47373,0,0,NW,990902,19:34:29,19:34:48,19,0:00:00,0:00:00,0,AGENT,19:34:50,19:34:53,3,NO_SERVER
AA0203,47374,0,0,NW,990902,19:49:00,19:49:11,11,0:00:00,0:00:00,0,HANG,0:00:00,0:00:00,0,NO_SERVER
AA0203,47375,0,0,PS,990903,8:11:45,8:13:11,86,0:00:00,0:00:00,0,HANG,0:00:00,0:00:00,0,NO_SERVER
AA0203,47376,0,0,PS,990903,8:20:50,8:20:59,9,0:00:00,0:00:00,0,AGENT,8:20:58,8:23:39,161,MORIAH
AA0203,47377,24276628,1,PS,990903,8:36:12,8:36:18,6,8:36:18,8:36:41,23,AGENT,8:36:40,8:39:43,183,BASCH
AA0203,47378,8147985,1,PS,990903,8:47:35,8:47:41,6,8:47:41,8:48:00,19,AGENT,8:47:59,8:58:56,657,ZOHARI
AA0203,47379,0,0,NW,990903,8:55:16,8:55:25,9,8:55:25,8:55:31,6,HANG,0:00:00,0:00:00,0,NO_SERVER
AA0203,47380,7538143,2,PS,990903,9:04:02,9:04:08,6,9:04:08,9:04:41,33,AGENT,9:04:40,9:05:54,74,BENSION
AA0203,47381,58127432,2,PS,990903,9:18:28,9:18:33,5,9:18:33,9:18:52,19,AGENT,9:18:51,9:33:23,872,ROTH
AA0203,47382,27008077,1,PS,990903,9:27:20,9:27:25,5,9:27:25,9:27:36,11,HANG,0:00:00,0:00:00,0,NO_SERVER
AA0203,47383,0,0,NW,990903,9:40:38,9:40:51,13,0:00:00,0:00:00,0,AGENT,9:40:50,9:43:53,183,STEREN
AA0203,47384,0,0,NW,990903,9:55:10,9:55:19,9,9:55:19,9:56:01,42,AGENT,9:56:00,9:57:21,81,BASCH
AA0203,47385,22172274,1,PS,990903,10:04:04,10:04:10,6,10:04:10,10:04:44,34,AGENT,10:04:43,10:05:09,26,BASCH
AA0203,47386,47148739,2,NE,990903,10:17:31,10:17:37,6,10:17:37,10:17:41,4,AGENT,10:17:40,10:28:08,628,ROTH
AA0203,47387,0,0,PS,990903,10:30:51,10:31:01,10,0:00:00,0:00:00,0,AGENT,10:31:00,10:32:49,109,MORIAH
AA0203,47388,56178460,1,PS,990903,10:37:14,10:37:20,6,10:37:20,10:39:10,110,HANG,0:00:00,0:00:00,0,NO_SERVER
AA0203,47389,0,0,PS,990903,10:44:52,10:45:02,10,0:00:00,0:00:00,0,AGENT,10:45:00,10:46:51,111,BASCH
AA0203,47390,29009917,2,PS,990903,10:57:38,10:57:44,6,10:57:44,10:58:18,34,AGENT,10:58:17,10:59:44,87,BENSION
AA0203,47391,54978564,2,PS,990903,11:14:05,11:14:11,6,11:14:11,11:14:30,19,AGENT,11:14:30,11:16:38,128,BASCH
AA0203,47392,25689548,2,PS,990903,11:26:49,11:26:55,6,11:26:55,11:27:36,41,AGENT,11:27:35,11:28:26,51,STEREN
AA0203,47393,0,0,PS,990903,11:41:17,11:41:27,10,0:00:00,0:00:00,0,AGENT,11:41:26,11:42:29,63,ZOHARI
AA0203,47394,72600836,2,PS,990903,12:01:27,12:01:32,5,12:01:32,12:02:06,34,AGENT,12:02:05,12:03:59,114,ROTH
AA0203,47395,0,0,NW,990903,12:13:50,12:14:00,10,12:14:00,12:14:09,9,AGENT,12:14:08,12:14:48,40,ROTH
AA0203,47396,858415,2,PS,990903,12:28:52,12:28:57,5,12:28:57,12:29:11,14,AGENT,12:29:10,12:31:20,130,BENSION
AA0203,47397,0,0,PS,990903,12:47:23,12:47:32,9,0:00:00,0:00:00,0,AGENT,12:47:31,12:48:23,52,ROTH
AA0203,47398,0,0,PS,990903,13:02:08,13:02:20,12,0:00:00,0:00:00,0,AGENT,13:02:19,13:03:27,68,BENSION
AA0203,47399,0,0,PS,990903,13:28:14,13:28:25,11,0:00:00,0:00:00,0,AGENT,13:28:24,13:29:13,49,BENSION
AA0203,47400,57758013,2,PS,990903,13:58:58,13:59:03,5,13:59:03,14:02:29,206,AGENT,14:02:28,14:04:45,137,GELBER
AA0203,47401,0,0,PS,990903,14:32:14,14:32:25,11,0:00:00,0:00:00,0,HANG,0:00:00,0:00:00,0,NO_SERVER
AA0203,47402,0,0,PS,990903,15:25:42,15:25:53,11,0:00:00,0:00:00,0,HANG,0:00:00,0:00:00,0,NO_SERVER
AA0203,47404,0,0,PS,990903,16:39:14,16:39:14,0,0:00:00,0:00:00,0,HANG,0:00:00,0:00:00,0,NO_SERVER
AA0203,47405,0,0,NW,990903,19:10:51,19:11:03,12,0:00:00,0:00:00,0,HANG,0:00:00,0:00:00,0,NO_SERVER
AA0203,47406,0,0,PS,990904,17:53:30,17:53:45,15,0:00:00,0:00:00,0,HANG,0:00:00,0:00:00,0,NO_SERVER
AA0203,47407,0,0,NE,990904,19:49:56,19:50:11,15,0:00:00,0:00:00,0,HANG,0:00:00,0:00:00,0,NO_SERVER
AA0203,47408,54196217,2,PS,990904,20:10:56,20:11:01,5,20:11:01,20:12:29,88,AGENT,20:12:29,20:14:07,98,BASCH
AA0203,47409,33574278,2,PS,990904,20:25:54,20:26:00,6,20:26:00,20:26:19,19,AGENT,20:26:18,20:32:51,393,BASCH
AA0203,47410,58806399,1,PS,990904,20:38:23,20:37:33,-50,20:37:33,20:39:00,87,AGENT,20:39:00,20:39:03,3,MORIAH
AA0203,47411,0,0,PS,990904,20:57:22,20:57:30,8,0:00:00,0:00:00,0,AGENT,20:57:30,20:59:06,96,ZOHARI
AA0203,47412,0,0,NW,990904,21:19:04,21:19:13,9,0:00:00,0:00:00,0,HANG,0:00:00,0:00:00,0,NO_SERVER
AA0203,47413,0,0,NW,990904,21:51:12,21:51:25,13,0:00:00,0:00:00,0,AGENT,21:51:24,21:51:55,31,ZOHARI
AA0203,47414,0,0,PS,990904,22:25:18,22:25:30,12,0:00:00,0:00:00,0,AGENT,22:25:30,22:28:55,205,MORIAH
AA0203,47415,0,0,PS,990904,22:49:13,22:49:22,9,0:00:00,0:00:00,0,AGENT,22:49:21,22:51:04,103,ZOHARI
AA0203,47416,0,0,PS,990904,23:29:52,23:30:03,11,0:00:00,0:00:00,0,AGENT,23:30:03,23:32:18,135,BASCH
AA0203,47417,0,0,PS,990905,1:43:54,1:44:20,26,0:00:00,0:00:00,0,HANG,0:00:00,0:00:00,0,NO_SERVER
AA0203,47418,0,0,PS,990905,7:04:20,7:04:30,10,0:00:00,0:00:00,0,AGENT,7:04:29,7:05:28,59,AVI
AA0203,47419,28976884,1,PS,990905,7:22:28,7:22:34,6,7:22:34,7:26:46,252,AGENT,7:26:45,7:28:00,75,AVI
AA0203,47420,0,0,PS,990905,7:44:37,7:44:47,10,0:00:00,0:00:00,0,AGENT,7:44:46,7:50:08,322,ANAT
AA0203,47421,0,0,NW,990905,8:08:58,8:09:07,9,8:09:07,8:09:49,42,AGENT,8:09:47,8:13:05,198,ROTH
AA0203,47422,0,0,NW,990905,8:20:57,8:21:07,10,8:21:07,8:22:53,106,AGENT,8:22:52,8:23:16,24,ROTH
AA0203,47423,0,0,NE,990905,8:34:56,8:35:04,8,0:00:00,0:00:00,0,AGENT,8:35:04,8:36:53,109,ELI
AA0203,47424,7191646,2,NE,990905,8:49:11,8:49:16,5,8:49:16,8:49:30,14,AGENT,8:49:30,8:53:31,241,AVI
AA0203,47425,0,0,PS,990905,8:59:43,8:59:56,13,0:00:00,0:00:00,0,AGENT,8:59:55,9:06:13,378,ANAT
AA0203,47426,0,0,NE,990905,9:13:48,9:14:00,12,0:00:00,0:00:00,0,AGENT,9:13:59,9:16:04,125,ELI
AA0203,47427,25219700,2,PS,990905,9:20:22,9:20:28,6,9:20:28,9:20:42,14,AGENT,9:20:41,9:21:58,77,ROTH
AA0203,47428,0,0,NE,990905,9:29:41,9:29:50,9,0:00:00,0:00:00,0,AGENT,9:29:49,9:32:36,167,NAAMA
AA0203,47429,1201391,2,PS,990905,9:38:08,9:38:14,6,9:38:14,9:41:06,172,AGENT,9:41:05,9:44:24,199,AVI
AA0203,47430,0,0,PS,990905,9:50:18,9:50:30,12,0:00:00,0:00:00,0,AGENT,9:50:29,9:52:17,108,ZOHARI
AA0203,47431,57460131,2,PS,990905,9:56:16,9:56:22,6,9:56:22,9:56:30,8,AGENT,9:56:30,9:57:42,72,ZOHARI
AA0203,47432,57379505,2,PS,990905,10:04:30,10:04:35,5,10:04:35,10:05:30,55,AGENT,10:05:29,10:06:33,64,AVI
AA0203,47433,24193781,1,PS,990905,10:12:05,10:12:11,6,10:12:11,10:13:25,74,HANG,0:00:00,0:00:00,0,NO_SERVER
AA0203,47434,59275651,1,PS,990905,10:20:18,10:20:24,6,10:20:24,10:22:38,134,AGENT,10:22:37,10:24:51,134,STEREN
AA0203,47435,57460131,2,PS,990905,10:28:28,10:28:33,5,10:28:33,10:31:20,167,AGENT,10:31:18,10:33:05,107,STEREN
AA0203,47436,27957448,2,PS,990905,10:36:11,10:36:17,6,10:36:17,10:40:16,239,AGENT,10:40:15,10:41:30,75,DORIT
AA0203,47437,56140874,2,PS,990905,10:44:01,10:44:06,5,10:44:06,10:47:25,199,PHANTOM,10:47:24,10:47:31,7,NO_SERVER
AA0203,47438,317237527,1,PE,990905,10:52:41,10:52:45,4,10:52:45,10:54:59,134,HANG,0:00:00,0:00:00,0,NO_SERVER
AA0203,47439,0,0,NW,990905,11:00:55,11:01:05,10,11:01:05,11:07:37,392,AGENT,11:07:36,11:17:46,610,DORIT
AA0203,47440,24927717,1,PS,990905,11:13:31,11:13:36,5,11:13:36,11:15:09,93,HANG,0:00:00,0:00:00,0,NO_SERVER
AA0203,47441,3267788,2,PS,990905,11:23:04,11:23:09,5,11:23:09,11:25:14,125,AGENT,11:25:13,11:37:39,746,ROTH
AA0203,47442,0,0,NW,990905,11:32:38,11:32:48,10,11:32:48,11:37:07,259,HANG,0:00:00,0:00:00,0,NO_SERVER
AA0203,47443,31889504,1,PS,990905,11:45:26,11:45:32,6,11:45:32,11:49:03,211,AGENT,11:49:02,11:50:08,66,NAAMA
AA0203,47444,0,0,PS,990905,11:57:49,11:57:59,10,0:00:00,0:00:00,0,AGENT,11:57:57,12:00:19,142,ROTH
AA0203,47445,27281617,2,NE,990905,12:05:28,12:05:33,5,12:05:33,12:05:46,13,AGENT,12:05:45,12:07:56,131,NAAMA
AA0203,47446,25124181,2,NE,990905,12:11:18,12:11:23,5,12:11:23,12:12:37,74,AGENT,12:12:35,12:18:26,351,AVI
AA0203,47447,0,0,PS,990905,12:24:20,12:24:28,8,0:00:00,0:00:00,0,AGENT,12:24:28,12:28:38,250,STEREN
AA0203,47448,56799893,2,PS,990905,12:35:11,12:35:17,6,12:35:17,12:35:24,7,AGENT,12:35:22,12:38:18,176,AVI
AA0203,47449,0,0,NW,990905,12:46:24,12:46:42,18,0:00:00,0:00:00,0,AGENT,12:46:41,12:48:56,135,AVI
AA0203,47450,31494420,1,PS,990905,12:54:40,12:54:45,5,12:54:45,12:56:45,120,AGENT,12:56:45,12:58:20,95,AVI
AA0203,47451,51294858,2,PS,990905,13:08:04,13:08:09,5,13:08:09,13:09:57,108,AGENT,13:09:55,13:12:59,184,STEREN
AA0203,47453,0,0,PS,990905,13:17:50,13:17:50,0,0:00:00,0:00:00,0,HANG,0:00:00,0:00:00,0,NO_SERVER
AA0203,47454,0,0,PS,990905,13:25:14,13:25:24,10,0:00:00,0:00:00,0,AGENT,13:25:23,13:28:12,169,ZOHARI
AA0203,47455,0,0,NW,990905,13:36:30,13:36:40,10,0:00:00,0:00:00,0,AGENT,13:36:43,13:37:01,18,NO_SERVER
AA0203,47456,25305947,1,PS,990905,13:52:03,13:52:09,6,13:52:09,13:52:41,32,AGENT,13:52:41,13:53:41,60,AVI
AA0203,47457,57866956,2,PS,990905,14:00:35,14:00:41,6,14:00:41,14:01:17,36,HANG,0:00:00,0:00:00,0,NO_SERVER
AA0203,47458,0,0,PS,990905,14:10:38,14:10:49,11,0:00:00,0:00:00,0,AGENT,14:10:48,14:16:10,322,TOVA
AA0203,47459,0,0,NW,990905,14:19:57,14:20:07,10,14:20:07,14:25:00,293,AGENT,14:24:59,14:26:24,85,MORIAH
AA0203,47460,58638107,2,NE,990905,14:32:59,14:33:04,5,14:33:04,14:34:14,70,AGENT,14:34:14,14:39:14,300,ELI
AA0203,47461,0,0,NW,990905,14:44:06,14:44:15,9,14:44:15,14:45:18,63,AGENT,14:45:17,14:46:10,53,ROTH
AA0203,47462,0,0,NW,990905,14:53:21,14:53:30,9,14:53:30,15:02:04,514,AGENT,15:02:03,15:08:57,414,MORIAH
AA0203,47463,65032120,2,PS,990905,15:10:01,15:10:06,5,15:10:06,15:11:07,61,AGENT,15:11:06,15:25:49,883,TOVA
AA0203,47464,0,0,NW,990905,15:19:43,15:19:52,9,15:19:52,15:23:24,212,HANG,0:00:00,0:00:00,0,NO_SERVER
AA0203,47465,69687275,2,PS,990905,15:31:38,15:31:43,5,15:31:43,15:33:54,131,AGENT,15:33:52,15:35:28,96,ZOHARI
AA0203,47466,52867744,2,PS,990905,15:37:58,15:38:03,5,15:38:03,15:41:13,190,AGENT,15:41:12,15:51:42,630,ROTH
AA0203,47467,0,0,NW,990905,15:45:43,15:45:53,10,15:45:53,15:47:38,105,HANG,0:00:00,0:00:00,0,NO_SERVER
AA0203,47468,5530654,2,PS,990905,15:52:54,15:53:00,6,15:53:00,15:53:57,57,AGENT,15:53:57,15:58:16,259,ZOHARI
AA0203,47469,67158097,2,PS,990905,15:58:01,15:58:06,5,15:58:06,16:01:00,174,AGENT,16:00:59,16:01:06,7,ROTH
AA0203,47470,25968405,1,PS,990905,16:04:41,16:04:47,6,16:04:47,16:10:12,325,PHANTOM,16:10:11,16:10:14,3,NO_SERVER
AA0203,47471,0,0,NW,990905,16:12:40,16:12:50,10,16:12:50,16:13:08,18,HANG,0:00:00,0:00:00,0,NO_SERVER
AA0203,47472,23685076,2,PS,990905,16:17:09,16:17:15,6,16:17:15,16:18:06,51,HANG,0:00:00,0:00:00,0,NO_SERVER
AA0203,47473,83030,1,PS,990905,16:24:40,16:24:45,5,16:24:45,16:27:03,138,HANG,0:00:00,0:00:00,0,NO_SERVER
AA0203,47474,24633968,2,PS,990905,16:32:18,16:32:24,6,16:32:24,16:34:09,105,HANG,0:00:00,0:00:00,0,NO_SERVER
AA0203,47475,22111066,1,PS,990905,16:43:43,16:43:48,5,16:43:48,16:44:00,12,AGENT,16:43:59,16:44:53,54,ZOHARI
AA0203,47476,51035319,2,PS,990905,16:52:27,16:52:32,5,16:52:32,16:53:49,77,AGENT,16:53:49,16:55:11,82,BASCH
AA0203,47477,22384234,1,PS,990905,17:00:53,17:00:59,6,17:00:59,17:01:22,23,HANG,0:00:00,0:00:00,0,NO_SERVER
AA0203,47478,0,0,NW,990905,17:13:04,17:13:17,13,0:00:00,0:00:00,0,AGENT,17:13:17,17:14:10,53,MORIAH
AA0203,47479,0,0,PS,990905,17:25:07,17:25:18,11,0:00:00,0:00:00,0,AGENT,17:25:17,17:31:42,385,TOVA
AA0203,47480,0,0,PS,990905,17:35:48,17:37:25,97,0:00:00,0:00:00,0,HANG,0:00:00,0:00:00,0,NO_SERVER
AA0203,47481,0,0,NE,990905,17:46:21,17:46:29,8,0:00:00,0:00:00,0,AGENT,17:46:29,17:48:00,91,BASCH
AA0203,47482,0,0,NW,990905,18:03:24,18:03:36,12,0:00:00,0:00:00,0,AGENT,18:03:36,18:04:35,59,PINHAS
AA0203,47483,0,0,PS,990905,18:33:51,18:34:04,13,0:00:00,0:00:00,0,AGENT,18:34:03,18:34:06,3,VICKY
AA0203,47484,59129924,1,PS,990905,18:49:46,18:49:52,6,18:49:52,18:54:30,278,AGENT,18:54:29,18:56:57,148,VICKY
AA0203,47485,0,0,NW,990905,19:18:48,19:18:58,10,19:18:58,19:22:06,188,HANG,19:22:05,19:24:31,146,NO_SERVER
AA0203,47486,34472258,2,PS,990905,19:38:44,19:38:50,6,19:38:50,19:40:58,128,AGENT,19:40:57,19:40:59,2,MORIAH
AA0203,47487,15578297,2,PS,990905,19:57:41,19:57:46,5,19:57:46,19:58:22,36,AGENT,19:58:22,19:59:41,79,VICKY
AA0203,47488,0,0,PS,990905,20:08:19,20:08:29,10,0:00:00,0:00:00,0,AGENT,20:08:27,20:15:04,397,BASCH
AA0203,47489,0,0,NW,990905,20:30:34,20:30:38,4,20:30:38,20:31:24,46,AGENT,20:31:23,20:32:00,37,BASCH
AA0203,47490,0,0,NW,990905,21:02:49,21:02:58,9,0:00:00,0:00:00,0,AGENT,21:02:57,21:03:05,8,NO_SERVER
AA0203,47491,0,0,PS,990905,21:36:53,21:37:03,10,0:00:00,0:00:00,0,AGENT,21:37:02,21:37:48,46,MORIAH
AA0203,47492,23022833,1,PS,990905,21:47:07,21:47:13,6,21:47:13,21:48:45,92,AGENT,21:48:43,21:49:57,74,BASCH
AA0203,47493,25108028,1,PS,990905,21:59:42,21:59:48,6,21:59:48,22:01:34,106,AGENT,22:01:34,22:03:10,96,BASCH
AA0203,47494,58904681,2,PS,990905,22:24:36,22:24:42,6,22:24:42,22:25:40,58,AGENT,22:25:39,22:27:27,108,VICKY
AA0203,47495,0,0,PS,990905,23:04:05,23:04:21,16,0:00:00,0:00:00,0,AGENT,23:04:21,23:08:00,219,BENSION
AA0203,47496,0,0,PS,990905,23:28:09,23:28:24,15,0:00:00,0:00:00,0,AGENT,23:28:23,23:33:18,295,BENSION
AA0203,47497,0,0,NW,990906,6:13:20,6:13:57,37,0:00:00,0:00:00,0,HANG,0:00:00,0:00:00,0,NO_SERVER
AA0203,47498,0,0,NW,990906,7:17:56,7:18:16,20,0:00:00,0:00:00,0,AGENT,7:18:15,7:21:33,198,YIFAT
AA0203,47499,0,0,PS,990906,7:41:43,7:41:53,10,0:00:00,0:00:00,0,AGENT,7:41:53,7:43:01,68,DORIT
AA0203,47500,0,0,NW,990906,7:58:55,7:59:04,9,7:59:04,7:59:13,9,HANG,0:00:00,0:00:00,0,NO_SERVER
AA0203,47501,0,0,PS,990906,8:16:10,8:16:20,10,0:00:00,0:00:00,0,AGENT,8:16:19,8:22:33,374,MORIAH
AA0203,47502,0,0,PS,990906,8:31:16,8:31:30,14,0:00:00,0:00:00,0,AGENT,8:31:29,8:33:08,99,DORIT
AA0203,47503,0,0,PS,990906,8:45:36,8:45:45,9,0:00:00,0:00:00,0,AGENT,8:45:44,8:46:40,56,DORIT
AA0203,47504,0,0,PS,990906,8:56:24,8:56:35,11,0:00:00,0:00:00,0,AGENT,8:56:35,8:58:16,101,TOVA
AA0203,47505,0,0,NW,990906,9:05:30,9:05:40,10,9:05:40,9:08:25,165,AGENT,9:08:24,9:11:59,215,ROTH
AA0203,47506,0,0,PS,990906,9:17:55,9:18:07,12,0:00:00,0:00:00,0,AGENT,9:18:07,9:19:42,95,BASCH
AA0203,47507,0,0,PS,990906,9:23:51,9:24:00,9,0:00:00,0:00:00,0,AGENT,9:24:00,9:24:02,2,TOVA
AA0203,47508,0,0,PS,990906,9:31:42,9:31:51,9,0:00:00,0:00:00,0,AGENT,9:31:50,9:34:04,134,BASCH
AA0203,47509,0,0,NW,990906,9:39:58,9:40:07,9,9:40:07,9:41:12,65,HANG,0:00:00,0:00:00,0,NO_SERVER
AA0203,47510,69687275,2,PS,990906,9:48:24,9:48:29,5,9:48:29,9:49:49,80,AGENT,9:49:48,9:54:27,279,DORIT
AA0203,47511,29503323,1,PS,990906,9:56:24,9:56:30,6,9:56:30,9:58:37,127,AGENT,9:58:36,9:59:23,47,BASCH
AA0203,47512,28925204,2,PS,990906,10:04:46,10:04:52,6,10:04:52,10:07:07,135,AGENT,10:07:06,10:10:14,188,BASCH
AA0203,47513,73806226,2,PS,990906,10:12:25,10:12:31,6,10:12:31,10:12:52,21,AGENT,10:12:51,10:19:26,395,BASCH
AA0203,47514,14995666,2,PS,990906,10:18:25,10:18:31,6,10:18:31,10:21:37,186,AGENT,10:21:36,10:21:40,4,MORIAH
AA0203,47515,58706086,2,PS,990906,10:25:25,10:25:31,6,10:25:31,10:27:19,108,AGENT,10:27:18,10:28:16,58,YITZ
AA0203,47516,53186953,2,PS,990906,10:35:25,10:35:31,6,10:35:31,10:35:54,23,AGENT,10:35:54,10:36:42,48,BASCH
AA0203,47517,7191646,2,NE,990906,10:43:48,10:43:53,5,10:43:53,10:45:24,91,AGENT,10:45:23,10:53:26,483,SHARON
AA0203,47518,0,0,NW,990906,10:53:04,10:53:13,9,10:53:13,10:53:30,17,AGENT,10:53:29,10:54:21,52,MORIAH
AA0203,47519,51294858,2,PS,990906,11:02:56,11:03:02,6,11:03:02,11:04:24,82,AGENT,11:04:23,11:08:58,275,TOVA
AA0203,47520,54665682,2,PS,990906,11:15:22,11:15:28,6,11:15:28,11:15:45,17,AGENT,11:15:44,11:22:18,394,SHARON
AA0203,47521,0,0,PS,990906,11:28:13,11:28:40,27,0:00:00,0:00:00,0,AGENT,11:28:40,11:30:23,103,ZOHARI
AA0203,47522,0,0,PS,990906,11:37:53,11:38:02,9,0:00:00,0:00:00,0,AGENT,11:38:02,11:46:06,484,DORIT
AA0203,47523,0,0,NW,990906,11:43:28,11:43:37,9,11:43:37,11:47:16,219,AGENT,11:47:15,11:47:17,2,MORIAH
AA0203,47524,0,0,PS,990906,11:59:13,11:59:30,17,0:00:00,0:00:00,0,AGENT,11:59:29,12:09:34,605,YIFAT
AA0203,47525,38950788,1,PS,990906,12:06:17,12:06:22,5,12:06:22,12:06:31,9,HANG,0:00:00,0:00:00,0,NO_SERVER
AA0203,47526,0,0,NW,990906,12:18:18,12:18:36,18,0:00:00,0:00:00,0,AGENT,12:18:35,12:22:10,215,SHARON
AA0203,47527,0,0,PS,990906,12:31:32,12:31:42,10,0:00:00,0:00:00,0,AGENT,12:31:42,12:33:37,115,DORIT
AA0203,47528,0,0,PS,990906,12:49:44,12:49:54,10,0:00:00,0:00:00,0,AGENT,12:49:54,12:53:15,201,ZOHARI
AA0203,47529,0,0,PS,990906,13:03:14,13:03:32,18,0:00:00,0:00:00,0,AGENT,13:03:31,13:08:37,306,SHARON
AA0203,47530,59808279,2,PS,990906,13:14:10,13:14:16,6,13:14:16,13:15:26,70,AGENT,13:15:25,13:16:23,58,BASCH
AA0203,47531,0,0,PS,990906,13:32:38,13:32:47,9,0:00:00,0:00:00,0,AGENT,13:32:46,13:32:50,4,MORIAH
AA0203,47532,0,0,PS,990906,13:45:58,13:46:10,12,0:00:00,0:00:00,0,AGENT,13:46:09,13:49:09,180,TOVA
AA0203,47533,54665682,2,PS,990906,13:57:23,13:57:29,6,13:57:29,13:58:00,31,AGENT,13:57:59,13:58:05,6,MORIAH
AA0203,47534,0,0,PS,990906,14:09:40,14:09:57,17,0:00:00,0:00:00,0,AGENT,14:09:56,14:11:38,102,BASCH
AA0203,47535,0,0,PS,990906,14:24:23,14:24:32,9,0:00:00,0:00:00,0,AGENT,14:24:31,14:25:45,74,ANAT
AA0203,47536,0,0,PS,990906,14:36:12,14:36:29,17,0:00:00,0:00:00,0,AGENT,14:36:28,14:37:46,78,SHARON
AA0203,47537,0,0,PS,990906,14:44:36,14:44:50,14,0:00:00,0:00:00,0,AGENT,14:44:48,14:45:54,66,DORIT
AA0203,47538,54128681,2,PS,990906,14:55:42,14:55:48,6,14:55:48,14:57:42,114,AGENT,14:57:42,14:57:44,2,MORIAH
AA0203,47539,23530603,2,PS,990906,15:09:45,15:09:50,5,15:09:50,15:10:20,30,AGENT,15:10:19,15:11:40,81,ANAT
AA0203,47540,0,0,NW,990906,15:23:44,15:23:53,9,15:23:53,15:26:40,167,AGENT,15:26:39,15:27:13,34,SHARON
AA0203,47541,13000567,2,PS,990906,15:37:27,15:37:32,5,15:37:32,15:38:27,55,AGENT,15:38:26,15:42:59,273,ZOHARI
AA0203,47542,0,0,PS,990906,15:49:18,15:49:32,14,0:00:00,0:00:00,0,AGENT,15:49:31,15:50:46,75,SHARON
AA0203,47543,33720004,2,PS,990906,16:03:40,16:03:46,6,16:03:46,16:04:02,16,AGENT,16:04:01,16:04:42,41,STEREN
AA0203,47544,55937007,1,PS,990906,16:18:42,16:18:48,6,16:18:48,16:21:24,156,AGENT,16:21:23,16:22:47,84,DARMON
AA0203,47545,0,0,PS,990906,16:35:41,16:36:05,24,0:00:00,0:00:00,0,AGENT,16:36:05,16:39:42,217,ROTH
AA0203,47546,0,0,NE,990906,16:53:46,16:54:00,14,0:00:00,0:00:00,0,AGENT,16:53:58,16:58:13,255,DARMON
AA0203,47547,24628422,1,PS,990906,17:11:40,17:11:45,5,17:11:45,17:15:22,217,AGENT,17:15:21,17:19:32,251,VICKY
AA0203,47548,55539530,2,PS,990906,17:32:54,17:32:59,5,17:32:59,17:34:07,68,AGENT,17:34:06,17:34:07,1,ANAT
AA0203,47549,0,0,NW,990906,17:57:56,17:58:05,9,17:58:05,17:58:55,50,AGENT,17:58:54,17:59:30,36,STEREN
AA0203,47550,44276616,2,PS,990906,18:25:02,18:25:08,6,18:25:08,18:26:12,64,AGENT,18:25:38,18:28:03,145,ANAT
AA0203,47551,67158097,2,PS,990906,18:40:48,18:40:58,10,18:40:58,18:41:55,57,AGENT,18:40:57,18:44:32,215,MEIR
AA0203,47552,0,0,PS,990906,19:05:23,19:05:38,15,0:00:00,0:00:00,0,AGENT,19:05:38,19:06:18,40,ANAT
AA0203,47553,0,0,PS,990906,19:30:38,19:30:51,13,0:00:00,0:00:00,0,AGENT,19:30:50,19:33:57,187,MEIR
AA0203,47554,0,0,PS,990906,19:57:22,19:57:38,16,0:00:00,0:00:00,0,AGENT,19:57:37,19:59:35,118,ANAT
AA0203,47555,28138295,2,PS,990906,20:28:44,20:28:49,5,20:28:49,20:29:27,38,AGENT,20:29:25,20:30:26,61,VICKY
AA0203,47556,53887337,2,PS,990906,20:47:28,20:47:34,6,20:47:34,20:48:51,77,AGENT,20:48:50,20:49:34,44,ANAT
AA0203,47557,57476988,1,PS,990906,21:07:55,21:08:00,5,21:08:00,21:09:08,68,HANG,0:00:00,0:00:00,0,NO_SERVER
AA0203,47558,55955975,2,PS,990906,21:33:39,21:33:45,6,21:33:45,21:34:15,30,AGENT,21:34:14,21:36:48,154,VICKY
AA0203,47559,0,0,PS,990906,21:57:36,21:57:45,9,0:00:00,0:00:00,0,AGENT,21:57:44,21:59:51,127,STEREN
AA0203,47560,0,0,PS,990906,22:25:42,22:25:53,11,0:00:00,0:00:00,0,AGENT,22:25:52,22:28:32,160,VICKY
AA0203,47561,0,0,PS,990906,23:15:21,23:15:32,11,0:00:00,0:00:00,0,AGENT,23:15:31,23:21:42,371,GILI
AA0203,47562,0,0,NW,990907,0:19:12,0:19:49,37,0:00:00,0:00:00,0,HANG,0:00:00,0:00:00,0,NO_SERVER
AA0203,47563,0,0,PS,990907,7:26:38,7:26:50,12,0:00:00,0:00:00,0,AGENT,7:26:49,7:28:24,95,AVI
AA0203,47564,28081438,2,PS,990907,7:54:30,7:54:36,6,7:54:36,7:55:07,31,AGENT,7:55:06,7:57:07,121,AVI
AA0203,47565,0,0,PS,990907,8:21:40,8:21:49,9,0:00:00,0:00:00,0,AGENT,8:21:48,8:24:38,170,MORIAH
AA0203,47566,0,0,PS,990907,8:35:57,8:36:07,10,0:00:00,0:00:00,0,AGENT,8:36:05,8:46:04,599,ROTH
AA0203,47567,0,0,PS,990907,8:50:30,8:50:40,10,0:00:00,0:00:00,0,AGENT,8:50:39,8:51:30,51,YIFAT
AA0203,47568,56630676,1,PS,990907,8:58:55,8:59:01,6,8:59:01,8:59:58,57,AGENT,8:59:57,9:00:47,50,ROTH
AA0203,47569,0,0,PS,990907,9:09:19,9:09:27,8,0:00:00,0:00:00,0,AGENT,9:09:26,9:10:50,84,BASCH
AA0203,47570,0,0,PS,990907,9:26:15,9:26:27,12,0:00:00,0:00:00,0,AGENT,9:26:26,9:29:47,201,BASCH
AA0203,47571,0,0,PS,990907,9:33:52,9:34:02,10,0:00:00,0:00:00,0,AGENT,9:34:01,9:42:30,509,TOVA
AA0203,47572,43288190,2,PS,990907,9:50:02,9:50:08,6,9:50:08,9:50:27,19,AGENT,9:50:26,9:59:57,571,BASCH
AA0203,47573,0,0,NW,990907,10:04:25,10:04:34,9,10:04:34,10:05:51,77,HANG,0:00:00,0:00:00,0,NO_SERVER
AA0203,47574,24947061,2,PS,990907,10:15:43,10:15:49,6,10:15:49,10:16:17,28,AGENT,10:16:16,10:17:33,77,BASCH
AA0203,47575,0,0,NW,990907,10:23:22,10:23:32,10,10:23:32,10:27:01,209,AGENT,10:27:00,10:29:13,133,AVI
AA0203,47576,5372164,2,PS,990907,10:40:39,10:40:45,6,10:40:45,10:41:28,43,HANG,0:00:00,0:00:00,0,NO_SERVER
AA0203,47577,0,0,NW,990907,10:52:43,10:52:53,10,10:52:53,10:57:22,269,HANG,0:00:00,0:00:00,0,NO_SERVER
AA0203,47578,51929339,2,PS,990907,11:10:34,11:10:40,6,11:10:40,11:11:12,32,AGENT,11:11:12,11:16:03,291,MORIAH
AA0203,47579,57141632,1,PS,990907,11:19:28,11:19:33,5,11:19:33,11:20:35,62,AGENT,11:20:34,11:23:11,157,BASCH
AA0203,47580,0,0,NW,990907,11:30:29,11:30:38,9,11:30:38,11:30:43,5,HANG,0:00:00,0:00:00,0,NO_SERVER
AA0203,47581,13000567,2,PS,990907,11:39:42,11:39:48,6,11:39:48,11:42:35,167,AGENT,11:42:35,11:47:00,265,TOVA
AA0203,47582,563189,2,NE,990907,11:49:44,11:49:50,6,11:49:50,11:53:32,222,AGENT,11:53:31,11:56:26,175,TOVA
AA0203,47583,28979102,2,PS,990907,12:03:23,12:03:29,6,12:03:29,12:04:02,33,HANG,0:00:00,0:00:00,0,NO_SERVER
AA0203,47584,0,0,NW,990907,12:15:22,12:15:31,9,12:15:31,12:25:24,593,AGENT,12:25:24,12:26:56,92,AVI
AA0203,47585,0,0,PS,990907,12:37:25,12:37:36,11,0:00:00,0:00:00,0,AGENT,12:37:34,12:38:25,51,ROTH
AA0203,47586,0,0,PS,990907,12:55:02,12:55:12,10,0:00:00,0:00:00,0,AGENT,12:55:11,13:05:31,620,TOVA
AA0203,47587,33771833,1,PS,990907,13:11:28,13:11:34,6,13:11:34,13:12:02,28,AGENT,13:12:01,13:12:05,4,TOVA
AA0203,47588,0,0,NW,990907,13:25:45,13:25:54,9,13:25:54,13:27:07,73,AGENT,13:27:07,13:28:27,80,AVI
AA0203,47589,0,0,PS,990907,13:42:20,13:42:29,9,0:00:00,0:00:00,0,AGENT,13:42:28,13:43:59,91,AVI
AA0203,47590,0,0,PS,990907,14:03:24,14:03:37,13,0:00:00,0:00:00,0,AGENT,14:03:36,14:05:57,141,STEREN
AA0203,47591,0,0,PS,990907,14:15:22,14:15:31,9,0:00:00,0:00:00,0,AGENT,14:15:30,14:17:43,133,STEREN
AA0203,47592,0,0,PS,990907,14:30:36,14:30:47,11,0:00:00,0:00:00,0,AGENT,14:30:46,14:39:07,501,DORIT
AA0203,47593,7426802,2,PS,990907,14:39:00,14:39:06,6,14:39:06,14:41:18,132,AGENT,14:41:17,14:52:57,700,STEREN
AA0203,47594,0,0,NW,990907,14:51:24,14:51:27,3,14:51:27,14:53:00,93,HANG,0:00:00,0:00:00,0,NO_SERVER
AA0203,47595,54665682,2,PS,990907,15:02:33,15:02:39,6,15:02:39,15:06:56,257,AGENT,15:06:55,15:08:32,97,VICKY
AA0203,47596,65032120,2,PS,990907,15:16:49,15:16:54,5,15:16:54,15:17:33,39,AGENT,15:17:32,15:22:16,284,VICKY
AA0203,47597,11283090,1,PS,990907,15:29:04,15:29:10,6,15:29:10,15:29:58,48,AGENT,15:29:56,15:31:24,88,ZOHARI
AA0203,47598,57918849,1,NE,990907,15:38:22,15:38:28,6,15:38:28,15:39:12,44,AGENT,15:39:12,15:42:24,192,ROTH
AA0203,47599,0,0,PS,990907,15:52:47,15:52:55,8,0:00:00,0:00:00,0,AGENT,15:52:54,15:54:02,68,STEREN
AA0203,47600,12996161,2,PS,990907,16:04:05,16:04:10,5,16:04:10,16:04:13,3,AGENT,16:04:12,16:08:48,276,STEREN
AA0203,47601,0,0,NW,990907,16:13:15,16:13:29,14,0:00:00,0:00:00,0,AGENT,16:13:28,16:14:00,32,VICKY
AA0203,47602,65607277,2,PS,990907,16:27:35,16:27:40,5,16:27:40,16:28:49,69,AGENT,16:28:47,16:30:45,118,DARMON
AA0203,47603,0,0,PS,990907,16:41:32,16:41:45,13,0:00:00,0:00:00,0,AGENT,16:41:44,16:45:21,217,SHARON
AA0203,47604,0,0,NW,990907,16:49:31,16:49:41,10,16:49:41,16:52:19,158,AGENT,16:52:18,16:53:26,68,STEREN
AA0203,47605,0,0,PS,990907,17:03:18,17:03:27,9,0:00:00,0:00:00,0,AGENT,17:03:26,17:05:35,129,STEREN
AA0203,47606,0,0,NW,990907,17:17:51,17:18:00,9,17:18:00,17:18:35,35,AGENT,17:18:34,17:19:35,61,STEREN
AA0203,47607,0,0,PS,990907,17:29:36,17:29:55,19,0:00:00,0:00:00,0,AGENT,17:29:54,17:30:43,49,BENSION
AA0203,47608,0,0,PS,990907,17:42:43,17:42:52,9,0:00:00,0:00:00,0,AGENT,17:42:52,17:43:35,43,SHARON
AA0203,47609,0,0,PS,990907,17:56:40,17:56:51,11,0:00:00,0:00:00,0,AGENT,17:56:51,17:58:21,90,DORIT
AA0203,47610,0,0,NE,990907,18:10:56,18:11:13,17,0:00:00,0:00:00,0,AGENT,18:11:12,18:19:22,490,SHARON
AA0203,47611,0,0,PS,990907,18:34:51,18:35:01,10,0:00:00,0:00:00,0,AGENT,18:35:00,18:36:00,60,VICKY
AA0203,47612,0,0,NE,990907,19:07:29,19:07:41,12,0:00:00,0:00:00,0,AGENT,19:07:40,19:11:13,213,ZOHARI
AA0203,47613,0,0,NE,990907,19:27:29,19:27:43,14,0:00:00,0:00:00,0,AGENT,19:27:42,19:28:49,67,BENSION
AA0203,47614,0,0,PS,990907,19:52:15,19:52:23,8,0:00:00,0:00:00,0,AGENT,19:52:22,19:54:44,142,DORIT
AA0203,47615,0,0,PS,990907,20:21:47,20:22:01,14,0:00:00,0:00:00,0,AGENT,20:22:00,20:22:46,46,STEREN
AA0203,47616,0,0,PS,990907,20:42:10,20:42:25,15,0:00:00,0:00:00,0,AGENT,20:42:25,20:44:00,95,BENSION
AA0203,47617,0,0,NW,990907,21:01:04,21:01:14,10,21:01:14,21:02:30,76,AGENT,21:02:30,21:03:57,87,SHARON
AA0203,47618,0,0,NW,990907,21:22:17,21:22:30,13,0:00:00,0:00:00,0,AGENT,21:22:30,21:22:40,10,SHARON
AA0203,47619,0,0,PS,990907,21:48:42,21:48:56,14,0:00:00,0:00:00,0,AGENT,21:48:56,21:50:14,78,BENSION
AA0203,47620,0,0,NW,990907,22:13:15,22:13:52,37,0:00:00,0:00:00,0,HANG,0:00:00,0:00:00,0,NO_SERVER
AA0203,47621,34544726,1,PS,990907,22:35:56,22:36:02,6,22:36:02,22:37:08,66,AGENT,22:37:07,22:38:25,78,ZOHARI
AA0203,47622,0,0,PS,990907,22:59:36,22:59:49,13,0:00:00,0:00:00,0,AGENT,22:59:48,23:02:11,143,SHARON
AA0203,47623,0,0,PS,990907,23:39:06,23:39:18,12,0:00:00,0:00:00,0,AGENT,23:39:17,23:40:58,101,BENSION
AA0203,47624,0,0,NW,990908,6:23:51,6:24:16,25,0:00:00,0:00:00,0,HANG,0:00:00,0:00:00,0,NO_SERVER
AA0203,47625,0,0,PS,990908,7:17:09,7:17:26,17,0:00:00,0:00:00,0,AGENT,7:17:25,7:18:51,86,BASCH
AA0203,47626,0,0,PS,990908,7:54:16,7:54:28,12,0:00:00,0:00:00,0,AGENT,7:54:27,7:54:30,3,NO_SERVER
AA0203,47627,0,0,PS,990908,8:14:51,8:15:00,9,0:00:00,0:00:00,0,AGENT,8:14:59,8:15:56,57,BASCH
AA0203,47628,0,0,PS,990908,8:34:52,8:35:01,9,0:00:00,0:00:00,0,AGENT,8:35:00,8:36:28,88,BASCH
AA0203,47629,0,0,NE,990908,8:46:08,8:46:18,10,0:00:00,0:00:00,0,AGENT,8:46:17,9:00:49,872,STEREN
AA0203,47630,0,0,PS,990908,8:57:01,8:57:10,9,0:00:00,0:00:00,0,AGENT,8:57:09,8:58:47,98,ROTH
AA0203,47631,0,0,NW,990908,9:08:38,9:08:47,9,9:08:47,9:09:19,32,HANG,0:00:00,0:00:00,0,NO_SERVER
AA0203,47632,33911389,1,PS,990908,9:20:31,9:20:37,6,9:20:37,9:21:21,44,AGENT,9:21:21,9:22:15,54,STEREN
AA0203,47633,59849067,2,PS,990908,9:32:34,9:32:40,6,9:32:40,9:33:06,26,AGENT,9:33:04,9:37:08,244,ROTH
AA0203,47634,32296899,2,PS,990908,9:44:16,9:44:22,6,9:44:22,9:44:33,11,HANG,0:00:00,0:00:00,0,NO_SERVER
AA0203,47635,58704610,2,PS,990908,9:52:22,9:52:27,5,9:52:27,9:55:59,212,AGENT,9:55:58,9:56:41,43,SHARON
AA0203,47636,78191137,2,PS,990908,10:03:52,10:03:58,6,10:03:58,10:04:34,36,AGENT,10:04:33,10:15:21,648,BASCH
AA0203,47637,58029430,1,PS,990908,10:09:36,10:09:42,6,10:09:42,10:09:54,12,HANG,0:00:00,0:00:00,0,NO_SERVER
AA0203,47638,57759177,2,PS,990908,10:15:00,10:15:06,6,10:15:06,10:17:02,116,PHANTOM,10:17:01,10:17:07,6,NO_SERVER
AA0203,47639,55920755,2,PS,990908,10:25:11,10:25:17,6,10:25:17,10:25:50,33,AGENT,10:25:49,10:26:39,50,BASCH
AA0203,47640,56799893,2,PS,990908,10:38:03,10:38:09,6,10:38:09,10:41:28,199,AGENT,10:41:28,10:45:19,231,SHARON
AA0203,47641,32370231,2,PS,990908,10:55:26,10:55:32,6,10:55:32,10:55:40,8,AGENT,10:55:40,10:56:54,74,BASCH
AA0203,47642,59630624,1,NE,990908,11:09:26,11:09:31,5,11:09:31,11:12:41,190,AGENT,11:12:41,11:13:52,71,YITZ
AA0203,47643,0,0,PS,990908,11:27:44,11:27:54,10,0:00:00,0:00:00,0,AGENT,11:27:54,11:31:39,225,SHARON
AA0203,47644,0,0,NW,990908,11:40:13,11:40:23,10,11:40:23,11:41:44,81,AGENT,11:41:43,11:42:38,55,STEREN
AA0203,47645,0,0,PS,990908,11:53:45,11:53:53,8,0:00:00,0:00:00,0,AGENT,11:53:52,11:56:13,141,YITZ
AA0203,47646,58704610,2,PS,990908,12:03:35,12:03:40,5,12:03:40,12:04:10,30,AGENT,12:04:09,12:06:43,154,ROTH
AA0203,47647,54145529,2,PS,990908,12:15:28,12:15:34,6,12:15:34,12:15:41,7,AGENT,12:15:40,12:17:05,85,STEREN
AA0203,47648,56765985,2,PS,990908,12:23:21,12:23:26,5,12:23:26,12:24:59,93,AGENT,12:24:58,12:26:01,63,DORIT
AA0203,47649,0,0,PS,990908,12:40:52,12:41:02,10,0:00:00,0:00:00,0,AGENT,12:41:01,12:42:36,95,ROTH
AA0203,47650,0,0,NE,990908,12:57:48,12:58:00,12,0:00:00,0:00:00,0,AGENT,12:58:00,13:08:05,605,ELI
AA0203,47651,0,0,NW,990908,13:13:09,13:13:18,9,13:13:18,13:15:34,136,HANG,0:00:00,0:00:00,0,NO_SERVER
AA0203,47652,25697830,2,PS,990908,13:28:43,13:28:49,6,13:28:49,13:29:41,52,AGENT,13:29:41,13:31:28,107,SHARON
AA0203,47653,58704610,2,PS,990908,13:40:55,13:41:00,5,13:41:00,13:42:53,113,AGENT,13:42:52,13:44:55,123,KAZAV
AA0203,47654,58704610,2,PS,990908,13:49:28,13:49:34,6,13:49:34,13:50:30,56,AGENT,13:50:29,13:56:14,345,ROTH
AA0203,47655,51929339,2,PS,990908,14:01:04,14:02:02,58,14:02:02,14:04:30,148,AGENT,14:04:29,14:08:38,249,ROTH
AA0203,47656,0,0,PS,990908,14:17:32,14:17:41,9,0:00:00,0:00:00,0,AGENT,14:17:40,14:25:49,489,ROTH
AA0203,47657,0,0,PS,990908,14:33:16,14:33:26,10,0:00:00,0:00:00,0,AGENT,14:33:25,14:37:06,221,KAZAV
AA0203,47658,0,0,NE,990908,14:43:03,14:43:11,8,0:00:00,0:00:00,0,AGENT,14:43:11,14:43:50,39,KAZAV
AA0203,47659,0,0,PS,990908,14:56:50,14:57:03,13,0:00:00,0:00:00,0,AGENT,14:57:02,15:03:07,365,KAZAV
AA0203,47660,71520779,1,PS,990908,15:07:17,15:07:23,6,15:07:23,15:08:35,72,AGENT,15:08:35,15:09:57,82,ROTH
AA0203,47661,54174891,1,PS,990908,15:17:13,15:17:19,6,15:17:19,15:20:19,180,AGENT,15:20:18,15:20:20,2,MORIAH
AA0203,47662,24851511,2,PS,990908,15:30:25,15:30:31,6,15:30:31,15:30:54,23,AGENT,15:30:54,15:36:08,314,ZOHARI
AA0203,47663,29474020,2,PS,990908,15:37:03,15:37:09,6,15:37:09,15:40:47,218,AGENT,15:40:46,15:41:48,62,ANAT
AA0203,47664,5530654,2,PS,990908,15:48:14,15:48:19,5,15:48:19,15:48:40,21,AGENT,15:48:39,15:51:11,152,DARMON
AA0203,47665,0,0,NW,990908,15:56:17,15:56:26,9,15:56:26,15:57:38,72,HANG,0:00:00,0:00:00,0,NO_SERVER
AA0203,47666,0,0,PS,990908,16:11:55,16:12:05,10,0:00:00,0:00:00,0,AGENT,16:12:03,16:22:27,624,ANAT
AA0203,47667,59233171,1,PS,990908,16:21:00,16:21:06,6,16:21:06,16:22:32,86,AGENT,16:22:32,16:23:52,80,ANAT
AA0203,47668,51440469,2,PS,990908,16:36:34,16:36:40,6,16:36:40,16:36:54,14,AGENT,16:36:53,16:37:46,53,AVI
AA0203,47669,0,0,PS,990908,16:51:26,16:51:36,10,0:00:00,0:00:00,0,AGENT,16:51:35,16:57:11,336,AVI
AA0203,47670,0,0,PS,990908,17:09:35,17:09:47,12,0:00:00,0:00:00,0,AGENT,17:09:47,17:11:04,77,AVI
AA0203,47671,50620376,1,PS,990908,17:29:49,17:29:54,5,17:29:54,17:31:46,112,AGENT,17:31:46,17:32:56,70,MORIAH
AA0203,47672,52867744,2,PS,990908,17:42:17,17:42:23,6,17:42:23,17:45:22,179,AGENT,17:45:21,17:50:15,294,AVI
AA0203,47673,29329588,1,PS,990908,17:59:44,17:59:50,6,17:59:50,18:00:05,15,AGENT,18:00:04,18:03:51,227,MORIAH
AA0203,47674,0,0,PS,990908,18:24:29,18:24:47,18,0:00:00,0:00:00,0,AGENT,18:24:46,18:26:56,130,DARMON
AA0203,47675,0,0,NW,990908,18:38:21,18:38:30,9,18:38:30,18:42:06,216,AGENT,18:42:06,18:42:49,43,MORIAH
AA0203,47676,0,0,NW,990908,19:02:08,19:02:17,9,19:02:17,19:02:32,15,AGENT,19:02:31,19:03:16,45,MORIAH
AA0203,47677,0,0,PS,990908,19:16:11,19:16:27,16,0:00:00,0:00:00,0,AGENT,19:16:26,19:16:26,0,BENSION
AA0203,47678,0,0,PS,990908,19:29:07,19:29:18,11,0:00:00,0:00:00,0,AGENT,19:29:17,19:31:48,151,BENSION
AA0203,47679,0,0,PS,990908,19:56:32,19:56:40,8,0:00:00,0:00:00,0,AGENT,19:56:40,19:57:15,35,ANAT
AA0203,47680,27715689,1,PS,990908,20:21:48,20:21:54,6,20:21:54,20:22:40,46,AGENT,20:22:01,20:32:40,639,MEIR
AA0203,47681,0,0,PS,990908,20:47:23,20:47:34,11,0:00:00,0:00:00,0,AGENT,20:47:33,20:49:45,132,BENSION
AA0203,47682,0,0,NE,990908,21:10:04,21:10:24,20,0:00:00,0:00:00,0,AGENT,21:10:22,21:11:42,80,MEIR
AA0203,47683,0,0,NW,990908,21:24:40,21:24:49,9,21:24:49,21:25:49,60,AGENT,21:25:48,21:30:06,258,MEIR
AA0203,47684,33966326,1,PS,990908,21:45:22,21:45:27,5,21:45:27,21:45:38,11,AGENT,21:45:37,21:45:42,5,MORIAH
AA0203,47685,24258477,1,PS,990908,22:05:58,22:06:04,6,22:06:04,22:07:52,108,AGENT,22:07:51,22:12:15,264,BENSION
AA0203,47686,8247710,2,PS,990908,22:30:42,22:30:47,5,22:30:47,22:32:12,85,AGENT,22:32:12,22:35:51,219,BENSION
AA0203,47687,50309590,2,PS,990908,22:56:03,22:56:09,6,22:56:09,22:58:07,118,AGENT,22:58:06,22:58:44,38,DARMON
AA0203,47688,0,0,NW,990908,23:33:26,23:33:42,16,0:00:00,0:00:00,0,AGENT,23:33:41,23:34:47,66,AVI
AA0203,47689,0,0,PS,990909,6:50:25,6:50:39,14,0:00:00,0:00:00,0,HANG,0:00:00,0:00:00,0,NO_SERVER
AA0203,47690,0,0,PS,990909,7:28:34,7:28:49,15,0:00:00,0:00:00,0,AGENT,7:28:48,7:30:42,114,ANAT
AA0203,47691,0,0,PS,990909,8:02:14,8:02:24,10,0:00:00,0:00:00,0,AGENT,8:02:23,8:04:10,107,ANAT
AA0203,47692,0,0,PS,990909,8:30:14,8:30:24,10,0:00:00,0:00:00,0,AGENT,8:30:23,8:31:49,86,SHARON
AA0203,47693,0,0,NW,990909,8:45:24,8:45:34,10,8:45:34,8:46:35,61,AGENT,8:46:34,8:47:18,44,BASCH
AA0203,47694,0,0,NW,990909,9:02:27,9:02:36,9,9:02:36,9:03:19,43,AGENT,0:00:00,0:00:00,0,BASCH
AA0203,47695,0,0,PS,990909,9:15:53,9:16:01,8,0:00:00,0:00:00,0,AGENT,9:16:00,9:20:18,258,ROTH
AA0203,47696,0,0,PS,990909,9:27:54,9:28:06,12,0:00:00,0:00:00,0,AGENT,9:28:05,9:29:32,87,DORIT
AA0203,47697,32187197,1,PS,990909,9:49:10,9:49:15,5,9:49:15,9:54:48,333,AGENT,9:54:46,9:58:48,242,ROTH
AA0203,47698,51929339,2,PS,990909,10:03:03,10:03:09,6,10:03:09,10:03:16,7,AGENT,10:03:15,10:06:07,172,BASCH
AA0203,47699,0,0,PS,990909,10:17:04,10:17:13,9,0:00:00,0:00:00,0,AGENT,10:17:12,10:19:51,159,ROTH
AA0203,47700,0,0,PS,990909,10:31:36,10:31:49,13,0:00:00,0:00:00,0,AGENT,10:31:48,10:34:04,136,BASCH
AA0203,47701,0,0,PS,990909,10:43:35,10:43:44,9,0:00:00,0:00:00,0,AGENT,10:43:44,10:44:55,71,BASCH
AA0203,47702,0,0,PS,990909,10:56:48,10:57:03,15,0:00:00,0:00:00,0,AGENT,10:57:02,10:57:35,33,ANAT
AA0203,47703,0,0,PS,990909,11:13:26,11:13:41,15,0:00:00,0:00:00,0,AGENT,11:13:40,11:14:40,60,BASCH
AA0203,47704,0,0,PS,990909,11:29:24,11:29:34,10,0:00:00,0:00:00,0,AGENT,11:29:33,11:32:41,188,NAAMA
AA0203,47705,0,0,PS,990909,11:43:53,11:44:04,11,0:00:00,0:00:00,0,AGENT,11:44:04,11:45:10,66,SHARON
AA0203,47706,0,0,NE,990909,11:59:20,11:59:30,10,0:00:00,0:00:00,0,AGENT,11:59:29,12:01:10,101,KAZAV
AA0203,47707,0,0,PS,990909,12:16:45,12:17:04,19,0:00:00,0:00:00,0,AGENT,12:17:03,12:18:37,94,ANAT
AA0203,47708,0,0,NE,990909,12:36:56,12:37:06,10,0:00:00,0:00:00,0,AGENT,12:37:05,12:48:49,704,NAAMA
AA0203,47709,0,0,PS,990909,12:49:16,12:49:26,10,0:00:00,0:00:00,0,AGENT,12:49:25,12:50:19,54,SHARON
AA0203,47710,0,0,PS,990909,13:05:21,13:05:31,10,0:00:00,0:00:00,0,AGENT,13:05:30,13:08:40,190,ROTH
AA0203,47711,33474602,2,PS,990909,13:16:48,13:16:53,5,13:16:53,13:17:03,10,AGENT,13:17:03,13:20:28,205,NAAMA
AA0203,47712,0,0,PS,990909,13:36:03,13:36:13,10,0:00:00,0:00:00,0,AGENT,13:36:12,13:37:07,55,DORIT
AA0203,47713,0,0,NW,990909,13:52:12,13:52:25,13,0:00:00,0:00:00,0,AGENT,13:52:24,13:54:55,151,BASCH
AA0203,47714,57070534,2,PS,990909,14:08:34,14:08:39,5,14:08:39,14:09:08,29,AGENT,14:09:08,14:11:34,146,YIFAT
AA0203,47715,5876156,2,PS,990909,14:19:44,14:19:50,6,14:19:50,14:21:31,101,AGENT,14:21:30,14:28:53,443,ROTH
AA0203,47716,0,0,NW,990909,14:32:48,14:32:58,10,14:32:58,14:33:47,49,AGENT,14:33:47,14:35:21,94,BASCH
AA0203,47717,2043974,1,NE,990909,14:48:00,14:48:06,6,14:48:06,14:50:02,116,AGENT,14:50:01,14:54:48,287,ZOHARI
AA0203,47718,0,0,PS,990909,15:04:11,15:04:20,9,0:00:00,0:00:00,0,AGENT,15:04:19,15:13:20,541,BASCH
AA0203,47719,16686354,2,NE,990909,15:14:13,15:14:19,6,15:14:19,15:16:13,114,AGENT,15:16:12,15:21:29,317,KAZAV
AA0203,47720,5361936,2,PS,990909,15:28:35,15:28:41,6,15:28:41,15:28:46,5,AGENT,15:28:45,15:29:49,64,KAZAV
AA0203,47721,24523938,2,PS,990909,15:37:12,15:37:18,6,15:37:18,15:38:31,73,AGENT,15:38:30,15:39:39,69,KAZAV
AA0203,47722,50003086,2,PS,990909,15:48:23,15:48:28,5,15:48:28,15:48:55,27,AGENT,15:48:54,16:01:05,731,BASCH
AA0203,47723,33892845,1,PS,990909,16:00:42,16:00:48,6,16:00:48,16:01:17,29,AGENT,16:01:17,16:03:51,154,STEREN
AA0203,47724,10943918,2,PS,990909,16:12:12,16:12:18,6,16:12:18,16:12:52,34,AGENT,16:12:51,16:16:47,236,ROTH
AA0203,47725,0,0,NW,990909,16:25:53,16:26:02,9,16:26:02,16:29:29,207,AGENT,16:29:28,16:31:40,132,ROTH
AA0203,47726,0,0,NW,990909,16:39:59,16:40:12,13,0:00:00,0:00:00,0,AGENT,16:40:11,16:41:33,82,ROTH
AA0203,47727,0,0,NW,990909,16:50:25,16:50:34,9,16:50:34,16:51:13,39,HANG,0:00:00,0:00:00,0,NO_SERVER
AA0203,47728,41435991,2,PS,990909,17:02:23,17:02:29,6,17:02:29,17:05:08,159,AGENT,17:05:07,17:07:09,122,AVI
AA0203,47729,25412172,1,PS,990909,17:13:54,17:14:00,6,17:14:00,17:14:15,15,AGENT,17:14:14,17:15:10,56,AVI
AA0203,47730,0,0,PS,990909,17:33:27,17:33:38,11,0:00:00,0:00:00,0,AGENT,17:33:36,17:35:22,106,YITZ
AA0203,47731,0,0,PS,990909,17:53:01,17:53:14,13,0:00:00,0:00:00,0,AGENT,17:53:13,18:05:05,712,AVI
AA0203,47732,0,0,NE,990909,18:08:30,18:08:39,9,0:00:00,0:00:00,0,AGENT,18:08:39,18:28:23,1184,ZOHARI
AA0203,47733,563189,2,NE,990909,18:25:43,18:25:48,5,18:25:48,18:28:30,162,AGENT,18:28:30,18:31:17,167,ZOHARI
AA0203,47734,0,0,PS,990909,18:51:04,18:51:20,16,0:00:00,0:00:00,0,AGENT,18:51:19,18:52:11,52,AVI
AA0203,47735,0,0,NW,990909,19:06:58,19:07:08,10,19:07:08,19:07:35,27,HANG,0:00:00,0:00:00,0,NO_SERVER
AA0203,47736,0,0,NW,990909,19:37:19,19:37:28,9,19:37:28,19:38:11,43,HANG,0:00:00,0:00:00,0,NO_SERVER
AA0203,47737,10395960,2,PS,990909,19:53:13,19:53:19,6,19:53:19,19:53:35,16,AGENT,19:53:35,19:55:16,101,AVI
AA0203,47738,22583421,2,PS,990909,20:12:39,20:12:44,5,20:12:44,20:14:16,92,AGENT,20:14:15,20:16:51,156,STEREN
AA0203,47739,0,0,PS,990909,20:43:33,20:43:43,10,0:00:00,0:00:00,0,AGENT,20:43:42,20:43:43,1,AVI
AA0203,47740,0,0,NE,990909,21:06:39,21:06:47,8,0:00:00,0:00:00,0,AGENT,21:06:47,21:07:25,38,ZOHARI
AA0203,47741,0,0,PS,990909,21:35:13,21:35:25,12,0:00:00,0:00:00,0,AGENT,21:35:24,21:36:02,38,NO_SERVER
AA0203,47742,0,0,NW,990909,21:58:29,21:58:38,9,21:58:38,21:59:26,48,HANG,0:00:00,0:00:00,0,NO_SERVER
AA0203,47743,0,0,NE,990909,22:33:45,22:33:54,9,0:00:00,0:00:00,0,AGENT,22:33:54,22:36:01,127,STEREN
AA0203,47744,0,0,PS,990909,22:57:59,22:58:12,13,0:00:00,0:00:00,0,AGENT,22:58:11,23:15:21,1030,DARMON
AA0203,47745,0,0,PS,990909,23:28:52,23:29:01,9,0:00:00,0:00:00,0,AGENT,23:29:00,23:29:39,39,AVI
AA0203,47746,0,0,PS,990910,6:28:19,6:28:49,30,0:00:00,0:00:00,0,HANG,0:00:00,0:00:00,0,NO_SERVER
AA0203,47747,0,0,PS,990910,7:47:54,7:48:09,15,0:00:00,0:00:00,0,AGENT,7:48:09,7:49:24,75,SHARON
AA0203,47748,0,0,NW,990910,8:10:33,8:10:49,16,0:00:00,0:00:00,0,AGENT,8:10:48,8:11:18,30,BASCH
AA0203,47749,0,0,PS,990910,8:32:26,8:32:35,9,0:00:00,0:00:00,0,AGENT,8:32:34,8:36:47,253,AVNI
AA0203,47750,0,0,PS,990910,8:50:56,8:51:08,12,0:00:00,0:00:00,0,AGENT,8:51:07,8:54:21,194,DORIT
AA0203,47751,0,0,PS,990910,9:04:30,9:04:43,13,0:00:00,0:00:00,0,AGENT,9:04:42,9:06:23,101,BASCH
AA0203,47752,0,0,PS,990910,9:19:07,9:19:22,15,0:00:00,0:00:00,0,AGENT,9:19:21,9:21:06,105,BENSION
AA0203,47753,27832948,1,PS,990910,9:30:04,9:30:10,6,9:30:10,9:30:29,19,AGENT,9:30:29,9:32:53,144,DORIT
AA0203,47754,34398602,2,PS,990910,9:43:07,9:43:13,6,9:43:13,9:44:02,49,AGENT,9:44:01,9:45:09,68,AVNI
AA0203,47755,32388100,1,PS,990910,9:57:33,9:57:38,5,9:57:38,9:58:09,31,AGENT,9:58:08,9:58:59,51,BASCH
AA0203,47756,0,0,NW,990910,10:08:06,10:08:17,11,0:00:00,0:00:00,0,AGENT,10:08:25,10:08:43,18,NO_SERVER
AA0203,47757,0,0,PS,990910,10:26:10,10:26:19,9,0:00:00,0:00:00,0,AGENT,10:26:18,10:28:59,161,BASCH
AA0203,47758,0,0,PS,990910,10:40:50,10:41:00,10,0:00:00,0:00:00,0,AGENT,10:40:59,10:41:39,40,SHARON
AA0203,47759,0,0,PS,990910,10:58:22,10:58:40,18,0:00:00,0:00:00,0,AGENT,10:58:39,11:01:07,148,SHARON
AA0203,47760,0,0,PS,990910,11:14:17,11:14:33,16,0:00:00,0:00:00,0,AGENT,11:14:26,11:16:18,112,DORIT
AA0203,47761,0,0,PS,990910,11:34:13,11:34:30,17,0:00:00,0:00:00,0,AGENT,11:34:26,11:36:08,102,AVNI
AA0203,47762,23573637,2,PS,990910,12:07:17,12:07:22,5,12:07:22,12:07:50,28,AGENT,12:07:49,12:09:05,76,BASCH
AA0203,47763,0,0,PS,990910,12:38:27,12:38:38,11,0:00:00,0:00:00,0,AGENT,12:38:37,12:40:55,138,SHARON
AA0203,47764,0,0,PS,990910,13:06:59,13:07:25,26,0:00:00,0:00:00,0,HANG,0:00:00,0:00:00,0,NO_SERVER
AA0203,47765,0,0,PS,990910,13:39:46,13:40:23,37,0:00:00,0:00:00,0,HANG,0:00:00,0:00:00,0,NO_SERVER
AA0203,47767,0,0,PS,990910,14:52:57,14:52:57,0,0:00:00,0:00:00,0,HANG,0:00:00,0:00:00,0,NO_SERVER
AA0203,47768,0,0,PS,990910,17:05:39,17:06:16,37,0:00:00,0:00:00,0,HANG,0:00:00,0:00:00,0,NO_SERVER
AA0203,47769,0,0,NW,990911,16:01:42,16:02:12,30,0:00:00,0:00:00,0,HANG,0:00:00,0:00:00,0,NO_SERVER
AA0203,47771,0,0,PS,990912,9:22:34,9:22:34,0,0:00:00,0:00:00,0,HANG,0:00:00,0:00:00,0,NO_SERVER
AA0203,47772,0,0,PS,990912,18:54:06,18:54:15,9,0:00:00,0:00:00,0,HANG,0:00:00,0:00:00,0,NO_SERVER
AA0203,47773,0,0,PS,990912,19:51:29,19:51:41,12,0:00:00,0:00:00,0,HANG,0:00:00,0:00:00,0,NO_SERVER
AA0203,47774,0,0,PS,990912,20:17:10,20:17:20,10,0:00:00,0:00:00,0,AGENT,20:17:19,20:19:44,145,AVNI
AA0203,47775,0,0,NW,990912,20:33:19,20:33:29,10,20:33:29,20:35:26,117,AGENT,20:35:24,20:35:44,20,SHARON
AA0203,47776,0,0,PS,990912,21:00:59,21:01:12,13,0:00:00,0:00:00,0,AGENT,21:01:12,21:02:51,99,SHARON
AA0203,47777,0,0,PS,990912,21:32:04,21:32:15,11,0:00:00,0:00:00,0,AGENT,21:32:15,21:41:41,566,ELI
AA0203,47778,0,0,PS,990912,22:11:51,22:12:03,12,0:00:00,0:00:00,0,AGENT,22:12:01,22:13:56,115,SHARON
AA0203,47779,0,0,NW,990912,22:57:00,22:57:15,15,0:00:00,0:00:00,0,AGENT,22:57:14,23:01:21,247,AVNI
AA0203,47780,0,0,PS,990913,0:36:30,0:36:53,23,0:00:00,0:00:00,0,HANG,0:00:00,0:00:00,0,NO_SERVER
AA0203,47781,0,0,PS,990913,7:21:18,7:21:27,9,0:00:00,0:00:00,0,AGENT,7:21:26,7:26:52,326,GILI
AA0203,47782,0,0,PS,990913,7:50:39,7:50:47,8,0:00:00,0:00:00,0,AGENT,7:50:47,7:52:44,117,YIFAT
AA0203,47783,12770798,2,PE,990913,8:10:17,8:10:21,4,8:10:21,8:10:26,5,AGENT,8:10:25,8:12:04,99,YIFAT
AA0203,47784,0,0,PS,990913,8:26:27,8:26:36,9,0:00:00,0:00:00,0,AGENT,8:26:36,8:30:35,239,VICKY
AA0203,47785,0,0,PS,990913,8:37:03,8:37:12,9,0:00:00,0:00:00,0,AGENT,8:37:11,8:39:05,114,YIFAT
AA0203,47786,0,0,NW,990913,8:45:51,8:46:00,9,8:46:00,8:48:07,127,AGENT,8:48:06,8:49:00,54,SHARON
AA0203,47787,0,0,PS,990913,8:59:10,8:59:19,9,0:00:00,0:00:00,0,AGENT,8:59:18,9:11:05,707,STEREN
AA0203,47788,0,0,PS,990913,9:08:51,9:09:01,10,0:00:00,0:00:00,0,AGENT,9:08:59,9:14:39,340,VICKY
AA0203,47789,0,0,NW,990913,9:18:33,9:18:42,9,9:18:42,9:19:01,19,AGENT,9:19:00,9:19:24,24,SHARON
AA0203,47790,0,0,PS,990913,9:30:42,9:30:53,11,0:00:00,0:00:00,0,AGENT,9:30:53,9:33:46,173,TOVA
AA0203,47791,0,0,PS,990913,9:38:06,9:38:15,9,0:00:00,0:00:00,0,AGENT,9:38:14,9:39:02,48,SHARON
AA0203,47792,0,0,PS,990913,9:47:05,9:47:19,14,0:00:00,0:00:00,0,AGENT,9:47:18,9:49:28,130,GILI
AA0203,47793,0,0,PS,990913,9:55:42,9:55:52,10,0:00:00,0:00:00,0,AGENT,9:55:50,9:59:08,198,STEREN
AA0203,47794,0,0,NE,990913,10:07:49,10:07:58,9,0:00:00,0:00:00,0,AGENT,10:07:57,10:08:51,54,ZOHARI
AA0203,47795,0,0,PS,990913,10:15:41,10:15:52,11,0:00:00,0:00:00,0,AGENT,10:15:51,10:17:19,88,VICKY
AA0203,47796,0,0,NW,990913,10:27:24,10:27:38,14,0:00:00,0:00:00,0,AGENT,10:27:37,10:32:20,283,STEREN
AA0203,47797,0,0,PS,990913,10:35:21,10:35:31,10,0:00:00,0:00:00,0,AGENT,10:35:29,10:40:26,297,SHARON
AA0203,47798,0,0,NW,990913,10:42:44,10:42:53,9,10:42:53,10:43:09,16,AGENT,10:43:09,10:43:59,50,ROTH
AA0203,47799,0,0,PS,990913,10:53:39,10:53:48,9,0:00:00,0:00:00,0,AGENT,10:53:47,11:05:03,676,KAZAV
AA0203,47800,0,0,PS,990913,11:03:32,11:03:41,9,0:00:00,0:00:00,0,AGENT,11:03:40,11:10:28,408,GILI
AA0203,47801,0,0,PS,990913,11:11:10,11:11:21,11,0:00:00,0:00:00,0,AGENT,11:11:20,11:13:08,108,SHARON
AA0203,47802,0,0,PS,990913,11:22:25,11:22:35,10,0:00:00,0:00:00,0,AGENT,11:22:34,11:24:04,90,KAZAV
AA0203,47803,58837519,1,PS,990913,11:28:30,11:28:36,6,11:28:36,11:29:55,79,AGENT,11:29:54,11:31:15,81,STEREN
AA0203,47804,0,0,PS,990913,11:41:12,11:41:24,12,0:00:00,0:00:00,0,AGENT,11:41:23,11:42:10,47,SHARON
AA0203,47805,0,0,NW,990913,11:50:27,11:50:36,9,11:50:36,11:52:32,116,AGENT,11:52:31,11:55:30,179,ROTH
AA0203,47806,38341715,1,PS,990913,12:00:41,12:00:47,6,12:00:47,12:00:59,12,AGENT,12:00:58,12:02:04,66,GILI
AA0203,47807,0,0,PS,990913,12:09:14,12:09:24,10,0:00:00,0:00:00,0,AGENT,12:09:23,12:10:08,45,VICKY
AA0203,47808,0,0,NW,990913,12:22:14,12:22:31,17,0:00:00,0:00:00,0,AGENT,12:22:30,12:25:45,195,VICKY
AA0203,47809,0,0,PS,990913,12:31:18,12:31:27,9,0:00:00,0:00:00,0,AGENT,12:31:26,12:32:14,48,KAZAV
AA0203,47810,0,0,PS,990913,12:45:13,12:45:22,9,0:00:00,0:00:00,0,AGENT,12:45:21,12:46:10,49,STEREN
AA0203,47811,0,0,PS,990913,13:01:13,13:01:30,17,0:00:00,0:00:00,0,AGENT,13:01:29,13:02:51,82,TOVA
AA0203,47813,0,0,PS,990913,13:11:04,13:11:04,0,0:00:00,0:00:00,0,HANG,0:00:00,0:00:00,0,NO_SERVER
AA0203,47814,0,0,PS,990913,13:21:02,13:21:07,5,0:00:00,0:00:00,0,AGENT,13:21:14,13:21:24,10,NO_SERVER
AA0203,47815,0,0,NW,990913,13:28:09,13:28:21,12,0:00:00,0:00:00,0,AGENT,13:28:20,13:29:51,91,SHARON
AA0203,47816,0,0,PS,990913,13:40:12,13:40:21,9,0:00:00,0:00:00,0,AGENT,13:40:20,13:46:34,374,ROTH
AA0203,47817,30442495,2,PS,990913,13:49:24,13:49:31,7,13:49:31,13:50:48,77,AGENT,13:50:47,13:57:45,418,STEREN
AA0203,47818,63193346,2,PS,990913,13:56:59,13:57:04,5,13:57:04,13:57:56,52,AGENT,13:57:55,13:58:59,64,STEREN
AA0203,47819,58869587,2,PS,990913,14:04:08,14:04:13,5,14:04:13,14:05:03,50,AGENT,14:05:03,14:06:46,103,SHARON
AA0203,47820,2043974,1,NE,990913,14:09:40,14:09:46,6,14:09:46,14:11:38,112,AGENT,14:11:38,14:21:56,618,ELI
AA0203,47821,0,0,NW,990913,14:15:03,14:15:09,6,14:15:09,14:17:59,170,HANG,0:00:00,0:00:00,0,NO_SERVER
AA0203,47822,303608673,1,PS,990913,14:20:33,14:20:39,6,14:20:39,14:21:35,56,HANG,0:00:00,0:00:00,0,NO_SERVER
AA0203,47823,29551009,2,PS,990913,14:28:17,14:28:23,6,14:28:23,14:28:51,28,AGENT,14:28:50,14:31:16,146,ROTH
AA0203,47824,24265456,2,PS,990913,14:35:47,14:35:53,6,14:35:53,14:36:27,34,AGENT,14:36:26,14:36:32,6,MORIAH
AA0203,47825,28408946,2,PS,990913,14:44:33,14:44:39,6,14:44:39,14:45:01,22,AGENT,14:45:00,15:03:33,1113,YIFAT
AA0203,47826,33474602,2,PS,990913,14:51:51,14:51:57,6,14:51:57,14:52:15,18,AGENT,14:52:14,14:53:16,62,SHARON
AA0203,47827,16686354,2,NE,990913,15:01:38,15:01:44,6,15:01:44,15:02:21,37,AGENT,15:02:19,15:05:14,175,ZOHARI
AA0203,47828,1426659,2,NE,990913,15:08:20,15:08:25,5,15:08:25,15:12:21,236,AGENT,15:12:06,15:18:00,354,ROTH
AA0203,47829,54128681,2,PS,990913,15:18:31,15:18:37,6,15:18:37,15:21:49,192,AGENT,15:21:48,15:23:51,123,SHARON
AA0203,47830,314574559,2,PS,990913,15:29:30,15:29:36,6,15:29:36,15:31:18,102,AGENT,15:31:17,15:41:34,617,BASCH
AA0203,47831,13100896,1,PS,990913,15:38:54,15:38:59,5,15:38:59,15:39:12,13,AGENT,15:39:11,15:40:41,90,STEREN
AA0203,47832,0,0,PS,990913,15:51:14,15:51:25,11,0:00:00,0:00:00,0,AGENT,15:51:24,15:56:31,307,ANAT
AA0203,47833,0,0,PS,990913,16:03:37,16:03:58,21,0:00:00,0:00:00,0,AGENT,16:03:57,16:05:13,76,AVI
AA0203,47834,0,0,PS,990913,16:13:04,16:13:18,14,0:00:00,0:00:00,0,AGENT,16:13:16,16:16:21,185,ANAT
AA0203,47835,0,0,PS,990913,16:29:47,16:30:00,13,0:00:00,0:00:00,0,AGENT,16:29:59,16:32:35,156,ANAT
AA0203,47836,5530654,2,PS,990913,16:38:48,16:38:53,5,16:38:53,16:41:09,136,AGENT,16:41:09,16:42:36,87,AVI
AA0203,47837,32381592,1,PS,990913,16:48:42,16:48:47,5,16:48:47,16:49:43,56,HANG,0:00:00,0:00:00,0,NO_SERVER
AA0203,47838,27324128,1,PS,990913,16:54:57,16:55:03,6,16:55:03,16:58:27,204,AGENT,16:58:26,16:59:48,82,BASCH
AA0203,47839,58704610,2,PS,990913,17:06:28,17:06:33,5,17:06:33,17:07:37,64,AGENT,17:07:35,17:09:18,103,AVNI
AA0203,47840,0,0,PS,990913,17:20:56,17:21:05,9,0:00:00,0:00:00,0,AGENT,17:21:04,17:22:19,75,AVNI
AA0203,47841,0,0,NE,990913,17:42:23,17:42:32,9,0:00:00,0:00:00,0,AGENT,17:42:32,17:42:36,4,MORIAH
AA0203,47842,33052234,1,PS,990913,17:58:58,17:59:04,6,17:59:04,18:00:32,88,AGENT,18:00:31,18:00:32,1,ANAT
AA0203,47843,0,0,PS,990913,18:13:39,18:13:52,13,0:00:00,0:00:00,0,AGENT,18:13:51,18:15:27,96,BASCH
AA0203,47844,0,0,PS,990913,18:24:58,18:25:11,13,0:00:00,0:00:00,0,AGENT,18:25:10,18:33:55,525,AVI
AA0203,47845,0,0,PS,990913,18:45:42,18:45:56,14,0:00:00,0:00:00,0,AGENT,18:45:55,18:46:59,64,BASCH
AA0203,47846,54511548,1,PS,990913,18:56:27,18:56:33,6,18:56:33,18:57:09,36,AGENT,18:57:08,18:59:41,153,BASCH
AA0203,47847,12096475,1,PS,990913,19:09:45,19:09:50,5,19:09:50,19:11:38,108,AGENT,19:11:37,19:11:39,2,MORIAH
AA0203,47848,1426659,2,NE,990913,19:16:42,19:16:47,5,19:16:47,19:19:02,135,AGENT,19:19:02,19:20:58,116,MEIR
AA0203,47849,12426532,1,PS,990913,19:27:16,19:27:22,6,19:27:22,19:27:55,33,AGENT,19:27:54,19:28:57,63,ANAT
AA0203,47850,54271564,1,NE,990913,19:38:23,19:38:28,5,19:38:28,19:40:34,126,AGENT,19:40:34,19:41:07,33,MORIAH
AA0203,47851,0,0,PS,990913,20:02:51,20:03:05,14,0:00:00,0:00:00,0,AGENT,20:03:04,20:12:41,577,AVNI
AA0203,47852,0,0,PS,990913,20:16:44,20:16:54,10,0:00:00,0:00:00,0,AGENT,20:16:53,20:17:55,62,ANAT
AA0203,47853,59630624,1,NE,990913,20:28:56,20:29:02,6,20:29:02,20:30:17,75,AGENT,20:30:15,20:30:18,3,MORIAH
AA0203,47854,0,0,NW,990913,20:47:12,20:47:26,14,0:00:00,0:00:00,0,AGENT,20:47:25,20:50:26,181,AVI
AA0203,47855,22791180,2,PS,990913,20:59:57,21:00:02,5,21:00:02,21:00:11,9,AGENT,21:00:10,21:03:34,204,MORIAH
AA0203,47856,0,0,NW,990913,21:18:39,21:18:48,9,21:18:48,21:23:11,263,AGENT,21:23:11,21:27:51,280,AVNI
AA0203,47857,317735678,1,PS,990913,21:39:38,21:39:44,6,21:39:44,21:39:56,12,AGENT,21:39:55,21:43:14,199,MORIAH
AA0203,47858,0,0,PS,990913,21:58:55,21:59:04,9,0:00:00,0:00:00,0,AGENT,21:59:03,22:00:30,87,AVI
AA0203,47859,32389629,2,PS,990913,22:17:47,22:17:53,6,22:17:53,22:20:11,138,AGENT,22:20:11,22:22:04,113,GELBER
AA0203,47860,28055705,1,PS,990913,22:33:10,22:33:15,5,22:33:15,22:33:42,27,AGENT,22:33:41,22:35:44,123,GELBER
AA0203,47861,17595083,2,PS,990913,23:09:26,23:09:32,6,23:09:32,23:09:49,17,AGENT,23:09:48,23:10:40,52,AVI
AA0203,47862,0,0,PS,990913,23:37:48,23:38:04,16,0:00:00,0:00:00,0,AGENT,23:38:03,23:39:13,70,AVNI
AA0203,47864,0,0,PS,990914,1:19:58,1:19:58,0,0:00:00,0:00:00,0,HANG,0:00:00,0:00:00,0,NO_SERVER
AA0203,47865,0,0,PS,990914,7:08:16,7:08:26,10,0:00:00,0:00:00,0,AGENT,7:08:25,7:10:45,140,TOVA
AA0203,47866,0,0,PS,990914,7:32:51,7:33:04,13,0:00:00,0:00:00,0,AGENT,7:33:03,7:33:54,51,ANAT
AA0203,47867,0,0,NW,990914,7:52:37,7:52:47,10,7:52:47,7:54:30,103,HANG,0:00:00,0:00:00,0,NO_SERVER
AA0203,47868,69687275,2,PS,990914,8:16:54,8:16:59,5,8:16:59,8:17:37,38,AGENT,8:17:37,8:18:30,53,ANAT
AA0203,47869,14312995,1,PS,990914,8:26:09,8:26:14,5,8:26:14,8:27:56,102,AGENT,8:27:55,8:30:35,160,GOLDIE
AA0203,47870,0,0,PS,990914,8:37:09,8:37:29,20,0:00:00,0:00:00,0,AGENT,8:37:28,8:39:56,148,TOVA
AA0203,47871,0,0,NW,990914,8:46:30,8:46:39,9,8:46:39,8:50:31,232,HANG,0:00:00,0:00:00,0,NO_SERVER
AA0203,47872,0,0,NW,990914,8:58:47,8:58:56,9,8:58:56,9:00:36,100,HANG,0:00:00,0:00:00,0,NO_SERVER
AA0203,47873,0,0,PS,990914,9:10:37,9:10:50,13,0:00:00,0:00:00,0,AGENT,9:10:49,9:23:48,779,BASCH
AA0203,47874,0,0,NW,990914,9:20:52,9:21:01,9,9:21:01,9:21:22,21,HANG,0:00:00,0:00:00,0,NO_SERVER
AA0203,47875,0,0,NW,990914,9:30:10,9:30:19,9,9:30:19,9:30:46,27,HANG,0:00:00,0:00:00,0,NO_SERVER
AA0203,47876,52867744,2,PS,990914,9:39:56,9:40:02,6,9:40:02,9:40:34,32,AGENT,9:40:33,9:43:46,193,YIFAT
AA0203,47877,0,0,PS,990914,9:50:13,9:50:22,9,0:00:00,0:00:00,0,AGENT,9:50:21,9:57:50,449,BASCH
AA0203,47878,0,0,PS,990914,10:00:41,10:00:50,9,0:00:00,0:00:00,0,AGENT,10:00:49,10:01:30,41,BASCH
AA0203,47879,51929339,2,PS,990914,10:10:42,10:10:48,6,10:10:48,10:12:27,99,AGENT,10:12:27,10:13:22,55,BASCH
AA0203,47880,24947061,2,PS,990914,10:18:57,10:19:03,6,10:19:03,10:19:26,23,AGENT,10:19:25,10:21:25,120,MORIAH
AA0203,47881,28898237,1,PS,990914,10:26:03,10:26:09,6,10:26:09,10:26:31,22,HANG,0:00:00,0:00:00,0,NO_SERVER
AA0203,47882,0,0,PS,990914,10:32:27,10:32:37,10,0:00:00,0:00:00,0,AGENT,10:32:36,10:33:19,43,YIFAT
AA0203,47883,42647446,2,NE,990914,10:38:16,10:38:22,6,10:38:22,10:40:55,153,AGENT,10:40:54,10:40:57,3,MORIAH
AA0203,47884,0,0,NW,990914,10:45:14,10:45:23,9,10:45:23,10:46:21,58,HANG,0:00:00,0:00:00,0,NO_SERVER
AA0203,47885,0,0,NW,990914,10:58:40,10:58:50,10,10:58:50,11:04:37,347,AGENT,11:04:36,11:07:41,185,AVNI
AA0203,47886,1574243,2,NE,990914,11:12:30,11:12:35,5,11:12:35,11:12:53,18,AGENT,11:12:52,11:14:28,96,KAZAV
AA0203,47887,0,0,PS,990914,11:24:09,11:24:19,10,0:00:00,0:00:00,0,AGENT,11:24:18,11:34:26,608,AVNI
AA0203,47888,0,0,PS,990914,11:35:30,11:35:41,11,0:00:00,0:00:00,0,AGENT,11:35:40,11:35:43,3,ANAT
AA0203,47889,63611537,2,PS,990914,11:45:12,11:45:18,6,11:45:18,11:48:52,214,AGENT,11:48:51,11:54:01,310,GOLDIE
AA0203,47890,9682923,2,PS,990914,11:53:53,11:53:59,6,11:53:59,11:54:35,36,AGENT,11:54:35,11:57:30,175,BASCH
AA0203,47891,33795287,1,PS,990914,12:03:08,12:03:14,6,12:03:14,12:03:26,12,AGENT,12:03:25,12:04:38,73,BASCH
AA0203,47892,0,0,PS,990914,12:12:17,12:12:26,9,0:00:00,0:00:00,0,AGENT,12:12:25,12:14:04,99,YIFAT
AA0203,47893,0,0,PS,990914,12:22:04,12:22:20,16,0:00:00,0:00:00,0,AGENT,12:22:20,12:24:24,124,BASCH
AA0203,47894,51929339,2,PS,990914,12:32:54,12:32:59,5,12:32:59,12:33:38,39,AGENT,12:33:37,12:33:39,2,TOVA
AA0203,47895,28987618,2,PS,990914,12:41:24,12:41:29,5,12:41:29,12:42:42,73,AGENT,12:42:41,12:55:22,761,DARMON
AA0203,47896,1472703,2,PS,990914,12:54:02,12:54:08,6,12:54:08,12:54:21,13,AGENT,12:54:19,12:55:29,70,ANAT
AA0203,47897,0,0,NW,990914,13:07:07,13:07:16,9,13:07:16,13:11:32,256,HANG,0:00:00,0:00:00,0,NO_SERVER
AA0203,47898,24309866,2,PS,990914,13:27:19,13:27:25,6,13:27:25,13:27:35,10,HANG,0:00:00,0:00:00,0,NO_SERVER
AA0203,47899,0,0,PS,990914,13:39:09,13:39:18,9,0:00:00,0:00:00,0,AGENT,13:39:17,13:40:37,80,BASCH
AA0203,47900,0,0,NW,990914,13:48:17,13:48:26,9,13:48:26,13:48:59,33,HANG,0:00:00,0:00:00,0,NO_SERVER
AA0203,47901,27901198,2,PS,990914,13:55:34,13:55:39,5,13:55:39,13:57:14,95,AGENT,13:57:13,13:57:13,0,YIFAT
AA0203,47902,52867744,2,PS,990914,14:07:25,14:07:30,5,14:07:30,14:09:58,148,AGENT,14:09:57,14:15:18,321,BASCH
AA0203,47903,0,0,PS,990914,14:16:41,14:16:50,9,0:00:00,0:00:00,0,AGENT,14:16:49,14:19:29,160,KAZAV
AA0203,47904,56398498,2,PS,990914,14:23:04,14:23:09,5,14:23:09,14:24:04,55,HANG,0:00:00,0:00:00,0,NO_SERVER
AA0203,47905,0,0,PS,990914,14:34:06,14:34:15,9,0:00:00,0:00:00,0,AGENT,14:34:14,14:35:25,71,KAZAV
AA0203,47906,16426967,2,PS,990914,14:40:21,14:40:26,5,14:40:26,14:42:38,132,AGENT,14:42:37,14:47:01,264,YIFAT
AA0203,47907,50347749,1,NE,990914,14:48:01,14:48:07,6,14:48:07,14:48:52,45,AGENT,14:48:52,15:07:58,1146,ROTH
AA0203,47908,78191137,2,PS,990914,15:01:17,15:01:22,5,15:01:22,15:07:34,372,AGENT,15:07:34,15:27:18,1184,NAAMA
AA0203,47909,22532980,2,PS,990914,15:12:45,15:12:51,6,15:12:51,15:14:22,91,HANG,0:00:00,0:00:00,0,NO_SERVER
AA0203,47910,51293231,2,PS,990914,15:24:39,15:24:45,6,15:24:45,15:25:24,39,AGENT,15:25:23,15:26:55,92,ZOHARI
AA0203,47911,27400290,2,PS,990914,15:35:56,15:36:02,6,15:36:02,15:37:18,76,AGENT,15:37:17,15:49:54,757,DARMON
AA0203,47912,10858884,2,NE,990914,15:45:25,15:45:30,5,15:45:30,15:48:35,185,AGENT,15:48:34,15:49:56,82,BASCH
AA0203,47913,8501587,2,PS,990914,15:58:46,15:58:51,5,15:58:51,15:59:16,25,AGENT,15:59:15,16:00:12,57,ROTH
AA0203,47914,0,0,PS,990914,16:09:15,16:09:47,32,0:00:00,0:00:00,0,AGENT,16:09:45,16:11:01,76,SHARON
AA0203,47915,54539366,1,PS,990914,16:16:40,16:16:46,6,16:16:46,16:16:57,11,AGENT,16:16:56,16:18:02,66,ZOHARI
AA0203,47916,0,0,PS,990914,16:31:46,16:31:56,10,0:00:00,0:00:00,0,AGENT,16:31:55,16:36:09,254,YITZ
AA0203,47917,0,0,NW,990914,16:40:42,16:40:52,10,16:40:52,16:41:55,63,AGENT,16:41:54,16:42:23,29,STEREN
AA0203,47918,10587137,2,NE,990914,16:53:55,16:54:00,5,16:54:00,16:54:17,17,AGENT,16:54:16,16:55:31,75,ROTH
AA0203,47919,0,0,NW,990914,17:04:45,17:04:54,9,17:04:54,17:05:51,57,AGENT,17:05:50,17:06:53,63,SHARON
AA0203,47920,55279970,2,NE,990914,17:17:18,17:17:23,5,17:17:23,17:17:38,15,AGENT,17:17:37,17:21:28,231,ZOHARI
AA0203,47921,0,0,NW,990914,17:35:18,17:35:32,14,0:00:00,0:00:00,0,AGENT,17:35:31,17:47:01,690,YITZ
AA0203,47922,0,0,PS,990914,17:48:30,17:48:44,14,0:00:00,0:00:00,0,AGENT,17:48:43,17:50:30,107,BENSION
AA0203,47923,0,0,NE,990914,18:04:58,18:05:07,9,0:00:00,0:00:00,0,AGENT,18:05:06,18:07:19,133,ROTH
AA0203,47924,0,0,PS,990914,18:20:48,18:20:56,8,0:00:00,0:00:00,0,AGENT,18:20:55,18:24:51,236,ZOHARI
AA0203,47925,0,0,NW,990914,18:37:21,18:37:34,13,0:00:00,0:00:00,0,AGENT,18:37:34,18:38:11,37,ROTH
AA0203,47926,0,0,PS,990914,18:51:31,18:51:51,20,0:00:00,0:00:00,0,AGENT,18:51:47,18:53:41,114,ZOHARI
AA0203,47927,27227545,1,PS,990914,19:09:43,19:09:49,6,19:09:49,19:10:11,22,AGENT,19:10:10,19:11:37,87,ZOHARI
AA0203,47928,0,0,PS,990914,19:31:26,19:31:36,10,0:00:00,0:00:00,0,AGENT,19:31:35,19:35:31,236,STEREN
AA0203,47929,0,0,PS,990914,19:45:39,19:45:49,10,0:00:00,0:00:00,0,AGENT,19:45:47,19:46:46,59,STEREN
AA0203,47930,54128681,2,PS,990914,20:07:36,20:07:41,5,20:07:41,20:08:20,39,AGENT,20:08:19,20:09:17,58,BENSION
AA0203,47931,0,0,NW,990914,20:31:12,20:31:25,13,0:00:00,0:00:00,0,AGENT,20:31:24,20:31:37,13,YITZ
AA0203,47932,0,0,NE,990914,20:50:36,20:50:45,9,0:00:00,0:00:00,0,AGENT,20:50:45,20:57:28,403,ZOHARI
AA0203,47933,0,0,PS,990914,21:17:48,21:17:57,9,0:00:00,0:00:00,0,AGENT,21:17:56,21:24:07,371,ZOHARI
AA0203,47934,12482634,2,NE,990914,21:37:17,21:37:22,5,21:37:22,21:37:55,33,AGENT,21:37:54,21:41:10,196,SHARON
AA0203,47935,430934,2,PS,990914,21:51:54,21:51:59,5,21:51:59,21:52:06,7,AGENT,21:52:05,21:56:11,246,STEREN
AA0203,47936,0,0,PS,990914,22:15:45,22:15:56,11,0:00:00,0:00:00,0,AGENT,22:15:55,22:16:53,58,ZOHARI
AA0203,47937,0,0,PS,990914,22:43:19,22:43:30,11,0:00:00,0:00:00,0,AGENT,22:43:29,22:44:50,81,ZOHARI
AA0203,47938,0,0,PS,990914,23:15:56,23:16:17,21,0:00:00,0:00:00,0,AGENT,23:16:16,23:19:21,185,SHARON
AA0203,47939,0,0,NW,990914,23:44:20,23:44:36,16,0:00:00,0:00:00,0,AGENT,23:44:35,23:45:34,59,BENSION
AA0203,47940,0,0,PS,990915,4:40:29,4:41:06,37,0:00:00,0:00:00,0,HANG,0:00:00,0:00:00,0,NO_SERVER
AA0203,47941,0,0,NE,990915,7:28:55,7:29:05,10,0:00:00,0:00:00,0,AGENT,7:29:04,7:32:04,180,ZOHARI
AA0203,47942,0,0,PS,990915,7:58:40,7:58:50,10,0:00:00,0:00:00,0,AGENT,7:58:49,7:59:50,61,YIFAT
AA0203,47943,0,0,PS,990915,8:17:56,8:18:04,8,0:00:00,0:00:00,0,AGENT,8:18:04,8:19:11,67,ROTH
AA0203,47944,32141301,1,PS,990915,8:31:59,8:32:04,5,8:32:04,8:34:29,145,PHANTOM,8:34:29,8:34:32,3,NO_SERVER
AA0203,47945,24807877,1,PS,990915,8:45:37,8:45:42,5,8:45:42,8:47:12,90,AGENT,8:47:10,8:48:08,58,ROTH
AA0203,47946,0,0,NW,990915,8:57:25,8:57:34,9,8:57:34,8:58:06,32,HANG,0:00:00,0:00:00,0,NO_SERVER
AA0203,47947,55363923,1,PS,990915,9:08:33,9:08:39,6,9:08:39,9:08:58,19,AGENT,9:08:57,9:12:34,217,ZOHARI
AA0203,47948,0,0,NW,990915,9:15:51,9:16:05,14,0:00:00,0:00:00,0,HANG,0:00:00,0:00:00,0,NO_SERVER
AA0203,47949,0,0,NW,990915,9:28:32,9:28:41,9,9:28:41,9:30:31,110,AGENT,9:30:30,9:36:36,366,STEREN
AA0203,47950,50422427,1,PS,990915,9:42:30,9:42:36,6,9:42:36,9:43:12,36,AGENT,9:43:10,9:43:44,34,ROTH
AA0203,47951,0,0,PS,990915,9:51:52,9:52:02,10,0:00:00,0:00:00,0,AGENT,9:52:01,9:54:31,150,KAZAV
AA0203,47952,69687275,2,PS,990915,10:00:27,10:00:32,5,10:00:32,10:00:45,13,AGENT,10:00:43,10:02:18,95,ZOHARI
AA0203,47953,33036765,2,PS,990915,10:12:48,10:12:53,5,10:12:53,10:13:34,41,AGENT,10:13:33,10:15:08,95,STEREN
AA0203,47954,50347749,1,NE,990915,10:17:41,10:17:46,5,10:17:46,10:20:40,174,AGENT,10:20:39,10:27:25,406,ELI
AA0203,47955,0,0,NW,990915,10:27:52,10:28:01,9,10:28:01,10:28:07,6,AGENT,10:28:05,10:29:03,58,STEREN
AA0203,47956,11842234,2,PE,990915,10:35:07,10:35:12,5,10:35:12,10:37:58,166,AGENT,10:37:58,10:39:37,99,VICKY
AA0203,47957,0,0,PS,990915,10:45:04,10:45:15,11,0:00:00,0:00:00,0,AGENT,10:45:14,10:48:27,193,STEREN
AA0203,47958,0,0,PS,990915,10:54:19,10:54:29,10,0:00:00,0:00:00,0,AGENT,10:54:27,10:54:54,27,KAZAV
AA0203,47959,42354225,2,PS,990915,11:04:50,11:04:56,6,11:04:56,11:05:47,51,AGENT,11:05:46,11:10:46,300,ROTH
AA0203,47960,23793540,1,PS,990915,11:14:06,11:14:12,6,11:14:12,11:14:42,30,AGENT,11:14:42,11:15:57,75,ZOHARI
AA0203,47961,0,0,PS,990915,11:25:17,11:25:26,9,0:00:00,0:00:00,0,AGENT,11:25:25,11:35:07,582,KAZAV
AA0203,47962,0,0,NW,990915,11:32:41,11:32:50,9,11:32:50,11:35:30,160,AGENT,11:35:30,11:35:44,14,ROTH
AA0203,47963,0,0,NW,990915,11:52:52,11:53:07,15,0:00:00,0:00:00,0,AGENT,11:53:06,11:53:44,38,VICKY
AA0203,47964,50347749,1,NE,990915,12:02:58,12:03:04,6,12:03:04,12:03:14,10,AGENT,12:03:13,12:08:52,339,VICKY
AA0203,47965,0,0,NE,990915,12:16:11,12:16:20,9,0:00:00,0:00:00,0,AGENT,12:16:19,12:21:01,282,KAZAV
AA0203,47966,0,0,PS,990915,12:27:10,12:27:20,10,0:00:00,0:00:00,0,AGENT,12:27:19,12:28:50,91,DORIT
AA0203,47967,0,0,PS,990915,12:42:29,12:42:38,9,0:00:00,0:00:00,0,AGENT,12:42:37,12:46:41,244,ROTH
AA0203,47968,24927717,1,PS,990915,12:53:23,12:53:29,6,12:53:29,12:53:39,10,AGENT,12:53:38,12:58:19,281,AVNI
AA0203,47969,0,0,NW,990915,13:06:58,13:07:08,10,13:07:08,13:07:17,9,HANG,0:00:00,0:00:00,0,NO_SERVER
AA0203,47970,51440469,2,PS,990915,13:16:32,13:16:38,6,13:16:38,13:17:10,32,AGENT,13:17:10,13:18:12,62,DORIT
AA0203,47971,33669052,2,PS,990915,13:26:45,13:26:50,5,13:26:50,13:26:56,6,HANG,0:00:00,0:00:00,0,NO_SERVER
AA0203,47972,0,0,PS,990915,13:41:49,13:41:59,10,0:00:00,0:00:00,0,AGENT,13:41:58,13:42:59,61,VICKY
AA0203,47973,0,0,PS,990915,13:54:57,13:55:08,11,0:00:00,0:00:00,0,AGENT,13:55:06,13:56:45,99,KAZAV
AA0203,47974,0,0,PS,990915,14:03:51,14:04:04,13,0:00:00,0:00:00,0,AGENT,14:04:02,14:05:35,93,VICKY
AA0203,47975,0,0,PS,990915,14:16:24,14:16:33,9,0:00:00,0:00:00,0,AGENT,14:16:32,14:18:25,113,AVNI
AA0203,47976,0,0,PS,990915,14:26:27,14:26:40,13,0:00:00,0:00:00,0,AGENT,14:26:39,14:31:49,310,VICKY
AA0203,47977,1574243,2,NE,990915,14:38:44,14:38:49,5,14:38:49,14:39:41,52,AGENT,14:39:40,14:40:41,61,VICKY
AA0203,47978,28782985,1,PS,990915,14:46:01,14:46:06,5,14:46:06,14:46:23,17,AGENT,14:46:23,14:46:25,2,MORIAH
AA0203,47979,5876156,2,PS,990915,14:55:16,14:55:38,22,14:55:38,14:56:11,33,AGENT,14:56:10,15:00:17,247,BASCH
AA0203,47980,10587137,2,NE,990915,15:08:51,15:08:57,6,15:08:57,15:09:27,30,AGENT,15:09:26,15:10:27,61,ROTH
AA0203,47981,24947061,2,PS,990915,15:14:06,15:14:12,6,15:14:12,15:15:28,76,AGENT,15:15:27,15:19:43,256,AVNI
AA0203,47982,0,0,PS,990915,15:24:09,15:24:17,8,0:00:00,0:00:00,0,AGENT,15:24:17,15:24:58,41,KAZAV
AA0203,47983,58704610,2,PS,990915,15:31:06,15:31:11,5,15:31:11,15:31:52,41,AGENT,15:31:50,15:32:33,43,KAZAV
AA0203,47984,0,0,PS,990915,15:36:24,15:36:37,13,0:00:00,0:00:00,0,AGENT,15:36:36,15:40:33,237,SHARON
AA0203,47985,63730469,1,PS,990915,15:41:30,15:41:36,6,15:41:36,15:43:28,112,AGENT,15:43:28,15:44:05,37,ANAT
AA0203,47986,0,0,PS,990915,15:53:28,15:53:37,9,0:00:00,0:00:00,0,AGENT,15:53:36,16:01:56,500,BASCH
AA0203,47987,15239874,2,PS,990915,16:03:23,16:03:28,5,16:03:28,16:04:13,45,AGENT,16:04:12,16:04:22,10,MORIAH
AA0203,47988,0,0,NW,990915,16:17:51,16:18:08,17,0:00:00,0:00:00,0,AGENT,16:18:07,16:19:13,66,BENSION
AA0203,47989,0,0,PS,990915,16:32:25,16:32:40,15,0:00:00,0:00:00,0,AGENT,16:32:39,16:35:40,181,ANAT
AA0203,47990,0,0,PS,990915,16:41:51,16:42:07,16,0:00:00,0:00:00,0,AGENT,16:42:03,16:47:28,325,AVNI
AA0203,47991,0,0,PS,990915,16:53:30,16:53:44,14,0:00:00,0:00:00,0,AGENT,16:53:43,16:55:09,86,BENSION
AA0203,47992,0,0,PS,990915,17:12:32,17:12:42,10,0:00:00,0:00:00,0,AGENT,17:12:41,17:15:33,172,BENSION
AA0203,47993,0,0,PE,990915,17:28:08,17:28:16,8,0:00:00,0:00:00,0,AGENT,17:28:15,17:47:28,1153,MORIAH
AA0203,47994,0,0,PS,990915,17:45:03,17:45:24,21,0:00:00,0:00:00,0,AGENT,17:45:19,17:48:10,171,ANAT
AA0203,47995,0,0,PS,990915,18:05:11,18:05:20,9,0:00:00,0:00:00,0,AGENT,18:05:19,18:07:03,104,TOVA
AA0203,47996,0,0,NE,990915,18:25:57,18:26:08,11,0:00:00,0:00:00,0,AGENT,18:26:08,18:26:10,2,ANAT
AA0203,47997,0,0,PS,990915,18:42:48,18:42:57,9,0:00:00,0:00:00,0,AGENT,18:42:56,18:43:32,36,BASCH
AA0203,47998,0,0,PS,990915,18:56:15,18:56:28,13,0:00:00,0:00:00,0,AGENT,18:56:27,18:56:28,1,BENSION
AA0203,47999,0,0,PS,990915,19:14:49,19:15:01,12,0:00:00,0:00:00,0,AGENT,19:15:01,19:17:15,134,BENSION
AA0203,48000,0,0,PS,990915,19:42:48,19:43:06,18,0:00:00,0:00:00,0,AGENT,19:43:05,19:44:38,93,BENSION
AA0203,48001,0,0,PS,990915,20:04:38,20:04:51,13,0:00:00,0:00:00,0,AGENT,20:04:50,20:04:54,4,NO_SERVER
AA0203,48002,0,0,PS,990915,20:24:52,20:25:00,8,0:00:00,0:00:00,0,AGENT,20:25:00,20:26:44,104,ANAT
AA0203,48003,0,0,PS,990915,20:44:08,20:44:26,18,0:00:00,0:00:00,0,AGENT,20:44:24,20:50:14,350,BENSION
AA0203,48004,59630624,1,NE,990915,20:57:09,20:57:15,6,20:57:15,20:57:47,32,AGENT,20:57:45,20:58:54,69,AVI
AA0203,48005,57831356,2,NE,990915,21:20:21,21:20:26,5,21:20:26,21:20:34,8,AGENT,21:20:33,21:20:49,16,AVI
AA0203,48006,0,0,PS,990915,21:36:30,21:36:40,10,0:00:00,0:00:00,0,AGENT,21:36:39,21:39:43,184,YITZ
AA0203,48007,0,0,NW,990915,21:53:32,21:53:47,15,0:00:00,0:00:00,0,AGENT,21:53:46,21:54:16,30,AVI
AA0203,48008,0,0,PS,990915,22:11:11,22:11:28,17,0:00:00,0:00:00,0,AGENT,22:11:27,22:13:10,103,BENSION
AA0203,48009,0,0,PS,990915,22:37:18,22:37:34,16,0:00:00,0:00:00,0,AGENT,22:37:34,22:38:21,47,AVI
AA0203,48010,0,0,PS,990915,23:09:09,23:09:23,14,0:00:00,0:00:00,0,AGENT,23:09:22,23:12:19,177,BENSION
AA0203,48011,33474602,2,PS,990915,23:48:25,23:48:31,6,23:48:31,23:50:17,106,AGENT,23:50:17,23:52:11,114,AVI
AA0203,48012,0,0,PS,990916,2:34:04,2:34:40,36,0:00:00,0:00:00,0,HANG,0:00:00,0:00:00,0,NO_SERVER
AA0203,48013,0,0,PS,990916,7:16:22,7:16:36,14,0:00:00,0:00:00,0,AGENT,7:16:35,7:18:49,134,ZOHARI
AA0203,48014,0,0,PE,990916,7:43:33,7:43:40,7,0:00:00,0:00:00,0,AGENT,7:43:39,7:50:19,400,MORIAH
AA0203,48015,0,0,PS,990916,8:10:19,8:10:40,21,0:00:00,0:00:00,0,AGENT,8:10:39,8:12:07,88,MORIAH
AA0203,48016,0,0,NW,990916,8:19:53,8:20:02,9,8:20:02,8:22:52,170,AGENT,8:22:51,8:24:16,85,MORIAH
AA0203,48017,0,0,PS,990916,8:40:16,8:40:27,11,0:00:00,0:00:00,0,AGENT,8:40:26,8:41:03,37,ANAT
AA0203,48018,58859752,2,PS,990916,8:49:16,8:49:21,5,8:49:21,8:50:03,42,AGENT,8:50:02,8:50:04,2,MORIAH
AA0203,48019,0,0,PS,990916,9:01:53,9:02:02,9,0:00:00,0:00:00,0,AGENT,9:02:01,9:03:35,94,ROTH
AA0203,48020,69565307,1,PS,990916,9:11:09,9:11:14,5,9:11:14,9:11:30,16,AGENT,9:11:29,9:13:40,131,TOVA
AA0203,48021,0,0,PS,990916,9:21:15,9:21:25,10,0:00:00,0:00:00,0,AGENT,9:21:24,9:24:53,209,ZOHARI
AA0203,48022,0,0,PS,990916,9:37:18,9:37:28,10,0:00:00,0:00:00,0,AGENT,9:37:27,9:46:54,567,ROTH
AA0203,48023,0,0,PS,990916,9:49:26,9:49:38,12,0:00:00,0:00:00,0,AGENT,9:49:37,9:50:30,53,MORIAH
AA0203,48024,0,0,PS,990916,9:59:03,9:59:17,14,0:00:00,0:00:00,0,AGENT,9:59:16,10:01:21,125,ANAT
AA0203,48025,0,0,NW,990916,10:10:22,10:10:31,9,10:10:31,10:14:47,256,AGENT,10:14:46,10:17:01,135,KAZAV
AA0203,48026,51140093,2,PS,990916,10:21:33,10:21:38,5,10:21:38,10:22:40,62,AGENT,10:22:39,10:24:23,104,ANAT
AA0203,48027,41630443,2,PS,990916,10:26:51,10:26:57,6,10:26:57,10:27:02,5,AGENT,10:27:01,10:29:20,139,TOVA
AA0203,48028,49996945,2,PS,990916,10:31:58,10:32:03,5,10:32:03,10:32:52,49,AGENT,10:32:51,10:34:18,87,ZOHARI
AA0203,48029,58859752,2,PS,990916,10:39:18,10:39:24,6,10:39:24,10:40:17,53,AGENT,10:40:16,10:41:44,88,YIFAT
AA0203,48030,0,0,PS,990916,10:52:41,10:52:51,10,0:00:00,0:00:00,0,AGENT,10:52:50,10:55:42,172,ZOHARI
AA0203,48031,0,0,NE,990916,11:06:57,11:07:07,10,0:00:00,0:00:00,0,AGENT,11:07:06,11:09:48,162,ROTH
AA0203,48032,3374691,2,PS,990916,11:18:44,11:18:50,6,11:18:50,11:19:35,45,AGENT,11:19:33,11:20:53,80,KAZAV
AA0203,48033,0,0,PS,990916,11:27:14,11:27:23,9,0:00:00,0:00:00,0,AGENT,11:27:23,11:32:16,293,ROTH
AA0203,48034,0,0,NE,990916,11:41:49,11:42:01,12,0:00:00,0:00:00,0,AGENT,11:42:00,11:45:56,236,ELI
AA0203,48035,0,0,PS,990916,11:57:00,11:57:09,9,0:00:00,0:00:00,0,AGENT,11:57:08,12:02:17,309,ZOHARI
AA0203,48036,0,0,PS,990916,12:03:42,12:03:55,13,0:00:00,0:00:00,0,AGENT,12:03:54,12:20:02,968,ANAT
AA0203,48037,29322047,2,PS,990916,12:15:14,12:15:20,6,12:15:20,12:16:58,98,AGENT,12:16:57,12:17:01,4,TOVA
AA0203,48038,0,0,PS,990916,12:24:37,12:24:46,9,0:00:00,0:00:00,0,AGENT,12:24:45,12:25:38,53,ANAT
AA0203,48039,2043974,1,NE,990916,12:39:51,12:39:56,5,12:39:56,12:40:02,6,AGENT,12:40:01,12:42:20,139,TOVA
AA0203,48040,57379505,2,PS,990916,12:55:42,12:55:47,5,12:55:47,12:55:52,5,AGENT,12:55:51,13:08:14,743,KAZAV
AA0203,48041,0,0,NE,990916,13:06:29,13:06:40,11,0:00:00,0:00:00,0,AGENT,13:06:39,13:06:53,14,ELI
AA0203,48042,0,0,PS,990916,13:17:14,13:17:23,9,0:00:00,0:00:00,0,AGENT,13:17:22,13:18:26,64,ROTH
AA0203,48043,55476253,2,NE,990916,13:26:41,13:26:46,5,13:26:46,13:28:18,92,AGENT,13:28:17,13:28:20,3,MORIAH
AA0203,48044,57359291,1,PS,990916,13:36:55,13:37:00,5,13:37:00,13:38:03,63,AGENT,13:38:02,13:39:29,87,MORIAH
AA0203,48045,0,0,PS,990916,13:49:59,13:50:09,10,0:00:00,0:00:00,0,AGENT,13:50:08,13:54:06,238,GOLDIE
AA0203,48046,54665682,2,PS,990916,14:00:58,14:01:03,5,14:01:03,14:01:17,14,AGENT,14:01:15,14:01:22,7,MORIAH
AA0203,48047,52867744,2,PS,990916,14:08:51,14:08:57,6,14:08:57,14:10:57,120,AGENT,14:10:56,14:16:02,306,STEREN
AA0203,48048,56732811,2,PS,990916,14:16:12,14:16:18,6,14:16:18,14:18:06,108,AGENT,14:18:05,14:18:30,25,ROTH
AA0203,48049,0,0,NE,990916,14:29:47,14:30:00,13,0:00:00,0:00:00,0,AGENT,14:30:00,14:48:49,1129,ELI
AA0203,48050,0,0,PS,990916,14:39:17,14:39:25,8,0:00:00,0:00:00,0,AGENT,14:39:25,14:45:29,364,ROTH
AA0203,48051,0,0,PS,990916,14:50:17,14:50:25,8,0:00:00,0:00:00,0,AGENT,14:50:25,14:53:50,205,KAZAV
AA0203,48052,0,0,PS,990916,14:54:58,14:55:08,10,0:00:00,0:00:00,0,AGENT,14:55:07,15:07:42,755,GOLDIE
AA0203,48053,563189,2,NE,990916,15:03:14,15:03:19,5,15:03:19,15:04:51,92,HANG,0:00:00,0:00:00,0,NO_SERVER
AA0203,48054,22874192,2,PS,990916,15:10:37,15:10:43,6,15:10:43,15:16:42,359,AGENT,15:16:41,15:25:18,517,GOLDIE
AA0203,48055,24405672,2,PS,990916,15:24:46,15:24:52,6,15:24:52,15:25:02,10,HANG,0:00:00,0:00:00,0,NO_SERVER
AA0203,48056,28074433,2,PS,990916,15:32:31,15:32:36,5,15:32:36,15:32:45,9,HANG,0:00:00,0:00:00,0,NO_SERVER
AA0203,48057,0,0,NW,990916,15:37:02,15:37:11,9,15:37:11,15:37:22,11,HANG,0:00:00,0:00:00,0,NO_SERVER
AA0203,48058,57379505,2,PS,990916,15:44:38,15:44:44,6,15:44:44,15:50:40,356,AGENT,15:50:38,16:02:47,729,ROTH
AA0203,48059,53887337,2,PS,990916,15:55:35,15:55:40,5,15:55:40,16:02:38,418,AGENT,16:02:37,16:04:09,92,GOLDIE
AA0203,48060,3729423,1,PS,990916,16:10:23,16:10:29,6,16:10:29,16:11:09,40,AGENT,16:11:08,16:12:09,61,GOLDIE
AA0203,48061,0,0,PS,990916,16:22:45,16:23:04,19,0:00:00,0:00:00,0,AGENT,16:23:03,16:25:51,168,STEREN
AA0203,48062,2983385,2,PS,990916,16:37:14,16:37:20,6,16:37:20,16:37:58,38,AGENT,16:37:57,16:40:59,182,GOLDIE
AA0203,48063,33684374,1,PS,990916,16:47:28,16:47:34,6,16:47:34,16:47:50,16,AGENT,16:47:49,16:48:36,47,AVI
AA0203,48064,0,0,NW,990916,16:59:52,17:00:01,9,17:00:01,17:03:32,211,AGENT,17:03:31,17:03:31,0,AVI
AA0203,48065,0,0,NW,990916,17:21:01,17:21:11,10,17:21:11,17:23:40,149,AGENT,17:23:39,17:25:26,107,GOLDIE
AA0203,48066,0,0,PS,990916,17:42:12,17:42:22,10,0:00:00,0:00:00,0,AGENT,17:42:21,17:44:12,111,GOLDIE
AA0203,48067,0,0,NW,990916,18:07:24,18:07:42,18,0:00:00,0:00:00,0,AGENT,18:07:42,18:08:51,69,VICKY
AA0203,48068,0,0,PS,990916,18:25:53,18:26:02,9,0:00:00,0:00:00,0,AGENT,18:26:01,18:32:53,412,STEREN
AA0203,48069,0,0,PS,990916,18:49:58,18:50:07,9,0:00:00,0:00:00,0,AGENT,18:50:06,18:51:59,113,GILI
AA0203,48070,0,0,PS,990916,19:14:07,19:14:19,12,0:00:00,0:00:00,0,AGENT,19:14:17,19:16:31,134,GOLDIE
AA0203,48071,0,0,NE,990916,19:28:55,19:29:11,16,0:00:00,0:00:00,0,AGENT,19:29:10,19:35:35,385,MEIR
AA0203,48072,0,0,PS,990916,19:53:03,19:53:13,10,0:00:00,0:00:00,0,AGENT,19:53:11,19:58:06,295,AVNI
AA0203,48073,0,0,PS,990916,20:24:21,20:24:35,14,0:00:00,0:00:00,0,AGENT,20:24:35,20:29:05,270,GILI
AA0203,48074,28890796,2,PS,990916,20:55:48,20:55:53,5,20:55:53,20:56:46,53,HANG,0:00:00,0:00:00,0,NO_SERVER
AA0203,48075,0,0,PS,990916,21:32:49,21:33:03,14,0:00:00,0:00:00,0,AGENT,21:33:02,21:37:12,250,AVI
AA0203,48076,52867744,2,PS,990916,21:59:56,22:00:02,6,22:00:02,22:00:16,14,AGENT,22:00:15,22:11:22,667,AVI
AA0203,48077,51664878,2,PS,990916,22:15:34,22:15:39,5,22:15:39,22:16:57,78,HANG,0:00:00,0:00:00,0,NO_SERVER
AA0203,48078,54613724,2,NE,990916,22:34:39,22:34:45,6,22:34:45,22:37:55,190,AGENT,22:37:54,22:39:47,113,VICKY
AA0203,48079,0,0,NW,990916,23:17:09,23:17:18,9,23:17:18,23:18:40,82,AGENT,23:18:39,23:19:12,33,VICKY
AA0203,48080,0,0,PS,990917,0:13:03,0:13:17,14,0:00:00,0:00:00,0,HANG,0:00:00,0:00:00,0,NO_SERVER
AA0203,48081,0,0,PS,990917,7:09:53,7:10:03,10,0:00:00,0:00:00,0,AGENT,7:10:03,7:11:18,75,STEREN
AA0203,48082,17197542,2,PS,990917,7:48:35,7:48:41,6,7:48:41,7:48:56,15,AGENT,7:48:55,7:50:01,66,BENSION
AA0203,48083,0,0,NW,990917,8:16:08,8:16:18,10,8:16:18,8:16:29,11,HANG,0:00:00,0:00:00,0,NO_SERVER
AA0203,48084,54900352,1,PS,990917,8:34:49,8:34:55,6,8:34:55,8:35:18,23,AGENT,8:35:17,8:37:02,105,MORIAH
AA0203,48085,0,0,NW,990917,8:47:04,8:47:13,9,8:47:13,8:51:19,246,HANG,0:00:00,0:00:00,0,NO_SERVER
AA0203,48086,22583421,2,PS,990917,9:01:49,9:01:55,6,9:01:55,9:03:34,99,AGENT,9:03:33,9:04:31,58,SHARON
AA0203,48087,4654307,2,PS,990917,9:18:26,9:18:32,6,9:18:32,9:18:57,25,AGENT,9:18:56,9:23:41,285,STEREN
AA0203,48088,25262437,2,NW,990917,9:34:25,9:34:28,3,9:34:28,9:34:34,6,HANG,0:00:00,0:00:00,0,NO_SERVER
AA0203,48089,40700452,1,PS,990917,9:44:10,9:44:16,6,9:44:16,9:45:51,95,AGENT,9:45:50,9:47:19,89,BENSION
AA0203,48090,8431942,1,PS,990917,9:55:49,9:55:55,6,9:55:55,9:58:46,171,AGENT,9:58:45,9:59:47,62,BENSION
AA0203,48091,0,0,PS,990917,10:11:10,10:11:21,11,0:00:00,0:00:00,0,AGENT,10:11:20,10:12:16,56,SHARON
AA0203,48092,0,0,PS,990917,10:26:59,10:27:08,9,0:00:00,0:00:00,0,AGENT,10:27:08,10:27:11,3,NO_SERVER
AA0203,48093,0,0,PS,990917,10:46:43,10:46:59,16,0:00:00,0:00:00,0,AGENT,10:46:58,10:51:10,252,BENSION
AA0203,48094,33805821,2,PS,990917,11:03:13,11:03:19,6,11:03:19,11:04:05,46,AGENT,11:04:05,11:05:03,58,DARMON
AA0203,48095,7426802,2,PS,990917,11:20:20,11:20:26,6,11:20:26,11:21:13,47,AGENT,11:21:12,11:21:52,40,SHARON
AA0203,48096,0,0,PS,990917,11:36:50,11:36:59,9,0:00:00,0:00:00,0,AGENT,11:36:58,11:38:37,99,STEREN
AA0203,48097,0,0,NW,990917,11:55:33,11:55:50,17,0:00:00,0:00:00,0,AGENT,11:55:49,11:56:08,19,BENSION
AA0203,48098,0,0,PS,990917,12:22:26,12:22:38,12,0:00:00,0:00:00,0,AGENT,12:22:36,12:25:39,183,DORIT
AA0203,48099,0,0,PS,990917,12:42:24,12:42:38,14,0:00:00,0:00:00,0,AGENT,12:42:38,12:43:49,71,BENSION
AA0203,48100,0,0,PS,990917,13:12:41,13:12:55,14,0:00:00,0:00:00,0,AGENT,13:12:54,13:15:35,161,DARMON
AA0203,48101,0,0,PS,990917,13:45:08,13:45:24,16,0:00:00,0:00:00,0,AGENT,13:45:23,13:46:40,77,BENSION
AA0203,48103,0,0,PS,990917,14:40:16,14:40:16,0,0:00:00,0:00:00,0,HANG,0:00:00,0:00:00,0,NO_SERVER
AA0203,48104,0,0,PS,990917,15:44:58,15:45:08,10,0:00:00,0:00:00,0,HANG,0:00:00,0:00:00,0,NO_SERVER
AA0203,48105,0,0,NW,990918,10:02:44,10:03:07,23,0:00:00,0:00:00,0,HANG,0:00:00,0:00:00,0,NO_SERVER
AA0203,48107,0,0,PS,990918,19:28:07,19:28:07,0,0:00:00,0:00:00,0,HANG,0:00:00,0:00:00,0,NO_SERVER
AA0203,48108,0,0,PS,990918,20:18:16,20:18:28,12,0:00:00,0:00:00,0,AGENT,20:18:27,20:19:41,74,SHARON
AA0203,48109,0,0,PS,990918,20:44:53,20:45:07,14,0:00:00,0:00:00,0,AGENT,20:45:06,20:46:07,61,AVI
AA0203,48110,0,0,PS,990918,21:15:55,21:16:07,12,0:00:00,0:00:00,0,AGENT,21:16:06,21:19:06,180,AVI
AA0203,48111,0,0,PS,990918,22:05:34,22:05:44,10,0:00:00,0:00:00,0,AGENT,22:05:43,22:05:51,8,ROTH
AA0203,48112,0,0,PS,990918,22:38:57,22:39:06,9,0:00:00,0:00:00,0,AGENT,22:39:06,22:40:55,109,ROTH
AA0203,48113,0,0,PS,990918,23:49:25,23:49:36,11,0:00:00,0:00:00,0,AGENT,23:49:35,23:50:15,40,DORIT
AA0203,48114,0,0,PS,990919,7:14:07,7:14:32,25,0:00:00,0:00:00,0,AGENT,7:14:31,7:16:50,139,MORIAH
AA0203,48115,0,0,PS,990919,7:48:29,7:48:39,10,0:00:00,0:00:00,0,AGENT,7:48:38,7:51:38,180,GILI
AA0203,48116,0,0,NW,990919,8:07:59,8:08:13,14,0:00:00,0:00:00,0,AGENT,8:08:11,8:10:05,114,AVNI
AA0203,48117,0,0,PS,990919,8:26:21,8:26:34,13,0:00:00,0:00:00,0,AGENT,8:26:33,8:27:49,76,SHARON
AA0203,48118,30164461,2,NE,990919,8:38:22,8:38:27,5,8:38:27,8:39:02,35,AGENT,8:39:01,8:39:47,46,ANAT
AA0203,48119,0,0,NE,990919,8:50:06,8:50:14,8,0:00:00,0:00:00,0,AGENT,8:50:13,8:50:18,5,NO_SERVER
AA0203,48120,0,0,NW,990919,8:56:02,8:56:11,9,8:56:11,8:56:38,27,AGENT,8:56:37,8:57:51,74,SHARON
AA0203,48121,0,0,PS,990919,9:13:40,9:13:50,10,0:00:00,0:00:00,0,AGENT,9:13:48,9:16:13,145,GILI
AA0203,48122,0,0,PS,990919,9:33:08,9:33:22,14,0:00:00,0:00:00,0,AGENT,9:33:21,9:33:31,10,YIFAT
AA0203,48123,0,0,PS,990919,9:46:49,9:46:58,9,0:00:00,0:00:00,0,AGENT,9:46:57,9:48:11,74,ROTH
AA0203,48124,0,0,PS,990919,10:08:02,10:08:15,13,0:00:00,0:00:00,0,AGENT,10:08:14,10:09:42,88,TOVA
AA0203,48125,24512741,2,PS,990919,10:38:58,10:39:04,6,10:39:04,10:40:06,62,AGENT,10:40:06,10:40:24,18,GELBER
AA0203,48126,0,0,PS,990919,11:05:27,11:05:41,14,0:00:00,0:00:00,0,AGENT,11:05:40,11:06:31,51,SHARON
AA0203,48127,0,0,NW,990919,12:48:16,12:48:19,3,0:00:00,0:00:00,0,HANG,0:00:00,0:00:00,0,NO_SERVER
AA0203,48128,0,0,NW,990920,19:48:29,19:49:07,38,0:00:00,0:00:00,0,HANG,0:00:00,0:00:00,0,NO_SERVER
AA0203,48129,0,0,PS,990920,21:03:27,21:03:39,12,0:00:00,0:00:00,0,AGENT,21:03:38,21:04:00,22,DORIT
AA0203,48130,0,0,PS,990920,21:31:40,21:31:50,10,0:00:00,0:00:00,0,AGENT,21:31:49,21:37:30,341,ZOHARI
AA0203,48131,0,0,PS,990920,21:57:46,21:57:54,8,0:00:00,0:00:00,0,AGENT,21:57:53,21:59:52,119,DORIT
AA0203,48132,0,0,PS,990920,22:33:35,22:33:47,12,0:00:00,0:00:00,0,AGENT,22:33:46,22:34:22,36,SHARON
AA0203,48133,32389629,2,PS,990920,22:57:29,22:57:35,6,22:57:35,22:58:30,55,AGENT,22:58:29,22:59:45,76,SHARON
AA0203,48134,0,0,NE,990920,23:37:18,23:37:24,6,0:00:00,0:00:00,0,AGENT,23:37:29,23:37:32,3,NO_SERVER
AA0203,48135,0,0,NW,990921,4:20:23,4:20:53,30,0:00:00,0:00:00,0,HANG,0:00:00,0:00:00,0,NO_SERVER
AA0203,48136,0,0,PS,990921,7:02:33,7:02:50,17,0:00:00,0:00:00,0,AGENT,7:02:49,7:13:15,626,MORIAH
AA0203,48137,0,0,PS,990921,7:29:03,7:29:12,9,0:00:00,0:00:00,0,AGENT,7:29:11,7:32:43,212,YIFAT
AA0203,48138,0,0,PS,990921,7:52:15,7:52:25,10,0:00:00,0:00:00,0,AGENT,7:52:25,7:52:29,4,NO_SERVER
AA0203,48139,0,0,PS,990921,8:09:01,8:09:10,9,0:00:00,0:00:00,0,AGENT,8:09:09,8:10:47,98,ANAT
AA0203,48140,0,0,PS,990921,8:30:32,8:30:46,14,0:00:00,0:00:00,0,AGENT,8:30:45,8:31:34,49,ANAT
AA0203,48141,0,0,PS,990921,8:41:34,8:41:42,8,0:00:00,0:00:00,0,AGENT,8:41:42,8:46:15,273,MORIAH
AA0203,48142,0,0,NW,990921,8:51:05,8:52:48,103,0:00:00,0:00:00,0,HANG,0:00:00,0:00:00,0,NO_SERVER
AA0203,48143,0,0,PS,990921,9:05:54,9:06:15,21,0:00:00,0:00:00,0,AGENT,9:06:14,9:07:27,73,ANAT
AA0203,48144,0,0,PS,990921,9:19:31,9:19:42,11,0:00:00,0:00:00,0,AGENT,9:19:40,9:20:49,69,ANAT
AA0203,48145,0,0,PS,990921,9:29:26,9:29:36,10,0:00:00,0:00:00,0,AGENT,9:29:35,9:32:16,161,ANAT
AA0203,48146,0,0,PS,990921,9:40:02,9:40:12,10,0:00:00,0:00:00,0,AGENT,9:40:11,9:41:19,68,ANAT
AA0203,48147,0,0,PS,990921,9:48:47,9:48:56,9,0:00:00,0:00:00,0,AGENT,9:48:55,9:50:29,94,AVI
AA0203,48148,0,0,NW,990921,9:53:58,9:54:07,9,0:00:00,0:00:00,0,HANG,0:00:00,0:00:00,0,NO_SERVER
AA0203,48149,0,0,PS,990921,10:00:43,10:00:51,8,0:00:00,0:00:00,0,AGENT,10:00:51,10:03:56,185,DORIT
AA0203,48150,22116537,2,PS,990921,10:08:14,10:08:20,6,10:08:20,10:09:50,90,AGENT,10:09:48,10:10:50,62,ANAT
AA0203,48151,0,0,NE,990921,10:15:51,10:16:01,10,0:00:00,0:00:00,0,AGENT,10:16:00,10:31:49,949,KAZAV
AA0203,48152,0,0,PS,990921,10:22:02,10:22:10,8,0:00:00,0:00:00,0,AGENT,10:22:10,10:23:21,71,ROTH
AA0203,48153,0,0,PS,990921,10:29:57,10:30:06,9,0:00:00,0:00:00,0,AGENT,10:30:06,10:31:48,102,AVNI
AA0203,48154,7656580,1,PS,990921,10:37:55,10:38:01,6,10:38:01,10:38:26,25,AGENT,10:38:24,10:58:40,1216,KAZAV
AA0203,48155,67472811,1,PS,990921,10:46:12,10:46:17,5,10:46:17,10:47:02,45,AGENT,10:47:02,10:52:20,318,YIFAT
AA0203,48156,57948051,2,PS,990921,10:54:53,10:54:58,5,10:54:58,10:55:06,8,AGENT,10:55:05,10:56:11,66,YIFAT
AA0203,48157,4312914,2,PS,990921,10:59:44,10:59:50,6,10:59:50,11:00:32,42,AGENT,11:00:31,11:01:21,50,DORIT
AA0203,48158,0,0,NW,990921,11:08:49,11:08:59,10,11:08:59,11:10:50,111,HANG,0:00:00,0:00:00,0,NO_SERVER
AA0203,48159,0,0,PS,990921,11:20:06,11:20:16,10,0:00:00,0:00:00,0,AGENT,11:20:15,11:21:58,103,DORIT
AA0203,48160,0,0,PS,990921,11:28:47,11:28:57,10,0:00:00,0:00:00,0,AGENT,11:28:55,11:30:34,99,ANAT
AA0203,48161,0,0,NE,990921,11:44:41,11:44:49,8,0:00:00,0:00:00,0,AGENT,11:44:49,11:50:18,329,KAZAV
AA0203,48162,24851511,2,PS,990921,11:49:58,11:50:03,5,11:50:03,11:50:44,41,AGENT,11:50:43,11:54:21,218,YIFAT
AA0203,48163,0,0,PS,990921,12:02:07,12:02:17,10,0:00:00,0:00:00,0,AGENT,12:02:16,12:20:32,1096,DORIT
AA0203,48164,10587137,2,NE,990921,12:12:47,12:12:53,6,12:12:53,12:13:11,18,AGENT,12:13:10,14:16:17,7387,ELI
AA0203,48165,0,0,PS,990921,12:26:40,12:26:50,10,0:00:00,0:00:00,0,AGENT,12:26:49,12:31:31,282,ANAT
AA0203,48166,0,0,PS,990921,12:36:35,12:36:44,9,0:00:00,0:00:00,0,AGENT,12:36:43,12:45:21,518,ROTH
AA0203,48167,0,0,NW,990921,12:51:17,12:51:33,16,0:00:00,0:00:00,0,AGENT,12:51:32,12:52:21,49,ANAT
AA0203,48168,0,0,PS,990921,13:06:00,13:06:10,10,0:00:00,0:00:00,0,AGENT,13:06:09,13:08:40,151,YIFAT
AA0203,48169,0,0,PS,990921,13:15:09,13:15:19,10,0:00:00,0:00:00,0,AGENT,13:15:18,13:16:58,100,AVI
AA0203,48170,25083353,2,PS,990921,13:29:41,13:29:47,6,13:29:47,13:32:48,181,HANG,0:00:00,0:00:00,0,NO_SERVER
AA0203,48171,34953836,1,PS,990921,13:39:13,13:39:19,6,13:39:19,13:39:32,13,HANG,0:00:00,0:00:00,0,NO_SERVER
AA0203,48172,31382021,1,PS,990921,13:45:51,13:45:56,5,13:45:56,13:46:11,15,AGENT,13:46:10,13:47:45,95,BASCH
AA0203,48173,0,0,PS,990921,13:55:03,13:55:19,16,0:00:00,0:00:00,0,AGENT,13:55:17,13:55:49,32,YIFAT
AA0203,48174,0,0,PS,990921,14:04:24,14:04:36,12,0:00:00,0:00:00,0,AGENT,14:04:35,14:12:46,491,KAZAV
AA0203,48175,0,0,PS,990921,14:15:28,14:15:38,10,0:00:00,0:00:00,0,AGENT,14:15:36,14:18:39,183,TOVA
AA0203,48176,0,0,PS,990921,14:27:02,14:27:12,10,0:00:00,0:00:00,0,AGENT,14:27:11,14:33:30,379,KAZAV
AA0203,48177,0,0,PS,990921,14:40:14,14:40:28,14,0:00:00,0:00:00,0,AGENT,14:40:28,14:43:01,153,TOVA
AA0203,48178,0,0,NW,990921,14:53:21,14:53:33,12,0:00:00,0:00:00,0,AGENT,14:53:32,14:54:41,69,ROTH
AA0203,48179,29503323,1,PS,990921,15:06:41,15:06:46,5,15:06:46,15:07:31,45,HANG,0:00:00,0:00:00,0,NO_SERVER
AA0203,48180,0,0,NW,990921,15:17:44,15:17:53,9,15:17:53,15:18:03,10,AGENT,15:18:01,15:19:35,94,VICKY
AA0203,48181,48820351,2,NE,990921,15:25:29,15:25:35,6,15:25:35,15:28:50,195,AGENT,15:28:49,15:30:22,93,BASCH
AA0203,48182,22259642,1,PS,990921,15:35:25,15:35:31,6,15:35:31,15:36:07,36,AGENT,15:36:06,15:37:04,58,ROTH
AA0203,48183,0,0,NW,990921,15:46:56,15:47:06,10,15:47:06,15:47:16,10,HANG,0:00:00,0:00:00,0,NO_SERVER
AA0203,48184,61870333,2,PS,990921,15:56:14,15:56:20,6,15:56:20,15:58:25,125,AGENT,15:58:25,16:00:23,118,TOVA
AA0203,48185,10473262,2,PS,990921,16:05:11,16:05:17,6,16:05:17,16:06:23,66,AGENT,16:06:21,16:08:08,107,GOLDIE
AA0203,48186,0,0,PS,990921,16:15:09,16:15:18,9,0:00:00,0:00:00,0,AGENT,16:15:18,16:15:50,32,VICKY
AA0203,48187,0,0,NE,990921,16:26:21,16:26:32,11,0:00:00,0:00:00,0,AGENT,16:26:31,16:30:26,235,VICKY
AA0203,48188,0,0,NW,990921,16:37:51,16:38:00,9,16:38:00,16:38:05,5,HANG,0:00:00,0:00:00,0,NO_SERVER
AA0203,48189,0,0,PS,990921,16:55:48,16:56:04,16,0:00:00,0:00:00,0,AGENT,16:56:04,16:57:29,85,YITZ
AA0203,48190,1057918,1,PS,990921,17:08:47,17:08:52,5,17:08:52,17:09:25,33,AGENT,17:09:24,17:11:07,103,DARMON
AA0203,48191,0,0,NW,990921,17:27:07,17:27:16,9,17:27:16,17:27:31,15,AGENT,17:27:31,17:28:13,42,GOLDIE
AA0203,48192,0,0,PS,990921,17:46:21,17:46:31,10,0:00:00,0:00:00,0,AGENT,17:46:30,17:50:30,240,YITZ
AA0203,48193,0,0,PS,990921,18:06:32,18:06:42,10,0:00:00,0:00:00,0,AGENT,18:06:41,18:08:27,106,TOVA
AA0203,48194,0,0,NW,990921,18:22:19,18:22:32,13,0:00:00,0:00:00,0,AGENT,18:22:31,18:24:07,96,STEREN
AA0203,48195,68001924,2,PS,990921,18:45:09,18:45:14,5,18:45:14,18:45:47,33,AGENT,18:45:47,18:46:50,63,STEREN
AA0203,48196,0,0,PS,990921,19:05:58,19:06:07,9,0:00:00,0:00:00,0,AGENT,19:06:06,19:08:44,158,VICKY
AA0203,48197,0,0,PS,990921,19:35:57,19:36:10,13,0:00:00,0:00:00,0,AGENT,19:36:10,19:39:27,197,TOVA
AA0203,48198,58704610,2,PS,990921,19:49:08,19:49:13,5,19:49:13,19:49:44,31,AGENT,19:49:43,19:51:16,93,BENSION
AA0203,48199,0,0,PS,990921,20:15:57,20:16:08,11,0:00:00,0:00:00,0,AGENT,20:16:07,20:16:50,43,YITZ
AA0203,48200,0,0,NE,990921,20:39:13,20:39:22,9,0:00:00,0:00:00,0,AGENT,20:39:22,20:42:56,214,STEREN
AA0203,48201,0,0,NE,990921,20:58:45,20:58:59,14,0:00:00,0:00:00,0,AGENT,20:58:58,21:00:48,110,ZOHARI
AA0203,48202,31791213,1,PS,990921,21:12:41,21:12:46,5,21:12:46,21:12:53,7,AGENT,21:12:52,21:13:52,60,YITZ
AA0203,48203,0,0,NE,990921,21:36:02,21:36:14,12,0:00:00,0:00:00,0,AGENT,21:36:13,21:40:16,243,TOVA
AA0203,48204,57056244,2,NE,990921,21:53:44,21:53:50,6,21:53:50,21:54:33,43,AGENT,21:54:32,21:58:36,244,GILI
AA0203,48205,59630624,1,NE,990921,22:19:54,22:20:00,6,22:20:00,22:20:05,5,AGENT,22:20:04,22:21:53,109,STEREN
AA0203,48206,0,0,PS,990921,22:47:04,22:47:14,10,0:00:00,0:00:00,0,AGENT,22:47:13,22:52:11,298,YITZ
AA0203,48207,0,0,PE,990921,23:07:57,23:08:07,10,0:00:00,0:00:00,0,AGENT,23:08:06,23:16:40,514,YITZ
AA0203,48208,3519998,2,PS,990921,23:38:59,23:39:04,5,23:39:04,23:40:21,77,AGENT,23:40:20,23:50:18,598,YITZ
AA0203,48209,0,0,NW,990922,6:27:12,6:27:35,23,0:00:00,0:00:00,0,HANG,0:00:00,0:00:00,0,NO_SERVER
AA0203,48210,53369492,1,PS,990922,7:24:00,7:24:05,5,7:24:05,7:24:11,6,AGENT,7:24:11,7:25:40,89,TOVA
AA0203,48211,56732811,2,PS,990922,7:44:22,7:44:27,5,7:44:27,7:45:35,68,AGENT,7:45:35,7:46:29,54,VICKY
AA0203,48212,0,0,NW,990922,8:06:01,8:06:14,13,0:00:00,0:00:00,0,AGENT,8:06:13,8:07:42,89,GOLDIE
AA0203,48213,0,0,PS,990922,8:22:54,8:23:03,9,0:00:00,0:00:00,0,AGENT,8:23:02,8:25:28,146,KAZAV
AA0203,48214,0,0,PS,990922,8:37:35,8:37:44,9,0:00:00,0:00:00,0,AGENT,8:37:43,8:38:39,56,KAZAV
AA0203,48215,0,0,PS,990922,8:50:56,8:51:05,9,0:00:00,0:00:00,0,AGENT,8:51:04,8:57:22,378,ROTH
AA0203,48216,0,0,PS,990922,9:01:43,9:11:27,584,0:00:00,0:00:00,0,HANG,0:00:00,0:00:00,0,NO_SERVER
AA0203,48217,28756120,1,PS,990922,9:23:52,9:23:57,5,9:23:57,9:24:14,17,AGENT,9:24:13,9:27:29,196,ZOHARI
AA0203,48218,0,0,PS,990922,9:37:36,9:37:46,10,0:00:00,0:00:00,0,AGENT,9:37:45,9:48:19,634,AVNI
AA0203,48219,30442495,2,PS,990922,9:46:26,9:46:31,5,9:46:31,9:47:26,55,AGENT,9:47:25,9:57:42,617,VICKY
AA0203,48220,40661456,1,PS,990922,9:54:34,9:54:40,6,9:54:40,9:54:47,7,AGENT,9:54:47,9:58:34,227,KAZAV
AA0203,48221,0,0,NW,990922,10:04:48,10:05:01,13,0:00:00,0:00:00,0,AGENT,10:05:00,10:05:25,25,KAZAV
AA0203,48222,0,0,PS,990922,10:12:58,10:13:09,11,0:00:00,0:00:00,0,AGENT,10:13:08,10:18:37,329,GOLDIE
AA0203,48223,0,0,PS,990922,10:21:32,10:21:40,8,0:00:00,0:00:00,0,AGENT,10:21:39,10:38:10,991,ROTH
AA0203,48224,0,0,NE,990922,10:29:02,10:29:11,9,0:00:00,0:00:00,0,AGENT,10:29:11,10:31:18,127,KAZAV
AA0203,48225,703074,2,PS,990922,10:34:01,10:34:06,5,10:34:06,10:34:50,44,AGENT,10:34:49,10:36:49,120,VICKY
AA0203,48226,0,0,NW,990922,10:41:57,10:42:12,15,0:00:00,0:00:00,0,AGENT,10:42:10,10:43:37,87,GOLDIE
AA0203,48227,0,0,PS,990922,10:51:49,10:51:58,9,0:00:00,0:00:00,0,AGENT,10:51:57,10:54:11,134,TOVA
AA0203,48228,24806440,1,PS,990922,10:58:51,10:58:59,8,10:58:59,10:59:05,6,AGENT,10:59:04,11:00:02,58,AVNI
AA0203,48229,34994848,1,PS,990922,11:04:44,11:04:50,6,11:04:50,11:07:34,164,AGENT,11:07:33,11:08:41,68,STEREN
AA0203,48230,0,0,PS,990922,11:14:08,11:14:19,11,0:00:00,0:00:00,0,AGENT,11:14:17,11:16:39,142,TOVA
AA0203,48231,58704610,2,PS,990922,11:23:08,11:23:14,6,11:23:14,11:25:08,114,AGENT,11:25:07,11:26:28,81,KAZAV
AA0203,48232,64852437,2,PS,990922,11:32:37,11:32:43,6,11:32:43,11:33:16,33,HANG,0:00:00,0:00:00,0,NO_SERVER
AA0203,48233,0,0,NW,990922,11:42:30,11:42:39,9,11:42:39,11:47:11,272,AGENT,11:47:10,11:50:54,224,KAZAV
AA0203,48234,0,0,NW,990922,11:53:24,11:53:34,10,11:53:34,11:54:20,46,AGENT,11:54:19,11:59:42,323,AVNI
AA0203,48235,0,0,PS,990922,12:04:27,12:04:36,9,0:00:00,0:00:00,0,AGENT,12:04:35,12:07:48,193,GOLDIE
AA0203,48236,0,0,PS,990922,12:15:53,12:16:01,8,0:00:00,0:00:00,0,AGENT,12:16:01,12:17:46,105,ROTH
AA0203,48237,0,0,PS,990922,12:29:17,12:29:27,10,0:00:00,0:00:00,0,AGENT,12:29:26,12:34:08,282,GOLDIE
AA0203,48238,0,0,NE,990922,12:43:18,12:43:28,10,0:00:00,0:00:00,0,AGENT,12:43:27,12:48:05,278,ZOHARI
AA0203,48239,44276616,2,PS,990922,12:56:22,12:56:27,5,12:56:27,12:56:52,25,PHANTOM,12:56:52,12:56:56,4,NO_SERVER
AA0203,48240,52867744,2,PS,990922,13:10:39,13:10:45,6,13:10:45,13:11:01,16,AGENT,13:11:01,13:12:41,100,STEREN
AA0203,48241,0,0,PS,990922,13:24:25,13:24:34,9,0:00:00,0:00:00,0,AGENT,13:24:33,13:25:51,78,AVNI
AA0203,48242,0,0,PS,990922,13:40:12,13:40:22,10,0:00:00,0:00:00,0,AGENT,13:40:21,13:41:52,91,STEREN
AA0203,48243,0,0,PS,990922,13:54:52,13:55:02,10,0:00:00,0:00:00,0,AGENT,13:55:01,13:56:24,83,STEREN
AA0203,48244,0,0,PS,990922,14:11:10,14:11:24,14,0:00:00,0:00:00,0,AGENT,14:11:23,14:15:17,234,YITZ
AA0203,48245,0,0,NW,990922,14:21:39,14:21:52,13,0:00:00,0:00:00,0,AGENT,14:21:51,14:32:01,610,YIFAT
AA0203,48246,0,0,PS,990922,14:38:37,14:38:46,9,0:00:00,0:00:00,0,AGENT,14:38:45,14:39:48,63,DORIT
AA0203,48247,0,0,PS,990922,14:50:37,14:50:47,10,0:00:00,0:00:00,0,AGENT,14:50:46,14:51:47,61,AVNI
AA0203,48248,0,0,NE,990922,14:59:40,14:59:52,12,0:00:00,0:00:00,0,AGENT,14:59:50,15:06:59,429,ZOHARI
AA0203,48249,0,0,PS,990922,15:11:43,15:11:55,12,0:00:00,0:00:00,0,AGENT,15:11:54,15:17:15,321,ANAT
AA0203,48250,23793540,1,PS,990922,15:20:55,15:21:01,6,15:21:01,15:24:14,193,AGENT,15:24:13,15:25:22,69,ANAT
AA0203,48251,42672089,2,PS,990922,15:32:39,15:32:45,6,15:32:45,15:33:11,26,AGENT,15:33:11,15:33:18,7,STEREN
AA0203,48252,0,0,PS,990922,15:42:17,15:42:26,9,0:00:00,0:00:00,0,AGENT,15:42:25,15:44:23,118,STEREN
AA0203,48253,0,0,NE,990922,15:58:02,15:58:12,10,0:00:00,0:00:00,0,AGENT,15:58:12,16:04:51,399,ELI
AA0203,48254,0,0,PS,990922,16:14:36,16:14:52,16,0:00:00,0:00:00,0,AGENT,16:14:51,16:17:39,168,BENSION
AA0203,48255,0,0,PS,990922,16:24:29,16:24:38,9,0:00:00,0:00:00,0,AGENT,16:24:38,16:25:43,65,DORIT
AA0203,48256,0,0,PS,990922,16:38:20,16:38:30,10,0:00:00,0:00:00,0,AGENT,16:38:30,16:42:02,212,BENSION
AA0203,48257,0,0,NE,990922,16:52:11,16:52:20,9,0:00:00,0:00:00,0,AGENT,16:52:20,16:55:00,160,MORIAH
AA0203,48258,0,0,PS,990922,17:06:12,17:06:23,11,0:00:00,0:00:00,0,AGENT,17:06:22,17:09:06,164,DORIT
AA0203,48259,0,0,NW,990922,17:26:43,17:26:58,15,0:00:00,0:00:00,0,AGENT,17:26:58,17:27:28,30,YITZ
AA0203,48260,0,0,PS,990922,17:48:48,17:48:58,10,0:00:00,0:00:00,0,AGENT,17:48:57,17:50:29,92,BASCH
AA0203,48261,0,0,PS,990922,18:09:56,18:10:07,11,0:00:00,0:00:00,0,AGENT,18:10:05,18:10:34,29,BASCH
AA0203,48262,0,0,PS,990922,18:23:49,18:23:57,8,0:00:00,0:00:00,0,AGENT,18:23:57,18:25:51,114,BASCH
AA0203,48263,0,0,PS,990922,18:47:27,18:47:37,10,0:00:00,0:00:00,0,AGENT,18:47:37,18:52:01,264,BASCH
AA0203,48264,0,0,PS,990922,19:19:42,19:20:00,18,0:00:00,0:00:00,0,AGENT,19:19:59,19:23:01,182,BASCH
AA0203,48265,0,0,PS,990922,19:37:32,19:37:42,10,0:00:00,0:00:00,0,AGENT,19:37:41,19:41:40,239,SHARON
AA0203,48266,0,0,PS,990922,20:01:33,20:01:51,18,0:00:00,0:00:00,0,AGENT,20:01:50,20:05:19,209,BENSION
AA0203,48267,0,0,PS,990922,20:30:20,20:30:33,13,0:00:00,0:00:00,0,AGENT,20:30:32,20:32:01,89,AVI
AA0203,48268,0,0,NW,990922,21:00:43,21:01:00,17,0:00:00,0:00:00,0,AGENT,21:01:00,21:01:08,8,ANAT
AA0203,48269,0,0,PS,990922,21:21:29,21:21:42,13,0:00:00,0:00:00,0,AGENT,21:21:41,21:23:21,100,BENSION
AA0203,48270,0,0,PS,990922,21:51:47,21:51:56,9,0:00:00,0:00:00,0,AGENT,21:51:55,21:59:19,444,GILI
AA0203,48271,0,0,PS,990922,22:15:54,22:16:04,10,0:00:00,0:00:00,0,AGENT,22:16:03,22:17:00,57,BENSION
AA0203,48272,0,0,NW,990922,22:48:28,22:48:47,19,0:00:00,0:00:00,0,AGENT,22:48:46,22:49:40,54,AVI
AA0203,48273,0,0,PS,990922,23:24:53,23:25:12,19,0:00:00,0:00:00,0,AGENT,23:25:11,23:26:41,90,BENSION
AA0203,48274,0,0,PE,990923,4:40:40,4:40:49,9,0:00:00,0:00:00,0,HANG,0:00:00,0:00:00,0,NO_SERVER
AA0203,48275,0,0,PS,990923,7:23:58,7:24:09,11,0:00:00,0:00:00,0,AGENT,7:24:09,7:26:03,114,ANAT
AA0203,48276,0,0,PS,990923,7:50:26,7:50:36,10,0:00:00,0:00:00,0,AGENT,7:50:35,7:51:30,55,TOVA
AA0203,48277,1561125,2,PS,990923,8:09:10,8:09:15,5,8:09:15,8:09:28,13,AGENT,8:09:28,8:10:44,76,AVI
AA0203,48278,0,0,PS,990923,8:29:26,8:29:35,9,0:00:00,0:00:00,0,AGENT,8:29:34,8:29:38,4,NO_SERVER
AA0203,48279,0,0,PS,990923,8:42:04,8:42:15,11,0:00:00,0:00:00,0,AGENT,8:42:14,8:45:21,187,DORIT
AA0203,48280,0,0,PS,990923,8:56:19,8:56:28,9,0:00:00,0:00:00,0,AGENT,8:56:28,8:57:19,51,DORIT
AA0203,48281,0,0,PS,990923,9:06:38,9:06:58,20,0:00:00,0:00:00,0,AGENT,9:06:57,9:09:34,157,BASCH
AA0203,48282,57074585,2,PS,990923,9:17:13,9:17:18,5,9:17:18,9:18:41,83,AGENT,9:18:41,9:20:55,134,YIFAT
AA0203,48283,0,0,PS,990923,9:28:52,9:29:02,10,0:00:00,0:00:00,0,AGENT,9:29:01,9:29:52,51,ANAT
AA0203,48284,57253494,1,PS,990923,9:39:36,9:39:41,5,9:39:41,9:41:03,82,AGENT,9:41:02,9:41:04,2,TOVA
AA0203,48285,58894601,2,PS,990923,9:49:02,9:49:07,5,9:49:07,9:50:09,62,HANG,0:00:00,0:00:00,0,NO_SERVER
AA0203,48286,28064335,2,PS,990923,9:57:02,9:57:07,5,9:57:07,9:57:42,35,HANG,0:00:00,0:00:00,0,NO_SERVER
AA0203,48287,0,0,PS,990923,10:05:08,10:05:18,10,0:00:00,0:00:00,0,AGENT,10:05:16,10:06:53,97,AVI
AA0203,48288,308924133,2,PS,990923,10:12:09,10:12:14,5,10:12:14,10:12:25,11,HANG,0:00:00,0:00:00,0,NO_SERVER
AA0203,48289,5246863,1,PS,990923,10:18:54,10:19:00,6,10:19:00,10:19:09,9,HANG,0:00:00,0:00:00,0,NO_SERVER
AA0203,48290,316760891,1,PS,990923,10:25:14,10:25:19,5,10:25:19,10:26:30,71,AGENT,10:26:28,10:27:55,87,YIFAT
AA0203,48291,33227257,2,PS,990923,10:32:34,10:32:39,5,10:32:39,10:33:25,46,HANG,0:00:00,0:00:00,0,NO_SERVER
AA0203,48292,30663462,2,PS,990923,10:39:43,10:39:48,5,10:39:48,10:40:20,32,AGENT,10:40:19,10:43:20,181,ANAT
AA0203,48293,30442495,2,PS,990923,10:45:37,10:45:43,6,10:45:43,10:46:13,30,AGENT,10:46:12,10:59:43,811,DORIT
AA0203,48294,535419,2,PS,990923,10:53:59,10:54:05,6,10:54:05,10:54:23,18,AGENT,10:54:22,10:54:23,1,AVI
AA0203,48295,0,0,PS,990923,11:02:58,11:03:12,14,0:00:00,0:00:00,0,AGENT,11:03:12,11:04:47,95,AVI
AA0203,48296,29641727,2,PS,990923,11:10:31,11:10:37,6,11:10:37,11:11:15,38,AGENT,11:11:14,11:12:10,56,ANAT
AA0203,48297,68062744,2,PS,990923,11:22:58,11:23:04,6,11:23:04,11:25:19,135,AGENT,11:25:17,11:31:58,401,YIFAT
AA0203,48298,25440017,1,PS,990923,11:30:36,11:30:41,5,11:30:41,11:32:21,100,AGENT,11:32:19,11:33:22,63,YIFAT
AA0203,48299,0,0,PS,990923,11:43:09,11:43:23,14,0:00:00,0:00:00,0,AGENT,11:43:21,11:44:07,46,VICKY
AA0203,48300,0,0,NW,990923,11:52:21,11:52:33,12,0:00:00,0:00:00,0,AGENT,11:52:38,11:52:49,11,NO_SERVER
AA0203,48301,0,0,PS,990923,12:06:20,12:06:34,14,0:00:00,0:00:00,0,AGENT,12:06:33,12:06:53,20,AVI
AA0203,48302,0,0,PS,990923,12:16:04,12:16:12,8,0:00:00,0:00:00,0,AGENT,12:16:11,12:17:22,71,BASCH
AA0203,48303,0,0,PS,990923,12:26:36,12:26:50,14,0:00:00,0:00:00,0,AGENT,12:26:49,12:27:17,28,DORIT
AA0203,48304,0,0,PS,990923,12:43:52,12:44:07,15,0:00:00,0:00:00,0,AGENT,12:44:06,12:47:46,220,TOVA
AA0203,48305,400424,2,PS,990923,12:57:03,12:57:09,6,12:57:09,12:58:06,57,AGENT,12:58:05,13:00:58,173,TOVA
AA0203,48306,0,0,NE,990923,13:12:12,13:12:28,16,0:00:00,0:00:00,0,AGENT,13:12:27,13:12:53,26,BASCH
AA0203,48307,0,0,NE,990923,13:24:01,13:24:11,10,0:00:00,0:00:00,0,AGENT,13:24:11,13:28:57,286,ANAT
AA0203,48308,0,0,PS,990923,13:39:42,13:39:51,9,0:00:00,0:00:00,0,AGENT,13:39:50,13:42:31,161,YIFAT
AA0203,48309,0,0,PS,990923,13:52:29,13:52:42,13,0:00:00,0:00:00,0,AGENT,13:52:38,13:54:52,134,DORIT
AA0203,48310,24851511,2,PS,990923,14:00:23,14:00:28,5,14:00:28,14:02:22,114,AGENT,14:02:21,14:02:22,1,AVI
AA0203,48311,54142708,1,PS,990923,14:13:56,14:14:02,6,14:14:02,14:16:37,155,HANG,0:00:00,0:00:00,0,NO_SERVER
AA0203,48312,22263115,2,PS,990923,14:28:31,14:28:37,6,14:28:37,14:28:54,17,HANG,0:00:00,0:00:00,0,NO_SERVER
AA0203,48313,32426736,1,PS,990923,14:41:31,14:41:37,6,14:41:37,14:42:42,65,AGENT,14:42:42,14:46:42,240,DORIT
AA0203,48314,27432764,2,PS,990923,14:59:20,14:59:26,6,14:59:26,15:04:58,332,HANG,0:00:00,0:00:00,0,NO_SERVER
AA0203,48315,0,0,NW,990923,15:15:33,15:15:43,10,15:15:43,15:18:23,160,AGENT,15:18:23,15:21:12,169,PINHAS
AA0203,48316,0,0,PS,990923,15:32:07,15:32:18,11,0:00:00,0:00:00,0,AGENT,15:32:17,15:33:05,48,BASCH
AA0203,48317,0,0,PS,990923,15:47:05,15:47:13,8,0:00:00,0:00:00,0,AGENT,15:47:12,15:47:41,29,SHARON
AA0203,48318,30164461,2,PS,990923,16:05:14,16:05:19,5,16:05:19,16:06:01,42,AGENT,16:06:00,16:08:35,155,STEREN
AA0203,48319,0,0,NW,990923,16:20:06,16:20:15,9,16:20:15,16:20:36,21,AGENT,16:20:35,16:23:07,152,AVNI
AA0203,48320,0,0,PS,990923,16:34:50,16:34:59,9,0:00:00,0:00:00,0,AGENT,16:34:58,16:37:23,145,STEREN
AA0203,48321,24851511,2,PS,990923,16:57:53,16:57:59,6,16:57:59,16:58:15,16,AGENT,16:58:14,17:00:24,130,YITZ
AA0203,48322,57056244,2,NE,990923,17:15:17,17:15:22,5,17:15:22,17:15:57,35,AGENT,17:15:56,17:16:19,23,SHARON
AA0203,48323,0,0,PS,990923,17:41:02,17:41:12,10,0:00:00,0:00:00,0,AGENT,17:41:11,17:42:00,49,YITZ
AA0203,48324,0,0,PS,990923,18:08:29,18:08:39,10,0:00:00,0:00:00,0,AGENT,18:08:39,18:15:25,406,STEREN
AA0203,48325,0,0,NW,990923,18:32:10,18:32:25,15,0:00:00,0:00:00,0,AGENT,18:32:24,18:36:38,254,YITZ
AA0203,48326,0,0,PS,990923,18:54:02,18:54:11,9,0:00:00,0:00:00,0,AGENT,18:54:10,18:59:32,322,YITZ
AA0203,48327,0,0,PS,990923,19:25:20,19:25:30,10,0:00:00,0:00:00,0,AGENT,19:25:29,19:27:19,110,AVNI
AA0203,48328,0,0,PE,990923,19:50:01,19:50:08,7,0:00:00,0:00:00,0,AGENT,19:50:07,20:01:46,699,AVNI
AA0203,48329,0,0,PS,990923,20:12:36,20:12:45,9,0:00:00,0:00:00,0,AGENT,20:12:44,20:13:54,70,GILI
AA0203,48330,0,0,PS,990923,21:03:37,21:03:47,10,0:00:00,0:00:00,0,AGENT,21:03:46,21:08:29,283,ZOHARI
AA0203,48331,0,0,PS,990923,21:55:45,21:55:54,9,0:00:00,0:00:00,0,AGENT,21:55:54,21:57:49,115,ZOHARI
AA0203,48332,0,0,PS,990923,22:25:16,22:25:25,9,0:00:00,0:00:00,0,AGENT,22:25:25,22:26:40,75,SHARON
AA0203,48333,0,0,PS,990923,23:15:11,23:15:21,10,0:00:00,0:00:00,0,AGENT,23:15:20,23:18:11,171,AVNI
AA0203,48334,34544726,1,PS,990923,23:51:19,23:51:25,6,23:51:25,23:52:06,41,AGENT,23:52:05,23:53:50,105,YITZ
AA0203,48335,0,0,NW,990924,0:26:28,0:27:05,37,0:00:00,0:00:00,0,HANG,0:00:00,0:00:00,0,NO_SERVER
AA0203,48336,0,0,PS,990924,7:40:57,7:41:09,12,0:00:00,0:00:00,0,AGENT,7:41:08,7:44:52,224,SHARON
AA0203,48337,0,0,NW,990924,8:10:52,8:11:02,10,8:11:02,8:11:54,52,HANG,0:00:00,0:00:00,0,NO_SERVER
AA0203,48338,14355606,2,NE,990924,8:36:27,8:36:33,6,8:36:33,8:37:43,70,AGENT,8:37:42,8:40:03,141,SHARON
AA0203,48339,67810689,2,PS,990924,8:51:44,8:50:50,-54,8:50:50,8:52:20,90,AGENT,8:52:19,8:53:18,59,SHARON
AA0203,48340,0,0,NW,990924,9:16:51,9:17:00,9,9:17:00,9:17:51,51,AGENT,9:17:49,9:17:58,9,SHARON
AA0203,48341,28622421,1,PS,990924,9:39:59,9:40:05,6,9:40:05,9:41:05,60,AGENT,9:41:04,9:42:03,59,SHARON
AA0203,48342,69020915,2,PS,990924,9:54:30,9:54:35,5,9:54:35,9:54:51,16,HANG,0:00:00,0:00:00,0,NO_SERVER
AA0203,48343,53318796,2,PS,990924,10:17:03,10:17:09,6,10:17:09,10:17:30,21,AGENT,10:17:29,10:18:17,48,DORIT
AA0203,48344,0,0,NW,990924,10:39:20,10:39:29,9,10:39:29,10:39:53,24,HANG,0:00:00,0:00:00,0,NO_SERVER
AA0203,48345,9828757,2,PS,990924,10:52:33,10:52:39,6,10:52:39,10:54:03,84,AGENT,10:54:02,10:56:07,125,SHARON
AA0203,48346,0,0,NW,990924,11:07:52,11:08:06,14,0:00:00,0:00:00,0,AGENT,11:08:05,11:08:26,21,DORIT
AA0203,48347,0,0,PS,990924,11:40:44,11:40:54,10,0:00:00,0:00:00,0,AGENT,11:40:53,11:45:09,256,DORIT
AA0203,48348,0,0,PS,990924,12:05:32,12:05:46,14,0:00:00,0:00:00,0,AGENT,12:05:45,12:07:11,86,SHARON
AA0203,48349,32000101,2,PS,990924,12:21:12,12:21:18,6,12:21:18,12:21:55,37,AGENT,12:21:54,12:25:23,209,ANAT
AA0203,48350,0,0,PS,990924,12:47:02,12:47:13,11,0:00:00,0:00:00,0,AGENT,12:47:12,12:50:38,206,BASCH
AA0203,48351,0,0,PS,990924,13:20:50,13:21:00,10,0:00:00,0:00:00,0,AGENT,13:21:00,13:22:28,88,SHARON
AA0203,48352,0,0,PS,990924,13:57:27,13:57:38,11,0:00:00,0:00:00,0,AGENT,13:57:37,13:59:30,113,DORIT
AA0203,48353,0,0,NW,990924,15:45:54,15:46:10,16,0:00:00,0:00:00,0,HANG,0:00:00,0:00:00,0,NO_SERVER
AA0203,48355,0,0,PS,990925,13:01:08,13:01:08,0,0:00:00,0:00:00,0,HANG,0:00:00,0:00:00,0,NO_SERVER
AA0203,48356,0,0,PS,990925,20:18:35,20:18:46,11,0:00:00,0:00:00,0,AGENT,20:18:46,20:20:36,110,NO_SERVER
AA0203,48357,0,0,PS,990925,20:46:05,20:46:21,16,0:00:00,0:00:00,0,AGENT,20:46:20,20:47:04,44,AVI
AA0203,48358,0,0,PS,990925,21:41:33,21:41:43,10,0:00:00,0:00:00,0,AGENT,21:41:42,21:43:32,110,AVNI
AA0203,48359,0,0,PS,990925,22:51:51,22:52:02,11,0:00:00,0:00:00,0,AGENT,22:52:00,22:54:16,136,BASCH
AA0203,48360,0,0,PS,990926,7:07:24,7:07:35,11,0:00:00,0:00:00,0,AGENT,7:07:34,7:08:33,59,BASCH
AA0203,48361,0,0,PS,990926,7:53:20,7:53:32,12,0:00:00,0:00:00,0,AGENT,7:53:31,7:55:11,100,ZOHARI
AA0203,48362,4654307,2,PS,990926,8:32:47,8:32:53,6,8:32:53,8:33:15,22,AGENT,8:33:14,8:34:38,84,BASCH
AA0203,48363,0,0,PS,990926,8:52:21,8:52:31,10,0:00:00,0:00:00,0,AGENT,8:52:31,8:59:52,441,AVNI
AA0203,48364,0,0,NW,990926,9:11:40,9:12:03,23,0:00:00,0:00:00,0,AGENT,9:12:01,9:13:26,85,YIFAT
AA0203,48365,0,0,PS,990926,9:27:22,9:27:32,10,0:00:00,0:00:00,0,AGENT,9:27:30,9:29:10,100,VICKY
AA0203,48366,0,0,PE,990926,9:38:28,9:38:41,13,0:00:00,0:00:00,0,AGENT,9:38:40,9:55:51,1031,DORIT
AA0203,48367,9614488,2,PS,990926,9:49:21,9:49:27,6,9:49:27,9:51:01,94,AGENT,9:51:00,9:54:18,198,ZOHARI
AA0203,48368,0,0,PS,990926,9:59:45,9:59:54,9,0:00:00,0:00:00,0,AGENT,9:59:53,10:01:27,94,DORIT
AA0203,48369,0,0,PS,990926,10:13:30,10:13:43,13,0:00:00,0:00:00,0,AGENT,10:13:38,10:14:18,40,NO_SERVER
AA0203,48370,54128681,2,PS,990926,10:26:42,10:26:47,5,10:26:47,10:28:02,75,AGENT,10:28:01,10:32:10,249,AVNI
AA0203,48371,0,0,NE,990926,10:44:47,10:44:59,12,0:00:00,0:00:00,0,AGENT,10:44:58,10:59:18,860,ELI
AA0203,48372,23577406,1,PS,990926,10:55:47,10:55:56,9,10:55:56,10:59:10,194,PHANTOM,10:55:55,10:59:13,198,NO_SERVER
AA0203,48373,56765985,2,PS,990926,11:05:38,11:05:44,6,11:05:44,11:06:56,72,AGENT,11:06:55,11:08:54,119,BASCH
AA0203,48374,51305340,1,PS,990926,11:16:45,11:16:51,6,11:16:51,11:17:37,46,AGENT,11:17:37,11:19:21,104,DORIT
AA0203,48375,0,0,PS,990926,11:27:02,11:27:12,10,0:00:00,0:00:00,0,AGENT,11:27:11,11:29:34,143,BASCH
AA0203,48376,302424502,1,PE,990926,11:40:27,11:40:32,5,11:40:32,11:40:43,11,AGENT,11:40:42,11:43:07,145,YIFAT
AA0203,48377,0,0,PS,990926,11:55:49,11:56:02,13,0:00:00,0:00:00,0,AGENT,11:56:02,11:57:39,97,BASCH
AA0203,48378,0,0,PS,990926,12:13:10,12:13:20,10,0:00:00,0:00:00,0,AGENT,12:13:19,12:15:55,156,ZOHARI
AA0203,48379,0,0,PS,990926,12:28:01,12:28:14,13,0:00:00,0:00:00,0,AGENT,12:28:13,12:29:06,53,BASCH
AA0203,48380,0,0,PS,990926,12:55:31,12:55:41,10,0:00:00,0:00:00,0,AGENT,12:55:41,12:56:48,67,YIFAT
AA0203,48381,0,0,PS,990926,13:16:33,13:16:44,11,0:00:00,0:00:00,0,AGENT,13:16:43,13:18:25,102,ZOHARI
AA0203,48382,58029430,1,PS,990926,13:27:32,13:27:38,6,13:27:38,13:28:42,64,AGENT,13:28:40,13:29:24,44,YIFAT
AA0203,48383,0,0,PS,990926,13:43:59,13:44:08,9,0:00:00,0:00:00,0,AGENT,13:44:07,13:50:14,367,AVNI
AA0203,48384,0,0,PS,990926,14:02:44,14:03:00,16,0:00:00,0:00:00,0,AGENT,14:02:59,14:07:27,268,ZOHARI
AA0203,48385,0,0,PS,990926,14:14:00,14:14:09,9,0:00:00,0:00:00,0,AGENT,14:14:09,14:17:19,190,AVNI
AA0203,48386,0,0,NE,990926,14:36:33,14:36:42,9,0:00:00,0:00:00,0,AGENT,14:36:41,14:37:58,77,YITZ
AA0203,48387,0,0,NW,990926,14:53:25,14:53:35,10,14:53:35,14:53:53,18,AGENT,14:53:52,14:55:12,80,AVNI
AA0203,48388,0,0,PS,990926,15:13:14,15:13:24,10,0:00:00,0:00:00,0,AGENT,15:13:23,15:16:43,200,YITZ
AA0203,48389,28568186,2,PS,990926,15:46:57,15:47:03,6,15:47:03,15:47:15,12,AGENT,15:47:13,15:50:31,198,AVNI
AA0203,48390,0,0,NW,990926,16:11:15,16:11:32,17,0:00:00,0:00:00,0,AGENT,16:11:31,16:12:04,33,BENSION
AA0203,48391,0,0,NW,990926,16:54:36,16:54:46,10,0:00:00,0:00:00,0,AGENT,16:54:45,16:55:14,29,SHARON
AA0203,48392,0,0,NE,990926,17:29:21,17:29:30,9,0:00:00,0:00:00,0,AGENT,17:29:29,17:31:24,115,SHARON
AA0203,48393,0,0,PS,990926,18:08:50,18:09:00,10,0:00:00,0:00:00,0,AGENT,18:08:59,18:10:21,82,MORIAH
AA0203,48394,0,0,PS,990926,18:40:33,18:40:42,9,0:00:00,0:00:00,0,AGENT,18:40:41,18:40:48,7,MORIAH
AA0203,48395,0,0,NW,990926,19:19:39,19:19:57,18,0:00:00,0:00:00,0,AGENT,19:19:56,19:20:41,45,BENSION
AA0203,48396,0,0,PS,990926,20:06:41,20:06:51,10,0:00:00,0:00:00,0,AGENT,20:06:50,20:08:08,78,TOVA
AA0203,48397,0,0,PS,990926,21:00:26,21:00:38,12,0:00:00,0:00:00,0,AGENT,21:00:37,21:06:26,349,MORIAH
AA0203,48398,0,0,PS,990926,22:04:17,22:04:30,13,0:00:00,0:00:00,0,AGENT,22:04:29,22:06:18,109,BENSION
AA0203,48399,0,0,PS,990926,23:40:31,23:40:49,18,0:00:00,0:00:00,0,AGENT,23:40:48,23:42:48,120,BENSION
AA0203,48400,0,0,PS,990927,7:35:44,7:35:54,10,0:00:00,0:00:00,0,AGENT,7:35:53,7:38:00,127,TOVA
AA0203,48401,0,0,PS,990927,8:16:44,8:16:54,10,0:00:00,0:00:00,0,AGENT,8:16:53,8:18:21,88,YITZ
AA0203,48402,0,0,NW,990927,8:42:51,8:43:09,18,0:00:00,0:00:00,0,AGENT,8:43:07,8:45:05,118,BENSION
AA0203,48403,0,0,PS,990927,8:56:56,8:57:04,8,0:00:00,0:00:00,0,AGENT,8:57:03,9:01:01,238,YITZ
AA0203,48404,57253494,1,PS,990927,9:11:15,9:11:20,5,9:11:20,9:11:57,37,AGENT,9:11:56,9:15:29,213,BASCH
AA0203,48405,0,0,NW,990927,9:31:11,9:31:20,9,9:31:20,9:32:53,93,HANG,9:31:41,9:34:29,168,NO_SERVER
AA0203,48406,69687275,2,NE,990927,9:42:52,9:42:57,5,9:42:57,9:47:38,281,AGENT,9:47:38,9:51:55,257,TOVA
AA0203,48407,0,0,NW,990927,9:55:17,9:55:30,13,0:00:00,0:00:00,0,HANG,0:00:00,0:00:00,0,NO_SERVER
AA0203,48408,57831356,2,NE,990927,10:05:49,10:05:55,6,10:05:55,10:07:12,77,AGENT,10:07:12,10:07:30,18,BASCH
AA0203,48409,29641727,2,PS,990927,10:18:35,10:18:41,6,10:18:41,10:19:01,20,AGENT,10:19:00,10:19:39,39,BASCH
AA0203,48410,0,0,PS,990927,10:34:30,10:34:39,9,0:00:00,0:00:00,0,AGENT,10:34:38,10:34:55,17,BASCH
AA0203,48411,50323468,2,PS,990927,10:45:00,10:45:06,6,10:45:06,10:47:56,170,AGENT,10:47:55,10:49:54,119,YITZ
AA0203,48412,23895501,2,PS,990927,10:58:34,10:58:39,5,10:58:39,10:59:16,37,AGENT,10:59:15,11:02:31,196,ZOHARI
AA0203,48413,0,0,NW,990927,11:07:36,11:07:46,10,11:07:46,11:17:29,583,AGENT,11:17:28,11:24:31,423,PINHAS
AA0203,48414,5850011,2,PS,990927,11:34:44,11:34:49,5,11:34:49,11:36:48,119,AGENT,11:36:47,11:38:07,80,BASCH
AA0203,48415,0,0,NW,990927,11:46:14,11:46:23,9,11:46:23,11:47:23,60,HANG,0:00:00,0:00:00,0,NO_SERVER
AA0203,48416,0,0,PS,990927,11:58:16,11:58:28,12,0:00:00,0:00:00,0,AGENT,11:58:27,12:00:45,138,PINHAS
AA0203,48417,0,0,PS,990927,12:15:54,12:16:03,9,0:00:00,0:00:00,0,AGENT,12:16:02,12:17:51,109,YITZ
AA0203,48418,0,0,NW,990927,12:32:02,12:32:12,10,12:32:12,12:34:03,111,HANG,0:00:00,0:00:00,0,NO_SERVER
AA0203,48419,0,0,PS,990927,12:49:03,12:49:17,14,0:00:00,0:00:00,0,AGENT,12:49:16,12:51:17,121,BENSION
AA0203,48420,0,0,PS,990927,12:58:35,12:58:49,14,0:00:00,0:00:00,0,AGENT,12:58:43,13:00:34,111,NO_SERVER
AA0203,48421,0,0,NW,990927,13:14:32,13:14:41,9,13:14:41,13:15:28,47,AGENT,13:15:27,13:15:37,10,VICKY
AA0203,48422,0,0,PS,990927,13:34:20,13:34:33,13,0:00:00,0:00:00,0,AGENT,13:34:32,13:44:23,591,BENSION
AA0203,48423,0,0,PS,990927,13:45:35,13:45:46,11,0:00:00,0:00:00,0,AGENT,13:45:45,13:47:05,80,YITZ
AA0203,48424,314014135,2,PS,990927,14:00:41,14:00:47,6,14:00:47,14:01:18,31,AGENT,14:01:17,14:02:02,45,SHARON
AA0203,48425,33394115,1,PS,990927,14:15:26,14:15:31,5,14:15:31,14:17:35,124,AGENT,14:17:34,14:18:10,36,SHARON
AA0203,48426,49996945,2,PS,990927,14:31:12,14:31:18,6,14:31:18,14:31:39,21,HANG,0:00:00,0:00:00,0,NO_SERVER
AA0203,48427,0,0,NW,990927,14:47:22,14:47:40,18,0:00:00,0:00:00,0,AGENT,14:47:39,14:49:13,94,SHARON
AA0203,48428,0,0,NW,990927,15:09:39,15:09:43,4,0:00:00,0:00:00,0,HANG,0:00:00,0:00:00,0,NO_SERVER
AA0203,48429,0,0,PS,990927,15:43:24,15:43:42,18,0:00:00,0:00:00,0,AGENT,15:43:41,15:45:30,109,ANAT
AA0203,48430,0,0,PS,990927,16:24:29,16:24:38,9,0:00:00,0:00:00,0,AGENT,16:24:38,16:26:23,105,AVNI
AA0203,48431,22778559,1,PS,990927,16:37:31,16:37:36,5,16:37:36,16:39:02,86,AGENT,16:39:01,16:39:04,3,MORIAH
AA0203,48432,54613724,2,NE,990927,17:27:51,17:27:56,5,17:27:56,17:29:09,73,AGENT,17:29:08,17:30:02,54,AVNI
AA0203,48433,0,0,NE,990927,17:48:33,17:48:51,18,0:00:00,0:00:00,0,AGENT,17:48:49,17:49:53,64,SHARON
AA0203,48434,0,0,NW,990927,18:32:21,18:32:38,17,0:00:00,0:00:00,0,AGENT,18:32:37,18:34:11,94,SHARON
AA0203,48435,0,0,PS,990927,18:58:36,18:58:49,13,0:00:00,0:00:00,0,AGENT,18:58:48,19:00:16,88,GILI
AA0203,48436,0,0,PS,990927,19:44:52,19:45:00,8,0:00:00,0:00:00,0,AGENT,19:45:00,19:49:07,247,AVNI
AA0203,48437,0,0,NW,990927,20:23:13,20:23:26,13,0:00:00,0:00:00,0,AGENT,20:23:26,20:23:34,8,SHARON
AA0203,48438,0,0,PS,990927,21:24:18,21:24:27,9,0:00:00,0:00:00,0,AGENT,21:24:26,21:26:44,138,GILI
AA0203,48439,0,0,PS,990927,21:58:30,21:58:39,9,0:00:00,0:00:00,0,AGENT,21:58:38,22:09:50,672,AVNI
AA0203,48440,0,0,PS,990927,22:37:58,22:38:08,10,0:00:00,0:00:00,0,AGENT,22:38:07,22:39:59,112,AVNI
AA0203,48441,0,0,PS,990927,23:49:52,23:50:01,9,0:00:00,0:00:00,0,AGENT,23:50:00,23:50:29,29,SHARON
AA0203,48442,0,0,PS,990928,7:05:19,7:05:32,13,0:00:00,0:00:00,0,AGENT,7:05:32,7:13:33,481,ANAT
AA0203,48443,57211559,2,PS,990928,7:58:08,7:58:14,6,7:58:14,7:59:02,48,HANG,0:00:00,0:00:00,0,NO_SERVER
AA0203,48444,0,0,NW,990928,8:33:00,8:33:09,9,8:33:09,8:36:01,172,HANG,0:00:00,0:00:00,0,NO_SERVER
AA0203,48445,69687275,2,PS,990928,8:54:11,8:54:16,5,8:54:16,8:55:20,64,AGENT,8:55:19,8:58:18,179,ANAT
AA0203,48446,54210620,2,PS,990928,9:10:02,9:10:07,5,9:10:07,9:11:40,93,AGENT,9:11:39,9:12:46,67,ANAT
AA0203,48447,0,0,PS,990928,9:27:31,9:27:41,10,0:00:00,0:00:00,0,AGENT,9:27:39,9:30:50,191,YIFAT
AA0203,48448,63193346,2,PS,990928,9:39:40,9:39:46,6,9:39:46,9:41:07,81,AGENT,9:41:06,9:43:09,123,YIFAT
AA0203,48449,58118068,2,PS,990928,9:55:32,9:55:38,6,9:55:38,9:56:02,24,HANG,0:00:00,0:00:00,0,NO_SERVER
AA0203,48450,68458348,2,PS,990928,10:05:15,10:05:21,6,10:05:21,10:06:59,98,AGENT,10:06:58,10:09:51,173,AVNI
AA0203,48451,51549830,2,PS,990928,10:14:12,10:13:31,-41,10:13:31,10:15:03,92,HANG,0:00:00,0:00:00,0,NO_SERVER
AA0203,48452,0,0,NW,990928,10:20:18,10:20:27,9,10:20:27,10:29:13,526,HANG,0:00:00,0:00:00,0,NO_SERVER
AA0203,48453,65331878,2,PS,990928,10:36:52,10:36:58,6,10:36:58,10:38:02,64,AGENT,10:38:00,10:38:32,32,YIFAT
AA0203,48454,34067777,1,PS,990928,10:50:24,10:50:29,5,10:50:29,10:51:43,74,AGENT,10:51:42,10:52:24,42,YIFAT
AA0203,48455,25124181,2,NE,990928,11:00:16,11:00:22,6,11:00:22,11:01:12,50,AGENT,11:01:12,11:01:13,1,ANAT
AA0203,48456,0,0,NW,990928,11:13:50,11:14:03,13,0:00:00,0:00:00,0,AGENT,11:14:02,11:14:32,30,ANAT
AA0203,48457,63611537,2,PS,990928,11:22:50,11:22:56,6,11:22:56,11:24:11,75,AGENT,11:24:10,11:27:52,222,YIFAT
AA0203,48458,56497902,1,PS,990928,11:32:52,11:32:57,5,11:32:57,11:34:33,96,HANG,0:00:00,0:00:00,0,NO_SERVER
AA0203,48460,0,0,PS,990928,11:46:12,11:46:12,0,0:00:00,0:00:00,0,HANG,0:00:00,0:00:00,0,NO_SERVER
AA0203,48461,33474602,2,PS,990928,11:56:24,11:56:29,5,11:56:29,12:05:08,519,AGENT,12:05:07,12:05:09,2,ANAT
AA0203,48462,0,0,NW,990928,12:09:55,12:10:04,9,12:10:04,12:58:26,2902,HANG,0:00:00,0:00:00,0,NO_SERVER
AA0203,48463,25627027,2,PS,990928,13:08:40,13:08:46,6,13:08:46,13:09:51,65,AGENT,13:09:50,13:11:24,94,YIFAT
AA0203,48464,0,0,NW,990928,13:25:05,13:25:14,9,13:25:14,13:25:56,42,AGENT,13:25:55,13:28:20,145,VICKY
AA0203,48465,0,0,NW,990928,13:43:46,13:43:56,10,13:43:56,13:44:51,55,HANG,0:00:00,0:00:00,0,NO_SERVER
AA0203,48466,63730469,1,PS,990928,13:53:19,13:53:24,5,13:53:24,13:56:04,160,AGENT,13:56:03,13:57:01,58,YIFAT
AA0203,48467,37635950,2,PS,990928,14:08:02,14:08:08,6,14:08:08,14:08:27,19,HANG,0:00:00,0:00:00,0,NO_SERVER
AA0203,48468,50850429,2,PS,990928,14:17:12,14:17:18,6,14:17:18,14:18:12,54,AGENT,14:18:12,14:19:13,61,BASCH
AA0203,48469,0,0,PS,990928,14:32:09,14:32:18,9,0:00:00,0:00:00,0,AGENT,14:32:17,14:34:49,152,ZOHARI
AA0203,48470,55279970,2,NE,990928,14:52:33,14:52:39,6,14:52:39,14:53:34,55,AGENT,14:53:33,15:02:34,541,AVNI
AA0203,48471,0,0,PS,990928,15:18:32,15:18:44,12,0:00:00,0:00:00,0,AGENT,15:18:43,15:19:26,43,BASCH
AA0203,48472,0,0,PS,990928,15:58:37,15:58:48,11,0:00:00,0:00:00,0,AGENT,15:58:47,16:02:04,197,BASCH
AA0203,48473,0,0,PS,990928,16:26:36,16:26:46,10,0:00:00,0:00:00,0,AGENT,16:26:45,16:29:24,159,AVNI
AA0203,48474,0,0,PS,990928,16:54:30,16:54:38,8,0:00:00,0:00:00,0,AGENT,16:54:38,16:55:18,40,SHARON
AA0203,48475,0,0,PS,990928,17:21:01,17:21:11,10,0:00:00,0:00:00,0,AGENT,17:21:11,17:27:14,363,SHARON
AA0203,48476,0,0,PS,990928,17:45:24,17:45:36,12,0:00:00,0:00:00,0,AGENT,17:45:35,17:47:10,95,VICKY
AA0203,48477,0,0,PS,990928,18:05:04,18:05:13,9,0:00:00,0:00:00,0,AGENT,18:05:13,18:05:56,43,VICKY
AA0203,48478,0,0,PS,990928,18:36:56,18:37:05,9,0:00:00,0:00:00,0,AGENT,18:37:04,18:38:22,78,SHARON
AA0203,48479,0,0,PS,990928,19:36:13,19:36:24,11,0:00:00,0:00:00,0,AGENT,19:36:23,19:38:07,104,YITZ
AA0203,48480,33966326,1,PS,990928,20:26:03,20:26:08,5,20:26:08,20:26:43,35,AGENT,20:26:42,20:28:57,135,GILI
AA0203,48481,0,0,PS,990928,21:03:41,21:04:02,21,0:00:00,0:00:00,0,AGENT,21:04:01,21:12:06,485,DARMON
AA0203,48482,0,0,PS,990928,21:36:38,21:36:53,15,0:00:00,0:00:00,0,AGENT,21:36:52,21:37:39,47,SHARON
AA0203,48483,0,0,PS,990928,22:00:46,22:00:59,13,0:00:00,0:00:00,0,AGENT,22:00:58,22:01:58,60,DORIT
AA0203,48484,0,0,PS,990928,22:52:37,22:52:48,11,0:00:00,0:00:00,0,AGENT,22:52:48,22:58:41,353,DORIT
AA0203,48485,0,0,PS,990928,23:48:59,23:49:09,10,0:00:00,0:00:00,0,AGENT,23:49:08,23:53:50,282,DORIT
AA0203,48486,0,0,PS,990929,7:14:47,7:15:00,13,0:00:00,0:00:00,0,AGENT,7:14:59,7:16:56,117,ANAT
AA0203,48487,0,0,NW,990929,8:09:40,8:09:49,9,8:09:49,8:10:05,16,HANG,0:00:00,0:00:00,0,NO_SERVER
AA0203,48488,0,0,PS,990929,8:32:04,8:32:14,10,0:00:00,0:00:00,0,AGENT,8:32:12,8:33:06,54,DORIT
AA0203,48489,0,0,PS,990929,8:49:24,8:49:35,11,0:00:00,0:00:00,0,AGENT,8:49:34,8:50:46,72,SHARON
AA0203,48490,69632123,1,PS,990929,9:06:50,9:06:55,5,9:06:55,9:07:41,46,AGENT,9:07:40,9:16:03,503,SHARON
AA0203,48491,7318850,2,PS,990929,9:21:27,9:21:32,5,9:21:32,9:21:41,9,AGENT,9:21:41,9:24:07,146,ZOHARI
AA0203,48492,59056556,2,PS,990929,9:35:14,9:35:20,6,9:35:20,9:36:36,76,AGENT,9:36:35,9:37:48,73,SHARON
AA0203,48493,25236241,1,PS,990929,9:47:56,9:48:02,6,9:48:02,9:49:07,65,HANG,0:00:00,0:00:00,0,NO_SERVER
AA0203,48494,0,0,NW,990929,9:54:53,9:55:02,9,9:55:02,9:55:24,22,HANG,0:00:00,0:00:00,0,NO_SERVER
AA0203,48495,57918849,1,NE,990929,10:07:00,10:07:06,6,10:07:06,10:10:20,194,HANG,0:00:00,0:00:00,0,NO_SERVER
AA0203,48496,14264295,2,PS,990929,10:18:18,10:18:24,6,10:18:24,10:20:05,101,AGENT,10:20:04,10:21:50,106,SHARON
AA0203,48497,0,0,NW,990929,10:29:45,10:29:59,14,0:00:00,0:00:00,0,AGENT,10:29:58,10:31:17,79,SHARON
AA0203,48498,55089403,1,PS,990929,10:38:56,10:39:02,6,10:39:02,10:39:23,21,HANG,0:00:00,0:00:00,0,NO_SERVER
AA0203,48499,0,0,NE,990929,10:51:05,10:51:14,9,0:00:00,0:00:00,0,AGENT,10:51:13,10:52:10,57,AVNI
AA0203,48500,31893779,1,PS,990929,10:59:17,10:59:23,6,10:59:23,11:01:27,124,AGENT,11:01:26,11:01:40,14,SHARON
AA0203,48501,0,0,PS,990929,11:11:38,11:11:48,10,0:00:00,0:00:00,0,AGENT,11:11:47,11:13:23,96,SHARON
AA0203,48502,29586583,2,PS,990929,11:21:44,11:21:49,5,11:21:49,11:22:30,41,AGENT,11:22:30,11:24:40,130,SHARON
AA0203,48503,37517810,2,PS,990929,11:33:42,11:33:48,6,11:33:48,11:35:33,105,AGENT,11:35:33,11:36:33,60,ANAT
AA0203,48504,57831349,2,NE,990929,11:48:58,11:49:04,6,11:49:04,11:49:50,46,AGENT,11:49:49,11:51:40,111,AVNI
AA0203,48505,52631397,1,PS,990929,12:00:22,12:00:28,6,12:00:28,12:01:01,33,AGENT,12:00:59,12:01:55,56,YIFAT
AA0203,48506,24265456,2,PS,990929,12:08:52,12:08:57,5,12:08:57,12:10:28,91,AGENT,12:10:27,12:14:52,265,YIFAT
AA0203,48507,306530429,1,PS,990929,12:17:52,12:17:58,6,12:17:58,12:18:09,11,AGENT,12:18:09,12:21:30,201,DORIT
AA0203,48508,25214305,1,PS,990929,12:28:08,12:28:13,5,12:28:13,12:30:19,126,AGENT,12:30:17,12:37:23,426,SHARON
AA0203,48509,34978932,1,PS,990929,12:42:15,12:42:20,5,12:42:20,12:43:41,81,HANG,0:00:00,0:00:00,0,NO_SERVER
AA0203,48511,0,0,PS,990929,12:59:11,12:59:11,0,0:00:00,0:00:00,0,HANG,0:00:00,0:00:00,0,NO_SERVER
AA0203,48512,0,0,PS,990929,13:15:09,13:15:22,13,0:00:00,0:00:00,0,AGENT,13:15:21,13:16:11,50,ANAT
AA0203,48513,10473262,2,PS,990929,13:28:56,13:29:02,6,13:29:02,13:29:21,19,AGENT,13:29:20,13:30:59,99,YIFAT
AA0203,48514,33730805,2,PS,990929,13:44:21,13:44:27,6,13:44:27,13:44:39,12,AGENT,13:44:38,13:59:01,863,YIFAT
AA0203,48515,4438248,2,PS,990929,13:56:02,13:56:07,5,13:56:07,13:57:06,59,AGENT,13:57:04,13:59:31,147,BASCH
AA0203,48516,0,0,NE,990929,14:09:11,14:09:21,10,0:00:00,0:00:00,0,AGENT,14:09:20,14:13:21,241,ZOHARI
AA0203,48517,33965351,1,PS,990929,14:19:03,14:19:08,5,14:19:08,14:19:40,32,AGENT,14:19:39,14:20:33,54,DORIT
AA0203,48518,30442495,2,PS,990929,14:29:10,14:29:15,5,14:29:15,14:30:00,45,AGENT,14:29:59,14:30:02,3,YIFAT
AA0203,48519,31107923,1,PS,990929,14:48:26,14:48:31,5,14:48:31,14:49:46,75,AGENT,14:49:45,14:50:38,53,BASCH
AA0203,48520,23699390,2,NE,990929,15:24:37,15:24:43,6,15:24:43,15:26:12,89,AGENT,15:26:12,15:27:04,52,BASCH
AA0203,48521,0,0,NW,990929,15:51:26,15:51:35,9,15:51:35,15:53:37,122,AGENT,15:53:36,15:55:02,86,DORIT
AA0203,48522,57824856,2,PS,990929,16:21:32,16:21:37,5,16:21:37,16:21:48,11,AGENT,16:21:48,16:23:15,87,VICKY
AA0203,48523,0,0,PS,990929,16:49:27,16:49:36,9,0:00:00,0:00:00,0,AGENT,16:49:35,16:52:59,204,STEREN
AA0203,48524,0,0,PS,990929,17:31:51,17:32:00,9,0:00:00,0:00:00,0,AGENT,17:31:59,17:34:46,167,VICKY
AA0203,48525,10634848,1,NE,990929,17:56:35,17:56:41,6,17:56:41,17:57:19,38,AGENT,17:57:18,17:58:37,79,STEREN
AA0203,48526,0,0,PS,990929,18:27:40,18:27:51,11,0:00:00,0:00:00,0,AGENT,18:27:50,18:32:20,270,BASCH
AA0203,48527,0,0,NE,990929,18:51:34,18:51:44,10,0:00:00,0:00:00,0,AGENT,18:51:43,18:52:09,26,VICKY
AA0203,48528,0,0,NW,990929,19:18:01,19:18:19,18,0:00:00,0:00:00,0,AGENT,19:18:16,19:18:26,10,NO_SERVER
AA0203,48529,0,0,PS,990929,19:41:49,19:42:00,11,0:00:00,0:00:00,0,AGENT,19:41:59,19:46:02,243,VICKY
AA0203,48530,50959097,2,PS,990929,20:26:52,20:26:57,5,20:26:57,20:27:21,24,AGENT,20:27:20,20:31:10,230,MEIR
AA0203,48531,0,0,PS,990929,20:53:41,20:53:49,8,0:00:00,0:00:00,0,AGENT,20:53:49,20:55:37,108,STEREN
AA0203,48532,0,0,PS,990929,21:33:13,21:33:22,9,0:00:00,0:00:00,0,AGENT,21:33:21,21:35:15,114,STEREN
AA0203,48533,0,0,PS,990929,22:04:37,22:04:48,11,0:00:00,0:00:00,0,AGENT,22:04:48,22:05:38,50,GILI
AA0203,48534,23974439,2,PS,990929,22:48:46,22:48:52,6,22:48:52,22:50:37,105,AGENT,22:50:36,22:53:10,154,STEREN
AA0203,48535,0,0,NW,990929,23:47:02,23:47:16,14,0:00:00,0:00:00,0,AGENT,23:47:15,23:47:23,8,VICKY
AA0203,48536,0,0,PS,990930,6:40:52,6:41:04,12,0:00:00,0:00:00,0,HANG,0:00:00,0:00:00,0,NO_SERVER
AA0203,48537,0,0,PS,990930,7:45:40,7:45:50,10,0:00:00,0:00:00,0,AGENT,7:45:49,7:47:11,82,TOVA
AA0203,48538,0,0,PS,990930,8:23:00,8:23:13,13,0:00:00,0:00:00,0,AGENT,8:23:12,8:24:03,51,ANAT
AA0203,48539,52867744,2,PS,990930,8:46:57,8:47:02,5,8:47:02,8:48:27,85,AGENT,8:48:25,8:49:27,62,YIFAT
AA0203,48540,27748003,1,PS,990930,8:59:06,8:59:12,6,8:59:12,9:00:17,65,AGENT,9:00:17,9:03:59,222,ANAT
AA0203,48541,54973086,2,PS,990930,9:14:50,9:14:56,6,9:14:56,9:15:30,34,AGENT,9:15:29,9:19:27,238,SHARON
AA0203,48542,0,0,PS,990930,9:28:50,9:29:04,14,0:00:00,0:00:00,0,AGENT,9:29:03,9:30:58,115,ANAT
AA0203,48543,24927717,1,PS,990930,9:41:28,9:41:33,5,9:41:33,9:42:33,60,AGENT,9:42:33,9:44:12,99,ROTH
AA0203,48544,30442495,2,PS,990930,9:53:21,9:53:26,5,9:53:26,9:54:53,87,AGENT,9:54:52,9:54:56,4,YIFAT
AA0203,48545,54128681,2,PS,990930,9:58:35,9:58:41,6,9:58:41,10:00:22,101,AGENT,10:00:21,10:00:23,2,YIFAT
AA0203,48546,0,0,NE,990930,10:12:25,10:12:37,12,0:00:00,0:00:00,0,AGENT,10:12:36,10:25:45,789,ZOHARI
AA0203,48547,0,0,PS,990930,10:25:35,10:25:44,9,0:00:00,0:00:00,0,AGENT,10:25:44,10:26:31,47,YIFAT
AA0203,48548,16686354,2,NE,990930,10:40:43,10:40:49,6,10:40:49,10:42:21,92,AGENT,10:42:21,10:42:22,1,TOVA
AA0203,48549,69687275,2,PS,990930,10:53:41,10:53:47,6,10:53:47,10:54:42,55,AGENT,10:54:40,10:57:42,182,ROTH
AA0203,48550,0,0,NW,990930,11:03:54,11:04:03,9,11:04:03,11:05:22,79,HANG,0:00:00,0:00:00,0,NO_SERVER
AA0203,48551,1656123,2,PS,990930,11:13:20,11:13:25,5,11:13:25,11:17:29,244,AGENT,11:17:28,11:20:41,193,ZOHARI
AA0203,48552,12262838,1,PS,990930,11:21:07,11:21:13,6,11:21:13,11:25:14,241,AGENT,11:25:13,11:26:35,82,YIFAT
AA0203,48553,49992639,2,PS,990930,11:27:51,11:27:57,6,11:27:57,11:30:25,148,AGENT,11:30:24,11:35:13,289,YIFAT
AA0203,48554,0,0,NW,990930,11:38:52,11:39:02,10,11:39:02,11:50:46,704,AGENT,11:50:45,11:51:35,50,SHARON
AA0203,48555,34472258,2,PS,990930,11:57:30,11:57:36,6,11:57:36,11:58:35,59,AGENT,11:58:34,12:03:43,309,TOVA
AA0203,48556,24327207,2,PS,990930,12:05:52,12:05:58,6,12:05:58,12:08:21,143,AGENT,12:08:20,12:09:30,70,ROTH
AA0203,48557,11221934,2,PS,990930,12:17:39,12:17:45,6,12:17:45,12:17:58,13,AGENT,12:17:57,12:19:42,105,ROTH
AA0203,48558,0,0,NE,990930,12:31:23,12:31:32,9,0:00:00,0:00:00,0,AGENT,12:31:31,12:33:48,137,ROTH
AA0203,48559,0,0,PS,990930,12:53:45,12:53:55,10,0:00:00,0:00:00,0,AGENT,12:53:55,12:53:58,3,NO_SERVER
AA0203,48560,0,0,PS,990930,13:08:30,13:08:39,9,0:00:00,0:00:00,0,AGENT,13:08:39,13:09:17,38,SHARON
AA0203,48561,27008085,1,PS,990930,13:26:13,13:26:18,5,13:26:18,13:30:16,238,AGENT,13:30:15,13:33:41,206,ZOHARI
AA0203,48562,55279970,2,NE,990930,13:47:44,13:47:50,6,13:47:50,13:49:42,112,HANG,0:00:00,0:00:00,0,NO_SERVER
AA0203,48563,4312914,2,PS,990930,13:57:26,13:57:32,6,13:57:32,14:00:20,168,AGENT,14:00:18,14:01:08,50,SHARON
AA0203,48564,17299231,2,PS,990930,14:09:30,14:09:36,6,14:09:36,14:14:45,309,AGENT,14:14:43,14:15:54,71,ZOHARI
AA0203,48565,31507361,1,PS,990930,14:24:10,14:24:15,5,14:24:15,14:25:40,85,HANG,0:00:00,0:00:00,0,NO_SERVER
AA0203,48566,0,0,NW,990930,14:36:02,14:36:12,10,14:36:12,14:41:39,327,AGENT,14:41:38,14:42:21,43,SHARON
AA0203,48567,0,0,PS,990930,15:00:19,15:00:34,15,0:00:00,0:00:00,0,AGENT,15:00:34,15:08:37,483,SHARON
AA0203,48568,0,0,PS,990930,15:26:35,15:26:51,16,0:00:00,0:00:00,0,AGENT,15:26:50,15:29:42,172,SHARON
AA0203,48569,0,0,PS,990930,16:03:05,16:03:36,31,0:00:00,0:00:00,0,AGENT,16:03:35,16:03:58,23,VICKY
AA0203,48570,0,0,PS,990930,16:25:42,16:25:51,9,0:00:00,0:00:00,0,AGENT,16:25:50,16:28:02,132,AVNI
AA0203,48571,0,0,NE,990930,16:43:16,16:43:35,19,0:00:00,0:00:00,0,AGENT,16:43:34,16:44:28,54,AVNI
AA0203,48572,58508136,2,PS,990930,17:03:19,17:03:24,5,17:03:24,17:03:43,19,AGENT,17:03:42,17:17:07,805,YITZ
AA0203,48573,0,0,PS,990930,17:33:50,17:34:00,10,0:00:00,0:00:00,0,AGENT,17:33:59,17:34:22,23,YITZ
AA0203,48574,0,0,NW,990930,18:24:02,18:24:17,15,0:00:00,0:00:00,0,AGENT,18:24:16,18:24:37,21,YITZ
AA0203,48575,0,0,NW,990930,18:50:02,18:50:16,14,0:00:00,0:00:00,0,AGENT,18:50:15,18:50:54,39,YITZ
AA0203,48576,0,0,PS,990930,19:47:03,19:47:12,9,0:00:00,0:00:00,0,AGENT,19:47:12,19:48:15,63,AVNI
AA0203,48577,38378667,1,PS,990930,20:14:39,20:14:46,7,20:14:46,20:15:34,48,AGENT,20:15:33,20:17:29,116,VICKY
AA0203,48578,0,0,PS,990930,20:55:11,20:55:21,10,0:00:00,0:00:00,0,AGENT,20:55:20,20:56:12,52,MEIR
AA0203,48579,0,0,PS,990930,21:31:09,21:31:21,12,0:00:00,0:00:00,0,AGENT,21:31:20,21:32:35,75,MEIR
AA0203,48580,0,0,NE,990930,22:28:59,22:29:08,9,0:00:00,0:00:00,0,AGENT,22:29:07,22:34:01,294,VICKY
AA0203,48581,0,0,PS,990930,23:35:15,23:35:26,11,0:00:00,0:00:00,0,AGENT,23:35:25,23:36:28,63,VICKY
AA0204,45648,0,0,NW,990901,6:15:50,6:16:12,22,0:00:00,0:00:00,0,HANG,0:00:00,0:00:00,0,NO_SERVER
AA0204,45649,0,0,PS,990901,7:25:09,7:25:20,11,0:00:00,0:00:00,0,AGENT,7:25:19,7:26:40,81,BASCH
AA0204,45650,0,0,PS,990901,7:52:04,7:52:15,11,0:00:00,0:00:00,0,AGENT,7:52:14,7:53:33,79,BASCH
AA0204,45651,0,0,PS,990901,8:08:58,8:09:11,13,0:00:00,0:00:00,0,AGENT,8:09:10,8:11:38,148,ROTH
AA0204,45652,0,0,PS,990901,8:27:42,8:27:57,15,0:00:00,0:00:00,0,AGENT,8:27:56,8:32:38,282,NAAMA
AA0204,45653,0,0,PS,990901,8:38:46,8:38:56,10,0:00:00,0:00:00,0,AGENT,8:38:55,8:39:31,36,DORIT
AA0204,45654,0,0,PS,990901,8:52:33,8:52:49,16,0:00:00,0:00:00,0,AGENT,8:52:48,8:54:55,127,NAAMA
AA0204,45655,0,0,PS,990901,9:06:06,9:06:21,15,0:00:00,0:00:00,0,AGENT,9:06:20,9:06:53,33,BASCH
AA0204,45656,0,0,PS,990901,9:17:39,9:17:49,10,0:00:00,0:00:00,0,AGENT,9:17:48,9:19:03,75,STEREN
AA0204,45657,0,0,PS,990901,9:28:21,9:28:31,10,0:00:00,0:00:00,0,AGENT,9:28:31,9:30:52,141,BASCH
AA0204,45658,0,0,PS,990901,9:37:33,9:37:42,9,0:00:00,0:00:00,0,AGENT,9:37:41,9:38:50,69,ROTH
AA0204,45659,0,0,NW,990901,9:44:45,9:44:55,10,9:44:55,9:45:55,60,HANG,0:00:00,0:00:00,0,NO_SERVER
AA0204,45660,25219700,2,PS,990901,9:55:48,9:55:54,6,9:55:54,9:56:26,32,AGENT,9:56:26,9:57:02,36,SHARON
AA0204,45661,0,0,NE,990901,10:07:56,10:08:07,11,0:00:00,0:00:00,0,AGENT,10:08:06,10:11:04,178,ZOHARI
AA0204,45662,22314447,1,PS,990901,10:15:16,10:15:22,6,10:15:22,10:16:24,62,PHANTOM,10:16:23,10:16:27,4,NO_SERVER
AA0204,45663,0,0,NE,990901,10:25:54,10:26:05,11,0:00:00,0:00:00,0,AGENT,10:26:03,10:26:37,34,ELI
AA0204,45664,14264295,2,PS,990901,10:36:27,10:36:32,5,10:36:32,10:37:02,30,AGENT,10:37:02,10:39:11,129,NAAMA
AA0204,45665,0,0,NE,990901,10:47:49,10:48:00,11,0:00:00,0:00:00,0,AGENT,10:48:00,10:56:55,535,SHARON
AA0204,45666,0,0,PS,990901,11:01:11,11:01:21,10,0:00:00,0:00:00,0,AGENT,11:01:20,11:02:51,91,NAAMA
AA0204,45667,0,0,PS,990901,11:12:35,11:12:46,11,0:00:00,0:00:00,0,AGENT,11:12:44,11:18:36,352,STEREN
AA0204,45668,33151754,1,PS,990901,11:24:07,11:24:12,5,11:24:12,11:28:00,228,AGENT,11:27:59,11:29:27,88,SHARON
AA0204,45669,58289786,2,PS,990901,11:41:45,11:41:51,6,11:41:51,11:42:03,12,AGENT,11:42:02,11:44:09,127,STEREN
AA0204,45670,17916974,1,PS,990901,11:55:11,11:55:32,21,11:55:32,11:55:57,25,AGENT,11:55:57,11:56:42,45,STEREN
AA0204,45671,11776523,2,PS,990901,12:06:30,12:06:35,5,12:06:35,12:08:10,95,AGENT,12:08:09,12:09:54,105,NAAMA
AA0204,45672,0,0,PS,990901,12:19:57,12:20:07,10,0:00:00,0:00:00,0,AGENT,12:20:05,12:22:02,117,STEREN
AA0204,45673,0,0,PS,990901,12:34:45,12:34:54,9,0:00:00,0:00:00,0,AGENT,12:34:53,12:36:15,82,ROTH
AA0204,45674,0,0,PS,990901,12:49:28,12:49:38,10,0:00:00,0:00:00,0,AGENT,12:49:38,12:50:59,81,NAAMA
AA0204,45675,1910272,2,PS,990901,12:59:54,12:59:59,5,12:59:59,13:00:13,14,AGENT,13:00:13,13:00:35,22,SHARON
AA0204,45676,0,0,PS,990901,13:18:27,13:18:36,9,0:00:00,0:00:00,0,AGENT,13:18:36,13:20:57,141,AVNI
AA0204,45677,0,0,PS,990901,13:32:52,13:33:02,10,0:00:00,0:00:00,0,AGENT,13:33:01,13:34:53,112,STEREN
AA0204,45678,0,0,PS,990901,13:46:22,13:46:30,8,0:00:00,0:00:00,0,AGENT,13:46:29,13:49:20,171,DORIT
AA0204,45679,0,0,PS,990901,14:00:35,14:00:44,9,0:00:00,0:00:00,0,AGENT,14:00:43,14:00:46,3,MORIAH
AA0204,45680,0,0,PS,990901,14:09:08,14:09:17,9,0:00:00,0:00:00,0,AGENT,14:09:16,14:10:44,88,ROTH
AA0204,45681,0,0,PS,990901,14:24:52,14:25:06,14,0:00:00,0:00:00,0,AGENT,14:25:04,14:25:44,40,BENSION
AA0204,45682,0,0,NE,990901,14:35:26,14:35:35,9,0:00:00,0:00:00,0,AGENT,14:35:35,14:35:37,2,MORIAH
AA0204,45683,0,0,PS,990901,14:43:04,14:43:13,9,0:00:00,0:00:00,0,AGENT,14:43:12,14:51:27,495,ZOHARI
AA0204,45684,0,0,NW,990901,14:58:02,14:58:21,19,0:00:00,0:00:00,0,AGENT,14:58:21,14:58:54,33,BENSION
AA0204,45685,59197178,2,PS,990901,15:09:55,15:10:01,6,15:10:01,15:10:11,10,AGENT,15:10:11,15:12:11,120,SHARON
AA0204,45686,0,0,PS,990901,15:19:49,15:19:59,10,0:00:00,0:00:00,0,AGENT,15:19:58,15:20:04,6,NO_SERVER
AA0204,45687,58859752,2,PS,990901,15:29:59,15:30:04,5,15:30:04,15:30:55,51,AGENT,15:30:55,15:32:28,93,TOVA
AA0204,45688,0,0,PS,990901,15:40:31,15:40:42,11,0:00:00,0:00:00,0,AGENT,15:40:42,15:42:36,114,SHARON
AA0204,45689,28632164,2,PS,990901,15:50:27,15:50:33,6,15:50:33,15:51:16,43,AGENT,15:51:15,15:53:11,116,TOVA
AA0204,45690,0,0,PS,990901,16:07:12,16:07:22,10,0:00:00,0:00:00,0,AGENT,16:07:21,16:19:56,755,MORIAH
AA0204,45691,0,0,PS,990901,16:24:43,16:24:56,13,0:00:00,0:00:00,0,AGENT,16:24:55,16:24:58,3,MORIAH
AA0204,45692,0,0,NW,990901,16:46:26,16:46:44,18,0:00:00,0:00:00,0,AGENT,16:46:43,16:47:15,32,BENSION
AA0204,45693,50076116,2,PS,990901,16:55:25,16:55:30,5,16:55:30,16:55:42,12,AGENT,16:55:42,16:56:58,76,VICKY
AA0204,45694,65313108,2,PS,990901,17:09:12,17:09:18,6,17:09:18,17:10:55,97,AGENT,17:10:55,17:12:51,116,ANAT
AA0204,45695,0,0,PS,990901,17:31:30,17:31:42,12,0:00:00,0:00:00,0,AGENT,17:31:40,17:32:10,30,AVI
AA0204,45696,0,0,PS,990901,17:46:01,17:46:09,8,0:00:00,0:00:00,0,AGENT,17:46:08,17:46:11,3,MORIAH
AA0204,45697,0,0,PS,990901,18:03:57,18:04:10,13,0:00:00,0:00:00,0,AGENT,18:04:09,18:06:23,134,AVI
AA0204,45698,0,0,PS,990901,18:22:23,18:22:35,12,0:00:00,0:00:00,0,AGENT,18:22:33,18:24:32,119,DARMON
AA0204,45699,0,0,PS,990901,18:40:19,18:40:34,15,0:00:00,0:00:00,0,AGENT,18:40:33,18:43:43,190,AVI
AA0204,45700,0,0,PS,990901,19:02:31,19:02:40,9,0:00:00,0:00:00,0,AGENT,19:02:39,19:04:04,85,AVI
AA0204,45701,0,0,NW,990901,19:29:22,19:29:37,15,0:00:00,0:00:00,0,AGENT,19:29:35,19:30:34,59,VICKY
AA0204,45702,0,0,PS,990901,19:50:47,19:50:57,10,0:00:00,0:00:00,0,AGENT,19:50:56,19:52:01,65,TOVA
AA0204,45703,0,0,PS,990901,20:14:51,20:15:02,11,0:00:00,0:00:00,0,AGENT,20:15:02,20:17:09,127,TOVA
AA0204,45704,32383606,1,PS,990901,20:29:49,20:30:09,20,20:30:09,20:31:58,109,AGENT,20:30:02,20:34:47,285,TOVA
AA0204,45705,0,0,PS,990901,20:47:23,20:47:42,19,0:00:00,0:00:00,0,AGENT,20:47:40,20:49:25,105,AVI
AA0204,45707,0,0,PS,990901,20:59:40,20:59:40,0,0:00:00,0:00:00,0,HANG,0:00:00,0:00:00,0,NO_SERVER
AA0204,45708,0,0,PS,990901,21:16:15,21:16:26,11,0:00:00,0:00:00,0,AGENT,21:16:26,21:17:15,49,BENSION
AA0204,45709,0,0,PS,990901,21:38:22,21:38:30,8,0:00:00,0:00:00,0,AGENT,21:38:30,21:44:23,353,AVI
AA0204,45710,0,0,NW,990901,21:56:36,21:56:46,10,21:56:46,21:57:08,22,HANG,0:00:00,0:00:00,0,NO_SERVER
AA0204,45711,54128681,2,PS,990901,22:13:52,22:13:58,6,22:13:58,22:15:55,117,AGENT,22:15:54,22:16:54,60,AVI
AA0204,45712,0,0,PS,990901,22:34:56,22:35:07,11,0:00:00,0:00:00,0,AGENT,22:35:06,22:35:44,38,AVI
AA0204,45713,0,0,NW,990901,22:51:54,22:52:04,10,22:52:04,22:52:07,3,HANG,0:00:00,0:00:00,0,NO_SERVER
AA0204,45714,0,0,PS,990901,23:16:39,23:16:55,16,0:00:00,0:00:00,0,AGENT,23:16:54,23:21:49,295,AVI
AA0204,45715,52031556,2,PS,990901,23:35:26,23:35:32,6,23:35:32,23:35:41,9,AGENT,23:35:40,23:35:57,17,AVI
AA0204,45716,0,0,NW,990902,5:35:22,5:35:44,22,0:00:00,0:00:00,0,HANG,0:00:00,0:00:00,0,NO_SERVER
AA0204,45717,0,0,PS,990902,7:15:22,7:15:37,15,0:00:00,0:00:00,0,AGENT,7:15:37,7:16:36,59,ANAT
AA0204,45718,0,0,PS,990902,7:46:05,7:46:15,10,0:00:00,0:00:00,0,AGENT,7:46:14,7:48:15,121,MORIAH
AA0204,45719,0,0,PS,990902,8:11:58,8:12:08,10,0:00:00,0:00:00,0,AGENT,8:12:07,8:13:35,88,ZOHARI
AA0204,45720,0,0,PS,990902,8:28:08,8:28:16,8,0:00:00,0:00:00,0,AGENT,8:28:16,8:30:13,117,STEREN
AA0204,45721,27839299,2,PS,990902,8:39:36,8:39:41,5,8:39:41,8:41:51,130,AGENT,8:41:50,8:42:24,34,TOVA
AA0204,45722,9721275,2,PS,990902,8:48:10,8:48:16,6,8:48:16,8:50:21,125,AGENT,8:50:21,9:02:57,756,MORIAH
AA0204,45723,58704610,2,PS,990902,8:57:10,8:57:15,5,8:57:15,8:58:58,103,AGENT,8:58:57,9:00:09,72,TOVA
AA0204,45724,0,0,NW,990902,9:07:03,9:07:12,9,9:07:12,9:11:31,259,AGENT,9:11:29,9:13:16,107,ROTH
AA0204,45725,563189,2,NE,990902,9:24:13,9:24:19,6,9:24:19,9:25:27,68,AGENT,9:25:27,9:28:37,190,ELI
AA0204,45726,25219700,2,PS,990902,9:35:33,9:35:39,6,9:35:39,9:36:34,55,AGENT,9:36:33,9:37:23,50,ANAT
AA0204,45727,53186953,2,PS,990902,9:44:13,9:44:19,6,9:44:19,9:45:08,49,AGENT,9:45:07,9:45:48,41,TOVA
AA0204,45728,53235453,1,PS,990902,9:53:58,9:54:03,5,9:54:03,9:55:36,93,PHANTOM,9:55:34,9:55:40,6,NO_SERVER
AA0204,45729,0,0,NE,990902,10:03:23,10:03:33,10,0:00:00,0:00:00,0,AGENT,10:03:31,10:07:36,245,ZOHARI
AA0204,45730,56612203,1,PS,990902,10:11:54,10:12:00,6,10:12:00,10:13:07,67,HANG,0:00:00,0:00:00,0,NO_SERVER
AA0204,45731,25173972,1,PS,990902,10:18:45,10:18:51,6,10:18:51,10:22:48,237,PHANTOM,10:22:47,10:22:52,5,NO_SERVER
AA0204,45732,25434457,2,PS,990902,10:26:41,10:26:47,6,10:26:47,10:28:08,81,HANG,0:00:00,0:00:00,0,NO_SERVER
AA0204,45733,0,0,NW,990903,8:12:30,8:12:40,10,8:12:40,8:15:52,192,HANG,8:15:54,8:16:01,7,NO_SERVER
AA0204,45734,0,0,NW,990903,8:25:35,8:25:48,13,0:00:00,0:00:00,0,AGENT,8:25:47,8:26:45,58,ROTH
AA0204,45735,0,0,NW,990903,8:40:14,8:40:24,10,8:40:24,8:40:30,6,AGENT,8:40:29,8:41:19,50,MORIAH
AA0204,45736,0,0,NW,990903,8:49:55,8:50:04,9,8:50:04,8:53:48,224,AGENT,8:53:46,8:55:49,123,STEREN
AA0204,45737,32183824,1,PS,990903,9:00:57,9:01:03,6,9:01:03,9:01:12,9,AGENT,9:01:10,9:02:30,80,ROTH
AA0204,45738,0,0,PS,990903,9:13:47,9:13:58,11,0:00:00,0:00:00,0,AGENT,9:13:57,9:40:24,1587,ELI
AA0204,45739,69367787,2,PS,990903,9:24:32,9:24:37,5,9:24:37,9:25:56,79,AGENT,9:25:54,9:28:08,134,MORIAH
AA0204,45740,0,0,NW,990903,9:37:29,9:37:46,17,0:00:00,0:00:00,0,AGENT,9:37:45,9:38:50,65,ZOHARI
AA0204,45741,54134291,2,PS,990903,9:51:23,9:51:29,6,9:51:29,9:53:03,94,AGENT,9:53:02,9:53:59,57,BASCH
AA0204,45742,25703414,2,PS,990903,10:01:27,10:01:33,6,10:01:33,10:01:48,15,AGENT,10:01:46,10:04:44,178,BENSION
AA0204,45743,0,0,PS,990903,10:13:36,10:13:49,13,0:00:00,0:00:00,0,AGENT,10:13:48,10:15:19,91,BENSION
AA0204,45744,32296899,2,PS,990903,10:26:47,10:26:52,5,10:26:52,10:28:14,82,AGENT,10:28:13,10:29:37,84,ROTH
AA0204,45745,58232042,1,PS,990903,10:34:29,10:34:35,6,10:34:35,10:37:58,203,AGENT,10:37:57,10:43:39,342,ZOHARI
AA0204,45746,13645650,2,PS,990903,10:44:01,10:44:07,6,10:44:07,10:44:16,9,AGENT,10:44:16,10:48:14,238,ROTH
AA0204,45747,7915192,2,PS,990903,10:56:03,10:56:09,6,10:56:09,10:56:13,4,AGENT,10:56:12,11:00:03,231,ELI
AA0204,45748,0,0,PS,990903,11:13:13,11:13:22,9,0:00:00,0:00:00,0,AGENT,11:13:21,11:14:39,78,ZOHARI
AA0204,45749,0,0,PS,990903,11:25:54,11:26:03,9,0:00:00,0:00:00,0,AGENT,11:26:02,11:28:53,171,ROTH
AA0204,45750,0,0,PS,990903,11:38:37,11:38:53,16,0:00:00,0:00:00,0,AGENT,11:38:52,11:40:12,80,BENSION
AA0204,45751,0,0,PS,990903,12:01:19,12:01:37,18,0:00:00,0:00:00,0,AGENT,12:01:37,12:02:58,81,BENSION
AA0204,45752,0,0,PS,990903,12:13:36,12:13:50,14,0:00:00,0:00:00,0,AGENT,12:13:49,12:16:02,133,BASCH
AA0204,45753,0,0,NW,990903,12:27:50,12:28:00,10,12:28:00,12:28:59,59,HANG,0:00:00,0:00:00,0,NO_SERVER
AA0204,45754,0,0,NW,990903,12:47:13,12:47:29,16,0:00:00,0:00:00,0,AGENT,12:47:29,12:48:29,60,BENSION
AA0204,45755,22806764,2,PS,990903,12:59:08,12:59:14,6,12:59:14,13:00:13,59,AGENT,13:00:11,13:00:17,6,BASCH
AA0204,45756,58704610,2,PS,990903,13:24:49,13:25:11,22,13:25:11,13:25:17,6,AGENT,13:25:16,13:25:35,19,BENSION
AA0204,45757,0,0,PS,990903,13:57:12,13:57:22,10,0:00:00,0:00:00,0,AGENT,13:57:21,14:01:35,254,ROTH
AA0204,45758,0,0,NE,990903,14:31:28,14:31:37,9,0:00:00,0:00:00,0,HANG,0:00:00,0:00:00,0,NO_SERVER
AA0204,45759,0,0,NE,990903,15:08:22,15:08:37,15,0:00:00,0:00:00,0,HANG,0:00:00,0:00:00,0,NO_SERVER
AA0204,45760,0,0,PS,990903,16:28:53,16:29:06,13,0:00:00,0:00:00,0,HANG,0:00:00,0:00:00,0,NO_SERVER
AA0204,45761,0,0,NW,990903,19:00:18,19:00:56,38,0:00:00,0:00:00,0,HANG,0:00:00,0:00:00,0,NO_SERVER
AA0204,45762,0,0,NW,990904,17:02:57,17:03:11,14,0:00:00,0:00:00,0,HANG,0:00:00,0:00:00,0,NO_SERVER
AA0204,45763,0,0,NE,990904,19:45:59,19:46:30,31,0:00:00,0:00:00,0,HANG,0:00:00,0:00:00,0,NO_SERVER
AA0204,45764,28134708,2,PS,990904,20:09:49,20:09:54,5,20:09:54,20:10:20,26,AGENT,20:10:19,20:12:30,131,SHARON
AA0204,45765,50050558,2,PS,990904,20:24:17,20:24:23,6,20:24:23,20:24:53,30,AGENT,20:24:52,20:25:48,56,BASCH
AA0204,45767,0,0,PS,990904,20:38:02,20:38:02,0,0:00:00,0:00:00,0,HANG,0:00:00,0:00:00,0,NO_SERVER
AA0204,45768,26834044,2,NE,990904,20:53:27,20:53:33,6,20:53:33,20:54:01,28,AGENT,20:54:00,20:55:53,113,SHARON
AA0204,45769,0,0,PS,990904,21:18:36,21:18:46,10,0:00:00,0:00:00,0,AGENT,21:18:45,21:21:28,163,ZOHARI
AA0204,45770,0,0,PS,990904,21:50:20,21:50:34,14,0:00:00,0:00:00,0,AGENT,21:50:34,21:51:41,67,BASCH
AA0204,45771,0,0,NW,990904,22:24:34,22:24:49,15,0:00:00,0:00:00,0,AGENT,22:24:48,22:26:58,130,BASCH
AA0204,45772,30161251,2,PS,990904,22:48:57,22:49:19,22,22:49:19,22:49:26,7,AGENT,22:49:26,22:52:25,179,MORIAH
AA0204,45773,0,0,PS,990904,23:31:32,23:31:43,11,0:00:00,0:00:00,0,AGENT,23:31:42,23:32:26,44,SHARON
AA0204,45774,0,0,PS,990905,2:21:54,2:22:00,6,0:00:00,0:00:00,0,HANG,0:00:00,0:00:00,0,NO_SERVER
AA0204,45775,0,0,PS,990905,7:04:31,7:04:42,11,0:00:00,0:00:00,0,AGENT,7:04:41,7:12:15,454,ANAT
AA0204,45776,24173163,2,PS,990905,7:24:42,7:24:47,5,7:24:47,7:26:16,89,HANG,0:00:00,0:00:00,0,NO_SERVER
AA0204,45777,0,0,NW,990905,7:41:30,7:41:39,9,7:41:39,7:46:53,314,AGENT,7:46:52,7:50:24,212,AVI
AA0204,45778,0,0,NW,990905,8:12:00,8:12:13,13,0:00:00,0:00:00,0,AGENT,8:12:12,8:12:51,39,AVI
AA0204,45779,847012,2,PS,990905,8:21:35,8:21:41,6,8:21:41,8:21:49,8,AGENT,8:21:48,8:22:36,48,NAAMA
AA0204,45780,0,0,PS,990905,8:34:35,8:34:49,14,0:00:00,0:00:00,0,AGENT,8:34:47,8:35:30,43,ANAT
AA0204,45781,37640216,2,PS,990905,8:48:13,8:48:19,6,8:48:19,8:49:11,52,AGENT,8:49:11,8:52:14,183,ROTH
AA0204,45782,0,0,PS,990905,8:59:18,8:59:27,9,0:00:00,0:00:00,0,AGENT,8:59:26,9:01:56,150,STEREN
AA0204,45783,15239874,2,PS,990905,9:13:29,9:13:35,6,9:13:35,9:13:42,7,AGENT,9:13:41,9:14:53,72,ROTH
AA0204,45784,0,0,PS,990905,9:20:20,9:20:30,10,0:00:00,0:00:00,0,AGENT,9:20:29,9:20:36,7,ROTH
AA0204,45785,23684186,1,PS,990905,9:28:59,9:29:04,5,9:29:04,9:29:13,9,AGENT,9:29:12,9:29:54,42,ROTH
AA0204,45786,43288190,2,PS,990905,9:37:45,9:37:51,6,9:37:51,9:40:25,154,AGENT,9:40:24,9:42:11,107,DORIT
AA0204,45787,0,0,PS,990905,9:49:34,9:49:46,12,0:00:00,0:00:00,0,AGENT,9:49:44,9:50:27,43,ANAT
AA0204,45788,0,0,NW,990905,9:55:59,9:56:08,9,9:56:08,9:59:18,190,HANG,0:00:00,0:00:00,0,NO_SERVER
AA0204,45789,69687275,2,NE,990905,10:05:48,10:05:54,6,10:05:54,10:08:33,159,AGENT,10:08:32,10:11:01,149,AVI
AA0204,45790,56803489,1,PS,990905,10:15:13,10:15:18,5,10:15:18,10:17:42,144,AGENT,10:17:41,10:18:28,47,ANAT
AA0204,45791,56765985,2,PS,990905,10:25:10,10:25:16,6,10:25:16,10:25:29,13,AGENT,10:25:28,10:27:58,150,DORIT
AA0204,45792,77253037,2,PS,990905,10:31:09,10:31:14,5,10:31:14,10:33:09,115,AGENT,10:33:07,10:35:37,150,ANAT
AA0204,45793,28469658,2,PS,990905,10:37:52,10:37:58,6,10:37:58,10:43:14,316,AGENT,10:43:13,10:44:32,79,NAAMA
AA0204,45794,22190029,2,PS,990905,10:45:04,10:45:10,6,10:45:10,10:46:14,64,HANG,0:00:00,0:00:00,0,NO_SERVER
AA0204,45795,0,0,NW,990905,10:51:28,10:51:38,10,10:51:38,10:55:09,211,HANG,0:00:00,0:00:00,0,NO_SERVER
AA0204,45796,5897137,2,PS,990905,11:02:40,11:02:46,6,11:02:46,11:03:24,38,HANG,0:00:00,0:00:00,0,NO_SERVER
AA0204,45797,58114869,2,PS,990905,11:06:33,11:06:38,5,11:06:38,11:09:03,145,HANG,0:00:00,0:00:00,0,NO_SERVER
AA0204,45798,54539366,1,PS,990905,11:13:51,11:13:57,6,11:13:57,11:16:25,148,AGENT,11:16:25,11:17:45,80,ANAT
AA0204,45799,0,0,NW,990905,11:24:14,11:24:24,10,11:24:24,11:24:38,14,HANG,0:00:00,0:00:00,0,NO_SERVER
AA0204,45800,25177403,2,PS,990905,11:31:06,11:31:11,5,11:31:11,11:31:49,38,AGENT,11:31:48,11:33:18,90,NAAMA
AA0204,45801,76635051,2,PS,990905,11:39:27,11:39:33,6,11:39:33,11:40:36,63,AGENT,11:40:35,11:46:06,331,STEREN
AA0204,45802,0,0,PS,990905,11:49:51,11:50:02,11,0:00:00,0:00:00,0,AGENT,11:50:01,11:52:31,150,ZOHARI
AA0204,45803,0,0,PS,990905,11:59:10,11:59:27,17,0:00:00,0:00:00,0,AGENT,11:59:21,12:01:08,107,DORIT
AA0204,45804,28520088,2,PS,990905,12:06:34,12:06:39,5,12:06:39,12:06:55,16,AGENT,12:06:54,12:08:10,76,ROTH
AA0204,45805,22800312,2,PS,990905,12:12:33,12:12:38,5,12:12:38,12:13:03,25,AGENT,12:13:02,12:18:04,302,ANAT
AA0204,45806,0,0,PS,990905,12:26:52,12:27:05,13,0:00:00,0:00:00,0,AGENT,12:27:04,12:28:30,86,ANAT
AA0204,45807,32991440,2,PS,990905,12:35:48,12:35:54,6,12:35:54,12:36:07,13,AGENT,12:36:05,12:37:51,106,ROTH
AA0204,45808,314244260,2,PE,990905,12:46:33,12:46:38,5,12:46:38,12:51:21,283,AGENT,12:51:20,12:53:57,157,DORIT
AA0204,45809,33392036,1,PS,990905,13:03:05,13:03:11,6,13:03:11,13:05:11,120,AGENT,13:05:10,13:08:12,182,NAAMA
AA0204,45810,59845610,1,PS,990905,13:12:59,13:13:05,6,13:13:05,13:15:03,118,AGENT,13:15:02,13:21:48,406,ROTH
AA0204,45811,52031556,2,PS,990905,13:23:03,13:23:09,6,13:23:09,13:23:22,13,AGENT,13:23:22,13:28:37,315,TOVA
AA0204,45812,0,0,NW,990905,13:33:14,13:33:24,10,13:33:24,13:33:33,9,HANG,0:00:00,0:00:00,0,NO_SERVER
AA0204,45813,28074433,2,PS,990905,13:50:40,13:50:46,6,13:50:46,13:51:10,24,AGENT,13:51:09,13:52:21,72,ROTH
AA0204,45814,53186953,2,PS,990905,13:58:09,13:58:15,6,13:58:15,14:00:46,151,AGENT,14:00:46,14:03:58,192,TOVA
AA0204,45815,0,0,NE,990905,14:10:26,14:10:34,8,0:00:00,0:00:00,0,AGENT,14:10:33,14:24:00,807,MORIAH
AA0204,45816,51929339,2,PS,990905,14:19:51,14:19:57,6,14:19:57,14:20:49,52,AGENT,0:00:00,0:00:00,0,AVI
AA0204,45817,71520779,1,PS,990905,14:25:50,14:25:56,6,14:25:56,14:28:34,158,AGENT,14:28:33,14:59:37,1864,MORIAH
AA0204,45818,0,0,PS,990905,14:37:57,14:38:08,11,0:00:00,0:00:00,0,AGENT,14:38:08,14:40:29,141,DORIT
AA0204,45819,0,0,NW,990905,14:47:52,14:48:01,9,14:48:01,14:54:17,376,AGENT,14:54:16,14:55:54,98,STEREN
AA0204,45820,0,0,NW,990905,14:59:45,14:59:54,9,14:59:54,15:05:58,364,AGENT,15:05:57,15:06:47,50,BASCH
AA0204,45821,27013549,1,PS,990905,15:13:40,15:13:46,6,15:13:46,15:14:06,20,AGENT,15:14:05,15:21:48,463,ZOHARI
AA0204,45822,33474602,2,PS,990905,15:22:54,15:22:59,5,15:22:59,15:24:44,105,AGENT,15:24:43,15:37:29,766,BASCH
AA0204,45823,13000567,2,PS,990905,15:33:05,15:33:10,5,15:33:10,15:34:22,72,AGENT,15:34:20,15:35:07,47,STEREN
AA0204,45824,50347749,1,NE,990905,15:38:44,15:38:49,5,15:38:49,15:39:34,45,AGENT,15:39:34,15:48:02,508,ELI
AA0204,45825,67841486,2,PS,990905,15:45:06,15:45:11,5,15:45:11,15:47:44,153,HANG,0:00:00,0:00:00,0,NO_SERVER
AA0204,45826,74780917,2,NE,990905,15:52:55,15:53:01,6,15:53:01,15:56:07,186,AGENT,15:56:06,15:56:21,15,TOVA
AA0204,45827,306452020,1,PS,990905,15:58:59,15:59:05,6,15:59:05,16:05:35,390,AGENT,16:05:34,16:08:43,189,BASCH
AA0204,45828,55920755,2,PS,990905,16:10:36,16:10:42,6,16:10:42,16:13:01,139,AGENT,16:13:00,16:15:07,127,VICKY
AA0204,45829,22475586,1,PS,990905,16:16:56,16:17:01,5,16:17:01,16:18:39,98,HANG,0:00:00,0:00:00,0,NO_SERVER
AA0204,45830,10473262,2,PS,990905,16:25:28,16:25:33,5,16:25:33,16:26:25,52,AGENT,16:26:24,16:27:40,76,TOVA
AA0204,45831,57831356,2,NE,990905,16:32:17,16:32:23,6,16:32:23,16:34:37,134,AGENT,16:34:36,16:35:24,48,ZOHARI
AA0204,45832,50316827,1,NE,990905,16:44:11,16:44:16,5,16:44:16,16:44:41,25,AGENT,16:44:41,16:45:19,38,MORIAH
AA0204,45833,34512384,1,PS,990905,16:53:06,16:53:12,6,16:53:12,16:54:56,104,AGENT,16:54:55,16:56:46,111,MORIAH
AA0204,45834,0,0,PS,990905,17:03:15,17:03:33,18,0:00:00,0:00:00,0,AGENT,17:03:32,17:06:52,200,VICKY
AA0204,45835,0,0,NE,990905,17:17:50,17:17:58,8,0:00:00,0:00:00,0,AGENT,17:17:58,17:18:00,2,MORIAH
AA0204,45836,309642924,1,PS,990905,17:28:40,17:28:46,6,17:28:46,17:29:47,61,AGENT,17:29:46,17:32:17,151,VICKY
AA0204,45837,57211559,2,PS,990905,17:38:51,17:38:56,5,17:38:56,17:39:46,50,AGENT,17:39:45,17:39:49,4,MORIAH
AA0204,45838,221148802,2,PS,990905,17:49:22,17:49:27,5,17:49:27,17:49:37,10,AGENT,17:49:37,17:50:17,40,BASCH
AA0204,45839,29047396,1,PS,990905,18:08:17,18:08:23,6,18:08:23,18:09:06,43,AGENT,18:09:06,18:10:08,62,BASCH
AA0204,45840,0,0,PS,990905,18:37:06,18:37:18,12,0:00:00,0:00:00,0,AGENT,18:37:17,18:39:15,118,BASCH
AA0204,45841,23685076,2,PS,990905,18:54:37,18:54:43,6,18:54:43,18:54:48,5,AGENT,18:54:47,18:59:10,263,MORIAH
AA0204,45842,38305926,2,PS,990905,19:20:34,19:20:39,5,19:20:39,19:21:19,40,AGENT,19:21:19,19:22:02,43,BASCH
AA0204,45843,0,0,PS,990905,19:38:33,19:38:43,10,0:00:00,0:00:00,0,AGENT,19:38:42,19:43:51,309,TOVA
AA0204,45844,65881252,1,PS,990905,19:56:35,19:56:40,5,19:56:40,19:59:46,186,AGENT,19:59:45,20:01:42,117,VICKY
AA0204,45845,0,0,PS,990905,20:13:51,20:14:01,10,0:00:00,0:00:00,0,AGENT,20:14:00,20:15:49,109,VICKY
AA0204,45846,0,0,PS,990905,20:31:47,20:31:56,9,0:00:00,0:00:00,0,AGENT,20:31:56,20:34:47,171,MORIAH
AA0204,45847,0,0,NW,990905,21:03:48,21:04:07,19,0:00:00,0:00:00,0,AGENT,21:04:06,21:05:24,78,BENSION
AA0204,45848,0,0,NW,990905,21:37:02,21:37:15,13,0:00:00,0:00:00,0,AGENT,21:37:14,21:37:44,30,VICKY
AA0204,45849,58670654,1,PS,990905,21:48:53,21:48:58,5,21:48:58,21:50:57,119,AGENT,21:50:56,21:51:59,63,BASCH
AA0204,45850,27708783,2,PS,990905,22:03:43,22:03:49,6,22:03:49,22:05:59,130,AGENT,22:05:59,22:19:10,791,PINHAS
AA0204,45851,0,0,PS,990905,22:29:04,22:29:15,11,0:00:00,0:00:00,0,AGENT,22:29:14,22:35:01,347,BENSION
AA0204,45852,57379505,2,PS,990905,23:07:29,23:07:35,6,23:07:35,23:09:12,97,AGENT,23:09:11,23:11:03,112,VICKY
AA0204,45853,37554102,2,PS,990905,23:40:20,23:40:26,6,23:40:26,23:40:31,5,AGENT,23:40:31,23:41:59,88,VICKY
AA0204,45854,0,0,PS,990906,6:30:40,6:31:13,33,0:00:00,0:00:00,0,HANG,0:00:00,0:00:00,0,NO_SERVER
AA0204,45855,0,0,PS,990906,7:23:58,7:24:11,13,0:00:00,0:00:00,0,AGENT,7:24:10,7:26:24,134,MORIAH
AA0204,45856,0,0,PS,990906,7:46:28,7:46:38,10,0:00:00,0:00:00,0,AGENT,7:46:38,7:47:53,75,TOVA
AA0204,45857,0,0,PS,990906,7:59:32,7:59:41,9,0:00:00,0:00:00,0,AGENT,7:59:40,8:00:34,54,BASCH
AA0204,45858,0,0,PS,990906,8:16:21,8:16:32,11,0:00:00,0:00:00,0,AGENT,8:16:31,8:17:29,58,TOVA
AA0204,45859,0,0,NW,990906,8:32:56,8:33:05,9,0:00:00,0:00:00,0,AGENT,8:33:08,8:33:18,10,NO_SERVER
AA0204,45860,0,0,NW,990906,8:46:18,8:46:27,9,8:46:27,8:46:41,14,AGENT,8:46:40,8:48:00,80,MORIAH
AA0204,45861,0,0,PS,990906,8:58:07,8:58:15,8,0:00:00,0:00:00,0,AGENT,8:58:14,9:13:46,932,YITZ
AA0204,45862,27150382,1,PS,990906,9:06:37,9:06:43,6,9:06:43,9:08:03,80,AGENT,9:08:01,9:16:10,489,MORIAH
AA0204,45863,0,0,NW,990906,9:17:17,9:17:27,10,9:17:27,9:19:43,136,AGENT,9:19:42,9:20:48,66,ROTH
AA0204,45864,0,0,PS,990906,9:24:56,9:25:04,8,0:00:00,0:00:00,0,AGENT,9:25:04,9:27:07,123,TOVA
AA0204,45865,859231,1,NE,990906,9:33:12,9:33:18,6,9:33:18,9:33:57,39,AGENT,9:33:56,9:35:36,100,SHARON
AA0204,45866,0,0,NE,990906,9:43:42,9:43:51,9,0:00:00,0:00:00,0,AGENT,9:43:50,9:53:24,574,MORIAH
AA0204,45867,59586008,0,PS,990906,9:51:18,9:51:23,5,9:51:23,9:54:31,188,PHANTOM,9:54:30,9:54:33,3,NO_SERVER
AA0204,45868,59734061,2,PS,990906,10:02:17,10:02:23,6,10:02:23,10:03:13,50,AGENT,10:03:12,10:04:01,49,BASCH
AA0204,45869,57831356,2,NE,990906,10:08:29,10:08:34,5,10:08:34,10:08:48,14,HANG,0:00:00,0:00:00,0,NO_SERVER
AA0204,45870,42358408,2,PS,990906,10:13:32,10:13:38,6,10:13:38,10:15:36,118,AGENT,10:15:35,10:17:05,90,SHARON
AA0204,45871,58871369,1,PS,990906,10:20:46,10:20:52,6,10:20:52,10:23:42,170,AGENT,10:23:41,10:26:27,166,BASCH
AA0204,45872,0,0,PS,990906,10:31:07,10:31:19,12,0:00:00,0:00:00,0,AGENT,10:31:18,10:33:03,105,ZOHARI
AA0204,45873,33583436,1,PS,990906,10:39:03,10:39:08,5,10:39:08,10:39:18,10,AGENT,10:39:16,10:41:33,137,YIFAT
AA0204,45874,10473262,2,PS,990906,10:47:44,10:47:49,5,10:47:49,10:48:07,18,AGENT,10:48:06,10:48:08,2,MORIAH
AA0204,45875,0,0,PS,990906,10:56:22,10:56:39,17,0:00:00,0:00:00,0,AGENT,10:56:39,10:56:41,2,TOVA
AA0204,45876,34021733,1,PS,990906,11:06:54,11:07:00,6,11:07:00,11:07:33,33,AGENT,11:07:32,11:08:12,40,ROTH
AA0204,45877,50540236,1,PS,990906,11:17:45,11:17:51,6,11:17:51,11:19:52,121,AGENT,11:19:51,11:22:53,182,DORIT
AA0204,45878,0,0,PS,990906,11:33:13,11:33:25,12,0:00:00,0:00:00,0,AGENT,11:33:24,11:34:38,74,BASCH
AA0204,45879,57253494,1,PS,990906,11:40:47,11:40:53,6,11:40:53,11:41:22,29,AGENT,11:41:21,11:52:55,694,YIFAT
AA0204,45880,0,0,PS,990906,11:48:45,11:48:55,10,0:00:00,0:00:00,0,AGENT,11:48:54,11:48:59,5,NO_SERVER
AA0204,45881,0,0,NE,990906,12:00:43,12:00:56,13,0:00:00,0:00:00,0,AGENT,12:00:55,12:01:35,40,BASCH
AA0204,45882,0,0,NW,990906,12:07:10,12:07:20,10,12:07:20,12:09:56,156,AGENT,12:09:56,12:10:39,43,SHARON
AA0204,45883,0,0,PS,990906,12:25:00,12:25:09,9,0:00:00,0:00:00,0,AGENT,12:25:09,12:26:36,87,TOVA
AA0204,45884,0,0,PS,990906,12:36:08,12:36:17,9,0:00:00,0:00:00,0,AGENT,12:36:16,12:37:12,56,TOVA
AA0204,45885,6692800,2,PS,990906,12:52:32,12:52:37,5,12:52:37,12:52:43,6,AGENT,12:52:42,12:56:45,243,TOVA
AA0204,45886,51929339,2,PS,990906,13:05:43,13:05:48,5,13:05:48,13:06:36,48,AGENT,13:06:35,13:08:01,86,ROTH
AA0204,45887,0,0,PS,990906,13:18:05,13:18:13,8,0:00:00,0:00:00,0,AGENT,13:18:13,13:21:24,191,YIFAT
AA0204,45888,0,0,PS,990906,13:35:49,13:36:01,12,0:00:00,0:00:00,0,AGENT,13:36:00,13:36:54,54,ZOHARI
AA0204,45889,0,0,NW,990906,13:49:57,13:50:06,9,13:50:06,13:52:42,156,AGENT,13:52:40,13:53:12,32,SHARON
AA0204,45890,0,0,PS,990906,14:02:10,14:02:18,8,0:00:00,0:00:00,0,AGENT,14:02:18,14:03:51,93,MORIAH
AA0204,45891,0,0,PS,990906,14:15:50,14:15:59,9,0:00:00,0:00:00,0,AGENT,14:15:58,14:19:15,197,BASCH
AA0204,45892,314386806,1,PE,990906,14:28:34,14:28:38,4,14:28:38,14:29:55,77,HANG,0:00:00,0:00:00,0,NO_SERVER
AA0204,45893,0,0,PS,990906,14:40:35,14:40:51,16,0:00:00,0:00:00,0,AGENT,14:40:50,14:41:50,60,ANAT
AA0204,45894,0,0,NW,990906,14:49:13,14:49:28,15,0:00:00,0:00:00,0,AGENT,14:49:27,14:50:06,39,SHARON
AA0204,45895,32389629,2,PS,990906,15:01:04,15:01:09,5,15:01:09,15:01:23,14,HANG,0:00:00,0:00:00,0,NO_SERVER
AA0204,45896,0,0,NE,990906,15:13:46,15:13:57,11,0:00:00,0:00:00,0,AGENT,15:13:56,15:15:32,96,SHARON
AA0204,45897,0,0,NW,990906,15:26:43,15:26:52,9,15:26:52,15:27:18,26,AGENT,15:27:17,15:28:02,45,SHARON
AA0204,45898,563189,2,NE,990906,15:38:15,15:38:21,6,15:38:21,15:38:59,38,AGENT,15:38:58,15:42:39,221,ROTH
AA0204,45899,23554181,2,PS,990906,15:50:38,15:50:43,5,15:50:43,15:50:51,8,AGENT,15:50:50,15:51:35,45,SHARON
AA0204,45900,37698669,2,PS,990906,16:04:49,16:04:54,5,16:04:54,16:06:12,78,AGENT,16:06:11,16:12:05,354,VICKY
AA0204,45901,57831349,2,NE,990906,16:22:49,16:22:55,6,16:22:55,16:23:16,21,AGENT,16:23:15,16:24:08,53,ANAT
AA0204,45902,52031556,2,PS,990906,16:36:17,16:36:22,5,16:36:22,16:37:39,77,AGENT,16:37:38,16:39:53,135,VICKY
AA0204,45903,0,0,PS,990906,16:57:11,16:57:35,24,0:00:00,0:00:00,0,AGENT,16:57:24,16:59:08,104,VICKY
AA0204,45904,0,0,NW,990906,17:12:19,17:12:28,9,17:12:28,17:13:27,59,HANG,0:00:00,0:00:00,0,NO_SERVER
AA0204,45905,0,0,PS,990906,17:28:58,17:29:10,12,0:00:00,0:00:00,0,AGENT,17:29:09,17:31:28,139,VICKY
AA0204,45906,0,0,PS,990906,17:54:05,17:54:21,16,0:00:00,0:00:00,0,AGENT,17:54:21,17:54:23,2,ANAT
AA0204,45907,25648734,1,PS,990906,18:20:52,18:20:57,5,18:20:57,18:22:03,66,AGENT,18:22:02,18:24:43,161,MEIR
AA0204,45908,30442495,2,PS,990906,18:34:34,18:34:40,6,18:34:40,18:34:53,13,AGENT,18:34:52,18:42:59,487,STEREN
AA0204,45909,0,0,PS,990906,18:57:48,18:57:58,10,0:00:00,0:00:00,0,AGENT,18:57:57,19:02:14,257,MEIR
AA0204,45910,0,0,PS,990906,19:23:36,19:23:44,8,0:00:00,0:00:00,0,AGENT,19:23:43,19:27:10,207,STEREN
AA0204,45911,59814772,1,PS,990906,19:57:31,19:57:37,6,19:57:37,19:57:51,14,AGENT,19:57:50,20:03:06,316,STEREN
AA0204,45912,0,0,NW,990906,20:28:58,20:29:07,9,20:29:07,20:30:32,85,AGENT,20:30:32,20:32:13,101,VICKY
AA0204,45913,0,0,NW,990906,20:52:29,20:52:41,12,0:00:00,0:00:00,0,AGENT,20:52:40,20:52:58,18,VICKY
AA0204,45914,0,0,NW,990906,21:12:25,21:12:34,9,21:12:34,21:12:38,4,HANG,0:00:00,0:00:00,0,NO_SERVER
AA0204,45915,50731694,2,PS,990906,21:37:05,21:37:12,7,21:37:12,21:37:24,12,AGENT,21:37:23,21:38:28,65,MEIR
AA0204,45916,0,0,PS,990906,22:02:14,22:02:23,9,0:00:00,0:00:00,0,AGENT,22:02:22,22:05:59,217,STEREN
AA0204,45917,0,0,PS,990906,22:33:51,22:34:02,11,0:00:00,0:00:00,0,AGENT,22:34:02,22:35:41,99,VICKY
AA0204,45918,591180,2,PS,990906,23:17:49,23:17:55,6,23:17:55,23:18:07,12,AGENT,23:18:06,23:19:21,75,STEREN
AA0204,45920,0,0,PS,990907,0:21:24,0:21:24,0,0:00:00,0:00:00,0,HANG,0:00:00,0:00:00,0,NO_SERVER
AA0204,45921,0,0,PS,990907,7:30:22,7:30:31,9,0:00:00,0:00:00,0,AGENT,7:30:31,7:31:20,49,MORIAH
AA0204,45922,0,0,PS,990907,7:55:59,7:56:11,12,0:00:00,0:00:00,0,AGENT,7:56:10,7:58:28,138,MORIAH
AA0204,45923,58308636,2,PS,990907,8:22:45,8:22:50,5,8:22:50,8:23:15,25,AGENT,8:23:15,8:25:49,154,TOVA
AA0204,45924,0,0,PS,990907,8:38:46,8:38:58,12,0:00:00,0:00:00,0,AGENT,8:38:57,8:41:45,168,BASCH
AA0204,45925,23602717,1,PS,990907,8:51:01,8:51:07,6,8:51:07,8:51:36,29,AGENT,8:51:36,8:57:44,368,YIFAT
AA0204,45926,0,0,NW,990907,8:59:27,8:59:37,10,8:59:37,9:04:35,298,AGENT,9:04:33,9:05:28,55,AVI
AA0204,45927,0,0,PS,990907,9:18:26,9:18:35,9,0:00:00,0:00:00,0,AGENT,9:18:34,9:20:01,87,MORIAH
AA0204,45928,56765985,2,PS,990907,9:31:27,9:31:33,6,9:31:33,9:31:54,21,AGENT,9:31:53,9:33:59,126,YIFAT
AA0204,45929,0,0,PS,990907,9:43:37,9:43:48,11,0:00:00,0:00:00,0,AGENT,9:43:46,9:52:56,550,AVI
AA0204,45930,0,0,PS,990907,9:58:47,9:58:57,10,0:00:00,0:00:00,0,AGENT,9:58:55,9:59:51,56,ROTH
AA0204,45931,0,0,PS,990907,10:11:11,10:11:20,9,0:00:00,0:00:00,0,AGENT,10:11:19,10:13:49,150,AVI
AA0204,45932,58029620,2,PS,990907,10:21:35,10:21:41,6,10:21:41,10:21:43,2,HANG,0:00:00,0:00:00,0,NO_SERVER
AA0204,45933,0,0,NW,990907,10:29:12,10:29:21,9,10:29:21,10:29:33,12,HANG,0:00:00,0:00:00,0,NO_SERVER
AA0204,45934,25064148,1,PS,990907,10:43:19,10:43:25,6,10:43:25,10:45:45,140,AGENT,10:45:44,10:47:01,77,BASCH
AA0204,45935,58029430,1,PS,990907,10:55:14,10:55:19,5,10:55:19,10:55:35,16,AGENT,10:55:35,10:55:42,7,MORIAH
AA0204,45936,0,0,PS,990907,11:08:22,11:08:31,9,0:00:00,0:00:00,0,AGENT,11:08:30,11:11:02,152,MORIAH
AA0204,45937,0,0,NW,990907,11:18:24,11:18:33,9,11:18:33,11:23:35,302,AGENT,11:23:34,11:24:10,36,AVI
AA0204,45938,1426659,2,NE,990907,11:35:03,11:35:09,6,11:35:09,11:38:02,173,AGENT,11:38:01,11:41:04,183,TOVA
AA0204,45939,51929339,2,PS,990907,11:43:04,11:43:09,5,11:43:09,11:46:25,196,AGENT,11:46:25,11:48:50,145,BASCH
AA0204,45940,58688938,1,PS,990907,11:54:20,11:54:25,5,11:54:25,11:55:06,41,AGENT,11:55:05,11:57:23,138,ROTH
AA0204,45941,0,0,NE,990907,12:05:19,12:05:28,9,0:00:00,0:00:00,0,AGENT,12:05:27,12:11:36,369,ELI
AA0204,45942,28622421,1,PS,990907,12:19:17,12:19:22,5,12:19:22,12:21:53,151,AGENT,12:21:52,12:22:48,56,ROTH
AA0204,45943,17878737,2,PE,990907,12:31:54,12:31:58,4,12:31:58,12:32:19,21,AGENT,12:32:19,12:32:22,3,MORIAH
AA0204,45944,0,0,PS,990907,12:48:31,12:48:43,12,0:00:00,0:00:00,0,AGENT,12:48:42,12:48:53,11,TOVA
AA0204,45945,0,0,PS,990907,13:05:36,13:05:52,16,0:00:00,0:00:00,0,AGENT,13:05:51,13:06:21,30,VICKY
AA0204,45946,0,0,NW,990907,13:16:34,13:16:44,10,13:16:44,13:16:53,9,HANG,0:00:00,0:00:00,0,NO_SERVER
AA0204,45947,0,0,NW,990907,13:37:30,13:37:42,12,0:00:00,0:00:00,0,AGENT,13:37:42,13:38:07,25,ROTH
AA0204,45948,0,0,PS,990907,13:56:22,13:56:36,14,0:00:00,0:00:00,0,AGENT,13:56:35,13:56:58,23,AVI
AA0204,45949,0,0,PS,990907,14:08:57,14:09:06,9,0:00:00,0:00:00,0,AGENT,14:09:05,14:11:32,147,AVI
AA0204,45950,0,0,PS,990907,14:24:48,14:24:58,10,0:00:00,0:00:00,0,AGENT,14:24:57,14:27:22,145,VICKY
AA0204,45951,59630624,1,NE,990907,14:35:40,14:35:46,6,14:35:46,14:37:53,127,AGENT,14:37:52,14:37:53,1,AVI
AA0204,45952,24258477,1,PS,990907,14:46:11,14:46:17,6,14:46:17,14:50:37,260,AGENT,14:50:36,14:51:59,83,AVI
AA0204,45953,14755003,2,PS,990907,15:00:41,15:00:47,6,15:00:47,15:01:01,14,AGENT,15:01:00,15:08:34,454,STEREN
AA0204,45954,22077473,1,PS,990907,15:12:37,15:12:43,6,15:12:43,15:12:53,10,HANG,0:00:00,0:00:00,0,NO_SERVER
AA0204,45955,62333810,1,PS,990907,15:23:42,15:23:47,5,15:23:47,15:29:08,321,PHANTOM,15:29:07,15:29:33,26,NO_SERVER
AA0204,45956,0,0,NE,990907,15:36:33,15:36:48,15,0:00:00,0:00:00,0,AGENT,15:36:47,15:40:33,226,SHARON
AA0204,45957,0,0,NE,990907,15:48:48,15:49:01,13,0:00:00,0:00:00,0,AGENT,15:49:00,15:52:10,190,ZOHARI
AA0204,45958,0,0,PS,990907,16:02:33,16:02:42,9,0:00:00,0:00:00,0,AGENT,16:02:41,16:04:52,131,VICKY
AA0204,45959,0,0,NW,990907,16:12:22,16:12:36,14,0:00:00,0:00:00,0,AGENT,16:12:35,16:13:03,28,VICKY
AA0204,45960,9682923,2,PS,990907,16:25:48,16:26:09,21,16:26:09,16:26:57,48,AGENT,16:26:57,16:30:22,205,STEREN
AA0204,45961,0,0,PS,990907,16:39:31,16:39:42,11,0:00:00,0:00:00,0,AGENT,16:39:41,16:41:17,96,STEREN
AA0204,45962,0,0,NW,990907,16:49:01,16:49:10,9,16:49:10,16:51:58,168,AGENT,16:51:57,16:53:20,83,VICKY
AA0204,45963,0,0,PS,990907,17:02:32,17:02:40,8,0:00:00,0:00:00,0,AGENT,17:02:40,17:04:41,121,VICKY
AA0204,45964,0,0,NW,990907,17:16:10,17:16:20,10,17:16:20,17:16:52,32,AGENT,17:16:51,17:17:26,35,STEREN
AA0204,45965,0,0,PS,990907,17:28:40,17:28:56,16,0:00:00,0:00:00,0,AGENT,17:28:54,17:29:53,59,DARMON
AA0204,45966,0,0,PS,990907,17:42:23,17:42:36,13,0:00:00,0:00:00,0,AGENT,17:42:36,17:46:21,225,STEREN
AA0204,45967,0,0,NW,990907,17:56:10,17:56:26,16,0:00:00,0:00:00,0,AGENT,17:56:24,17:56:29,5,VICKY
AA0204,45968,0,0,PS,990907,18:09:09,18:09:24,15,0:00:00,0:00:00,0,AGENT,18:09:23,18:10:43,80,BENSION
AA0204,45969,0,0,NE,990907,18:30:32,18:30:44,12,0:00:00,0:00:00,0,AGENT,18:30:43,18:31:20,37,ZOHARI
AA0204,45970,0,0,NW,990907,19:05:45,19:06:01,16,0:00:00,0:00:00,0,AGENT,19:06:00,19:07:50,110,VICKY
AA0204,45971,0,0,NW,990907,19:22:50,19:23:03,13,0:00:00,0:00:00,0,AGENT,19:23:03,19:25:49,166,STEREN
AA0204,45972,4312914,2,PS,990907,19:49:41,19:49:46,5,19:49:46,19:51:43,117,AGENT,19:51:42,20:03:52,730,ZOHARI
AA0204,45973,0,0,PS,990907,20:20:46,20:20:56,10,0:00:00,0:00:00,0,AGENT,20:20:55,20:21:27,32,SHARON
AA0204,45974,0,0,PS,990907,20:41:32,20:41:41,9,0:00:00,0:00:00,0,AGENT,20:41:40,20:47:24,344,STEREN
AA0204,45975,28495828,1,PS,990907,20:59:06,20:59:11,5,20:59:11,21:01:31,140,AGENT,21:01:30,21:03:05,95,DORIT
AA0204,45976,0,0,NW,990907,21:20:47,21:20:59,12,0:00:00,0:00:00,0,AGENT,21:20:58,21:21:15,17,STEREN
AA0204,45977,0,0,PS,990907,21:46:57,21:47:06,9,0:00:00,0:00:00,0,AGENT,21:47:05,21:48:28,83,STEREN
AA0204,45978,0,0,PS,990907,22:12:53,22:13:06,13,0:00:00,0:00:00,0,AGENT,22:13:05,22:13:33,28,BENSION
AA0204,45979,51458594,2,PS,990907,22:35:50,22:35:56,6,22:35:56,22:36:29,33,AGENT,22:36:29,22:37:16,47,SHARON
AA0204,45980,0,0,PS,990907,22:55:21,22:55:34,13,0:00:00,0:00:00,0,AGENT,22:55:33,22:59:31,238,BENSION
AA0204,45981,0,0,NE,990907,23:38:34,23:38:44,10,0:00:00,0:00:00,0,AGENT,23:38:43,23:39:34,51,SHARON
AA0204,45982,0,0,PS,990908,6:12:04,6:12:16,12,0:00:00,0:00:00,0,HANG,0:00:00,0:00:00,0,NO_SERVER
AA0204,45983,0,0,PS,990908,7:16:23,7:16:33,10,0:00:00,0:00:00,0,AGENT,7:16:32,7:17:45,73,TOVA
AA0204,45984,0,0,NW,990908,7:54:06,7:54:21,15,0:00:00,0:00:00,0,AGENT,7:54:20,7:55:17,57,DORIT
AA0204,45985,0,0,NW,990908,8:14:25,8:14:35,10,8:14:35,8:14:53,18,AGENT,8:14:52,8:16:43,111,DORIT
AA0204,45986,0,0,PS,990908,8:32:33,8:32:44,11,0:00:00,0:00:00,0,AGENT,8:32:42,8:34:54,132,BASCH
AA0204,45987,0,0,PS,990908,8:45:26,8:45:34,8,0:00:00,0:00:00,0,AGENT,8:45:34,8:46:18,44,BASCH
AA0204,45988,301926515,2,PE,990908,8:54:12,8:54:16,4,8:54:16,8:55:27,71,AGENT,8:55:27,8:57:03,96,DORIT
AA0204,45989,551507,2,PS,990908,9:07:59,9:08:05,6,9:08:05,9:08:44,39,AGENT,9:08:43,9:11:39,176,SHARON
AA0204,45990,0,0,PS,990908,9:20:25,9:20:38,13,0:00:00,0:00:00,0,AGENT,9:20:37,9:25:47,310,YITZ
AA0204,45991,0,0,PS,990908,9:32:14,9:32:22,8,0:00:00,0:00:00,0,AGENT,9:32:21,9:32:56,35,DORIT
AA0204,45992,54188305,1,PS,990908,9:42:17,9:42:23,6,9:42:23,9:42:57,34,HANG,0:00:00,0:00:00,0,NO_SERVER
AA0204,45993,25412172,1,PS,990908,9:51:45,9:51:51,6,9:51:51,9:53:01,70,HANG,0:00:00,0:00:00,0,NO_SERVER
AA0204,45994,13803580,2,PS,990908,10:03:01,10:03:07,6,10:03:07,10:04:12,65,AGENT,10:04:11,10:22:29,1098,SHARON
AA0204,45995,32223752,1,PS,990908,10:09:13,10:09:19,6,10:09:19,10:13:02,223,AGENT,10:13:02,10:14:47,105,ROTH
AA0204,45996,53186953,2,PS,990908,10:19:18,10:19:24,6,10:19:24,10:21:18,114,AGENT,10:21:17,10:23:01,104,ROTH
AA0204,45997,0,0,PS,990908,10:34:23,10:34:33,10,0:00:00,0:00:00,0,AGENT,10:34:32,10:43:19,527,BASCH
AA0204,45998,0,0,PS,990908,10:45:38,10:45:51,13,0:00:00,0:00:00,0,AGENT,10:45:50,10:48:02,132,BASCH
AA0204,45999,0,0,NW,990908,11:03:53,11:04:05,12,0:00:00,0:00:00,0,AGENT,11:04:04,11:04:13,9,NO_SERVER
AA0204,46000,0,0,PS,990908,11:16:16,11:16:28,12,0:00:00,0:00:00,0,AGENT,11:16:27,11:17:51,84,BASCH
AA0204,46001,17299231,2,PS,990908,11:31:29,11:31:34,5,11:31:34,11:31:44,10,AGENT,11:31:43,11:32:01,18,SHARON
AA0204,46002,0,0,PS,990908,11:45:01,11:45:10,9,0:00:00,0:00:00,0,AGENT,11:45:09,11:56:00,651,BASCH
AA0204,46003,25697830,2,PS,990908,11:58:54,11:58:59,5,11:58:59,11:59:49,50,AGENT,11:59:48,12:12:55,787,SHARON
AA0204,46004,0,0,NW,990908,12:08:40,12:08:49,9,12:08:49,12:09:26,37,AGENT,12:09:25,12:16:46,441,ROTH
AA0204,46005,58029620,2,PS,990908,12:19:06,12:19:11,5,12:19:11,12:19:23,12,HANG,0:00:00,0:00:00,0,NO_SERVER
AA0204,46006,28981082,1,PS,990908,12:32:37,12:32:42,5,12:32:42,12:33:14,32,AGENT,12:33:13,12:33:58,45,STEREN
AA0204,46007,0,0,PS,990908,12:51:03,12:51:12,9,0:00:00,0:00:00,0,AGENT,12:51:11,12:58:28,437,STEREN
AA0204,46008,0,0,NE,990908,13:05:35,13:05:46,11,0:00:00,0:00:00,0,AGENT,13:05:45,13:09:52,247,KAZAV
AA0204,46009,995860,1,PS,990908,13:18:56,13:19:02,6,13:19:02,13:19:48,46,AGENT,13:19:47,13:26:23,396,BASCH
AA0204,46010,58068008,2,PS,990908,13:30:07,13:30:12,5,13:30:12,13:31:37,85,AGENT,13:31:36,13:31:46,10,STEREN
AA0204,46011,0,0,PS,990908,13:43:35,13:43:44,9,0:00:00,0:00:00,0,HANG,0:00:00,0:00:00,0,NO_SERVER
AA0204,46012,63193346,2,PS,990908,13:50:03,13:50:09,6,13:50:09,13:51:28,79,AGENT,13:51:27,13:52:38,71,KAZAV
AA0204,46013,54128681,2,PS,990908,14:01:53,14:01:58,5,14:01:58,14:03:46,108,AGENT,14:03:44,14:07:49,245,SHARON
AA0204,46014,0,0,PS,990908,14:16:23,14:16:33,10,0:00:00,0:00:00,0,AGENT,14:16:32,14:16:39,7,MORIAH
AA0204,46015,0,0,NW,990908,14:32:27,14:32:41,14,0:00:00,0:00:00,0,AGENT,14:32:40,14:37:13,273,MORIAH
AA0204,46016,0,0,NE,990908,14:42:58,14:43:49,51,0:00:00,0:00:00,0,AGENT,14:43:49,14:44:46,57,ELI
AA0204,46017,56765985,2,PS,990908,14:59:57,15:00:02,5,15:00:02,15:02:26,144,AGENT,15:02:26,15:02:34,8,SHARON
AA0204,46018,11283090,1,PS,990908,15:09:32,15:09:38,6,15:09:38,15:14:14,276,AGENT,15:14:13,15:17:21,188,ROTH
AA0204,46019,9682923,2,PS,990908,15:25:33,15:25:39,6,15:25:39,15:25:47,8,AGENT,15:25:46,15:36:21,635,ROTH
AA0204,46020,27786607,1,PS,990908,15:34:14,15:34:19,5,15:34:19,15:38:45,266,AGENT,15:38:44,15:40:19,95,ANAT
AA0204,46021,63730469,1,PS,990908,15:45:26,15:45:32,6,15:45:32,15:45:45,13,AGENT,15:45:43,15:46:04,21,KAZAV
AA0204,46022,29301769,1,PS,990908,15:53:03,15:53:08,5,15:53:08,15:55:39,151,AGENT,15:55:38,15:56:46,68,MORIAH
AA0204,46023,0,0,PS,990908,16:08:16,16:08:35,19,0:00:00,0:00:00,0,AGENT,16:08:35,16:11:59,204,BENSION
AA0204,46024,30442495,2,PS,990908,16:19:18,16:19:23,5,16:19:23,16:20:53,90,AGENT,16:20:52,16:36:32,940,BENSION
AA0204,46025,28491991,1,PS,990908,16:35:38,16:35:44,6,16:35:44,16:35:49,5,HANG,0:00:00,0:00:00,0,NO_SERVER
AA0204,46026,0,0,NW,990908,16:46:03,16:46:12,9,16:46:12,16:48:53,161,HANG,0:00:00,0:00:00,0,NO_SERVER
AA0204,46027,0,0,NE,990908,17:08:06,17:08:14,8,0:00:00,0:00:00,0,AGENT,17:08:14,17:08:18,4,MORIAH
AA0204,46028,0,0,NW,990908,17:28:01,17:28:11,10,17:28:11,17:28:21,10,AGENT,17:28:20,17:29:34,74,BENSION
AA0204,46029,0,0,NW,990908,17:40:02,17:40:11,9,17:40:11,17:42:06,115,AGENT,17:42:06,17:42:34,28,PINHAS
AA0204,46030,0,0,NW,990908,17:57:28,17:57:40,12,0:00:00,0:00:00,0,AGENT,17:57:39,17:59:20,101,MORIAH
AA0204,46031,0,0,NW,990908,18:21:44,18:22:03,19,0:00:00,0:00:00,0,AGENT,18:22:02,18:22:59,57,AVI
AA0204,46032,1432657,2,PS,990908,18:35:19,18:35:25,6,18:35:25,18:35:50,25,AGENT,18:35:49,18:38:11,142,ANAT
AA0204,46033,0,0,NE,990908,18:58:35,18:58:45,10,0:00:00,0:00:00,0,AGENT,18:58:44,18:59:49,65,MORIAH
AA0204,46034,0,0,NW,990908,19:13:20,19:13:37,17,0:00:00,0:00:00,0,AGENT,19:13:36,19:15:31,115,BENSION
AA0204,46035,0,0,PS,990908,19:25:14,19:25:22,8,0:00:00,0:00:00,0,AGENT,19:25:22,19:25:24,2,MORIAH
AA0204,46036,0,0,PS,990908,19:49:46,19:50:21,35,0:00:00,0:00:00,0,AGENT,19:49:54,19:52:15,141,AVI
AA0204,46037,0,0,PS,990908,20:11:30,20:11:44,14,0:00:00,0:00:00,0,AGENT,20:11:42,20:15:38,236,MEIR
AA0204,46038,0,0,PS,990908,20:42:08,20:42:19,11,0:00:00,0:00:00,0,AGENT,20:42:18,20:44:48,150,BENSION
AA0204,46039,0,0,PS,990908,21:01:38,21:01:55,17,0:00:00,0:00:00,0,AGENT,21:01:53,21:02:26,33,BENSION
AA0204,46040,0,0,NW,990908,21:20:30,21:20:43,13,0:00:00,0:00:00,0,AGENT,21:20:42,21:25:44,302,MEIR
AA0204,46041,0,0,PS,990908,21:41:17,21:41:37,20,0:00:00,0:00:00,0,AGENT,21:41:36,21:45:31,235,DARMON
AA0204,46042,28114262,2,PS,990908,21:57:28,21:57:34,6,21:57:34,21:58:15,41,AGENT,21:58:14,22:04:34,380,BENSION
AA0204,46043,38233128,1,PS,990908,22:25:41,22:25:47,6,22:25:47,22:26:50,63,AGENT,22:26:49,22:27:32,43,BENSION
AA0204,46044,57654543,1,PS,990908,22:46:46,22:46:52,6,22:46:52,22:47:46,54,AGENT,22:47:01,22:48:30,89,BENSION
AA0204,46045,0,0,PS,990908,23:18:43,23:18:52,9,0:00:00,0:00:00,0,AGENT,23:18:51,23:19:26,35,AVI
AA0204,46047,0,0,PS,990909,0:10:05,0:10:05,0,0:00:00,0:00:00,0,HANG,0:00:00,0:00:00,0,NO_SERVER
AA0204,46048,0,0,NW,990909,7:07:32,7:07:45,13,0:00:00,0:00:00,0,AGENT,7:07:45,7:08:44,59,SHARON
AA0204,46049,0,0,PS,990909,7:48:38,7:48:48,10,0:00:00,0:00:00,0,AGENT,7:48:47,7:50:29,102,SHARON
AA0204,46050,0,0,PS,990909,8:23:18,8:23:27,9,0:00:00,0:00:00,0,AGENT,8:23:26,8:24:27,61,KAZAV
AA0204,46051,0,0,NW,990909,8:39:21,8:39:30,9,8:39:30,8:39:34,4,AGENT,8:39:33,8:41:27,114,BASCH
AA0204,46052,0,0,PS,990909,8:54:23,8:54:33,10,0:00:00,0:00:00,0,AGENT,8:54:33,8:55:29,56,ROTH
AA0204,46053,15189558,2,PS,990909,9:08:17,9:08:22,5,9:08:22,9:08:33,11,AGENT,9:08:32,9:10:08,96,DORIT
AA0204,46054,34339796,1,PS,990909,9:21:04,9:21:10,6,9:21:10,9:21:18,8,AGENT,9:21:16,9:21:38,22,DORIT
AA0204,46055,0,0,PS,990909,9:37:29,9:37:39,10,0:00:00,0:00:00,0,AGENT,9:37:38,9:39:37,119,NAAMA
AA0204,46056,16950578,2,PS,990909,9:56:23,9:56:28,5,9:56:28,9:57:54,86,AGENT,9:57:51,9:58:37,46,YIFAT
AA0204,46057,0,0,PS,990909,10:07:42,10:07:53,11,0:00:00,0:00:00,0,AGENT,10:07:52,10:12:41,289,BASCH
AA0204,46058,58704610,2,PS,990909,10:18:30,10:18:35,5,10:18:35,10:19:56,81,AGENT,10:19:55,10:21:55,120,ROTH
AA0204,46059,0,0,PS,990909,10:35:29,10:35:38,9,0:00:00,0:00:00,0,AGENT,10:35:37,10:37:05,88,ANAT
AA0204,46060,0,0,PS,990909,10:46:26,10:46:36,10,0:00:00,0:00:00,0,AGENT,10:46:35,10:49:57,202,SHARON
AA0204,46061,0,0,PS,990909,11:03:34,11:03:51,17,0:00:00,0:00:00,0,AGENT,11:03:50,11:04:32,42,ANAT
AA0204,46062,0,0,PS,990909,11:18:02,11:18:12,10,0:00:00,0:00:00,0,AGENT,11:18:11,11:25:52,461,ANAT
AA0204,46063,0,0,PS,990909,11:32:04,11:32:19,15,0:00:00,0:00:00,0,AGENT,11:32:18,11:33:29,71,SHARON
AA0204,46064,0,0,NW,990909,11:48:09,11:48:22,13,0:00:00,0:00:00,0,AGENT,11:48:21,11:48:48,27,BASCH
AA0204,46065,0,0,NW,990909,12:02:33,12:02:50,17,0:00:00,0:00:00,0,AGENT,12:02:49,12:05:10,141,SHARON
AA0204,46066,0,0,PS,990909,12:24:27,12:24:42,15,0:00:00,0:00:00,0,AGENT,12:24:41,12:25:46,65,NAAMA
AA0204,46067,0,0,NW,990909,12:39:23,12:39:36,13,0:00:00,0:00:00,0,AGENT,12:39:35,12:40:07,32,SHARON
AA0204,46068,0,0,PS,990909,12:54:27,12:54:38,11,0:00:00,0:00:00,0,AGENT,12:54:37,13:00:06,329,DORIT
AA0204,46069,0,0,NW,990909,13:07:26,13:07:35,9,13:07:35,13:07:56,21,HANG,0:00:00,0:00:00,0,NO_SERVER
AA0204,46070,0,0,NE,990909,13:22:04,13:22:15,11,0:00:00,0:00:00,0,AGENT,13:22:15,13:32:07,592,ELI
AA0204,46071,0,0,NW,990909,13:40:49,13:40:59,10,13:40:59,13:41:51,52,AGENT,13:41:50,13:47:05,315,BASCH
AA0204,46072,0,0,PS,990909,14:00:35,14:00:44,9,0:00:00,0:00:00,0,AGENT,14:00:43,14:02:06,83,DORIT
AA0204,46073,56768120,1,PS,990909,14:13:36,14:13:41,5,14:13:41,14:18:04,263,AGENT,14:18:02,14:20:25,143,KAZAV
AA0204,46074,29566940,1,PS,990909,14:27:40,14:27:46,6,14:27:46,14:30:21,155,AGENT,14:30:21,14:31:05,44,ROTH
AA0204,46075,0,0,PS,990909,14:44:50,14:44:59,9,0:00:00,0:00:00,0,AGENT,14:44:58,14:55:27,629,BASCH
AA0204,46076,0,0,NW,990909,14:56:00,14:56:10,10,14:56:10,15:02:34,384,AGENT,15:02:33,15:04:13,100,BASCH
AA0204,46077,57379505,2,PS,990909,15:12:55,15:13:00,5,15:13:00,15:14:57,117,AGENT,15:14:56,15:22:13,437,BASCH
AA0204,46078,22670038,1,PS,990909,15:27:07,15:27:13,6,15:27:13,15:27:31,18,AGENT,15:27:30,15:28:41,71,KAZAV
AA0204,46079,52146842,1,PS,990909,15:36:03,15:36:09,6,15:36:09,15:36:16,7,AGENT,15:36:15,15:39:11,176,ROTH
AA0204,46080,59630624,1,NE,990909,15:43:21,15:43:27,6,15:43:27,15:48:13,286,AGENT,15:48:12,15:48:50,38,BASCH
AA0204,46081,0,0,NW,990909,16:00:41,16:00:50,9,16:00:50,16:02:49,119,AGENT,16:02:48,16:03:07,19,ROTH
AA0204,46082,0,0,NW,990909,16:14:26,16:14:35,9,16:14:35,16:14:45,10,HANG,0:00:00,0:00:00,0,NO_SERVER
AA0204,46083,0,0,NW,990909,16:26:36,16:26:46,10,16:26:46,16:30:11,205,AGENT,16:30:11,16:32:31,140,STEREN
AA0204,46084,12196937,2,PS,990909,16:40:07,16:40:12,5,16:40:12,16:40:20,8,AGENT,16:40:19,16:41:39,80,AVI
AA0204,46085,0,0,PS,990909,16:52:20,16:52:31,11,0:00:00,0:00:00,0,AGENT,16:52:30,16:56:57,267,ZOHARI
AA0204,46086,57220618,1,PS,990909,17:04:04,17:04:10,6,17:04:10,17:04:35,25,HANG,0:00:00,0:00:00,0,NO_SERVER
AA0204,46087,0,0,NW,990909,17:13:28,17:13:37,9,17:13:37,17:16:06,149,AGENT,17:16:05,17:16:27,22,STEREN
AA0204,46088,24944878,1,PS,990909,17:34:40,17:34:45,5,17:34:45,17:35:27,42,AGENT,17:35:27,17:36:37,70,YITZ
AA0204,46089,58859752,2,PS,990909,17:53:15,17:53:20,5,17:53:20,17:54:59,99,AGENT,17:54:58,17:58:39,221,STEREN
AA0204,46090,29537602,1,PS,990909,18:09:53,18:09:59,6,18:09:59,18:10:22,23,HANG,0:00:00,0:00:00,0,NO_SERVER
AA0204,46091,0,0,NW,990909,18:27:27,18:27:37,10,18:27:37,18:28:01,24,AGENT,18:28:00,18:29:15,75,PINHAS
AA0204,46092,0,0,NE,990909,18:47:59,18:48:08,9,0:00:00,0:00:00,0,AGENT,18:48:08,18:57:52,584,ZOHARI
AA0204,46093,0,0,NW,990909,19:06:17,19:06:26,9,19:06:26,19:10:52,266,AGENT,19:10:52,19:11:05,13,STEREN
AA0204,46094,33653080,2,PS,990909,19:38:12,19:38:18,6,19:38:18,19:39:01,43,AGENT,19:39:00,19:43:22,262,ZOHARI
AA0204,46095,0,0,PS,990909,19:55:52,19:56:03,11,0:00:00,0:00:00,0,AGENT,19:56:02,19:59:37,215,ZOHARI
AA0204,46096,37582376,1,PS,990909,20:12:54,20:13:00,6,20:13:00,20:17:30,270,AGENT,20:17:29,20:18:18,49,AVI
AA0204,46097,0,0,PS,990909,20:45:03,20:45:13,10,0:00:00,0:00:00,0,AGENT,20:45:12,20:45:13,1,AVI
AA0204,46098,50686559,2,PS,990909,21:10:37,21:10:43,6,21:10:43,21:11:50,67,AGENT,21:11:49,21:13:12,83,ZOHARI
AA0204,46099,0,0,PS,990909,21:36:37,21:36:48,11,0:00:00,0:00:00,0,AGENT,21:36:47,21:37:48,61,AVI
AA0204,46100,0,0,PS,990909,22:01:33,22:01:44,11,0:00:00,0:00:00,0,AGENT,22:01:43,22:02:46,63,STEREN
AA0204,46101,51136083,2,PS,990909,22:35:25,22:35:30,5,22:35:30,22:36:00,30,AGENT,22:36:00,22:38:29,149,AVI
AA0204,46102,6891105,2,PS,990909,22:59:23,22:59:28,5,22:59:28,22:59:40,12,AGENT,22:59:39,23:01:38,119,AVI
AA0204,46103,28574507,2,PS,990909,23:30:51,23:30:57,6,23:30:57,23:31:15,18,AGENT,23:31:14,23:34:04,170,STEREN
AA0204,46104,0,0,PS,990910,6:49:00,6:49:18,18,0:00:00,0:00:00,0,HANG,0:00:00,0:00:00,0,NO_SERVER
AA0204,46105,0,0,PS,990910,7:49:28,7:49:38,10,0:00:00,0:00:00,0,AGENT,7:49:38,7:51:26,108,AVNI
AA0204,46106,0,0,NW,990910,8:11:06,8:11:22,16,0:00:00,0:00:00,0,AGENT,8:11:21,8:11:37,16,BENSION
AA0204,46107,0,0,NW,990910,8:34:03,8:34:21,18,0:00:00,0:00:00,0,AGENT,8:34:20,8:35:02,42,SHARON
AA0204,46108,0,0,PS,990910,8:52:05,8:52:14,9,0:00:00,0:00:00,0,AGENT,8:52:13,8:53:08,55,SHARON
AA0204,46109,0,0,PS,990910,9:07:14,9:07:28,14,0:00:00,0:00:00,0,AGENT,9:07:27,9:12:41,314,BENSION
AA0204,46110,42445916,1,PS,990910,9:19:44,9:19:49,5,9:19:49,9:20:00,11,AGENT,9:20:00,9:21:55,115,VICKY
AA0204,46111,65330961,2,PS,990910,9:31:36,9:31:42,6,9:31:42,9:31:52,10,AGENT,9:31:50,9:32:44,54,BASCH
AA0204,46112,24265456,2,PS,990910,9:44:38,9:44:44,6,9:44:44,9:45:07,23,HANG,0:00:00,0:00:00,0,NO_SERVER
AA0204,46113,6217707,2,PS,990910,9:58:03,9:58:09,6,9:58:09,9:58:46,37,AGENT,9:58:45,9:59:57,72,AVNI
AA0204,46114,0,0,PS,990910,10:08:11,10:08:27,16,0:00:00,0:00:00,0,AGENT,10:08:26,10:20:24,718,VICKY
AA0204,46115,0,0,PS,990910,10:26:51,10:27:05,14,0:00:00,0:00:00,0,AGENT,10:27:04,10:28:40,96,BENSION
AA0204,46116,0,0,PS,990910,10:42:07,10:42:16,9,0:00:00,0:00:00,0,AGENT,10:42:16,10:43:01,45,AVNI
AA0204,46117,0,0,PS,990910,10:59:31,10:59:44,13,0:00:00,0:00:00,0,AGENT,10:59:42,11:02:22,160,VICKY
AA0204,46118,0,0,PS,990910,11:14:19,11:14:28,9,0:00:00,0:00:00,0,AGENT,11:14:27,11:15:25,58,BASCH
AA0204,46119,0,0,PS,990910,11:33:58,11:34:13,15,0:00:00,0:00:00,0,AGENT,11:34:12,11:35:28,76,BENSION
AA0204,46120,15413123,2,PS,990910,12:06:10,12:06:16,6,12:06:16,12:06:44,28,AGENT,12:06:44,12:07:58,74,SHARON
AA0204,46121,0,0,PS,990910,12:37:07,12:37:16,9,0:00:00,0:00:00,0,AGENT,12:37:16,12:37:44,28,AVNI
AA0204,46122,0,0,PS,990910,13:06:44,13:06:54,10,0:00:00,0:00:00,0,HANG,0:00:00,0:00:00,0,NO_SERVER
AA0204,46123,0,0,NW,990910,13:38:41,13:38:59,18,0:00:00,0:00:00,0,HANG,0:00:00,0:00:00,0,NO_SERVER
AA0204,46124,0,0,PS,990910,14:43:34,14:44:11,37,0:00:00,0:00:00,0,HANG,0:00:00,0:00:00,0,NO_SERVER
AA0204,46126,0,0,PS,990910,16:52:04,16:52:04,0,0:00:00,0:00:00,0,HANG,0:00:00,0:00:00,0,NO_SERVER
AA0204,46127,0,0,NW,990911,15:32:22,15:32:45,23,0:00:00,0:00:00,0,HANG,0:00:00,0:00:00,0,NO_SERVER
AA0204,46128,0,0,PS,990912,8:50:12,8:50:30,18,0:00:00,0:00:00,0,HANG,0:00:00,0:00:00,0,NO_SERVER
AA0204,46129,0,0,PS,990912,18:38:59,18:39:10,11,0:00:00,0:00:00,0,HANG,0:00:00,0:00:00,0,NO_SERVER
AA0204,46130,0,0,PS,990912,19:50:07,19:50:17,10,0:00:00,0:00:00,0,HANG,0:00:00,0:00:00,0,NO_SERVER
AA0204,46131,0,0,PS,990912,20:14:56,20:15:05,9,0:00:00,0:00:00,0,AGENT,20:15:04,20:16:51,107,AVNI
AA0204,46132,0,0,NW,990912,20:30:37,20:30:46,9,20:30:46,20:31:02,16,AGENT,20:31:01,20:32:21,80,SHARON
AA0204,46133,0,0,PS,990912,20:55:54,20:56:03,9,0:00:00,0:00:00,0,AGENT,20:56:05,20:56:09,4,NO_SERVER
AA0204,46134,0,0,PS,990912,21:25:08,21:25:18,10,0:00:00,0:00:00,0,AGENT,21:25:17,21:26:21,64,ZOHARI
AA0204,46135,0,0,PS,990912,22:04:23,22:04:35,12,0:00:00,0:00:00,0,AGENT,22:04:34,22:06:27,113,SHARON
AA0204,46136,0,0,PS,990912,22:48:16,22:48:30,14,0:00:00,0:00:00,0,AGENT,22:48:29,22:51:34,185,ZOHARI
AA0204,46137,0,0,PS,990912,23:37:29,23:37:39,10,0:00:00,0:00:00,0,AGENT,23:37:38,23:38:59,81,AVNI
AA0204,46138,0,0,PS,990913,7:09:02,7:09:16,14,0:00:00,0:00:00,0,AGENT,7:09:15,7:09:25,10,VICKY
AA0204,46139,0,0,PS,990913,7:46:49,7:46:58,9,0:00:00,0:00:00,0,AGENT,7:46:57,7:49:46,169,YIFAT
AA0204,46140,0,0,PS,990913,8:06:42,8:06:51,9,0:00:00,0:00:00,0,AGENT,8:06:50,8:13:01,371,STEREN
AA0204,46141,0,0,PS,990913,8:22:24,8:22:35,11,0:00:00,0:00:00,0,AGENT,8:22:34,8:24:00,86,TOVA
AA0204,46142,0,0,PS,990913,8:34:17,8:34:28,11,0:00:00,0:00:00,0,AGENT,8:34:27,8:35:30,63,STEREN
AA0204,46143,68765882,2,PS,990913,8:44:32,8:44:37,5,8:44:37,8:45:10,33,AGENT,8:45:09,8:45:56,47,KAZAV
AA0204,46144,0,0,PS,990913,8:50:39,8:50:50,11,0:00:00,0:00:00,0,AGENT,8:50:48,8:56:27,339,VICKY
AA0204,46145,0,0,PS,990913,9:03:46,9:03:55,9,0:00:00,0:00:00,0,AGENT,9:03:54,9:06:52,178,YIFAT
AA0204,46146,0,0,PS,990913,9:12:19,9:12:30,11,0:00:00,0:00:00,0,AGENT,9:12:28,9:13:53,85,TOVA
AA0204,46147,0,0,NW,990913,9:25:30,9:25:44,14,0:00:00,0:00:00,0,AGENT,9:25:42,9:26:21,39,SHARON
AA0204,46148,0,0,PS,990913,9:35:54,9:36:06,12,0:00:00,0:00:00,0,AGENT,9:36:06,9:41:11,305,VICKY
AA0204,46149,12963195,2,PS,990913,9:41:49,9:41:55,6,9:41:55,9:42:26,31,AGENT,9:42:25,9:43:29,64,SHARON
AA0204,46150,0,0,NW,990913,9:50:12,9:50:21,9,9:50:21,9:52:00,99,AGENT,9:51:59,9:52:36,37,STEREN
AA0204,46151,0,0,PS,990913,10:03:32,10:03:46,14,0:00:00,0:00:00,0,AGENT,10:03:45,10:07:43,238,ZOHARI
AA0204,46152,0,0,PS,990913,10:12:22,10:12:32,10,0:00:00,0:00:00,0,AGENT,10:12:30,10:14:26,116,STEREN
AA0204,46153,0,0,NE,990913,10:22:59,10:23:13,14,0:00:00,0:00:00,0,AGENT,10:23:11,10:28:14,303,ZOHARI
AA0204,46154,0,0,PS,990913,10:32:34,10:32:47,13,0:00:00,0:00:00,0,AGENT,10:32:45,10:36:49,244,YIFAT
AA0204,46155,3519519,1,PS,990913,10:38:49,10:38:55,6,10:38:55,10:40:32,97,AGENT,10:40:31,10:44:01,210,YIFAT
AA0204,46156,0,0,PS,990913,10:48:57,10:49:09,12,0:00:00,0:00:00,0,AGENT,10:49:07,10:51:43,156,ZOHARI
AA0204,46157,675306,2,NE,990913,11:00:57,11:01:03,6,11:01:03,11:01:53,50,AGENT,11:01:53,11:05:08,195,TOVA
AA0204,46158,23817067,2,PS,990913,11:10:01,11:10:07,6,11:10:07,11:10:33,26,AGENT,11:10:32,11:11:50,78,GILI
AA0204,46159,0,0,PS,990913,11:21:17,11:21:26,9,0:00:00,0:00:00,0,AGENT,11:21:25,11:22:59,94,VICKY
AA0204,46160,0,0,NW,990913,11:28:09,11:28:19,10,11:28:19,11:30:50,151,AGENT,11:30:49,11:33:09,140,VICKY
AA0204,46161,0,0,PS,990913,11:41:41,11:41:51,10,0:00:00,0:00:00,0,AGENT,11:41:50,11:47:07,317,TOVA
AA0204,46162,307019174,1,PS,990913,11:50:41,11:50:46,5,11:50:46,11:51:00,14,AGENT,11:50:59,11:51:54,55,SHARON
AA0204,46163,0,0,NW,990913,11:57:50,11:57:59,9,0:00:00,0:00:00,0,HANG,0:00:00,0:00:00,0,NO_SERVER
AA0204,46164,0,0,PS,990913,12:06:37,12:06:46,9,0:00:00,0:00:00,0,AGENT,12:06:45,12:08:10,85,SHARON
AA0204,46165,0,0,PS,990913,12:16:55,12:17:05,10,0:00:00,0:00:00,0,AGENT,12:17:03,12:18:10,67,GILI
AA0204,46166,0,0,PS,990913,12:28:30,12:28:39,9,0:00:00,0:00:00,0,AGENT,12:28:38,12:41:09,751,GILI
AA0204,46167,0,0,NW,990913,12:42:11,12:42:24,13,0:00:00,0:00:00,0,AGENT,12:42:23,12:43:12,49,SHARON
AA0204,46168,0,0,PS,990913,12:55:15,12:55:24,9,0:00:00,0:00:00,0,AGENT,12:55:23,12:57:19,116,KAZAV
AA0204,46169,24069635,2,PS,990913,13:07:43,13:07:48,5,13:07:48,13:08:20,32,AGENT,13:08:19,13:12:24,245,STEREN
AA0204,46170,78191137,2,PS,990913,13:19:29,13:19:34,5,13:19:34,13:20:01,27,AGENT,13:20:00,13:24:45,285,SHARON
AA0204,46171,309394716,1,PS,990913,13:26:25,13:26:30,5,13:26:30,13:27:01,31,AGENT,13:27:01,13:27:44,43,SHARON
AA0204,46172,24419442,2,PS,990913,13:38:25,13:38:31,6,13:38:31,13:38:40,9,AGENT,13:38:39,13:45:44,425,KAZAV
AA0204,46173,0,0,NW,990913,13:48:18,13:48:27,9,13:48:27,13:50:40,133,HANG,0:00:00,0:00:00,0,NO_SERVER
AA0204,46174,72875545,2,PS,990913,13:55:18,13:55:24,6,13:55:24,13:57:07,103,AGENT,13:57:06,14:03:06,360,SHARON
AA0204,46175,29311230,1,PS,990913,14:03:44,14:03:50,6,14:03:50,14:04:23,33,HANG,0:00:00,0:00:00,0,NO_SERVER
AA0204,46176,74780917,2,NE,990913,14:08:48,14:08:54,6,14:08:54,14:09:30,36,AGENT,14:09:29,14:13:31,242,ROTH
AA0204,46177,54665682,2,PS,990913,14:13:12,14:13:17,5,14:13:17,14:13:41,24,HANG,0:00:00,0:00:00,0,NO_SERVER
AA0204,46178,7044944,2,PS,990913,14:17:07,14:17:12,5,14:17:12,14:19:04,112,AGENT,14:19:04,14:22:18,194,ANAT
AA0204,46179,59693135,1,PS,990913,14:25:13,14:25:19,6,14:25:19,14:27:29,130,AGENT,14:27:28,14:27:32,4,MORIAH
AA0204,46180,28547628,1,PS,990913,14:33:34,14:33:39,5,14:33:39,14:36:10,151,AGENT,14:36:10,14:36:16,6,MORIAH
AA0204,46181,63611537,2,PS,990913,14:43:55,14:44:01,6,14:44:01,14:44:38,37,AGENT,14:44:37,14:49:19,282,ANAT
AA0204,46182,56765985,2,PS,990913,14:51:51,14:51:57,6,14:51:57,14:52:36,39,AGENT,14:52:35,14:55:24,169,ROTH
AA0204,46183,30442495,2,PS,990913,15:02:13,15:02:18,5,15:02:18,15:02:27,9,AGENT,15:02:26,15:11:57,571,ANAT
AA0204,46184,27901198,2,PS,990913,15:09:04,15:09:10,6,15:09:10,15:09:32,22,HANG,0:00:00,0:00:00,0,NO_SERVER
AA0204,46185,0,0,NW,990913,15:16:10,15:16:19,9,15:16:19,15:16:46,27,HANG,0:00:00,0:00:00,0,NO_SERVER
AA0204,46186,55279970,2,NE,990913,15:24:47,15:24:53,6,15:24:53,15:25:10,17,AGENT,15:25:09,15:28:34,205,MORIAH
AA0204,46187,27329697,1,PS,990913,15:33:49,15:33:55,6,15:33:55,15:36:16,141,AGENT,15:36:15,15:37:49,94,ZOHARI
AA0204,46188,30452882,2,PS,990913,15:46:11,15:46:16,5,15:46:16,15:46:50,34,AGENT,15:46:49,15:49:58,189,ROTH
AA0204,46189,7973662,2,PS,990913,15:58:02,15:58:08,6,15:58:08,15:58:19,11,AGENT,15:58:18,15:59:28,70,SHARON
AA0204,46190,703074,2,PS,990913,16:08:15,16:08:21,6,16:08:21,16:08:47,26,AGENT,16:08:46,16:12:56,250,ZOHARI
AA0204,46191,0,0,PS,990913,16:23:29,16:23:39,10,0:00:00,0:00:00,0,AGENT,16:23:38,16:24:55,77,ROTH
AA0204,46192,14991483,2,PS,990913,16:34:49,16:34:55,6,16:34:55,16:35:27,32,AGENT,16:35:26,16:39:25,239,AVI
AA0204,46193,55920755,2,PS,990913,16:45:56,16:46:01,5,16:46:01,16:46:40,39,AGENT,16:46:39,16:50:12,213,MORIAH
AA0204,46194,58323270,2,PS,990913,16:53:57,16:54:03,6,16:54:03,16:56:51,168,AGENT,16:56:50,16:58:28,98,ANAT
AA0204,46195,27456771,1,PS,990913,17:02:10,17:02:16,6,17:02:16,17:04:07,111,AGENT,17:04:06,17:06:07,121,AVNI
AA0204,46196,0,0,PS,990913,17:19:52,17:20:04,12,0:00:00,0:00:00,0,AGENT,17:20:03,17:21:07,64,AVI
AA0204,46197,0,0,NW,990913,17:39:08,17:39:21,13,0:00:00,0:00:00,0,AGENT,17:39:20,17:42:07,167,AVNI
AA0204,46198,0,0,PS,990913,17:57:11,17:57:26,15,0:00:00,0:00:00,0,AGENT,17:57:25,18:02:16,291,AVI
AA0204,46199,0,0,PS,990913,18:11:10,18:11:21,11,0:00:00,0:00:00,0,AGENT,18:11:19,18:12:20,61,BASCH
AA0204,46200,54132865,1,PS,990913,18:22:59,18:23:06,7,18:23:06,18:23:53,47,AGENT,18:23:52,18:24:48,56,BASCH
AA0204,46201,0,0,PS,990913,18:42:58,18:43:07,9,0:00:00,0:00:00,0,AGENT,18:43:06,18:46:40,214,AVNI
AA0204,46202,0,0,NW,990913,18:55:47,18:55:57,10,18:55:57,18:56:34,37,AGENT,18:56:33,19:01:29,296,AVI
AA0204,46203,68001924,2,PS,990913,19:08:20,19:08:26,6,19:08:26,19:10:48,142,AGENT,19:10:48,19:11:54,66,MEIR
AA0204,46205,0,0,PS,990913,19:16:53,19:16:53,0,0:00:00,0:00:00,0,HANG,0:00:00,0:00:00,0,NO_SERVER
AA0204,46206,0,0,PS,990913,19:24:58,19:25:09,11,0:00:00,0:00:00,0,AGENT,19:25:09,19:27:49,160,ANAT
AA0204,46207,0,0,PS,990913,19:36:59,19:37:13,14,0:00:00,0:00:00,0,AGENT,19:37:12,19:38:50,98,ANAT
AA0204,46208,0,0,PS,990913,19:57:54,19:58:04,10,0:00:00,0:00:00,0,AGENT,19:58:03,20:00:25,142,AVNI
AA0204,46209,0,0,PS,990913,20:14:04,20:14:19,15,0:00:00,0:00:00,0,AGENT,20:14:18,20:15:17,59,MEIR
AA0204,46210,0,0,NW,990913,20:27:09,20:27:18,9,20:27:18,20:30:20,182,HANG,0:00:00,0:00:00,0,NO_SERVER
AA0204,46211,0,0,PS,990913,20:47:56,20:48:06,10,0:00:00,0:00:00,0,AGENT,20:48:04,20:49:28,84,MORIAH
AA0204,46212,28579050,1,PS,990913,21:00:42,21:00:48,6,21:00:48,21:01:12,24,AGENT,21:01:11,21:03:32,141,AVI
AA0204,46213,57884199,2,PS,990913,21:18:44,21:18:49,5,21:18:49,21:19:48,59,AGENT,21:19:47,21:26:21,394,MORIAH
AA0204,46214,185215,2,PS,990913,21:36:29,21:36:35,6,21:36:35,21:38:43,128,AGENT,21:38:42,21:42:56,254,AVNI
AA0204,46215,0,0,NW,990913,21:53:40,21:53:57,17,0:00:00,0:00:00,0,AGENT,21:53:56,21:55:21,85,MEIR
AA0204,46216,28622710,1,PS,990913,22:16:31,22:16:37,6,22:16:37,22:20:44,247,AGENT,22:20:43,22:22:12,89,AVI
AA0204,46217,0,0,PS,990913,22:36:33,22:36:43,10,0:00:00,0:00:00,0,AGENT,22:36:42,22:38:07,85,AVI
AA0204,46218,58803644,1,PS,990913,23:09:39,23:09:45,6,23:09:45,23:10:50,65,AGENT,23:10:49,23:12:00,71,AVI
AA0204,46219,0,0,PS,990913,23:42:34,23:42:43,9,0:00:00,0:00:00,0,AGENT,23:42:42,23:46:22,220,AVNI
AA0204,46220,0,0,NW,990914,1:51:07,1:51:16,9,0:00:00,0:00:00,0,HANG,0:00:00,0:00:00,0,NO_SERVER
AA0204,46221,0,0,NW,990914,7:11:59,7:12:11,12,0:00:00,0:00:00,0,AGENT,7:12:11,7:14:34,143,MORIAH
AA0204,46222,0,0,NW,990914,7:33:29,7:33:42,13,0:00:00,0:00:00,0,AGENT,7:33:42,7:46:01,739,MORIAH
AA0204,46223,49992639,2,PS,990914,7:53:23,7:53:30,7,7:53:30,7:53:48,18,AGENT,7:53:47,7:54:56,69,TOVA
AA0204,46224,7044944,2,PS,990914,8:16:11,8:16:17,6,8:16:17,8:16:35,18,AGENT,8:16:33,8:17:49,76,KAZAV
AA0204,46225,53979944,2,PS,990914,8:25:09,8:25:15,6,8:25:15,8:26:42,87,AGENT,8:26:40,8:34:55,495,TOVA
AA0204,46226,23841984,1,PS,990914,8:31:50,8:31:55,5,8:31:55,8:32:15,20,PHANTOM,8:32:15,8:32:18,3,NO_SERVER
AA0204,46227,51704559,1,PS,990914,8:41:37,8:41:42,5,8:41:42,8:41:45,3,AGENT,8:41:45,8:42:34,49,KAZAV
AA0204,46228,0,0,PS,990914,8:52:08,8:52:16,8,0:00:00,0:00:00,0,AGENT,8:52:15,8:58:57,402,ANAT
AA0204,46229,0,0,PS,990914,9:00:14,9:00:26,12,0:00:00,0:00:00,0,AGENT,9:00:25,9:01:20,55,ANAT
AA0204,46230,0,0,NW,990914,9:10:37,9:10:46,9,9:10:46,9:11:15,29,HANG,0:00:00,0:00:00,0,NO_SERVER
AA0204,46231,0,0,PS,990914,9:21:22,9:21:31,9,0:00:00,0:00:00,0,AGENT,9:21:29,9:22:27,58,ANAT
AA0204,46232,0,0,PS,990914,9:30:16,9:30:28,12,0:00:00,0:00:00,0,AGENT,9:30:27,9:31:09,42,TOVA
AA0204,46233,22263115,2,PS,990914,9:38:58,9:39:04,6,9:39:04,9:39:27,23,AGENT,9:39:26,9:41:18,112,KAZAV
AA0204,46234,0,0,PS,990914,9:48:51,9:49:06,15,0:00:00,0:00:00,0,AGENT,9:49:05,9:49:07,2,ANAT
AA0204,46235,0,0,PS,990914,9:59:32,9:59:42,10,0:00:00,0:00:00,0,AGENT,9:59:41,10:00:21,40,BASCH
AA0204,46236,69455475,2,PE,990914,10:09:23,10:09:27,4,10:09:27,10:10:57,90,AGENT,10:10:56,10:26:50,954,YIFAT
AA0204,46237,51294858,2,PS,990914,10:17:44,10:17:50,6,10:17:50,10:19:00,70,AGENT,10:18:59,10:24:15,316,KAZAV
AA0204,46238,1574243,2,NE,990914,10:25:35,10:25:41,6,10:25:41,10:25:45,4,AGENT,10:25:44,10:31:31,347,AVNI
AA0204,46239,0,0,PS,990914,10:32:23,10:32:32,9,0:00:00,0:00:00,0,AGENT,10:32:31,10:34:28,117,KAZAV
AA0204,46240,51294858,2,PS,990914,10:37:57,10:38:02,5,10:38:02,10:40:49,167,AGENT,10:40:48,10:42:39,111,DARMON
AA0204,46241,0,0,NW,990914,10:45:04,10:45:13,9,10:45:13,10:45:18,5,HANG,0:00:00,0:00:00,0,NO_SERVER
AA0204,46242,0,0,PS,990914,10:56:41,10:56:51,10,0:00:00,0:00:00,0,AGENT,10:56:50,10:57:45,55,ANAT
AA0204,46243,0,0,PS,990914,11:05:14,11:05:23,9,0:00:00,0:00:00,0,AGENT,11:05:22,11:06:42,80,YIFAT
AA0204,46244,12577763,2,PS,990914,11:13:30,11:13:36,6,11:13:36,11:13:54,18,AGENT,11:13:54,11:16:18,144,AVNI
AA0204,46245,13000567,2,PS,990914,11:24:31,11:24:36,5,11:24:36,11:24:53,17,AGENT,11:24:52,11:26:33,101,TOVA
AA0204,46246,0,0,PS,990914,11:35:45,11:35:55,10,0:00:00,0:00:00,0,AGENT,11:35:54,11:38:09,135,TOVA
AA0204,46247,71820039,2,PS,990914,11:46:08,11:46:13,5,11:46:13,11:49:57,224,AGENT,11:49:57,11:54:18,261,BASCH
AA0204,46248,56776388,1,PS,990914,11:54:39,11:54:44,5,11:54:44,11:55:39,55,HANG,0:00:00,0:00:00,0,NO_SERVER
AA0204,46249,25599796,1,PS,990914,12:03:46,12:03:52,6,12:03:52,12:04:55,63,AGENT,12:04:54,12:06:39,105,YIFAT
AA0204,46250,58029430,1,PS,990914,12:13:14,12:13:20,6,12:13:20,12:13:40,20,AGENT,12:13:39,12:14:16,37,KAZAV
AA0204,46251,0,0,PS,990914,12:24:02,12:24:12,10,0:00:00,0:00:00,0,AGENT,12:24:11,12:25:56,105,MORIAH
AA0204,46252,0,0,PS,990914,12:34:36,12:34:44,8,0:00:00,0:00:00,0,AGENT,12:34:43,12:34:45,2,TOVA
AA0204,46253,0,0,NE,990914,12:41:37,12:41:49,12,0:00:00,0:00:00,0,AGENT,12:41:49,12:43:58,129,ELI
AA0204,46254,0,0,PS,990914,12:53:50,12:53:59,9,0:00:00,0:00:00,0,AGENT,12:53:58,12:54:15,17,ANAT
AA0204,46255,3968047,2,PS,990914,13:06:20,13:06:25,5,13:06:25,13:06:42,17,AGENT,13:06:42,13:06:50,8,YIFAT
AA0204,46256,0,0,NW,990914,13:20:50,13:21:00,10,13:21:00,13:21:45,45,AGENT,13:21:44,13:26:44,300,AVNI
AA0204,46257,0,0,NE,990914,13:34:39,13:34:51,12,0:00:00,0:00:00,0,AGENT,13:34:49,13:44:45,596,ANAT
AA0204,46258,7741069,2,PS,990914,13:42:38,13:42:44,6,13:42:44,13:43:04,20,AGENT,13:43:03,13:43:05,2,TOVA
AA0204,46259,0,0,NW,990914,13:50:45,13:50:55,10,13:50:55,13:57:57,422,AGENT,13:57:57,14:01:06,189,AVNI
AA0204,46260,57948051,2,PS,990914,14:07:46,14:07:51,5,14:07:51,14:10:40,169,AGENT,14:10:39,14:14:49,250,YIFAT
AA0204,46261,0,0,NW,990914,14:17:34,14:17:35,1,0:00:00,0:00:00,0,HANG,0:00:00,0:00:00,0,NO_SERVER
AA0204,46262,0,0,NW,990914,14:23:08,14:23:17,9,14:23:17,14:26:53,216,HANG,0:00:00,0:00:00,0,NO_SERVER
AA0204,46263,0,0,NW,990914,14:36:14,14:36:23,9,14:36:23,14:43:29,426,HANG,0:00:00,0:00:00,0,NO_SERVER
AA0204,46264,76803717,2,NE,990914,14:49:30,14:49:36,6,14:49:36,14:50:36,60,AGENT,14:50:35,14:51:19,44,BASCH
AA0204,46265,0,0,NW,990914,15:01:46,15:01:56,10,15:01:56,15:02:18,22,HANG,0:00:00,0:00:00,0,NO_SERVER
AA0204,46266,1574243,2,NE,990914,15:11:27,15:11:32,5,15:11:32,15:11:45,13,HANG,0:00:00,0:00:00,0,NO_SERVER
AA0204,46267,9682923,2,PS,990914,15:19:18,15:19:24,6,15:19:24,15:21:51,147,AGENT,15:21:51,15:25:07,196,BASCH
AA0204,46268,36398758,1,PS,990914,15:33:30,15:33:36,6,15:33:36,15:36:49,193,AGENT,15:36:48,15:40:00,192,KAZAV
AA0204,46269,25124181,2,NE,990914,15:45:19,15:45:25,6,15:45:25,15:47:54,149,AGENT,15:47:54,15:51:55,241,NAAMA
AA0204,46270,0,0,NW,990914,15:58:40,15:58:49,9,15:58:49,16:00:00,71,HANG,0:00:00,0:00:00,0,NO_SERVER
AA0204,46271,3664703,2,PS,990914,16:10:06,16:10:12,6,16:10:12,16:10:55,43,AGENT,16:10:42,16:15:10,268,AVNI
AA0204,46272,0,0,NW,990914,16:18:25,16:18:34,9,16:18:34,16:18:39,5,AGENT,16:18:39,16:19:18,39,AVNI
AA0204,46273,25299801,1,PS,990914,16:31:57,16:32:03,6,16:32:03,16:35:43,220,AGENT,16:35:42,16:36:33,51,ROTH
AA0204,46274,0,0,PS,990914,16:44:08,16:44:17,9,0:00:00,0:00:00,0,AGENT,16:44:16,16:44:24,8,SHARON
AA0204,46275,0,0,NW,990914,16:54:42,16:54:51,9,16:54:51,16:55:52,61,AGENT,16:55:51,16:56:42,51,AVNI
AA0204,46276,0,0,PS,990914,17:09:15,17:09:23,8,0:00:00,0:00:00,0,AGENT,17:09:23,17:10:03,40,SHARON
AA0204,46277,0,0,PS,990914,17:21:24,17:21:38,14,0:00:00,0:00:00,0,AGENT,17:21:37,17:22:37,60,SHARON
AA0204,46278,0,0,NW,990914,17:37:28,17:37:37,9,17:37:37,17:38:14,37,AGENT,17:38:14,17:39:25,71,SHARON
AA0204,46279,0,0,PS,990914,17:52:32,17:52:43,11,0:00:00,0:00:00,0,AGENT,17:52:42,17:55:57,195,NAAMA
AA0204,46280,0,0,PS,990914,18:10:36,18:10:51,15,0:00:00,0:00:00,0,AGENT,18:10:50,18:11:14,24,SHARON
AA0204,46281,0,0,NW,990914,18:23:30,18:23:46,16,0:00:00,0:00:00,0,AGENT,18:23:45,18:24:43,58,SHARON
AA0204,46282,0,0,PS,990914,18:41:20,18:41:30,10,0:00:00,0:00:00,0,AGENT,18:41:29,18:48:57,448,ZOHARI
AA0204,46283,30164461,2,NE,990914,18:56:07,18:56:12,5,18:56:12,18:56:41,29,AGENT,18:56:40,18:59:18,158,STEREN
AA0204,46284,0,0,PS,990914,19:16:05,19:16:14,9,0:00:00,0:00:00,0,AGENT,19:16:13,19:17:02,49,ROTH
AA0204,46285,23699390,2,NE,990914,19:37:17,19:37:23,6,19:37:23,19:37:37,14,AGENT,19:37:36,19:38:49,73,ROTH
AA0204,46286,0,0,PS,990914,19:55:45,19:55:53,8,0:00:00,0:00:00,0,AGENT,19:55:52,19:57:07,75,STEREN
AA0204,46287,0,0,NW,990914,20:13:16,20:13:25,9,20:13:25,20:13:28,3,HANG,0:00:00,0:00:00,0,NO_SERVER
AA0204,46288,0,0,PS,990914,20:36:37,20:36:51,14,0:00:00,0:00:00,0,AGENT,20:36:50,20:38:57,127,ZOHARI
AA0204,46289,0,0,PS,990914,20:57:39,20:57:49,10,0:00:00,0:00:00,0,AGENT,20:57:48,21:03:03,315,YITZ
AA0204,46290,0,0,PS,990914,21:25:44,21:26:00,16,0:00:00,0:00:00,0,AGENT,21:25:59,21:26:54,55,BENSION
AA0204,46291,0,0,PS,990914,21:40:59,21:41:09,10,0:00:00,0:00:00,0,AGENT,21:41:08,21:45:46,278,ROTH
AA0204,46292,0,0,PS,990914,21:55:34,21:55:48,14,0:00:00,0:00:00,0,AGENT,21:55:47,21:56:56,69,BENSION
AA0204,46293,30597587,2,PS,990914,22:24:22,22:24:28,6,22:24:28,22:25:27,59,AGENT,22:25:26,22:26:09,43,BENSION
AA0204,46294,22920177,2,PS,990914,22:55:08,22:55:14,6,22:55:14,22:56:07,53,AGENT,22:55:26,23:00:51,325,STEREN
AA0204,46295,0,0,PS,990914,23:21:53,23:22:08,15,0:00:00,0:00:00,0,AGENT,23:22:07,23:23:02,55,BENSION
AA0204,46296,0,0,NW,990914,23:54:29,23:54:39,10,23:54:39,23:54:54,15,AGENT,23:54:53,23:55:02,9,BENSION
AA0204,46297,0,0,NW,990915,6:57:26,6:57:48,22,0:00:00,0:00:00,0,HANG,0:00:00,0:00:00,0,NO_SERVER
AA0204,46298,0,0,PS,990915,7:50:44,7:50:58,14,0:00:00,0:00:00,0,AGENT,7:50:58,7:51:17,19,DORIT
AA0204,46299,0,0,PS,990915,8:11:44,8:11:53,9,0:00:00,0:00:00,0,AGENT,8:11:51,8:13:09,78,ZOHARI
AA0204,46300,0,0,PS,990915,8:24:44,8:24:53,9,0:00:00,0:00:00,0,AGENT,8:24:53,8:26:13,80,SHARON
AA0204,46301,0,0,NW,990915,8:41:45,8:41:55,10,8:41:55,8:43:54,119,AGENT,8:43:53,8:46:13,140,ROTH
AA0204,46302,22665004,1,PS,990915,8:52:58,8:53:04,6,8:53:04,8:54:03,59,AGENT,8:54:02,8:55:15,73,VICKY
AA0204,46303,32389629,2,PS,990915,9:05:41,9:05:47,6,9:05:47,9:06:19,32,AGENT,9:06:19,9:07:17,58,ZOHARI
AA0204,46304,8295875,2,PS,990915,9:12:28,9:12:33,5,9:12:33,9:13:00,27,AGENT,9:12:59,9:14:54,115,KAZAV
AA0204,46305,0,0,NW,990915,9:24:07,9:24:26,19,0:00:00,0:00:00,0,AGENT,9:24:25,9:25:52,87,AVNI
AA0204,46306,0,0,PS,990915,9:37:24,9:37:34,10,0:00:00,0:00:00,0,AGENT,9:37:33,9:38:45,72,KAZAV
AA0204,46307,0,0,PS,990915,9:47:23,9:47:32,9,0:00:00,0:00:00,0,AGENT,9:47:31,9:48:27,56,VICKY
AA0204,46308,8962094,2,NE,990915,9:55:31,9:55:36,5,9:55:36,9:56:04,28,AGENT,9:56:04,9:57:16,72,ROTH
AA0204,46309,0,0,PS,990915,10:05:58,10:06:06,8,0:00:00,0:00:00,0,AGENT,10:06:05,10:07:49,104,STEREN
AA0204,46310,55920755,2,PS,990915,10:15:14,10:15:20,6,10:15:20,10:16:58,98,AGENT,10:16:57,10:31:22,865,YIFAT
AA0204,46311,1574243,2,NE,990915,10:23:49,10:23:55,6,10:23:55,10:24:58,63,AGENT,10:24:57,10:25:34,37,KAZAV
AA0204,46312,65032120,2,NE,990915,10:32:02,10:32:08,6,10:32:08,10:32:13,5,AGENT,10:32:12,10:34:28,136,AVNI
AA0204,46313,22621148,2,PS,990915,10:40:41,10:40:46,5,10:40:46,10:41:11,25,AGENT,10:41:10,10:43:15,125,DORIT
AA0204,46314,0,0,PS,990915,10:50:40,10:50:51,11,0:00:00,0:00:00,0,AGENT,10:50:51,10:51:31,40,VICKY
AA0204,46315,0,0,PS,990915,10:58:23,10:58:32,9,0:00:00,0:00:00,0,AGENT,10:58:32,11:04:31,359,ROTH
AA0204,46316,0,0,NW,990915,11:08:00,11:08:09,9,11:08:09,11:08:33,24,AGENT,11:08:33,11:10:23,110,STEREN
AA0204,46317,0,0,NE,990915,11:17:03,11:17:14,11,0:00:00,0:00:00,0,AGENT,11:17:13,11:21:04,231,ZOHARI
AA0204,46318,0,0,PS,990915,11:28:56,11:29:06,10,0:00:00,0:00:00,0,AGENT,11:29:05,11:29:49,44,VICKY
AA0204,46319,0,0,NE,990915,11:35:56,11:36:10,14,0:00:00,0:00:00,0,AGENT,11:36:09,11:36:53,44,VICKY
AA0204,46320,0,0,PS,990915,11:54:40,11:54:52,12,0:00:00,0:00:00,0,AGENT,11:54:51,11:55:55,64,DORIT
AA0204,46321,0,0,PS,990915,12:04:00,12:04:24,24,0:00:00,0:00:00,0,AGENT,12:04:23,12:07:31,188,GOLDIE
AA0204,46322,0,0,PS,990915,12:16:51,12:17:02,11,0:00:00,0:00:00,0,AGENT,12:17:01,12:19:35,154,AVNI
AA0204,46323,0,0,NW,990915,12:27:36,12:27:50,14,0:00:00,0:00:00,0,AGENT,12:27:49,12:28:26,37,VICKY
AA0204,46324,0,0,PS,990915,12:44:00,12:44:28,28,0:00:00,0:00:00,0,AGENT,12:44:27,12:49:12,285,GOLDIE
AA0204,46325,0,0,NE,990915,12:55:39,12:55:48,9,0:00:00,0:00:00,0,AGENT,12:55:47,12:59:55,248,KAZAV
AA0204,46326,27236389,1,PS,990915,13:07:17,13:07:23,6,13:07:23,13:07:48,25,AGENT,13:07:46,13:11:23,217,AVNI
AA0204,46327,0,0,NE,990915,13:19:32,13:19:41,9,0:00:00,0:00:00,0,AGENT,13:19:40,13:24:53,313,ZOHARI
AA0204,46328,0,0,PS,990915,13:33:03,13:33:12,9,0:00:00,0:00:00,0,AGENT,13:33:11,13:35:48,157,STEREN
AA0204,46329,0,0,PS,990915,13:48:18,13:48:27,9,0:00:00,0:00:00,0,AGENT,13:48:27,13:49:12,45,STEREN
AA0204,46330,0,0,NW,990915,13:58:17,13:58:29,12,0:00:00,0:00:00,0,AGENT,13:58:28,14:13:57,929,MORIAH
AA0204,46331,0,0,PS,990915,14:10:17,14:10:33,16,0:00:00,0:00:00,0,AGENT,14:10:32,14:11:18,46,BASCH
AA0204,46332,0,0,PS,990915,14:19:55,14:20:10,15,0:00:00,0:00:00,0,AGENT,14:20:08,14:24:55,287,GOLDIE
AA0204,46333,0,0,NW,990915,14:33:44,14:33:53,9,14:33:53,14:35:02,69,AGENT,14:35:01,14:37:13,132,GOLDIE
AA0204,46334,0,0,NW,990915,14:42:41,14:42:45,4,14:42:45,14:43:29,44,HANG,0:00:00,0:00:00,0,NO_SERVER
AA0204,46335,0,0,PS,990915,14:50:26,14:50:38,12,0:00:00,0:00:00,0,AGENT,14:50:38,14:56:05,327,BASCH
AA0204,46336,51440469,2,PS,990915,15:03:06,15:03:12,6,15:03:12,15:03:28,16,HANG,0:00:00,0:00:00,0,NO_SERVER
AA0204,46337,0,0,NW,990915,15:10:54,15:11:00,6,0:00:00,0:00:00,0,HANG,0:00:00,0:00:00,0,NO_SERVER
AA0204,46338,32279853,1,PS,990915,15:15:52,15:15:57,5,15:15:57,15:18:49,172,AGENT,15:18:49,15:27:19,510,GOLDIE
AA0204,46339,0,0,PS,990915,15:28:31,15:28:43,12,0:00:00,0:00:00,0,AGENT,15:28:42,15:29:08,26,SHARON
AA0204,46340,13000567,2,PS,990915,15:33:34,15:33:40,6,15:33:40,15:34:25,45,AGENT,15:34:25,15:36:29,124,BASCH
AA0204,46341,51871275,1,PS,990915,15:40:18,15:40:24,6,15:40:24,15:41:13,49,AGENT,15:41:12,15:43:12,120,ANAT
AA0204,46342,3699154,2,NE,990915,15:49:04,15:49:10,6,15:49:10,15:49:21,11,AGENT,15:49:20,15:55:56,396,AVNI
AA0204,46343,51929339,2,NE,990915,16:01:37,16:01:42,5,16:01:42,16:01:59,17,AGENT,16:01:59,16:06:00,241,AVI
AA0204,46344,38338919,1,PS,990915,16:11:21,16:11:26,5,16:11:26,16:12:18,52,AGENT,16:12:18,16:13:23,65,MORIAH
AA0204,46345,0,0,PS,990915,16:27:11,16:27:27,16,0:00:00,0:00:00,0,AGENT,16:27:26,16:32:47,321,AVNI
AA0204,46346,0,0,PS,990915,16:40:12,16:40:21,9,0:00:00,0:00:00,0,AGENT,16:40:21,16:40:34,13,NO_SERVER
AA0204,46347,0,0,NW,990915,16:50:58,16:51:15,17,0:00:00,0:00:00,0,AGENT,16:51:14,16:51:58,44,AVI
AA0204,46348,0,0,NE,990915,17:08:27,17:08:38,11,0:00:00,0:00:00,0,AGENT,17:08:37,17:08:42,5,MORIAH
AA0204,46349,0,0,PS,990915,17:22:13,17:22:22,9,0:00:00,0:00:00,0,AGENT,17:22:21,17:23:13,52,BASCH
AA0204,46350,303610752,1,PE,990915,17:35:24,17:35:28,4,17:35:28,17:37:11,103,AGENT,17:37:09,17:40:49,220,YITZ
AA0204,46351,0,0,PS,990915,18:01:52,18:02:04,12,0:00:00,0:00:00,0,AGENT,18:02:04,18:04:06,122,BASCH
AA0204,46352,0,0,PS,990915,18:22:23,18:22:32,9,0:00:00,0:00:00,0,AGENT,18:22:31,18:23:19,48,BASCH
AA0204,46353,0,0,NE,990915,18:38:18,18:38:30,12,0:00:00,0:00:00,0,AGENT,18:38:29,18:41:23,174,BASCH
AA0204,46354,0,0,PS,990915,18:53:16,18:53:32,16,0:00:00,0:00:00,0,AGENT,18:53:30,18:55:01,91,AVI
AA0204,46355,0,0,PS,990915,19:10:10,19:10:26,16,0:00:00,0:00:00,0,AGENT,19:10:25,19:11:12,47,BENSION
AA0204,46356,0,0,PS,990915,19:35:47,19:35:57,10,0:00:00,0:00:00,0,AGENT,19:35:56,19:37:18,82,AVI
AA0204,46357,0,0,NE,990915,19:55:37,19:55:53,16,0:00:00,0:00:00,0,AGENT,19:55:52,19:57:32,100,MORIAH
AA0204,46358,0,0,PS,990915,20:21:19,20:21:33,14,0:00:00,0:00:00,0,AGENT,20:21:33,20:22:09,36,ANAT
AA0204,46359,0,0,PS,990915,20:40:05,20:40:19,14,0:00:00,0:00:00,0,AGENT,20:40:19,20:41:02,43,BENSION
AA0204,46360,0,0,NE,990915,20:54:32,20:54:42,10,0:00:00,0:00:00,0,AGENT,20:54:42,20:54:45,3,MORIAH
AA0204,46361,14264295,2,PS,990915,21:14:46,21:14:52,6,21:14:52,21:14:57,5,AGENT,21:14:56,21:17:54,178,YITZ
AA0204,46362,54145529,2,PS,990915,21:31:10,21:31:16,6,21:31:16,21:31:25,9,AGENT,21:31:24,21:32:06,42,GELBER
AA0204,46363,24442634,2,PS,990915,21:50:07,21:50:14,7,21:50:14,21:51:45,91,AGENT,21:51:44,21:52:34,50,BENSION
AA0204,46364,54019971,1,PS,990915,22:03:48,22:03:54,6,22:03:54,22:04:54,60,AGENT,22:04:54,22:07:46,172,BENSION
AA0204,46365,0,0,PS,990915,22:25:01,22:25:21,20,0:00:00,0:00:00,0,AGENT,22:25:20,22:27:06,106,AVI
AA0204,46366,0,0,PS,990915,22:56:18,22:56:27,9,0:00:00,0:00:00,0,AGENT,22:56:27,22:57:40,73,AVI
AA0204,46367,0,0,PS,990915,23:36:13,23:36:22,9,0:00:00,0:00:00,0,AGENT,23:36:21,23:37:03,42,AVI
AA0204,46368,0,0,PS,990916,0:52:59,0:53:14,15,0:00:00,0:00:00,0,HANG,0:00:00,0:00:00,0,NO_SERVER
AA0204,46369,0,0,PS,990916,7:23:04,7:23:14,10,0:00:00,0:00:00,0,AGENT,7:23:13,7:23:55,42,TOVA
AA0204,46370,0,0,PS,990916,7:47:25,7:47:38,13,0:00:00,0:00:00,0,AGENT,7:47:38,7:50:12,154,ANAT
AA0204,46371,0,0,PS,990916,8:10:43,8:10:56,13,0:00:00,0:00:00,0,AGENT,8:10:55,8:14:07,192,ZOHARI
AA0204,46372,0,0,PS,990916,8:21:40,8:21:49,9,0:00:00,0:00:00,0,AGENT,8:21:48,8:22:36,48,TOVA
AA0204,46373,0,0,PS,990916,8:39:23,8:39:38,15,0:00:00,0:00:00,0,AGENT,8:39:36,8:39:41,5,NO_SERVER
AA0204,46374,0,0,PS,990916,8:48:42,8:48:51,9,0:00:00,0:00:00,0,AGENT,8:48:50,8:51:57,187,YIFAT
AA0204,46375,0,0,PS,990916,9:00:14,9:00:23,9,0:00:00,0:00:00,0,AGENT,9:00:22,9:01:27,65,ROTH
AA0204,46376,78191137,2,PS,990916,9:09:37,9:09:42,5,9:09:42,9:09:50,8,AGENT,9:09:49,9:12:07,138,KAZAV
AA0204,46377,0,0,NE,990916,9:19:18,9:19:32,14,0:00:00,0:00:00,0,AGENT,9:19:31,9:27:21,470,ELI
AA0204,46378,0,0,PS,990916,9:33:49,9:34:06,17,0:00:00,0:00:00,0,AGENT,9:34:05,9:37:17,192,TOVA
AA0204,46379,0,0,PS,990916,9:49:01,9:49:10,9,0:00:00,0:00:00,0,AGENT,9:49:10,9:56:32,442,ROTH
AA0204,46380,0,0,PS,990916,9:58:02,9:58:11,9,0:00:00,0:00:00,0,AGENT,9:58:10,10:01:49,219,ZOHARI
AA0204,46381,33411901,2,PS,990916,10:08:35,10:08:40,5,10:08:40,10:09:57,77,AGENT,10:09:55,10:11:02,67,ROTH
AA0204,46382,69303097,1,PS,990916,10:18:16,10:18:22,6,10:18:22,10:19:37,75,AGENT,10:19:36,10:30:51,675,ZOHARI
AA0204,46383,58007352,2,PS,990916,10:25:31,10:25:37,6,10:25:37,10:26:04,27,AGENT,10:26:03,10:26:06,3,MORIAH
AA0204,46384,0,0,PS,990916,10:30:00,10:31:17,77,0:00:00,0:00:00,0,HANG,0:00:00,0:00:00,0,NO_SERVER
AA0204,46385,0,0,NW,990916,10:38:18,10:38:27,9,10:38:27,10:38:29,2,HANG,0:00:00,0:00:00,0,NO_SERVER
AA0204,46386,0,0,PS,990916,10:47:12,10:47:22,10,0:00:00,0:00:00,0,AGENT,10:47:21,10:47:32,11,TOVA
AA0204,46387,0,0,NW,990916,11:03:46,11:03:59,13,0:00:00,0:00:00,0,AGENT,11:03:57,11:04:32,35,MORIAH
AA0204,46388,24327207,2,PS,990916,11:15:13,11:15:18,5,11:15:18,11:15:38,20,HANG,0:00:00,0:00:00,0,NO_SERVER
AA0204,46389,52867744,2,PS,990916,11:24:28,11:24:34,6,11:24:34,11:24:46,12,AGENT,11:24:45,11:25:46,61,DORIT
AA0204,46390,24665317,1,PS,990916,11:34:45,11:34:51,6,11:34:51,11:35:21,30,AGENT,11:35:20,11:37:23,123,YIFAT
AA0204,46391,0,0,PS,990916,11:53:08,11:53:18,10,0:00:00,0:00:00,0,AGENT,11:53:16,11:54:23,67,DORIT
AA0204,46392,35758697,2,PS,990916,12:00:39,12:00:44,5,12:00:44,12:01:30,46,AGENT,12:01:28,12:03:54,146,TOVA
AA0204,46393,0,0,PS,990916,12:14:17,12:14:26,9,0:00:00,0:00:00,0,AGENT,12:14:25,12:19:29,304,ROTH
AA0204,46394,0,0,PS,990916,12:22:37,12:22:47,10,0:00:00,0:00:00,0,AGENT,12:22:47,12:23:39,52,DORIT
AA0204,46395,0,0,NE,990916,12:38:34,12:38:43,9,0:00:00,0:00:00,0,AGENT,12:38:42,12:43:40,298,MORIAH
AA0204,46396,15239874,2,PS,990916,12:52:59,12:53:04,5,12:53:04,12:53:36,32,AGENT,12:53:35,12:54:25,50,GOLDIE
AA0204,46397,75746545,2,PS,990916,13:01:49,13:01:54,5,13:01:54,13:02:07,13,AGENT,13:02:06,13:02:16,10,MORIAH
AA0204,46398,8258329,2,NE,990916,13:13:23,13:13:28,5,13:13:28,13:13:36,8,AGENT,13:13:36,13:14:56,80,MORIAH
AA0204,46399,29665320,2,PS,990916,13:23:48,13:23:54,6,13:23:54,13:24:38,44,AGENT,13:24:38,13:24:49,11,GOLDIE
AA0204,46400,14740062,1,PS,990916,13:32:28,13:32:33,5,13:32:33,13:34:45,132,AGENT,13:34:44,13:37:47,183,ZOHARI
AA0204,46401,0,0,PS,990916,13:43:41,13:43:49,8,0:00:00,0:00:00,0,AGENT,13:43:49,13:50:13,384,DORIT
AA0204,46402,1574243,2,NE,990916,13:54:34,13:54:40,6,13:54:40,13:56:17,97,AGENT,13:56:16,13:57:23,67,ANAT
AA0204,46403,32389629,2,PS,990916,14:06:00,14:06:06,6,14:06:06,14:07:37,91,AGENT,14:07:35,14:08:26,51,STEREN
AA0204,46404,33311739,2,PS,990916,14:12:32,14:12:38,6,14:12:38,14:13:33,55,AGENT,14:13:32,14:15:44,132,ROTH
AA0204,46405,0,0,PS,990916,14:25:47,14:25:57,10,0:00:00,0:00:00,0,AGENT,14:25:56,14:33:39,463,GOLDIE
AA0204,46406,0,0,PS,990916,14:34:36,14:34:44,8,0:00:00,0:00:00,0,AGENT,14:34:44,14:37:57,193,ROTH
AA0204,46407,28898237,1,PS,990916,14:47:24,14:47:29,5,14:47:29,14:47:39,10,AGENT,14:47:39,14:50:45,186,MORIAH
AA0204,46408,0,0,NE,990916,14:53:03,14:53:11,8,0:00:00,0:00:00,0,AGENT,14:53:11,14:53:13,2,MORIAH
AA0204,46409,0,0,NE,990916,14:58:09,14:58:20,11,0:00:00,0:00:00,0,AGENT,14:58:20,15:13:03,883,ELI
AA0204,46410,63611537,2,PS,990916,15:05:04,15:05:10,6,15:05:10,15:14:34,564,AGENT,15:14:33,15:16:03,90,DORIT
AA0204,46411,54539366,1,PS,990916,15:20:18,15:20:24,6,15:20:24,15:21:49,85,HANG,0:00:00,0:00:00,0,NO_SERVER
AA0204,46412,0,0,NW,990916,15:28:43,15:28:53,10,15:28:53,15:29:10,17,HANG,0:00:00,0:00:00,0,NO_SERVER
AA0204,46413,0,0,NW,990916,15:34:12,15:34:21,9,15:34:21,15:34:29,8,HANG,0:00:00,0:00:00,0,NO_SERVER
AA0204,46414,8977126,2,PS,990916,15:38:43,15:38:49,6,15:38:49,15:42:21,212,AGENT,15:42:20,15:42:55,35,KAZAV
AA0204,46415,0,0,NW,990916,15:50:04,15:50:13,9,15:50:13,15:51:28,75,HANG,0:00:00,0:00:00,0,NO_SERVER
AA0204,46416,8258329,2,NE,990916,15:56:14,15:56:20,6,15:56:20,15:58:05,105,AGENT,15:58:04,15:59:32,88,ELI
AA0204,46417,38238598,2,PS,990916,16:06:52,16:06:57,5,16:06:57,16:07:22,25,AGENT,16:07:22,16:08:49,87,GOLDIE
AA0204,46418,0,0,PS,990916,16:16:57,16:17:06,9,0:00:00,0:00:00,0,AGENT,16:17:05,16:17:06,1,AVI
AA0204,46419,24206906,2,PS,990916,16:32:30,16:32:36,6,16:32:36,16:33:22,46,AGENT,16:33:20,16:36:05,165,STEREN
AA0204,46420,25352329,1,PS,990916,16:43:22,16:43:28,6,16:43:28,16:45:47,139,AGENT,16:45:46,16:46:56,70,VICKY
AA0204,46421,52867744,2,PS,990916,16:57:53,16:57:59,6,16:57:59,17:00:49,170,AGENT,17:00:48,17:05:29,281,GOLDIE
AA0204,46422,52867744,2,NE,990916,17:18:05,17:18:10,5,17:18:10,17:18:33,23,AGENT,17:18:32,17:23:25,293,STEREN
AA0204,46423,58643164,2,PS,990916,17:29:59,17:30:04,5,17:30:04,17:30:33,29,AGENT,17:30:32,17:37:39,427,GOLDIE
AA0204,46424,0,0,PS,990916,17:52:09,17:52:19,10,0:00:00,0:00:00,0,AGENT,17:52:18,17:52:59,41,AVI
AA0204,46425,0,0,NE,990916,18:15:39,18:15:47,8,0:00:00,0:00:00,0,AGENT,18:15:47,18:29:51,844,VICKY
AA0204,46426,0,0,PS,990916,18:38:12,18:38:20,8,0:00:00,0:00:00,0,AGENT,18:38:19,18:39:38,79,STEREN
AA0204,46427,2418036,2,PS,990916,19:05:02,19:05:08,6,19:05:08,19:05:57,49,AGENT,19:05:56,19:06:49,53,MEIR
AA0204,46428,0,0,PS,990916,19:18:45,19:18:57,12,0:00:00,0:00:00,0,AGENT,19:18:56,19:21:22,146,AVI
AA0204,46429,0,0,NE,990916,19:37:32,19:37:44,12,0:00:00,0:00:00,0,AGENT,19:37:43,19:48:10,627,VICKY
AA0204,46430,0,0,PS,990916,20:06:33,20:06:46,13,0:00:00,0:00:00,0,AGENT,20:06:46,20:07:57,71,MEIR
AA0204,46431,0,0,PS,990916,20:46:18,20:46:28,10,0:00:00,0:00:00,0,AGENT,20:46:28,20:49:49,201,VICKY
AA0204,46432,0,0,NW,990916,21:12:12,21:12:29,17,0:00:00,0:00:00,0,AGENT,21:12:27,21:14:46,139,MEIR
AA0204,46433,0,0,PS,990916,21:47:05,21:47:14,9,0:00:00,0:00:00,0,AGENT,21:47:13,21:49:24,131,AVNI
AA0204,46434,27133917,2,PS,990916,22:09:38,22:09:44,6,22:09:44,22:10:40,56,HANG,0:00:00,0:00:00,0,NO_SERVER
AA0204,46435,58704610,2,PS,990916,22:26:07,22:26:13,6,22:26:13,22:26:45,32,AGENT,22:26:44,22:29:20,156,VICKY
AA0204,46436,22608145,2,PS,990916,22:59:09,22:59:14,5,22:59:14,22:59:26,12,AGENT,22:59:25,23:04:11,286,AVNI
AA0204,46437,0,0,PS,990916,23:38:46,23:38:56,10,0:00:00,0:00:00,0,AGENT,23:38:55,23:42:02,187,VICKY
AA0204,46438,0,0,PS,990917,2:17:57,2:18:10,13,0:00:00,0:00:00,0,HANG,0:00:00,0:00:00,0,NO_SERVER
AA0204,46439,0,0,PS,990917,7:31:59,7:32:08,9,0:00:00,0:00:00,0,AGENT,7:32:07,7:33:25,78,SHARON
AA0204,46440,0,0,PS,990917,8:07:07,8:07:22,15,0:00:00,0:00:00,0,AGENT,8:07:21,8:08:29,68,BENSION
AA0204,46441,0,0,PS,990917,8:24:49,8:24:58,9,0:00:00,0:00:00,0,AGENT,8:24:57,8:26:16,79,STEREN
AA0204,46442,41308784,2,PS,990917,8:43:38,8:43:44,6,8:43:44,8:44:25,41,AGENT,8:44:24,8:45:33,69,BENSION
AA0204,46443,56152374,2,PS,990917,8:51:04,8:51:10,6,8:51:10,8:51:31,21,AGENT,8:51:30,8:57:36,366,SHARON
AA0204,46444,58909524,2,PS,990917,9:02:22,9:02:28,6,9:02:28,9:04:00,92,AGENT,9:03:58,9:06:19,141,BENSION
AA0204,46445,0,0,NW,990917,9:20:24,9:20:33,9,9:20:33,9:24:33,240,AGENT,9:24:32,9:27:26,174,SHARON
AA0204,46446,0,0,PS,990917,9:39:06,9:39:16,10,0:00:00,0:00:00,0,AGENT,9:39:15,9:41:39,144,BENSION
AA0204,46447,23883952,1,PS,990917,9:48:54,9:49:00,6,9:49:00,9:51:10,130,AGENT,9:51:09,9:54:01,172,SHARON
AA0204,46448,0,0,NW,990917,10:03:26,10:03:35,9,10:03:35,10:06:54,199,AGENT,10:06:53,10:09:27,154,BENSION
AA0204,46449,0,0,PS,990917,10:19:38,10:19:47,9,0:00:00,0:00:00,0,AGENT,10:19:46,10:45:31,1545,MORIAH
AA0204,46450,307080705,2,PS,990917,10:39:15,10:39:21,6,10:39:21,10:39:27,6,AGENT,10:39:25,10:40:02,37,SHARON
AA0204,46451,0,0,PS,990917,10:59:14,10:59:25,11,0:00:00,0:00:00,0,AGENT,10:59:24,11:01:41,137,SHARON
AA0204,46452,54585823,2,PS,990917,11:14:06,11:14:11,5,11:14:11,11:14:24,13,AGENT,11:14:23,11:16:00,97,SHARON
AA0204,46453,25214305,1,PS,990917,11:28:58,11:29:04,6,11:29:04,11:29:59,55,AGENT,11:29:59,11:33:35,216,SHARON
AA0204,46454,25361189,1,PS,990917,11:50:25,11:50:31,6,11:50:31,11:51:33,62,AGENT,11:51:32,11:51:34,2,MORIAH
AA0204,46455,0,0,PS,990917,12:15:50,12:15:58,8,0:00:00,0:00:00,0,AGENT,12:15:57,12:17:20,83,STEREN
AA0204,46456,0,0,NW,990917,12:35:00,12:35:17,17,0:00:00,0:00:00,0,AGENT,12:35:16,12:35:23,7,BENSION
AA0204,46457,0,0,PS,990917,13:07:41,13:07:54,13,0:00:00,0:00:00,0,AGENT,13:07:54,13:10:38,164,BENSION
AA0204,46458,0,0,PS,990917,13:33:39,13:33:48,9,0:00:00,0:00:00,0,AGENT,13:33:47,13:34:16,29,DORIT
AA0204,46459,0,0,PS,990917,14:26:47,14:27:13,26,0:00:00,0:00:00,0,HANG,0:00:00,0:00:00,0,NO_SERVER
AA0204,46460,0,0,NW,990917,15:18:10,15:18:33,23,0:00:00,0:00:00,0,HANG,0:00:00,0:00:00,0,NO_SERVER
AA0204,46461,0,0,NW,990917,20:59:34,21:00:00,26,0:00:00,0:00:00,0,HANG,0:00:00,0:00:00,0,NO_SERVER
AA0204,46462,0,0,PS,990918,19:00:46,19:00:57,11,0:00:00,0:00:00,0,HANG,0:00:00,0:00:00,0,NO_SERVER
AA0204,46463,29725090,1,PS,990918,19:53:41,19:53:46,5,19:53:46,19:54:05,19,HANG,0:00:00,0:00:00,0,NO_SERVER
AA0204,46464,0,0,PS,990918,20:35:04,20:35:13,9,0:00:00,0:00:00,0,AGENT,20:35:12,20:37:20,128,AVI
AA0204,46465,0,0,PS,990918,21:05:00,21:05:09,9,0:00:00,0:00:00,0,AGENT,21:05:09,21:10:20,311,AVI
AA0204,46466,0,0,PS,990918,21:43:51,21:44:00,9,0:00:00,0:00:00,0,AGENT,21:44:00,21:48:53,293,ROTH
AA0204,46467,306712654,1,PS,990918,22:14:14,22:14:20,6,22:14:20,22:14:33,13,AGENT,22:14:33,22:16:03,90,AVI
AA0204,46468,0,0,PS,990918,23:15:57,23:16:07,10,0:00:00,0:00:00,0,AGENT,23:16:06,23:16:32,26,ROTH
AA0204,46469,0,0,NW,990919,3:28:48,3:29:00,12,0:00:00,0:00:00,0,HANG,0:00:00,0:00:00,0,NO_SERVER
AA0204,46470,0,0,PS,990919,7:36:21,7:36:35,14,0:00:00,0:00:00,0,AGENT,7:36:34,7:39:15,161,TOVA
AA0204,46471,0,0,NW,990919,7:56:14,7:56:27,13,0:00:00,0:00:00,0,AGENT,7:56:26,7:56:59,33,MORIAH
AA0204,46472,0,0,NW,990919,8:14:28,8:14:40,12,0:00:00,0:00:00,0,AGENT,8:14:39,8:15:25,46,ROTH
AA0204,46473,0,0,PS,990919,8:32:59,8:33:15,16,0:00:00,0:00:00,0,AGENT,8:33:09,8:34:08,59,MORIAH
AA0204,46474,27224740,1,PS,990919,8:42:14,8:42:20,6,8:42:20,8:42:30,10,AGENT,8:42:29,8:42:45,16,GILI
AA0204,46475,59249862,2,PS,990919,8:53:46,8:53:52,6,8:53:52,8:54:09,17,AGENT,8:54:08,8:55:09,61,SHARON
AA0204,46476,0,0,PS,990919,9:02:59,9:03:08,9,0:00:00,0:00:00,0,AGENT,9:03:07,9:03:51,44,GILI
AA0204,46477,0,0,PS,990919,9:20:56,9:21:07,11,0:00:00,0:00:00,0,AGENT,9:21:06,9:21:51,45,MORIAH
AA0204,46478,55279970,2,NE,990919,9:38:33,9:39:31,58,9:39:31,9:39:45,14,AGENT,9:39:44,9:43:21,217,GILI
AA0204,46479,0,0,PS,990919,9:54:27,9:54:36,9,0:00:00,0:00:00,0,AGENT,9:54:35,9:57:16,161,AVNI
AA0204,46480,0,0,PS,990919,10:15:02,10:15:13,11,0:00:00,0:00:00,0,AGENT,10:15:12,10:17:10,118,TOVA
AA0204,46481,0,0,PS,990919,10:52:22,10:52:34,12,0:00:00,0:00:00,0,AGENT,10:52:33,10:54:34,121,SHARON
AA0204,46482,3126414,1,PS,990919,11:20:56,11:21:01,5,11:21:01,11:21:30,29,AGENT,11:21:29,11:25:24,235,GELBER
AA0204,46483,0,0,NW,990919,15:40:53,15:41:30,37,0:00:00,0:00:00,0,HANG,0:00:00,0:00:00,0,NO_SERVER
AA0204,46484,0,0,PS,990920,20:40:24,20:40:54,30,0:00:00,0:00:00,0,HANG,0:00:00,0:00:00,0,NO_SERVER
AA0204,46485,0,0,PS,990920,21:19:19,21:19:31,12,0:00:00,0:00:00,0,AGENT,21:19:31,21:20:29,58,DORIT
AA0204,46486,0,0,PS,990920,21:45:38,21:45:49,11,0:00:00,0:00:00,0,AGENT,21:45:48,21:47:07,79,DORIT
AA0204,46487,0,0,PS,990920,22:17:11,22:17:22,11,0:00:00,0:00:00,0,AGENT,22:17:22,22:18:56,94,SHARON
AA0204,46488,0,0,PS,990920,22:45:05,22:45:17,12,0:00:00,0:00:00,0,AGENT,22:45:16,22:46:09,53,SHARON
AA0204,46489,0,0,NE,990920,23:20:18,23:20:28,10,0:00:00,0:00:00,0,AGENT,23:20:27,23:21:31,64,ZOHARI
AA0204,46490,0,0,PS,990921,0:15:01,0:15:59,58,0:00:00,0:00:00,0,HANG,0:00:00,0:00:00,0,NO_SERVER
AA0204,46491,0,0,PS,990921,5:58:54,5:59:02,8,0:00:00,0:00:00,0,HANG,0:00:00,0:00:00,0,NO_SERVER
AA0204,46492,0,0,PS,990921,7:20:47,7:20:58,11,0:00:00,0:00:00,0,AGENT,7:20:57,7:22:54,117,MORIAH
AA0204,46493,15245996,1,PS,990921,7:37:31,7:37:37,6,7:37:37,7:38:29,52,AGENT,7:38:29,7:51:03,754,DORIT
AA0204,46494,0,0,NE,990921,8:01:01,8:01:13,12,0:00:00,0:00:00,0,AGENT,8:01:12,8:02:45,93,AVI
AA0204,46495,0,0,NW,990921,8:17:21,8:17:35,14,0:00:00,0:00:00,0,AGENT,8:17:33,8:18:18,45,YIFAT
AA0204,46496,0,0,PS,990921,8:36:38,8:36:47,9,0:00:00,0:00:00,0,AGENT,8:36:45,8:40:59,254,BASCH
AA0204,46497,0,0,PS,990921,8:47:12,8:47:21,9,0:00:00,0:00:00,0,AGENT,8:47:20,8:48:34,74,YIFAT
AA0204,46498,0,0,PS,990921,9:02:33,9:02:43,10,0:00:00,0:00:00,0,AGENT,9:02:41,9:13:37,656,ANAT
AA0204,46499,0,0,NW,990921,9:15:06,9:15:26,20,0:00:00,0:00:00,0,AGENT,9:15:24,9:16:04,40,AVI
AA0204,46500,0,0,PS,990921,9:23:55,9:24:05,10,0:00:00,0:00:00,0,AGENT,9:24:03,9:25:27,84,BASCH
AA0204,46501,0,0,PS,990921,9:36:01,9:36:10,9,0:00:00,0:00:00,0,AGENT,9:36:09,9:43:32,443,KAZAV
AA0204,46502,0,0,NW,990921,9:46:12,9:46:21,9,9:46:21,9:46:26,5,AGENT,9:46:25,9:47:36,71,AVNI
AA0204,46503,27171685,1,PS,990921,9:51:31,9:51:37,6,9:51:37,9:53:09,92,AGENT,9:53:08,9:55:55,167,MORIAH
AA0204,46504,0,0,PS,990921,9:58:57,9:59:06,9,0:00:00,0:00:00,0,AGENT,9:59:05,10:07:22,497,KAZAV
AA0204,46505,23676497,1,PS,990921,10:06:19,10:06:25,6,10:06:25,10:07:10,45,AGENT,0:00:00,0:00:00,0,BASCH
AA0204,46506,0,0,NW,990921,10:13:18,10:13:27,9,10:13:27,10:14:42,75,AGENT,10:14:42,10:15:15,33,AVNI
AA0204,46507,0,0,NW,990921,10:20:21,10:20:31,10,10:20:31,10:22:03,92,HANG,0:00:00,0:00:00,0,NO_SERVER
AA0204,46508,0,0,PS,990921,10:29:20,10:29:31,11,0:00:00,0:00:00,0,AGENT,10:29:30,10:33:12,222,DORIT
AA0204,46509,23729759,1,PS,990921,10:37:07,10:37:13,6,10:37:13,10:37:49,36,HANG,0:00:00,0:00:00,0,NO_SERVER
AA0204,46510,25388687,1,PS,990921,10:45:53,10:45:58,5,10:45:58,10:46:08,10,AGENT,10:46:07,10:46:57,50,YIFAT
AA0204,46511,0,0,NW,990921,10:54:46,10:54:56,10,10:54:56,10:55:59,63,HANG,0:00:00,0:00:00,0,NO_SERVER
AA0204,46512,0,0,PS,990921,11:01:45,11:01:54,9,0:00:00,0:00:00,0,AGENT,11:01:52,11:01:55,3,AVI
AA0204,46513,3519519,1,PS,990921,11:10:48,11:10:53,5,11:10:53,11:11:39,46,HANG,0:00:00,0:00:00,0,NO_SERVER
AA0204,46514,0,0,PS,990921,11:21:10,11:21:25,15,0:00:00,0:00:00,0,AGENT,11:21:24,11:23:29,125,ANAT
AA0204,46515,0,0,PS,990921,11:29:43,11:29:57,14,0:00:00,0:00:00,0,AGENT,11:29:56,11:31:05,69,BASCH
AA0204,46516,55279970,2,NE,990921,11:45:18,11:45:23,5,11:45:23,11:45:41,18,AGENT,11:45:40,11:45:42,2,MORIAH
AA0204,46517,0,0,PS,990921,11:51:16,11:51:25,9,0:00:00,0:00:00,0,AGENT,11:51:24,11:57:27,363,AVNI
AA0204,46518,0,0,NE,990921,12:03:32,12:03:43,11,0:00:00,0:00:00,0,AGENT,12:03:42,12:08:10,268,MORIAH
AA0204,46519,0,0,NW,990921,12:13:48,12:13:57,9,12:13:57,12:16:22,145,AGENT,12:16:21,12:18:00,99,ANAT
AA0204,46520,0,0,PS,990921,12:28:50,12:29:01,11,0:00:00,0:00:00,0,AGENT,12:29:00,12:31:27,147,MORIAH
AA0204,46521,0,0,PS,990921,12:41:17,12:41:32,15,0:00:00,0:00:00,0,AGENT,12:41:31,12:44:07,156,BASCH
AA0204,46522,0,0,PS,990921,12:58:33,12:58:43,10,0:00:00,0:00:00,0,AGENT,12:58:42,13:02:07,205,AVI
AA0204,46523,0,0,PS,990921,13:08:24,13:08:34,10,0:00:00,0:00:00,0,AGENT,13:08:34,13:14:46,372,DORIT
AA0204,46524,0,0,PS,990921,13:23:40,13:23:55,15,0:00:00,0:00:00,0,AGENT,13:23:54,13:35:18,684,AVI
AA0204,46525,0,0,NE,990921,13:35:13,13:35:20,7,0:00:00,0:00:00,0,AGENT,13:35:20,13:35:55,35,MORIAH
AA0204,46526,3.26702E+11,0,PS,990921,13:41:43,13:41:47,4,13:41:47,13:44:18,151,AGENT,13:44:16,13:44:23,7,MORIAH
AA0204,46527,50347749,1,NE,990921,13:51:34,13:51:40,6,13:51:40,13:53:10,90,AGENT,13:53:09,13:53:12,3,MORIAH
AA0204,46528,0,0,NE,990921,14:01:47,14:02:01,14,0:00:00,0:00:00,0,AGENT,14:02:00,14:04:58,178,BASCH
AA0204,46529,22251797,2,PS,990921,14:11:30,14:11:35,5,14:11:35,14:11:42,7,AGENT,14:11:40,14:13:43,123,YIFAT
AA0204,46530,0,0,PS,990921,14:22:26,14:22:36,10,0:00:00,0:00:00,0,AGENT,14:22:35,14:24:48,133,YIFAT
AA0204,46531,0,0,NE,990921,14:38:11,14:38:21,10,0:00:00,0:00:00,0,AGENT,14:38:20,14:39:07,47,VICKY
AA0204,46532,0,0,PS,990921,14:49:37,14:49:47,10,0:00:00,0:00:00,0,AGENT,14:49:47,14:50:21,34,YIFAT
AA0204,46533,0,0,PS,990921,15:04:36,15:04:49,13,0:00:00,0:00:00,0,AGENT,15:04:47,15:07:52,185,ZOHARI
AA0204,46534,32320327,2,PS,990921,15:14:08,15:14:14,6,15:14:14,15:14:32,18,AGENT,15:14:31,15:15:26,55,BASCH
AA0204,46535,0,0,PS,990921,15:15:38,15:15:44,6,0:00:00,0:00:00,0,HANG,0:00:00,0:00:00,0,NO_SERVER
AA0204,46536,0,0,PS,990921,15:15:58,15:16:13,15,0:00:00,0:00:00,0,AGENT,15:16:12,15:16:15,3,NO_SERVER
AA0204,46537,27147834,1,PS,990921,15:23:58,15:24:04,6,15:24:04,15:28:20,256,AGENT,15:28:19,15:28:46,27,BASCH
AA0204,46538,563189,2,NE,990921,15:34:36,15:34:42,6,15:34:42,15:34:46,4,AGENT,15:34:44,15:35:08,24,TOVA
AA0204,46539,10587137,2,NE,990921,15:42:30,15:42:35,5,15:42:35,15:44:41,126,AGENT,15:44:40,15:45:30,50,ROTH
AA0204,46540,0,0,NW,990921,15:53:04,15:53:14,10,15:53:14,15:53:20,6,HANG,0:00:00,0:00:00,0,NO_SERVER
AA0204,46541,68652288,1,PS,990921,16:03:21,16:03:27,6,16:03:27,16:04:39,72,HANG,0:00:00,0:00:00,0,NO_SERVER
AA0204,46542,0,0,NW,990921,16:12:13,16:12:22,9,16:12:22,16:12:37,15,AGENT,16:12:36,16:13:28,52,YITZ
AA0204,46543,0,0,NE,990921,16:23:38,16:23:51,13,0:00:00,0:00:00,0,AGENT,16:23:49,16:25:40,111,ZOHARI
AA0204,46544,0,0,PS,990921,16:36:10,16:36:20,10,0:00:00,0:00:00,0,AGENT,16:36:19,16:39:04,165,STEREN
AA0204,46545,0,0,PS,990921,16:46:52,16:47:01,9,0:00:00,0:00:00,0,AGENT,16:47:00,16:50:54,234,AVNI
AA0204,46546,57747453,1,PS,990921,17:07:15,17:07:21,6,17:07:21,17:09:14,113,AGENT,17:09:14,17:11:42,148,TOVA
AA0204,46547,0,0,PS,990921,17:26:04,17:26:12,8,0:00:00,0:00:00,0,AGENT,17:26:12,17:28:14,122,TOVA
AA0204,46548,0,0,PS,990921,17:44:53,17:45:03,10,0:00:00,0:00:00,0,AGENT,17:45:02,17:45:38,36,TOVA
AA0204,46549,0,0,PS,990921,18:05:53,18:06:51,58,0:00:00,0:00:00,0,AGENT,18:06:49,18:07:02,13,GOLDIE
AA0204,46550,0,0,NW,990921,18:22:37,18:22:47,10,18:22:47,18:23:00,13,AGENT,18:22:59,18:23:06,7,YITZ
AA0204,46551,0,0,PS,990921,18:46:05,18:46:16,11,0:00:00,0:00:00,0,AGENT,18:46:15,18:48:07,112,VICKY
AA0204,46552,68001924,2,NE,990921,19:06:05,19:06:11,6,19:06:11,19:06:59,48,AGENT,19:06:58,19:07:40,42,TOVA
AA0204,46553,0,0,PS,990921,19:36:17,19:36:31,14,0:00:00,0:00:00,0,AGENT,19:36:30,19:37:51,81,BENSION
AA0204,46554,24848780,2,PS,990921,19:49:24,19:49:30,6,19:49:30,19:50:08,38,AGENT,19:50:07,19:51:17,70,VICKY
AA0204,46555,0,0,NE,990921,20:16:03,20:16:15,12,0:00:00,0:00:00,0,AGENT,20:16:14,20:29:26,792,TOVA
AA0204,46556,0,0,PS,990921,20:39:14,20:39:27,13,0:00:00,0:00:00,0,AGENT,20:39:26,20:40:11,45,BENSION
AA0204,46557,0,0,NW,990921,20:59:35,20:59:48,13,0:00:00,0:00:00,0,AGENT,20:59:48,20:59:57,9,VICKY
AA0204,46558,0,0,NW,990921,21:13:25,21:13:43,18,0:00:00,0:00:00,0,AGENT,21:13:42,21:14:01,19,BENSION
AA0204,46559,0,0,PS,990921,21:38:11,21:39:19,68,0:00:00,0:00:00,0,AGENT,21:39:18,21:42:19,181,GILI
AA0204,46560,0,0,PS,990921,21:56:34,21:56:44,10,0:00:00,0:00:00,0,AGENT,21:56:44,21:58:08,84,YITZ
AA0204,46561,26109496,1,PS,990921,22:20:59,22:21:05,6,22:21:05,22:21:59,54,AGENT,22:21:58,22:24:32,154,STEREN
AA0204,46562,0,0,PS,990921,22:51:49,22:51:58,9,0:00:00,0:00:00,0,AGENT,22:51:57,22:54:11,134,GILI
AA0204,46563,0,0,PS,990921,23:13:42,23:13:52,10,0:00:00,0:00:00,0,AGENT,23:13:52,23:14:36,44,BENSION
AA0204,46564,0,0,NW,990921,23:45:11,23:45:20,9,23:45:20,23:46:07,47,HANG,0:00:00,0:00:00,0,NO_SERVER
AA0204,46565,0,0,PS,990922,6:49:22,6:49:32,10,0:00:00,0:00:00,0,HANG,0:00:00,0:00:00,0,NO_SERVER
AA0204,46566,0,0,PS,990922,7:29:13,7:29:23,10,0:00:00,0:00:00,0,AGENT,7:29:22,7:30:58,96,GOLDIE
AA0204,46567,0,0,PS,990922,7:47:08,7:47:16,8,0:00:00,0:00:00,0,AGENT,7:47:16,7:49:24,128,VICKY
AA0204,46568,0,0,PS,990922,8:08:04,8:08:14,10,0:00:00,0:00:00,0,AGENT,8:08:13,8:17:39,566,ZOHARI
AA0204,46569,0,0,PS,990922,8:25:42,8:25:51,9,0:00:00,0:00:00,0,AGENT,8:25:50,8:26:43,53,ROTH
AA0204,46570,0,0,PS,990922,8:39:24,8:39:33,9,0:00:00,0:00:00,0,AGENT,8:39:32,8:40:46,74,GOLDIE
AA0204,46571,0,0,PS,990922,8:52:22,8:52:41,19,0:00:00,0:00:00,0,AGENT,8:52:40,8:55:07,147,YIFAT
AA0204,46572,0,0,PS,990922,9:03:12,9:03:22,10,0:00:00,0:00:00,0,AGENT,9:03:21,9:04:48,87,TOVA
AA0204,46573,15189558,2,PS,990922,9:10:05,9:10:13,8,9:10:13,9:10:17,4,AGENT,9:10:16,9:12:19,123,ROTH
AA0204,46574,7915192,2,PS,990922,9:19:52,9:19:57,5,9:19:57,9:21:09,72,AGENT,9:21:08,9:23:05,117,GOLDIE
AA0204,46575,0,0,NW,990922,9:29:26,9:29:39,13,0:00:00,0:00:00,0,AGENT,9:29:38,9:31:04,86,YIFAT
AA0204,46576,0,0,PS,990922,9:41:12,9:41:21,9,0:00:00,0:00:00,0,AGENT,9:41:20,9:43:23,123,ROTH
AA0204,46577,22263115,2,PS,990922,9:48:05,9:48:10,5,9:48:10,9:48:21,11,HANG,0:00:00,0:00:00,0,NO_SERVER
AA0204,46578,50323468,2,PS,990922,9:55:55,9:56:01,6,9:56:01,9:56:06,5,AGENT,9:56:05,9:57:17,72,GOLDIE
AA0204,46579,0,0,PS,990922,10:05:35,10:05:47,12,0:00:00,0:00:00,0,AGENT,10:05:46,10:08:00,134,TOVA
AA0204,46580,17335688,1,PS,990922,10:13:45,10:13:50,5,10:13:50,10:14:58,68,AGENT,10:14:56,10:15:59,63,TOVA
AA0204,46581,25779315,1,PS,990922,10:23:35,10:23:41,6,10:23:41,10:23:54,13,AGENT,10:23:53,10:24:59,66,STEREN
AA0204,46582,34390195,1,PS,990922,10:30:30,10:30:36,6,10:30:36,10:31:58,82,HANG,0:00:00,0:00:00,0,NO_SERVER
AA0204,46583,0,0,PS,990922,10:37:06,10:37:15,9,0:00:00,0:00:00,0,AGENT,10:37:14,10:38:26,72,AVNI
AA0204,46584,0,0,PS,990922,10:45:36,10:45:45,9,0:00:00,0:00:00,0,AGENT,10:45:45,11:07:08,1283,AVNI
AA0204,46585,0,0,PS,990922,10:54:02,10:54:11,9,0:00:00,0:00:00,0,AGENT,10:54:10,10:55:32,82,KAZAV
AA0204,46586,59184507,1,PS,990922,11:02:05,11:02:11,6,11:02:11,11:04:38,147,PHANTOM,11:04:37,11:04:40,3,NO_SERVER
AA0204,46587,10858884,2,NE,990922,11:10:02,11:10:08,6,11:10:08,11:10:18,10,AGENT,11:10:17,11:11:22,65,KAZAV
AA0204,46588,0,0,PS,990922,11:18:58,11:19:08,10,0:00:00,0:00:00,0,AGENT,11:19:07,11:34:22,915,GOLDIE
AA0204,46589,69020915,2,PS,990922,11:25:32,11:25:38,6,11:25:38,11:28:28,170,AGENT,11:28:28,11:30:23,115,AVNI
AA0204,46590,43288190,2,PS,990922,11:35:20,11:35:25,5,11:35:25,11:35:46,21,AGENT,11:35:46,11:38:44,178,VICKY
AA0204,46591,13696810,1,PS,990922,11:44:36,11:44:42,6,11:44:42,11:47:25,163,AGENT,11:47:24,11:48:15,51,VICKY
AA0204,46592,14991483,2,PS,990922,11:53:30,11:53:36,6,11:53:36,11:53:47,11,AGENT,11:53:46,11:55:46,120,YIFAT
AA0204,46593,0,0,PS,990922,12:02:35,12:02:44,9,0:00:00,0:00:00,0,AGENT,12:02:44,12:05:29,165,AVNI
AA0204,46594,1574243,2,NE,990922,12:14:29,12:14:34,5,12:14:34,12:14:43,9,AGENT,12:14:42,12:18:00,198,TOVA
AA0204,46595,0,0,PS,990922,12:27:36,12:27:44,8,0:00:00,0:00:00,0,AGENT,12:27:43,12:28:42,59,STEREN
AA0204,46596,52896875,2,PS,990922,12:40:09,12:40:15,6,12:40:15,12:40:25,10,AGENT,12:40:24,12:41:35,71,VICKY
AA0204,46597,0,0,PS,990922,12:55:56,12:56:06,10,0:00:00,0:00:00,0,AGENT,12:56:06,12:56:14,8,NO_SERVER
AA0204,46598,32387482,1,PS,990922,13:10:09,13:10:30,21,13:10:30,13:11:43,73,AGENT,13:11:42,13:12:19,37,VICKY
AA0204,46599,0,0,NE,990922,13:25:32,13:25:41,9,0:00:00,0:00:00,0,AGENT,13:25:40,13:28:59,199,STEREN
AA0204,46600,0,0,PS,990922,13:41:10,13:41:20,10,0:00:00,0:00:00,0,AGENT,13:41:19,13:42:25,66,KAZAV
AA0204,46601,0,0,PS,990922,13:54:58,13:55:06,8,0:00:00,0:00:00,0,AGENT,13:55:06,13:56:56,110,KAZAV
AA0204,46602,0,0,PS,990922,14:12:02,14:12:11,9,0:00:00,0:00:00,0,AGENT,14:12:10,14:14:00,110,KAZAV
AA0204,46603,0,0,PS,990922,14:22:05,14:22:14,9,0:00:00,0:00:00,0,AGENT,14:22:12,14:31:32,560,STEREN
AA0204,46604,0,0,NW,990922,14:39:13,14:39:28,15,0:00:00,0:00:00,0,AGENT,14:39:27,14:45:28,361,YITZ
AA0204,46605,0,0,PS,990922,14:51:11,14:51:20,9,0:00:00,0:00:00,0,AGENT,14:51:19,14:51:26,7,NO_SERVER
AA0204,46606,0,0,PS,990922,15:00:34,15:00:46,12,0:00:00,0:00:00,0,AGENT,15:00:44,15:06:26,342,YITZ
AA0204,46607,68741495,2,NE,990922,15:11:55,15:12:54,59,15:12:54,15:12:57,3,AGENT,15:12:57,15:17:49,292,STEREN
AA0204,46608,58704610,2,PS,990922,15:21:21,15:21:27,6,15:21:27,15:22:02,35,AGENT,15:22:01,15:25:02,181,KAZAV
AA0204,46609,51277036,2,PS,990922,15:31:33,15:31:39,6,15:31:39,15:31:52,13,HANG,0:00:00,0:00:00,0,NO_SERVER
AA0204,46610,0,0,PS,990922,15:38:12,15:38:21,9,0:00:00,0:00:00,0,AGENT,15:38:20,15:39:41,81,DORIT
AA0204,46611,0,0,NE,990922,15:49:45,15:49:54,9,0:00:00,0:00:00,0,AGENT,15:49:54,15:55:08,314,KAZAV
AA0204,46612,0,0,PS,990922,16:12:16,16:12:38,22,0:00:00,0:00:00,0,AGENT,16:12:37,16:12:41,4,NO_SERVER
AA0204,46613,0,0,NW,990922,16:21:56,16:22:09,13,0:00:00,0:00:00,0,AGENT,16:22:08,16:24:01,113,YITZ
AA0204,46614,0,0,PS,990922,16:30:42,16:30:55,13,0:00:00,0:00:00,0,AGENT,16:30:54,16:30:57,3,NO_SERVER
AA0204,46615,0,0,NW,990922,16:50:40,16:50:55,15,0:00:00,0:00:00,0,AGENT,16:50:55,16:50:55,0,AVI
AA0204,46616,0,0,PS,990922,17:03:15,17:03:24,9,0:00:00,0:00:00,0,AGENT,17:03:23,17:04:32,69,BASCH
AA0204,46617,53357307,2,PS,990922,17:19:12,17:19:18,6,17:19:18,17:19:29,11,PHANTOM,17:19:28,17:19:40,12,NO_SERVER
AA0204,46618,0,0,PS,990922,17:43:35,17:43:47,12,0:00:00,0:00:00,0,AGENT,17:43:46,17:52:21,515,AVI
AA0204,46619,0,0,PS,990922,18:04:13,18:04:23,10,0:00:00,0:00:00,0,AGENT,18:04:22,18:05:14,52,BENSION
AA0204,46620,0,0,PS,990922,18:22:47,18:22:57,10,0:00:00,0:00:00,0,AGENT,18:22:57,18:24:45,108,AVI
AA0204,46621,0,0,PS,990922,18:41:18,18:41:35,17,0:00:00,0:00:00,0,AGENT,18:41:34,18:42:40,66,BENSION
AA0204,46622,0,0,PS,990922,19:11:33,19:11:46,13,0:00:00,0:00:00,0,AGENT,19:11:45,19:13:30,105,BENSION
AA0204,46623,0,0,PS,990922,19:35:53,19:36:12,19,0:00:00,0:00:00,0,AGENT,19:36:11,19:36:12,1,ANAT
AA0204,46624,0,0,PS,990922,19:55:44,19:55:53,9,0:00:00,0:00:00,0,AGENT,19:55:52,19:57:36,104,GILI
AA0204,46625,0,0,PS,990922,20:25:30,20:25:45,15,0:00:00,0:00:00,0,AGENT,20:25:44,20:35:50,606,ANAT
AA0204,46626,0,0,PS,990922,20:54:50,20:55:02,12,0:00:00,0:00:00,0,AGENT,20:55:01,20:55:05,4,MORIAH
AA0204,46627,0,0,PS,990922,21:19:06,21:19:18,12,0:00:00,0:00:00,0,AGENT,21:19:17,21:20:27,70,DORIT
AA0204,46628,0,0,NE,990922,21:45:09,21:45:37,28,0:00:00,0:00:00,0,AGENT,21:45:36,21:46:26,50,GILI
AA0204,46629,0,0,NW,990922,22:10:50,22:11:02,12,0:00:00,0:00:00,0,AGENT,22:11:09,22:11:16,7,NO_SERVER
AA0204,46630,0,0,PS,990922,22:42:46,22:42:56,10,0:00:00,0:00:00,0,AGENT,22:42:56,22:45:44,168,GILI
AA0204,46631,0,0,PS,990922,23:20:21,23:20:29,8,0:00:00,0:00:00,0,AGENT,23:20:28,23:27:42,434,SHARON
AA0204,46632,0,0,NW,990923,1:13:42,1:14:19,37,0:00:00,0:00:00,0,HANG,0:00:00,0:00:00,0,NO_SERVER
AA0204,46633,0,0,PS,990923,7:15:19,7:15:28,9,0:00:00,0:00:00,0,AGENT,7:15:28,7:18:19,171,TOVA
AA0204,46634,0,0,NE,990923,7:42:52,7:43:02,10,0:00:00,0:00:00,0,AGENT,7:43:01,7:47:58,297,ANAT
AA0204,46635,0,0,PS,990923,8:08:07,8:08:22,15,0:00:00,0:00:00,0,AGENT,8:08:21,8:10:03,102,TOVA
AA0204,46636,0,0,PS,990923,8:27:29,8:27:41,12,0:00:00,0:00:00,0,AGENT,8:27:40,8:29:04,84,ANAT
AA0204,46637,0,0,NW,990923,8:39:49,8:40:02,13,0:00:00,0:00:00,0,AGENT,8:40:01,8:42:15,134,VICKY
AA0204,46638,213660,2,PS,990923,8:53:24,8:53:30,6,8:53:30,8:53:42,12,AGENT,8:53:41,8:59:27,346,BASCH
AA0204,46639,58704610,2,PS,990923,9:04:12,9:04:17,5,9:04:17,9:04:27,10,AGENT,9:04:26,9:05:49,83,AVI
AA0204,46640,57918849,1,NE,990923,9:15:31,9:15:36,5,9:15:36,9:17:48,132,HANG,0:00:00,0:00:00,0,NO_SERVER
AA0204,46641,0,0,PS,990923,9:27:07,9:27:18,11,0:00:00,0:00:00,0,AGENT,9:27:17,9:28:58,101,DORIT
AA0204,46642,58704610,2,PS,990923,9:38:35,9:38:41,6,9:38:41,9:39:46,65,AGENT,9:39:45,9:40:56,71,BASCH
AA0204,46643,15578297,2,PS,990923,9:47:32,9:47:37,5,9:47:37,9:48:56,79,AGENT,9:48:55,9:54:56,361,ANAT
AA0204,46644,58704610,2,PS,990923,9:55:53,9:55:59,6,9:55:59,9:56:09,10,HANG,0:00:00,0:00:00,0,NO_SERVER
AA0204,46645,0,0,NE,990923,10:03:26,10:03:35,9,0:00:00,0:00:00,0,AGENT,10:03:34,10:11:27,473,VICKY
AA0204,46646,27247485,2,PS,990923,10:10:29,10:10:35,6,10:10:35,10:10:43,8,HANG,0:00:00,0:00:00,0,NO_SERVER
AA0204,46647,13565361,1,PS,990923,10:16:57,10:17:03,6,10:17:03,10:17:36,33,AGENT,10:17:35,10:19:06,91,DORIT
AA0204,46648,30442495,2,PS,990923,10:24:07,10:24:13,6,10:24:13,10:25:14,61,AGENT,10:25:14,10:25:16,2,VICKY
AA0204,46649,24364804,2,PS,990923,10:31:37,10:31:42,5,10:31:42,10:32:26,44,AGENT,10:32:26,10:34:15,109,BASCH
AA0204,46651,0,0,PS,990923,10:39:37,10:39:37,0,0:00:00,0:00:00,0,HANG,0:00:00,0:00:00,0,NO_SERVER
AA0204,46652,34169912,1,PS,990923,10:45:08,10:45:14,6,10:45:14,10:47:15,121,AGENT,10:47:14,10:49:47,153,ANAT
AA0204,46653,53186953,2,PS,990923,10:55:02,10:55:08,6,10:55:08,10:56:28,80,AGENT,10:56:28,10:56:28,0,AVI
AA0204,46654,52146842,1,PS,990923,11:03:24,11:03:30,6,11:03:30,11:04:14,44,AGENT,11:04:12,11:05:53,101,DORIT
AA0204,46655,10473262,2,PS,990923,11:11:37,11:11:43,6,11:11:43,11:12:02,19,AGENT,11:12:02,11:13:25,83,AVI
AA0204,46656,34818641,1,NE,990923,11:23:57,11:24:03,6,11:24:03,11:27:22,199,AGENT,11:27:21,11:27:23,2,TOVA
AA0204,46657,71820039,2,PS,990923,11:33:10,11:33:16,6,11:33:16,11:33:28,12,AGENT,11:33:27,11:39:46,379,YIFAT
AA0204,46658,0,0,PS,990923,11:44:05,11:44:15,10,0:00:00,0:00:00,0,AGENT,11:44:13,11:47:21,188,VICKY
AA0204,46659,0,0,NW,990923,11:54:00,11:54:24,24,0:00:00,0:00:00,0,AGENT,11:54:23,11:54:49,26,VICKY
AA0204,46660,0,0,PS,990923,12:09:22,12:09:32,10,0:00:00,0:00:00,0,AGENT,12:09:31,12:09:54,23,VICKY
AA0204,46661,0,0,PS,990923,12:16:32,12:16:42,10,0:00:00,0:00:00,0,AGENT,12:16:41,12:17:30,49,YIFAT
AA0204,46662,0,0,NW,990923,12:34:18,12:34:31,13,0:00:00,0:00:00,0,AGENT,12:34:30,12:40:46,376,VICKY
AA0204,46663,0,0,NW,990923,12:49:51,12:50:00,9,12:50:00,12:54:12,252,AGENT,12:54:11,12:58:35,264,ANAT
AA0204,46664,0,0,PS,990923,13:08:23,13:08:32,9,0:00:00,0:00:00,0,AGENT,13:08:31,13:09:59,88,ANAT
AA0204,46665,0,0,PS,990923,13:18:32,13:18:41,9,0:00:00,0:00:00,0,AGENT,13:18:40,13:20:00,80,DORIT
AA0204,46666,27644400,2,PS,990923,13:36:30,13:36:36,6,13:36:36,13:36:59,23,AGENT,13:36:57,13:38:34,97,ANAT
AA0204,46667,14991483,2,PS,990923,13:48:52,13:48:58,6,13:48:58,13:49:44,46,AGENT,13:49:43,13:51:54,131,VICKY
AA0204,46668,0,0,PS,990923,13:57:24,14:12:44,920,0:00:00,0:00:00,0,HANG,0:00:00,0:00:00,0,NO_SERVER
AA0204,46669,0,0,PS,990923,14:39:31,14:39:44,13,0:00:00,0:00:00,0,AGENT,14:39:43,14:39:49,6,YIFAT
AA0204,46670,24927717,1,PS,990923,14:52:25,14:52:31,6,14:52:31,14:52:54,23,AGENT,14:52:53,15:04:29,696,DORIT
AA0204,46671,0,0,NW,990923,15:10:11,15:10:20,9,15:10:20,15:10:25,5,HANG,0:00:00,0:00:00,0,NO_SERVER
AA0204,46672,0,0,PS,990923,15:23:41,15:23:55,14,0:00:00,0:00:00,0,AGENT,15:23:54,15:25:28,94,YIFAT
AA0204,46673,703074,2,PS,990923,15:36:43,15:36:48,5,15:36:48,15:37:55,67,AGENT,15:37:55,15:44:48,413,STEREN
AA0204,46674,0,0,NW,990923,15:54:17,15:54:33,16,0:00:00,0:00:00,0,AGENT,15:54:33,15:59:20,287,STEREN
AA0204,46675,0,0,PS,990923,16:12:27,16:12:37,10,0:00:00,0:00:00,0,AGENT,16:12:36,16:14:27,111,AVNI
AA0204,46676,0,0,PS,990923,16:25:44,16:25:55,11,0:00:00,0:00:00,0,AGENT,16:25:54,16:27:57,123,STEREN
AA0204,46677,0,0,PS,990923,16:43:03,16:43:13,10,0:00:00,0:00:00,0,AGENT,16:43:11,16:46:13,182,YITZ
AA0204,46678,24365959,1,PS,990923,17:03:05,17:03:11,6,17:03:11,17:08:55,344,AGENT,17:08:54,17:20:15,681,AVNI
AA0204,46679,0,0,NW,990923,17:26:46,17:27:01,15,0:00:00,0:00:00,0,AGENT,17:27:00,17:28:56,116,YITZ
AA0204,46680,0,0,PS,990923,17:53:38,17:53:47,9,0:00:00,0:00:00,0,AGENT,17:53:46,17:59:37,351,STEREN
AA0204,46681,0,0,NW,990923,18:16:10,18:16:20,10,18:16:20,18:17:06,46,AGENT,18:17:05,18:21:02,237,STEREN
AA0204,46682,0,0,PS,990923,18:38:46,18:38:56,10,0:00:00,0:00:00,0,AGENT,18:38:55,18:39:57,62,GILI
AA0204,46683,0,0,PS,990923,19:02:25,19:02:36,11,0:00:00,0:00:00,0,AGENT,19:02:35,19:06:33,238,GILI
AA0204,46684,0,0,PS,990923,19:34:58,19:35:08,10,0:00:00,0:00:00,0,AGENT,19:35:08,19:37:54,166,ZOHARI
AA0204,46685,0,0,PS,990923,19:58:21,19:58:32,11,0:00:00,0:00:00,0,AGENT,19:58:31,19:59:22,51,MEIR
AA0204,46686,0,0,PS,990923,20:37:06,20:37:19,13,0:00:00,0:00:00,0,AGENT,20:37:19,20:38:33,74,GILI
AA0204,46687,0,0,NE,990923,21:12:53,21:13:02,9,0:00:00,0:00:00,0,AGENT,21:13:01,21:13:50,49,SHARON
AA0204,46688,0,0,NW,990923,22:09:35,22:09:49,14,0:00:00,0:00:00,0,AGENT,22:09:48,22:10:35,47,YITZ
AA0204,46689,0,0,PS,990923,22:51:01,22:51:10,9,0:00:00,0:00:00,0,AGENT,22:51:10,22:52:59,109,STEREN
AA0204,46690,0,0,PS,990923,23:33:48,23:33:57,9,0:00:00,0:00:00,0,AGENT,23:33:56,23:36:34,158,AVNI
AA0204,46691,0,0,PS,990924,6:13:09,6:13:24,15,0:00:00,0:00:00,0,HANG,0:00:00,0:00:00,0,NO_SERVER
AA0204,46692,0,0,PS,990924,7:44:57,7:45:12,15,0:00:00,0:00:00,0,AGENT,7:45:11,7:46:22,71,ANAT
AA0204,46693,0,0,PS,990924,8:15:55,8:16:12,17,0:00:00,0:00:00,0,AGENT,8:16:11,8:17:22,71,BASCH
AA0204,46694,4005617,2,PS,990924,8:38:06,8:38:12,6,8:38:12,8:39:39,87,AGENT,8:39:38,8:43:12,214,BASCH
AA0204,46695,56472442,1,PS,990924,8:52:51,8:52:56,5,8:52:56,8:53:47,51,AGENT,8:53:47,8:59:06,319,BASCH
AA0204,46696,0,0,NW,990924,9:18:24,9:18:34,10,9:18:34,9:23:02,268,AGENT,9:23:01,9:24:01,60,SHARON
AA0204,46697,0,0,NW,990924,9:45:44,9:45:52,8,9:45:52,9:47:06,74,HANG,0:00:00,0:00:00,0,NO_SERVER
AA0204,46698,0,0,PS,990924,9:57:54,9:58:05,11,0:00:00,0:00:00,0,AGENT,9:58:04,9:58:41,37,SHARON
AA0204,46699,0,0,PS,990924,10:21:22,10:21:36,14,0:00:00,0:00:00,0,AGENT,10:21:35,10:24:43,188,BASCH
AA0204,46700,0,0,NE,990924,10:42:43,10:42:59,16,0:00:00,0:00:00,0,AGENT,10:42:57,10:46:44,227,ANAT
AA0204,46701,50002161,2,PS,990924,10:57:31,10:57:36,5,10:57:36,10:58:41,65,HANG,0:00:00,0:00:00,0,NO_SERVER
AA0204,46702,0,0,PS,990924,11:10:37,11:10:52,15,0:00:00,0:00:00,0,AGENT,11:10:51,11:12:04,73,SHARON
AA0204,46703,0,0,PS,990924,11:46:56,11:47:14,18,0:00:00,0:00:00,0,AGENT,11:47:13,11:47:54,41,ANAT
AA0204,46704,0,0,PS,990924,12:08:14,12:08:34,20,0:00:00,0:00:00,0,AGENT,12:08:33,12:09:37,64,ANAT
AA0204,46705,0,0,PS,990924,12:26:52,12:27:03,11,0:00:00,0:00:00,0,AGENT,12:27:02,12:28:10,68,ANAT
AA0204,46706,0,0,PS,990924,12:53:23,12:53:35,12,0:00:00,0:00:00,0,AGENT,12:53:34,12:54:07,33,DORIT
AA0204,46707,0,0,PS,990924,13:28:25,13:28:34,9,0:00:00,0:00:00,0,AGENT,13:28:33,13:30:03,90,SHARON
AA0204,46709,0,0,PS,990924,14:12:33,14:12:33,0,0:00:00,0:00:00,0,HANG,0:00:00,0:00:00,0,NO_SERVER
AA0204,46710,0,0,PS,990924,16:11:18,16:11:33,15,0:00:00,0:00:00,0,HANG,0:00:00,0:00:00,0,NO_SERVER
AA0204,46711,0,0,PS,990925,15:20:59,15:21:11,12,0:00:00,0:00:00,0,HANG,0:00:00,0:00:00,0,NO_SERVER
AA0204,46712,0,0,NW,990925,20:24:15,20:24:31,16,0:00:00,0:00:00,0,AGENT,20:24:31,20:25:27,56,AVI
AA0204,46713,0,0,PS,990925,21:13:41,21:13:50,9,0:00:00,0:00:00,0,AGENT,21:13:49,21:14:24,35,BASCH
AA0204,46714,0,0,NW,990925,22:15:58,22:16:13,15,0:00:00,0:00:00,0,AGENT,22:16:13,22:16:13,0,AVI
AA0204,46715,0,0,PS,990925,23:20:27,23:20:37,10,0:00:00,0:00:00,0,AGENT,23:20:36,23:21:58,82,ZOHARI
AA0204,46716,0,0,PS,990926,7:32:37,7:32:48,11,0:00:00,0:00:00,0,AGENT,7:32:47,7:36:23,216,ZOHARI
AA0204,46717,0,0,PS,990926,8:14:02,8:14:12,10,0:00:00,0:00:00,0,AGENT,8:14:12,8:15:28,76,DORIT
AA0204,46718,0,0,PS,990926,8:41:07,8:41:19,12,0:00:00,0:00:00,0,AGENT,8:41:17,8:42:32,75,ZOHARI
AA0204,46719,0,0,PS,990926,9:01:18,9:01:27,9,0:00:00,0:00:00,0,AGENT,9:01:25,9:03:52,147,VICKY
AA0204,46720,0,0,PS,990926,9:18:16,9:18:26,10,0:00:00,0:00:00,0,AGENT,9:18:25,9:21:54,209,YITZ
AA0204,46721,0,0,PS,990926,9:30:19,9:30:31,12,0:00:00,0:00:00,0,AGENT,9:30:30,9:31:14,44,DORIT
AA0204,46722,0,0,PS,990926,9:44:08,9:44:18,10,0:00:00,0:00:00,0,AGENT,9:44:17,9:45:29,72,VICKY
AA0204,46723,23530603,2,PS,990926,9:51:26,9:51:32,6,9:51:32,9:51:48,16,HANG,0:00:00,0:00:00,0,NO_SERVER
AA0204,46724,0,0,PS,990926,10:00:09,10:00:18,9,0:00:00,0:00:00,0,AGENT,10:00:17,10:05:50,333,YITZ
AA0204,46725,0,0,PS,990926,10:13:40,10:13:50,10,0:00:00,0:00:00,0,AGENT,10:13:49,10:14:33,44,YIFAT
AA0204,46726,314421132,1,PS,990926,10:27:38,10:27:44,6,10:27:44,10:29:02,78,AGENT,10:29:01,10:29:01,0,VICKY
AA0204,46727,0,0,PS,990926,10:47:38,10:47:49,11,0:00:00,0:00:00,0,AGENT,10:47:48,10:50:14,146,AVNI
AA0204,46728,69604411,2,NE,990926,10:56:36,10:56:42,6,10:56:42,10:59:05,143,AGENT,10:59:04,11:03:06,242,ZOHARI
AA0204,46729,12770798,2,PS,990926,11:05:34,11:05:40,6,11:05:40,11:05:52,12,AGENT,11:05:52,11:07:12,80,YIFAT
AA0204,46730,31855968,1,PS,990926,11:16:44,11:16:49,5,11:16:49,11:17:16,27,AGENT,11:17:14,11:20:39,205,ZOHARI
AA0204,46731,0,0,PS,990926,11:26:45,11:26:56,11,0:00:00,0:00:00,0,AGENT,11:26:54,11:27:36,42,YITZ
AA0204,46732,0,0,PS,990926,11:39:41,11:39:50,9,0:00:00,0:00:00,0,AGENT,11:39:50,11:44:41,291,DORIT
AA0204,46733,55279970,2,NE,990926,11:50:46,11:50:51,5,11:50:51,11:51:39,48,AGENT,11:51:38,12:00:02,504,ZOHARI
AA0204,46734,0,0,PS,990926,12:08:57,12:09:06,9,0:00:00,0:00:00,0,AGENT,12:09:05,12:09:45,40,VICKY
AA0204,46735,0,0,PS,990926,12:26:40,12:26:50,10,0:00:00,0:00:00,0,AGENT,12:26:49,12:30:40,231,AVNI
AA0204,46736,0,0,PS,990926,12:52:50,12:53:01,11,0:00:00,0:00:00,0,AGENT,12:53:00,13:02:03,543,YITZ
AA0204,46737,0,0,PS,990926,13:14:17,13:14:27,10,0:00:00,0:00:00,0,AGENT,13:14:26,13:15:51,85,TOVA
AA0204,46738,0,0,PS,990926,13:27:09,13:27:18,9,0:00:00,0:00:00,0,AGENT,13:27:17,13:29:51,154,ZOHARI
AA0204,46739,0,0,PS,990926,13:42:13,13:42:23,10,0:00:00,0:00:00,0,AGENT,13:42:22,13:43:56,94,ZOHARI
AA0204,46740,0,0,PS,990926,14:00:53,14:01:03,10,0:00:00,0:00:00,0,AGENT,14:01:03,14:02:01,58,DORIT
AA0204,46741,25124181,2,NE,990926,14:11:52,14:11:57,5,14:11:57,14:12:22,25,AGENT,14:12:21,14:15:26,185,DORIT
AA0204,46742,0,0,NE,990926,14:34:31,14:34:40,9,0:00:00,0:00:00,0,AGENT,14:34:39,14:42:17,458,AVNI
AA0204,46743,28744530,1,PS,990926,14:52:15,14:52:21,6,14:52:21,14:52:47,26,AGENT,14:52:46,14:54:10,84,ZOHARI
AA0204,46744,0,0,NW,990926,15:12:33,15:12:47,14,0:00:00,0:00:00,0,AGENT,15:12:46,15:13:38,52,VICKY
AA0204,46745,0,0,PS,990926,15:45:08,15:45:17,9,0:00:00,0:00:00,0,AGENT,15:45:17,15:47:43,146,TOVA
AA0204,46746,0,0,NW,990926,16:09:28,16:09:39,11,0:00:00,0:00:00,0,AGENT,16:09:43,16:09:49,6,NO_SERVER
AA0204,46747,0,0,PS,990926,16:45:12,16:45:20,8,0:00:00,0:00:00,0,AGENT,16:45:19,16:54:57,578,MORIAH
AA0204,46748,0,0,PS,990926,17:22:55,17:23:12,17,0:00:00,0:00:00,0,AGENT,17:23:12,17:27:10,238,DARMON
AA0204,46749,0,0,PS,990926,18:05:41,18:05:54,13,0:00:00,0:00:00,0,AGENT,18:05:54,18:12:50,416,BENSION
AA0204,46750,0,0,PS,990926,18:39:03,18:39:14,11,0:00:00,0:00:00,0,AGENT,18:39:14,18:41:39,145,TOVA
AA0204,46751,0,0,PS,990926,19:10:50,19:11:01,11,0:00:00,0:00:00,0,AGENT,19:11:00,19:12:46,106,TOVA
AA0204,46752,0,0,PS,990926,20:01:18,20:01:30,12,0:00:00,0:00:00,0,AGENT,20:01:32,20:02:58,86,NO_SERVER
AA0204,46753,0,0,PS,990926,20:55:42,20:55:51,9,0:00:00,0:00:00,0,AGENT,20:55:50,20:58:27,157,BENSION
AA0204,46754,0,0,PS,990926,21:59:30,21:59:49,19,0:00:00,0:00:00,0,AGENT,21:59:47,22:00:29,42,BENSION
AA0204,46755,0,0,PS,990926,23:30:31,23:30:42,11,0:00:00,0:00:00,0,AGENT,23:30:41,23:32:44,123,MORIAH
AA0204,46756,0,0,PS,990927,7:29:10,7:29:23,13,0:00:00,0:00:00,0,AGENT,7:29:23,7:29:28,5,NO_SERVER
AA0204,46757,0,0,PS,990927,8:16:12,8:16:22,10,0:00:00,0:00:00,0,AGENT,8:16:21,8:20:03,222,BENSION
AA0204,46758,0,0,NW,990927,8:40:25,8:40:42,17,0:00:00,0:00:00,0,AGENT,8:40:40,8:41:31,51,BENSION
AA0204,46759,0,0,NE,990927,8:56:18,8:56:31,13,0:00:00,0:00:00,0,AGENT,8:56:30,8:58:43,133,ELI
AA0204,46760,0,0,PS,990927,9:11:14,9:11:19,5,0:00:00,0:00:00,0,HANG,0:00:00,0:00:00,0,NO_SERVER
AA0204,46761,29474020,2,PS,990927,9:30:21,9:30:27,6,9:30:27,9:30:46,19,AGENT,9:30:46,9:31:49,63,ZOHARI
AA0204,46762,0,0,PS,990927,9:41:06,9:41:16,10,0:00:00,0:00:00,0,AGENT,9:41:15,9:43:06,111,YITZ
AA0204,46763,50347749,1,NE,990927,9:54:22,9:54:27,5,9:54:27,9:54:49,22,HANG,0:00:00,0:00:00,0,NO_SERVER
AA0204,46764,56147150,1,PS,990927,10:03:16,10:03:21,5,10:03:21,10:04:01,40,HANG,0:00:00,0:00:00,0,NO_SERVER
AA0204,46765,56765985,2,PS,990927,10:12:31,10:12:37,6,10:12:37,10:12:52,15,AGENT,10:12:50,10:14:58,128,ZOHARI
AA0204,46766,29474020,2,PS,990927,10:26:53,10:26:59,6,10:26:59,10:27:46,47,AGENT,10:27:45,10:29:08,83,BENSION
AA0204,46767,0,0,NW,990927,10:40:41,10:40:51,10,10:40:51,10:47:47,416,AGENT,10:47:46,10:49:06,80,BENSION
AA0204,46768,57513418,2,PS,990927,10:58:31,10:58:36,5,10:58:36,10:58:56,20,AGENT,10:58:55,11:09:17,622,TOVA
AA0204,46769,25747916,1,PS,990927,11:07:23,11:07:29,6,11:07:29,11:12:25,296,PHANTOM,11:12:24,11:12:28,4,NO_SERVER
AA0204,46770,0,0,PS,990927,11:27:08,11:27:17,9,0:00:00,0:00:00,0,AGENT,11:27:16,11:28:17,61,TOVA
AA0204,46771,0,0,PS,990927,11:39:38,11:39:48,10,0:00:00,0:00:00,0,AGENT,11:39:47,11:40:07,20,TOVA
AA0204,46772,37635950,2,PS,990927,11:51:47,11:51:53,6,11:51:53,11:52:17,24,AGENT,11:52:16,11:54:15,119,BASCH
AA0204,46773,0,0,PS,990927,12:06:05,12:06:18,13,0:00:00,0:00:00,0,AGENT,12:06:16,12:09:42,206,TOVA
AA0204,46774,0,0,NW,990927,12:24:21,12:24:34,13,0:00:00,0:00:00,0,AGENT,12:24:33,12:24:45,12,VICKY
AA0204,46775,0,0,NE,990927,12:38:17,12:38:30,13,0:00:00,0:00:00,0,AGENT,12:38:29,12:40:45,136,TOVA
AA0204,46776,0,0,NW,990927,12:53:25,12:53:34,9,12:53:34,12:57:24,230,AGENT,12:54:09,12:58:55,286,PINHAS
AA0204,46777,0,0,PS,990927,13:14:01,13:14:11,10,0:00:00,0:00:00,0,AGENT,13:14:10,13:14:59,49,BASCH
AA0204,46778,0,0,PS,990927,13:31:29,13:31:39,10,0:00:00,0:00:00,0,AGENT,13:31:38,13:33:27,109,ZOHARI
AA0204,46779,0,0,NE,990927,13:44:32,13:44:42,10,0:00:00,0:00:00,0,AGENT,13:44:42,13:52:06,444,ZOHARI
AA0204,46780,12262838,1,PS,990927,14:00:04,14:00:09,5,14:00:09,14:01:26,77,AGENT,14:01:25,14:04:32,187,BASCH
AA0204,46781,10858884,2,NE,990927,14:16:08,14:16:13,5,14:16:13,14:16:21,8,AGENT,14:16:20,14:17:31,71,SHARON
AA0204,46782,0,0,PS,990927,14:29:09,14:29:17,8,0:00:00,0:00:00,0,AGENT,14:29:16,14:30:03,47,BASCH
AA0204,46783,68297498,2,PS,990927,14:44:14,14:44:20,6,14:44:20,14:45:31,71,AGENT,14:45:30,14:46:05,35,ANAT
AA0204,46784,0,0,PS,990927,15:07:02,15:07:11,9,0:00:00,0:00:00,0,AGENT,15:07:10,15:09:11,121,BASCH
AA0204,46785,0,0,PS,990927,15:35:33,15:35:43,10,0:00:00,0:00:00,0,AGENT,15:35:42,15:37:27,105,YITZ
AA0204,46786,0,0,NE,990927,16:22:40,16:22:50,10,0:00:00,0:00:00,0,AGENT,16:22:49,16:22:52,3,MORIAH
AA0204,46787,0,0,PS,990927,16:37:00,16:37:11,11,0:00:00,0:00:00,0,AGENT,16:37:10,16:39:22,132,ANAT
AA0204,46788,0,0,PS,990927,17:27:12,17:27:31,19,0:00:00,0:00:00,0,AGENT,17:27:30,17:29:23,113,ANAT
AA0204,46789,0,0,NW,990927,17:44:47,17:45:00,13,0:00:00,0:00:00,0,AGENT,17:44:59,17:45:25,26,AVNI
AA0204,46790,23699390,2,PS,990927,18:26:17,18:26:26,9,18:26:26,18:26:38,12,AGENT,18:26:25,18:28:49,144,AVNI
AA0204,46791,0,0,PS,990927,18:55:55,18:56:05,10,0:00:00,0:00:00,0,AGENT,18:56:03,18:58:04,121,GILI
AA0204,46792,0,0,PS,990927,19:36:19,19:36:28,9,0:00:00,0:00:00,0,AGENT,19:36:27,19:43:40,433,GILI
AA0204,46793,0,0,NW,990927,20:18:22,20:18:34,12,0:00:00,0:00:00,0,AGENT,20:18:34,20:19:18,44,MORIAH
AA0204,46794,0,0,PS,990927,21:20:06,21:20:16,10,0:00:00,0:00:00,0,AGENT,21:20:15,21:20:34,19,GILI
AA0204,46795,0,0,NE,990927,21:55:42,21:55:53,11,0:00:00,0:00:00,0,AGENT,21:55:53,22:03:20,447,DARMON
AA0204,46796,0,0,NE,990927,22:28:52,22:29:04,12,0:00:00,0:00:00,0,AGENT,22:29:04,22:31:31,147,SHARON
AA0204,46797,0,0,PS,990927,23:39:33,23:39:42,9,0:00:00,0:00:00,0,AGENT,23:39:41,23:41:44,123,SHARON
AA0204,46798,0,0,PS,990928,6:31:11,6:31:24,13,0:00:00,0:00:00,0,HANG,0:00:00,0:00:00,0,NO_SERVER
AA0204,46799,0,0,PS,990928,7:53:50,7:53:59,9,0:00:00,0:00:00,0,AGENT,7:53:58,8:00:05,367,YIFAT
AA0204,46800,35758697,2,PS,990928,8:25:01,8:25:06,5,8:25:06,8:27:05,119,AGENT,8:27:04,8:32:24,320,ANAT
AA0204,46801,23793904,2,PS,990928,8:48:02,8:48:07,5,8:48:07,8:49:28,81,AGENT,8:49:27,8:54:42,315,YIFAT
AA0204,46802,50454370,2,PS,990928,9:02:51,9:02:56,5,9:02:56,9:03:01,5,AGENT,9:03:00,9:04:39,99,YIFAT
AA0204,46803,308802511,1,PS,990928,9:22:10,9:22:16,6,9:22:16,9:24:02,106,AGENT,9:24:01,9:26:21,140,AVNI
AA0204,46804,7191646,2,NE,990928,9:34:06,9:34:11,5,9:34:11,9:36:34,143,AGENT,9:36:33,9:52:53,980,AVNI
AA0204,46805,69687275,2,PS,990928,9:51:04,9:51:09,5,9:51:09,9:53:53,164,AGENT,9:53:52,9:57:24,212,ANAT
AA0204,46806,0,0,PS,990928,10:03:44,10:08:04,260,0:00:00,0:00:00,0,HANG,0:00:00,0:00:00,0,NO_SERVER
AA0204,46807,2004935,2,PS,990928,10:16:12,10:16:18,6,10:16:18,10:18:55,157,AGENT,10:18:53,10:20:34,101,YIFAT
AA0204,46808,24393688,1,PS,990928,10:27:40,10:27:46,6,10:27:46,10:31:29,223,AGENT,10:31:29,10:38:24,415,YIFAT
AA0204,46809,33474602,2,PS,990928,10:38:47,10:38:53,6,10:38:53,10:41:29,156,AGENT,10:41:28,10:42:58,90,YIFAT
AA0204,46810,31909146,2,PS,990928,10:53:07,10:53:12,5,10:53:12,10:57:24,252,AGENT,10:57:22,11:00:08,166,ANAT
AA0204,46811,0,0,PS,990928,11:07:36,11:07:46,10,0:00:00,0:00:00,0,AGENT,11:07:46,11:09:37,111,YIFAT
AA0204,46812,42813816,1,NE,990928,11:19:25,11:19:31,6,11:19:31,11:19:34,3,AGENT,11:19:34,11:39:19,1185,ZOHARI
AA0204,46813,24327207,2,PS,990928,11:29:03,11:29:09,6,11:29:09,11:31:40,151,HANG,0:00:00,0:00:00,0,NO_SERVER
AA0204,46814,45447547,2,PS,990928,11:40:00,11:40:06,6,11:40:06,11:40:17,11,AGENT,11:40:17,11:46:26,369,AVNI
AA0204,46815,13100896,1,PS,990928,11:50:26,11:50:32,6,11:50:32,11:54:34,242,AGENT,11:54:33,11:55:44,71,ANAT
AA0204,46816,52031556,2,PS,990928,12:03:59,12:04:04,5,12:04:04,12:04:13,9,HANG,0:00:00,0:00:00,0,NO_SERVER
AA0204,46817,10943918,2,PS,990928,12:08:40,12:08:46,6,12:08:46,12:16:42,476,AGENT,12:16:41,12:17:22,41,AVNI
AA0204,46818,23895501,2,PS,990928,12:24:48,12:24:53,5,12:24:53,12:31:16,383,AGENT,12:31:15,12:35:25,250,YIFAT
AA0204,46819,56765985,2,PS,990928,12:43:18,12:43:23,5,12:43:23,12:44:05,42,AGENT,12:44:05,12:45:07,62,ANAT
AA0204,46820,1258615,2,PS,990928,12:55:16,12:55:21,5,12:55:21,12:55:26,5,AGENT,12:55:25,12:57:43,138,ANAT
AA0204,46821,43288190,2,PS,990928,13:05:45,13:05:51,6,13:05:51,13:07:07,76,AGENT,13:07:06,13:09:33,147,YIFAT
AA0204,46822,0,0,NW,990928,13:22:28,13:22:38,10,0:00:00,0:00:00,0,HANG,0:00:00,0:00:00,0,NO_SERVER
AA0204,46823,54921580,2,PS,990928,13:40:23,13:40:29,6,13:40:29,13:40:38,9,HANG,0:00:00,0:00:00,0,NO_SERVER
AA0204,46824,38378667,1,PS,990928,13:51:26,13:51:31,5,13:51:31,13:54:03,152,AGENT,13:54:02,13:55:59,117,YIFAT
AA0204,46825,31909146,2,PS,990928,14:06:50,14:06:55,5,14:06:55,14:09:16,141,AGENT,14:09:15,14:11:37,142,ZOHARI
AA0204,46826,22263115,2,PS,990928,14:18:34,14:18:40,6,14:18:40,14:19:17,37,AGENT,14:19:17,14:20:11,54,BASCH
AA0204,46827,51035319,2,PS,990928,14:32:36,14:32:42,6,14:32:42,14:34:42,120,AGENT,14:34:41,14:36:13,92,YIFAT
AA0204,46828,27734623,2,PS,990928,14:53:13,14:53:19,6,14:53:19,14:54:01,42,AGENT,14:54:00,14:54:39,39,VICKY
AA0204,46829,0,0,PS,990928,15:20:59,15:21:09,10,0:00:00,0:00:00,0,AGENT,15:21:08,15:21:11,3,NO_SERVER
AA0204,46830,0,0,PS,990928,15:59:07,15:59:22,15,0:00:00,0:00:00,0,AGENT,15:59:22,16:02:09,167,ZOHARI
AA0204,46831,0,0,PS,990928,16:28:25,16:28:36,11,0:00:00,0:00:00,0,AGENT,16:28:35,16:33:02,267,SHARON
AA0204,46832,0,0,PS,990928,16:55:25,16:55:34,9,0:00:00,0:00:00,0,AGENT,16:55:33,16:57:20,107,BASCH
AA0204,46833,0,0,NW,990928,17:23:02,17:23:21,19,0:00:00,0:00:00,0,AGENT,17:23:20,17:23:55,35,YITZ
AA0204,46834,0,0,PS,990928,17:45:42,17:45:55,13,0:00:00,0:00:00,0,AGENT,17:45:55,17:48:08,133,BASCH
AA0204,46835,0,0,PS,990928,18:06:07,18:06:20,13,0:00:00,0:00:00,0,AGENT,18:06:19,18:08:26,127,YITZ
AA0204,46836,0,0,PS,990928,18:41:26,18:41:35,9,0:00:00,0:00:00,0,AGENT,18:41:34,18:43:47,133,BASCH
AA0204,46837,0,0,PS,990928,19:40:24,19:40:34,10,0:00:00,0:00:00,0,AGENT,19:40:34,19:41:23,49,DORIT
AA0204,46838,0,0,PS,990928,20:30:36,20:30:46,10,0:00:00,0:00:00,0,AGENT,20:30:45,20:33:24,159,DORIT
AA0204,46839,0,0,NE,990928,21:04:56,21:05:05,9,0:00:00,0:00:00,0,AGENT,21:05:04,21:09:04,240,SHARON
AA0204,46840,0,0,PS,990928,21:37:45,21:37:59,14,0:00:00,0:00:00,0,AGENT,21:37:59,21:39:38,99,DARMON
AA0204,46841,0,0,PS,990928,22:03:48,22:03:57,9,0:00:00,0:00:00,0,AGENT,22:03:57,22:04:48,51,GILI
AA0204,46842,0,0,NE,990928,22:55:43,22:55:55,12,0:00:00,0:00:00,0,AGENT,22:55:54,22:57:38,104,SHARON
AA0204,46843,0,0,PS,990928,23:52:13,23:52:31,18,0:00:00,0:00:00,0,AGENT,23:52:30,23:54:22,112,DARMON
AA0204,46844,0,0,NE,990929,7:19:23,7:19:36,13,0:00:00,0:00:00,0,AGENT,7:19:35,7:23:37,242,ZOHARI
AA0204,46845,0,0,PS,990929,8:14:44,8:14:55,11,0:00:00,0:00:00,0,AGENT,8:14:54,8:15:42,48,ANAT
AA0204,46846,0,0,NW,990929,8:33:12,8:33:21,9,8:33:21,8:33:40,19,HANG,0:00:00,0:00:00,0,NO_SERVER
AA0204,46847,0,0,PS,990929,8:49:36,8:49:44,8,0:00:00,0:00:00,0,AGENT,8:49:43,8:50:40,57,ANAT
AA0204,46848,0,0,NW,990929,9:07:38,9:07:47,9,9:07:47,9:08:40,53,AGENT,9:08:38,9:11:30,172,ANAT
AA0204,46849,0,0,PS,990929,9:23:09,9:23:18,9,0:00:00,0:00:00,0,AGENT,9:23:18,9:27:08,230,ANAT
AA0204,46851,0,0,PS,990929,9:36:00,9:36:00,0,0:00:00,0:00:00,0,HANG,0:00:00,0:00:00,0,NO_SERVER
AA0204,46852,43745652,2,PS,990929,9:47:00,9:47:06,6,9:47:06,9:47:13,7,HANG,0:00:00,0:00:00,0,NO_SERVER
AA0204,46853,58704610,2,PS,990929,9:53:34,9:53:39,5,9:53:39,9:55:46,127,AGENT,9:55:45,10:08:29,764,YIFAT
AA0204,46854,8477440,2,PS,990929,10:07:20,10:07:26,6,10:07:26,10:09:09,103,AGENT,10:09:08,10:10:44,96,ANAT
AA0204,46855,0,0,PS,990929,10:17:04,10:17:13,9,0:00:00,0:00:00,0,AGENT,10:17:13,10:19:08,115,SHARON
AA0204,46856,58029430,1,PS,990929,10:26:40,10:26:46,6,10:26:46,10:28:18,92,AGENT,10:28:16,10:28:56,40,DORIT
AA0204,46858,0,0,PS,990929,10:38:12,10:38:12,0,0:00:00,0:00:00,0,HANG,0:00:00,0:00:00,0,NO_SERVER
AA0204,46859,69632123,1,PS,990929,10:48:09,10:48:14,5,10:48:14,10:49:11,57,AGENT,10:49:10,10:50:57,107,AVNI
AA0204,46860,54704028,2,PS,990929,10:57:41,10:57:47,6,10:57:47,10:57:59,12,HANG,0:00:00,0:00:00,0,NO_SERVER
AA0204,46861,703074,2,PS,990929,11:05:52,11:05:57,5,11:05:57,11:07:16,79,AGENT,11:07:15,11:07:46,31,AVNI
AA0204,46862,25440017,1,PS,990929,11:15:40,11:15:46,6,11:15:46,11:19:40,234,AGENT,11:19:40,11:23:18,218,AVNI
AA0204,46863,0,0,PS,990929,11:30:39,11:30:48,9,0:00:00,0:00:00,0,AGENT,11:30:48,11:31:29,41,ANAT
AA0204,46864,68741495,2,NE,990929,11:42:09,11:42:15,6,11:42:15,11:42:54,39,AGENT,11:42:53,11:45:45,172,ANAT
AA0204,46865,27036524,2,PS,990929,11:56:17,11:56:23,6,11:56:23,11:56:55,32,AGENT,11:56:54,12:22:48,1554,ZOHARI
AA0204,46866,22263115,2,PS,990929,12:05:55,12:06:01,6,12:06:01,12:07:05,64,AGENT,12:07:04,12:08:37,93,SHARON
AA0204,46867,58704610,2,PS,990929,12:13:13,12:13:18,5,12:13:18,12:14:56,98,AGENT,12:14:55,12:16:25,90,YIFAT
AA0204,46868,25679481,2,PS,990929,12:25:01,12:25:07,6,12:25:07,12:28:39,212,AGENT,12:28:38,12:30:02,84,DORIT
AA0204,46869,37527496,1,PS,990929,12:40:25,12:40:30,5,12:40:30,12:40:37,7,AGENT,12:40:37,12:41:36,59,ANAT
AA0204,46870,0,0,PS,990929,12:55:33,12:55:45,12,0:00:00,0:00:00,0,AGENT,12:55:45,13:02:38,413,ANAT
AA0204,46871,58704610,2,PS,990929,13:09:50,13:09:55,5,13:09:55,13:10:02,7,AGENT,13:10:01,13:12:27,146,ZOHARI
AA0204,46872,6966576,1,PS,990929,13:26:54,13:26:59,5,13:26:59,13:28:30,91,AGENT,13:28:29,13:28:57,28,ZOHARI
AA0204,46873,0,0,PS,990929,13:43:03,13:43:13,10,0:00:00,0:00:00,0,AGENT,13:43:12,13:44:31,79,YIFAT
AA0204,46874,6459051,2,PS,990929,13:54:52,13:54:58,6,13:54:58,13:55:25,27,AGENT,13:55:24,13:55:56,32,BASCH
AA0204,46875,29322047,2,PS,990929,14:07:24,14:07:30,6,14:07:30,14:08:25,55,AGENT,14:08:24,14:10:41,137,DORIT
AA0204,46876,0,0,PS,990929,14:15:50,14:15:54,4,14:15:54,14:18:39,165,PHANTOM,14:18:39,14:18:43,4,NO_SERVER
AA0204,46877,10943918,2,PS,990929,14:27:56,14:28:01,5,14:28:01,14:28:44,43,AGENT,14:28:43,14:30:02,79,SHARON
AA0204,46878,14414726,2,PS,990929,14:45:44,14:45:50,6,14:45:50,14:46:06,16,AGENT,14:46:05,14:46:22,17,BASCH
AA0204,46879,11740826,1,PS,990929,15:13:14,15:13:19,5,15:13:19,15:13:56,37,AGENT,15:13:55,15:16:31,156,BASCH
AA0204,46880,0,0,PS,990929,15:45:09,15:45:18,9,0:00:00,0:00:00,0,AGENT,15:45:18,15:46:53,95,BASCH
AA0204,46881,0,0,NW,990929,16:13:18,16:13:28,10,16:13:28,16:15:30,122,AGENT,16:15:29,16:20:22,293,BASCH
AA0204,46882,0,0,PS,990929,16:40:47,16:40:59,12,0:00:00,0:00:00,0,AGENT,16:40:58,16:41:36,38,BASCH
AA0204,46883,0,0,PS,990929,17:26:40,17:26:50,10,0:00:00,0:00:00,0,AGENT,17:26:50,17:27:36,46,BASCH
AA0204,46884,23793540,1,PS,990929,17:52:37,17:52:46,9,17:52:46,17:53:09,23,AGENT,17:52:46,17:55:17,151,STEREN
AA0204,46885,0,0,PS,990929,18:16:37,18:16:51,14,0:00:00,0:00:00,0,AGENT,18:16:50,18:18:14,84,MEIR
AA0204,46886,0,0,NE,990929,18:46:36,18:46:46,10,0:00:00,0:00:00,0,AGENT,18:46:45,18:48:21,96,BASCH
AA0204,46887,0,0,PS,990929,19:11:49,19:12:00,11,0:00:00,0:00:00,0,AGENT,19:12:00,19:14:37,157,MEIR
AA0204,46888,306925256,1,PS,990929,19:33:09,19:33:14,5,19:33:14,19:33:20,6,HANG,0:00:00,0:00:00,0,NO_SERVER
AA0204,46889,0,0,PS,990929,20:20:15,20:20:29,14,0:00:00,0:00:00,0,AGENT,20:20:28,20:21:07,39,BASCH
AA0204,46890,58704610,2,PS,990929,20:40:16,20:40:22,6,20:40:22,20:41:12,50,AGENT,20:41:12,20:43:34,142,STEREN
AA0204,46891,0,0,PS,990929,21:23:41,21:23:50,9,0:00:00,0:00:00,0,AGENT,21:23:49,21:24:55,66,STEREN
AA0204,46892,0,0,PS,990929,21:55:16,21:55:25,9,0:00:00,0:00:00,0,AGENT,21:55:24,22:12:26,1022,STEREN
AA0204,46893,0,0,PS,990929,22:33:01,22:33:10,9,0:00:00,0:00:00,0,AGENT,22:33:09,22:33:35,26,GILI
AA0204,46894,0,0,PS,990929,23:30:20,23:30:48,28,0:00:00,0:00:00,0,AGENT,23:30:48,23:35:26,278,STEREN
AA0204,46895,0,0,PS,990930,2:31:08,2:31:45,37,0:00:00,0:00:00,0,HANG,0:00:00,0:00:00,0,NO_SERVER
AA0204,46896,0,0,PS,990930,7:37:42,7:37:55,13,0:00:00,0:00:00,0,AGENT,7:37:55,7:38:57,62,ANAT
AA0204,46897,0,0,PS,990930,8:11:00,8:11:14,14,0:00:00,0:00:00,0,AGENT,8:11:13,8:15:36,263,TOVA
AA0204,46898,0,0,PS,990930,8:40:14,8:40:26,12,0:00:00,0:00:00,0,AGENT,8:40:25,8:42:10,105,ANAT
AA0204,46899,0,0,PS,990930,8:55:36,8:55:46,10,0:00:00,0:00:00,0,AGENT,8:55:44,9:08:39,775,ROTH
AA0204,46900,28792448,1,PS,990930,9:11:40,9:11:45,5,9:11:45,9:11:46,1,HANG,0:00:00,0:00:00,0,NO_SERVER
AA0204,46901,0,0,PS,990930,9:21:37,9:21:45,8,0:00:00,0:00:00,0,AGENT,9:21:44,9:26:34,290,YIFAT
AA0204,46902,0,0,NW,990930,9:38:48,9:38:57,9,9:38:57,9:39:34,37,AGENT,9:39:32,9:40:03,31,SHARON
AA0204,46903,23793540,1,PS,990930,9:52:22,9:52:28,6,9:52:28,9:54:56,148,AGENT,9:54:56,9:55:35,39,ANAT
AA0204,46904,30442495,2,PS,990930,9:58:40,9:58:46,6,9:58:46,10:00:29,103,AGENT,10:00:28,10:00:30,2,YIFAT
AA0204,46905,0,0,PS,990930,10:13:41,10:13:49,8,0:00:00,0:00:00,0,AGENT,10:13:49,10:15:52,123,TOVA
AA0204,46906,67158097,2,PS,990930,10:26:12,10:26:18,6,10:26:18,10:27:28,70,AGENT,10:27:28,10:29:14,106,ROTH
AA0204,46907,2043974,1,NE,990930,10:41:32,10:41:38,6,10:41:38,10:44:03,145,AGENT,10:44:02,10:44:57,55,ANAT
AA0204,46908,3374691,2,PS,990930,10:59:29,10:59:35,6,10:59:35,11:00:50,75,AGENT,11:00:49,11:02:08,79,TOVA
AA0204,46909,14779,2,NE,990930,11:05:02,11:05:08,6,11:05:08,11:05:14,6,HANG,0:00:00,0:00:00,0,NO_SERVER
AA0205,48295,0,0,NW,990901,2:13:01,2:13:24,23,0:00:00,0:00:00,0,HANG,0:00:00,0:00:00,0,NO_SERVER
AA0205,48296,0,0,PS,990901,7:12:37,7:12:46,9,0:00:00,0:00:00,0,AGENT,7:12:46,7:13:51,65,GELBER
AA0205,48297,0,0,PS,990901,7:45:16,7:45:28,12,0:00:00,0:00:00,0,AGENT,7:45:28,7:46:22,54,SHARON
AA0205,48298,58793530,2,PS,990901,8:06:22,8:06:28,6,8:06:28,8:06:37,9,AGENT,8:06:36,8:07:23,47,STEREN
AA0205,48299,0,0,PS,990901,8:20:54,8:21:10,16,0:00:00,0:00:00,0,AGENT,8:21:08,8:21:47,39,SHARON
AA0205,48300,0,0,PS,990901,8:34:47,8:34:58,11,0:00:00,0:00:00,0,AGENT,8:34:57,8:36:27,90,NAAMA
AA0205,48301,0,0,PS,990901,8:48:24,8:48:39,15,0:00:00,0:00:00,0,AGENT,8:48:37,8:52:32,235,SHARON
AA0205,48302,0,0,PS,990901,9:03:18,9:03:30,12,0:00:00,0:00:00,0,AGENT,9:03:29,9:03:37,8,SHARON
AA0205,48303,0,0,NE,990901,9:10:40,9:10:51,11,0:00:00,0:00:00,0,AGENT,9:10:49,9:19:22,513,ZOHARI
AA0205,48304,0,0,PS,990901,9:23:17,9:23:27,10,0:00:00,0:00:00,0,AGENT,9:23:26,9:23:58,32,ROTH
AA0205,48305,0,0,NW,990901,9:33:41,9:33:54,13,0:00:00,0:00:00,0,AGENT,9:33:53,9:34:45,52,AVNI
AA0205,48306,0,0,PS,990901,9:43:53,9:44:03,10,0:00:00,0:00:00,0,AGENT,9:44:02,9:56:58,776,ZOHARI
AA0205,48307,7872609,2,PS,990901,9:53:25,9:53:31,6,9:53:31,9:53:41,10,AGENT,9:53:39,9:55:05,86,BASCH
AA0205,48308,28471225,2,PS,990901,10:03:35,10:03:41,6,10:03:41,10:04:15,34,AGENT,10:04:14,10:17:00,766,ROTH
AA0205,48309,303662514,2,PS,990901,10:12:16,10:12:22,6,10:12:22,10:12:38,16,HANG,0:00:00,0:00:00,0,NO_SERVER
AA0205,48310,0,0,PS,990901,10:21:40,10:21:49,9,0:00:00,0:00:00,0,AGENT,10:21:49,10:22:42,53,BASCH
AA0205,48311,0,0,PS,990901,10:30:19,10:30:27,8,0:00:00,0:00:00,0,AGENT,10:30:27,10:32:46,139,SHARON
AA0205,48312,0,0,PS,990901,10:41:27,10:41:37,10,0:00:00,0:00:00,0,AGENT,10:41:35,10:50:42,547,YITZ
AA0205,48313,0,0,PS,990901,10:55:25,10:55:34,9,0:00:00,0:00:00,0,AGENT,10:55:34,10:56:47,73,NAAMA
AA0205,48314,24393902,2,PS,990901,11:05:58,11:06:04,6,11:06:04,11:06:08,4,AGENT,11:06:08,11:08:09,121,AVNI
AA0205,48315,0,0,PS,990901,11:17:16,11:17:23,7,0:00:00,0:00:00,0,AGENT,11:17:23,11:19:15,112,YITZ
AA0205,48316,38343190,1,PS,990901,11:29:33,11:29:38,5,11:29:38,11:30:21,43,AGENT,11:30:20,11:33:14,174,NAAMA
AA0205,48317,25223462,1,PS,990901,11:42:13,11:42:19,6,11:42:19,11:45:22,183,AGENT,11:45:21,11:47:57,156,SHARON
AA0205,48318,0,0,PS,990901,11:59:21,11:59:31,10,0:00:00,0:00:00,0,AGENT,11:59:30,12:04:34,304,DORIT
AA0205,48319,33123027,1,PS,990901,12:12:09,12:12:14,5,12:12:14,12:13:03,49,AGENT,12:13:01,12:14:01,60,NAAMA
AA0205,48320,0,0,PS,990901,12:25:01,12:25:11,10,0:00:00,0:00:00,0,AGENT,12:25:09,12:28:45,216,STEREN
AA0205,48321,0,0,NW,990901,12:41:20,12:41:36,16,0:00:00,0:00:00,0,AGENT,12:41:34,12:42:00,26,STEREN
AA0205,48322,10858884,2,NE,990901,12:51:44,12:51:49,5,12:51:49,12:53:30,101,AGENT,12:53:29,12:54:39,70,ZOHARI
AA0205,48323,0,0,PS,990901,13:07:29,13:07:37,8,0:00:00,0:00:00,0,AGENT,13:07:36,13:08:04,28,ROTH
AA0205,48324,0,0,PS,990901,13:24:27,13:24:37,10,0:00:00,0:00:00,0,AGENT,13:24:35,13:25:26,51,SHARON
AA0205,48325,32093403,1,PS,990901,13:38:12,13:38:18,6,13:38:18,13:39:01,43,HANG,0:00:00,0:00:00,0,NO_SERVER
AA0205,48326,58114869,2,PS,990901,13:49:39,13:49:45,6,13:49:45,13:50:17,32,AGENT,13:50:16,13:50:48,32,ROTH
AA0205,48327,0,0,PS,990901,14:03:55,14:04:05,10,0:00:00,0:00:00,0,AGENT,14:04:05,14:05:46,101,DORIT
AA0205,48328,0,0,PS,990901,14:17:44,14:17:53,9,0:00:00,0:00:00,0,AGENT,14:17:52,14:19:38,106,DORIT
AA0205,48329,0,0,PS,990901,14:29:55,14:30:05,10,0:00:00,0:00:00,0,AGENT,14:30:04,14:37:34,450,AVNI
AA0205,48330,0,0,NW,990901,14:37:49,14:38:04,15,0:00:00,0:00:00,0,AGENT,14:38:03,14:39:37,94,ZOHARI
AA0205,48331,0,0,PS,990901,14:48:06,14:48:17,11,0:00:00,0:00:00,0,AGENT,14:48:17,14:50:19,122,BENSION
AA0205,48332,258152,2,PS,990901,15:02:05,15:02:11,6,15:02:11,15:03:50,99,AGENT,15:03:49,15:04:34,45,BENSION
AA0205,48333,65032120,2,PS,990901,15:15:22,15:15:28,6,15:15:28,15:16:11,43,AGENT,15:16:10,15:22:49,399,TOVA
AA0205,48334,0,0,PS,990901,15:26:01,15:26:16,15,0:00:00,0:00:00,0,AGENT,15:26:15,15:30:48,273,TOVA
AA0205,48335,46521662,2,PS,990901,15:35:02,15:35:07,5,15:35:07,15:35:21,14,AGENT,15:35:20,15:35:52,32,MORIAH
AA0205,48336,0,0,PS,990901,15:46:55,15:47:05,10,0:00:00,0:00:00,0,AGENT,15:47:04,15:47:06,2,MORIAH
AA0205,48337,0,0,NW,990901,15:57:22,15:57:34,12,0:00:00,0:00:00,0,AGENT,15:57:34,15:58:40,66,AVNI
AA0205,48338,0,0,PS,990901,16:18:07,16:18:16,9,0:00:00,0:00:00,0,AGENT,16:18:16,16:21:52,216,VICKY
AA0205,48339,0,0,NW,990901,16:39:41,16:39:55,14,0:00:00,0:00:00,0,AGENT,16:39:54,16:41:39,105,AVNI
AA0205,48340,0,0,PS,990901,16:52:31,16:52:42,11,0:00:00,0:00:00,0,AGENT,16:52:41,16:57:13,272,BENSION
AA0205,48341,0,0,PS,990901,17:04:30,17:04:42,12,0:00:00,0:00:00,0,AGENT,17:04:42,17:06:58,136,AVI
AA0205,48342,7369291,2,PS,990901,17:20:03,17:20:08,5,17:20:08,17:20:35,27,AGENT,17:20:35,17:22:32,117,BENSION
AA0205,48343,0,0,PS,990901,17:40:16,17:40:28,12,0:00:00,0:00:00,0,AGENT,17:40:26,17:42:47,141,ANAT
AA0205,48344,0,0,PS,990901,17:56:43,17:56:57,14,0:00:00,0:00:00,0,AGENT,17:56:56,17:59:25,149,AVI
AA0205,48345,65032120,2,PS,990901,18:16:50,18:16:56,6,18:16:56,18:17:04,8,AGENT,18:17:03,18:17:27,24,AVI
AA0205,48346,0,0,NE,990901,18:30:49,18:30:59,10,0:00:00,0:00:00,0,AGENT,18:30:58,18:31:33,35,AVI
AA0205,48347,0,0,NE,990901,18:52:21,18:52:32,11,0:00:00,0:00:00,0,AGENT,18:52:31,18:54:20,109,VICKY
AA0205,48348,0,0,PS,990901,19:20:37,19:20:53,16,0:00:00,0:00:00,0,AGENT,19:20:53,19:26:21,328,BENSION
AA0205,48349,0,0,NW,990901,19:40:15,19:40:28,13,0:00:00,0:00:00,0,AGENT,19:40:27,19:48:33,486,MORIAH
AA0205,48350,0,0,PS,990901,20:08:57,20:09:18,21,0:00:00,0:00:00,0,AGENT,20:09:18,20:11:51,153,AVI
AA0205,48351,0,0,PS,990901,20:27:13,20:27:34,21,0:00:00,0:00:00,0,AGENT,20:27:21,20:29:45,144,VICKY
AA0205,48352,0,0,PS,990901,20:39:53,20:40:08,15,0:00:00,0:00:00,0,AGENT,20:40:07,20:40:59,52,ANAT
AA0205,48353,25762881,2,PS,990901,20:50:50,20:50:55,5,20:50:55,20:51:05,10,AGENT,20:50:58,20:57:03,365,TOVA
AA0205,48354,0,0,PS,990901,21:07:22,21:07:34,12,0:00:00,0:00:00,0,AGENT,21:07:33,21:11:36,243,BENSION
AA0205,48355,0,0,PS,990901,21:27:32,21:27:45,13,0:00:00,0:00:00,0,AGENT,21:27:44,21:30:03,139,VICKY
AA0205,48356,0,0,NW,990901,21:53:01,21:53:16,15,0:00:00,0:00:00,0,AGENT,21:53:14,21:53:44,30,VICKY
AA0205,48357,28465698,2,PS,990901,22:07:50,22:07:56,6,22:07:56,22:11:22,206,AGENT,22:11:21,22:12:18,57,DARMON
AA0205,48358,29437829,2,PS,990901,22:26:52,22:26:58,6,22:26:58,22:29:25,147,AGENT,22:29:24,22:30:14,50,VICKY
AA0205,48359,44461135,2,PS,990901,22:49:09,22:49:15,6,22:49:15,22:49:41,26,AGENT,22:49:40,22:49:41,1,AVI
AA0205,48360,0,0,PS,990901,23:09:39,23:10:01,22,0:00:00,0:00:00,0,AGENT,23:09:59,23:14:13,254,VICKY
AA0205,48361,1772789,2,PS,990901,23:33:22,23:33:27,5,23:33:27,23:34:21,54,AGENT,23:34:20,23:35:30,70,AVI
AA0205,48362,0,0,PS,990902,0:31:52,0:32:03,11,0:00:00,0:00:00,0,HANG,0:00:00,0:00:00,0,NO_SERVER
AA0205,48363,0,0,PS,990902,7:12:13,7:12:24,11,0:00:00,0:00:00,0,AGENT,7:12:23,7:13:46,83,TOVA
AA0205,48364,0,0,NW,990902,7:41:33,7:41:48,15,0:00:00,0:00:00,0,AGENT,7:41:46,7:42:40,54,TOVA
AA0205,48365,0,0,PS,990902,8:09:09,8:09:20,11,0:00:00,0:00:00,0,AGENT,8:09:19,8:12:02,163,ANAT
AA0205,48366,0,0,PS,990902,8:26:08,8:26:19,11,0:00:00,0:00:00,0,AGENT,8:26:18,8:34:57,519,ZOHARI
AA0205,48367,59294561,1,PS,990902,8:38:56,8:39:01,5,8:39:01,8:42:49,228,AGENT,8:42:48,8:44:27,99,ZOHARI
AA0205,48369,0,0,PS,990902,8:51:11,8:51:11,0,0:00:00,0:00:00,0,HANG,0:00:00,0:00:00,0,NO_SERVER
AA0205,48370,24174096,1,PS,990902,8:58:13,8:58:19,6,8:58:19,8:59:39,80,AGENT,8:59:38,9:00:00,22,STEREN
AA0205,48371,0,0,NW,990902,9:09:14,9:09:24,10,9:09:24,9:11:54,150,HANG,0:00:00,0:00:00,0,NO_SERVER
AA0205,48372,57058588,2,PS,990902,9:24:46,9:24:52,6,9:24:52,9:25:37,45,AGENT,9:25:36,9:27:19,103,ANAT
AA0205,48373,22410708,2,PS,990902,9:35:42,9:35:48,6,9:35:48,9:36:54,66,AGENT,9:36:54,9:38:52,118,MORIAH
AA0205,48374,54638549,2,PS,990902,9:44:45,9:44:50,5,9:44:50,9:46:37,107,AGENT,9:46:36,9:55:30,534,STEREN
AA0205,48375,51440469,2,PS,990902,9:55:30,9:55:35,5,9:55:35,9:55:48,13,AGENT,9:55:47,9:57:05,78,STEREN
AA0205,48376,0,0,PS,990902,10:03:59,10:04:09,10,0:00:00,0:00:00,0,AGENT,10:04:07,10:07:46,219,ANAT
AA0205,48377,25268624,2,PS,990902,10:12:33,10:12:38,5,10:12:38,10:14:16,98,AGENT,10:14:15,10:15:31,76,STEREN
AA0205,48378,59778696,1,PS,990902,10:20:16,10:20:22,6,10:20:22,10:21:14,52,HANG,0:00:00,0:00:00,0,NO_SERVER
AA0205,48379,54539366,1,PS,990902,10:24:33,10:24:39,6,10:24:39,10:24:52,13,HANG,0:00:00,0:00:00,0,NO_SERVER
AA0205,48380,11283090,1,PS,990902,10:28:59,10:29:05,6,10:29:05,10:29:14,9,HANG,0:00:00,0:00:00,0,NO_SERVER
AA0205,48381,0,0,NW,990902,10:34:36,10:34:43,7,0:00:00,0:00:00,0,HANG,0:00:00,0:00:00,0,NO_SERVER
AA0205,48382,27989706,1,PS,990902,10:39:14,10:39:19,5,10:39:19,10:40:00,41,HANG,0:00:00,0:00:00,0,NO_SERVER
AA0205,48383,4609327,2,PS,990902,10:43:13,10:43:19,6,10:43:19,10:46:30,191,AGENT,10:46:29,10:50:22,233,ROTH
AA0205,48384,25722141,2,PS,990902,10:51:12,10:51:18,6,10:51:18,10:52:09,51,AGENT,10:52:08,10:53:57,109,ZOHARI
AA0205,48385,0,0,NW,990902,11:00:26,11:00:35,9,11:00:35,11:00:59,24,AGENT,11:00:58,11:07:54,416,STEREN
AA0205,48386,50347749,1,NE,990902,11:07:15,11:07:21,6,11:07:21,11:08:42,81,AGENT,11:08:41,11:15:29,408,ZOHARI
AA0205,48387,60731130,1,PS,990902,11:13:27,11:13:32,5,11:13:32,11:15:45,133,AGENT,11:15:44,11:16:35,51,ANAT
AA0205,48388,176156,1,PS,990902,11:20:27,11:20:33,6,11:20:33,11:24:00,207,AGENT,11:23:59,11:24:01,2,MORIAH
AA0205,48389,56768120,1,PS,990902,11:27:11,11:27:17,6,11:27:17,11:33:36,379,AGENT,11:33:35,11:34:22,47,TOVA
AA0205,48390,0,0,PS,990902,11:39:04,11:39:12,8,0:00:00,0:00:00,0,AGENT,11:39:11,11:42:02,171,ANAT
AA0205,48391,57460131,2,PS,990902,11:46:30,11:46:36,6,11:46:36,11:46:46,10,AGENT,11:46:44,11:48:35,111,YIFAT
AA0205,48392,23383607,2,PS,990902,11:54:49,11:54:55,6,11:54:55,11:55:03,8,AGENT,11:55:02,11:59:11,249,ROTH
AA0205,48393,10603553,2,PS,990902,12:04:58,12:05:04,6,12:05:04,12:05:59,55,AGENT,12:05:58,12:08:57,179,TOVA
AA0205,48394,0,0,NW,990902,12:13:40,12:13:50,10,12:13:50,12:14:39,49,HANG,0:00:00,0:00:00,0,NO_SERVER
AA0205,48395,54570817,1,PS,990902,12:25:19,12:25:24,5,12:25:24,12:26:55,91,AGENT,12:26:54,12:27:45,51,ANAT
AA0205,48396,57948051,2,PS,990902,12:39:29,12:39:34,5,12:39:34,12:40:55,81,AGENT,12:40:54,12:41:39,45,ANAT
AA0205,48397,0,0,NW,990902,12:45:42,12:45:51,9,12:45:51,12:46:40,49,AGENT,12:46:39,12:49:07,148,MORIAH
AA0205,48398,0,0,NW,990902,12:57:04,12:57:13,9,12:57:13,13:00:58,225,AGENT,13:00:58,13:03:02,124,MORIAH
AA0205,48399,8491433,1,PS,990902,13:09:56,13:10:02,6,13:10:02,13:11:31,89,AGENT,13:11:30,13:12:43,73,MORIAH
AA0205,48400,29500113,2,PS,990902,13:21:19,13:21:24,5,13:21:24,13:21:27,3,AGENT,13:21:27,13:22:22,55,ROTH
AA0205,48401,0,0,NW,990902,13:31:02,13:31:12,10,13:31:12,13:32:41,89,AGENT,13:32:41,13:33:28,47,STEREN
AA0205,48402,0,0,PS,990902,13:44:50,13:44:59,9,0:00:00,0:00:00,0,AGENT,13:44:58,13:46:42,104,ROTH
AA0205,48403,54128681,2,PS,990902,13:56:45,13:56:51,6,13:56:51,13:56:56,5,AGENT,13:56:55,14:03:35,400,ROTH
AA0205,48404,56765985,2,PS,990902,14:05:00,14:05:05,5,14:05:05,14:07:07,122,AGENT,14:07:06,14:09:16,130,ROTH
AA0205,48405,33387077,1,PS,990902,14:16:18,14:16:23,5,14:16:23,14:22:00,337,AGENT,14:21:59,14:23:44,105,KAZAV
AA0205,48406,22874192,2,PS,990902,14:29:39,14:29:44,5,14:29:44,14:31:20,96,AGENT,14:31:19,14:34:03,164,DARMON
AA0205,48407,0,0,NW,990902,14:39:49,14:39:58,9,14:39:58,14:43:44,226,AGENT,14:43:44,14:52:15,511,MORIAH
AA0205,48408,0,0,NE,990902,14:53:36,14:53:49,13,0:00:00,0:00:00,0,AGENT,14:53:49,14:57:36,227,ELI
AA0205,48409,31107923,1,PS,990902,15:02:27,15:02:33,6,15:02:33,15:05:30,177,AGENT,15:05:29,15:06:13,44,KAZAV
AA0205,48410,0,0,NW,990902,15:15:55,15:16:04,9,15:16:04,15:22:44,400,AGENT,15:22:43,15:22:44,1,AVI
AA0205,48411,32268336,1,PS,990902,15:32:28,15:32:34,6,15:32:34,15:36:39,245,AGENT,15:36:37,15:37:56,79,KAZAV
AA0205,48412,56021959,2,PS,990902,15:43:39,15:43:45,6,15:43:45,15:48:54,309,AGENT,15:48:54,15:51:12,138,ZOHARI
AA0205,48413,0,0,PS,990902,15:58:23,15:58:36,13,0:00:00,0:00:00,0,AGENT,15:58:35,16:04:25,350,AVI
AA0205,48414,57070534,2,PS,990902,16:05:29,16:05:34,5,16:05:34,16:07:49,135,AGENT,16:07:48,16:09:26,98,ROTH
AA0205,48415,8047078,2,PS,990902,16:13:40,16:13:46,6,16:13:46,16:15:57,131,AGENT,16:15:57,16:24:54,537,AVI
AA0205,48416,30271852,2,PS,990902,16:21:23,16:21:29,6,16:21:29,16:22:17,48,AGENT,16:22:16,16:22:18,2,VICKY
AA0205,48417,0,0,NW,990902,16:29:10,16:29:20,10,16:29:20,16:34:00,280,AGENT,16:33:59,16:34:51,52,BASCH
AA0205,48418,42813816,1,NE,990902,16:42:21,16:42:26,5,16:42:26,16:42:59,33,AGENT,16:42:59,16:43:41,42,BASCH
AA0205,48419,0,0,NW,990902,16:50:22,16:50:31,9,16:50:31,16:53:02,151,AGENT,16:53:01,16:56:17,196,VICKY
AA0205,48420,310992045,1,PS,990902,17:04:41,17:04:47,6,17:04:47,17:06:17,90,HANG,0:00:00,0:00:00,0,NO_SERVER
AA0205,48421,29311230,1,PS,990902,17:14:59,17:15:04,5,17:15:04,17:16:33,89,AGENT,17:16:32,17:23:23,411,YITZ
AA0205,48422,0,0,NW,990902,17:24:01,17:24:10,9,17:24:10,17:29:23,313,AGENT,17:29:22,17:29:53,31,PINHAS
AA0205,48423,58503723,1,PS,990902,17:39:35,17:39:41,6,17:39:41,17:40:08,27,AGENT,17:40:07,17:41:21,74,VICKY
AA0205,48424,0,0,PS,990902,17:51:01,17:51:11,10,0:00:00,0:00:00,0,AGENT,17:51:10,17:53:04,114,YITZ
AA0205,48425,28639870,1,PS,990902,18:01:44,18:01:49,5,18:01:49,18:02:42,53,AGENT,18:02:41,18:04:38,117,AVI
AA0205,48426,22177455,2,PS,990902,18:11:34,18:11:40,6,18:11:40,18:12:32,52,HANG,0:00:00,0:00:00,0,NO_SERVER
AA0205,48427,0,0,NW,990902,18:22:59,18:23:09,10,18:23:09,18:25:16,127,AGENT,18:25:16,18:26:31,75,PINHAS
AA0205,48428,0,0,NW,990902,18:32:38,18:32:47,9,18:32:47,18:34:11,84,AGENT,18:34:10,18:34:20,10,PINHAS
AA0205,48429,33902875,1,PS,990902,18:46:05,18:46:11,6,18:46:11,18:47:31,80,AGENT,18:47:30,18:47:31,1,AVI
AA0205,48430,56243496,2,PS,990902,18:55:50,18:55:56,6,18:55:56,18:56:59,63,AGENT,18:56:59,18:59:22,143,MEIR
AA0205,48431,0,0,PS,990902,19:08:00,19:08:12,12,0:00:00,0:00:00,0,AGENT,19:08:11,19:11:36,205,BASCH
AA0205,48432,55279970,2,NE,990902,19:24:25,19:24:30,5,19:24:30,19:24:55,25,HANG,0:00:00,0:00:00,0,NO_SERVER
AA0205,48433,0,0,NW,990902,19:35:28,19:35:43,15,0:00:00,0:00:00,0,AGENT,19:35:42,19:37:32,110,BASCH
AA0205,48434,25209222,2,PS,990902,19:49:58,19:50:04,6,19:50:04,19:51:00,56,AGENT,19:51:00,19:53:56,176,MEIR
AA0205,48435,25771502,2,PS,990902,20:05:12,20:05:18,6,20:05:18,20:05:53,35,AGENT,20:05:52,20:08:00,128,VICKY
AA0205,48436,3968047,2,PS,990902,20:28:27,20:28:32,5,20:28:32,20:29:16,44,AGENT,20:29:15,20:34:53,338,MEIR
AA0205,48437,29503323,1,PS,990902,20:43:57,20:44:03,6,20:44:03,20:46:04,121,AGENT,20:46:04,20:48:52,168,MEIR
AA0205,48438,0,0,PS,990902,21:03:59,21:04:13,14,0:00:00,0:00:00,0,AGENT,21:04:12,21:06:57,165,BASCH
AA0205,48439,22195960,1,PS,990902,21:30:58,21:31:04,6,21:31:04,21:31:25,21,AGENT,21:31:24,21:39:09,465,VICKY
AA0205,48440,313663411,1,PS,990902,22:02:57,22:03:02,5,22:03:02,22:03:18,16,AGENT,22:03:17,22:04:43,86,VICKY
AA0205,48441,0,0,PS,990902,22:41:24,22:41:34,10,0:00:00,0:00:00,0,AGENT,22:41:33,22:44:06,153,VICKY
AA0205,48442,0,0,PS,990902,23:08:27,23:08:37,10,0:00:00,0:00:00,0,AGENT,23:08:36,23:09:30,54,AVI
AA0205,48443,55906424,2,PS,990902,23:26:51,23:26:57,6,23:26:57,23:27:10,13,AGENT,23:27:10,23:28:14,64,PINHAS
AA0205,48444,0,0,PS,990903,0:15:13,0:15:31,18,0:00:00,0:00:00,0,HANG,0:00:00,0:00:00,0,NO_SERVER
AA0205,48445,0,0,NW,990903,6:26:24,6:26:47,23,0:00:00,0:00:00,0,HANG,0:00:00,0:00:00,0,NO_SERVER
AA0205,48446,0,0,PS,990903,7:04:18,7:04:37,19,0:00:00,0:00:00,0,HANG,0:00:00,0:00:00,0,NO_SERVER
AA0205,48447,51179828,2,PS,990903,7:04:42,7:04:47,5,7:04:47,7:04:57,10,AGENT,7:04:56,7:05:58,62,MORIAH
AA0205,48448,0,0,PS,990903,7:34:19,7:34:29,10,0:00:00,0:00:00,0,AGENT,7:34:28,7:35:40,72,BENSION
AA0205,48449,0,0,PS,990903,7:45:42,7:45:52,10,0:00:00,0:00:00,0,AGENT,7:45:51,7:51:05,314,ELI
AA0205,48450,0,0,PS,990903,7:58:39,7:58:49,10,0:00:00,0:00:00,0,AGENT,7:58:48,8:01:44,176,ROTH
AA0205,48451,314048109,1,NW,990903,8:12:36,8:12:43,7,8:12:43,8:13:48,65,AGENT,8:13:46,8:15:50,124,MORIAH
AA0205,48452,68509728,2,PS,990903,8:22:09,8:22:14,5,8:22:14,8:22:50,36,AGENT,8:22:49,8:30:03,434,STEREN
AA0205,48453,0,0,PS,990903,8:39:02,8:39:12,10,0:00:00,0:00:00,0,AGENT,8:39:11,8:40:16,65,ROTH
AA0205,48454,53911442,2,PS,990903,8:48:09,8:48:14,5,8:48:14,8:48:39,25,AGENT,8:48:39,8:55:35,416,BASCH
AA0205,48455,25674631,1,PS,990903,8:55:40,8:55:45,5,8:55:45,8:55:57,12,AGENT,8:55:56,9:00:12,256,BASCH
AA0205,48456,0,0,NW,990903,9:04:20,9:04:29,9,9:04:29,9:05:27,58,AGENT,9:05:27,9:05:28,1,MORIAH
AA0205,48457,0,0,NW,990903,9:20:22,9:20:32,10,9:20:32,9:21:00,28,AGENT,9:20:59,9:23:32,153,BASCH
AA0205,48458,0,0,NW,990903,9:27:38,9:27:48,10,9:27:48,9:29:41,113,HANG,0:00:00,0:00:00,0,NO_SERVER
AA0205,48459,0,0,PS,990903,9:45:59,9:46:10,11,0:00:00,0:00:00,0,AGENT,9:46:09,9:47:31,82,STEREN
AA0205,48460,59119008,1,PS,990903,9:58:29,9:58:35,6,9:58:35,9:59:02,27,AGENT,9:59:01,10:00:01,60,BASCH
AA0205,48461,0,0,PS,990903,10:08:21,10:08:37,16,0:00:00,0:00:00,0,AGENT,10:08:36,10:09:49,73,BENSION
AA0205,48462,29291788,2,PS,990903,10:22:02,10:22:08,6,10:22:08,10:23:36,88,HANG,0:00:00,0:00:00,0,NO_SERVER
AA0205,48463,28109668,2,PS,990903,10:31:55,10:32:01,6,10:32:01,10:32:15,14,AGENT,10:32:15,10:35:32,197,ROTH
AA0205,48464,0,0,PS,990903,10:39:26,10:40:53,87,0:00:00,0:00:00,0,HANG,0:00:00,0:00:00,0,NO_SERVER
AA0205,48465,0,0,NW,990903,10:50:23,10:50:36,13,0:00:00,0:00:00,0,AGENT,10:50:35,10:50:51,16,ROTH
AA0205,48466,0,0,PS,990903,11:08:36,11:08:48,12,0:00:00,0:00:00,0,AGENT,11:08:47,11:10:42,115,BENSION
AA0205,48467,3267788,2,PS,990903,11:20:22,11:20:33,11,11:20:33,11:21:20,47,AGENT,11:20:32,11:21:19,47,BENSION
AA0205,48468,57695173,2,PS,990903,11:32:16,11:32:21,5,11:32:21,11:33:06,45,AGENT,11:33:05,11:36:55,230,BENSION
AA0205,48469,0,0,NW,990903,11:52:15,11:52:30,15,0:00:00,0:00:00,0,AGENT,11:52:30,11:53:21,51,BASCH
AA0205,48470,0,0,NW,990903,12:09:23,12:09:35,12,0:00:00,0:00:00,0,AGENT,12:09:34,12:09:56,22,MORIAH
AA0205,48471,14129662,2,NE,990903,12:24:04,12:24:10,6,12:24:10,12:24:34,24,AGENT,12:24:33,12:29:12,279,ELI
AA0205,48472,0,0,NW,990903,12:36:44,12:36:53,9,12:36:53,12:37:51,58,AGENT,12:37:51,12:38:26,35,ROTH
AA0205,48473,5318985,2,PS,990903,12:56:42,12:56:47,5,12:56:47,12:56:55,8,HANG,0:00:00,0:00:00,0,NO_SERVER
AA0205,48474,0,0,PS,990903,13:19:23,13:19:32,9,0:00:00,0:00:00,0,AGENT,13:19:32,13:31:47,735,ELI
AA0205,48475,0,0,PS,990903,13:42:23,13:42:34,11,0:00:00,0:00:00,0,AGENT,13:42:33,13:43:46,73,ELI
AA0205,48476,0,0,PS,990903,14:13:47,14:13:59,12,0:00:00,0:00:00,0,HANG,0:00:00,0:00:00,0,NO_SERVER
AA0205,48477,0,0,PS,990903,14:45:16,14:45:57,41,0:00:00,0:00:00,0,HANG,0:00:00,0:00:00,0,NO_SERVER
AA0205,48479,0,0,PS,990903,15:50:17,15:50:17,0,0:00:00,0:00:00,0,HANG,0:00:00,0:00:00,0,NO_SERVER
AA0205,48480,0,0,PS,990903,17:09:38,17:09:58,20,0:00:00,0:00:00,0,HANG,0:00:00,0:00:00,0,NO_SERVER
AA0205,48481,0,0,NW,990904,9:20:08,9:20:36,28,0:00:00,0:00:00,0,HANG,0:00:00,0:00:00,0,NO_SERVER
AA0205,48482,0,0,NW,990904,19:27:22,19:27:32,10,0:00:00,0:00:00,0,HANG,0:00:00,0:00:00,0,NO_SERVER
AA0205,48483,0,0,PS,990904,20:02:22,20:02:33,11,0:00:00,0:00:00,0,AGENT,20:02:33,20:03:44,71,ZOHARI
AA0205,48484,57831356,2,NE,990904,20:19:58,20:20:04,6,20:20:04,20:20:34,30,AGENT,20:20:33,20:20:51,18,SHARON
AA0205,48485,0,0,PS,990904,20:31:02,20:31:39,37,0:00:00,0:00:00,0,HANG,0:00:00,0:00:00,0,NO_SERVER
AA0205,48486,0,0,PS,990904,20:44:26,20:49:29,303,0:00:00,0:00:00,0,HANG,0:00:00,0:00:00,0,NO_SERVER
AA0205,48487,0,0,NW,990904,21:18:35,21:18:45,10,0:00:00,0:00:00,0,HANG,0:00:00,0:00:00,0,NO_SERVER
AA0205,48488,0,0,PS,990904,21:47:39,21:47:48,9,0:00:00,0:00:00,0,AGENT,21:47:47,21:48:49,62,BASCH
AA0205,48489,0,0,NW,990904,22:24:02,22:24:15,13,0:00:00,0:00:00,0,AGENT,22:24:15,22:24:57,42,SHARON
AA0205,48490,0,0,NW,990904,22:47:55,22:47:59,4,0:00:00,0:00:00,0,HANG,0:00:00,0:00:00,0,NO_SERVER
AA0205,48491,0,0,PS,990904,23:27:15,23:27:23,8,0:00:00,0:00:00,0,AGENT,23:27:23,23:27:27,4,SHARON
AA0205,48492,0,0,NW,990905,1:38:54,1:39:16,22,0:00:00,0:00:00,0,HANG,0:00:00,0:00:00,0,NO_SERVER
AA0205,48493,0,0,PS,990905,7:03:54,7:04:05,11,0:00:00,0:00:00,0,AGENT,7:04:04,7:21:37,1053,YIFAT
AA0205,48494,50959691,1,PS,990905,7:21:31,7:21:37,6,7:21:37,7:26:32,295,AGENT,7:26:31,7:31:05,274,ANAT
AA0205,48495,0,0,NW,990905,7:43:47,7:43:57,10,7:43:57,7:44:19,22,HANG,0:00:00,0:00:00,0,NO_SERVER
AA0205,48496,0,0,PS,990905,8:08:02,8:08:15,13,0:00:00,0:00:00,0,AGENT,8:08:13,8:09:43,90,ROTH
AA0205,48497,0,0,PS,990905,8:20:48,8:20:59,11,0:00:00,0:00:00,0,AGENT,8:20:58,8:24:50,232,ZOHARI
AA0205,48498,0,0,NW,990905,8:34:21,8:34:35,14,0:00:00,0:00:00,0,AGENT,8:34:33,8:34:51,18,ROTH
AA0205,48499,0,0,NW,990905,8:47:39,8:47:47,8,8:47:47,8:50:39,172,HANG,0:00:00,0:00:00,0,NO_SERVER
AA0205,48500,0,0,NW,990905,9:00:36,9:00:54,18,0:00:00,0:00:00,0,AGENT,9:00:54,9:01:47,53,AVI
AA0205,48501,0,0,NW,990905,9:14:20,9:14:29,9,9:14:29,9:18:39,250,AGENT,9:18:38,9:19:13,35,STEREN
AA0205,48502,16447203,2,PS,990905,9:27:31,9:27:37,6,9:27:37,9:27:45,8,AGENT,9:27:44,9:27:45,1,AVI
AA0205,48503,55898720,2,PS,990905,9:34:15,9:34:20,5,9:34:20,9:35:24,64,AGENT,9:35:23,9:37:45,142,DORIT
AA0205,48504,33474602,2,PS,990905,9:46:13,9:46:19,6,9:46:19,9:47:05,46,AGENT,9:47:04,9:48:25,81,AVI
AA0205,48505,69687275,2,PS,990905,9:53:02,9:53:07,5,9:53:07,9:53:25,18,AGENT,9:53:24,9:56:14,170,ANAT
AA0205,48506,57918849,1,NE,990905,10:00:36,10:00:42,6,10:00:42,10:03:03,141,AGENT,10:03:02,10:05:34,152,ELI
AA0205,48507,57253494,1,PS,990905,10:09:07,10:09:13,6,10:09:13,10:12:06,173,AGENT,10:12:05,10:13:14,69,AVI
AA0205,48508,67282467,2,PS,990905,10:18:41,10:18:46,5,10:18:46,10:19:05,19,AGENT,10:19:04,10:22:32,208,STEREN
AA0205,48509,23530603,2,PS,990905,10:26:00,10:26:05,5,10:26:05,10:27:32,87,AGENT,10:27:31,10:30:20,169,AVI
AA0205,48510,0,0,NW,990905,10:33:18,10:33:28,10,10:33:28,10:39:20,352,HANG,0:00:00,0:00:00,0,NO_SERVER
AA0205,48511,308886118,1,PS,990905,10:42:33,10:42:38,5,10:42:38,10:44:50,132,HANG,0:00:00,0:00:00,0,NO_SERVER
AA0205,48512,3374691,2,PS,990905,10:47:04,10:47:09,5,10:47:09,10:49:53,164,AGENT,10:49:52,10:50:47,55,AVI
AA0205,48513,57820763,2,PS,990905,10:53:54,10:54:00,6,10:54:00,10:54:54,54,HANG,0:00:00,0:00:00,0,NO_SERVER
AA0205,48514,55920755,2,PS,990905,11:00:29,11:00:35,6,11:00:35,11:04:01,206,AGENT,11:04:00,11:07:16,196,NAAMA
AA0205,48515,10858884,2,NE,990905,11:07:07,11:07:12,5,11:07:12,11:11:04,232,AGENT,11:11:03,11:11:30,27,ROTH
AA0205,48516,24927717,1,PS,990905,11:15:47,11:15:52,5,11:15:52,11:18:57,185,HANG,0:00:00,0:00:00,0,NO_SERVER
AA0205,48517,65032120,2,PS,990905,11:28:12,11:28:18,6,11:28:18,11:28:54,36,AGENT,11:28:53,11:31:06,133,AVI
AA0205,48518,0,0,PS,990905,11:37:06,11:37:18,12,0:00:00,0:00:00,0,AGENT,11:37:17,11:39:11,114,ZOHARI
AA0205,48519,13722194,1,PS,990905,11:45:40,11:45:46,6,11:45:46,11:46:19,33,HANG,0:00:00,0:00:00,0,NO_SERVER
AA0205,48520,0,0,NE,990905,11:57:27,11:57:37,10,0:00:00,0:00:00,0,AGENT,11:57:36,12:01:11,215,ELI
AA0205,48521,0,0,NW,990905,12:04:30,12:04:40,10,12:04:40,12:07:01,141,AGENT,12:07:00,12:08:21,81,DORIT
AA0205,48522,25040775,1,PS,990905,12:14:16,12:14:21,5,12:14:21,12:16:38,137,AGENT,12:16:37,12:23:41,424,GELBER
AA0205,48523,0,0,PS,990905,12:29:35,12:29:52,17,0:00:00,0:00:00,0,AGENT,12:29:44,12:30:05,21,NO_SERVER
AA0205,48524,0,0,NW,990905,12:38:42,12:38:51,9,12:38:51,12:39:16,25,AGENT,12:39:15,12:39:57,42,ROTH
AA0205,48525,0,0,NW,990905,12:50:05,12:50:16,11,0:00:00,0:00:00,0,AGENT,12:50:18,12:50:36,18,NO_SERVER
AA0205,48526,55387302,1,PS,990905,13:00:39,13:00:44,5,13:00:44,13:01:52,68,AGENT,13:01:51,13:04:35,164,STEREN
AA0205,48527,0,0,PS,990905,13:11:32,13:11:42,10,0:00:00,0:00:00,0,AGENT,13:11:41,13:17:24,343,ZOHARI
AA0205,48528,0,0,PS,990905,13:19:02,13:19:11,9,0:00:00,0:00:00,0,AGENT,13:19:10,13:22:16,186,ZOHARI
AA0205,48529,0,0,PS,990905,13:28:43,13:28:54,11,0:00:00,0:00:00,0,AGENT,13:28:53,13:33:36,283,ZOHARI
AA0205,48530,0,0,NE,990905,13:41:44,13:42:00,16,0:00:00,0:00:00,0,AGENT,13:41:59,13:42:49,50,ELI
AA0205,48531,0,0,PS,990905,13:54:44,13:54:53,9,0:00:00,0:00:00,0,AGENT,13:54:52,13:57:53,181,ZOHARI
AA0205,48532,25115155,1,PS,990905,14:02:20,14:02:26,6,14:02:26,14:05:23,177,AGENT,14:05:23,14:06:24,61,MORIAH
AA0205,48533,71820039,2,PS,990905,14:17:20,14:17:26,6,14:17:26,14:17:57,31,AGENT,14:17:56,14:21:44,228,STEREN
AA0205,48534,33474602,2,PS,990905,14:24:00,14:24:06,6,14:24:06,14:25:05,59,HANG,0:00:00,0:00:00,0,NO_SERVER
AA0205,48535,0,0,NW,990905,14:33:02,14:33:12,10,14:33:12,14:34:03,51,HANG,0:00:00,0:00:00,0,NO_SERVER
AA0205,48536,0,0,PS,990905,14:43:29,14:43:38,9,0:00:00,0:00:00,0,AGENT,14:43:37,14:45:13,96,ROTH
AA0205,48537,6692800,2,PS,990905,14:52:13,14:52:18,5,14:52:18,14:56:03,225,AGENT,14:56:02,14:57:52,110,STEREN
AA0205,48538,28074433,2,PS,990905,15:01:06,15:01:11,5,15:01:11,15:02:38,87,HANG,0:00:00,0:00:00,0,NO_SERVER
AA0205,48539,56765985,2,PS,990905,15:10:30,15:10:35,5,15:10:35,15:11:17,42,HANG,15:11:19,15:11:23,4,NO_SERVER
AA0205,48540,313663932,2,PS,990905,15:19:44,15:19:51,7,15:19:51,15:20:51,60,HANG,0:00:00,0:00:00,0,NO_SERVER
AA0205,48541,22251797,2,PS,990905,15:28:17,15:28:23,6,15:28:23,15:28:43,20,PHANTOM,15:28:42,15:28:47,5,NO_SERVER
AA0205,48542,59023069,1,PS,990905,15:36:08,15:36:13,5,15:36:13,15:39:11,178,AGENT,15:39:10,15:42:20,190,STEREN
AA0205,48543,33293739,1,PS,990905,15:44:56,15:45:01,5,15:45:01,15:46:11,70,HANG,0:00:00,0:00:00,0,NO_SERVER
AA0205,48544,36202984,1,PS,990905,15:51:39,15:51:45,6,15:51:45,15:51:49,4,AGENT,15:51:48,16:00:54,546,ROTH
AA0205,48545,65032120,2,PS,990905,15:57:02,15:57:08,6,15:57:08,15:58:21,73,AGENT,15:58:20,16:14:37,977,ZOHARI
AA0205,48546,0,0,NW,990905,16:02:31,16:02:40,9,16:02:40,16:03:03,23,HANG,0:00:00,0:00:00,0,NO_SERVER
AA0205,48547,54128681,2,PS,990905,16:08:10,16:08:16,6,16:08:16,16:10:19,123,HANG,0:00:00,0:00:00,0,NO_SERVER
AA0205,48548,52867744,2,NE,990905,16:13:38,16:13:43,5,16:13:43,16:15:17,94,AGENT,16:15:16,16:19:34,258,TOVA
AA0205,48549,0,0,NW,990905,16:20:37,16:20:47,10,16:20:47,16:21:24,37,HANG,0:00:00,0:00:00,0,NO_SERVER
AA0205,48550,24843864,2,PS,990905,16:27:17,16:27:22,5,16:27:22,16:27:46,24,AGENT,16:27:45,16:29:21,96,TOVA
AA0205,48551,0,0,NW,990905,16:35:41,16:35:51,10,16:35:51,16:36:31,40,HANG,0:00:00,0:00:00,0,NO_SERVER
AA0205,48552,24633968,2,PS,990905,16:44:14,16:44:19,5,16:44:19,16:44:58,39,AGENT,16:44:57,16:45:55,58,ZOHARI
AA0205,48553,29583770,1,PS,990905,16:53:37,16:53:43,6,16:53:43,16:54:47,64,HANG,0:00:00,0:00:00,0,NO_SERVER
AA0205,48554,68059401,1,PS,990905,17:01:13,17:01:18,5,17:01:18,17:01:43,25,HANG,0:00:00,0:00:00,0,NO_SERVER
AA0205,48555,0,0,PS,990905,17:13:10,17:13:26,16,0:00:00,0:00:00,0,AGENT,17:13:25,17:16:36,191,TOVA
AA0205,48556,0,0,NW,990905,17:25:48,17:25:57,9,17:25:57,17:26:51,54,AGENT,17:26:50,17:28:16,86,BASCH
AA0205,48557,309229912,1,PS,990905,17:37:04,17:36:17,-47,17:36:17,17:37:22,65,AGENT,17:37:21,17:38:23,62,BASCH
AA0205,48558,59648238,2,PS,990905,17:44:55,17:45:00,5,17:45:00,17:45:47,47,AGENT,17:45:46,17:46:43,57,TOVA
AA0205,48559,69632123,1,PS,990905,18:01:18,18:01:24,6,18:01:24,18:03:05,101,AGENT,18:03:04,18:08:38,334,MORIAH
AA0205,48560,0,0,PS,990905,18:27:24,18:27:32,8,0:00:00,0:00:00,0,AGENT,18:27:31,18:29:04,93,MORIAH
AA0205,48561,0,0,NW,990905,18:48:08,18:48:17,9,18:48:17,18:50:28,131,HANG,0:00:00,0:00:00,0,NO_SERVER
AA0205,48562,0,0,PS,990905,19:14:24,19:14:34,10,0:00:00,0:00:00,0,AGENT,19:14:33,19:15:52,79,VICKY
AA0205,48563,0,0,PS,990905,19:34:55,19:35:04,9,0:00:00,0:00:00,0,AGENT,19:35:03,19:36:50,107,BASCH
AA0205,48564,0,0,PS,990905,19:55:06,19:55:14,8,0:00:00,0:00:00,0,AGENT,19:55:14,19:56:06,52,VICKY
AA0205,48565,0,0,PS,990905,20:03:41,20:03:50,9,0:00:00,0:00:00,0,AGENT,20:03:48,20:04:45,57,BASCH
AA0205,48566,0,0,NW,990905,20:27:30,20:27:35,5,20:27:35,20:28:26,51,HANG,0:00:00,0:00:00,0,NO_SERVER
AA0205,48567,0,0,NW,990905,20:55:14,20:55:27,13,0:00:00,0:00:00,0,AGENT,20:55:27,20:57:37,130,MORIAH
AA0205,48568,59072801,2,PS,990905,21:20:42,21:20:48,6,21:20:48,21:21:48,60,AGENT,21:21:48,21:24:43,175,MORIAH
AA0205,48569,0,0,NW,990905,21:45:38,21:45:47,9,21:45:47,21:47:11,84,AGENT,21:47:10,21:48:40,90,BASCH
AA0205,48570,0,0,NW,990905,21:57:46,21:57:55,9,21:57:55,21:59:52,117,AGENT,21:59:51,22:01:30,99,BASCH
AA0205,48571,0,0,NW,990905,22:22:45,22:23:00,15,0:00:00,0:00:00,0,AGENT,22:22:59,22:25:34,155,VICKY
AA0205,48572,0,0,PS,990905,22:58:49,22:59:04,15,0:00:00,0:00:00,0,AGENT,22:59:03,23:00:31,88,BENSION
AA0205,48573,54196217,2,PS,990905,23:24:37,23:24:43,6,23:24:43,23:24:58,15,AGENT,23:24:58,23:28:21,203,PINHAS
AA0205,48574,0,0,PS,990906,6:07:16,6:07:52,36,0:00:00,0:00:00,0,HANG,0:00:00,0:00:00,0,NO_SERVER
AA0205,48575,0,0,PS,990906,7:15:18,7:15:26,8,0:00:00,0:00:00,0,AGENT,7:15:26,7:16:59,93,MORIAH
AA0205,48576,0,0,PS,990906,7:34:37,7:34:48,11,0:00:00,0:00:00,0,AGENT,7:34:47,7:35:49,62,DORIT
AA0205,48577,0,0,PS,990906,7:58:22,7:58:33,11,0:00:00,0:00:00,0,AGENT,7:58:32,8:07:43,551,YIFAT
AA0205,48578,0,0,PS,990906,8:12:50,8:13:04,14,0:00:00,0:00:00,0,AGENT,8:13:03,8:15:55,172,TOVA
AA0205,48579,0,0,NW,990906,8:28:13,8:28:29,16,0:00:00,0:00:00,0,AGENT,8:28:27,8:31:18,171,BASCH
AA0205,48580,0,0,PS,990906,8:44:17,8:44:27,10,0:00:00,0:00:00,0,AGENT,8:44:25,8:45:15,50,BASCH
AA0205,48581,0,0,PS,990906,8:53:38,8:53:50,12,0:00:00,0:00:00,0,AGENT,8:53:49,8:55:40,111,YITZ
AA0205,48582,0,0,PS,990906,9:03:44,9:04:02,18,0:00:00,0:00:00,0,AGENT,9:04:01,9:04:51,50,SHARON
AA0205,48583,10587137,2,NE,990906,9:13:08,9:13:13,5,9:13:13,9:13:23,10,AGENT,9:13:22,9:14:18,56,ROTH
AA0205,48584,302432240,1,PS,990906,9:19:39,9:19:45,6,9:19:45,9:20:03,18,PHANTOM,9:20:02,9:20:17,15,NO_SERVER
AA0205,48585,50395714,2,PS,990906,9:25:08,9:25:14,6,9:25:14,9:25:28,14,AGENT,9:25:27,9:46:40,1273,DORIT
AA0205,48586,50347749,1,NE,990906,9:33:36,9:33:42,6,9:33:42,9:34:54,72,AGENT,9:34:54,9:36:15,81,MORIAH
AA0205,48587,0,0,PS,990906,9:45:41,9:45:50,9,0:00:00,0:00:00,0,AGENT,9:45:49,9:46:38,49,BASCH
AA0205,48588,0,0,NW,990906,9:52:43,9:52:52,9,9:52:52,9:58:07,315,HANG,0:00:00,0:00:00,0,NO_SERVER
AA0205,48589,55279970,2,NE,990906,10:04:45,10:04:51,6,10:04:51,10:06:39,108,HANG,0:00:00,0:00:00,0,NO_SERVER
AA0205,48590,15398027,2,PS,990906,10:10:30,10:10:36,6,10:10:36,10:12:43,127,AGENT,10:12:42,10:16:02,200,DORIT
AA0205,48591,0,0,NW,990906,10:18:02,10:18:11,9,10:18:11,10:21:51,220,AGENT,10:21:51,10:21:57,6,MORIAH
AA0205,48592,57442600,2,PS,990906,10:26:58,10:27:04,6,10:27:04,10:28:20,76,AGENT,10:28:20,10:29:36,76,YITZ
AA0205,48593,0,0,PS,990906,10:37:47,10:37:56,9,0:00:00,0:00:00,0,AGENT,10:37:55,10:38:50,55,BASCH
AA0205,48594,0,0,NE,990906,10:45:54,10:46:03,9,0:00:00,0:00:00,0,AGENT,10:46:01,10:51:16,315,YITZ
AA0205,48595,57253494,1,PS,990906,10:53:27,10:53:32,5,10:53:32,10:53:39,7,AGENT,10:53:39,10:58:24,285,SHARON
AA0205,48596,57074585,2,PS,990906,11:04:25,11:04:31,6,11:04:31,11:04:51,20,AGENT,11:04:50,11:05:42,52,ROTH
AA0205,48597,0,0,NW,990906,11:15:31,11:15:40,9,11:15:40,11:17:04,84,HANG,0:00:00,0:00:00,0,NO_SERVER
AA0205,48598,0,0,PS,990906,11:29:43,11:29:51,8,0:00:00,0:00:00,0,AGENT,11:29:51,11:31:56,125,YIFAT
AA0205,48599,0,0,PS,990906,11:38:40,11:38:51,11,0:00:00,0:00:00,0,AGENT,11:38:51,11:41:48,177,BASCH
AA0205,48600,57460131,2,PS,990906,11:44:19,11:44:24,5,11:44:24,11:44:52,28,AGENT,11:44:51,11:46:19,88,TOVA
AA0205,48601,24927717,1,PS,990906,11:54:59,11:55:04,5,11:55:04,11:55:33,29,AGENT,11:55:32,11:57:43,131,BASCH
AA0205,48602,16686354,2,NE,990906,12:05:01,12:05:07,6,12:05:07,12:05:33,26,AGENT,12:05:32,12:06:32,60,DORIT
AA0205,48603,0,0,PS,990906,12:15:39,12:15:48,9,0:00:00,0:00:00,0,AGENT,12:15:47,12:18:57,190,ROTH
AA0205,48604,0,0,PS,990906,12:29:53,12:30:01,8,0:00:00,0:00:00,0,AGENT,12:30:00,12:33:15,195,ROTH
AA0205,48605,0,0,PS,990906,12:47:53,12:48:02,9,0:00:00,0:00:00,0,AGENT,12:48:01,12:50:44,163,ROTH
AA0205,48606,0,0,PS,990906,13:00:20,13:00:35,15,0:00:00,0:00:00,0,AGENT,13:00:34,13:02:12,98,TOVA
AA0205,48607,0,0,PS,990906,13:13:05,13:13:17,12,0:00:00,0:00:00,0,AGENT,13:13:15,13:14:27,72,ZOHARI
AA0205,48608,0,0,PS,990906,13:28:43,13:28:55,12,0:00:00,0:00:00,0,AGENT,13:28:54,13:30:01,67,MORIAH
AA0205,48609,0,0,PS,990906,13:42:35,13:42:45,10,0:00:00,0:00:00,0,AGENT,13:42:44,13:50:53,489,ROTH
AA0205,48610,0,0,NW,990906,13:56:04,13:56:14,10,13:56:14,13:58:20,126,AGENT,13:58:20,13:58:53,33,MORIAH
AA0205,48611,0,0,PS,990906,14:09:50,14:09:59,9,0:00:00,0:00:00,0,AGENT,14:09:59,14:11:09,70,DORIT
AA0205,48612,0,0,PS,990906,14:16:01,14:16:11,10,0:00:00,0:00:00,0,HANG,0:00:00,0:00:00,0,NO_SERVER
AA0205,48613,0,0,PS,990906,14:16:26,14:16:36,10,14:16:36,14:18:15,99,PHANTOM,14:18:14,14:18:24,10,NO_SERVER
AA0205,48614,0,0,NW,990906,14:31:09,14:31:19,10,14:31:19,14:31:57,38,AGENT,14:31:57,14:32:01,4,MORIAH
AA0205,48615,4312914,2,PS,990906,14:41:53,14:41:59,6,14:41:59,14:42:26,27,AGENT,14:42:25,14:43:21,56,BASCH
AA0205,48616,0,0,PS,990906,14:50:51,14:51:03,12,0:00:00,0:00:00,0,AGENT,14:51:02,14:54:43,221,ZOHARI
AA0205,48617,0,0,NE,990906,15:03:16,15:03:30,14,0:00:00,0:00:00,0,AGENT,15:03:28,15:05:37,129,ELI
AA0205,48618,0,0,PS,990906,15:18:34,15:18:45,11,0:00:00,0:00:00,0,AGENT,15:18:45,15:21:25,160,ANAT
AA0205,48619,0,0,NE,990906,15:29:23,15:29:34,11,0:00:00,0:00:00,0,AGENT,15:29:33,15:32:55,202,ELI
AA0205,48620,68741495,2,NE,990906,15:40:42,15:40:48,6,15:40:48,15:43:59,191,AGENT,15:43:59,15:45:08,69,SHARON
AA0205,48621,0,0,NW,990906,15:56:48,15:57:03,15,0:00:00,0:00:00,0,AGENT,15:57:02,15:58:29,87,STEREN
AA0205,48622,15239874,2,PS,990906,16:09:06,16:09:11,5,16:09:11,16:09:18,7,AGENT,16:09:18,16:11:05,107,STEREN
AA0205,48623,32298432,1,PS,990906,16:24:22,16:24:28,6,16:24:28,16:26:14,106,AGENT,16:26:13,16:26:13,0,VICKY
AA0205,48624,0,0,NE,990906,16:40:50,16:41:00,10,0:00:00,0:00:00,0,AGENT,16:40:58,16:41:26,28,VICKY
AA0205,48625,0,0,NW,990906,17:01:31,17:01:45,14,0:00:00,0:00:00,0,AGENT,17:01:43,17:02:13,30,VICKY
AA0205,48626,22066302,2,PS,990906,17:15:38,17:15:43,5,17:15:43,17:17:16,93,AGENT,17:17:15,17:34:00,1005,ANAT
AA0205,48627,2857761,1,PS,990906,17:38:54,17:38:59,5,17:38:59,17:39:06,7,AGENT,17:39:05,17:40:57,112,STEREN
AA0205,48628,0,0,PS,990906,18:00:56,18:01:05,9,0:00:00,0:00:00,0,AGENT,18:01:04,18:02:37,93,STEREN
AA0205,48629,58859752,2,PS,990906,18:26:42,18:26:47,5,18:26:47,18:27:40,53,AGENT,18:27:39,18:27:41,2,ANAT
AA0205,48630,0,0,PS,990906,18:42:50,18:43:03,13,0:00:00,0:00:00,0,AGENT,18:43:03,18:43:52,49,VICKY
AA0205,48631,67325910,2,PS,990906,19:06:54,19:06:59,5,19:06:59,19:07:02,3,AGENT,19:07:02,19:08:06,64,STEREN
AA0205,48632,0,0,PS,990906,19:31:38,19:31:47,9,0:00:00,0:00:00,0,AGENT,19:31:47,19:32:12,25,VICKY
AA0205,48633,28109668,2,PS,990906,19:58:48,19:58:53,5,19:58:53,20:00:20,87,AGENT,20:00:19,20:02:48,149,ANAT
AA0205,48634,0,0,NW,990906,20:29:54,20:30:04,10,20:30:04,20:32:19,135,AGENT,20:32:18,20:34:50,152,VICKY
AA0205,48635,0,0,PS,990906,20:52:30,20:52:40,10,0:00:00,0:00:00,0,AGENT,20:52:40,20:53:58,78,ANAT
AA0205,48636,0,0,NW,990906,21:11:27,21:11:36,9,21:11:36,21:12:11,35,AGENT,21:12:11,21:12:59,48,STEREN
AA0205,48637,2432722,2,PS,990906,21:36:03,21:36:09,6,21:36:09,21:36:57,48,AGENT,21:36:56,21:38:19,83,VICKY
AA0205,48638,56831928,2,PS,990906,21:58:58,21:59:03,5,21:59:03,21:59:39,36,AGENT,21:59:38,22:02:02,144,DARMON
AA0205,48639,0,0,PS,990906,22:26:56,22:27:14,18,0:00:00,0:00:00,0,AGENT,22:27:14,22:34:15,421,DARMON
AA0205,48640,26682237,1,PS,990906,23:17:22,23:17:28,6,23:17:28,23:18:31,63,AGENT,23:18:31,23:21:38,187,VICKY
AA0205,48642,0,0,PS,990907,0:51:34,0:51:34,0,0:00:00,0:00:00,0,HANG,0:00:00,0:00:00,0,NO_SERVER
AA0205,48643,22139513,1,PS,990907,7:33:29,7:33:35,6,7:33:35,7:33:39,4,AGENT,7:33:38,7:34:38,60,TOVA
AA0205,48644,0,0,PS,990907,8:03:37,8:03:46,9,0:00:00,0:00:00,0,AGENT,8:03:46,8:03:54,8,TOVA
AA0205,48645,0,0,NW,990907,8:26:00,8:26:09,9,8:26:09,8:27:27,78,AGENT,8:27:26,8:29:31,125,TOVA
AA0205,48646,0,0,PS,990907,8:42:29,8:42:41,12,0:00:00,0:00:00,0,AGENT,8:42:40,8:44:48,128,AVI
AA0205,48647,67480350,2,PS,990907,8:52:37,8:52:42,5,8:52:42,8:53:10,28,AGENT,8:53:09,8:56:19,190,AVI
AA0205,48648,0,0,NW,990907,9:00:42,9:00:51,9,9:00:51,9:02:51,120,HANG,0:00:00,0:00:00,0,NO_SERVER
AA0205,48649,0,0,PS,990907,9:15:56,9:16:04,8,0:00:00,0:00:00,0,AGENT,9:16:04,9:17:18,74,ROTH
AA0205,48650,1574243,2,NE,990907,9:30:12,9:30:18,6,9:30:18,9:32:51,153,HANG,0:00:00,0:00:00,0,NO_SERVER
AA0205,48651,0,0,PS,990907,9:44:57,9:45:06,9,0:00:00,0:00:00,0,AGENT,9:45:06,9:45:38,32,ROTH
AA0205,48652,0,0,NW,990907,9:58:56,9:59:06,10,9:59:06,10:02:37,211,HANG,0:00:00,0:00:00,0,NO_SERVER
AA0205,48653,14312961,2,PS,990907,10:13:05,10:13:10,5,10:13:10,10:13:57,47,AGENT,10:13:57,10:14:59,62,AVI
AA0205,48654,22345896,1,PS,990907,10:22:25,10:22:31,6,10:22:31,10:23:09,38,AGENT,10:23:08,10:30:51,463,BASCH
AA0205,48655,0,0,PS,990907,10:35:07,10:35:15,8,0:00:00,0:00:00,0,AGENT,10:35:15,10:36:41,86,AVI
AA0205,48656,0,0,PS,990907,10:48:35,10:48:44,9,0:00:00,0:00:00,0,AGENT,10:48:43,10:51:13,150,ROTH
AA0205,48657,28986016,1,PS,990907,10:57:30,10:57:35,5,10:57:35,10:58:51,76,AGENT,10:58:51,11:02:19,208,ROTH
AA0205,48658,4312914,2,PS,990907,11:12:29,11:12:35,6,11:12:35,11:13:44,69,AGENT,11:13:43,11:16:29,166,TOVA
AA0205,48659,38417093,1,PS,990907,11:22:06,11:22:12,6,11:22:12,11:22:24,12,AGENT,11:22:23,11:24:22,119,ROTH
AA0205,48660,3984531,2,PS,990907,11:33:50,11:33:56,6,11:33:56,11:35:55,119,AGENT,11:35:54,11:42:36,402,MORIAH
AA0205,48661,25639188,2,PS,990907,11:42:52,11:42:57,5,11:42:57,11:45:54,177,AGENT,11:45:53,11:51:19,326,ROTH
AA0205,48662,57918849,1,NE,990907,11:52:44,11:52:49,5,11:52:49,11:56:32,223,AGENT,11:56:31,12:02:32,361,TOVA
AA0205,48663,55469225,1,PS,990907,12:06:37,12:06:43,6,12:06:43,12:06:54,11,AGENT,12:06:52,12:10:09,197,TOVA
AA0205,48664,27786607,1,PS,990907,12:22:28,12:22:33,5,12:22:33,12:22:47,14,HANG,0:00:00,0:00:00,0,NO_SERVER
AA0205,48665,0,0,PS,990907,12:34:07,12:34:17,10,0:00:00,0:00:00,0,AGENT,12:34:17,12:38:00,223,TOVA
AA0205,48666,0,0,PS,990907,12:49:58,12:50:06,8,0:00:00,0:00:00,0,AGENT,12:50:05,12:50:07,2,MORIAH
AA0205,48667,0,0,PS,990907,13:08:35,13:08:46,11,0:00:00,0:00:00,0,AGENT,13:08:45,13:10:30,105,VICKY
AA0205,48668,28126886,2,PS,990907,13:19:58,13:20:03,5,13:20:03,13:20:10,7,AGENT,13:20:10,13:24:20,250,VICKY
AA0205,48669,0,0,NW,990907,13:39:21,13:39:34,13,0:00:00,0:00:00,0,AGENT,13:39:32,13:40:16,44,ROTH
AA0205,48670,0,0,PS,990907,13:57:44,13:57:56,12,0:00:00,0:00:00,0,AGENT,13:57:55,13:57:59,4,MORIAH
AA0205,48671,0,0,PS,990907,14:09:57,14:10:06,9,0:00:00,0:00:00,0,AGENT,14:10:05,14:11:41,96,ROTH
AA0205,48672,0,0,PS,990907,14:24:57,14:25:07,10,0:00:00,0:00:00,0,AGENT,14:25:06,14:27:04,118,DORIT
AA0205,48673,14872279,2,PS,990907,14:35:49,14:35:55,6,14:35:55,14:37:34,99,AGENT,14:37:34,14:40:25,171,ROTH
AA0205,48674,3141371,2,PS,990907,14:45:08,14:45:14,6,14:45:14,14:46:17,63,AGENT,14:46:16,14:53:33,437,VICKY
AA0205,48675,68059401,1,PS,990907,14:54:27,14:54:33,6,14:54:33,14:56:17,104,AGENT,14:56:16,14:58:10,114,VICKY
AA0205,48676,0,0,NW,990907,15:09:57,15:10:06,9,15:10:06,15:12:57,171,HANG,0:00:00,0:00:00,0,NO_SERVER
AA0205,48677,0,0,NW,990907,15:24:01,15:24:10,9,15:24:10,15:26:51,161,HANG,0:00:00,0:00:00,0,NO_SERVER
AA0205,48678,54539366,1,PS,990907,15:32:41,15:32:47,6,15:32:47,15:33:26,39,HANG,0:00:00,0:00:00,0,NO_SERVER
AA0205,48679,54042171,2,NE,990907,15:42:54,15:43:00,6,15:43:00,15:43:14,14,AGENT,15:43:13,15:46:15,182,SHARON
AA0205,48680,0,0,NW,990907,15:55:01,15:55:10,9,15:55:10,15:56:14,64,AGENT,15:56:14,15:56:50,36,VICKY
AA0205,48681,0,0,NW,990907,16:07:29,16:07:38,9,16:07:38,16:07:40,2,HANG,0:00:00,0:00:00,0,NO_SERVER
AA0205,48682,0,0,NW,990907,16:19:49,16:20:03,14,0:00:00,0:00:00,0,AGENT,16:20:02,16:21:14,72,VICKY
AA0205,48683,0,0,NW,990907,16:30:23,16:30:32,9,16:30:32,16:31:47,75,AGENT,16:31:46,16:32:17,31,STEREN
AA0205,48684,0,0,NW,990907,16:46:48,16:46:58,10,16:46:58,16:48:25,87,AGENT,16:48:24,16:52:14,230,STEREN
AA0205,48685,0,0,PS,990907,16:56:05,16:56:13,8,0:00:00,0:00:00,0,AGENT,16:56:12,16:57:12,60,STEREN
AA0205,48686,56178312,2,PS,990907,17:12:44,17:12:49,5,17:12:49,17:13:40,51,AGENT,17:13:40,17:14:28,48,VICKY
AA0205,48687,0,0,PS,990907,17:25:04,17:25:17,13,0:00:00,0:00:00,0,AGENT,17:25:16,17:28:51,215,VICKY
AA0205,48688,0,0,PS,990907,17:38:56,17:39:10,14,0:00:00,0:00:00,0,AGENT,17:39:10,17:40:04,54,BENSION
AA0205,48689,0,0,PS,990907,17:51:26,17:51:35,9,0:00:00,0:00:00,0,AGENT,17:51:34,17:54:12,158,DARMON
AA0205,48690,0,0,PS,990907,18:05:01,18:05:18,17,0:00:00,0:00:00,0,AGENT,18:05:17,18:06:13,56,BENSION
AA0205,48691,3519998,2,PS,990907,18:19:03,18:19:09,6,18:19:09,18:19:26,17,AGENT,18:19:26,18:21:08,102,SHARON
AA0205,48692,0,0,PS,990907,18:53:14,18:53:25,11,0:00:00,0:00:00,0,AGENT,18:53:24,18:56:16,172,SHARON
AA0205,48693,0,0,PS,990907,19:16:24,19:16:33,9,0:00:00,0:00:00,0,AGENT,19:16:33,19:17:46,73,DORIT
AA0205,48694,0,0,NE,990907,19:41:31,19:41:50,19,0:00:00,0:00:00,0,AGENT,19:41:50,19:43:46,116,BENSION
AA0205,48695,0,0,PS,990907,20:13:22,20:13:30,8,0:00:00,0:00:00,0,AGENT,20:13:29,20:17:24,235,SHARON
AA0205,48696,0,0,NE,990907,20:33:53,20:34:03,10,0:00:00,0:00:00,0,AGENT,20:34:02,20:36:11,129,ZOHARI
AA0205,48697,0,0,PS,990907,20:54:09,20:54:19,10,0:00:00,0:00:00,0,AGENT,20:54:18,20:55:27,69,SHARON
AA0205,48698,0,0,PS,990907,21:11:11,21:11:22,11,0:00:00,0:00:00,0,AGENT,21:11:22,21:14:55,213,DARMON
AA0205,48699,0,0,PS,990907,21:33:58,21:34:10,12,0:00:00,0:00:00,0,AGENT,21:34:09,21:35:18,69,STEREN
AA0205,48700,0,0,NW,990907,21:58:38,21:58:54,16,0:00:00,0:00:00,0,AGENT,21:58:53,21:59:02,9,SHARON
AA0205,48701,0,0,NE,990907,22:26:13,22:26:28,15,0:00:00,0:00:00,0,AGENT,22:26:28,22:29:05,157,DARMON
AA0205,48702,34164095,1,PS,990907,22:44:59,22:45:06,7,22:45:06,22:46:59,113,AGENT,22:46:58,22:49:10,132,DARMON
AA0205,48703,59210716,1,PS,990907,23:13:39,23:13:45,6,23:13:45,23:14:45,60,AGENT,23:14:45,23:27:30,765,BENSION
AA0205,48704,0,0,PS,990908,0:30:58,0:31:23,25,0:00:00,0:00:00,0,HANG,0:00:00,0:00:00,0,NO_SERVER
AA0205,48705,0,0,PS,990908,7:07:34,7:07:44,10,0:00:00,0:00:00,0,AGENT,7:07:43,7:07:57,14,NO_SERVER
AA0205,48706,0,0,PS,990908,7:36:20,7:36:29,9,0:00:00,0:00:00,0,AGENT,7:36:28,7:37:28,60,STEREN
AA0205,48707,0,0,PS,990908,8:08:00,8:08:09,9,0:00:00,0:00:00,0,AGENT,8:08:08,8:11:42,214,STEREN
AA0205,48708,0,0,PS,990908,8:22:39,8:22:48,9,0:00:00,0:00:00,0,AGENT,8:22:47,8:25:00,133,STEREN
AA0205,48709,22595961,2,PS,990908,8:41:38,8:41:44,6,8:41:44,8:42:42,58,AGENT,8:42:42,8:43:21,39,BASCH
AA0205,48710,54665682,2,PS,990908,8:50:12,8:50:18,6,8:50:18,8:52:35,137,AGENT,8:52:34,8:53:11,37,DORIT
AA0205,48711,0,0,NW,990908,9:03:07,9:03:18,11,0:00:00,0:00:00,0,AGENT,9:03:19,9:03:26,7,NO_SERVER
AA0205,48712,0,0,NW,990908,9:15:25,9:15:40,15,0:00:00,0:00:00,0,AGENT,9:15:40,9:18:35,175,ROTH
AA0205,48713,0,0,NE,990908,9:27:45,9:27:55,10,0:00:00,0:00:00,0,AGENT,9:27:54,9:34:08,374,ZOHARI
AA0205,48714,58391764,2,PS,990908,9:40:02,9:40:08,6,9:40:08,9:41:13,65,AGENT,9:41:12,9:48:12,420,DORIT
AA0205,48715,53616900,2,PS,990908,9:50:19,9:50:25,6,9:50:25,9:51:04,39,AGENT,9:51:03,9:56:05,302,STEREN
AA0205,48716,58704610,2,PS,990908,9:59:43,9:59:49,6,9:59:49,10:02:01,132,AGENT,10:02:01,10:04:07,126,SHARON
AA0205,48717,58704610,2,PS,990908,10:08:52,10:08:57,5,10:08:57,10:10:50,113,AGENT,10:10:49,10:15:37,288,DORIT
AA0205,48718,57831356,2,NE,990908,10:16:10,10:16:16,6,10:16:16,10:17:12,56,AGENT,10:17:11,10:17:41,30,ROTH
AA0205,48719,67158097,2,PS,990908,10:25:30,10:25:35,5,10:25:35,10:26:45,70,AGENT,10:26:45,10:28:14,89,BASCH
AA0205,48720,0,0,NW,990908,10:38:46,10:38:55,9,10:38:55,10:47:10,495,AGENT,10:47:09,10:47:43,34,DORIT
AA0205,48721,0,0,NE,990908,11:04:39,11:04:49,10,0:00:00,0:00:00,0,AGENT,11:04:49,11:09:26,277,BASCH
AA0205,48722,0,0,PS,990908,11:16:51,11:17:02,11,0:00:00,0:00:00,0,AGENT,11:17:01,11:17:24,23,SHARON
AA0205,48723,33474602,2,PS,990908,11:31:36,11:31:42,6,11:31:42,11:32:06,24,AGENT,11:32:05,11:38:47,402,SHARON
AA0205,48724,0,0,NW,990908,11:45:08,11:45:22,14,0:00:00,0:00:00,0,AGENT,11:45:21,11:46:53,92,ROTH
AA0205,48725,33679457,1,PS,990908,11:59:26,11:59:31,5,11:59:31,12:00:00,29,AGENT,11:59:58,12:12:51,773,BASCH
AA0205,48726,25001041,2,PS,990908,12:09:59,12:10:04,5,12:10:04,12:11:34,90,AGENT,12:11:32,12:13:40,128,YITZ
AA0205,48727,176156,1,PS,990908,12:19:26,12:19:32,6,12:19:32,12:22:55,203,AGENT,12:22:54,12:24:58,124,SHARON
AA0205,48728,0,0,NW,990908,12:36:56,12:37:05,9,12:37:05,12:37:39,34,HANG,0:00:00,0:00:00,0,NO_SERVER
AA0205,48729,0,0,PS,990908,12:55:24,12:55:33,9,0:00:00,0:00:00,0,AGENT,12:55:32,13:03:50,498,KAZAV
AA0205,48730,0,0,PS,990908,13:07:47,13:08:03,16,0:00:00,0:00:00,0,AGENT,13:08:02,13:23:17,915,DORIT
AA0205,48731,0,0,PS,990908,13:21:44,13:21:54,10,0:00:00,0:00:00,0,AGENT,13:21:53,13:22:41,48,KAZAV
AA0205,48732,0,0,NW,990908,13:34:57,13:35:07,10,0:00:00,0:00:00,0,HANG,0:00:00,0:00:00,0,NO_SERVER
AA0205,48733,0,0,NW,990908,13:44:00,13:44:10,10,13:44:10,13:46:13,123,PHANTOM,13:46:12,13:46:17,5,NO_SERVER
AA0205,48734,0,0,NW,990908,13:55:15,13:55:24,9,13:55:24,13:57:43,139,AGENT,13:57:42,13:57:51,9,MORIAH
AA0205,48735,0,0,PS,990908,14:11:04,14:11:17,13,0:00:00,0:00:00,0,AGENT,14:11:16,14:13:05,109,BASCH
AA0205,48736,0,0,PS,990908,14:26:53,14:27:06,13,0:00:00,0:00:00,0,AGENT,14:27:06,14:27:16,10,DORIT
AA0205,48737,0,0,PS,990908,14:39:29,14:39:38,9,0:00:00,0:00:00,0,AGENT,14:39:38,14:42:57,199,KAZAV
AA0205,48738,0,0,NW,990908,14:49:29,14:49:39,10,14:49:39,14:50:12,33,AGENT,14:50:11,14:51:06,55,ROTH
AA0205,48739,0,0,NW,990908,15:05:28,15:05:38,10,15:05:38,15:09:51,253,AGENT,15:09:50,15:20:09,619,MORIAH
AA0205,48740,0,0,PS,990908,15:20:58,15:21:06,8,0:00:00,0:00:00,0,AGENT,15:21:06,15:24:57,231,ROTH
AA0205,48741,57831356,2,NE,990908,15:31:59,15:32:05,6,15:32:05,15:34:59,174,AGENT,15:34:59,15:38:27,208,ANAT
AA0205,48742,31933088,1,PS,990908,15:38:27,15:38:32,5,15:38:32,15:39:23,51,HANG,0:00:00,0:00:00,0,NO_SERVER
AA0205,48743,0,0,NW,990908,15:46:46,15:46:55,9,15:46:55,15:52:17,322,AGENT,15:52:17,15:54:21,124,ROTH
AA0205,48744,0,0,NW,990908,16:01:01,16:01:10,9,16:01:10,16:02:41,91,HANG,0:00:00,0:00:00,0,NO_SERVER
AA0205,48745,28497956,2,PS,990908,16:16:46,16:16:52,6,16:16:52,16:17:27,35,HANG,0:00:00,0:00:00,0,NO_SERVER
AA0205,48746,0,0,NW,990908,16:28:57,16:29:06,9,16:29:06,16:36:19,433,AGENT,16:36:18,16:36:26,8,AVI
AA0205,48747,7191646,2,NE,990908,16:46:32,16:46:38,6,16:46:38,16:47:25,47,AGENT,16:47:24,16:50:09,165,DARMON
AA0205,48748,0,0,PS,990908,17:05:08,17:05:26,18,0:00:00,0:00:00,0,AGENT,17:05:25,17:06:49,84,AVI
AA0205,48749,0,0,PS,990908,17:26:12,17:26:23,11,0:00:00,0:00:00,0,AGENT,17:26:22,17:32:04,342,DARMON
AA0205,48750,0,0,NW,990908,17:37:58,17:38:08,10,17:38:08,17:39:58,110,AGENT,17:39:58,17:41:00,62,BENSION
AA0205,48751,0,0,PS,990908,17:54:11,17:54:28,17,0:00:00,0:00:00,0,AGENT,17:54:27,17:54:56,29,ANAT
AA0205,48752,0,0,PS,990908,18:19:11,18:19:20,9,0:00:00,0:00:00,0,AGENT,18:19:19,18:20:40,81,ANAT
AA0205,48753,563189,2,NE,990908,18:33:37,18:33:42,5,18:33:42,18:34:13,31,AGENT,18:34:13,18:38:11,238,AVI
AA0205,48754,0,0,NW,990908,18:55:38,18:55:47,9,18:55:47,18:56:09,22,HANG,0:00:00,0:00:00,0,NO_SERVER
AA0205,48755,0,0,PS,990908,19:12:52,19:13:06,14,0:00:00,0:00:00,0,AGENT,19:13:06,19:15:29,143,AVI
AA0205,48756,0,0,PS,990908,19:24:14,19:24:24,10,0:00:00,0:00:00,0,AGENT,19:24:23,19:24:26,3,MORIAH
AA0205,48757,0,0,PS,990908,19:45:26,19:45:35,9,0:00:00,0:00:00,0,AGENT,19:45:34,19:46:58,84,MORIAH
AA0205,48758,0,0,PS,990908,20:07:05,20:07:21,16,0:00:00,0:00:00,0,AGENT,20:07:20,20:09:06,106,MEIR
AA0205,48759,31843964,1,PS,990908,20:35:42,20:35:47,5,20:35:47,20:36:06,19,AGENT,20:36:05,20:41:19,314,MORIAH
AA0205,48760,0,0,NW,990908,20:59:23,20:59:38,15,0:00:00,0:00:00,0,AGENT,20:59:37,21:00:23,46,BENSION
AA0205,48761,58287624,2,PS,990908,21:14:26,21:14:32,6,21:14:32,21:15:59,87,AGENT,21:15:58,21:16:47,49,MEIR
AA0205,48762,0,0,PS,990908,21:36:51,21:37:12,21,0:00:00,0:00:00,0,AGENT,21:37:11,21:38:37,86,DARMON
AA0205,48763,55971378,2,PS,990908,21:55:42,21:55:48,6,21:55:48,21:58:05,137,AGENT,21:58:04,21:58:10,6,AVI
AA0205,48764,6397707,2,PS,990908,22:22:16,22:22:21,5,22:22:21,22:24:37,136,AGENT,22:24:36,22:25:56,80,BENSION
AA0205,48765,0,0,NW,990908,22:43:45,22:43:55,10,22:43:55,22:44:57,62,AGENT,22:44:56,22:46:23,87,BENSION
AA0205,48766,6.02701E+11,0,PS,990908,23:12:53,23:12:57,4,23:12:57,23:14:02,65,AGENT,23:14:01,23:16:04,123,AVI
AA0205,48768,0,0,PS,990909,0:02:38,0:02:38,0,0:00:00,0:00:00,0,HANG,0:00:00,0:00:00,0,NO_SERVER
AA0205,48769,0,0,PS,990909,7:06:26,7:06:35,9,0:00:00,0:00:00,0,AGENT,7:06:35,7:08:17,102,NAAMA
AA0205,48770,0,0,PS,990909,7:43:57,7:44:08,11,0:00:00,0:00:00,0,AGENT,7:44:07,7:45:33,86,SHARON
AA0205,48771,0,0,NW,990909,8:18:16,8:18:26,10,8:18:26,8:19:11,45,HANG,0:00:00,0:00:00,0,NO_SERVER
AA0205,48772,0,0,PS,990909,8:37:54,8:38:03,9,0:00:00,0:00:00,0,AGENT,8:38:02,8:39:33,91,KAZAV
AA0205,48773,0,0,PS,990909,8:51:43,8:51:52,9,0:00:00,0:00:00,0,AGENT,8:51:51,8:52:19,28,BASCH
AA0205,48774,0,0,NE,990909,9:07:28,9:07:46,18,0:00:00,0:00:00,0,AGENT,9:07:45,9:23:15,930,ELI
AA0205,48775,0,0,PS,990909,9:20:23,9:20:34,11,0:00:00,0:00:00,0,AGENT,9:20:33,9:22:08,95,BASCH
AA0205,48776,0,0,PS,990909,9:33:37,9:33:49,12,0:00:00,0:00:00,0,AGENT,9:33:48,9:35:58,130,NAAMA
AA0205,48777,0,0,NE,990909,9:55:15,9:55:23,8,0:00:00,0:00:00,0,AGENT,9:55:22,9:57:50,148,KAZAV
AA0205,48778,0,0,PS,990909,10:03:06,10:03:41,35,0:00:00,0:00:00,0,HANG,0:00:00,0:00:00,0,NO_SERVER
AA0205,48779,22874192,2,PS,990909,10:17:04,10:17:10,6,10:17:10,10:17:24,14,AGENT,10:17:23,10:18:10,47,ANAT
AA0205,48780,0,0,PS,990909,10:31:42,10:31:56,14,0:00:00,0:00:00,0,AGENT,10:31:55,10:32:45,50,ANAT
AA0205,48781,0,0,PS,990909,10:44:35,10:44:49,14,0:00:00,0:00:00,0,AGENT,10:44:48,10:46:16,88,SHARON
AA0205,48782,0,0,NW,990909,10:57:19,10:57:28,9,10:57:28,10:57:35,7,AGENT,10:57:34,10:58:28,54,BASCH
AA0205,48783,0,0,PS,990909,11:13:47,11:13:59,12,0:00:00,0:00:00,0,AGENT,11:13:57,11:19:47,350,NAAMA
AA0205,48784,0,0,NW,990909,11:29:31,11:29:45,14,0:00:00,0:00:00,0,AGENT,11:29:44,11:30:12,28,SHARON
AA0205,48785,0,0,PS,990909,11:44:18,11:44:26,8,0:00:00,0:00:00,0,AGENT,11:44:26,11:52:20,474,DORIT
AA0205,48786,0,0,PS,990909,11:59:55,12:00:09,14,0:00:00,0:00:00,0,AGENT,12:00:09,12:02:24,135,ANAT
AA0205,48787,0,0,PS,990909,12:17:18,12:17:28,10,0:00:00,0:00:00,0,AGENT,12:17:27,12:21:06,219,ROTH
AA0205,48788,0,0,PS,990909,12:37:32,12:37:42,10,0:00:00,0:00:00,0,AGENT,12:37:41,12:43:51,370,ROTH
AA0205,48789,0,0,NE,990909,12:50:47,12:50:55,8,0:00:00,0:00:00,0,AGENT,12:50:54,12:55:05,251,KAZAV
AA0205,48790,0,0,PS,990909,13:05:59,13:06:08,9,0:00:00,0:00:00,0,AGENT,13:06:07,13:07:00,53,KAZAV
AA0205,48791,58651613,2,PS,990909,13:18:03,13:18:09,6,13:18:09,13:18:15,6,AGENT,13:18:14,13:18:25,11,DORIT
AA0205,48792,0,0,PS,990909,13:38:04,13:38:14,10,0:00:00,0:00:00,0,AGENT,13:38:13,13:41:45,212,BASCH
AA0205,48793,0,0,PS,990909,13:54:47,13:55:01,14,0:00:00,0:00:00,0,AGENT,13:55:01,14:12:03,1022,NAAMA
AA0205,48794,23711740,1,PS,990909,14:10:03,14:10:09,6,14:10:09,14:11:42,93,AGENT,14:11:41,14:13:55,134,YIFAT
AA0205,48795,0,0,NW,990909,14:24:05,14:24:14,9,14:24:14,14:29:38,324,AGENT,14:29:37,14:33:43,246,BASCH
AA0205,48796,0,0,PS,990909,14:42:51,14:43:02,11,0:00:00,0:00:00,0,AGENT,14:43:01,14:44:50,109,SHARON
AA0205,48797,67434803,1,PS,990909,14:53:07,14:53:12,5,14:53:12,14:55:02,110,AGENT,14:55:01,15:02:19,438,DORIT
AA0205,48798,0,0,NW,990909,15:08:21,15:08:31,10,15:08:31,15:08:59,28,HANG,0:00:00,0:00:00,0,NO_SERVER
AA0205,48799,41630443,2,PS,990909,15:18:27,15:18:33,6,15:18:33,15:21:34,181,AGENT,15:21:33,15:22:57,84,KAZAV
AA0205,48800,0,0,PS,990909,15:33:34,15:33:46,12,0:00:00,0:00:00,0,AGENT,15:33:45,15:37:28,223,ZOHARI
AA0205,48801,57316622,2,PS,990909,15:40:54,15:40:59,5,15:40:59,15:43:31,152,HANG,0:00:00,0:00:00,0,NO_SERVER
AA0205,48802,59179119,2,PS,990909,15:53:03,15:53:08,5,15:53:08,15:53:12,4,AGENT,15:53:11,15:55:26,135,ROTH
AA0205,48803,0,0,PS,990909,16:07:16,16:07:25,9,0:00:00,0:00:00,0,AGENT,16:07:24,16:09:17,113,STEREN
AA0205,48804,0,0,PS,990909,16:18:38,16:18:50,12,0:00:00,0:00:00,0,AGENT,16:18:48,16:21:17,149,ZOHARI
AA0205,48805,0,0,PS,990909,16:29:05,16:40:05,660,0:00:00,0:00:00,0,HANG,0:00:00,0:00:00,0,NO_SERVER
AA0205,48806,0,0,NW,990909,16:56:21,16:56:30,9,16:56:30,16:57:02,32,HANG,0:00:00,0:00:00,0,NO_SERVER
AA0205,48807,24308983,2,PS,990909,17:08:06,17:08:12,6,17:08:12,17:12:59,287,AGENT,17:12:59,17:14:06,67,AVI
AA0205,48808,67767806,1,PS,990909,17:26:14,17:26:20,6,17:26:20,17:26:23,3,AGENT,17:26:22,17:28:13,111,AVI
AA0205,48809,12442802,1,PS,990909,17:44:59,17:45:05,6,17:45:05,17:49:32,267,AGENT,17:49:31,17:50:18,47,AVI
AA0205,48810,54109715,1,PS,990909,18:03:34,18:03:40,6,18:03:40,18:07:03,203,AGENT,18:07:02,18:12:04,302,AVI
AA0205,48811,51450997,2,PS,990909,18:24:22,18:24:28,6,18:24:28,18:28:46,258,AGENT,18:28:45,18:32:04,199,STEREN
AA0205,48812,0,0,NW,990909,18:52:46,18:52:55,9,18:52:55,18:53:44,49,AGENT,18:53:44,18:54:13,29,PINHAS
AA0205,48813,0,0,PS,990909,19:12:08,19:12:18,10,0:00:00,0:00:00,0,AGENT,19:12:17,19:15:46,209,STEREN
AA0205,48814,24129843,2,PS,990909,19:39:25,19:39:30,5,19:39:30,19:40:37,67,AGENT,19:40:36,19:41:39,63,STEREN
AA0205,48815,0,0,NW,990909,20:00:54,20:01:07,13,0:00:00,0:00:00,0,AGENT,20:01:07,20:02:34,87,AVI
AA0205,48816,0,0,NE,990909,20:21:49,20:21:59,10,0:00:00,0:00:00,0,AGENT,20:21:58,20:23:13,75,STEREN
AA0205,48817,0,0,PS,990909,20:55:37,20:55:47,10,0:00:00,0:00:00,0,AGENT,20:55:46,20:56:51,65,STEREN
AA0205,48818,23699390,2,NE,990909,21:17:38,21:17:43,5,21:17:43,21:19:17,94,AGENT,21:19:16,21:20:11,55,STEREN
AA0205,48819,0,0,PS,990909,21:41:06,21:41:12,6,0:00:00,0:00:00,0,HANG,0:00:00,0:00:00,0,NO_SERVER
AA0205,48820,0,0,PS,990916,7:24:37,7:24:53,16,0:00:00,0:00:00,0,AGENT,7:24:52,7:26:20,88,ANAT
AA0205,48821,0,0,PS,990916,7:51:00,7:51:13,13,0:00:00,0:00:00,0,AGENT,7:51:11,7:56:17,306,ZOHARI
AA0205,48822,0,0,PS,990916,8:10:45,8:10:57,12,0:00:00,0:00:00,0,AGENT,8:10:55,8:12:58,123,YIFAT
AA0205,48823,0,0,PS,990916,8:22:30,8:22:43,13,0:00:00,0:00:00,0,AGENT,8:22:43,8:24:54,131,ANAT
AA0205,48824,0,0,PS,990916,8:39:32,8:39:41,9,0:00:00,0:00:00,0,AGENT,8:39:40,8:41:12,92,KAZAV
AA0205,48825,0,0,NW,990916,8:48:43,8:48:52,9,8:48:52,8:50:12,80,AGENT,8:50:12,8:51:05,53,MORIAH
AA0205,48826,0,0,PS,990916,9:03:16,9:03:29,13,0:00:00,0:00:00,0,AGENT,9:03:28,9:07:17,229,YIFAT
AA0205,48827,56829179,1,PS,990916,9:11:57,9:12:02,5,9:12:02,9:12:16,14,AGENT,9:12:15,9:14:31,136,KAZAV
AA0205,48828,0,0,PS,990916,9:22:09,9:22:25,16,0:00:00,0:00:00,0,AGENT,9:22:24,9:22:27,3,ANAT
AA0205,48829,0,0,PS,990916,9:41:29,9:41:40,11,0:00:00,0:00:00,0,AGENT,9:41:40,9:42:13,33,ANAT
AA0205,48830,0,0,PS,990916,9:51:15,9:51:25,10,0:00:00,0:00:00,0,AGENT,9:51:23,9:54:52,209,KAZAV
AA0205,48831,0,0,PS,990916,10:01:38,10:01:49,11,0:00:00,0:00:00,0,AGENT,10:01:47,10:05:45,238,DORIT
AA0205,48832,0,0,PS,990916,10:12:07,10:12:19,12,0:00:00,0:00:00,0,AGENT,10:12:17,10:13:55,98,TOVA
AA0205,48833,23530603,2,PS,990916,10:20:22,10:20:27,5,10:20:27,10:20:32,5,AGENT,10:20:31,10:22:35,124,ANAT
AA0205,48834,311080246,1,PS,990916,10:25:51,10:25:56,5,10:25:56,10:28:26,150,AGENT,10:28:25,10:28:57,32,MORIAH
AA0205,48835,29572203,2,PS,990916,10:35:05,10:35:11,6,10:35:11,10:36:39,88,AGENT,10:36:38,10:39:14,156,ROTH
AA0205,48836,0,0,NW,990916,10:44:13,10:44:22,9,0:00:00,0:00:00,0,AGENT,10:44:20,10:44:45,25,KAZAV
AA0205,48837,74780917,2,NE,990916,10:56:48,10:56:53,5,10:56:53,10:57:03,10,AGENT,10:57:03,11:00:27,204,ANAT
AA0205,48838,0,0,PS,990916,11:11:10,11:11:20,10,0:00:00,0:00:00,0,AGENT,11:11:20,11:15:54,274,ROTH
AA0205,48839,0,0,PS,990916,11:21:29,11:21:39,10,0:00:00,0:00:00,0,AGENT,11:21:37,11:24:27,170,ROTH
AA0205,48840,0,0,PS,990916,11:32:22,11:32:30,8,0:00:00,0:00:00,0,AGENT,11:32:30,11:33:47,77,ROTH
AA0205,48841,0,0,PS,990916,11:47:55,11:48:05,10,0:00:00,0:00:00,0,AGENT,11:48:04,11:57:11,547,YIFAT
AA0205,48842,15369473,2,PE,990916,11:58:38,11:58:43,5,11:58:43,12:00:31,108,AGENT,12:00:30,12:24:23,1433,MORIAH
AA0205,48843,0,0,NW,990916,12:10:28,12:10:41,13,0:00:00,0:00:00,0,AGENT,12:10:40,12:11:20,40,KAZAV
AA0205,48844,306729286,1,PS,990916,12:19:56,12:20:02,6,12:20:02,12:21:15,73,AGENT,12:21:14,12:22:37,83,KAZAV
AA0205,48845,0,0,PS,990916,12:37:11,12:37:22,11,0:00:00,0:00:00,0,AGENT,12:37:21,12:38:54,93,ANAT
AA0205,48846,0,0,PS,990916,12:52:51,12:53:01,10,0:00:00,0:00:00,0,AGENT,12:52:59,12:55:06,127,KAZAV
AA0205,48847,0,0,PS,990916,13:01:08,13:01:30,22,0:00:00,0:00:00,0,AGENT,13:01:28,13:05:17,229,TOVA
AA0205,48848,0,0,NW,990916,13:11:35,13:11:44,9,13:11:44,13:12:23,39,AGENT,13:12:22,13:13:23,61,GOLDIE
AA0205,48849,58428335,1,PS,990916,13:21:16,13:21:22,6,13:21:22,13:21:51,29,AGENT,13:21:50,13:24:28,158,GOLDIE
AA0205,48850,55476253,2,NE,990916,13:29:44,13:29:49,5,13:29:49,13:32:28,159,AGENT,13:32:28,13:34:37,129,ZOHARI
AA0205,48851,0,0,PS,990916,13:42:14,13:42:24,10,0:00:00,0:00:00,0,AGENT,13:42:23,13:43:14,51,DORIT
AA0205,48852,68726413,2,PS,990916,13:53:50,13:53:55,5,13:53:55,13:54:26,31,HANG,0:00:00,0:00:00,0,NO_SERVER
AA0205,48853,25304304,1,PS,990916,14:05:27,14:05:32,5,14:05:32,14:05:57,25,AGENT,14:05:56,14:16:42,646,KAZAV
AA0205,48854,57934549,2,PS,990916,14:11:33,14:11:39,6,14:11:39,14:13:17,98,HANG,0:00:00,0:00:00,0,NO_SERVER
AA0205,48855,0,0,PS,990916,14:25:39,14:25:47,8,0:00:00,0:00:00,0,AGENT,14:25:46,14:33:58,492,ROTH
AA0205,48856,23008162,1,PS,990916,14:33:45,14:33:51,6,14:33:51,14:34:01,10,AGENT,14:34:00,14:43:08,548,ZOHARI
AA0205,48857,0,0,PS,990916,14:47:20,14:47:30,10,0:00:00,0:00:00,0,AGENT,14:47:29,14:47:33,4,MORIAH
AA0205,48858,0,0,NE,990916,14:52:54,14:53:03,9,0:00:00,0:00:00,0,AGENT,14:53:02,14:54:15,73,DORIT
AA0205,48859,310599469,2,PS,990916,14:57:58,14:58:04,6,14:58:04,14:59:15,71,AGENT,14:59:14,15:00:35,81,STEREN
AA0205,48860,9682923,2,PS,990916,15:08:31,15:08:37,6,15:08:37,15:15:53,436,AGENT,15:15:52,15:32:20,988,ROTH
AA0205,48861,24927717,1,PS,990916,15:22:06,15:22:11,5,15:22:11,15:22:20,9,HANG,0:00:00,0:00:00,0,NO_SERVER
AA0205,48862,51046290,2,PS,990916,15:29:34,15:29:39,5,15:29:39,15:32:36,177,AGENT,15:32:35,15:33:16,41,GOLDIE
AA0205,48863,0,0,NW,990916,15:36:31,15:36:40,9,15:36:40,15:37:12,32,HANG,0:00:00,0:00:00,0,NO_SERVER
AA0205,48864,1426659,2,NE,990916,15:44:34,15:44:40,6,15:44:40,15:46:25,105,AGENT,15:46:24,15:58:00,696,ELI
AA0205,48865,29474020,2,PS,990916,15:53:10,15:53:16,6,15:53:16,15:56:18,182,AGENT,15:56:17,15:57:09,52,KAZAV
AA0205,48866,0,0,NW,990916,16:05:29,16:05:39,10,16:05:39,16:05:53,14,AGENT,16:05:52,16:07:12,80,STEREN
AA0205,48867,0,0,NW,990916,16:16:27,16:16:36,9,16:16:36,16:16:55,19,AGENT,16:16:54,16:17:48,54,STEREN
AA0205,48868,41802778,2,PS,990916,16:32:01,16:32:06,5,16:32:06,16:32:30,24,AGENT,16:32:29,16:34:18,109,ROTH
AA0205,48869,57831356,2,NE,990916,16:42:20,16:42:26,6,16:42:26,16:43:37,71,AGENT,16:43:36,16:44:15,39,VICKY
AA0205,48870,25246380,2,PS,990916,16:54:35,16:54:40,5,16:54:40,16:58:10,210,AGENT,16:58:09,17:03:44,335,STEREN
AA0205,48871,3744216,2,PS,990916,17:10:54,17:11:00,6,17:11:00,17:11:30,30,AGENT,17:11:29,17:16:17,288,STEREN
AA0205,48872,50716158,2,PS,990916,17:24:03,17:24:09,6,17:24:09,17:24:26,17,HANG,0:00:00,0:00:00,0,NO_SERVER
AA0205,48873,0,0,NW,990916,17:44:41,17:44:58,17,0:00:00,0:00:00,0,AGENT,17:44:57,17:47:57,180,STEREN
AA0205,48874,0,0,PS,990916,18:08:42,18:08:54,12,0:00:00,0:00:00,0,AGENT,18:08:53,18:10:10,77,AVI
AA0205,48875,56046402,2,PS,990916,18:27:40,18:27:46,6,18:27:46,18:27:53,7,AGENT,18:27:52,18:30:42,170,AVI
AA0205,48876,0,0,PS,990916,18:56:23,18:56:35,12,0:00:00,0:00:00,0,AGENT,18:56:34,18:59:41,187,MEIR
AA0205,48877,0,0,NW,990916,19:14:56,19:15:08,12,0:00:00,0:00:00,0,AGENT,19:15:08,19:16:14,66,AVNI
AA0205,48878,33290677,1,PS,990916,19:30:40,19:30:45,5,19:30:45,19:31:17,32,AGENT,19:31:16,19:34:13,177,VICKY
AA0205,48879,0,0,PS,990916,19:58:23,19:58:36,13,0:00:00,0:00:00,0,AGENT,19:58:35,19:58:59,24,AVI
AA0205,48880,0,0,PS,990916,20:29:32,20:29:38,6,0:00:00,0:00:00,0,AGENT,20:29:40,20:29:47,7,NO_SERVER
AA0205,48881,0,0,PS,990916,21:01:19,21:01:29,10,0:00:00,0:00:00,0,AGENT,21:01:28,21:05:13,225,GILI
AA0205,48882,0,0,PS,990916,21:41:24,21:41:35,11,0:00:00,0:00:00,0,AGENT,21:41:34,21:43:22,108,VICKY
AA0205,48883,1426659,2,NE,990916,22:01:42,22:01:47,5,22:01:47,22:08:02,375,AGENT,22:08:01,22:10:48,167,VICKY
AA0205,48884,44461135,2,PS,990916,22:23:56,22:24:01,5,22:24:01,22:24:17,16,AGENT,22:24:16,22:25:08,52,VICKY
AA0205,48885,0,0,PS,990916,22:55:37,22:55:47,10,0:00:00,0:00:00,0,AGENT,22:55:46,23:01:44,358,VICKY
AA0205,48886,0,0,PS,990916,23:29:21,23:29:34,13,0:00:00,0:00:00,0,AGENT,23:29:32,23:30:31,59,VICKY
AA0205,48887,0,0,NW,990917,0:41:57,0:42:22,25,0:00:00,0:00:00,0,HANG,0:00:00,0:00:00,0,NO_SERVER
AA0205,48888,0,0,NW,990917,7:26:05,7:26:21,16,0:00:00,0:00:00,0,AGENT,7:26:20,7:27:54,94,SHARON
AA0205,48889,0,0,NW,990917,8:04:31,8:04:46,15,0:00:00,0:00:00,0,AGENT,8:04:46,8:05:14,28,MORIAH
AA0205,48890,64445208,2,PS,990917,8:21:12,8:21:17,5,8:21:17,8:21:33,16,AGENT,8:21:32,8:24:09,157,SHARON
AA0205,48891,0,0,PS,990917,8:40:20,8:40:30,10,0:00:00,0:00:00,0,AGENT,8:40:29,8:42:13,104,SHARON
AA0205,48892,0,0,NW,990917,8:49:04,8:49:04,0,0:00:00,0:00:00,0,HANG,0:00:00,0:00:00,0,NO_SERVER
AA0205,48893,55920755,2,PS,990917,8:59:28,8:59:34,6,8:59:34,9:00:21,47,AGENT,9:00:20,9:03:30,190,SHARON
AA0205,48894,0,0,NW,990917,9:15:44,9:15:50,6,0:00:00,0:00:00,0,HANG,0:00:00,0:00:00,0,NO_SERVER
AA0205,48895,0,0,PS,990917,9:32:15,9:32:36,21,0:00:00,0:00:00,0,AGENT,9:32:35,9:36:48,253,SHARON
AA0205,48896,56028,2,PS,990917,9:42:48,9:42:54,6,9:42:54,9:44:01,67,AGENT,9:44:00,9:46:07,127,SHARON
AA0205,48897,29341500,1,PS,990917,9:55:29,9:55:35,6,9:55:35,9:55:39,4,AGENT,9:55:38,9:59:09,211,MORIAH
AA0205,48898,65041204,2,PS,990917,10:07:02,10:07:08,6,10:07:08,10:09:07,119,AGENT,10:09:07,10:10:15,68,SHARON
AA0205,48899,24207532,2,PS,990917,10:20:12,10:20:18,6,10:20:18,10:20:38,20,AGENT,10:20:37,10:21:44,67,SHARON
AA0205,48900,0,0,PS,990917,10:40:35,10:40:44,9,0:00:00,0:00:00,0,AGENT,10:40:44,10:43:06,142,STEREN
AA0205,48901,0,0,NW,990917,10:59:19,10:59:42,23,0:00:00,0:00:00,0,AGENT,10:59:41,11:01:09,88,BENSION
AA0205,48902,0,0,PS,990917,11:16:10,11:16:18,8,0:00:00,0:00:00,0,AGENT,11:16:18,11:25:06,528,STEREN
AA0205,48903,0,0,PS,990917,11:31:40,11:31:48,8,0:00:00,0:00:00,0,AGENT,11:31:47,11:34:15,148,STEREN
AA0205,48904,0,0,NW,990917,11:51:35,11:51:44,9,11:51:44,11:52:07,23,HANG,11:52:09,11:52:12,3,NO_SERVER
AA0205,48905,24265456,2,PS,990917,12:17:13,12:17:19,6,12:17:19,12:17:28,9,AGENT,12:17:27,12:18:22,55,STEREN
AA0205,48906,0,0,PS,990917,12:37:29,12:37:41,12,0:00:00,0:00:00,0,AGENT,12:37:40,12:40:45,185,DORIT
AA0205,48907,0,0,PS,990917,13:10:13,13:10:23,10,0:00:00,0:00:00,0,AGENT,13:10:23,13:13:21,178,STEREN
AA0205,48908,0,0,NW,990917,13:37:40,13:37:49,9,13:37:49,13:38:43,54,AGENT,13:38:42,13:39:16,34,BENSION
AA0205,48909,0,0,PS,990917,14:28:30,14:29:07,37,0:00:00,0:00:00,0,HANG,0:00:00,0:00:00,0,NO_SERVER
AA0205,48911,0,0,PS,990917,15:33:16,15:33:16,0,0:00:00,0:00:00,0,HANG,0:00:00,0:00:00,0,NO_SERVER
AA0205,48912,0,0,PS,990917,22:45:01,22:45:28,27,0:00:00,0:00:00,0,HANG,0:00:00,0:00:00,0,NO_SERVER
AA0205,48913,0,0,PS,990918,19:17:26,19:17:41,15,0:00:00,0:00:00,0,HANG,0:00:00,0:00:00,0,NO_SERVER
AA0205,48914,0,0,PS,990918,20:03:07,20:03:20,13,0:00:00,0:00:00,0,AGENT,20:03:19,20:04:02,43,SHARON
AA0205,48915,0,0,PS,990918,20:39:08,20:39:16,8,0:00:00,0:00:00,0,AGENT,20:39:15,20:41:32,137,ROTH
AA0205,48916,11730801,2,PS,990918,21:07:12,21:07:18,6,21:07:18,21:07:40,22,AGENT,21:07:39,21:09:36,117,SHARON
AA0205,48917,0,0,PS,990918,21:49:38,21:49:52,14,0:00:00,0:00:00,0,AGENT,21:49:52,21:50:39,47,AVI
AA0205,48918,0,0,PS,990918,22:24:14,22:24:23,9,0:00:00,0:00:00,0,AGENT,22:24:23,22:25:30,67,ROTH
AA0205,48919,0,0,NW,990918,23:41:12,23:41:29,17,0:00:00,0:00:00,0,AGENT,23:41:28,23:43:06,98,DORIT
AA0205,48921,0,0,PS,990919,6:57:33,6:57:33,0,0:00:00,0:00:00,0,HANG,0:00:00,0:00:00,0,NO_SERVER
AA0205,48922,0,0,PS,990919,7:41:57,7:42:08,11,0:00:00,0:00:00,0,AGENT,7:42:08,7:42:53,45,GILI
AA0205,48923,0,0,NW,990919,8:02:16,8:02:31,15,0:00:00,0:00:00,0,AGENT,8:02:30,8:03:09,39,AVNI
AA0205,48924,0,0,PS,990919,8:24:11,8:24:26,15,0:00:00,0:00:00,0,AGENT,8:24:25,8:26:33,128,ANAT
AA0205,48925,0,0,PS,990919,8:37:07,8:37:17,10,0:00:00,0:00:00,0,AGENT,8:37:17,8:38:41,84,ANAT
AA0205,48926,0,0,PS,990919,8:45:53,8:46:01,8,0:00:00,0:00:00,0,AGENT,8:45:59,8:50:01,242,GILI
AA0205,48927,0,0,NW,990919,8:54:47,8:54:57,10,8:54:57,8:55:42,45,AGENT,8:55:41,8:55:47,6,MORIAH
AA0205,48928,0,0,PS,990919,9:09:51,9:10:00,9,0:00:00,0:00:00,0,AGENT,9:09:59,9:14:10,251,ROTH
AA0205,48929,0,0,PS,990919,9:30:15,9:30:24,9,0:00:00,0:00:00,0,AGENT,9:30:23,9:32:39,136,GILI
AA0205,48930,0,0,NW,990919,9:45:10,9:45:24,14,0:00:00,0:00:00,0,AGENT,9:45:23,9:47:13,110,MORIAH
AA0205,48931,0,0,PS,990919,10:05:17,10:05:26,9,0:00:00,0:00:00,0,AGENT,10:05:25,10:22:42,1037,ROTH
AA0205,48932,0,0,PS,990919,10:31:12,10:31:21,9,0:00:00,0:00:00,0,AGENT,10:31:21,10:33:49,148,SHARON
AA0205,48933,61144051,2,PS,990919,11:00:42,11:00:47,5,11:00:47,11:01:00,13,AGENT,11:00:59,11:02:47,108,GELBER
AA0205,48934,0,0,NW,990919,11:42:33,11:42:47,14,0:00:00,0:00:00,0,AGENT,11:42:46,11:42:56,10,AVNI
AA0205,48935,0,0,NW,990920,17:18:23,17:19:29,66,0:00:00,0:00:00,0,HANG,0:00:00,0:00:00,0,NO_SERVER
AA0205,48936,0,0,NW,990920,20:48:11,20:48:49,38,0:00:00,0:00:00,0,HANG,0:00:00,0:00:00,0,NO_SERVER
AA0205,48937,0,0,NW,990920,21:28:48,21:29:01,13,0:00:00,0:00:00,0,AGENT,21:29:00,21:29:59,59,PINHAS
AA0205,48938,0,0,PS,990920,21:54:09,21:54:25,16,0:00:00,0:00:00,0,AGENT,21:54:24,21:56:09,105,SHARON
AA0205,48939,54613724,2,NE,990920,22:26:22,22:26:27,5,22:26:27,22:26:43,16,AGENT,22:26:42,22:27:40,58,ZOHARI
AA0205,48940,52867744,2,PS,990920,22:53:11,22:53:17,6,22:53:17,22:53:28,11,AGENT,22:53:27,22:54:08,41,SHARON
AA0205,48941,0,0,NW,990920,23:32:35,23:32:45,10,23:32:45,23:33:06,21,HANG,0:00:00,0:00:00,0,NO_SERVER
AA0205,48942,0,0,PS,990921,4:04:38,4:04:55,17,0:00:00,0:00:00,0,HANG,0:00:00,0:00:00,0,NO_SERVER
AA0205,48943,0,0,PS,990921,6:51:43,6:51:57,14,0:00:00,0:00:00,0,HANG,0:00:00,0:00:00,0,NO_SERVER
AA0205,48944,0,0,PS,990921,7:27:53,7:28:05,12,0:00:00,0:00:00,0,AGENT,7:28:04,7:29:33,89,AVI
AA0205,48945,57211559,2,PS,990921,7:49:55,7:50:00,5,7:50:00,7:50:37,37,AGENT,7:50:36,7:53:39,183,ANAT
AA0205,48946,0,0,PS,990921,8:06:18,8:06:28,10,0:00:00,0:00:00,0,AGENT,8:06:27,8:07:52,85,YIFAT
AA0205,48947,0,0,PS,990921,8:26:09,8:26:18,9,0:00:00,0:00:00,0,AGENT,8:26:17,8:30:22,245,KAZAV
AA0205,48948,0,0,PS,990921,8:41:18,8:41:31,13,0:00:00,0:00:00,0,AGENT,8:41:30,8:47:51,381,BASCH
AA0205,48949,0,0,PS,990921,8:50:58,8:51:07,9,0:00:00,0:00:00,0,AGENT,8:51:07,8:57:00,353,DORIT
AA0205,48950,0,0,NE,990921,9:04:42,9:04:51,9,0:00:00,0:00:00,0,AGENT,9:04:50,9:04:52,2,MORIAH
AA0205,48951,0,0,PS,990921,9:17:32,9:17:41,9,0:00:00,0:00:00,0,AGENT,9:17:40,9:20:11,151,ROTH
AA0205,48952,0,0,PS,990921,9:27:23,9:27:32,9,0:00:00,0:00:00,0,AGENT,9:27:31,9:28:59,88,BASCH
AA0205,48953,0,0,NW,990921,9:37:30,9:37:41,11,0:00:00,0:00:00,0,AGENT,9:37:41,9:37:42,1,NO_SERVER
AA0205,48954,11180403,2,PS,990921,9:46:53,9:46:58,5,9:46:58,9:47:24,26,AGENT,9:47:23,9:48:50,87,YIFAT
AA0205,48955,36107183,1,PS,990921,9:52:36,9:52:42,6,9:52:42,9:53:52,70,AGENT,9:53:52,9:58:40,288,YIFAT
AA0205,48956,0,0,PS,990921,9:59:55,10:00:04,9,0:00:00,0:00:00,0,AGENT,10:00:03,10:07:04,421,BASCH
AA0205,48957,67178970,2,PS,990921,10:07:13,10:07:19,6,10:07:19,10:07:51,32,AGENT,10:07:51,10:10:04,133,AVI
AA0205,48958,306485608,2,PS,990921,10:14:08,10:14:13,5,10:14:13,10:14:25,12,AGENT,10:14:24,10:15:08,44,DORIT
AA0205,48959,52867744,2,PS,990921,10:19:36,10:19:41,5,10:19:41,10:20:10,29,AGENT,10:20:09,10:21:12,63,YIFAT
AA0205,48960,0,0,PS,990921,10:26:40,10:26:49,9,0:00:00,0:00:00,0,AGENT,10:26:48,10:28:15,87,AVI
AA0205,48961,0,0,PS,990921,10:35:18,10:35:27,9,0:00:00,0:00:00,0,AGENT,10:35:26,10:38:20,174,KAZAV
AA0205,48962,0,0,NE,990921,10:43:03,10:43:12,9,0:00:00,0:00:00,0,AGENT,10:43:10,10:47:09,239,AVNI
AA0205,48963,57253494,1,PS,990921,10:50:43,10:50:49,6,10:50:49,10:51:15,26,AGENT,10:51:13,10:56:59,346,BASCH
AA0205,48964,58728510,1,PS,990921,10:57:13,10:57:19,6,10:57:19,10:57:28,9,HANG,0:00:00,0:00:00,0,NO_SERVER
AA0205,48965,29328887,1,PS,990921,11:03:42,11:03:48,6,11:03:48,11:05:17,89,AGENT,11:05:16,11:06:09,53,DORIT
AA0205,48966,30663462,2,PS,990921,11:14:08,11:14:14,6,11:14:14,11:15:10,56,AGENT,11:15:09,11:21:16,367,ROTH
AA0205,48967,0,0,PS,990921,11:23:37,11:23:48,11,0:00:00,0:00:00,0,AGENT,11:23:47,11:25:45,118,ANAT
AA0205,48968,0,0,PS,990921,11:34:46,11:34:57,11,0:00:00,0:00:00,0,AGENT,11:34:56,11:36:48,112,AVI
AA0205,48969,0,0,NE,990921,11:46:54,11:47:04,10,0:00:00,0:00:00,0,AGENT,11:47:03,11:57:04,601,AVI
AA0205,48970,0,0,PS,990921,11:57:13,11:57:25,12,0:00:00,0:00:00,0,AGENT,11:57:23,11:58:15,52,BASCH
AA0205,48971,0,0,PS,990921,12:06:46,12:06:58,12,0:00:00,0:00:00,0,AGENT,12:06:57,12:09:49,172,BASCH
AA0205,48972,12482634,2,NE,990921,12:16:50,12:16:56,6,12:16:56,12:17:09,13,AGENT,12:17:08,12:18:24,76,KAZAV
AA0205,48973,0,0,NW,990921,12:29:46,12:29:55,9,12:29:55,12:31:18,83,AGENT,12:31:17,12:34:12,175,AVI
AA0205,48974,0,0,PS,990921,12:43:26,12:43:43,17,0:00:00,0:00:00,0,AGENT,12:43:43,12:46:13,150,MORIAH
AA0205,48975,0,0,PS,990921,13:04:27,13:04:39,12,0:00:00,0:00:00,0,AGENT,13:04:39,13:05:04,25,ANAT
AA0205,48976,31909773,2,PS,990921,13:09:38,13:09:44,6,13:09:44,13:09:49,5,AGENT,13:09:48,13:10:02,14,ANAT
AA0205,48977,0,0,PS,990921,13:25:46,13:25:59,13,0:00:00,0:00:00,0,AGENT,13:25:58,13:27:54,116,BASCH
AA0205,48978,0,0,PS,990921,13:37:31,13:37:40,9,0:00:00,0:00:00,0,AGENT,13:37:39,13:37:42,3,NO_SERVER
AA0205,48979,59309138,2,PS,990921,13:42:58,13:43:03,5,13:43:03,13:43:46,43,HANG,0:00:00,0:00:00,0,NO_SERVER
AA0205,48980,56765985,2,PS,990921,13:49:58,13:50:04,6,13:50:04,13:50:36,32,HANG,0:00:00,0:00:00,0,NO_SERVER
AA0205,48981,703074,2,PS,990921,13:57:41,13:57:47,6,13:57:47,13:57:56,9,AGENT,13:57:56,14:02:56,300,YIFAT
AA0205,48982,25083353,2,PS,990921,14:06:34,14:06:39,5,14:06:39,14:07:00,21,AGENT,14:06:59,14:11:18,259,ROTH
AA0205,48983,0,0,PS,990921,14:18:59,14:19:09,10,0:00:00,0:00:00,0,AGENT,14:19:08,14:22:06,178,YIFAT
AA0205,48984,0,0,PS,990921,14:30:50,14:31:01,11,0:00:00,0:00:00,0,AGENT,14:31:00,14:35:01,241,DORIT
AA0205,48985,0,0,PS,990921,14:44:15,14:44:27,12,0:00:00,0:00:00,0,AGENT,14:44:27,14:46:27,120,TOVA
AA0205,48986,0,0,PS,990921,14:56:57,14:57:11,14,0:00:00,0:00:00,0,AGENT,14:57:09,15:02:54,345,VICKY
AA0205,48987,32426736,1,PS,990921,15:09:16,15:09:21,5,15:09:21,15:10:43,82,AGENT,15:10:42,15:12:28,106,VICKY
AA0205,48988,65032120,2,NE,990921,15:20:52,15:20:58,6,15:20:58,15:21:16,18,AGENT,15:21:16,15:34:27,791,TOVA
AA0205,48989,57379505,2,PS,990921,15:30:16,15:30:22,6,15:30:22,15:30:34,12,AGENT,15:30:33,15:34:34,241,VICKY
AA0205,48990,0,0,PS,990921,15:39:08,15:39:24,16,0:00:00,0:00:00,0,AGENT,15:39:23,15:41:56,153,GOLDIE
AA0205,48991,0,0,NW,990921,15:51:11,15:51:25,14,0:00:00,0:00:00,0,AGENT,15:51:24,15:57:22,358,VICKY
AA0205,48992,57918849,1,NE,990921,16:00:54,16:01:00,6,16:01:00,16:02:20,80,AGENT,16:02:19,16:03:25,66,TOVA
AA0205,48993,1574243,2,NE,990921,16:09:05,16:09:11,6,16:09:11,16:09:33,22,AGENT,16:09:32,16:12:44,192,AVNI
AA0205,48994,0,0,PS,990921,16:22:26,16:22:35,9,0:00:00,0:00:00,0,AGENT,16:22:34,16:23:56,82,GOLDIE
AA0205,48995,0,0,NW,990921,16:34:42,16:34:54,12,0:00:00,0:00:00,0,AGENT,16:34:54,16:35:07,13,AVNI
AA0205,48996,0,0,PS,990921,16:44:14,16:44:24,10,0:00:00,0:00:00,0,AGENT,16:44:23,16:45:32,69,AVNI
AA0205,48997,0,0,PS,990921,17:04:13,17:04:21,8,0:00:00,0:00:00,0,AGENT,0:00:00,0:00:00,0,VICKY
AA0205,48998,0,0,NW,990921,17:20:42,17:20:51,9,17:20:51,17:21:18,27,HANG,0:00:00,0:00:00,0,NO_SERVER
AA0205,48999,0,0,NW,990921,17:35:50,17:35:59,9,17:35:59,17:36:17,18,AGENT,17:36:17,17:37:45,88,BENSION
AA0205,49000,0,0,PS,990921,17:59:19,17:59:28,9,0:00:00,0:00:00,0,AGENT,17:59:28,18:00:44,76,STEREN
AA0205,49001,0,0,NE,990921,18:19:10,18:19:20,10,0:00:00,0:00:00,0,AGENT,18:19:19,18:19:57,38,ZOHARI
AA0205,49002,0,0,PS,990921,18:37:32,18:37:42,10,0:00:00,0:00:00,0,AGENT,18:37:42,18:39:03,81,VICKY
AA0205,49003,0,0,PS,990921,18:57:32,18:57:44,12,0:00:00,0:00:00,0,AGENT,18:57:44,18:57:45,1,VICKY
AA0205,49004,0,0,PS,990921,19:26:24,19:26:34,10,0:00:00,0:00:00,0,AGENT,19:26:33,19:32:48,375,GOLDIE
AA0205,49005,0,0,PS,990921,19:45:00,19:45:08,8,0:00:00,0:00:00,0,AGENT,19:45:08,19:47:23,135,TOVA
AA0205,49006,0,0,PS,990921,20:07:38,20:07:47,9,0:00:00,0:00:00,0,AGENT,20:07:46,20:14:08,382,STEREN
AA0205,49007,0,0,PS,990921,20:31:47,20:32:00,13,0:00:00,0:00:00,0,AGENT,20:31:59,20:34:07,128,GOLDIE
AA0205,49008,0,0,NW,990921,20:51:00,20:51:13,13,0:00:00,0:00:00,0,AGENT,20:51:12,20:51:50,38,VICKY
AA0205,49009,0,0,PS,990921,21:08:54,21:09:09,15,0:00:00,0:00:00,0,AGENT,21:09:08,21:10:32,84,BENSION
AA0205,49010,0,0,PS,990921,21:23:12,21:23:22,10,0:00:00,0:00:00,0,AGENT,21:23:21,21:24:32,71,STEREN
AA0205,49011,0,0,PS,990921,21:48:02,21:48:11,9,0:00:00,0:00:00,0,AGENT,21:48:10,21:49:58,108,GOLDIE
AA0205,49012,0,0,PS,990921,22:12:31,22:12:40,9,0:00:00,0:00:00,0,AGENT,22:12:39,22:13:22,43,GOLDIE
AA0205,49013,0,0,PS,990921,22:31:19,22:31:30,11,0:00:00,0:00:00,0,AGENT,22:31:29,22:32:32,63,YITZ
AA0205,49014,0,0,PS,990921,23:00:56,23:01:08,12,0:00:00,0:00:00,0,AGENT,23:01:07,23:01:36,29,GILI
AA0205,49015,6397707,2,PS,990921,23:24:16,23:24:22,6,23:24:22,23:24:57,35,AGENT,23:24:56,23:26:29,93,BENSION
AA0205,49017,0,0,PS,990922,0:12:29,0:12:29,0,0:00:00,0:00:00,0,HANG,0:00:00,0:00:00,0,NO_SERVER
AA0205,49018,0,0,PS,990922,7:13:02,7:13:16,14,0:00:00,0:00:00,0,AGENT,7:13:15,7:15:14,119,TOVA
AA0205,49019,0,0,PS,990922,7:41:41,7:41:52,11,0:00:00,0:00:00,0,AGENT,7:41:51,7:51:22,571,GOLDIE
AA0205,49020,0,0,PS,990922,8:00:52,8:01:02,10,0:00:00,0:00:00,0,AGENT,8:01:01,8:02:12,71,VICKY
AA0205,49021,309437101,1,PS,990922,8:18:35,8:18:41,6,8:18:41,8:18:55,14,AGENT,8:18:54,8:20:18,84,VICKY
AA0205,49022,0,0,PS,990922,8:31:45,8:31:57,12,0:00:00,0:00:00,0,AGENT,8:31:57,8:32:56,59,TOVA
AA0205,49023,0,0,PS,990922,8:45:35,8:45:43,8,0:00:00,0:00:00,0,AGENT,8:45:42,8:47:11,89,YIFAT
AA0205,49024,0,0,NW,990922,8:57:15,8:57:24,9,8:57:24,8:57:27,3,AGENT,8:57:26,8:58:28,62,ROTH
AA0205,49025,22715197,2,PS,990922,9:06:15,9:06:21,6,9:06:21,9:06:35,14,AGENT,9:06:33,9:08:18,105,STEREN
AA0205,49026,22407019,2,PS,990922,9:14:30,9:14:36,6,9:14:36,9:14:55,19,AGENT,9:14:55,9:18:12,197,TOVA
AA0205,49027,54004676,2,PS,990922,9:21:57,9:22:03,6,9:22:03,9:22:28,25,AGENT,9:22:27,9:23:13,46,ZOHARI
AA0205,49028,0,0,PS,990922,9:32:53,9:33:02,9,0:00:00,0:00:00,0,AGENT,9:33:01,9:35:15,134,GOLDIE
AA0205,49029,0,0,PS,990922,9:44:20,9:44:30,10,0:00:00,0:00:00,0,AGENT,9:44:29,9:45:05,36,VICKY
AA0205,49030,40661456,1,PS,990922,9:52:12,9:52:18,6,9:52:18,9:52:48,30,AGENT,9:52:47,9:52:49,2,TOVA
AA0205,49031,0,0,PS,990922,10:01:39,10:01:48,9,0:00:00,0:00:00,0,AGENT,10:01:47,10:04:58,191,ROTH
AA0205,49032,0,0,PS,990922,10:08:10,10:08:20,10,0:00:00,0:00:00,0,AGENT,10:08:19,10:15:25,426,ZOHARI
AA0205,49033,56091879,1,PS,990922,10:18:15,10:18:20,5,10:18:20,10:18:32,12,HANG,0:00:00,0:00:00,0,NO_SERVER
AA0205,49034,0,0,NW,990922,10:25:35,10:25:44,9,10:25:44,10:26:48,64,HANG,0:00:00,0:00:00,0,NO_SERVER
AA0205,49035,23673056,1,PS,990922,10:32:23,10:32:29,6,10:32:29,10:32:56,27,HANG,0:00:00,0:00:00,0,NO_SERVER
AA0205,49036,0,0,PS,990922,10:39:33,10:39:42,9,0:00:00,0:00:00,0,AGENT,10:39:41,10:41:16,95,VICKY
AA0205,49037,0,0,PS,990922,10:46:36,10:46:46,10,0:00:00,0:00:00,0,AGENT,10:46:45,10:46:50,5,NO_SERVER
AA0205,49038,0,0,PS,990922,10:55:52,10:56:01,9,0:00:00,0:00:00,0,AGENT,10:56:00,10:57:38,98,AVNI
AA0205,49039,38309977,2,PS,990922,11:03:26,11:03:31,5,11:03:31,11:04:12,41,AGENT,11:04:12,11:04:38,26,TOVA
AA0205,49040,22712640,1,PS,990922,11:09:40,11:09:46,6,11:09:46,11:10:04,18,AGENT,11:10:03,11:11:20,77,ROTH
AA0205,49041,0,0,PS,990922,11:18:16,11:18:25,9,0:00:00,0:00:00,0,AGENT,11:18:24,11:20:41,137,ZOHARI
AA0205,49042,7671241,1,PS,990922,11:25:18,11:25:23,5,11:25:23,11:26:40,77,HANG,0:00:00,0:00:00,0,NO_SERVER
AA0205,49043,22263115,2,PS,990922,11:33:30,11:33:35,5,11:33:35,11:34:08,33,AGENT,11:34:07,11:37:12,185,ZOHARI
AA0205,49044,12103321,2,PS,990922,11:43:51,11:43:56,5,11:43:56,11:44:04,8,AGENT,11:44:02,11:53:38,576,ZOHARI
AA0205,49045,54182787,2,PS,990922,11:49:27,11:49:33,6,11:49:33,11:50:17,44,AGENT,11:50:16,11:52:08,112,TOVA
AA0205,49046,63730469,1,PS,990922,11:57:46,11:57:52,6,11:57:52,11:58:38,46,AGENT,11:58:37,12:01:30,173,YIFAT
AA0205,49047,0,0,PS,990922,12:12:31,12:12:40,9,0:00:00,0:00:00,0,AGENT,12:12:39,12:13:28,49,KAZAV
AA0205,49048,0,0,PS,990922,12:24:10,12:24:23,13,0:00:00,0:00:00,0,AGENT,12:24:22,12:26:58,156,GOLDIE
AA0205,49049,0,0,NE,990922,12:36:51,12:37:01,10,0:00:00,0:00:00,0,AGENT,12:37:00,12:44:13,433,TOVA
AA0205,49050,0,0,PS,990922,12:51:40,12:51:49,9,0:00:00,0:00:00,0,AGENT,12:51:48,12:54:21,153,ROTH
AA0205,49051,0,0,PS,990922,13:05:47,13:05:58,11,0:00:00,0:00:00,0,AGENT,13:05:58,13:08:12,134,TOVA
AA0205,49052,0,0,NE,990922,13:19:31,13:19:40,9,0:00:00,0:00:00,0,AGENT,13:19:39,13:22:37,178,AVNI
AA0205,49053,0,0,PS,990922,13:31:47,13:31:57,10,0:00:00,0:00:00,0,AGENT,13:31:55,13:33:03,68,VICKY
AA0205,49054,59601351,2,PS,990922,13:46:32,13:46:38,6,13:46:38,13:47:03,25,AGENT,13:47:02,13:48:10,68,KAZAV
AA0205,49055,26834044,2,NE,990922,14:00:02,14:00:08,6,14:00:08,14:00:30,22,AGENT,14:00:28,14:06:42,374,MORIAH
AA0205,49056,0,0,PS,990922,14:15:53,14:16:03,10,0:00:00,0:00:00,0,AGENT,14:16:01,14:17:22,81,STEREN
AA0205,49057,0,0,PS,990922,14:29:40,14:29:48,8,0:00:00,0:00:00,0,AGENT,14:29:48,14:39:23,575,ROTH
AA0205,49058,0,0,PS,990922,14:45:17,14:45:26,9,0:00:00,0:00:00,0,AGENT,14:45:25,14:56:54,689,STEREN
AA0205,49059,0,0,PS,990922,14:54:12,14:54:21,9,0:00:00,0:00:00,0,AGENT,14:54:19,14:57:13,174,BASCH
AA0205,49060,0,0,NE,990922,15:06:03,15:06:12,9,0:00:00,0:00:00,0,AGENT,15:06:11,15:08:21,130,KAZAV
AA0205,49061,0,0,PS,990922,15:16:57,15:17:08,11,0:00:00,0:00:00,0,AGENT,15:17:08,15:17:14,6,NO_SERVER
AA0205,49062,29354024,1,PS,990922,15:25:05,15:25:11,6,15:25:11,15:25:27,16,AGENT,15:25:26,15:26:24,58,ANAT
AA0205,49063,63193346,2,PS,990922,15:33:36,15:33:41,5,15:33:41,15:34:02,21,AGENT,15:34:01,15:36:11,130,STEREN
AA0205,49064,0,0,NW,990922,15:43:07,15:43:16,9,0:00:00,0:00:00,0,HANG,0:00:00,0:00:00,0,NO_SERVER
AA0205,49065,0,0,PS,990922,16:01:25,16:01:36,11,0:00:00,0:00:00,0,AGENT,16:01:36,16:02:06,30,BASCH
AA0205,49066,23004146,2,PS,990922,16:15:16,16:15:22,6,16:15:22,16:15:32,10,AGENT,16:15:31,16:15:51,20,AVI
AA0205,49067,0,0,NE,990922,16:26:35,16:26:44,9,0:00:00,0:00:00,0,AGENT,16:26:43,16:28:34,111,MORIAH
AA0205,49068,0,0,PS,990922,16:41:17,16:41:26,9,0:00:00,0:00:00,0,AGENT,16:41:25,16:42:59,94,MORIAH
AA0205,49069,0,0,PS,990922,16:53:02,16:53:13,11,0:00:00,0:00:00,0,AGENT,16:53:12,16:56:53,221,BASCH
AA0205,49070,0,0,PS,990922,17:12:04,17:12:16,12,0:00:00,0:00:00,0,AGENT,17:12:15,17:14:36,141,SHARON
AA0205,49071,0,0,PS,990922,17:33:25,17:33:35,10,0:00:00,0:00:00,0,AGENT,17:33:34,17:34:44,70,YITZ
AA0205,49072,0,0,PS,990922,17:54:54,17:55:08,14,0:00:00,0:00:00,0,AGENT,17:55:07,17:56:33,86,BENSION
AA0205,49073,0,0,PS,990922,18:11:52,18:12:03,11,0:00:00,0:00:00,0,AGENT,18:12:03,18:13:24,81,YITZ
AA0205,49074,0,0,PS,990922,18:27:32,18:27:46,14,0:00:00,0:00:00,0,AGENT,18:27:45,18:36:11,506,MEIR
AA0205,49075,0,0,NE,990922,18:53:00,18:53:13,13,0:00:00,0:00:00,0,AGENT,18:53:12,18:55:18,126,ANAT
AA0205,49076,8258329,2,NE,990922,19:21:24,19:21:29,5,19:21:29,19:21:58,29,AGENT,19:21:57,19:25:12,195,AVI
AA0205,49077,0,0,NE,990922,19:40:44,19:41:00,16,0:00:00,0:00:00,0,AGENT,19:40:59,19:47:07,368,ANAT
AA0205,49078,0,0,NW,990922,20:08:54,20:09:07,13,0:00:00,0:00:00,0,AGENT,20:09:06,20:10:35,89,ANAT
AA0205,49079,0,0,PS,990922,20:34:33,20:34:45,12,0:00:00,0:00:00,0,AGENT,20:34:44,20:36:10,86,AVI
AA0205,49080,0,0,PS,990922,21:10:02,21:10:17,15,0:00:00,0:00:00,0,AGENT,21:10:15,21:11:00,45,AVI
AA0205,49081,0,0,PS,990922,21:32:29,21:32:41,12,0:00:00,0:00:00,0,AGENT,21:32:40,21:34:54,134,AVI
AA0205,49082,0,0,PS,990922,21:56:59,21:57:13,14,0:00:00,0:00:00,0,AGENT,21:57:12,22:00:18,186,MEIR
AA0205,49083,0,0,NW,990922,22:20:42,22:20:51,9,22:20:51,22:21:32,41,AGENT,22:21:31,22:21:55,24,BENSION
AA0205,49084,0,0,NE,990922,22:53:13,22:53:24,11,0:00:00,0:00:00,0,AGENT,22:53:23,22:56:13,170,SHARON
AA0205,49085,0,0,PS,990922,23:32:19,23:32:33,14,0:00:00,0:00:00,0,AGENT,23:32:32,23:33:33,61,AVI
AA0205,49086,0,0,PS,990923,6:55:31,6:55:40,9,0:00:00,0:00:00,0,HANG,0:00:00,0:00:00,0,NO_SERVER
AA0205,49087,0,0,PS,990923,7:37:29,7:37:46,17,0:00:00,0:00:00,0,AGENT,7:37:45,7:39:01,76,VICKY
AA0205,49088,0,0,PS,990923,8:02:05,8:02:15,10,0:00:00,0:00:00,0,AGENT,8:02:14,8:08:40,386,VICKY
AA0205,49089,0,0,PS,990923,8:21:26,8:21:41,15,0:00:00,0:00:00,0,AGENT,8:21:40,8:24:53,193,AVI
AA0205,49090,54711429,1,PS,990923,8:35:36,8:35:42,6,8:35:42,8:36:00,18,AGENT,8:35:59,8:37:09,70,TOVA
AA0205,49092,0,0,PS,990923,8:49:57,8:49:57,0,0:00:00,0:00:00,0,HANG,0:00:00,0:00:00,0,NO_SERVER
AA0205,49093,7191646,2,NE,990923,9:01:18,9:01:23,5,9:01:23,9:01:55,32,AGENT,9:01:54,9:04:55,181,ANAT
AA0205,49094,58029430,1,PS,990923,9:13:25,9:13:31,6,9:13:31,9:14:02,31,AGENT,9:14:01,9:14:25,24,AVI
AA0205,49095,29485372,2,PS,990923,9:23:42,9:23:47,5,9:23:47,9:23:56,9,HANG,0:00:00,0:00:00,0,NO_SERVER
AA0205,49096,0,0,PS,990923,9:37:48,9:38:03,15,0:00:00,0:00:00,0,AGENT,9:38:01,9:39:42,101,BASCH
AA0205,49097,33474602,2,PS,990923,9:46:03,9:46:08,5,9:46:08,9:46:27,19,AGENT,9:46:26,9:51:48,322,VICKY
AA0205,49098,31410335,2,PS,990923,9:54:18,9:54:24,6,9:54:24,9:55:06,42,AGENT,9:55:05,9:56:13,68,ANAT
AA0205,49099,0,0,PS,990923,10:02:40,10:02:48,8,0:00:00,0:00:00,0,AGENT,10:02:47,10:03:40,53,BASCH
AA0205,49100,59184945,1,PS,990923,10:09:33,10:09:38,5,10:09:38,10:11:57,139,AGENT,10:11:57,10:12:46,49,BASCH
AA0205,49101,32216582,1,PS,990923,10:18:30,10:18:36,6,10:18:36,10:21:11,155,AGENT,10:21:10,10:22:45,95,TOVA
AA0205,49102,54665682,2,PS,990923,10:26:48,10:26:53,5,10:26:53,10:27:18,25,HANG,0:00:00,0:00:00,0,NO_SERVER
AA0205,49103,57948051,2,PS,990923,10:33:02,10:33:07,5,10:33:07,10:34:59,112,AGENT,10:34:59,10:35:58,59,VICKY
AA0205,49104,0,0,PS,990923,10:42:52,10:43:00,8,0:00:00,0:00:00,0,AGENT,10:43:00,10:43:02,2,TOVA
AA0205,49105,24927717,1,PS,990923,10:48:20,10:48:26,6,10:48:26,10:49:41,75,AGENT,10:49:40,10:51:10,90,AVI
AA0205,49106,7111305,2,PS,990923,10:57:05,10:57:11,6,10:57:11,10:57:50,39,AGENT,10:57:48,10:59:39,111,YIFAT
AA0205,49107,50624923,1,PS,990923,11:05:52,11:05:57,5,11:05:57,11:06:11,14,AGENT,11:06:10,11:07:07,57,TOVA
AA0205,49108,52867744,2,PS,990923,11:15:02,11:15:08,6,11:15:08,11:15:12,4,AGENT,11:15:11,11:19:43,272,AVI
AA0205,49109,57464265,2,PS,990923,11:25:22,11:25:28,6,11:25:28,11:26:47,79,AGENT,11:26:47,11:28:01,74,DORIT
AA0205,49110,9085838,1,PS,990923,11:32:34,11:32:40,6,11:32:40,11:34:45,125,AGENT,11:34:44,11:34:45,1,AVI
AA0205,49111,10858884,2,NE,990923,11:44:24,11:44:30,6,11:44:30,11:45:21,51,AGENT,11:45:21,11:45:40,19,ANAT
AA0205,49112,0,0,NW,990923,11:54:42,11:54:55,13,0:00:00,0:00:00,0,AGENT,11:54:54,11:55:39,45,AVI
AA0205,49113,0,0,PS,990923,12:10:12,12:10:34,22,0:00:00,0:00:00,0,AGENT,12:10:32,12:11:45,73,AVI
AA0205,49114,0,0,PS,990923,12:17:28,12:17:42,14,0:00:00,0:00:00,0,AGENT,12:17:40,12:17:41,1,VICKY
AA0205,49115,0,0,PS,990923,12:35:05,12:35:13,8,0:00:00,0:00:00,0,AGENT,12:35:12,12:39:38,266,YIFAT
AA0205,49116,65082729,1,PS,990923,12:49:54,12:49:59,5,12:49:59,12:50:54,55,AGENT,12:50:53,12:52:08,75,VICKY
AA0205,49117,2043974,1,NE,990923,13:03:31,13:03:36,5,13:03:36,13:04:39,63,AGENT,13:04:38,13:05:23,45,AVI
AA0205,49118,0,0,PS,990923,13:15:03,13:15:14,11,0:00:00,0:00:00,0,AGENT,13:15:13,13:15:54,41,YIFAT
AA0205,49119,0,0,NW,990923,13:33:57,13:34:07,10,13:34:07,13:38:45,278,AGENT,13:34:56,13:41:00,364,ANAT
AA0205,49120,54665682,2,PS,990923,13:50:07,13:50:12,5,13:50:12,13:50:50,38,AGENT,13:50:50,13:50:50,0,YIFAT
AA0205,49121,52108529,2,PS,990923,13:57:58,13:58:03,5,13:58:03,13:59:32,89,HANG,0:00:00,0:00:00,0,NO_SERVER
AA0205,49122,0,0,NW,990923,14:10:18,14:10:27,9,14:10:27,14:11:40,73,HANG,0:00:00,0:00:00,0,NO_SERVER
AA0205,49123,0,0,PS,990923,14:24:07,14:24:21,14,0:00:00,0:00:00,0,AGENT,14:24:20,14:25:17,57,BASCH
AA0205,49124,9682923,2,PS,990923,14:39:41,14:39:47,6,14:39:47,14:39:57,10,AGENT,14:39:55,14:44:17,262,YIFAT
AA0205,49125,0,0,PS,990923,14:53:45,14:54:04,19,0:00:00,0:00:00,0,AGENT,14:54:03,15:17:32,1409,AVI
AA0205,49126,57992703,2,PS,990923,15:10:19,15:10:24,5,15:10:24,15:12:25,121,AGENT,15:12:23,15:13:22,59,YIFAT
AA0205,49127,0,0,NE,990923,15:24:42,15:24:52,10,0:00:00,0:00:00,0,AGENT,15:24:51,15:35:33,642,STEREN
AA0205,49128,1267988,2,PS,990923,15:37:03,15:37:09,6,15:37:09,15:38:16,67,AGENT,15:38:15,15:38:48,33,BASCH
AA0205,49129,0,0,PS,990923,15:55:16,15:55:26,10,0:00:00,0:00:00,0,AGENT,15:55:25,15:58:48,203,ZOHARI
AA0205,49130,0,0,PS,990923,16:13:00,16:13:14,14,0:00:00,0:00:00,0,AGENT,16:13:14,16:14:23,69,SHARON
AA0205,49131,0,0,PS,990923,16:26:30,16:26:39,9,0:00:00,0:00:00,0,AGENT,16:26:38,16:28:29,111,SHARON
AA0205,49132,0,0,PS,990923,16:44:22,16:44:31,9,0:00:00,0:00:00,0,AGENT,16:44:30,16:47:25,175,AVNI
AA0205,49133,52120771,1,NE,990923,17:04:51,17:04:57,6,17:04:57,17:06:54,117,AGENT,17:06:53,17:09:53,180,ZOHARI
AA0205,49134,0,0,NE,990923,17:22:43,17:22:52,9,0:00:00,0:00:00,0,AGENT,17:22:51,17:24:59,128,ZOHARI
AA0205,49135,0,0,PS,990923,17:51:28,17:51:39,11,0:00:00,0:00:00,0,AGENT,17:51:38,17:53:58,140,SHARON
AA0205,49136,0,0,PS,990923,18:15:28,18:15:37,9,0:00:00,0:00:00,0,AGENT,18:15:36,18:16:58,82,STEREN
AA0205,49137,0,0,NW,990923,18:34:42,18:34:54,12,0:00:00,0:00:00,0,AGENT,18:34:53,18:39:09,256,AVNI
AA0205,49138,27281617,2,NE,990923,19:00:27,19:00:33,6,19:00:33,19:01:51,78,AGENT,19:01:50,19:02:12,22,GILI
AA0205,49139,0,0,PS,990923,19:31:10,19:31:25,15,0:00:00,0:00:00,0,AGENT,19:31:24,19:33:08,104,MEIR
AA0205,49140,0,0,PS,990923,19:55:17,19:55:27,10,0:00:00,0:00:00,0,AGENT,19:55:26,19:57:50,144,ZOHARI
AA0205,49141,0,0,PS,990923,20:30:41,20:30:50,9,0:00:00,0:00:00,0,AGENT,20:30:50,20:32:33,103,AVNI
AA0205,49142,0,0,PS,990923,21:09:31,21:09:44,13,0:00:00,0:00:00,0,AGENT,21:09:43,21:11:25,102,MEIR
AA0205,49143,0,0,PS,990923,22:09:00,22:09:09,9,0:00:00,0:00:00,0,AGENT,22:09:09,22:10:28,79,GILI
AA0205,49144,0,0,PS,990923,22:44:53,22:45:04,11,0:00:00,0:00:00,0,AGENT,22:45:03,22:45:54,51,SHARON
AA0205,49145,0,0,NW,990923,23:28:45,23:29:02,17,0:00:00,0:00:00,0,AGENT,23:29:01,23:30:40,99,YITZ
AA0205,49146,0,0,PS,990923,23:57:46,23:57:56,10,0:00:00,0:00:00,0,AGENT,23:57:55,23:59:06,71,YITZ
AA0205,49147,0,0,PS,990924,6:58:21,6:58:31,10,0:00:00,0:00:00,0,HANG,0:00:00,0:00:00,0,NO_SERVER
AA0205,49148,0,0,PS,990924,7:50:48,7:50:57,9,0:00:00,0:00:00,0,AGENT,7:50:56,7:54:12,196,BASCH
AA0205,49149,0,0,PS,990924,8:20:32,8:20:47,15,0:00:00,0:00:00,0,AGENT,8:20:46,8:25:11,265,SHARON
AA0205,49150,0,0,PS,990924,8:41:50,8:42:03,13,0:00:00,0:00:00,0,AGENT,8:42:01,8:47:15,314,DORIT
AA0205,49151,57695173,2,PS,990924,8:55:30,8:55:35,5,8:55:35,8:56:21,46,AGENT,8:56:20,8:57:29,69,SHARON
AA0205,49152,0,0,NE,990924,9:25:21,9:25:30,9,0:00:00,0:00:00,0,AGENT,9:25:29,9:28:42,193,BASCH
AA0205,49153,1570415,2,PS,990924,9:47:00,9:47:06,6,9:47:06,9:49:05,119,AGENT,9:49:05,9:52:27,202,BASCH
AA0205,49154,50457233,1,PS,990924,10:01:49,10:01:54,5,10:01:54,10:02:07,13,AGENT,10:02:07,10:04:25,138,BASCH
AA0205,49155,0,0,PS,990924,10:26:50,10:26:59,9,0:00:00,0:00:00,0,AGENT,10:26:58,10:27:49,51,ANAT
AA0205,49156,0,0,PS,990924,10:47:20,10:47:37,17,0:00:00,0:00:00,0,AGENT,10:47:36,10:49:31,115,ANAT
AA0205,49157,12258737,2,PS,990924,10:59:23,10:59:29,6,10:59:29,11:00:03,34,PHANTOM,10:59:50,11:07:14,444,NO_SERVER
AA0205,49158,58307422,2,PS,990924,11:11:25,11:11:31,6,11:11:31,11:11:47,16,AGENT,11:11:47,11:12:58,71,DORIT
AA0205,49159,0,0,PS,990924,11:54:13,11:54:30,17,0:00:00,0:00:00,0,AGENT,11:54:29,11:56:21,112,BASCH
AA0205,49160,0,0,NW,990924,12:09:36,12:09:49,13,0:00:00,0:00:00,0,AGENT,12:09:49,12:11:45,116,DORIT
AA0205,49161,0,0,PS,990924,12:29:55,12:30:16,21,0:00:00,0:00:00,0,AGENT,12:30:15,12:31:51,96,ANAT
AA0205,49162,72600836,2,PS,990924,12:56:38,12:56:44,6,12:56:44,12:58:01,77,AGENT,12:58:00,12:59:20,80,DORIT
AA0205,49163,42354225,2,PS,990924,13:34:48,13:34:54,6,13:34:54,13:35:16,22,AGENT,13:35:15,13:37:45,150,GELBER
AA0205,49164,0,0,PS,990924,14:38:57,14:39:19,22,0:00:00,0:00:00,0,HANG,0:00:00,0:00:00,0,NO_SERVER
AA0205,49165,0,0,NW,990924,16:29:19,16:29:37,18,0:00:00,0:00:00,0,HANG,0:00:00,0:00:00,0,NO_SERVER
AA0205,49166,0,0,PS,990925,19:15:58,19:16:18,20,0:00:00,0:00:00,0,HANG,0:00:00,0:00:00,0,NO_SERVER
AA0205,49167,0,0,PS,990925,20:26:48,20:27:01,13,0:00:00,0:00:00,0,AGENT,20:27:00,20:38:26,686,AVNI
AA0205,49168,0,0,NE,990925,21:19:25,21:19:35,10,0:00:00,0:00:00,0,AGENT,21:19:35,21:21:05,90,ZOHARI
AA0205,49169,0,0,PS,990925,22:18:55,22:19:04,9,0:00:00,0:00:00,0,AGENT,22:19:03,22:22:52,229,ZOHARI
AA0205,49170,0,0,PS,990925,23:35:12,23:35:22,10,0:00:00,0:00:00,0,AGENT,23:35:22,23:35:55,33,BASCH
AA0205,49171,0,0,PS,990926,7:37:36,7:37:48,12,0:00:00,0:00:00,0,AGENT,7:37:48,7:39:00,72,ZOHARI
AA0205,49172,0,0,NW,990926,8:15:08,8:15:21,13,0:00:00,0:00:00,0,AGENT,8:15:20,8:15:40,20,YIFAT
AA0205,49173,0,0,NW,990926,8:43:24,8:43:39,15,0:00:00,0:00:00,0,AGENT,8:43:37,8:46:48,191,YIFAT
AA0205,49174,0,0,PS,990926,9:04:48,9:04:59,11,0:00:00,0:00:00,0,AGENT,9:04:58,9:06:51,113,AVNI
AA0205,49175,0,0,PS,990926,9:18:53,9:19:01,8,0:00:00,0:00:00,0,AGENT,9:19:00,9:21:15,135,ZOHARI
AA0205,49176,23530603,2,PS,990926,9:30:59,9:31:05,6,9:31:05,9:31:22,17,AGENT,9:31:21,9:32:06,45,ZOHARI
AA0205,49177,0,0,PS,990926,9:44:40,9:44:48,8,0:00:00,0:00:00,0,AGENT,9:44:47,9:45:11,24,YITZ
AA0205,49178,25209222,2,PS,990926,9:52:20,9:52:25,5,9:52:25,9:52:34,9,HANG,0:00:00,0:00:00,0,NO_SERVER
AA0205,49179,0,0,PS,990926,10:04:01,10:04:10,9,0:00:00,0:00:00,0,AGENT,10:04:09,10:05:37,88,BASCH
AA0205,49180,0,0,PS,990926,10:16:31,10:16:44,13,0:00:00,0:00:00,0,AGENT,10:16:43,10:18:12,89,DORIT
AA0205,49181,0,0,NW,990926,10:29:25,10:29:37,12,0:00:00,0:00:00,0,AGENT,10:29:37,10:30:18,41,YIFAT
AA0205,49182,0,0,PS,990926,10:48:30,10:48:42,12,0:00:00,0:00:00,0,AGENT,10:48:41,10:51:56,195,YITZ
AA0205,49183,24851511,2,PS,990926,10:57:48,10:57:54,6,10:57:54,10:59:25,91,AGENT,10:59:24,11:06:52,448,BASCH
AA0205,49184,11495736,1,PS,990926,11:06:07,11:06:12,5,11:06:12,11:07:28,76,AGENT,11:07:27,11:10:17,170,DORIT
AA0205,49185,8258329,2,NE,990926,11:20:03,11:20:09,6,11:20:09,11:20:41,32,AGENT,11:20:40,11:23:04,144,AVNI
AA0205,49186,0,0,NE,990926,11:30:43,11:30:53,10,0:00:00,0:00:00,0,AGENT,11:30:52,11:34:14,202,AVNI
AA0205,49187,0,0,PS,990926,11:43:20,11:43:28,8,0:00:00,0:00:00,0,AGENT,11:43:27,11:43:57,30,YITZ
AA0205,49188,0,0,PS,990926,11:58:25,11:58:35,10,0:00:00,0:00:00,0,AGENT,11:58:34,12:00:29,115,YITZ
AA0205,49189,0,0,PS,990926,12:16:41,12:16:50,9,0:00:00,0:00:00,0,AGENT,12:16:49,12:20:10,201,DORIT
AA0205,49190,0,0,PS,990926,12:36:25,12:36:36,11,0:00:00,0:00:00,0,AGENT,12:36:34,12:39:45,191,YIFAT
AA0205,49191,0,0,PS,990926,12:58:52,12:59:01,9,0:00:00,0:00:00,0,AGENT,12:59:00,13:01:33,153,DORIT
AA0205,49192,0,0,PS,990926,13:20:01,13:20:16,15,0:00:00,0:00:00,0,AGENT,13:20:14,13:31:17,663,TOVA
AA0205,49193,0,0,PS,990926,13:32:41,13:32:51,10,0:00:00,0:00:00,0,AGENT,13:32:50,13:34:03,73,ZOHARI
AA0205,49194,0,0,NE,990926,13:47:26,13:47:39,13,0:00:00,0:00:00,0,AGENT,13:47:38,13:47:38,0,VICKY
AA0205,49195,0,0,PS,990926,14:05:31,14:05:41,10,0:00:00,0:00:00,0,AGENT,14:05:40,14:06:12,32,VICKY
AA0205,49196,22983050,2,PS,990926,14:16:52,14:16:58,6,14:16:58,14:17:05,7,AGENT,14:17:04,14:18:41,97,TOVA
AA0205,49197,0,0,PS,990926,14:38:45,14:38:57,12,0:00:00,0:00:00,0,AGENT,14:38:56,14:40:57,121,DORIT
AA0205,49198,0,0,NE,990926,14:59:29,14:59:39,10,0:00:00,0:00:00,0,AGENT,14:59:39,15:02:16,157,YITZ
AA0205,49199,0,0,PS,990926,15:20:05,15:20:16,11,0:00:00,0:00:00,0,AGENT,15:20:15,15:20:18,3,TOVA
AA0205,49200,0,0,PS,990926,15:50:24,15:50:34,10,0:00:00,0:00:00,0,AGENT,15:50:33,15:51:48,75,SHARON
AA0205,49201,0,0,PS,990926,16:15:15,16:15:29,14,0:00:00,0:00:00,0,AGENT,16:15:28,16:16:50,82,SHARON
AA0205,49202,0,0,PS,990926,17:03:50,17:04:02,12,0:00:00,0:00:00,0,AGENT,17:04:01,17:06:30,149,SHARON
AA0205,49203,0,0,NW,990926,17:38:14,17:38:34,20,0:00:00,0:00:00,0,AGENT,17:38:34,17:42:35,241,MORIAH
AA0205,49204,0,0,PS,990926,18:15:59,18:16:08,9,0:00:00,0:00:00,0,AGENT,18:16:07,18:16:56,49,TOVA
AA0205,49205,0,0,NW,990926,18:47:19,18:47:33,14,0:00:00,0:00:00,0,AGENT,18:47:32,18:48:34,62,MORIAH
AA0205,49206,0,0,PS,990926,19:24:50,19:25:02,12,0:00:00,0:00:00,0,AGENT,19:25:01,19:25:02,1,BENSION
AA0205,49207,0,0,PS,990926,20:17:02,20:17:14,12,0:00:00,0:00:00,0,AGENT,20:17:13,20:18:06,53,SHARON
AA0205,49208,0,0,PS,990926,21:19:38,21:19:47,9,0:00:00,0:00:00,0,AGENT,21:19:46,21:20:22,36,SHARON
AA0205,49209,0,0,PS,990926,22:24:44,22:25:03,19,0:00:00,0:00:00,0,AGENT,22:25:02,22:26:09,67,BENSION
AA0205,49210,0,0,PS,990927,0:31:51,0:32:16,25,0:00:00,0:00:00,0,HANG,0:00:00,0:00:00,0,NO_SERVER
AA0205,49211,0,0,PS,990927,7:51:43,7:51:53,10,0:00:00,0:00:00,0,AGENT,7:51:52,7:53:51,119,TOVA
AA0205,49212,0,0,PS,990927,8:23:18,8:23:32,14,0:00:00,0:00:00,0,AGENT,8:23:31,8:24:35,64,TOVA
AA0205,49213,0,0,PS,990927,8:46:38,8:46:48,10,0:00:00,0:00:00,0,AGENT,8:46:48,8:48:26,98,BASCH
AA0205,49214,0,0,PS,990927,9:01:10,9:01:24,14,0:00:00,0:00:00,0,AGENT,9:01:19,9:06:53,334,NO_SERVER
AA0205,49215,0,0,PS,990927,9:19:14,9:19:26,12,0:00:00,0:00:00,0,AGENT,9:19:25,9:20:19,54,BASCH
AA0205,49216,24342644,1,PS,990927,9:35:00,9:35:06,6,9:35:06,9:36:40,94,HANG,0:00:00,0:00:00,0,NO_SERVER
AA0205,49217,50316827,1,PS,990927,9:47:14,9:47:19,5,9:47:19,9:51:08,229,AGENT,9:51:08,9:51:59,51,BASCH
AA0205,49218,23793540,1,PS,990927,9:58:50,9:58:55,5,9:58:55,10:02:11,196,AGENT,10:02:10,10:02:48,38,YITZ
AA0205,49219,50068444,1,PS,990927,10:09:57,10:10:03,6,10:10:03,10:11:12,69,AGENT,10:11:11,10:13:24,133,BASCH
AA0205,49220,0,0,PS,990927,10:26:44,10:26:55,11,0:00:00,0:00:00,0,AGENT,10:26:54,10:28:06,72,YITZ
AA0205,49221,0,0,PS,990927,10:40:20,10:40:30,10,0:00:00,0:00:00,0,AGENT,10:40:29,10:42:49,140,YITZ
AA0205,49222,0,0,PS,990927,10:54:03,10:54:19,16,0:00:00,0:00:00,0,AGENT,10:54:16,10:56:58,162,ZOHARI
AA0205,49223,0,0,NW,990927,11:03:39,11:03:49,10,11:03:49,11:09:12,323,HANG,0:00:00,0:00:00,0,NO_SERVER
AA0205,49224,29474020,2,PS,990927,11:18:05,11:18:11,6,11:18:11,11:18:33,22,AGENT,11:18:32,11:19:37,65,TOVA
AA0205,49225,51609329,1,PS,990927,11:35:06,11:35:11,5,11:35:11,11:35:21,10,HANG,0:00:00,0:00:00,0,NO_SERVER
AA0205,49226,22874192,2,PS,990927,11:44:44,11:44:51,7,11:44:51,11:45:33,42,AGENT,11:45:31,11:48:10,159,BENSION
AA0205,49227,0,0,NE,990927,11:57:48,11:57:58,10,0:00:00,0:00:00,0,AGENT,11:57:57,12:00:56,179,TOVA
AA0205,49228,0,0,PS,990927,12:14:14,12:14:23,9,0:00:00,0:00:00,0,AGENT,12:14:23,12:14:56,33,YITZ
AA0205,49229,0,0,NW,990927,12:30:45,12:30:55,10,12:30:55,12:31:35,40,AGENT,12:31:33,12:31:44,11,VICKY
AA0205,49230,0,0,PS,990927,12:47:22,12:47:33,11,0:00:00,0:00:00,0,AGENT,12:47:32,12:50:52,200,YITZ
AA0205,49231,0,0,PS,990927,12:58:05,12:58:21,16,0:00:00,0:00:00,0,AGENT,12:58:19,13:00:05,106,BENSION
AA0205,49232,0,0,PS,990927,13:14:23,13:14:33,10,0:00:00,0:00:00,0,AGENT,13:14:32,13:15:05,33,BENSION
AA0205,49233,0,0,PS,990927,13:31:42,13:31:52,10,0:00:00,0:00:00,0,AGENT,13:31:51,13:37:18,327,TOVA
AA0205,49234,0,0,PS,990927,13:44:52,13:45:05,13,0:00:00,0:00:00,0,AGENT,13:45:04,13:48:21,197,BENSION
AA0205,49235,48820351,2,NE,990927,14:00:14,14:00:19,5,14:00:19,14:00:44,25,AGENT,14:00:43,14:03:27,164,ZOHARI
AA0205,49236,50884105,1,PS,990927,14:14:41,14:14:46,5,14:14:46,14:17:08,142,AGENT,14:17:07,14:19:43,156,YITZ
AA0205,49237,54556444,1,PS,990927,14:30:11,14:30:17,6,14:30:17,14:30:58,41,AGENT,14:30:38,14:42:36,718,YITZ
AA0205,49238,57884272,2,PS,990927,14:44:50,14:44:56,6,14:44:56,14:45:45,49,AGENT,14:45:45,14:47:09,84,YITZ
AA0205,49239,0,0,PS,990927,15:08:48,15:09:00,12,0:00:00,0:00:00,0,AGENT,15:08:59,15:11:01,122,ZOHARI
AA0205,49240,0,0,PS,990927,15:39:11,15:39:23,12,0:00:00,0:00:00,0,AGENT,15:39:23,15:40:16,53,SHARON
AA0205,49241,0,0,NE,990927,16:23:38,16:23:47,9,0:00:00,0:00:00,0,AGENT,16:23:47,16:23:50,3,MORIAH
AA0205,49242,38591798,1,PS,990927,16:37:15,16:37:20,5,16:37:20,16:38:54,94,AGENT,16:38:53,16:40:01,68,AVNI
AA0205,49243,0,0,PS,990927,17:27:27,17:27:36,9,0:00:00,0:00:00,0,AGENT,17:27:35,17:34:07,392,MORIAH
AA0205,49244,0,0,NE,990927,17:45:55,17:46:04,9,0:00:00,0:00:00,0,AGENT,17:46:04,17:46:52,48,MORIAH
AA0205,49245,0,0,PS,990927,18:28:17,18:28:28,11,0:00:00,0:00:00,0,AGENT,18:28:27,18:31:00,153,SHARON
AA0205,49246,0,0,PS,990927,18:55:58,18:56:09,11,0:00:00,0:00:00,0,AGENT,18:56:08,18:59:32,204,MORIAH
AA0205,49247,0,0,PS,990927,19:39:10,19:39:22,12,0:00:00,0:00:00,0,AGENT,19:39:22,19:41:41,139,SHARON
AA0205,49248,0,0,PS,990927,20:18:27,20:18:40,13,0:00:00,0:00:00,0,AGENT,20:18:39,20:20:27,108,SHARON
AA0205,49249,0,0,PS,990927,21:20:35,21:20:44,9,0:00:00,0:00:00,0,AGENT,21:20:43,21:21:22,39,MORIAH
AA0205,49250,0,0,PS,990927,21:56:03,21:56:13,10,0:00:00,0:00:00,0,AGENT,21:56:12,21:57:36,84,AVNI
AA0205,49251,0,0,PS,990927,22:30:41,22:30:51,10,0:00:00,0:00:00,0,AGENT,22:30:50,22:35:45,295,AVNI
AA0205,49252,0,0,PS,990927,23:45:55,23:46:04,9,0:00:00,0:00:00,0,AGENT,23:46:03,23:46:35,32,AVNI
AA0205,49253,0,0,PS,990928,6:34:18,6:34:54,36,0:00:00,0:00:00,0,HANG,0:00:00,0:00:00,0,NO_SERVER
AA0205,49254,1426659,2,NE,990928,7:55:21,7:55:27,6,7:55:27,7:57:08,101,AGENT,7:57:06,7:59:25,139,ANAT
AA0205,49255,0,0,PS,990928,8:31:37,8:31:45,8,0:00:00,0:00:00,0,AGENT,8:31:44,8:35:51,247,YIFAT
AA0205,49256,5850011,2,PS,990928,8:49:32,8:49:38,6,8:49:38,8:50:31,53,AGENT,8:50:30,8:55:14,284,ANAT
AA0205,49257,24975104,1,PS,990928,9:04:52,9:04:58,6,9:04:58,9:05:03,5,AGENT,9:05:03,9:06:39,96,ANAT
AA0205,49258,13100896,1,PS,990928,9:24:46,9:24:52,6,9:24:52,9:25:02,10,HANG,0:00:00,0:00:00,0,NO_SERVER
AA0205,49259,58421306,1,PS,990928,9:35:21,9:35:27,6,9:35:27,9:36:28,61,PHANTOM,9:36:27,9:36:30,3,NO_SERVER
AA0205,49260,0,0,NW,990928,9:50:04,9:50:13,9,9:50:13,9:56:53,400,HANG,0:00:00,0:00:00,0,NO_SERVER
AA0205,49261,8151938,2,PS,990928,10:05:37,10:05:43,6,10:05:43,10:07:57,134,AGENT,10:07:56,10:10:54,178,YIFAT
AA0205,49262,0,0,NW,990928,10:15:21,10:15:31,10,10:15:31,10:17:25,114,HANG,0:00:00,0:00:00,0,NO_SERVER
AA0205,49263,34908988,1,PS,990928,10:25:24,10:25:30,6,10:25:30,10:26:49,79,HANG,10:25:47,10:58:41,1974,NO_SERVER
AA0205,49264,1432657,2,PS,990928,10:34:15,10:34:21,6,10:34:21,10:35:31,70,AGENT,10:35:30,10:38:41,191,ANAT
AA0205,49265,0,0,NE,990928,10:46:04,10:46:13,9,0:00:00,0:00:00,0,AGENT,10:46:12,10:48:54,162,ZOHARI
AA0205,49266,17917303,1,PE,990928,10:56:46,10:56:51,5,10:56:51,10:58:57,126,AGENT,10:58:56,11:02:37,221,YIFAT
AA0205,49267,35758697,2,PS,990928,11:10:39,11:10:45,6,11:10:45,11:13:30,165,AGENT,11:13:29,11:13:42,13,ANAT
AA0205,49268,56497902,1,PS,990928,11:22:33,11:22:39,6,11:22:39,11:24:17,98,HANG,0:00:00,0:00:00,0,NO_SERVER
AA0205,49269,54767298,2,PS,990928,11:32:56,11:33:02,6,11:33:02,11:33:11,9,AGENT,11:33:11,11:36:25,194,AVNI
AA0205,49270,10858884,2,NE,990928,11:41:12,11:41:18,6,11:41:18,11:46:31,313,AGENT,11:46:30,11:51:20,290,AVNI
AA0205,49271,28869063,2,PS,990928,11:56:28,11:56:34,6,11:56:34,12:05:15,521,AGENT,12:05:14,12:06:12,58,ANAT
AA0205,49272,0,0,NE,990928,12:11:43,12:11:55,12,0:00:00,0:00:00,0,AGENT,12:11:54,12:18:26,392,ZOHARI
AA0205,49273,25440017,1,PS,990928,12:18:06,12:18:12,6,12:18:12,12:27:08,536,AGENT,12:26:58,12:28:57,119,ANAT
AA0205,49274,4133674,2,NE,990928,12:35:23,12:35:29,6,12:35:29,12:40:28,299,AGENT,12:40:28,12:41:37,69,ANAT
AA0205,49275,24179418,1,PS,990928,12:49:50,12:49:56,6,12:49:56,12:52:44,168,AGENT,12:52:43,12:54:44,121,AVNI
AA0205,49276,0,0,PS,990928,13:02:46,13:02:54,8,0:00:00,0:00:00,0,AGENT,13:02:54,13:05:52,178,AVNI
AA0205,49277,0,0,NW,990928,13:19:17,13:19:26,9,13:19:26,13:23:14,228,HANG,0:00:00,0:00:00,0,NO_SERVER
AA0205,49278,0,0,PS,990928,13:40:42,13:40:51,9,0:00:00,0:00:00,0,AGENT,13:40:50,13:41:52,62,YIFAT
AA0205,49279,15591944,1,PS,990928,13:52:02,13:52:08,6,13:52:08,13:52:51,43,HANG,0:00:00,0:00:00,0,NO_SERVER
AA0205,49280,59630624,1,NE,990928,14:05:34,14:05:40,6,14:05:40,14:10:21,281,AGENT,14:10:20,14:11:53,93,AVNI
AA0205,49281,54613724,2,NE,990928,14:21:33,14:21:39,6,14:21:39,14:23:01,82,AGENT,14:22:59,14:24:15,76,BASCH
AA0205,49282,22263115,2,PS,990928,14:38:54,14:39:00,6,14:39:00,14:39:17,17,AGENT,14:39:16,14:40:05,49,BASCH
AA0205,49283,30712699,2,NE,990928,14:55:43,14:55:49,6,14:55:49,14:57:35,106,AGENT,14:57:34,15:02:14,280,ZOHARI
AA0205,49284,0,0,PS,990928,15:28:49,15:29:00,11,0:00:00,0:00:00,0,AGENT,15:28:59,15:31:23,144,AVNI
AA0205,49285,0,0,NW,990928,16:02:01,16:02:10,9,16:02:10,16:02:59,49,AGENT,16:02:58,16:04:22,84,YITZ
AA0205,49286,0,0,NW,990928,16:31:42,16:31:57,15,0:00:00,0:00:00,0,AGENT,16:31:56,16:37:27,331,YITZ
AA0205,49287,0,0,PS,990928,17:01:46,17:01:55,9,0:00:00,0:00:00,0,AGENT,17:01:54,17:03:22,88,VICKY
AA0205,49288,0,0,NW,990928,17:26:43,17:26:56,13,0:00:00,0:00:00,0,AGENT,17:26:55,17:27:19,24,YITZ
AA0205,49289,0,0,PS,990928,17:48:49,17:49:05,16,0:00:00,0:00:00,0,AGENT,17:49:03,17:50:52,109,VICKY
AA0205,49290,0,0,PS,990928,18:12:14,18:12:25,11,0:00:00,0:00:00,0,AGENT,18:12:24,18:15:28,184,SHARON
AA0205,49291,0,0,PS,990928,18:47:23,18:47:32,9,0:00:00,0:00:00,0,AGENT,18:47:32,18:48:28,56,SHARON
AA0205,49292,0,0,PS,990928,19:48:02,19:48:11,9,0:00:00,0:00:00,0,AGENT,19:48:11,19:49:56,105,DORIT
AA0205,49293,0,0,NW,990928,20:39:01,20:39:15,14,0:00:00,0:00:00,0,AGENT,20:39:14,20:39:53,39,SHARON
AA0205,49294,0,0,PS,990928,21:08:59,21:09:11,12,0:00:00,0:00:00,0,AGENT,21:09:11,21:10:07,56,DORIT
AA0205,49295,0,0,NE,990928,21:42:21,21:42:31,10,0:00:00,0:00:00,0,AGENT,21:42:30,21:44:36,126,SHARON
AA0205,49296,0,0,PS,990928,22:09:20,22:09:31,11,0:00:00,0:00:00,0,AGENT,22:09:30,22:10:13,43,SHARON
AA0205,49297,0,0,NW,990928,22:59:27,22:59:37,10,22:59:37,23:00:33,56,HANG,23:00:38,23:00:41,3,NO_SERVER
AA0205,49298,0,0,PS,990929,0:01:58,0:02:25,27,0:00:00,0:00:00,0,HANG,0:00:00,0:00:00,0,NO_SERVER
AA0205,49299,0,0,NE,990929,7:25:56,7:26:09,13,0:00:00,0:00:00,0,AGENT,7:26:08,7:29:43,215,ANAT
AA0205,49300,0,0,NW,990929,8:16:33,8:16:46,13,0:00:00,0:00:00,0,AGENT,8:16:45,8:17:27,42,SHARON
AA0205,49301,0,0,PS,990929,8:34:17,8:34:26,9,0:00:00,0:00:00,0,AGENT,8:34:25,8:34:29,4,NO_SERVER
AA0205,49302,0,0,NW,990929,8:50:35,8:50:52,17,0:00:00,0:00:00,0,AGENT,8:50:50,8:51:34,44,ANAT
AA0205,49303,55470405,2,PS,990929,9:09:42,9:09:47,5,9:09:47,9:10:15,28,AGENT,9:10:14,9:10:51,37,YIFAT
AA0205,49304,0,0,PS,990929,9:24:32,9:24:42,10,0:00:00,0:00:00,0,AGENT,9:24:41,9:26:56,135,ZOHARI
AA0205,49305,0,0,PS,990929,9:36:44,9:39:54,190,0:00:00,0:00:00,0,HANG,0:00:00,0:00:00,0,NO_SERVER
AA0205,49306,7656580,1,PS,990929,9:50:20,9:50:25,5,9:50:25,9:53:19,174,AGENT,9:53:17,9:58:23,306,DORIT
AA0205,49307,69385714,2,PS,990929,10:03:46,10:03:51,5,10:03:51,10:06:06,135,AGENT,10:06:05,10:08:41,156,DORIT
AA0205,49308,0,0,PS,990929,10:15:30,10:15:40,10,0:00:00,0:00:00,0,AGENT,10:15:39,10:26:12,633,AVNI
AA0205,49309,48820351,2,NE,990929,10:25:07,10:25:12,5,10:25:12,10:26:16,64,AGENT,10:26:16,10:28:11,115,ANAT
AA0205,49310,27139807,2,PS,990929,10:37:08,10:37:14,6,10:37:14,10:38:19,65,AGENT,10:38:18,10:40:47,149,DORIT
AA0205,49311,56078892,2,PS,990929,10:48:28,10:48:33,5,10:48:33,10:49:26,53,AGENT,10:49:25,10:50:54,89,SHARON
AA0205,49312,0,0,NW,990929,10:57:54,10:58:04,10,10:58:04,10:59:46,102,HANG,0:00:00,0:00:00,0,NO_SERVER
AA0205,49313,0,0,PS,990929,11:09:19,11:09:29,10,0:00:00,0:00:00,0,AGENT,11:09:27,11:10:18,51,ANAT
AA0205,49314,58029430,1,PS,990929,11:21:18,11:21:24,6,11:21:24,11:21:28,4,AGENT,11:21:27,11:22:35,68,ANAT
AA0205,49315,32086423,1,PS,990929,11:33:36,11:33:42,6,11:33:42,11:36:09,147,PHANTOM,11:36:09,11:36:13,4,NO_SERVER
AA0205,49316,32334518,1,PS,990929,11:49:38,11:49:43,5,11:49:43,11:50:52,69,AGENT,11:50:51,11:53:36,165,ANAT
AA0205,49317,56473473,1,PS,990929,12:02:44,12:02:49,5,12:02:49,12:04:51,122,AGENT,12:04:50,12:05:39,49,ANAT
AA0205,49318,7990880,2,PS,990929,12:11:29,12:11:35,6,12:11:35,12:12:57,82,AGENT,12:12:56,12:14:56,120,SHARON
AA0205,49319,309072858,2,PS,990929,12:24:55,12:25:00,5,12:25:00,12:27:02,122,AGENT,12:27:01,12:28:26,85,DORIT
AA0205,49320,8962094,2,NE,990929,12:33:50,12:33:56,6,12:33:56,12:37:08,192,AGENT,12:37:07,12:40:35,208,ZOHARI
AA0205,49321,58029430,1,PS,990929,12:49:59,12:50:05,6,12:50:05,12:50:23,18,AGENT,12:50:22,12:50:23,1,YIFAT
AA0205,49322,2043974,1,NE,990929,13:03:54,13:03:59,5,13:03:59,13:05:03,64,AGENT,13:05:02,13:06:29,87,ZOHARI
AA0205,49323,59056556,2,PS,990929,13:21:47,13:21:52,5,13:21:52,13:23:53,121,AGENT,13:23:52,13:26:53,181,ANAT
AA0205,49324,306654187,1,PS,990929,13:36:07,13:36:12,5,13:36:12,13:39:23,191,AGENT,13:39:22,13:42:38,196,AVNI
AA0205,49325,57316622,2,PS,990929,13:52:14,13:52:20,6,13:52:20,13:53:01,41,AGENT,13:52:59,13:53:01,2,YIFAT
AA0205,49326,27885011,2,PS,990929,14:00:59,14:01:05,6,14:01:05,14:02:03,58,AGENT,14:02:02,14:09:14,432,SHARON
AA0205,49327,31910821,1,PS,990929,14:13:43,14:13:48,5,14:13:48,14:15:05,77,AGENT,14:15:04,14:16:47,103,YIFAT
AA0205,49328,221148802,2,PS,990929,14:25:05,14:25:10,5,14:25:10,14:26:35,85,AGENT,14:26:35,14:27:08,33,DORIT
AA0205,49329,0,0,PS,990929,14:42:47,14:43:06,19,0:00:00,0:00:00,0,AGENT,14:43:06,14:44:05,59,SHARON
AA0205,49330,29474020,2,PS,990929,15:08:56,15:09:02,6,15:09:02,15:11:00,118,AGENT,15:10:59,15:11:17,18,DORIT
AA0205,49331,0,0,NW,990929,15:38:43,15:38:52,9,15:38:52,15:39:46,54,AGENT,15:39:45,15:41:29,104,SHARON
AA0205,49332,22013551,2,NE,990929,16:07:06,16:07:11,5,16:07:11,16:07:36,25,AGENT,16:07:35,16:15:45,490,AVNI
AA0205,49333,0,0,PS,990929,16:30:45,16:30:54,9,0:00:00,0:00:00,0,AGENT,16:30:53,16:34:56,243,BASCH
AA0205,49334,65607277,2,PS,990929,17:10:02,17:10:08,6,17:10:08,17:11:31,83,AGENT,17:11:30,17:12:40,70,BASCH
AA0205,49335,0,0,PS,990929,17:41:27,17:41:35,8,0:00:00,0:00:00,0,AGENT,17:41:34,17:44:57,203,STEREN
AA0205,49336,0,0,NE,990929,18:03:27,18:03:44,17,0:00:00,0:00:00,0,AGENT,18:03:42,18:06:30,168,VICKY
AA0205,49337,0,0,NW,990929,18:36:06,18:36:19,13,0:00:00,0:00:00,0,AGENT,18:36:18,18:39:34,196,BASCH
AA0205,49338,0,0,PS,990929,19:04:27,19:04:38,11,0:00:00,0:00:00,0,AGENT,19:04:37,19:08:01,204,VICKY
AA0205,49339,0,0,PS,990929,19:27:46,19:28:01,15,0:00:00,0:00:00,0,AGENT,19:27:59,19:29:33,94,MEIR
AA0205,49340,0,0,PS,990929,19:54:38,19:54:53,15,0:00:00,0:00:00,0,AGENT,19:54:52,19:55:49,57,BASCH
AA0205,49341,0,0,PS,990929,20:37:24,20:37:33,9,0:00:00,0:00:00,0,AGENT,20:37:33,20:37:43,10,NO_SERVER
AA0205,49342,14466239,2,NE,990929,21:08:52,21:08:57,5,21:08:57,21:09:26,29,AGENT,21:09:25,21:12:11,166,DARMON
AA0205,49343,0,0,PS,990929,21:45:55,21:46:08,13,0:00:00,0:00:00,0,AGENT,21:46:07,21:47:25,78,MEIR
AA0205,49344,0,0,PS,990929,22:17:58,22:18:22,24,0:00:00,0:00:00,0,AGENT,22:18:22,22:19:05,43,GILI
AA0205,49345,0,0,PS,990929,23:17:21,23:17:32,11,0:00:00,0:00:00,0,AGENT,23:17:31,23:19:28,117,STEREN
AA0205,49346,0,0,PS,990930,0:14:04,0:14:20,16,0:00:00,0:00:00,0,HANG,0:00:00,0:00:00,0,NO_SERVER
AA0205,49348,0,0,PS,990930,7:17:57,7:17:57,0,0:00:00,0:00:00,0,HANG,0:00:00,0:00:00,0,NO_SERVER
AA0205,49349,0,0,PS,990930,8:03:55,8:04:09,14,0:00:00,0:00:00,0,AGENT,8:04:08,8:06:36,148,ANAT
AA0205,49350,53652632,1,PS,990930,8:35:09,8:35:14,5,8:35:14,8:37:35,141,AGENT,8:37:34,8:38:47,73,ANAT
AA0205,49351,17407370,1,PS,990930,8:52:37,8:52:43,6,8:52:43,8:52:53,10,AGENT,8:52:52,8:54:30,98,TOVA
AA0205,49352,0,0,NW,990930,9:09:01,9:09:11,10,9:09:11,9:09:29,18,HANG,0:00:00,0:00:00,0,NO_SERVER
AA0205,49353,52867744,2,PS,990930,9:19:00,9:19:06,6,9:19:06,9:21:10,124,AGENT,9:21:09,9:21:14,5,TOVA
AA0205,49354,50231489,2,PS,990930,9:37:56,9:38:02,6,9:38:02,9:38:14,12,AGENT,9:38:14,9:39:05,51,ANAT
AA0205,49355,13902978,2,PS,990930,9:52:00,9:52:06,6,9:52:06,9:52:33,27,AGENT,9:52:32,9:53:32,60,TOVA
AA0205,49356,7158140,2,PS,990930,9:56:14,9:56:20,6,9:56:20,9:58:07,107,AGENT,9:58:05,9:58:59,54,ANAT
AA0205,49357,28117505,2,PS,990930,10:07:35,10:07:40,5,10:07:40,10:10:09,149,AGENT,10:10:09,10:13:28,199,ROTH
AA0205,49358,306278797,1,PS,990930,10:23:18,10:23:24,6,10:23:24,10:23:47,23,AGENT,10:23:46,10:24:40,54,ROTH
AA0205,49359,24883266,1,PS,990930,10:39:30,10:39:35,5,10:39:35,10:42:58,203,AGENT,10:42:58,10:43:57,59,ANAT
AA0205,49360,0,0,PS,990930,10:57:47,10:57:56,9,0:00:00,0:00:00,0,AGENT,10:57:55,11:02:39,284,ROTH
AA0205,49361,25222035,2,PS,990930,11:04:25,11:04:31,6,11:04:31,11:04:37,6,AGENT,11:04:37,11:12:01,444,ANAT
AA0205,49362,14779,2,NE,990930,11:10:35,11:10:41,6,11:10:41,11:12:36,115,AGENT,11:12:34,11:17:18,284,ZOHARI
AA0205,49363,12649133,2,PS,990930,11:19:48,11:19:54,6,11:19:54,11:22:07,133,AGENT,11:22:07,11:22:22,15,YIFAT
AA0205,49364,25124181,2,NE,990930,11:25:40,11:25:46,6,11:25:46,11:28:19,153,AGENT,11:28:19,11:28:21,2,TOVA
AA0205,49365,0,0,NW,990930,11:36:26,11:36:35,9,11:36:35,11:43:32,417,HANG,0:00:00,0:00:00,0,NO_SERVER
AA0205,49366,51141984,2,PS,990930,11:47:40,11:47:46,6,11:47:46,11:50:26,160,AGENT,11:50:25,11:57:20,415,TOVA
AA0205,49367,9354465,1,PS,990930,11:57:01,11:57:06,5,11:57:06,11:57:19,13,HANG,0:00:00,0:00:00,0,NO_SERVER
AA0205,49368,9202045,2,PS,990930,12:03:22,12:03:28,6,12:03:28,12:06:30,182,AGENT,12:06:29,12:09:38,189,ZOHARI
AA0205,49369,0,0,NW,990930,12:14:50,12:14:59,9,12:14:59,12:16:14,75,AGENT,12:16:13,12:16:49,36,ROTH
AA0205,49370,12649133,2,PS,990930,12:26:04,12:26:09,5,12:26:09,12:28:06,117,AGENT,12:28:06,12:31:40,214,YIFAT
AA0205,49371,0,0,PS,990930,12:49:49,12:50:00,11,0:00:00,0:00:00,0,AGENT,12:49:59,12:52:56,177,TOVA
AA0205,49372,0,0,PS,990930,13:04:27,13:04:38,11,0:00:00,0:00:00,0,AGENT,13:04:37,13:05:17,40,SHARON
AA0205,49373,0,0,NW,990930,13:23:21,13:23:30,9,0:00:00,0:00:00,0,HANG,0:00:00,0:00:00,0,NO_SERVER
AA0205,49374,0,0,PS,990930,13:39:29,13:39:39,10,0:00:00,0:00:00,0,AGENT,13:39:39,13:39:40,1,YIFAT
AA0205,49375,33582685,1,PS,990930,13:54:00,13:54:06,6,13:54:06,14:00:12,366,AGENT,14:00:11,14:09:55,584,ROTH
AA0205,49376,30442495,2,PS,990930,14:09:22,14:09:28,6,14:09:28,14:12:38,190,AGENT,14:12:37,14:32:30,1193,ROTH
AA0205,49377,8258329,2,NE,990930,14:22:44,14:22:50,6,14:22:50,14:27:39,289,AGENT,14:27:38,14:31:10,212,ELI
AA0205,49378,29453743,2,PS,990930,14:37:57,14:38:02,5,14:38:02,14:40:05,123,AGENT,14:40:03,14:41:29,86,ZOHARI
AA0205,49379,55951420,2,PS,990930,14:57:25,14:57:31,6,14:57:31,14:57:44,13,HANG,0:00:00,0:00:00,0,NO_SERVER
AA0205,49380,0,0,PS,990930,15:22:52,15:23:02,10,0:00:00,0:00:00,0,AGENT,15:23:01,15:31:09,488,STEREN
AA0205,49381,0,0,PS,990930,15:58:50,15:59:02,12,0:00:00,0:00:00,0,AGENT,15:59:01,16:00:29,88,STEREN
AA0205,49382,22809040,1,PS,990930,16:23:12,16:23:18,6,16:23:18,16:25:04,106,AGENT,16:25:03,16:27:55,172,YITZ
AA0205,49383,0,0,NW,990930,16:42:47,16:43:02,15,0:00:00,0:00:00,0,AGENT,16:43:01,16:45:04,123,YITZ
AA0205,49384,0,0,PS,990930,16:59:53,17:00:03,10,0:00:00,0:00:00,0,AGENT,17:00:01,17:01:36,95,STEREN
AA0205,49385,0,0,PS,990930,17:31:59,17:32:08,9,0:00:00,0:00:00,0,AGENT,17:32:07,17:35:16,189,AVNI
AA0205,49386,0,0,PS,990930,18:21:28,18:21:37,9,0:00:00,0:00:00,0,AGENT,18:21:36,18:25:20,224,AVNI
AA0205,49387,0,0,PS,990930,18:46:28,18:46:37,9,0:00:00,0:00:00,0,AGENT,18:46:36,18:51:25,289,STEREN
AA0205,49388,0,0,PS,990930,19:42:34,19:42:46,12,0:00:00,0:00:00,0,AGENT,19:42:46,19:43:32,46,MEIR
AA0205,49389,0,0,PS,990930,20:13:59,20:14:09,10,0:00:00,0:00:00,0,AGENT,20:14:09,20:15:50,101,STEREN
AA0205,49390,0,0,PS,990930,20:50:25,20:50:34,9,0:00:00,0:00:00,0,AGENT,20:50:33,20:53:57,204,STEREN
AA0205,49391,0,0,PS,990930,21:29:02,21:29:16,14,0:00:00,0:00:00,0,AGENT,21:29:15,21:37:53,518,YITZ
AA0205,49392,0,0,PS,990930,22:23:22,22:23:35,13,0:00:00,0:00:00,0,AGENT,22:23:34,22:24:06,32,YITZ
AA0205,49393,0,0,PS,990930,23:25:54,23:26:04,10,0:00:00,0:00:00,0,AGENT,23:26:03,23:26:20,17,AVNI
AA0206,49336,0,0,NW,990901,3:23:46,3:23:56,10,0:00:00,0:00:00,0,HANG,0:00:00,0:00:00,0,NO_SERVER
AA0206,49337,50571827,2,PS,990901,7:22:01,7:22:06,5,7:22:06,7:22:55,49,AGENT,7:22:54,7:32:24,570,DORIT
AA0206,49338,0,0,PS,990901,7:50:15,7:50:29,14,0:00:00,0:00:00,0,AGENT,7:50:28,7:50:54,26,BASCH
AA0206,49339,0,0,PS,990901,8:07:19,8:07:29,10,0:00:00,0:00:00,0,AGENT,8:07:28,8:09:48,140,NAAMA
AA0206,49340,0,0,PS,990901,8:23:32,8:23:44,12,0:00:00,0:00:00,0,AGENT,8:23:43,8:26:20,157,BASCH
AA0206,49341,0,0,PS,990901,8:38:05,8:38:22,17,0:00:00,0:00:00,0,AGENT,8:38:20,8:39:18,58,SHARON
AA0206,49342,0,0,PS,990901,8:51:11,8:51:22,11,0:00:00,0:00:00,0,AGENT,8:51:21,8:52:18,57,DORIT
AA0206,49343,0,0,NE,990901,9:04:59,9:05:13,14,0:00:00,0:00:00,0,AGENT,9:05:12,9:07:16,124,ELI
AA0206,49344,0,0,PS,990901,9:13:52,9:14:03,11,0:00:00,0:00:00,0,AGENT,9:14:03,9:18:12,249,YITZ
AA0206,49345,0,0,PS,990901,9:24:59,9:25:09,10,0:00:00,0:00:00,0,AGENT,9:25:08,9:27:35,147,ZOHARI
AA0206,49346,25138843,1,PS,990901,9:36:54,9:37:00,6,9:37:00,9:37:29,29,AGENT,9:37:29,9:37:40,11,BASCH
AA0206,49347,31791213,1,PS,990901,9:44:26,9:44:32,6,9:44:32,9:44:41,9,HANG,0:00:00,0:00:00,0,NO_SERVER
AA0206,49348,0,0,PS,990901,9:55:04,9:55:13,9,0:00:00,0:00:00,0,AGENT,9:55:12,9:56:19,67,SHARON
AA0206,49349,0,0,PS,990901,10:06:06,10:06:19,13,0:00:00,0:00:00,0,AGENT,10:06:18,10:07:12,54,BASCH
AA0206,49350,2043974,1,NE,990901,10:15:01,10:15:07,6,10:15:07,10:16:19,72,AGENT,10:16:19,10:16:57,38,SHARON
AA0206,49351,23895501,2,PS,990901,10:25:43,10:25:53,10,10:25:53,10:26:03,10,AGENT,10:25:52,10:29:11,199,ROTH
AA0206,49352,703074,2,PS,990901,10:35:33,10:35:39,6,10:35:39,10:36:48,69,AGENT,10:36:48,10:41:27,279,STEREN
AA0206,49353,0,0,PS,990901,10:45:57,10:46:06,9,0:00:00,0:00:00,0,AGENT,10:46:05,10:47:50,105,AVNI
AA0206,49354,0,0,NW,990901,11:00:43,11:00:56,13,0:00:00,0:00:00,0,AGENT,11:00:55,11:02:01,66,BASCH
AA0206,49355,0,0,PS,990901,11:11:42,11:11:57,15,0:00:00,0:00:00,0,AGENT,11:11:56,11:16:20,264,NAAMA
AA0206,49356,57398299,2,PS,990901,11:24:06,11:24:12,6,11:24:12,11:26:07,115,AGENT,11:26:06,11:30:06,240,NAAMA
AA0206,49357,0,0,PS,990901,11:39:45,11:39:55,10,0:00:00,0:00:00,0,AGENT,11:39:55,11:51:25,690,YITZ
AA0206,49358,33853169,1,PS,990901,11:49:33,11:49:39,6,11:49:39,11:50:13,34,AGENT,11:50:12,11:51:12,60,NAAMA
AA0206,49359,0,0,NE,990901,12:04:44,12:04:53,9,0:00:00,0:00:00,0,AGENT,12:04:52,12:08:48,236,SHARON
AA0206,49360,0,0,PS,990901,12:17:54,12:18:04,10,0:00:00,0:00:00,0,AGENT,12:18:02,12:18:59,57,NAAMA
AA0206,49361,0,0,NW,990901,12:30:51,12:31:00,9,12:31:00,12:32:47,107,AGENT,12:32:47,12:33:29,42,AVNI
AA0206,49362,0,0,NW,990901,12:47:54,12:48:07,13,0:00:00,0:00:00,0,AGENT,12:48:06,12:48:45,39,AVNI
AA0206,49363,0,0,PS,990901,12:57:41,12:57:50,9,0:00:00,0:00:00,0,AGENT,12:57:49,12:59:09,80,ROTH
AA0206,49364,0,0,PS,990901,13:12:52,13:13:02,10,0:00:00,0:00:00,0,AGENT,13:13:01,13:14:27,86,STEREN
AA0206,49365,0,0,NW,990901,13:30:44,13:30:58,14,0:00:00,0:00:00,0,AGENT,13:30:56,13:31:18,22,STEREN
AA0206,49366,59630624,1,NE,990901,13:42:52,13:42:58,6,13:42:58,13:45:05,127,AGENT,13:45:04,13:47:01,117,AVNI
AA0206,49367,0,0,PS,990901,13:58:31,13:58:43,12,0:00:00,0:00:00,0,AGENT,13:58:42,14:00:04,82,DORIT
AA0206,49368,0,0,NW,990901,14:08:47,14:09:01,14,0:00:00,0:00:00,0,AGENT,14:09:00,14:09:12,12,AVNI
AA0206,49369,0,0,PS,990901,14:23:55,14:24:03,8,0:00:00,0:00:00,0,AGENT,14:24:03,14:28:11,248,ROTH
AA0206,49370,0,0,NE,990901,14:34:13,14:34:32,19,0:00:00,0:00:00,0,AGENT,14:34:30,14:37:20,170,ANAT
AA0206,49371,0,0,PS,990901,14:42:46,14:43:05,19,0:00:00,0:00:00,0,AGENT,14:43:04,14:43:28,24,ANAT
AA0206,49372,0,0,PS,990901,14:56:40,14:56:49,9,0:00:00,0:00:00,0,AGENT,14:56:48,14:58:02,74,ROTH
AA0206,49373,314234345,2,PE,990901,15:08:58,15:09:02,4,15:09:02,15:11:45,163,AGENT,15:11:44,15:13:03,79,AVNI
AA0206,49374,14504765,2,PS,990901,15:21:23,15:21:29,6,15:21:29,15:22:02,33,AGENT,15:22:01,15:26:36,275,AVNI
AA0206,49376,0,0,PS,990901,15:33:08,15:33:08,0,0:00:00,0:00:00,0,HANG,0:00:00,0:00:00,0,NO_SERVER
AA0206,49377,0,0,PS,990901,15:43:59,15:44:11,12,0:00:00,0:00:00,0,AGENT,15:44:11,15:46:52,161,BENSION
AA0206,49378,25478850,1,PS,990901,15:54:05,15:54:10,5,15:54:10,15:54:37,27,AGENT,15:54:36,15:55:54,78,MORIAH
AA0206,49379,57938508,2,PS,990901,16:10:41,16:10:47,6,16:10:47,16:10:58,11,AGENT,16:10:57,16:14:26,209,AVNI
AA0206,49380,0,0,PS,990901,16:30:15,16:30:26,11,0:00:00,0:00:00,0,AGENT,16:30:25,16:33:26,181,AVI
AA0206,49381,55921597,1,NE,990901,16:48:41,16:48:47,6,16:48:47,16:49:03,16,AGENT,16:49:02,16:53:16,254,VICKY
AA0206,49382,0,0,PS,990901,16:59:36,16:59:50,14,0:00:00,0:00:00,0,AGENT,16:59:50,17:01:27,97,ANAT
AA0206,49383,41543000,2,PS,990901,17:14:12,17:14:18,6,17:14:18,17:15:17,59,AGENT,17:15:16,17:15:17,1,AVI
AA0206,49384,0,0,NW,990901,17:34:21,17:34:35,14,0:00:00,0:00:00,0,AGENT,17:34:33,17:35:11,38,MORIAH
AA0206,49385,0,0,PS,990901,17:49:36,17:49:50,14,0:00:00,0:00:00,0,AGENT,17:49:49,17:51:12,83,VICKY
AA0206,49386,0,0,PS,990901,18:10:39,18:10:51,12,0:00:00,0:00:00,0,AGENT,18:10:50,18:10:52,2,ANAT
AA0206,49387,0,0,NE,990901,18:26:23,18:26:34,11,0:00:00,0:00:00,0,AGENT,18:26:33,18:29:52,199,AVI
AA0206,49388,0,0,PS,990901,18:47:18,18:47:33,15,0:00:00,0:00:00,0,AGENT,18:47:32,18:49:47,135,AVI
AA0206,49389,0,0,PS,990901,19:12:45,19:13:06,21,0:00:00,0:00:00,0,AGENT,19:13:06,19:14:18,72,MORIAH
AA0206,49390,52031556,2,PS,990901,19:35:00,19:35:05,5,19:35:05,19:35:12,7,AGENT,19:35:11,19:36:36,85,MORIAH
AA0206,49391,0,0,PS,990901,20:00:20,20:00:36,16,0:00:00,0:00:00,0,AGENT,20:00:36,20:01:37,61,BENSION
AA0206,49392,33963455,1,PS,990901,20:16:31,20:16:37,6,20:16:37,20:16:50,13,AGENT,20:16:50,20:18:17,87,BENSION
AA0206,49393,59803494,1,PS,990901,20:31:54,20:31:59,5,20:31:59,20:32:42,43,AGENT,20:32:41,20:35:36,175,AVI
AA0206,49394,0,0,PS,990901,20:49:06,20:49:16,10,0:00:00,0:00:00,0,AGENT,20:49:14,20:49:16,2,TOVA
AA0206,49395,22522361,2,PS,990901,21:00:12,21:00:18,6,21:00:18,21:02:04,106,AGENT,21:02:03,21:03:49,106,MEIR
AA0206,49396,0,0,PS,990901,21:20:57,21:21:07,10,0:00:00,0:00:00,0,AGENT,21:21:07,21:21:08,1,TOVA
AA0206,49397,0,0,PS,990901,21:44:27,21:44:41,14,0:00:00,0:00:00,0,AGENT,21:44:40,21:46:09,89,BENSION
AA0206,49398,28465698,2,NE,990901,22:03:33,22:03:55,22,22:03:55,22:06:52,177,HANG,0:00:00,0:00:00,0,NO_SERVER
AA0206,49399,313966145,2,PS,990901,22:17:12,22:17:18,6,22:17:18,22:18:32,74,AGENT,22:18:31,22:18:32,1,AVI
AA0206,49400,31902117,2,PS,990901,22:42:28,22:42:34,6,22:42:34,22:43:35,61,AGENT,22:43:34,22:44:35,61,AVI
AA0206,49401,28869063,2,PS,990901,22:59:55,23:00:01,6,23:00:01,23:00:29,28,AGENT,23:00:28,23:01:50,82,VICKY
AA0206,49402,27107846,1,PS,990901,23:25:59,23:26:04,5,23:26:04,23:27:28,84,AGENT,23:27:27,23:29:15,108,VICKY
AA0206,49403,0,0,PS,990901,23:59:28,23:59:40,12,0:00:00,0:00:00,0,AGENT,23:59:40,0:03:51,251,DARMON
AA0206,49404,0,0,PS,990902,7:05:59,7:06:09,10,0:00:00,0:00:00,0,AGENT,7:06:08,7:07:14,66,YIFAT
AA0206,49405,0,0,PS,990902,7:39:53,7:40:03,10,0:00:00,0:00:00,0,AGENT,7:40:02,7:41:01,59,TOVA
AA0206,49406,57279515,2,PS,990902,8:02:18,8:02:24,6,8:02:24,8:02:57,33,AGENT,8:02:56,8:09:04,368,STEREN
AA0206,49407,0,0,NW,990902,8:23:10,8:23:19,9,8:23:19,8:24:50,91,AGENT,8:24:49,8:26:55,126,STEREN
AA0206,49408,27445717,1,PS,990902,8:35:29,8:35:35,6,8:35:35,8:38:32,177,HANG,0:00:00,0:00:00,0,NO_SERVER
AA0206,49409,59765719,2,PS,990902,8:43:44,8:43:50,6,8:43:50,8:44:39,49,AGENT,8:44:38,8:47:33,175,ANAT
AA0206,49410,57422487,2,PS,990902,8:52:40,8:52:45,5,8:52:45,8:54:47,122,AGENT,8:54:46,8:55:23,37,ANAT
AA0206,49411,24378044,2,PS,990902,9:02:18,9:02:24,6,9:02:24,9:04:41,137,AGENT,9:04:40,9:07:35,175,STEREN
AA0206,49412,56135726,2,PS,990902,9:16:11,9:16:16,5,9:16:16,9:16:40,24,PHANTOM,9:16:39,9:16:44,5,NO_SERVER
AA0206,49413,0,0,PS,990902,9:29:02,9:29:11,9,0:00:00,0:00:00,0,AGENT,9:29:10,9:32:52,222,STEREN
AA0206,49414,25779315,1,PS,990902,9:39:46,9:39:52,6,9:39:52,9:42:10,138,AGENT,9:42:08,9:44:29,141,ZOHARI
AA0206,49415,65338329,2,PS,990902,9:48:37,9:48:43,6,9:48:43,9:50:30,107,AGENT,9:50:29,9:53:08,159,ANAT
AA0206,49416,58704610,2,PS,990902,9:58:27,9:58:32,5,9:58:32,9:58:41,9,AGENT,9:58:40,10:00:43,123,STEREN
AA0206,49417,0,0,PS,990902,10:04:28,10:04:37,9,10:04:37,10:07:58,201,PHANTOM,10:07:58,10:08:02,4,NO_SERVER
AA0206,49418,55920755,2,PS,990902,10:16:38,10:16:43,5,10:16:43,10:20:19,216,AGENT,10:20:17,10:21:19,62,STEREN
AA0206,49419,742338,2,PS,990902,10:24:02,10:24:08,6,10:24:08,10:25:51,103,AGENT,10:25:50,10:25:55,5,MORIAH
AA0206,49420,0,0,PS,990902,10:31:28,10:31:37,9,0:00:00,0:00:00,0,AGENT,10:31:36,10:34:13,157,ZOHARI
AA0206,49421,57259095,1,PS,990902,10:36:10,10:36:15,5,10:36:15,10:41:52,337,AGENT,10:41:51,10:44:18,147,TOVA
AA0206,49422,904078,1,PS,990902,10:45:01,10:45:06,5,10:45:06,10:45:58,52,HANG,0:00:00,0:00:00,0,NO_SERVER
AA0206,49423,51565273,2,PS,990902,10:50:03,10:50:08,5,10:50:08,10:50:45,37,AGENT,10:50:43,10:55:44,301,DARMON
AA0206,49424,77624039,2,PS,990902,10:58:23,10:58:29,6,10:58:29,10:59:52,83,AGENT,10:59:51,10:59:54,3,MORIAH
AA0206,49425,0,0,NW,990902,11:06:40,11:06:50,10,11:06:50,11:13:30,400,AGENT,11:13:29,11:19:13,344,ROTH
AA0206,49426,0,0,PS,990902,11:19:11,11:19:22,11,0:00:00,0:00:00,0,AGENT,11:19:20,11:26:54,454,ROTH
AA0206,49428,0,0,PS,990902,11:27:01,11:27:01,0,0:00:00,0:00:00,0,HANG,0:00:00,0:00:00,0,NO_SERVER
AA0206,49429,0,0,PS,990902,11:30:03,11:40:23,620,0:00:00,0:00:00,0,HANG,0:00:00,0:00:00,0,NO_SERVER
AA0206,49430,0,0,PS,990902,11:54:24,11:54:33,9,0:00:00,0:00:00,0,AGENT,11:54:32,11:57:28,176,STEREN
AA0206,49432,0,0,PS,990902,12:05:00,12:05:00,0,0:00:00,0:00:00,0,HANG,0:00:00,0:00:00,0,NO_SERVER
AA0206,49433,0,0,NE,990902,12:12:30,12:12:42,12,0:00:00,0:00:00,0,AGENT,12:12:41,12:24:48,727,ELI
AA0206,49434,0,0,PS,990902,12:23:37,12:23:54,17,0:00:00,0:00:00,0,AGENT,12:23:53,12:25:52,119,ANAT
AA0206,49435,24829558,2,PS,990902,12:35:48,12:35:54,6,12:35:54,12:36:15,21,AGENT,12:35:59,12:46:26,627,TOVA
AA0206,49436,0,0,PS,990902,12:44:31,12:44:43,12,0:00:00,0:00:00,0,AGENT,12:44:42,12:44:43,1,TOVA
AA0206,49437,72600836,2,PS,990902,12:50:53,12:50:59,6,12:50:59,12:51:33,34,AGENT,12:51:32,12:52:26,54,ROTH
AA0206,49438,0,0,NW,990902,13:02:14,13:02:23,9,13:02:23,13:04:43,140,AGENT,13:04:42,13:06:39,117,ROTH
AA0206,49439,56391279,2,PS,990902,13:15:01,13:15:07,6,13:15:07,13:15:20,13,AGENT,13:15:20,13:16:18,58,KAZAV
AA0206,49440,0,0,NW,990902,13:22:12,13:22:22,10,13:22:22,13:25:00,158,AGENT,13:24:58,13:27:06,128,ROTH
AA0206,49441,51929339,2,PS,990902,13:36:20,13:36:26,6,13:36:26,13:36:44,18,AGENT,13:36:44,13:42:53,369,ROTH
AA0206,49442,0,0,PS,990902,13:51:03,13:51:16,13,0:00:00,0:00:00,0,AGENT,13:51:13,13:52:18,65,STEREN
AA0206,49443,0,0,NW,990902,14:00:55,14:01:04,9,14:01:04,14:06:24,320,AGENT,14:06:23,14:08:42,139,STEREN
AA0206,49444,32404964,2,PS,990902,14:15:56,14:16:02,6,14:16:02,14:16:38,36,AGENT,14:16:37,14:19:01,144,ROTH
AA0206,49445,28544401,1,PS,990902,14:25:25,14:25:30,5,14:25:30,14:26:15,45,HANG,0:00:00,0:00:00,0,NO_SERVER
AA0206,49446,52867744,2,PS,990902,14:35:00,14:35:06,6,14:35:06,14:35:26,20,AGENT,14:35:25,14:40:10,285,DARMON
AA0206,49447,0,0,NW,990902,14:44:38,14:44:48,10,14:44:48,14:44:49,1,HANG,0:00:00,0:00:00,0,NO_SERVER
AA0206,49448,24927717,1,PS,990902,14:54:39,14:54:44,5,14:54:44,15:00:20,336,AGENT,15:00:19,15:04:42,263,STEREN
AA0206,49449,17299231,2,PS,990902,15:06:01,15:06:06,5,15:06:06,15:07:41,95,AGENT,15:07:41,15:08:50,69,KAZAV
AA0206,49450,27901198,2,PS,990902,15:18:50,15:18:55,5,15:18:55,15:20:53,118,AGENT,15:20:52,15:34:01,789,KAZAV
AA0206,49451,25761891,1,PS,990902,15:32:00,15:32:06,6,15:32:06,15:36:04,238,HANG,0:00:00,0:00:00,0,NO_SERVER
AA0206,49452,28083079,1,PS,990902,15:42:37,15:41:58,-39,15:41:58,15:43:49,111,HANG,0:00:00,0:00:00,0,NO_SERVER
AA0206,49453,0,0,NW,990902,15:47:55,15:48:00,5,15:48:00,15:48:51,51,HANG,0:00:00,0:00:00,0,NO_SERVER
AA0206,49454,28083079,1,PS,990902,15:55:20,15:55:26,6,15:55:26,15:56:45,79,AGENT,15:56:44,15:56:45,1,AVI
AA0206,49455,0,0,NW,990902,16:05:00,16:05:10,10,16:05:10,16:10:20,310,HANG,0:00:00,0:00:00,0,NO_SERVER
AA0206,49456,58856592,2,PS,990902,16:18:06,16:18:12,6,16:18:12,16:18:20,8,HANG,0:00:00,0:00:00,0,NO_SERVER
AA0206,49457,0,0,NW,990902,16:22:42,16:22:51,9,16:22:51,16:27:38,287,AGENT,16:27:37,16:29:28,111,PINHAS
AA0206,49458,0,0,NW,990902,16:33:02,16:33:11,9,16:33:11,16:36:13,182,AGENT,16:36:13,16:39:52,219,BASCH
AA0206,49459,27420702,1,PS,990902,16:44:43,16:44:48,5,16:44:48,16:45:26,38,AGENT,16:45:25,16:46:31,66,VICKY
AA0206,49460,23840705,1,PS,990902,16:55:29,16:55:34,5,16:55:34,16:56:27,53,HANG,0:00:00,0:00:00,0,NO_SERVER
AA0206,49461,32183709,1,PS,990902,17:06:34,17:06:39,5,17:06:39,17:06:54,15,HANG,0:00:00,0:00:00,0,NO_SERVER
AA0206,49462,24265456,2,PS,990902,17:15:47,17:15:52,5,17:15:52,17:16:25,33,AGENT,17:16:24,17:23:02,398,DARMON
AA0206,49463,56421472,2,PS,990902,17:23:53,17:23:58,5,17:23:58,17:24:42,44,AGENT,17:24:41,17:32:44,483,YITZ
AA0206,49464,0,0,NW,990902,17:35:59,17:36:09,10,17:36:09,17:39:56,227,AGENT,17:39:56,17:40:05,9,BASCH
AA0206,49465,0,0,PS,990902,17:49:33,17:49:46,13,0:00:00,0:00:00,0,AGENT,17:49:45,17:51:46,121,AVI
AA0206,49466,0,0,NW,990902,18:01:16,18:01:26,10,18:01:26,18:02:45,79,HANG,0:00:00,0:00:00,0,NO_SERVER
AA0206,49468,0,0,PS,990902,18:12:32,18:12:32,0,0:00:00,0:00:00,0,HANG,0:00:00,0:00:00,0,NO_SERVER
AA0206,49469,22131072,2,PS,990902,18:24:00,18:24:05,5,18:24:05,18:24:15,10,AGENT,18:24:14,18:30:56,402,VICKY
AA0206,49470,0,0,NW,990902,18:32:32,18:32:41,9,18:32:41,18:33:01,20,HANG,0:00:00,0:00:00,0,NO_SERVER
AA0206,49471,0,0,NW,990902,18:45:24,18:45:33,9,18:45:33,18:48:36,183,AGENT,18:48:35,18:51:44,189,YITZ
AA0206,49472,52239282,1,PS,990902,18:57:29,18:57:35,6,18:57:35,19:03:24,349,AGENT,19:03:23,19:06:48,205,BASCH
AA0206,49473,0,0,NE,990902,19:19:35,19:19:46,11,0:00:00,0:00:00,0,AGENT,19:19:46,19:23:24,218,MEIR
AA0206,49474,0,0,PS,990902,19:32:29,19:32:38,9,0:00:00,0:00:00,0,AGENT,19:32:38,19:35:13,155,BASCH
AA0206,49475,0,0,PS,990902,19:46:36,19:46:46,10,0:00:00,0:00:00,0,AGENT,19:46:45,19:48:26,101,AVI
AA0206,49476,28465698,2,NE,990902,19:58:56,19:59:02,6,19:59:02,20:00:34,92,AGENT,20:00:33,20:02:28,115,BASCH
AA0206,49477,0,0,PS,990902,20:23:00,20:23:09,9,0:00:00,0:00:00,0,AGENT,20:23:08,20:25:09,121,YITZ
AA0206,49478,59112078,1,PS,990902,20:42:07,20:42:13,6,20:42:13,20:42:40,27,AGENT,20:42:39,20:45:57,198,MEIR
AA0206,49479,55046965,1,PS,990902,20:54:54,20:55:00,6,20:55:00,20:58:30,210,AGENT,20:58:29,20:59:26,57,VICKY
AA0206,49480,0,0,NE,990902,21:26:52,21:27:04,12,0:00:00,0:00:00,0,AGENT,21:27:03,21:31:11,248,AVI
AA0206,49481,0,0,PE,990902,21:55:56,21:56:10,14,0:00:00,0:00:00,0,AGENT,21:56:08,22:02:39,391,VICKY
AA0206,49482,0,0,PS,990902,22:38:27,22:38:39,12,0:00:00,0:00:00,0,AGENT,22:38:38,22:44:55,377,BASCH
AA0206,49483,0,0,NW,990902,23:03:41,23:03:54,13,0:00:00,0:00:00,0,AGENT,23:03:53,23:04:39,46,AVI
AA0206,49484,54128681,2,PS,990902,23:25:18,23:25:24,6,23:25:24,23:26:31,67,AGENT,23:26:30,23:26:54,24,AVI
AA0206,49485,0,0,PS,990902,23:55:54,23:56:05,11,0:00:00,0:00:00,0,AGENT,23:56:04,0:00:01,237,BASCH
AA0206,49486,0,0,NW,990903,5:50:48,5:51:02,14,0:00:00,0:00:00,0,HANG,0:00:00,0:00:00,0,NO_SERVER
AA0206,49488,0,0,NW,990903,8:21:22,8:21:32,10,8:21:32,8:22:06,34,AGENT,8:22:05,8:28:53,408,BASCH
AA0206,49489,0,0,NW,990903,8:38:21,8:38:35,14,0:00:00,0:00:00,0,AGENT,8:38:36,8:38:41,5,NO_SERVER
AA0206,49490,0,0,PS,990903,8:48:01,8:48:11,10,0:00:00,0:00:00,0,AGENT,8:48:09,8:50:59,170,ELI
AA0206,49491,63226971,1,PS,990903,8:55:28,8:55:33,5,8:55:33,8:55:54,21,AGENT,8:55:53,8:58:33,160,STEREN
AA0206,49492,57487902,2,PS,990903,9:04:17,9:04:22,5,9:04:22,9:04:53,31,AGENT,9:04:51,9:06:05,74,ZOHARI
AA0206,49493,69590081,2,PS,990903,9:19:20,9:19:26,6,9:19:26,9:20:41,75,AGENT,9:20:41,9:25:34,293,ZOHARI
AA0206,49494,65330961,2,PS,990903,9:27:30,9:27:35,5,9:27:35,9:28:31,56,AGENT,9:28:30,9:30:02,92,MORIAH
AA0206,49495,0,0,PS,990903,9:41:54,9:42:03,9,0:00:00,0:00:00,0,AGENT,9:42:02,9:46:46,284,MORIAH
AA0206,49496,59574608,1,PS,990903,9:56:24,9:56:29,5,9:56:29,9:57:49,80,AGENT,9:57:48,9:59:41,113,MORIAH
AA0206,49497,0,0,PS,990903,10:05:10,10:05:19,9,0:00:00,0:00:00,0,AGENT,10:05:18,10:08:29,191,STEREN
AA0206,49498,25022625,2,PS,990903,10:19:09,10:19:14,5,10:19:14,10:19:17,3,AGENT,10:19:16,10:19:24,8,MORIAH
AA0206,49499,57882755,2,PS,990903,10:30:57,10:31:03,6,10:31:03,10:31:42,39,AGENT,10:31:41,10:33:51,130,ZOHARI
AA0206,49500,0,0,NW,990903,10:38:54,10:39:04,10,10:39:04,10:39:11,7,HANG,0:00:00,0:00:00,0,NO_SERVER
AA0206,49501,0,0,PS,990903,10:45:34,10:45:47,13,0:00:00,0:00:00,0,AGENT,10:45:46,10:47:39,113,ELI
AA0206,49502,15235377,1,PS,990903,10:57:47,10:57:52,5,10:57:52,10:58:47,55,HANG,0:00:00,0:00:00,0,NO_SERVER
AA0206,49503,0,0,PS,990903,11:14:56,11:15:04,8,0:00:00,0:00:00,0,AGENT,11:15:03,11:22:38,455,ZOHARI
AA0206,49504,57422487,2,PS,990903,11:27:42,11:27:47,5,11:27:47,11:28:00,13,AGENT,11:27:59,11:28:34,35,BENSION
AA0206,49505,0,0,PS,990903,11:43:14,11:43:27,13,0:00:00,0:00:00,0,AGENT,11:43:26,11:47:30,244,BENSION
AA0206,49506,56720113,1,PS,990903,12:02:18,12:02:24,6,12:02:24,12:02:42,18,AGENT,12:02:41,12:04:13,92,ELI
AA0206,49507,0,0,PS,990903,12:15:53,12:16:04,11,0:00:00,0:00:00,0,AGENT,12:16:04,12:16:10,6,NO_SERVER
AA0206,49508,0,0,NW,990903,12:29:19,12:29:28,9,12:29:28,12:30:34,66,AGENT,12:30:33,12:31:13,40,BASCH
AA0206,49509,0,0,PS,990903,12:52:06,12:52:22,16,0:00:00,0:00:00,0,AGENT,12:52:21,12:53:05,44,BENSION
AA0206,49510,0,0,NW,990903,13:07:01,13:07:19,18,0:00:00,0:00:00,0,AGENT,13:07:18,13:08:34,76,BENSION
AA0206,49511,0,0,PS,990903,13:31:27,13:31:37,10,0:00:00,0:00:00,0,AGENT,13:31:36,13:35:04,208,ZOHARI
AA0206,49513,0,0,NE,990903,14:06:30,14:06:30,0,0:00:00,0:00:00,0,HANG,0:00:00,0:00:00,0,NO_SERVER
AA0206,49514,0,0,PS,990903,14:36:24,14:36:48,24,0:00:00,0:00:00,0,HANG,0:00:00,0:00:00,0,NO_SERVER
AA0206,49515,0,0,NW,990903,15:29:42,15:30:07,25,0:00:00,0:00:00,0,HANG,0:00:00,0:00:00,0,NO_SERVER
AA0206,49516,0,0,NW,990903,16:53:59,16:54:25,26,0:00:00,0:00:00,0,HANG,0:00:00,0:00:00,0,NO_SERVER
AA0206,49517,0,0,PS,990903,20:02:48,20:03:26,38,0:00:00,0:00:00,0,HANG,0:00:00,0:00:00,0,NO_SERVER
AA0206,49518,0,0,PS,990904,18:39:07,18:39:16,9,0:00:00,0:00:00,0,HANG,0:00:00,0:00:00,0,NO_SERVER
AA0206,49519,0,0,NE,990904,19:52:26,19:52:35,9,0:00:00,0:00:00,0,HANG,0:00:00,0:00:00,0,NO_SERVER
AA0206,49520,14264295,2,PS,990904,20:13:01,20:13:07,6,20:13:07,20:14:20,73,AGENT,20:14:19,20:18:25,246,SHARON
AA0206,49521,31933088,1,PS,990904,20:27:16,20:27:22,6,20:27:22,20:29:57,155,HANG,0:00:00,0:00:00,0,NO_SERVER
AA0206,49522,0,0,NW,990904,20:43:04,20:43:13,9,20:43:13,20:43:36,23,HANG,0:00:00,0:00:00,0,NO_SERVER
AA0206,49523,58497454,2,PS,990904,20:58:59,20:59:04,5,20:59:04,21:02:20,196,AGENT,21:02:19,21:06:53,274,BASCH
AA0206,49524,0,0,PS,990904,21:30:37,21:30:48,11,0:00:00,0:00:00,0,AGENT,21:30:47,21:32:35,108,MORIAH
AA0206,49525,0,0,PS,990904,21:57:44,21:57:55,11,0:00:00,0:00:00,0,AGENT,21:57:54,22:00:35,161,ZOHARI
AA0206,49526,0,0,NW,990904,22:32:07,22:32:21,14,0:00:00,0:00:00,0,AGENT,22:32:20,22:32:44,24,BASCH
AA0206,49527,0,0,PS,990904,22:55:51,22:56:02,11,0:00:00,0:00:00,0,AGENT,22:56:02,23:01:02,300,BASCH
AA0206,49528,0,0,PS,990904,23:50:15,23:50:24,9,0:00:00,0:00:00,0,AGENT,23:50:22,23:51:52,90,SHARON
AA0206,49529,0,0,PS,990905,6:36:48,6:36:59,11,0:00:00,0:00:00,0,HANG,0:00:00,0:00:00,0,NO_SERVER
AA0206,49530,8902132,2,PS,990905,7:16:35,7:16:41,6,7:16:41,7:17:16,35,AGENT,7:17:15,7:19:25,130,DORIT
AA0206,49531,55445233,2,PS,990905,7:33:56,7:34:02,6,7:34:02,7:34:07,5,AGENT,7:34:06,7:36:33,147,ANAT
AA0206,49532,0,0,NW,990905,7:55:25,7:55:31,6,0:00:00,0:00:00,0,HANG,0:00:00,0:00:00,0,NO_SERVER
AA0206,49533,4620050,2,PS,990905,8:17:26,8:17:31,5,8:17:31,8:18:20,49,AGENT,8:18:20,8:22:51,271,ANAT
AA0206,49534,0,0,PS,990905,8:26:50,8:26:59,9,0:00:00,0:00:00,0,AGENT,8:26:58,8:31:27,269,ZOHARI
AA0206,49535,0,0,PS,990905,8:44:09,8:44:24,15,0:00:00,0:00:00,0,AGENT,8:44:23,8:46:40,137,STEREN
AA0206,49536,0,0,NW,990905,8:54:28,8:54:41,13,0:00:00,0:00:00,0,AGENT,8:54:40,8:55:08,28,STEREN
AA0206,49537,53186953,2,PS,990905,9:09:43,9:09:48,5,9:09:48,9:10:40,52,AGENT,9:10:40,9:18:34,474,STEREN
AA0206,49538,57695173,2,PS,990905,9:15:59,9:16:03,4,9:16:03,9:16:17,14,HANG,0:00:00,0:00:00,0,NO_SERVER
AA0206,49539,27186592,2,PS,990905,9:25:18,9:25:24,6,9:25:24,9:25:34,10,AGENT,9:25:32,9:27:47,135,DORIT
AA0206,49540,25654112,1,PS,990905,9:32:30,9:32:36,6,9:32:36,9:34:58,142,AGENT,9:34:57,9:47:23,746,STEREN
AA0206,49541,0,0,NW,990905,9:45:11,9:45:20,9,9:45:20,9:47:32,132,AGENT,9:47:31,9:47:56,25,STEREN
AA0206,49542,16784068,2,PS,990905,9:53:49,9:53:55,6,9:53:55,9:54:09,14,HANG,0:00:00,0:00:00,0,NO_SERVER
AA0206,49543,37635950,2,PS,990905,10:00:47,10:00:53,6,10:00:53,10:02:59,126,AGENT,10:02:59,10:04:26,87,DARMON
AA0206,49544,13902978,2,PS,990905,10:08:30,10:08:36,6,10:08:36,10:08:51,15,HANG,0:00:00,0:00:00,0,NO_SERVER
AA0206,49545,0,0,NW,990905,10:15:52,10:16:02,10,10:16:02,10:17:07,65,HANG,0:00:00,0:00:00,0,NO_SERVER
AA0206,49546,57379505,2,PS,990905,10:24:04,10:24:09,5,10:24:09,10:24:51,42,AGENT,10:24:50,10:26:26,96,ROTH
AA0206,49547,0,0,NW,990905,10:29:45,10:29:54,9,10:29:54,10:34:04,250,AGENT,10:34:03,10:34:03,0,AVI
AA0206,49548,55717300,2,PS,990905,10:39:53,10:39:58,5,10:39:58,10:40:11,13,HANG,0:00:00,0:00:00,0,NO_SERVER
AA0206,49549,16992406,1,PS,990905,10:43:53,10:43:59,6,10:43:59,10:45:04,65,HANG,0:00:00,0:00:00,0,NO_SERVER
AA0206,49550,70397559,2,NE,990905,10:48:28,10:48:33,5,10:48:33,10:50:44,131,AGENT,10:50:43,10:55:51,308,ROTH
AA0206,49551,14755003,2,PS,990905,10:55:39,10:55:44,5,10:55:44,10:56:40,56,AGENT,10:56:39,10:58:24,105,AVI
AA0206,49552,56765985,2,PS,990905,11:03:19,11:03:25,6,11:03:25,11:03:43,18,HANG,0:00:00,0:00:00,0,NO_SERVER
AA0206,49553,27898220,1,PS,990905,11:06:43,11:06:49,6,11:06:49,11:09:32,163,HANG,0:00:00,0:00:00,0,NO_SERVER
AA0206,49554,22263115,2,PS,990905,11:14:17,11:14:22,5,11:14:22,11:14:34,12,HANG,0:00:00,0:00:00,0,NO_SERVER
AA0206,49555,32357816,2,PS,990905,11:22:22,11:22:27,5,11:22:27,11:23:56,89,AGENT,11:23:55,11:26:08,133,AVI
AA0206,49556,28712503,1,PS,990905,11:31:01,11:31:06,5,11:31:06,11:32:37,91,AGENT,11:32:36,11:35:20,164,STEREN
AA0206,49557,53971289,2,PS,990905,11:40:34,11:40:39,5,11:40:39,11:42:15,96,AGENT,11:42:14,11:42:51,37,NAAMA
AA0206,49558,0,0,PS,990905,11:53:33,11:53:47,14,0:00:00,0:00:00,0,AGENT,11:53:46,11:54:47,61,ROTH
AA0206,49559,0,0,PS,990905,12:01:19,12:01:29,10,0:00:00,0:00:00,0,AGENT,12:01:28,12:03:51,143,DORIT
AA0206,49560,0,0,NW,990905,12:08:52,12:09:04,12,0:00:00,0:00:00,0,AGENT,12:09:03,12:10:30,87,DORIT
AA0206,49561,0,0,NW,990905,12:21:44,12:21:56,12,0:00:00,0:00:00,0,AGENT,12:21:55,12:23:10,75,AVI
AA0206,49562,0,0,NW,990905,12:32:37,12:32:46,9,12:32:46,12:33:04,18,AGENT,12:33:04,12:35:11,127,STEREN
AA0206,49563,0,0,NW,990905,12:43:41,12:43:53,12,0:00:00,0:00:00,0,AGENT,12:43:53,12:47:15,202,ROTH
AA0206,49564,74780917,2,NE,990905,12:51:42,12:51:47,5,12:51:47,12:51:56,9,AGENT,12:51:55,12:55:39,224,ROTH
AA0206,49565,31451099,1,PS,990905,13:04:24,13:04:30,6,13:04:30,13:05:40,70,HANG,0:00:00,0:00:00,0,NO_SERVER
AA0206,49566,58704610,2,PS,990905,13:14:11,13:14:17,6,13:14:17,13:14:57,40,AGENT,13:14:56,13:18:27,211,DORIT
AA0206,49567,0,0,PS,990905,13:22:55,13:23:04,9,0:00:00,0:00:00,0,AGENT,13:23:04,13:26:00,176,AVI
AA0206,49568,0,0,PS,990905,13:32:49,13:32:59,10,0:00:00,0:00:00,0,AGENT,13:32:58,13:34:04,66,TOVA
AA0206,49569,50884105,1,PS,990905,13:50:35,13:50:41,6,13:50:41,13:51:17,36,AGENT,13:51:16,13:52:22,66,TOVA
AA0206,49570,0,0,NW,990905,13:58:15,13:58:25,10,13:58:25,14:03:24,299,HANG,0:00:00,0:00:00,0,NO_SERVER
AA0206,49571,0,0,PS,990905,14:14:09,14:14:36,27,0:00:00,0:00:00,0,AGENT,14:14:34,14:14:59,25,NAAMA
AA0206,49572,33474602,2,PS,990905,14:21:54,14:22:00,6,14:22:00,14:22:46,46,HANG,0:00:00,0:00:00,0,NO_SERVER
AA0206,49573,12887816,1,PS,990905,14:29:04,14:29:10,6,14:29:10,14:32:58,228,AGENT,14:32:58,14:36:06,188,ROTH
AA0206,49574,78191137,2,PS,990905,14:41:29,14:41:34,5,14:41:34,14:42:09,35,AGENT,14:42:08,14:45:27,199,NAAMA
AA0206,49575,3968047,2,PS,990905,14:52:01,14:52:07,6,14:52:07,14:54:34,147,AGENT,14:54:33,14:57:08,155,ROTH
AA0206,49576,9682923,2,PS,990905,15:00:21,15:00:27,6,15:00:27,15:04:13,226,AGENT,15:04:12,15:11:02,410,ZOHARI
AA0206,49577,10473262,2,PS,990905,15:11:36,15:11:41,5,15:11:41,15:12:28,47,HANG,0:00:00,0:00:00,0,NO_SERVER
AA0206,49578,3597358,1,PS,990905,15:21:04,15:21:10,6,15:21:10,15:23:48,158,AGENT,15:23:46,15:25:17,91,ROTH
AA0206,49579,56765985,2,PS,990905,15:32:05,15:32:10,5,15:32:10,15:33:09,59,HANG,0:00:00,0:00:00,0,NO_SERVER
AA0206,49580,78191137,2,PS,990905,15:37:46,15:37:51,5,15:37:51,15:38:13,22,HANG,0:00:00,0:00:00,0,NO_SERVER
AA0206,49581,54676242,2,PS,990905,15:44:19,15:44:25,6,15:44:25,15:44:48,23,AGENT,15:44:48,15:46:50,122,BASCH
AA0206,49582,65032120,2,PS,990905,15:50:35,15:50:40,5,15:50:40,15:51:03,23,AGENT,15:51:02,15:51:04,2,MORIAH
AA0206,49583,14346852,1,PS,990905,15:56:24,15:56:29,5,15:56:29,16:00:54,265,AGENT,16:00:53,16:00:57,4,MORIAH
AA0206,49584,0,0,NW,990905,16:04:22,16:04:32,10,16:04:32,16:04:55,23,HANG,0:00:00,0:00:00,0,NO_SERVER
AA0206,49585,41543000,2,PS,990905,16:10:04,16:10:10,6,16:10:10,16:12:16,126,AGENT,16:12:15,16:15:11,176,TOVA
AA0206,49586,0,0,NW,990905,16:14:53,16:15:03,10,16:15:03,16:16:22,79,HANG,0:00:00,0:00:00,0,NO_SERVER
AA0206,49587,32270027,1,PS,990905,16:21:57,16:22:03,6,16:22:03,16:24:41,158,AGENT,16:24:40,16:26:17,97,TOVA
AA0206,49588,55669923,1,PS,990905,16:31:01,16:31:06,5,16:31:06,16:32:21,75,AGENT,16:32:19,16:34:32,133,ZOHARI
AA0206,49589,0,0,NW,990905,16:44:29,16:44:38,9,16:44:38,16:45:35,57,AGENT,16:45:33,16:45:58,25,MORIAH
AA0206,49590,52031556,2,PS,990905,16:54:37,16:54:42,5,16:54:42,16:55:15,33,AGENT,16:55:14,16:57:38,144,BASCH
AA0206,49591,13000567,2,PS,990905,17:03:26,17:03:32,6,17:03:32,17:03:38,6,AGENT,17:03:36,17:03:38,2,MORIAH
AA0206,49592,0,0,NW,990905,17:18:01,17:18:11,10,17:18:11,17:18:40,29,AGENT,17:18:39,17:19:25,46,MORIAH
AA0206,49593,0,0,NW,990905,17:29:31,17:29:40,9,17:29:40,17:32:23,163,AGENT,17:32:22,17:32:45,23,VICKY
AA0206,49594,34910471,1,PS,990905,17:41:02,17:41:08,6,17:41:08,17:42:30,82,AGENT,17:42:29,17:43:44,75,VICKY
AA0206,49595,12024519,2,PS,990905,17:52:57,17:53:03,6,17:53:03,17:53:08,5,AGENT,17:53:08,17:57:10,242,TOVA
AA0206,49596,0,0,PS,990905,18:20:00,18:20:14,14,0:00:00,0:00:00,0,AGENT,18:20:13,18:25:27,314,BASCH
AA0206,49597,30597587,2,PS,990905,18:41:46,18:41:51,5,18:41:51,18:42:15,24,AGENT,18:42:14,18:42:43,29,BASCH
AA0206,49598,0,0,PS,990905,19:00:41,19:00:56,15,0:00:00,0:00:00,0,AGENT,19:00:54,19:02:10,76,VICKY
AA0206,49599,29333275,1,PS,990905,19:28:11,19:28:16,5,19:28:16,19:29:18,62,AGENT,19:29:17,19:30:35,78,VICKY
AA0206,49600,0,0,PS,990905,19:45:35,19:45:47,12,0:00:00,0:00:00,0,AGENT,19:45:47,19:59:20,813,BASCH
AA0206,49601,0,0,NW,990905,20:01:31,20:01:37,6,20:01:37,20:01:59,22,HANG,0:00:00,0:00:00,0,NO_SERVER
AA0206,49602,0,0,PS,990905,20:19:11,20:19:22,11,0:00:00,0:00:00,0,AGENT,20:19:20,20:20:41,81,VICKY
AA0206,49603,0,0,PS,990905,20:52:52,20:53:02,10,0:00:00,0:00:00,0,AGENT,20:53:01,20:55:27,146,VICKY
AA0206,49604,68240316,2,PS,990905,21:19:45,21:19:50,5,21:19:50,21:20:16,26,AGENT,21:20:15,21:22:12,117,BASCH
AA0206,49605,68240316,2,PS,990905,21:43:10,21:43:15,5,21:43:15,21:43:23,8,AGENT,21:43:22,21:47:03,221,BASCH
AA0206,49606,25078957,1,PS,990905,21:53:48,21:53:54,6,21:53:54,21:53:58,4,AGENT,21:53:57,21:56:59,182,VICKY
AA0206,49607,15720535,2,PS,990905,22:08:57,22:09:03,6,22:09:03,22:10:15,72,AGENT,22:10:14,22:13:35,201,VICKY
AA0206,49608,0,0,PS,990905,22:42:18,22:42:28,10,0:00:00,0:00:00,0,AGENT,22:42:26,22:45:23,177,VICKY
AA0206,49609,0,0,NW,990905,23:11:12,23:11:21,9,23:11:21,23:12:07,46,HANG,0:00:00,0:00:00,0,NO_SERVER
AA0206,49610,0,0,NW,990906,0:15:16,0:15:54,38,0:00:00,0:00:00,0,HANG,0:00:00,0:00:00,0,NO_SERVER
AA0206,49611,0,0,NE,990906,6:49:07,6:49:21,14,0:00:00,0:00:00,0,HANG,0:00:00,0:00:00,0,NO_SERVER
AA0206,49612,0,0,PS,990906,7:27:05,7:27:15,10,0:00:00,0:00:00,0,AGENT,7:27:14,7:28:24,70,MORIAH
AA0206,49613,0,0,PS,990906,7:55:37,7:55:49,12,0:00:00,0:00:00,0,AGENT,7:55:48,7:57:09,81,TOVA
AA0206,49614,59600056,1,PS,990906,8:04:26,8:04:32,6,8:04:32,8:04:44,12,AGENT,8:04:43,8:05:31,48,BASCH
AA0206,49615,0,0,PS,990906,8:23:04,8:23:17,13,0:00:00,0:00:00,0,AGENT,8:23:16,8:23:57,41,TOVA
AA0206,49616,56773153,2,PS,990906,8:38:55,8:39:01,6,8:39:01,8:39:37,36,AGENT,8:39:36,8:39:42,6,MORIAH
AA0206,49617,0,0,PS,990906,8:48:44,8:48:52,8,0:00:00,0:00:00,0,AGENT,8:48:52,8:49:25,33,TOVA
AA0206,49618,0,0,PS,990906,9:00:51,9:01:01,10,0:00:00,0:00:00,0,AGENT,9:01:00,9:04:28,208,TOVA
AA0206,49619,0,0,PS,990906,9:10:29,9:10:40,11,0:00:00,0:00:00,0,AGENT,9:10:39,9:10:41,2,TOVA
AA0206,49620,50395714,2,PS,990906,9:19:02,9:19:07,5,9:19:07,9:19:27,20,AGENT,9:19:26,9:20:40,74,YITZ
AA0206,49621,0,0,NW,990906,9:24:09,9:24:19,10,9:24:19,9:27:24,185,AGENT,9:27:23,9:28:34,71,SHARON
AA0206,49622,0,0,NE,990906,9:35:41,9:35:50,9,0:00:00,0:00:00,0,AGENT,9:35:50,9:42:46,416,ZOHARI
AA0206,49623,0,0,PS,990906,9:46:28,9:46:41,13,0:00:00,0:00:00,0,AGENT,9:46:40,9:49:05,145,SHARON
AA0206,49624,56147150,1,PS,990906,9:53:25,9:53:31,6,9:53:31,9:54:38,67,AGENT,9:54:37,10:03:02,505,DORIT
AA0206,49625,0,0,NW,990906,10:02:33,10:02:42,9,10:02:42,10:09:09,387,AGENT,10:09:08,10:11:10,122,MORIAH
AA0206,49626,54241443,2,NE,990906,10:13:52,10:13:58,6,10:13:58,10:16:55,177,AGENT,10:16:54,10:26:26,572,ROTH
AA0206,49627,29678133,2,PS,990906,10:22:14,10:22:20,6,10:22:20,10:22:40,20,AGENT,10:22:40,10:24:10,90,SHARON
AA0206,49628,55920755,2,PS,990906,10:29:16,10:29:22,6,10:29:22,10:30:44,82,AGENT,10:30:43,10:31:38,55,YIFAT
AA0206,49629,52120771,1,NE,990906,10:38:23,10:38:29,6,10:38:29,10:39:12,43,AGENT,10:39:11,10:40:27,76,ROTH
AA0206,49630,0,0,NW,990906,10:47:22,10:47:32,10,10:47:32,10:49:38,126,AGENT,10:49:38,10:50:45,67,ROTH
AA0206,49631,0,0,PS,990906,10:59:24,10:59:34,10,0:00:00,0:00:00,0,AGENT,10:59:32,11:01:56,144,MORIAH
AA0206,49632,0,0,PS,990906,11:10:57,11:11:06,9,0:00:00,0:00:00,0,AGENT,11:11:05,11:12:12,67,ROTH
AA0206,49634,0,0,PS,990906,11:21:42,11:21:43,1,0:00:00,0:00:00,0,HANG,0:00:00,0:00:00,0,NO_SERVER
AA0206,49635,0,0,NW,990906,11:33:54,11:34:08,14,0:00:00,0:00:00,0,AGENT,11:34:06,11:34:41,35,SHARON
AA0206,49636,0,0,NW,990906,11:40:51,11:41:01,10,11:41:01,11:41:15,14,HANG,0:00:00,0:00:00,0,NO_SERVER
AA0206,49637,0,0,NE,990906,11:48:15,11:48:28,13,0:00:00,0:00:00,0,AGENT,11:48:27,12:25:48,2241,ELI
AA0206,49638,0,0,PS,990906,12:00:19,12:00:32,13,0:00:00,0:00:00,0,AGENT,12:00:31,12:05:17,286,SHARON
AA0206,49639,0,0,PS,990906,12:07:09,12:07:17,8,0:00:00,0:00:00,0,AGENT,12:07:16,12:09:06,110,ROTH
AA0206,49640,0,0,NE,990906,12:22:46,12:23:00,14,0:00:00,0:00:00,0,AGENT,12:23:00,12:26:39,219,DORIT
AA0206,49641,0,0,PS,990906,12:34:57,12:35:06,9,0:00:00,0:00:00,0,AGENT,12:35:05,12:37:07,122,ROTH
AA0206,49642,0,0,PS,990906,12:52:00,12:52:12,12,0:00:00,0:00:00,0,AGENT,12:52:11,12:52:39,28,TOVA
AA0206,49643,0,0,PS,990906,13:05:42,13:05:55,13,0:00:00,0:00:00,0,AGENT,13:05:54,13:07:23,89,TOVA
AA0206,49644,0,0,PS,990906,13:17:48,13:17:57,9,0:00:00,0:00:00,0,AGENT,13:17:56,13:19:07,71,DORIT
AA0206,49645,0,0,PS,990906,13:35:08,13:35:19,11,0:00:00,0:00:00,0,AGENT,13:35:17,13:37:46,149,TOVA
AA0206,49646,0,0,PS,990906,13:49:11,13:49:20,9,0:00:00,0:00:00,0,AGENT,13:49:19,13:49:27,8,BASCH
AA0206,49647,0,0,PS,990906,13:59:56,14:00:11,15,0:00:00,0:00:00,0,AGENT,14:00:10,14:03:38,208,DORIT
AA0206,49648,0,0,NW,990906,14:12:45,14:12:55,10,0:00:00,0:00:00,0,HANG,0:00:00,0:00:00,0,NO_SERVER
AA0206,49649,0,0,NE,990906,14:26:57,14:27:07,10,0:00:00,0:00:00,0,AGENT,14:27:07,14:33:37,390,ZOHARI
AA0206,49650,0,0,PS,990906,14:37:53,14:38:03,10,0:00:00,0:00:00,0,AGENT,14:38:02,14:38:37,35,DORIT
AA0206,49651,0,0,NW,990906,14:44:46,14:44:55,9,14:44:55,14:45:48,53,AGENT,14:45:47,14:46:35,48,SHARON
AA0206,49652,675306,2,PS,990906,15:00:23,15:00:28,5,15:00:28,15:02:01,93,AGENT,15:02:00,15:05:51,231,STEREN
AA0206,49653,0,0,PS,990906,15:14:41,15:14:50,9,0:00:00,0:00:00,0,AGENT,15:14:49,15:18:29,220,ANAT
AA0206,49654,703074,2,PS,990906,15:27:53,15:27:59,6,15:27:59,15:28:10,11,AGENT,15:28:08,15:35:38,450,ZOHARI
AA0206,49655,54042171,2,NE,990906,15:38:16,15:38:22,6,15:38:22,15:41:56,214,AGENT,15:41:55,15:43:53,118,SHARON
AA0206,49656,24031635,1,PS,990906,15:51:27,15:51:32,5,15:51:32,15:51:39,7,AGENT,15:51:39,15:54:44,185,SHARON
AA0206,49657,0,0,PS,990906,16:06:36,16:06:45,9,0:00:00,0:00:00,0,AGENT,16:06:44,16:08:30,106,ROTH
AA0206,49658,68240316,2,PS,990906,16:23:03,16:23:09,6,16:23:09,16:23:54,45,AGENT,16:23:53,16:25:33,100,VICKY
AA0206,49659,1043249,2,PS,990906,16:37:05,16:37:10,5,16:37:10,16:38:03,53,AGENT,16:38:01,16:38:54,53,STEREN
AA0206,49660,0,0,PS,990906,16:57:38,16:57:47,9,0:00:00,0:00:00,0,AGENT,16:57:46,17:01:01,195,STEREN
AA0206,49661,0,0,NW,990906,17:14:04,17:14:13,9,17:14:13,17:26:20,727,AGENT,17:26:18,17:27:45,87,STEREN
AA0206,49662,58706086,2,PS,990906,17:45:09,17:45:15,6,17:45:15,17:48:57,222,AGENT,17:48:56,17:50:08,72,STEREN
AA0206,49663,0,0,NW,990906,18:10:45,18:10:54,9,18:10:54,18:10:59,5,HANG,0:00:00,0:00:00,0,NO_SERVER
AA0206,49664,50925007,2,PS,990906,18:30:22,18:30:28,6,18:30:28,18:30:33,5,AGENT,18:30:32,18:32:53,141,STEREN
AA0206,49665,0,0,PS,990906,18:49:54,18:50:03,9,0:00:00,0:00:00,0,AGENT,18:50:02,18:51:08,66,MEIR
AA0206,49666,0,0,PS,990906,19:15:34,19:15:51,17,0:00:00,0:00:00,0,AGENT,19:15:50,19:17:18,88,ANAT
AA0206,49667,0,0,NW,990906,19:59:06,19:59:16,10,19:59:16,20:02:10,174,HANG,0:00:00,0:00:00,0,NO_SERVER
AA0206,49668,68772136,2,PS,990906,20:33:50,20:34:02,12,20:34:02,20:34:13,11,AGENT,20:34:02,20:35:46,104,STEREN
AA0206,49669,0,0,NW,990906,20:54:08,20:54:22,14,0:00:00,0:00:00,0,AGENT,20:54:21,20:54:38,17,VICKY
AA0206,49670,0,0,PS,990906,21:12:38,21:12:48,10,0:00:00,0:00:00,0,AGENT,21:12:47,21:14:42,115,MEIR
AA0206,49671,0,0,PS,990906,21:38:30,21:38:38,8,0:00:00,0:00:00,0,AGENT,21:38:37,21:40:03,86,VICKY
AA0206,49672,0,0,PS,990906,22:03:32,22:03:40,8,0:00:00,0:00:00,0,AGENT,22:03:39,22:05:36,117,GILI
AA0206,49673,0,0,PS,990906,22:37:17,22:37:28,11,0:00:00,0:00:00,0,AGENT,22:37:27,22:38:51,84,GILI
AA0206,49674,0,0,PS,990906,23:18:50,23:19:01,11,0:00:00,0:00:00,0,AGENT,23:19:00,23:22:48,228,DARMON
AA0206,49675,0,0,PS,990907,5:55:12,5:55:35,23,0:00:00,0:00:00,0,HANG,0:00:00,0:00:00,0,NO_SERVER
AA0206,49676,0,0,PS,990907,7:34:22,7:34:30,8,0:00:00,0:00:00,0,AGENT,7:34:30,7:36:10,100,MORIAH
AA0206,49677,0,0,PS,990907,8:04:20,8:04:32,12,0:00:00,0:00:00,0,AGENT,8:04:31,8:07:59,208,MORIAH
AA0206,49678,0,0,PS,990907,8:26:16,8:26:25,9,0:00:00,0:00:00,0,AGENT,8:26:24,8:27:19,55,TOVA
AA0206,49679,0,0,NW,990907,8:40:51,8:41:05,14,0:00:00,0:00:00,0,AGENT,8:41:04,8:41:55,51,TOVA
AA0206,49680,0,0,NE,990907,8:52:22,8:52:34,12,0:00:00,0:00:00,0,AGENT,8:52:33,8:54:03,90,ELI
AA0206,49681,0,0,NW,990907,9:00:36,9:00:46,10,9:00:46,9:02:19,93,HANG,0:00:00,0:00:00,0,NO_SERVER
AA0206,49682,0,0,PS,990907,9:14:16,9:14:28,12,0:00:00,0:00:00,0,AGENT,9:14:26,9:15:16,50,AVI
AA0206,49683,314014135,2,PS,990907,9:29:20,9:29:26,6,9:29:26,9:29:57,31,AGENT,9:29:56,9:31:28,92,BASCH
AA0206,49684,64185333,2,PS,990907,9:39:10,9:39:15,5,9:39:15,9:40:23,68,AGENT,9:40:22,9:42:12,110,AVI
AA0206,49685,0,0,PS,990907,9:56:57,9:57:07,10,0:00:00,0:00:00,0,AGENT,9:57:06,9:58:19,73,YIFAT
AA0206,49686,0,0,NE,990907,10:07:06,10:07:15,9,0:00:00,0:00:00,0,AGENT,10:07:13,10:07:40,27,BASCH
AA0206,49687,0,0,NE,990907,10:18:31,10:18:42,11,0:00:00,0:00:00,0,AGENT,10:18:41,10:22:07,206,BASCH
AA0206,49688,0,0,PS,990907,10:27:03,10:27:11,8,0:00:00,0:00:00,0,AGENT,10:27:11,10:27:13,2,MORIAH
AA0206,49689,55921597,1,NE,990907,10:40:48,10:40:54,6,10:40:54,10:41:13,19,AGENT,10:41:12,10:42:49,97,ELI
AA0206,49690,52164191,1,PS,990907,10:52:34,10:52:39,5,10:52:39,10:52:53,14,AGENT,10:52:53,10:55:03,130,MORIAH
AA0206,49691,50347749,1,NE,990907,11:03:59,11:04:05,6,11:04:05,11:04:20,15,AGENT,11:04:18,11:07:08,170,AVI
AA0206,49692,0,0,PS,990907,11:16:47,11:16:55,8,0:00:00,0:00:00,0,AGENT,11:16:54,11:18:06,72,TOVA
AA0206,49693,6692800,2,PS,990907,11:25:57,11:26:03,6,11:26:03,11:26:11,8,AGENT,11:26:11,11:27:41,90,ROTH
AA0206,49694,27885011,2,PS,990907,11:36:58,11:37:04,6,11:37:04,11:41:09,245,AGENT,11:41:08,11:42:30,82,TOVA
AA0206,49695,56669294,2,PS,990907,11:46:14,11:46:19,5,11:46:19,11:51:24,305,AGENT,11:51:23,11:53:08,105,ROTH
AA0206,49696,0,0,NW,990907,12:00:19,12:00:28,9,12:00:28,12:02:25,117,HANG,0:00:00,0:00:00,0,NO_SERVER
AA0206,49697,30442495,2,PS,990907,12:12:40,12:12:46,6,12:12:46,12:13:18,32,AGENT,12:13:18,12:19:21,363,VICKY
AA0206,49698,0,0,NE,990907,12:26:16,12:26:25,9,0:00:00,0:00:00,0,AGENT,12:26:24,12:28:31,127,VICKY
AA0206,49699,0,0,PS,990907,12:40:54,12:41:09,15,0:00:00,0:00:00,0,AGENT,12:41:08,12:45:15,247,BASCH
AA0206,49700,0,0,NW,990907,12:59:00,12:59:10,10,12:59:10,13:01:55,165,AGENT,13:01:54,13:03:35,101,AVI
AA0206,49701,33771833,1,PS,990907,13:14:57,13:15:03,6,13:15:03,13:16:46,103,AGENT,13:16:46,13:18:55,129,TOVA
AA0206,49702,0,0,PS,990907,13:36:59,13:37:10,11,0:00:00,0:00:00,0,AGENT,13:37:09,13:37:37,28,AVI
AA0206,49703,0,0,NW,990907,13:56:08,13:56:21,13,0:00:00,0:00:00,0,AGENT,13:56:20,13:57:30,70,STEREN
AA0206,49704,4620464,2,PS,990907,14:08:04,14:08:10,6,14:08:10,14:08:17,7,AGENT,14:08:16,14:08:24,8,VICKY
AA0206,49705,0,0,NW,990907,14:24:39,14:24:55,16,0:00:00,0:00:00,0,AGENT,14:24:54,14:26:17,83,STEREN
AA0206,49706,27390947,2,PS,990907,14:35:32,14:35:37,5,14:35:37,14:36:14,37,AGENT,14:36:13,14:37:34,81,AVI
AA0206,49707,0,0,NW,990907,14:43:45,14:43:55,10,14:43:55,14:45:30,95,HANG,0:00:00,0:00:00,0,NO_SERVER
AA0206,49708,34882050,1,PS,990907,14:53:34,14:53:40,6,14:53:40,14:54:51,71,AGENT,14:54:51,14:57:20,149,STEREN
AA0206,49709,0,0,NW,990907,15:08:44,15:08:54,10,15:08:54,15:10:58,124,HANG,0:00:00,0:00:00,0,NO_SERVER
AA0206,49710,4862272,2,PS,990907,15:20:55,15:21:00,5,15:21:00,15:21:36,36,AGENT,15:21:36,15:29:47,491,STEREN
AA0206,49711,23530603,2,PS,990907,15:31:33,15:31:39,6,15:31:39,15:32:27,48,AGENT,15:32:26,15:34:04,98,STEREN
AA0206,49712,0,0,PS,990907,15:40:27,15:40:42,15,0:00:00,0:00:00,0,AGENT,15:40:42,15:49:04,502,DARMON
AA0206,49713,9682923,2,PS,990907,15:53:34,15:53:39,5,15:53:39,15:53:43,4,AGENT,15:53:42,15:53:45,3,VICKY
AA0206,49714,31736069,1,PS,990907,16:04:41,16:04:46,5,16:04:46,16:06:33,107,AGENT,16:06:33,16:07:27,54,DARMON
AA0206,49715,0,0,PS,990907,16:18:22,16:18:32,10,0:00:00,0:00:00,0,AGENT,16:18:31,16:22:21,230,ZOHARI
AA0206,49716,24082240,1,PS,990907,16:29:30,16:29:35,5,16:29:35,16:31:16,101,HANG,0:00:00,0:00:00,0,NO_SERVER
AA0206,49717,25702192,2,PS,990907,16:45:35,16:45:40,5,16:45:40,16:46:34,54,AGENT,16:46:33,16:52:55,382,SHARON
AA0206,49718,0,0,NW,990907,16:50:42,16:50:51,9,16:50:51,16:53:32,161,AGENT,16:53:31,16:55:06,95,STEREN
AA0206,49719,0,0,NW,990907,17:03:45,17:03:54,9,17:03:54,17:05:38,104,AGENT,17:05:37,17:06:46,69,VICKY
AA0206,49720,0,0,PS,990907,17:20:11,17:20:23,12,0:00:00,0:00:00,0,AGENT,17:20:22,17:22:18,116,ZOHARI
AA0206,49721,0,0,NW,990907,17:34:49,17:34:50,1,0:00:00,0:00:00,0,HANG,0:00:00,0:00:00,0,NO_SERVER
AA0206,49722,0,0,NW,990907,17:43:36,17:43:46,10,17:43:46,17:49:11,325,AGENT,17:49:11,17:50:42,91,VICKY
AA0206,49723,0,0,NW,990907,18:04:22,18:04:35,13,0:00:00,0:00:00,0,AGENT,18:04:34,18:06:37,123,STEREN
AA0206,49724,0,0,PS,990907,18:18:57,18:19:06,9,0:00:00,0:00:00,0,AGENT,18:19:06,18:20:53,107,VICKY
AA0206,49725,0,0,NE,990907,18:50:29,18:50:40,11,0:00:00,0:00:00,0,AGENT,18:50:40,18:51:16,36,ZOHARI
AA0206,49726,0,0,PS,990907,19:13:39,19:13:49,10,0:00:00,0:00:00,0,AGENT,19:13:48,19:15:44,116,ZOHARI
AA0206,49727,0,0,PS,990907,19:38:32,19:38:44,12,0:00:00,0:00:00,0,AGENT,19:38:43,19:41:40,177,ZOHARI
AA0206,49728,0,0,PS,990907,20:12:57,20:13:07,10,0:00:00,0:00:00,0,AGENT,20:13:06,20:18:18,312,STEREN
AA0206,49729,0,0,NW,990907,20:33:20,20:33:35,15,0:00:00,0:00:00,0,AGENT,20:33:34,20:34:27,53,STEREN
AA0206,49730,0,0,PS,990907,20:53:49,20:53:58,9,0:00:00,0:00:00,0,AGENT,20:53:58,20:57:32,214,STEREN
AA0206,49731,0,0,NW,990907,21:10:42,21:10:55,13,0:00:00,0:00:00,0,AGENT,21:10:54,21:15:49,295,STEREN
AA0206,49732,0,0,PS,990907,21:33:40,21:33:52,12,0:00:00,0:00:00,0,AGENT,21:33:52,21:35:18,86,SHARON
AA0206,49733,0,0,NW,990907,21:58:06,21:58:19,13,0:00:00,0:00:00,0,AGENT,21:58:18,21:59:03,45,STEREN
AA0206,49734,0,0,NW,990907,22:25:47,22:25:59,12,0:00:00,0:00:00,0,AGENT,22:25:59,22:26:15,16,SHARON
AA0206,49735,0,0,PS,990907,22:44:19,22:44:28,9,0:00:00,0:00:00,0,AGENT,22:44:28,22:47:44,196,ZOHARI
AA0206,49736,0,0,PS,990907,23:12:43,23:12:53,10,0:00:00,0:00:00,0,AGENT,23:12:53,23:14:31,98,BENSION
AA0206,49737,0,0,NW,990908,0:20:16,0:20:41,25,0:00:00,0:00:00,0,HANG,0:00:00,0:00:00,0,NO_SERVER
AA0206,49738,0,0,PS,990908,7:02:58,7:03:08,10,0:00:00,0:00:00,0,AGENT,7:03:07,7:03:57,50,DORIT
AA0206,49739,0,0,PS,990908,7:34:10,7:34:19,9,0:00:00,0:00:00,0,AGENT,7:34:18,7:34:20,2,TOVA
AA0206,49740,319284725,2,PE,990908,8:06:22,8:06:27,5,8:06:27,8:08:02,95,AGENT,8:08:01,8:11:17,196,DORIT
AA0206,49741,0,0,NW,990908,8:22:14,8:22:23,9,8:22:23,8:22:43,20,AGENT,8:22:42,8:23:21,39,ROTH
AA0206,49742,3449238,2,PS,990908,8:41:02,8:41:07,5,8:41:07,8:42:15,68,AGENT,8:42:15,8:44:38,143,DORIT
AA0206,49743,1161660,2,PS,990908,8:49:59,8:50:04,5,8:50:04,8:51:49,105,AGENT,8:51:48,8:54:28,160,BASCH
AA0206,49744,0,0,PS,990908,9:02:38,9:02:47,9,0:00:00,0:00:00,0,AGENT,9:02:46,9:04:01,75,ROTH
AA0206,49745,0,0,PS,990908,9:15:15,9:15:24,9,0:00:00,0:00:00,0,AGENT,9:15:23,9:17:58,155,YITZ
AA0206,49746,0,0,PS,990908,9:27:41,9:27:50,9,0:00:00,0:00:00,0,AGENT,9:27:50,9:29:01,71,STEREN
AA0206,49747,0,0,PS,990908,9:39:51,9:39:59,8,0:00:00,0:00:00,0,AGENT,9:39:58,9:42:20,142,YITZ
AA0206,49748,33036765,2,PS,990908,9:50:09,9:50:15,6,9:50:15,9:50:42,27,AGENT,9:50:41,9:51:35,54,BASCH
AA0206,49749,5318985,2,PS,990908,9:59:33,9:59:39,6,9:59:39,9:59:47,8,HANG,0:00:00,0:00:00,0,NO_SERVER
AA0206,49750,52867744,2,PS,990908,10:07:59,10:08:04,5,10:08:04,10:09:44,100,AGENT,10:09:42,10:11:28,106,STEREN
AA0206,49751,13337936,2,PS,990908,10:14:10,10:14:16,6,10:14:16,10:14:28,12,HANG,0:00:00,0:00:00,0,NO_SERVER
AA0206,49752,0,0,NW,990908,10:21:29,10:21:38,9,10:21:38,10:23:47,129,AGENT,10:23:46,10:25:40,114,BASCH
AA0206,49753,57253494,1,PS,990908,10:37:13,10:37:18,5,10:37:18,10:38:09,51,AGENT,10:38:07,10:41:17,190,STEREN
AA0206,49754,69367787,2,PS,990908,10:50:04,10:50:09,5,10:50:09,10:50:14,5,AGENT,10:50:13,10:53:54,221,DORIT
AA0206,49755,50347749,1,NE,990908,11:05:12,11:05:17,5,11:05:17,11:09:15,238,AGENT,11:09:14,11:10:17,63,ROTH
AA0206,49756,0,0,NW,990908,11:21:48,11:22:03,15,0:00:00,0:00:00,0,AGENT,11:22:03,11:22:51,48,DORIT
AA0206,49757,0,0,NW,990908,11:35:08,11:35:17,9,11:35:17,11:36:24,67,AGENT,11:36:23,11:38:05,102,DORIT
AA0206,49758,50252386,2,PS,990908,11:46:47,11:46:52,5,11:46:52,11:47:12,20,AGENT,11:47:11,11:48:08,57,SHARON
AA0206,49759,25742347,1,PS,990908,12:00:08,12:00:13,5,12:00:13,12:00:23,10,AGENT,12:00:22,12:00:29,7,DORIT
AA0206,49760,0,0,NW,990908,12:13:18,12:13:27,9,12:13:27,12:14:04,37,HANG,12:14:46,12:14:52,6,NO_SERVER
AA0206,49761,0,0,NW,990908,12:21:57,12:22:06,9,12:22:06,12:25:02,176,AGENT,12:25:01,12:25:37,36,SHARON
AA0206,49762,0,0,PS,990908,12:41:10,12:41:19,9,0:00:00,0:00:00,0,AGENT,12:41:18,12:44:19,181,STEREN
AA0206,49763,0,0,PS,990908,12:57:58,12:58:07,9,0:00:00,0:00:00,0,AGENT,12:58:06,12:59:22,76,ROTH
AA0206,49764,0,0,PS,990908,13:13:09,13:13:19,10,0:00:00,0:00:00,0,AGENT,13:13:18,13:18:48,330,KAZAV
AA0206,49765,309959047,1,PS,990908,13:25:43,13:25:48,5,13:25:48,13:26:14,26,AGENT,13:26:13,13:28:39,146,SHARON
AA0206,49766,0,0,NW,990908,13:38:38,13:38:47,9,13:38:47,13:39:54,67,HANG,0:00:00,0:00:00,0,NO_SERVER
AA0206,49767,23383607,2,PS,990908,13:47:55,13:48:00,5,13:48:00,13:49:21,81,AGENT,13:49:20,13:50:39,79,BASCH
AA0206,49768,0,0,PS,990908,13:59:25,13:59:31,6,0:00:00,0:00:00,0,AGENT,13:59:33,13:59:37,4,NO_SERVER
AA0206,49769,0,0,NW,990908,14:13:13,14:13:27,14,0:00:00,0:00:00,0,AGENT,14:13:26,14:14:39,73,SHARON
AA0206,49770,0,0,PS,990908,14:28:36,14:28:44,8,0:00:00,0:00:00,0,AGENT,14:28:43,14:30:17,94,ROTH
AA0206,49771,0,0,PS,990908,14:40:43,14:40:52,9,0:00:00,0:00:00,0,AGENT,14:40:52,14:50:07,555,ROTH
AA0206,49772,0,0,PS,990908,14:50:23,14:50:33,10,0:00:00,0:00:00,0,AGENT,14:50:32,14:51:28,56,SHARON
AA0206,49773,24258477,1,PS,990908,15:05:52,15:05:58,6,15:05:58,15:08:05,127,HANG,0:00:00,0:00:00,0,NO_SERVER
AA0206,49774,0,0,NW,990908,15:16:03,15:16:12,9,15:16:12,15:20:26,254,AGENT,15:20:25,15:20:30,5,MORIAH
AA0206,49775,0,0,NW,990908,15:30:31,15:30:40,9,15:30:40,15:30:56,16,HANG,0:00:00,0:00:00,0,NO_SERVER
AA0206,49776,0,0,NW,990908,15:37:44,15:37:52,8,15:37:52,15:38:16,24,HANG,0:00:00,0:00:00,0,NO_SERVER
AA0206,49777,31933088,1,PS,990908,15:42:24,15:42:29,5,15:42:29,15:43:28,59,HANG,0:00:00,0:00:00,0,NO_SERVER
AA0206,49778,65281529,2,PS,990908,15:50:50,15:50:55,5,15:50:55,15:51:04,9,AGENT,15:51:04,15:52:40,96,KAZAV
AA0206,49779,0,0,NW,990908,15:59:45,15:59:55,10,15:59:55,16:02:34,159,HANG,0:00:00,0:00:00,0,NO_SERVER
AA0206,49780,61381562,2,PS,990908,16:16:25,16:16:30,5,16:16:30,16:17:51,81,AGENT,16:17:50,16:20:48,178,BENSION
AA0206,49781,54539366,1,PS,990908,16:29:31,16:29:53,22,16:29:53,16:30:08,15,AGENT,16:30:07,16:30:45,38,ANAT
AA0206,49782,0,0,NW,990908,16:38:38,16:38:44,6,0:00:00,0:00:00,0,HANG,0:00:00,0:00:00,0,NO_SERVER
AA0206,49783,0,0,NE,990908,16:56:06,16:56:19,13,0:00:00,0:00:00,0,AGENT,16:56:18,16:59:23,185,MORIAH
AA0206,49784,0,0,PS,990908,17:14:40,17:14:52,12,0:00:00,0:00:00,0,AGENT,17:14:51,17:16:28,97,BENSION
AA0206,49785,0,0,NW,990908,17:32:04,17:32:14,10,17:32:14,17:37:50,336,AGENT,17:37:49,17:39:03,74,BENSION
AA0206,49786,0,0,PS,990908,17:51:01,17:51:09,8,0:00:00,0:00:00,0,AGENT,17:51:09,17:53:27,138,MORIAH
AA0206,49787,0,0,NW,990908,18:14:57,18:15:09,12,0:00:00,0:00:00,0,AGENT,18:15:08,18:15:57,49,MORIAH
AA0206,49788,58704610,2,PS,990908,18:30:52,18:30:58,6,18:30:58,18:31:50,52,AGENT,18:31:49,18:31:49,0,AVI
AA0206,49789,0,0,PS,990908,18:51:10,18:51:20,10,0:00:00,0:00:00,0,AGENT,18:51:20,18:51:27,7,MORIAH
AA0206,49790,0,0,PS,990908,19:08:30,19:08:51,21,0:00:00,0:00:00,0,AGENT,19:08:50,19:08:51,1,BENSION
AA0206,49791,0,0,NW,990908,19:21:42,19:21:59,17,0:00:00,0:00:00,0,AGENT,19:21:58,19:22:34,36,BENSION
AA0206,49792,0,0,PS,990908,19:39:48,19:40:02,14,0:00:00,0:00:00,0,AGENT,19:40:01,19:48:47,526,AVI
AA0206,49793,0,0,PS,990908,20:02:30,20:02:44,14,0:00:00,0:00:00,0,AGENT,20:02:43,20:04:00,77,BENSION
AA0206,49794,0,0,PS,990908,20:35:09,20:35:24,15,0:00:00,0:00:00,0,AGENT,20:35:23,20:36:07,44,BENSION
AA0206,49795,0,0,NW,990908,20:56:48,20:57:02,14,0:00:00,0:00:00,0,AGENT,20:57:01,20:57:58,57,AVI
AA0206,49796,52867744,2,PS,990908,21:12:49,21:12:55,6,21:12:55,21:14:35,100,AGENT,21:14:34,21:15:52,78,MEIR
AA0206,49797,0,0,PS,990908,21:35:24,21:35:36,12,0:00:00,0:00:00,0,AGENT,21:35:35,21:36:48,73,MEIR
AA0206,49798,0,0,NE,990908,21:51:50,21:52:00,10,0:00:00,0:00:00,0,AGENT,21:52:00,21:55:27,207,MEIR
AA0206,49799,28642148,1,PS,990908,22:19:49,22:19:55,6,22:19:55,22:22:34,159,AGENT,22:22:33,22:24:31,118,BENSION
AA0206,49800,10634848,1,NE,990908,22:42:05,22:42:10,5,22:42:10,22:43:04,54,AGENT,22:43:03,22:44:51,108,AVI
AA0206,49801,13000567,2,PS,990908,23:12:52,23:12:58,6,23:12:58,23:13:09,11,AGENT,23:13:09,23:14:50,101,BENSION
AA0206,49802,0,0,NE,990908,23:57:12,23:57:47,35,0:00:00,0:00:00,0,AGENT,23:57:46,23:59:04,78,DARMON
AA0206,49803,0,0,PS,990909,7:05:57,7:06:04,7,0:00:00,0:00:00,0,AGENT,7:06:07,7:06:10,3,NO_SERVER
AA0206,49804,0,0,NW,990909,7:42:12,7:42:25,13,0:00:00,0:00:00,0,AGENT,7:42:24,7:42:53,29,SHARON
AA0206,49805,0,0,NW,990909,8:17:42,8:17:51,9,8:17:51,8:19:07,76,HANG,0:00:00,0:00:00,0,NO_SERVER
AA0206,49806,0,0,PS,990909,8:37:28,8:37:45,17,0:00:00,0:00:00,0,AGENT,8:37:44,8:39:08,84,ANAT
AA0206,49807,0,0,PS,990909,8:51:05,8:51:16,11,0:00:00,0:00:00,0,AGENT,8:51:15,8:51:26,11,NO_SERVER
AA0206,49808,8762031,2,PS,990909,9:06:59,9:07:05,6,9:07:05,9:07:54,49,AGENT,9:07:53,9:09:50,117,KAZAV
AA0206,49809,0,0,PS,990909,9:20:44,9:20:53,9,0:00:00,0:00:00,0,AGENT,9:20:52,9:26:40,348,KAZAV
AA0206,49810,0,0,PS,990909,9:36:26,9:36:37,11,0:00:00,0:00:00,0,AGENT,9:36:35,9:38:37,122,ROTH
AA0206,49811,703074,2,PS,990909,9:55:51,9:55:57,6,9:55:57,9:57:40,103,AGENT,9:57:39,10:03:11,332,BASCH
AA0206,49812,0,0,PS,990909,10:06:48,10:07:04,16,0:00:00,0:00:00,0,AGENT,10:07:03,10:07:59,56,ANAT
AA0206,49813,71520779,1,PS,990909,10:18:28,10:18:33,5,10:18:33,10:19:47,74,AGENT,10:19:46,10:28:50,544,KAZAV
AA0206,49814,0,0,NW,990909,10:35:01,10:35:14,13,0:00:00,0:00:00,0,AGENT,10:35:13,10:37:25,132,SHARON
AA0206,49815,0,0,PS,990909,10:46:25,10:46:35,10,0:00:00,0:00:00,0,AGENT,10:46:34,10:48:33,119,ANAT
AA0206,49816,0,0,NW,990909,11:02:33,11:02:49,16,0:00:00,0:00:00,0,AGENT,11:02:48,11:03:49,61,ROTH
AA0206,49817,0,0,PS,990909,11:18:00,11:18:09,9,0:00:00,0:00:00,0,AGENT,11:18:08,11:19:52,104,BASCH
AA0206,49818,0,0,PS,990909,11:31:04,11:31:13,9,0:00:00,0:00:00,0,AGENT,11:31:12,11:32:46,94,KAZAV
AA0206,49819,0,0,NW,990909,11:47:09,11:47:23,14,0:00:00,0:00:00,0,AGENT,11:47:22,11:47:47,25,BASCH
AA0206,49820,0,0,PS,990909,12:01:17,12:01:26,9,0:00:00,0:00:00,0,AGENT,12:01:25,12:02:19,54,DORIT
AA0206,49821,0,0,NW,990909,12:22:37,12:22:50,13,0:00:00,0:00:00,0,AGENT,12:22:49,12:26:08,199,ROTH
AA0206,49822,0,0,PS,990909,12:39:08,12:39:17,9,0:00:00,0:00:00,0,AGENT,12:39:16,12:41:51,155,KAZAV
AA0206,49823,0,0,PS,990909,12:52:33,12:52:45,12,0:00:00,0:00:00,0,AGENT,12:52:44,12:52:49,5,NO_SERVER
AA0206,49824,0,0,NW,990909,13:07:22,13:07:32,10,13:07:32,13:07:52,20,HANG,0:00:00,0:00:00,0,NO_SERVER
AA0206,49825,0,0,NW,990909,13:21:59,13:22:16,17,0:00:00,0:00:00,0,AGENT,13:22:15,13:22:57,42,BASCH
AA0206,49826,0,0,NE,990909,13:41:02,13:41:14,12,0:00:00,0:00:00,0,AGENT,13:41:13,13:42:45,92,KAZAV
AA0206,49827,0,0,NE,990909,13:56:54,13:57:07,13,0:00:00,0:00:00,0,AGENT,13:57:06,14:06:40,574,ELI
AA0206,49828,52599727,1,PS,990909,14:12:29,14:12:34,5,14:12:34,14:17:48,314,AGENT,14:17:47,14:19:09,82,SHARON
AA0206,49829,0,0,PS,990909,14:27:17,14:28:22,65,0:00:00,0:00:00,0,HANG,0:00:00,0:00:00,0,NO_SERVER
AA0206,49830,0,0,PS,990909,14:41:30,14:41:38,8,0:00:00,0:00:00,0,AGENT,14:41:37,14:43:19,102,DORIT
AA0206,49831,27397959,1,PS,990909,14:52:49,14:52:54,5,14:52:54,14:54:47,113,AGENT,14:54:46,14:56:19,93,KAZAV
AA0206,49832,63193346,2,PS,990909,15:08:17,15:08:23,6,15:08:23,15:10:16,113,AGENT,15:10:15,15:10:50,35,DORIT
AA0206,49833,51689297,1,PS,990909,15:20:35,15:20:40,5,15:20:40,15:22:19,99,AGENT,15:22:18,15:24:04,106,BASCH
AA0206,49834,0,0,PS,990909,15:34:15,15:34:24,9,0:00:00,0:00:00,0,AGENT,15:34:23,15:36:11,108,ROTH
AA0206,49835,703074,2,PS,990909,15:41:24,15:41:30,6,15:41:30,15:44:23,173,AGENT,15:44:22,15:48:41,259,KAZAV
AA0206,49836,33146341,1,PS,990909,15:53:24,15:53:30,6,15:53:30,15:55:34,124,AGENT,15:55:33,15:56:52,79,ROTH
AA0206,49837,0,0,NW,990909,16:09:37,16:09:46,9,16:09:46,16:10:22,36,AGENT,16:10:21,16:11:00,39,STEREN
AA0206,49838,0,0,NW,990909,16:23:10,16:23:20,10,16:23:20,16:25:54,154,HANG,0:00:00,0:00:00,0,NO_SERVER
AA0206,49839,0,0,NW,990909,16:35:45,16:36:00,15,0:00:00,0:00:00,0,AGENT,16:35:59,16:38:38,159,STEREN
AA0206,49840,0,0,NE,990909,16:48:39,16:48:50,11,0:00:00,0:00:00,0,AGENT,16:48:48,16:50:37,109,ZOHARI
AA0206,49841,25049982,2,PS,990909,17:00:45,17:00:50,5,17:00:50,17:04:58,248,AGENT,17:04:58,17:11:25,387,YITZ
AA0206,49842,55348460,2,PS,990909,17:13:35,17:13:40,5,17:13:40,17:13:50,10,AGENT,17:13:49,17:17:15,206,YITZ
AA0206,49843,0,0,NE,990909,17:31:50,17:32:01,11,0:00:00,0:00:00,0,AGENT,17:32:00,17:35:47,227,AVI
AA0206,49844,0,0,PS,990909,17:53:00,17:53:11,11,0:00:00,0:00:00,0,AGENT,17:53:10,17:54:19,69,STEREN
AA0206,49845,32059271,2,PS,990909,18:07:12,18:07:17,5,18:07:17,18:07:49,32,AGENT,18:07:48,18:08:40,52,STEREN
AA0206,49846,23065295,1,PS,990909,18:25:01,18:25:06,5,18:25:06,18:28:09,183,HANG,0:00:00,0:00:00,0,NO_SERVER
AA0206,49847,0,0,NW,990909,18:50:00,18:50:09,9,18:50:09,18:51:34,85,HANG,0:00:00,0:00:00,0,NO_SERVER
AA0206,49848,0,0,NW,990909,19:08:03,19:08:12,9,19:08:12,19:08:35,23,HANG,0:00:00,0:00:00,0,NO_SERVER
AA0206,49849,0,0,NW,990909,19:35:35,19:35:48,13,0:00:00,0:00:00,0,AGENT,19:35:47,19:35:58,11,NO_SERVER
AA0206,49850,52102787,1,PS,990909,19:50:13,19:50:19,6,19:50:19,19:51:22,63,AGENT,19:51:20,19:53:03,103,DARMON
AA0206,49851,6581441,2,PS,990909,20:09:19,20:09:24,5,20:09:24,20:10:27,63,AGENT,20:10:27,20:18:35,488,ZOHARI
AA0206,49852,29501574,1,PS,990909,20:38:55,20:39:01,6,20:39:01,20:40:37,96,AGENT,20:40:37,20:41:20,43,DARMON
AA0206,49853,0,0,NW,990909,21:03:10,21:03:19,9,21:03:19,21:06:22,183,HANG,0:00:00,0:00:00,0,NO_SERVER
AA0206,49854,0,0,PS,990909,21:34:51,21:35:04,13,0:00:00,0:00:00,0,AGENT,21:35:03,21:35:37,34,AVI
AA0206,49855,31824154,2,PS,990909,21:55:10,21:55:16,6,21:55:16,21:55:55,39,AGENT,21:55:54,21:56:47,53,AVI
AA0206,49856,0,0,PS,990909,22:26:31,22:26:42,11,0:00:00,0:00:00,0,AGENT,22:26:41,22:27:47,66,AVI
AA0206,49857,0,0,PS,990909,22:53:10,22:53:18,8,0:00:00,0:00:00,0,AGENT,22:53:17,22:54:35,78,AVI
AA0206,49858,0,0,PS,990909,23:20:50,23:20:59,9,0:00:00,0:00:00,0,AGENT,23:20:59,23:22:30,91,STEREN
AA0206,49859,0,0,PS,990910,2:11:52,2:12:09,17,0:00:00,0:00:00,0,HANG,0:00:00,0:00:00,0,NO_SERVER
AA0206,49860,0,0,PS,990910,7:37:42,7:37:51,9,0:00:00,0:00:00,0,AGENT,7:37:51,7:39:11,80,AVNI
AA0206,49861,0,0,PS,990910,8:08:41,8:08:51,10,0:00:00,0:00:00,0,AGENT,8:08:50,8:10:21,91,VICKY
AA0206,49862,0,0,PS,990910,8:28:15,8:28:23,8,0:00:00,0:00:00,0,AGENT,8:28:22,8:29:29,67,VICKY
AA0206,49863,0,0,PS,990910,8:49:18,8:49:28,10,0:00:00,0:00:00,0,AGENT,8:49:27,8:55:24,357,AVNI
AA0206,49864,45566833,2,PS,990910,9:00:01,9:00:07,6,9:00:07,9:01:04,57,AGENT,9:01:03,9:02:49,106,AVNI
AA0206,49865,0,0,NW,990910,9:17:05,9:17:25,20,0:00:00,0:00:00,0,AGENT,9:17:23,9:17:59,36,BENSION
AA0206,49866,0,0,PS,990910,9:27:51,9:28:02,11,0:00:00,0:00:00,0,AGENT,9:28:01,9:31:05,184,BENSION
AA0206,49867,0,0,PS,990910,9:42:12,9:42:34,22,0:00:00,0:00:00,0,AGENT,9:42:33,9:49:46,433,BENSION
AA0206,49868,25219700,2,PS,990910,9:55:56,9:56:02,6,9:56:02,9:56:21,19,AGENT,9:56:20,9:58:05,105,BASCH
AA0206,49869,0,0,PS,990910,10:06:51,10:07:04,13,0:00:00,0:00:00,0,AGENT,10:07:03,10:07:45,42,VICKY
AA0206,49870,0,0,PS,990910,10:24:19,10:24:47,28,0:00:00,0:00:00,0,AGENT,10:24:46,10:25:54,68,BENSION
AA0206,49871,0,0,PS,990910,10:39:30,10:39:41,11,0:00:00,0:00:00,0,AGENT,10:39:40,10:40:20,40,SHARON
AA0206,49872,0,0,PS,990910,10:55:02,10:55:07,5,0:00:00,0:00:00,0,AGENT,10:55:12,10:55:15,3,NO_SERVER
AA0206,49873,0,0,NW,990910,11:10:56,11:11:11,15,0:00:00,0:00:00,0,AGENT,11:11:10,11:12:09,59,VICKY
AA0206,49874,13811666,1,PS,990910,11:31:29,11:31:35,6,11:31:35,11:31:51,16,AGENT,11:31:50,11:33:17,87,SHARON
AA0206,49875,55984496,1,PS,990910,12:00:34,12:00:40,6,12:00:40,12:01:41,61,AGENT,12:01:40,12:02:38,58,DORIT
AA0206,49876,0,0,PS,990910,12:33:35,12:33:47,12,0:00:00,0:00:00,0,AGENT,12:33:46,12:44:07,621,DORIT
AA0206,49877,0,0,PS,990910,13:04:16,13:04:39,23,0:00:00,0:00:00,0,HANG,0:00:00,0:00:00,0,NO_SERVER
AA0206,49878,0,0,NE,990910,13:31:51,13:32:02,11,0:00:00,0:00:00,0,HANG,0:00:00,0:00:00,0,NO_SERVER
AA0206,49879,0,0,PS,990910,14:30:25,14:30:40,15,0:00:00,0:00:00,0,HANG,0:00:00,0:00:00,0,NO_SERVER
AA0206,49880,0,0,PS,990910,16:45:16,16:45:53,37,0:00:00,0:00:00,0,HANG,0:00:00,0:00:00,0,NO_SERVER
AA0206,49881,0,0,PS,990911,12:30:53,12:31:13,20,0:00:00,0:00:00,0,HANG,0:00:00,0:00:00,0,NO_SERVER
AA0206,49882,0,0,NW,990912,1:10:45,1:11:12,27,0:00:00,0:00:00,0,HANG,0:00:00,0:00:00,0,NO_SERVER
AA0206,49883,0,0,NW,990912,18:31:44,18:32:07,23,0:00:00,0:00:00,0,HANG,0:00:00,0:00:00,0,NO_SERVER
AA0206,49884,0,0,PS,990912,19:44:24,19:44:38,14,0:00:00,0:00:00,0,HANG,0:00:00,0:00:00,0,NO_SERVER
AA0206,49885,0,0,PS,990912,20:10:58,20:11:07,9,0:00:00,0:00:00,0,AGENT,20:11:06,20:13:30,144,AVNI
AA0206,49886,0,0,PS,990912,20:29:48,20:29:58,10,0:00:00,0:00:00,0,AGENT,20:29:58,20:30:24,26,ELI
AA0206,49887,0,0,NW,990912,20:51:20,20:51:33,13,0:00:00,0:00:00,0,AGENT,20:51:32,20:52:04,32,SHARON
AA0206,49888,0,0,PS,990912,21:24:02,21:24:13,11,0:00:00,0:00:00,0,AGENT,21:24:12,21:26:54,162,ELI
AA0206,49889,0,0,PS,990912,21:58:27,21:58:36,9,0:00:00,0:00:00,0,AGENT,21:58:36,22:05:49,433,ZOHARI
AA0206,49890,0,0,NW,990912,22:45:48,22:45:57,9,22:45:57,22:46:32,35,HANG,0:00:00,0:00:00,0,NO_SERVER
AA0206,49891,50291475,2,PS,990912,23:19:26,23:19:31,5,23:19:31,23:19:42,11,AGENT,23:19:41,23:22:39,178,AVNI
AA0206,49892,1161660,2,PS,990913,6:56:12,6:56:18,6,6:56:18,6:59:18,180,AGENT,6:59:17,7:01:05,108,GILI
AA0206,49893,0,0,PS,990913,7:41:18,7:41:30,12,0:00:00,0:00:00,0,AGENT,7:41:30,7:47:11,341,VICKY
AA0206,49894,0,0,PS,990913,8:04:24,8:04:34,10,0:00:00,0:00:00,0,AGENT,8:04:32,8:05:44,72,STEREN
AA0206,49895,0,0,NW,990913,8:17:59,8:18:11,12,0:00:00,0:00:00,0,AGENT,8:18:12,8:18:16,4,NO_SERVER
AA0206,49896,0,0,NW,990913,8:33:19,8:33:28,9,8:33:28,8:33:56,28,AGENT,8:33:55,8:34:10,15,STEREN
AA0206,49897,57212581,2,PS,990913,8:43:40,8:43:45,5,8:43:45,8:44:08,23,AGENT,8:44:07,8:44:56,49,STEREN
AA0206,49898,0,0,PS,990913,8:49:34,8:49:43,9,0:00:00,0:00:00,0,AGENT,8:49:41,8:50:14,33,ZOHARI
AA0206,49899,0,0,NE,990913,9:02:33,9:02:45,12,0:00:00,0:00:00,0,AGENT,9:02:44,9:07:41,297,ELI
AA0206,49900,13902978,2,PS,990913,9:10:06,9:10:12,6,9:10:12,9:10:29,17,AGENT,9:10:29,9:11:28,59,ZOHARI
AA0206,49901,0,0,NW,990913,9:19:50,9:20:04,14,0:00:00,0:00:00,0,AGENT,9:20:03,9:20:34,31,SHARON
AA0206,49902,0,0,NW,990913,9:33:21,9:33:34,13,0:00:00,0:00:00,0,AGENT,9:33:34,9:38:59,325,STEREN
AA0206,49903,0,0,NW,990913,9:39:40,9:39:49,9,9:39:49,9:43:34,225,AGENT,9:43:34,9:43:48,14,SHARON
AA0206,49904,55628358,2,PS,990913,9:52:35,9:52:41,6,9:52:41,9:52:49,8,AGENT,9:52:48,9:53:40,52,GILI
AA0206,49905,59560623,2,PS,990913,10:05:23,10:05:29,6,10:05:29,10:06:46,77,AGENT,10:06:45,10:09:04,139,STEREN
AA0206,49906,0,0,PS,990913,10:14:01,10:14:10,9,0:00:00,0:00:00,0,AGENT,10:14:10,10:15:26,76,SHARON
AA0206,49907,0,0,PS,990913,10:24:31,10:24:40,9,0:00:00,0:00:00,0,AGENT,10:24:39,10:25:30,51,SHARON
AA0206,49908,0,0,PS,990913,10:33:38,10:33:48,10,0:00:00,0:00:00,0,AGENT,10:33:47,10:35:24,97,VICKY
AA0206,49909,53186953,2,PS,990913,10:39:31,10:39:36,5,10:39:36,10:39:43,7,AGENT,10:39:42,10:41:31,109,ZOHARI
AA0206,49910,57253494,1,PS,990913,10:46:16,10:46:22,6,10:46:22,10:46:28,6,AGENT,10:46:28,10:51:18,290,YIFAT
AA0206,49911,10473262,2,PS,990913,10:57:31,10:57:37,6,10:57:37,10:59:05,88,AGENT,10:59:05,11:01:44,159,YIFAT
AA0206,49912,57068116,2,PS,990913,11:07:09,11:07:15,6,11:07:15,11:07:58,43,AGENT,11:07:57,11:08:44,47,TOVA
AA0206,49913,0,0,PS,990913,11:16:24,11:16:38,14,0:00:00,0:00:00,0,AGENT,11:16:36,11:20:02,206,TOVA
AA0206,49914,6891105,2,PS,990913,11:24:05,11:24:11,6,11:24:11,11:24:24,13,AGENT,11:24:23,11:27:49,206,ROTH
AA0206,49915,10858884,2,NE,990913,11:32:22,11:32:28,6,11:32:28,11:32:56,28,AGENT,11:32:56,11:33:59,63,ZOHARI
AA0206,49916,0,0,PS,990913,11:42:11,11:42:20,9,0:00:00,0:00:00,0,AGENT,11:42:18,11:46:00,222,VICKY
AA0206,49917,31832728,1,PS,990913,11:51:32,11:51:38,6,11:51:38,11:52:19,41,AGENT,11:52:19,11:53:05,46,KAZAV
AA0206,49918,0,0,PS,990913,12:00:12,12:00:21,9,0:00:00,0:00:00,0,AGENT,12:00:20,12:02:19,119,ZOHARI
AA0206,49919,58029430,1,PS,990913,12:07:46,12:07:52,6,12:07:52,12:08:14,22,AGENT,12:08:14,12:09:10,56,SHARON
AA0206,49920,0,0,PS,990913,12:20:27,12:20:39,12,0:00:00,0:00:00,0,AGENT,12:20:37,12:26:38,361,ZOHARI
AA0206,49921,0,0,PS,990913,12:31:02,12:31:11,9,0:00:00,0:00:00,0,AGENT,12:31:09,12:33:08,119,STEREN
AA0206,49922,0,0,PS,990913,12:43:11,12:43:21,10,0:00:00,0:00:00,0,AGENT,12:43:20,12:44:59,99,ROTH
AA0206,49923,0,0,NW,990913,12:58:12,12:58:21,9,12:58:21,12:58:36,15,AGENT,12:58:35,13:01:29,174,BASCH
AA0206,49924,58704610,2,PS,990913,13:09:24,13:09:29,5,13:09:29,13:10:43,74,AGENT,13:10:42,13:12:20,98,TOVA
AA0206,49925,0,0,NW,990913,13:20:38,13:20:47,9,13:20:47,13:23:28,161,AGENT,13:23:27,13:27:01,214,VICKY
AA0206,49926,0,0,NW,990913,13:34:41,13:34:55,14,0:00:00,0:00:00,0,AGENT,13:34:54,13:35:15,21,VICKY
AA0206,49927,0,0,NW,990913,13:45:07,13:45:16,9,13:45:16,13:46:39,83,AGENT,13:46:38,13:47:43,65,ROTH
AA0206,49928,3699154,2,NE,990913,13:51:07,13:51:13,6,13:51:13,13:52:05,52,AGENT,13:52:04,13:54:36,152,ELI
AA0206,49929,22263115,2,PS,990913,13:58:44,13:58:50,6,13:58:50,13:58:57,7,AGENT,13:58:56,13:58:57,1,ANAT
AA0206,49930,0,0,NW,990913,14:05:38,14:05:42,4,0:00:00,0:00:00,0,HANG,0:00:00,0:00:00,0,NO_SERVER
AA0206,49931,24926339,1,PS,990913,14:09:41,14:09:47,6,14:09:47,14:10:57,70,HANG,0:00:00,0:00:00,0,NO_SERVER
AA0206,49932,58704610,2,PS,990913,14:14:09,14:14:15,6,14:14:15,14:14:24,9,HANG,0:00:00,0:00:00,0,NO_SERVER
AA0206,49933,25001041,2,PS,990913,14:17:15,14:17:20,5,14:17:20,14:19:18,118,AGENT,14:19:16,14:27:54,518,STEREN
AA0206,49935,0,0,PS,990913,14:25:44,14:25:44,0,0:00:00,0:00:00,0,HANG,0:00:00,0:00:00,0,NO_SERVER
AA0206,49936,0,0,PS,990913,14:32:14,14:32:25,11,0:00:00,0:00:00,0,AGENT,14:32:24,14:36:39,255,ZOHARI
AA0206,49937,57074585,2,PS,990913,14:39:32,14:39:38,6,14:39:38,14:40:56,78,AGENT,14:40:54,14:44:26,212,ROTH
AA0206,49938,0,0,PS,990913,14:49:42,14:49:54,12,0:00:00,0:00:00,0,AGENT,14:49:52,14:52:11,139,SHARON
AA0206,49939,25305947,1,PS,990913,14:57:49,14:57:55,6,14:57:55,14:59:57,122,AGENT,14:59:52,15:13:14,802,STEREN
AA0206,49940,32150427,1,PS,990913,15:06:39,15:06:44,5,15:06:44,15:11:23,279,AGENT,15:11:22,15:12:16,54,ROTH
AA0206,49942,0,0,PS,990913,15:20:11,15:20:11,0,0:00:00,0:00:00,0,HANG,0:00:00,0:00:00,0,NO_SERVER
AA0206,49943,14504765,2,PS,990913,15:27:03,15:27:09,6,15:27:09,15:29:47,158,AGENT,15:29:46,15:32:23,157,ROTH
AA0206,49944,22612071,2,PS,990913,15:36:51,15:36:57,6,15:36:57,15:38:14,77,AGENT,15:38:14,15:43:01,287,ZOHARI
AA0206,49945,57918849,1,NE,990913,15:48:45,15:48:50,5,15:48:50,15:50:03,73,AGENT,15:50:02,15:50:08,6,ROTH
AA0206,49946,41543000,2,PS,990913,16:01:44,16:01:49,5,16:01:49,16:02:07,18,AGENT,16:02:07,16:06:20,253,ANAT
AA0206,49947,0,0,NW,990913,16:11:39,16:11:49,10,16:11:49,16:12:06,17,AGENT,16:12:05,16:12:05,0,AVI
AA0206,49948,0,0,NE,990913,16:26:26,16:26:37,11,0:00:00,0:00:00,0,AGENT,16:26:36,16:30:51,255,AVNI
AA0206,49949,28632164,2,PS,990913,16:37:39,16:37:44,5,16:37:44,16:40:49,185,AGENT,16:40:48,16:43:32,164,BASCH
AA0206,49950,29453602,1,PS,990913,16:48:10,16:48:16,6,16:48:16,16:52:29,253,AGENT,16:52:28,16:52:30,2,MORIAH
AA0206,49951,29453602,1,PS,990913,16:58:12,16:58:18,6,16:58:18,16:58:37,19,HANG,0:00:00,0:00:00,0,NO_SERVER
AA0206,49953,0,0,PS,990913,17:08:13,17:08:13,0,0:00:00,0:00:00,0,HANG,0:00:00,0:00:00,0,NO_SERVER
AA0206,49954,0,0,PS,990913,17:22:23,17:22:31,8,0:00:00,0:00:00,0,AGENT,17:22:30,17:25:34,184,AVI
AA0206,49955,0,0,NE,990913,17:43:59,17:44:09,10,0:00:00,0:00:00,0,AGENT,17:44:08,17:44:11,3,MORIAH
AA0206,49956,56693021,2,PS,990913,18:00:57,18:01:02,5,18:01:02,18:01:18,16,AGENT,18:01:18,18:03:11,113,BASCH
AA0206,49957,0,0,PS,990913,18:14:15,18:14:25,10,0:00:00,0:00:00,0,AGENT,18:14:24,18:17:10,166,AVNI
AA0206,49958,0,0,PS,990913,18:25:48,18:25:57,9,0:00:00,0:00:00,0,AGENT,18:25:56,18:27:00,64,BASCH
AA0206,49959,0,0,NE,990913,18:45:44,18:45:57,13,0:00:00,0:00:00,0,AGENT,18:45:56,18:54:39,523,AVI
AA0206,49960,15405616,2,PS,990913,18:56:33,18:56:39,6,18:56:39,18:57:36,57,AGENT,18:57:35,18:59:29,114,AVI
AA0206,49961,33415829,1,PS,990913,19:10:26,19:10:32,6,19:10:32,19:11:53,81,AGENT,19:11:52,19:16:00,248,MORIAH
AA0206,49962,22217491,1,PS,990913,19:17:00,19:17:06,6,19:17:06,19:17:18,12,HANG,0:00:00,0:00:00,0,NO_SERVER
AA0206,49963,0,0,NE,990913,19:25:08,19:25:17,9,0:00:00,0:00:00,0,AGENT,19:25:16,19:25:19,3,MORIAH
AA0206,49964,0,0,PS,990913,19:37:01,19:37:10,9,0:00:00,0:00:00,0,AGENT,19:37:09,19:39:16,127,BASCH
AA0206,49965,0,0,PS,990913,19:57:34,19:57:45,11,0:00:00,0:00:00,0,AGENT,19:57:44,19:59:29,105,AVI
AA0206,49966,0,0,PS,990913,20:12:28,20:12:40,12,0:00:00,0:00:00,0,AGENT,20:12:39,20:13:51,72,MORIAH
AA0206,49967,0,0,NW,990913,20:24:47,20:25:00,13,0:00:00,0:00:00,0,AGENT,20:24:59,20:30:52,353,AVNI
AA0206,49968,0,0,PS,990913,20:43:07,20:43:18,11,0:00:00,0:00:00,0,AGENT,20:43:16,20:43:19,3,MORIAH
AA0206,49969,0,0,PS,990913,20:55:50,20:55:58,8,0:00:00,0:00:00,0,AGENT,20:55:57,21:01:14,317,BASCH
AA0206,49970,1947589,2,PS,990913,21:14:53,21:14:58,5,21:14:58,21:18:12,194,AGENT,21:18:11,21:23:06,295,AVNI
AA0206,49971,0,0,PS,990913,21:35:38,21:35:47,9,0:00:00,0:00:00,0,AGENT,21:35:46,21:35:49,3,MORIAH
AA0206,49972,0,0,PS,990913,21:51:04,21:51:15,11,0:00:00,0:00:00,0,AGENT,21:51:14,21:52:24,70,AVI
AA0206,49973,27438498,1,PS,990913,22:13:37,22:13:43,6,22:13:43,22:16:37,174,AGENT,22:16:35,22:21:37,302,AVNI
AA0206,49974,0,0,NW,990913,22:29:24,22:29:34,10,22:29:34,22:30:47,73,AGENT,22:30:47,22:30:54,7,AVI
AA0206,49975,0,0,PS,990913,23:00:30,23:00:40,10,0:00:00,0:00:00,0,AGENT,23:00:39,23:01:47,68,AVI
AA0206,49976,0,0,PS,990913,23:34:35,23:34:47,12,0:00:00,0:00:00,0,AGENT,23:34:47,23:35:27,40,AVI
AA0206,49977,0,0,PS,990914,0:28:53,0:29:02,9,0:00:00,0:00:00,0,HANG,0:00:00,0:00:00,0,NO_SERVER
AA0206,49978,0,0,PS,990914,7:01:40,7:01:49,9,0:00:00,0:00:00,0,AGENT,7:01:49,7:03:15,86,MORIAH
AA0206,49979,58704610,2,PS,990914,7:29:15,7:29:20,5,7:29:20,7:30:45,85,AGENT,7:30:44,7:31:55,71,MORIAH
AA0206,49980,0,0,PS,990914,7:49:03,7:49:19,16,0:00:00,0:00:00,0,AGENT,7:49:18,7:53:43,265,TOVA
AA0206,49981,0,0,PS,990914,8:11:29,8:11:44,15,0:00:00,0:00:00,0,AGENT,8:11:43,8:15:36,233,ANAT
AA0206,49982,30059463,2,PS,990914,8:23:11,8:23:17,6,8:23:17,8:24:17,60,AGENT,8:24:16,8:27:00,164,KAZAV
AA0206,49983,27737030,1,PS,990914,8:29:34,8:29:40,6,8:29:40,8:30:09,29,AGENT,8:30:08,8:30:58,50,BASCH
AA0206,49984,0,0,PS,990914,8:40:10,8:40:21,11,0:00:00,0:00:00,0,AGENT,8:40:19,8:41:14,55,KAZAV
AA0206,49985,0,0,PS,990914,8:47:24,8:47:34,10,0:00:00,0:00:00,0,AGENT,8:47:33,8:54:40,427,BASCH
AA0206,49986,0,0,NW,990914,8:56:27,8:56:36,9,8:56:36,9:00:14,218,AGENT,9:00:13,9:01:37,84,GOLDIE
AA0206,49987,0,0,NW,990914,9:09:48,9:09:57,9,9:09:57,9:10:22,25,AGENT,9:10:22,9:10:42,20,GOLDIE
AA0206,49988,0,0,PS,990914,9:19:49,9:19:57,8,0:00:00,0:00:00,0,AGENT,9:19:57,9:20:00,3,MORIAH
AA0206,49989,0,0,PS,990914,9:28:05,9:28:18,13,0:00:00,0:00:00,0,AGENT,9:28:18,9:29:49,91,TOVA
AA0206,49990,0,0,PS,990914,9:37:17,9:37:27,10,0:00:00,0:00:00,0,AGENT,9:37:26,9:43:38,372,TOVA
AA0206,49991,35788173,1,PS,990914,9:45:49,9:45:54,5,9:45:54,9:46:19,25,AGENT,9:46:19,9:48:32,133,KAZAV
AA0206,49992,0,0,NW,990914,9:57:16,9:57:25,9,9:57:25,10:02:08,283,AGENT,10:02:07,10:03:21,74,AVNI
AA0206,49993,0,0,NW,990914,10:11:28,10:11:37,9,10:11:37,10:12:47,70,AGENT,10:12:47,10:13:33,46,AVNI
AA0206,49994,0,0,NW,990914,10:20:23,10:20:32,9,10:20:32,10:25:11,279,AGENT,10:25:10,10:27:46,156,GOLDIE
AA0206,49995,31912298,1,PS,990914,10:31:30,10:31:36,6,10:31:36,10:31:58,22,AGENT,10:31:57,10:32:45,48,TOVA
AA0206,49996,57918849,1,NE,990914,10:37:16,10:37:22,6,10:37:22,10:42:12,290,AGENT,10:42:10,10:44:15,125,TOVA
AA0206,49997,0,0,PS,990914,10:48:05,10:48:16,11,0:00:00,0:00:00,0,AGENT,10:48:15,10:48:47,32,DARMON
AA0206,49998,10743086,2,PS,990914,10:59:53,10:59:59,6,10:59:59,11:00:42,43,AGENT,11:00:41,11:02:27,106,MORIAH
AA0206,49999,52867744,2,PS,990914,11:07:02,11:07:08,6,11:07:08,11:08:24,76,AGENT,11:08:23,11:19:15,652,ANAT
AA0206,50000,24981300,2,PS,990914,11:16:09,11:16:15,6,11:16:15,11:16:55,40,AGENT,11:16:54,11:25:09,495,DARMON
AA0206,50001,0,0,PS,990914,11:27:40,11:27:49,9,0:00:00,0:00:00,0,AGENT,11:27:48,11:28:51,63,DARMON
AA0206,50002,0,0,NE,990914,11:40:25,11:40:38,13,0:00:00,0:00:00,0,AGENT,11:40:38,11:45:25,287,BASCH
AA0206,50003,54704028,2,PS,990914,11:49:06,11:49:11,5,11:49:11,11:49:22,11,HANG,0:00:00,0:00:00,0,NO_SERVER
AA0206,50004,52031556,2,PS,990914,11:54:23,11:54:29,6,11:54:29,11:56:55,146,AGENT,11:56:54,11:56:56,2,YIFAT
AA0206,50005,69604411,2,NE,990914,12:04:15,12:04:21,6,12:04:21,12:04:51,30,AGENT,12:04:49,12:07:07,138,TOVA
AA0206,50006,5532700,2,PS,990914,12:13:09,12:13:15,6,12:13:15,12:13:21,6,AGENT,12:13:20,12:15:48,148,ANAT
AA0206,50007,0,0,NW,990914,12:23:59,12:24:08,9,12:24:08,12:26:51,163,HANG,0:00:00,0:00:00,0,NO_SERVER
AA0206,50008,58266750,2,PS,990914,12:36:03,12:36:08,5,12:36:08,12:38:03,115,AGENT,12:37:34,12:40:10,156,ANAT
AA0206,50009,0,0,PS,990914,12:48:06,12:48:16,10,0:00:00,0:00:00,0,AGENT,12:48:15,12:51:38,203,YIFAT
AA0206,50010,0,0,NW,990914,13:03:12,13:03:21,9,13:03:21,13:10:26,425,AGENT,13:10:25,13:16:08,343,AVNI
AA0206,50011,0,0,NE,990914,13:26:54,13:27:03,9,0:00:00,0:00:00,0,AGENT,13:27:02,13:34:45,463,MORIAH
AA0206,50012,59630624,1,NE,990914,13:36:05,13:36:11,6,13:36:11,13:38:15,124,AGENT,13:38:14,13:38:49,35,BASCH
AA0206,50013,0,0,PS,990914,13:47:39,13:47:49,10,0:00:00,0:00:00,0,AGENT,13:47:47,13:49:48,121,KAZAV
AA0206,50015,0,0,PS,990914,13:55:07,13:55:07,0,0:00:00,0:00:00,0,HANG,0:00:00,0:00:00,0,NO_SERVER
AA0206,50016,63193346,2,PS,990914,14:01:49,14:01:54,5,14:01:54,14:08:18,384,AGENT,14:08:17,14:11:08,171,AVNI
AA0206,50017,33966326,1,PS,990914,14:14:01,14:14:07,6,14:14:07,14:15:20,73,HANG,0:00:00,0:00:00,0,NO_SERVER
AA0206,50018,22479612,2,PS,990914,14:22:43,14:22:49,6,14:22:49,14:26:46,237,AGENT,14:26:45,14:28:08,83,AVNI
AA0206,50019,32954356,1,PS,990914,14:35:57,14:36:02,5,14:36:02,14:37:38,96,AGENT,14:37:37,14:45:44,487,ROTH
AA0206,50020,43288190,2,PS,990914,14:43:57,14:44:03,6,14:44:03,14:47:08,185,AGENT,14:47:07,14:49:58,171,BASCH
AA0206,50021,0,0,NW,990914,14:57:32,14:57:41,9,14:57:41,15:01:31,230,AGENT,15:01:31,15:09:52,501,AVNI
AA0206,50022,0,0,NW,990914,15:11:12,15:11:21,9,15:11:21,15:13:49,148,HANG,0:00:00,0:00:00,0,NO_SERVER
AA0206,50023,59597989,1,PS,990914,15:23:14,15:23:20,6,15:23:20,15:26:08,168,AGENT,15:26:07,15:27:28,81,BASCH
AA0206,50024,50688696,2,PS,990914,15:36:04,15:36:10,6,15:36:10,15:37:32,82,AGENT,15:37:31,15:38:21,50,ZOHARI
AA0206,50025,58704610,2,PS,990914,15:45:31,15:45:37,6,15:45:37,15:49:38,241,AGENT,15:49:37,15:54:29,292,KAZAV
AA0206,50026,24024184,2,PS,990914,15:58:58,15:59:03,5,15:59:03,15:59:31,28,AGENT,15:59:30,16:13:38,848,ZOHARI
AA0206,50027,0,0,NW,990914,16:09:33,16:09:46,13,0:00:00,0:00:00,0,AGENT,16:09:45,16:11:35,110,YITZ
AA0206,50028,63193346,2,PS,990914,16:16:14,16:16:19,5,16:16:19,16:16:48,29,AGENT,16:16:47,16:20:05,198,STEREN
AA0206,50029,0,0,PS,990914,16:31:11,16:31:28,17,0:00:00,0:00:00,0,AGENT,16:31:27,16:34:45,198,BENSION
AA0206,50030,0,0,NW,990914,16:40:30,16:40:39,9,16:40:39,16:41:45,66,AGENT,16:41:44,16:42:03,19,ROTH
AA0206,50031,57283434,2,PS,990914,16:53:36,16:53:42,6,16:53:42,16:54:04,22,AGENT,16:54:03,16:54:14,11,BENSION
AA0206,50032,0,0,NW,990914,17:04:28,17:04:41,13,0:00:00,0:00:00,0,AGENT,0:00:00,0:00:00,0,YITZ
AA0206,50033,0,0,PS,990914,17:16:59,17:17:09,10,0:00:00,0:00:00,0,AGENT,17:17:08,17:17:42,34,SHARON
AA0206,50034,0,0,NE,990914,17:35:05,17:35:13,8,0:00:00,0:00:00,0,AGENT,17:35:12,17:35:37,25,ZOHARI
AA0206,50035,0,0,NE,990914,17:47:40,17:47:49,9,0:00:00,0:00:00,0,AGENT,17:47:48,17:56:26,518,SHARON
AA0206,50036,0,0,PS,990914,18:04:23,18:04:38,15,0:00:00,0:00:00,0,AGENT,18:04:38,18:07:14,156,NAAMA
AA0206,50037,0,0,NW,990914,18:20:33,18:20:47,14,0:00:00,0:00:00,0,AGENT,18:20:46,18:28:22,456,YITZ
AA0206,50038,0,0,PS,990914,18:36:56,18:37:08,12,0:00:00,0:00:00,0,AGENT,18:37:08,18:38:21,73,SHARON
AA0206,50039,0,0,PS,990914,18:51:29,18:51:39,10,0:00:00,0:00:00,0,AGENT,18:51:38,18:55:26,228,ROTH
AA0206,50040,0,0,PS,990914,19:09:30,19:09:46,16,0:00:00,0:00:00,0,AGENT,19:09:45,19:13:13,208,BENSION
AA0206,50041,0,0,PS,990914,19:30:51,19:31:06,15,0:00:00,0:00:00,0,AGENT,19:31:05,19:32:34,89,NAAMA
AA0206,50042,0,0,PS,990914,19:45:25,19:45:33,8,0:00:00,0:00:00,0,AGENT,19:45:33,19:46:41,68,ROTH
AA0206,50043,11154804,2,PS,990914,20:07:22,20:07:27,5,20:07:27,20:08:07,40,AGENT,20:08:07,20:08:46,39,ROTH
AA0206,50044,0,0,PS,990914,20:27:36,20:27:53,17,0:00:00,0:00:00,0,AGENT,20:27:52,20:28:34,42,BENSION
AA0206,50045,0,0,PS,990914,20:49:51,20:50:07,16,0:00:00,0:00:00,0,AGENT,20:50:06,20:51:22,76,NAAMA
AA0206,50046,0,0,PS,990914,21:17:36,21:17:52,16,0:00:00,0:00:00,0,AGENT,21:17:51,21:18:50,59,BENSION
AA0206,50047,15239874,2,PS,990914,21:34:59,21:35:05,6,21:35:05,21:35:21,16,AGENT,21:35:21,21:38:34,193,ROTH
AA0206,50048,0,0,PS,990914,21:51:06,21:51:19,13,0:00:00,0:00:00,0,AGENT,21:51:18,21:54:33,195,SHARON
AA0206,50049,0,0,PS,990914,22:12:53,22:13:09,16,0:00:00,0:00:00,0,AGENT,22:13:08,22:14:06,58,BENSION
AA0206,50050,0,0,NW,990914,22:38:31,22:38:46,15,0:00:00,0:00:00,0,AGENT,22:38:46,22:38:56,10,SHARON
AA0206,50051,0,0,NW,990914,23:13:31,23:13:51,20,0:00:00,0:00:00,0,AGENT,23:13:50,23:15:19,89,BENSION
AA0206,50052,0,0,PS,990914,23:40:12,23:40:21,9,0:00:00,0:00:00,0,AGENT,23:40:20,23:41:57,97,STEREN
AA0206,50053,0,0,PS,990915,4:01:08,4:01:41,33,0:00:00,0:00:00,0,HANG,0:00:00,0:00:00,0,NO_SERVER
AA0206,50054,0,0,NW,990915,7:26:01,7:26:22,21,0:00:00,0:00:00,0,HANG,0:00:00,0:00:00,0,NO_SERVER
AA0206,50055,0,0,NW,990915,7:56:27,7:56:37,10,7:56:37,7:57:47,70,AGENT,7:57:46,7:57:52,6,SHARON
AA0206,50056,0,0,PS,990915,8:17:36,8:17:51,15,0:00:00,0:00:00,0,AGENT,8:17:50,8:21:49,239,ZOHARI
AA0206,50057,3171675,2,PS,990915,8:31:09,8:31:14,5,8:31:14,8:33:13,119,AGENT,8:33:12,8:34:15,63,SHARON
AA0206,50058,27974260,1,PS,990915,8:44:58,8:45:04,6,8:45:04,8:45:49,45,HANG,0:00:00,0:00:00,0,NO_SERVER
AA0206,50059,0,0,NW,990915,8:56:01,8:56:05,4,0:00:00,0:00:00,0,HANG,0:00:00,0:00:00,0,NO_SERVER
AA0206,50060,7915192,2,PS,990915,9:07:14,9:07:20,6,9:07:20,9:08:03,43,AGENT,9:08:02,9:09:27,85,VICKY
AA0206,50061,13303862,1,PS,990915,9:13:01,9:13:07,6,9:13:07,9:13:18,11,AGENT,9:13:17,9:13:18,1,YIFAT
AA0206,50062,0,0,PS,990915,9:24:42,9:24:52,10,0:00:00,0:00:00,0,AGENT,9:24:51,9:29:18,267,DORIT
AA0206,50063,0,0,PS,990915,9:38:32,9:38:48,16,0:00:00,0:00:00,0,AGENT,9:38:47,9:40:06,79,STEREN
AA0206,50064,0,0,PS,990915,9:48:38,9:48:47,9,0:00:00,0:00:00,0,AGENT,9:48:46,9:49:30,44,VICKY
AA0206,50065,0,0,NE,990915,9:57:42,9:57:52,10,0:00:00,0:00:00,0,AGENT,9:57:51,9:58:02,11,KAZAV
AA0206,50066,52867744,2,NE,990915,10:08:25,10:08:30,5,10:08:30,10:08:34,4,AGENT,10:08:33,10:13:19,286,STEREN
AA0206,50067,51929339,2,NE,990915,10:15:54,10:15:59,5,10:15:59,10:16:45,46,AGENT,10:16:44,10:20:35,231,ELI
AA0206,50068,74780917,2,NE,990915,10:23:37,10:23:43,6,10:23:43,10:24:19,36,AGENT,10:24:19,10:27:44,205,VICKY
AA0206,50069,25124181,2,NE,990915,10:31:36,10:31:42,6,10:31:42,10:31:57,15,AGENT,10:31:56,10:36:26,270,VICKY
AA0206,50070,57422487,2,PS,990915,10:39:29,10:39:35,6,10:39:35,10:40:09,34,AGENT,10:40:08,10:41:42,94,ZOHARI
AA0206,50071,0,0,PS,990915,10:48:38,10:48:46,8,0:00:00,0:00:00,0,AGENT,10:48:45,10:51:33,168,STEREN
AA0206,50072,0,0,NW,990915,10:56:20,10:56:33,13,0:00:00,0:00:00,0,AGENT,10:56:32,10:56:56,24,GOLDIE
AA0206,50073,22263115,2,PS,990915,11:06:43,11:06:48,5,11:06:48,11:07:02,14,AGENT,11:07:01,11:07:30,29,YIFAT
AA0206,50074,0,0,PS,990915,11:15:13,11:15:23,10,0:00:00,0:00:00,0,AGENT,11:15:21,11:17:04,103,STEREN
AA0206,50075,43288190,2,PS,990915,11:27:11,11:27:17,6,11:27:17,11:27:30,13,AGENT,11:27:30,11:29:54,144,DORIT
AA0206,50076,24927717,1,PS,990915,11:34:02,11:34:08,6,11:34:08,11:34:26,18,HANG,0:00:00,0:00:00,0,NO_SERVER
AA0206,50077,0,0,PS,990915,11:49:47,11:49:55,8,0:00:00,0:00:00,0,AGENT,11:49:55,11:54:44,289,AVNI
AA0206,50078,0,0,PS,990915,12:02:06,12:02:15,9,0:00:00,0:00:00,0,AGENT,12:02:14,12:05:41,207,KAZAV
AA0206,50079,0,0,PS,990915,12:14:21,12:14:31,10,0:00:00,0:00:00,0,AGENT,12:14:30,12:15:09,39,DORIT
AA0206,50080,0,0,PS,990915,12:24:35,12:24:49,14,0:00:00,0:00:00,0,AGENT,12:24:48,12:27:18,150,ZOHARI
AA0206,50081,0,0,NW,990915,12:38:18,12:38:24,6,0:00:00,0:00:00,0,HANG,0:00:00,0:00:00,0,NO_SERVER
AA0206,50082,0,0,PS,990915,12:52:28,12:52:37,9,0:00:00,0:00:00,0,AGENT,12:52:36,12:57:46,310,ROTH
AA0206,50083,0,0,NE,990915,13:06:20,13:06:28,8,0:00:00,0:00:00,0,AGENT,13:06:27,13:07:21,54,ROTH
AA0206,50084,0,0,NW,990915,13:15:05,13:15:14,9,13:15:14,13:18:35,201,HANG,0:00:00,0:00:00,0,NO_SERVER
AA0206,50085,0,0,PS,990915,13:30:59,13:31:12,13,0:00:00,0:00:00,0,AGENT,13:31:11,13:32:16,65,VICKY
AA0206,50086,0,0,PS,990915,13:46:02,13:46:11,9,0:00:00,0:00:00,0,AGENT,13:46:10,13:57:59,709,ROTH
AA0206,50087,58706086,2,PS,990915,13:57:28,13:57:34,6,13:57:34,13:57:48,14,AGENT,13:57:47,13:57:50,3,MORIAH
AA0206,50088,0,0,PS,990915,14:06:53,14:07:01,8,0:00:00,0:00:00,0,AGENT,14:07:01,14:07:51,50,DORIT
AA0206,50089,0,0,PS,990915,14:18:22,14:18:31,9,0:00:00,0:00:00,0,AGENT,14:18:30,14:26:11,461,AVNI
AA0206,50090,0,0,PS,990915,14:31:16,14:31:27,11,0:00:00,0:00:00,0,AGENT,14:31:26,14:35:53,267,DORIT
AA0206,50091,41546904,2,NE,990915,14:40:33,14:40:39,6,14:40:39,14:40:54,15,AGENT,14:40:54,14:44:27,213,KAZAV
AA0206,50092,0,0,PS,990915,14:47:12,14:47:21,9,0:00:00,0:00:00,0,AGENT,14:47:20,14:48:27,67,GOLDIE
AA0206,50093,0,0,PS,990915,14:58:18,14:58:27,9,0:00:00,0:00:00,0,AGENT,14:58:26,14:59:07,41,STEREN
AA0206,50094,0,0,NW,990915,15:09:51,15:10:00,9,15:10:00,15:11:07,67,AGENT,15:11:06,15:11:09,3,MORIAH
AA0206,50095,52120771,1,PS,990915,15:16:33,15:16:38,5,15:16:38,15:16:47,9,HANG,0:00:00,0:00:00,0,NO_SERVER
AA0206,50096,33146341,1,PS,990915,15:25:10,15:25:15,5,15:25:15,15:25:27,12,AGENT,15:25:26,15:26:40,74,BASCH
AA0206,50097,29003860,1,PS,990915,15:31:53,15:31:59,6,15:31:59,15:32:39,40,HANG,0:00:00,0:00:00,0,NO_SERVER
AA0206,50098,63193346,2,PS,990915,15:37:27,15:37:33,6,15:37:33,15:37:54,21,AGENT,15:37:53,15:37:56,3,MORIAH
AA0206,50099,0,0,PS,990915,15:44:21,15:44:31,10,0:00:00,0:00:00,0,AGENT,15:44:30,15:45:35,65,AVNI
AA0206,50100,0,0,PS,990915,15:56:52,15:57:01,9,0:00:00,0:00:00,0,AGENT,15:56:59,16:00:02,183,AVNI
AA0206,50101,0,0,PS,990915,16:05:00,16:05:10,10,0:00:00,0:00:00,0,AGENT,16:05:10,16:05:44,34,BASCH
AA0206,50102,0,0,PS,990915,16:19:28,16:19:39,11,0:00:00,0:00:00,0,AGENT,16:19:38,16:19:38,0,ANAT
AA0206,50103,0,0,PS,990915,16:33:57,16:34:07,10,0:00:00,0:00:00,0,AGENT,16:34:07,16:35:22,75,GOLDIE
AA0206,50104,0,0,NW,990915,16:43:35,16:43:55,20,0:00:00,0:00:00,0,AGENT,16:43:54,16:44:42,48,BENSION
AA0206,50105,0,0,PS,990915,16:57:00,16:57:17,17,0:00:00,0:00:00,0,AGENT,16:57:16,16:58:22,66,BENSION
AA0206,50106,0,0,NE,990915,17:14:20,17:14:28,8,0:00:00,0:00:00,0,AGENT,17:14:28,17:14:31,3,MORIAH
AA0206,50107,0,0,PS,990915,17:31:11,17:31:20,9,0:00:00,0:00:00,0,AGENT,17:31:19,17:32:50,91,BASCH
AA0206,50108,0,0,PS,990915,17:46:57,17:47:05,8,0:00:00,0:00:00,0,AGENT,17:47:05,17:48:52,107,AVI
AA0206,50109,0,0,PS,990915,18:09:08,18:09:18,10,0:00:00,0:00:00,0,AGENT,18:09:18,18:09:50,32,BASCH
AA0206,50110,0,0,PS,990915,18:27:01,18:27:12,11,0:00:00,0:00:00,0,AGENT,18:27:12,18:31:37,265,ANAT
AA0206,50111,0,0,PS,990915,18:45:33,18:45:48,15,0:00:00,0:00:00,0,AGENT,18:45:47,18:50:32,285,BENSION
AA0206,50112,0,0,NW,990915,18:57:35,18:57:48,13,0:00:00,0:00:00,0,AGENT,18:57:47,18:59:09,82,YITZ
AA0206,50113,0,0,NW,990915,19:19:06,19:19:19,13,0:00:00,0:00:00,0,AGENT,19:19:18,19:19:47,29,MORIAH
AA0206,50114,0,0,PS,990915,19:44:20,19:44:34,14,0:00:00,0:00:00,0,AGENT,19:44:33,19:44:46,13,AVI
AA0206,50115,0,0,NW,990915,20:08:18,20:08:35,17,0:00:00,0:00:00,0,AGENT,20:08:34,20:08:45,11,BENSION
AA0206,50116,0,0,NW,990915,20:25:56,20:26:11,15,0:00:00,0:00:00,0,AGENT,20:26:10,20:27:02,52,YITZ
AA0206,50117,0,0,PS,990915,20:45:18,20:45:27,9,0:00:00,0:00:00,0,AGENT,20:45:27,20:47:06,99,AVI
AA0206,50118,0,0,NW,990915,21:00:02,21:00:10,8,0:00:00,0:00:00,0,HANG,0:00:00,0:00:00,0,NO_SERVER
AA0206,50119,0,0,NW,990915,21:21:56,21:22:09,13,0:00:00,0:00:00,0,AGENT,21:22:08,21:29:04,416,AVI
AA0206,50120,0,0,NW,990915,21:37:57,21:38:07,10,21:38:07,21:39:30,83,AGENT,21:39:29,21:39:51,22,AVI
AA0206,50121,0,0,NW,990915,21:55:18,21:55:28,10,21:55:28,21:55:29,1,HANG,0:00:00,0:00:00,0,NO_SERVER
AA0206,50122,0,0,PS,990915,22:13:44,22:14:11,27,0:00:00,0:00:00,0,AGENT,22:14:11,22:16:25,134,AVI
AA0206,50123,0,0,PS,990915,22:40:23,22:40:39,16,0:00:00,0:00:00,0,AGENT,22:40:38,22:43:01,143,AVI
AA0206,50124,0,0,PS,990915,23:13:00,23:13:12,12,0:00:00,0:00:00,0,AGENT,23:13:12,23:16:01,169,BENSION
AA0206,50125,0,0,PS,990915,23:54:16,23:54:29,13,0:00:00,0:00:00,0,AGENT,23:54:28,23:59:17,289,AVI
AA0206,50126,0,0,PS,990916,3:40:06,3:40:23,17,0:00:00,0:00:00,0,HANG,0:00:00,0:00:00,0,NO_SERVER
AA0206,50127,0,0,PS,990916,7:25:51,7:26:05,14,0:00:00,0:00:00,0,AGENT,7:26:04,7:29:13,189,ZOHARI
AA0206,50128,0,0,PS,990916,7:51:39,7:51:53,14,0:00:00,0:00:00,0,AGENT,7:51:52,7:54:02,130,YIFAT
AA0206,50129,0,0,PS,990916,8:11:38,8:11:47,9,0:00:00,0:00:00,0,AGENT,8:11:46,8:16:05,259,TOVA
AA0206,50130,0,0,NW,990916,8:23:57,8:24:07,10,8:24:07,8:25:05,58,AGENT,8:25:04,8:26:09,65,MORIAH
AA0206,50131,0,0,PS,990916,8:42:00,8:42:11,11,0:00:00,0:00:00,0,AGENT,8:42:10,8:50:38,508,ANAT
AA0206,50132,0,0,PS,990916,8:51:03,8:51:12,9,0:00:00,0:00:00,0,AGENT,8:51:11,8:53:07,116,TOVA
AA0206,50133,0,0,PS,990916,9:03:55,9:04:04,9,0:00:00,0:00:00,0,AGENT,9:04:03,9:06:33,150,DORIT
AA0206,50134,846659,2,PS,990916,9:12:34,9:12:39,5,9:12:39,9:13:46,67,AGENT,9:13:45,9:14:40,55,TOVA
AA0206,50135,0,0,PS,990916,9:22:55,9:23:09,14,0:00:00,0:00:00,0,AGENT,9:23:08,9:26:06,178,DORIT
AA0206,50136,0,0,PS,990916,9:41:33,9:41:43,10,0:00:00,0:00:00,0,AGENT,9:41:42,9:42:39,57,KAZAV
AA0206,50137,0,0,PS,990916,9:52:05,9:52:18,13,0:00:00,0:00:00,0,AGENT,9:52:17,9:54:28,131,TOVA
AA0206,50138,0,0,NW,990916,10:02:19,10:02:33,14,0:00:00,0:00:00,0,AGENT,10:02:32,10:03:06,34,MORIAH
AA0206,50139,52867744,2,NE,990916,10:12:59,10:13:05,6,10:13:05,10:13:36,31,AGENT,10:13:35,10:18:59,324,MORIAH
AA0206,50140,50850429,2,PS,990916,10:20:24,10:20:29,5,10:20:29,10:20:41,12,AGENT,10:20:40,10:20:47,7,KAZAV
AA0206,50141,69078681,1,PS,990916,10:26:23,10:26:29,6,10:26:29,10:26:38,9,HANG,0:00:00,0:00:00,0,NO_SERVER
AA0206,50142,0,0,NW,990916,10:30:37,10:30:46,9,10:30:46,10:35:06,260,AGENT,10:35:05,10:36:34,89,ROTH
AA0206,50143,0,0,NE,990916,10:44:01,10:44:13,12,0:00:00,0:00:00,0,AGENT,10:44:13,10:47:11,178,ELI
AA0206,50144,58355926,1,PS,990916,10:56:18,10:56:23,5,10:56:23,10:57:12,49,AGENT,10:57:11,10:59:50,159,KAZAV
AA0206,50145,0,0,PS,990916,11:11:13,11:11:25,12,0:00:00,0:00:00,0,AGENT,11:11:23,11:24:40,797,DORIT
AA0206,50146,0,0,PS,990916,11:21:39,11:21:49,10,0:00:00,0:00:00,0,AGENT,11:21:47,11:25:11,204,KAZAV
AA0206,50147,0,0,NE,990916,11:32:39,11:32:48,9,0:00:00,0:00:00,0,AGENT,11:32:47,11:36:49,242,ANAT
AA0206,50148,0,0,PS,990916,11:48:08,11:48:17,9,0:00:00,0:00:00,0,AGENT,11:48:16,11:51:21,185,TOVA
AA0206,50149,0,0,PS,990916,11:58:47,11:58:57,10,0:00:00,0:00:00,0,AGENT,11:58:55,12:01:30,155,ROTH
AA0206,50150,0,0,PS,990916,12:08:14,12:08:23,9,0:00:00,0:00:00,0,AGENT,12:08:22,12:10:09,107,ROTH
AA0206,50151,59757948,2,PS,990916,12:18:20,12:18:26,6,12:18:26,12:19:43,77,AGENT,12:19:42,12:20:46,64,ROTH
AA0206,50152,0,0,PS,990916,12:30:28,12:30:37,9,0:00:00,0:00:00,0,AGENT,12:30:37,12:32:00,83,ANAT
AA0206,50153,0,0,NW,990916,12:48:51,12:49:05,14,0:00:00,0:00:00,0,AGENT,12:49:04,12:51:23,139,KAZAV
AA0206,50154,0,0,NW,990916,12:59:19,12:59:28,9,12:59:28,12:59:34,6,AGENT,12:59:33,12:59:35,2,MORIAH
AA0206,50155,59630624,1,NE,990916,13:09:50,13:09:56,6,13:09:56,13:12:34,158,HANG,0:00:00,0:00:00,0,NO_SERVER
AA0206,50156,63730469,1,PS,990916,13:21:38,13:21:44,6,13:21:44,13:24:18,154,AGENT,13:24:16,13:24:49,33,ROTH
AA0206,50157,65429474,2,PS,990916,13:31:32,13:31:38,6,13:31:38,13:32:22,44,AGENT,13:32:22,13:37:32,310,GOLDIE
AA0206,50158,69020915,2,PS,990916,13:41:35,13:41:41,6,13:41:41,13:41:50,9,AGENT,13:41:49,13:44:15,146,ANAT
AA0206,50159,4187381,2,NE,990916,13:53:20,13:53:26,6,13:53:26,13:53:58,32,AGENT,13:53:57,13:56:28,151,MORIAH
AA0206,50160,0,0,NW,990916,14:04:43,14:04:52,9,14:04:52,14:08:47,235,AGENT,14:08:46,14:08:53,7,GOLDIE
AA0206,50161,24927717,1,PS,990916,14:13:32,14:13:38,6,14:13:38,14:15:49,131,AGENT,14:15:48,14:18:02,134,ROTH
AA0206,50162,0,0,NW,990916,14:27:05,14:27:14,9,14:27:14,14:30:10,176,HANG,0:00:00,0:00:00,0,NO_SERVER
AA0206,50163,78191137,2,PS,990916,14:39:28,14:39:34,6,14:39:34,14:39:39,5,AGENT,14:39:39,14:42:09,150,KAZAV
AA0206,50164,52896875,2,PS,990916,14:50:25,14:50:30,5,14:50:30,14:51:21,51,AGENT,14:51:19,14:53:08,109,STEREN
AA0206,50165,0,0,PS,990916,14:55:29,14:55:38,9,0:00:00,0:00:00,0,AGENT,14:55:37,14:55:56,19,DORIT
AA0206,50166,3729423,1,PS,990916,15:03:38,15:03:44,6,15:03:44,15:05:36,112,HANG,0:00:00,0:00:00,0,NO_SERVER
AA0206,50167,25115155,1,PS,990916,15:11:02,15:11:08,6,15:11:08,15:11:20,12,HANG,0:00:00,0:00:00,0,NO_SERVER
AA0206,50168,22532980,2,PS,990916,15:17:17,15:17:23,6,15:17:23,15:25:01,458,AGENT,15:25:00,15:25:05,5,KAZAV
AA0206,50169,0,0,NW,990916,15:31:42,15:31:51,9,15:31:51,15:38:17,386,HANG,0:00:00,0:00:00,0,NO_SERVER
AA0206,50170,0,0,NW,990916,15:46:12,15:46:22,10,15:46:22,15:46:58,36,HANG,0:00:00,0:00:00,0,NO_SERVER
AA0206,50171,33582685,1,PS,990916,15:54:09,15:54:14,5,15:54:14,15:54:26,12,HANG,0:00:00,0:00:00,0,NO_SERVER
AA0206,50172,38238598,2,PS,990916,15:59:56,16:00:02,6,16:00:02,16:00:29,27,HANG,0:00:00,0:00:00,0,NO_SERVER
AA0206,50173,0,0,PS,990916,16:09:28,16:09:41,13,0:00:00,0:00:00,0,AGENT,16:09:41,16:11:22,101,STEREN
AA0206,50174,0,0,PS,990916,16:21:46,16:21:55,9,0:00:00,0:00:00,0,AGENT,16:21:55,16:22:12,17,STEREN
AA0206,50175,17707142,2,PS,990916,16:36:49,16:36:54,5,16:36:54,16:37:10,16,AGENT,16:36:59,16:56:24,1165,ROTH
AA0206,50176,56152374,2,PS,990916,16:46:25,16:46:31,6,16:46:31,16:47:04,33,AGENT,16:47:03,16:49:21,138,VICKY
AA0206,50177,24927717,1,PS,990916,16:58:42,16:58:47,5,16:58:47,16:58:55,8,HANG,0:00:00,0:00:00,0,NO_SERVER
AA0206,50178,0,0,PS,990916,17:15:42,17:15:51,9,0:00:00,0:00:00,0,AGENT,17:15:50,17:17:30,100,GILI
AA0206,50179,8767790,2,PS,990916,17:28:19,17:28:25,6,17:28:25,17:28:45,20,AGENT,17:28:44,17:36:05,441,VICKY
AA0206,50180,0,0,NW,990916,17:49:07,17:49:11,4,0:00:00,0:00:00,0,HANG,0:00:00,0:00:00,0,NO_SERVER
AA0206,50181,0,0,PS,990916,18:11:55,18:12:09,14,0:00:00,0:00:00,0,AGENT,18:12:08,18:17:03,295,AVI
AA0206,50182,34927137,1,PS,990916,18:32:20,18:32:26,6,18:32:26,18:34:26,120,AGENT,18:34:25,18:34:57,32,VICKY
AA0206,50183,0,0,PS,990916,19:02:50,19:02:59,9,0:00:00,0:00:00,0,AGENT,19:02:58,19:03:58,60,GILI
AA0206,50184,0,0,PS,990916,19:17:05,19:17:14,9,0:00:00,0:00:00,0,AGENT,19:17:13,19:20:23,190,GILI
AA0206,50185,29456217,1,NE,990916,19:33:50,19:33:56,6,19:33:56,19:34:25,29,AGENT,19:34:25,19:37:18,173,STEREN
AA0206,50186,0,0,NW,990916,20:03:09,20:03:23,14,0:00:00,0:00:00,0,AGENT,20:03:23,20:03:48,25,VICKY
AA0206,50187,0,0,PS,990916,20:36:09,20:36:19,10,0:00:00,0:00:00,0,AGENT,20:36:18,20:38:38,140,VICKY
AA0206,50188,0,0,NE,990916,21:07:44,21:07:54,10,0:00:00,0:00:00,0,AGENT,21:07:53,21:09:08,75,MEIR
AA0206,50189,0,0,PS,990916,21:43:41,21:43:56,15,0:00:00,0:00:00,0,AGENT,21:43:55,21:50:52,417,AVI
AA0206,50190,3652195,2,PS,990916,22:05:13,22:05:19,6,22:05:19,22:11:28,369,AGENT,22:11:27,22:19:09,462,VICKY
AA0206,50191,25740853,1,PS,990916,22:27:06,22:27:12,6,22:27:12,22:29:07,115,AGENT,22:29:06,22:37:56,530,AVNI
AA0206,50192,9954751,2,PS,990916,23:00:31,23:00:37,6,23:00:37,23:01:49,72,AGENT,23:01:48,23:03:10,82,VICKY
AA0206,50193,0,0,PS,990916,23:46:56,23:47:21,25,0:00:00,0:00:00,0,AGENT,23:47:20,23:49:12,112,VICKY
AA0206,50194,0,0,PS,990917,4:17:58,4:18:15,17,0:00:00,0:00:00,0,HANG,0:00:00,0:00:00,0,NO_SERVER
AA0206,50195,0,0,PS,990917,7:36:51,7:37:04,13,0:00:00,0:00:00,0,AGENT,7:37:03,7:40:57,234,SHARON
AA0206,50196,0,0,PS,990917,8:09:26,8:09:35,9,0:00:00,0:00:00,0,AGENT,8:09:34,8:10:26,52,SHARON
AA0206,50197,0,0,PS,990917,8:26:55,8:27:09,14,0:00:00,0:00:00,0,AGENT,8:27:08,8:28:56,108,SHARON
AA0206,50198,33730805,2,PS,990917,8:44:30,8:44:35,5,8:44:35,8:45:50,75,AGENT,8:45:50,8:45:50,0,BENSION
AA0206,50199,12482634,2,NE,990917,8:51:59,8:52:04,5,8:52:04,8:54:40,156,HANG,0:00:00,0:00:00,0,NO_SERVER
AA0206,50200,27135458,2,PS,990917,9:06:37,9:06:43,6,9:06:43,9:06:59,16,AGENT,9:06:58,9:08:02,64,BENSION
AA0206,50201,847012,2,PS,990917,9:22:54,9:23:00,6,9:23:00,9:23:51,51,AGENT,9:23:50,9:25:19,89,STEREN
AA0206,50202,0,0,NE,990917,9:39:03,9:39:12,9,0:00:00,0:00:00,0,AGENT,9:39:11,9:39:15,4,MORIAH
AA0206,50203,24082448,2,PS,990917,9:48:35,9:48:41,6,9:48:41,9:48:59,18,AGENT,9:48:57,9:51:49,172,BENSION
AA0206,50204,0,0,NW,990917,10:00:37,10:00:47,10,10:00:47,10:03:03,136,HANG,0:00:00,0:00:00,0,NO_SERVER
AA0206,50205,17942244,1,PS,990917,10:16:04,10:16:10,6,10:16:10,10:18:31,141,AGENT,10:18:30,10:20:33,123,SHARON
AA0206,50206,37691920,1,PS,990917,10:36:39,10:36:45,6,10:36:45,10:36:50,5,AGENT,10:36:49,10:39:22,153,SHARON
AA0206,50207,0,0,PS,990917,10:56:17,10:56:28,11,0:00:00,0:00:00,0,AGENT,10:56:28,10:57:34,66,SHARON
AA0206,50208,0,0,PS,990917,11:11:44,11:11:53,9,0:00:00,0:00:00,0,AGENT,11:11:51,11:12:28,37,SHARON
AA0206,50209,25115791,1,PS,990917,11:28:07,11:28:12,5,11:28:12,11:28:21,9,AGENT,11:28:19,11:29:42,83,MORIAH
AA0206,50210,0,0,PS,990917,11:48:04,11:48:28,24,0:00:00,0:00:00,0,AGENT,11:48:28,11:48:29,1,MORIAH
AA0206,50211,0,0,PS,990917,12:13:26,12:13:42,16,0:00:00,0:00:00,0,AGENT,12:13:40,12:20:38,418,BENSION
AA0206,50212,0,0,NE,990917,12:30:10,12:30:19,9,0:00:00,0:00:00,0,AGENT,12:30:18,12:32:42,144,SHARON
AA0206,50213,0,0,PS,990917,13:01:38,13:01:51,13,0:00:00,0:00:00,0,AGENT,13:01:50,13:03:21,91,BENSION
AA0206,50214,0,0,PS,990917,13:25:33,13:26:11,38,0:00:00,0:00:00,0,HANG,0:00:00,0:00:00,0,NO_SERVER
AA0206,50216,0,0,PS,990917,14:07:19,14:07:19,0,0:00:00,0:00:00,0,HANG,0:00:00,0:00:00,0,NO_SERVER
AA0206,50217,0,0,PS,990917,15:07:43,15:08:00,17,0:00:00,0:00:00,0,HANG,0:00:00,0:00:00,0,NO_SERVER
AA0206,50218,0,0,NW,990917,19:36:21,19:36:31,10,0:00:00,0:00:00,0,HANG,0:00:00,0:00:00,0,NO_SERVER
AA0206,50219,0,0,PS,990918,18:57:30,18:57:52,22,0:00:00,0:00:00,0,HANG,0:00:00,0:00:00,0,NO_SERVER
AA0206,50220,0,0,PS,990918,19:53:10,19:53:19,9,0:00:00,0:00:00,0,AGENT,19:53:18,19:57:55,277,AVI
AA0206,50221,0,0,PS,990918,20:34:02,20:34:11,9,0:00:00,0:00:00,0,AGENT,20:34:10,20:34:51,41,DORIT
AA0206,50222,0,0,PS,990918,21:00:54,21:01:03,9,0:00:00,0:00:00,0,AGENT,21:01:02,21:02:51,109,DORIT
AA0206,50223,0,0,NE,990918,21:42:55,21:43:13,18,0:00:00,0:00:00,0,AGENT,21:43:13,21:47:38,265,AVI
AA0206,50224,0,0,NW,990918,22:13:10,22:13:19,9,22:13:19,22:14:53,94,AGENT,22:14:52,22:16:46,114,ROTH
AA0206,50225,0,0,PS,990918,23:25:45,23:25:55,10,0:00:00,0:00:00,0,AGENT,23:25:55,23:26:06,11,DORIT
AA0206,50226,0,0,NW,990919,3:29:28,3:30:24,56,0:00:00,0:00:00,0,HANG,0:00:00,0:00:00,0,NO_SERVER
AA0206,50227,0,0,PS,990919,7:38:53,7:39:03,10,0:00:00,0:00:00,0,AGENT,7:39:02,7:40:22,80,MORIAH
AA0206,50228,0,0,PS,990919,7:57:41,7:57:50,9,0:00:00,0:00:00,0,AGENT,7:57:49,7:59:14,85,ROTH
AA0206,50229,0,0,NW,990919,8:14:30,8:14:39,9,8:14:39,8:14:50,11,AGENT,8:14:49,8:15:10,21,MORIAH
AA0206,50230,0,0,PS,990919,8:33:51,8:34:03,12,0:00:00,0:00:00,0,AGENT,8:34:03,8:34:04,1,TOVA
AA0206,50231,0,0,PS,990919,8:42:52,8:43:01,9,0:00:00,0:00:00,0,AGENT,8:43:00,8:44:16,76,MORIAH
AA0206,50232,32426736,1,PS,990919,8:54:05,8:54:10,5,8:54:10,8:54:54,44,AGENT,8:54:53,8:55:57,64,GILI
AA0206,50233,0,0,PS,990919,9:05:27,9:05:41,14,0:00:00,0:00:00,0,AGENT,9:05:41,9:07:13,92,TOVA
AA0206,50234,0,0,PS,990919,9:21:17,9:21:26,9,0:00:00,0:00:00,0,AGENT,9:21:25,9:24:34,189,AVNI
AA0206,50235,0,0,PS,990919,9:39:34,9:39:53,19,0:00:00,0:00:00,0,AGENT,9:39:52,9:41:06,74,YIFAT
AA0206,50236,0,0,PS,990919,9:54:49,9:54:58,9,0:00:00,0:00:00,0,AGENT,9:54:57,9:58:09,192,ROTH
AA0206,50237,0,0,PS,990919,10:18:40,10:18:53,13,0:00:00,0:00:00,0,AGENT,10:18:52,10:20:46,114,SHARON
AA0206,50238,0,0,NW,990919,10:52:34,10:52:47,13,0:00:00,0:00:00,0,AGENT,10:52:46,10:53:18,32,MORIAH
AA0206,50239,0,0,PS,990919,11:22:59,11:23:09,10,0:00:00,0:00:00,0,AGENT,11:23:08,11:24:16,68,SHARON
AA0206,50240,0,0,NW,990919,15:53:14,15:53:41,27,0:00:00,0:00:00,0,HANG,0:00:00,0:00:00,0,NO_SERVER
AA0206,50241,0,0,NE,990920,20:41:00,20:41:21,21,0:00:00,0:00:00,0,HANG,0:00:00,0:00:00,0,NO_SERVER
AA0206,50242,0,0,PS,990920,21:22:16,21:22:25,9,0:00:00,0:00:00,0,AGENT,21:22:24,21:23:16,52,SHARON
AA0206,50243,0,0,PS,990920,21:46:22,21:46:30,8,0:00:00,0:00:00,0,AGENT,21:46:29,21:46:33,4,NO_SERVER
AA0206,50244,30936181,2,PS,990920,22:18:36,22:18:42,6,22:18:42,22:19:01,19,AGENT,22:19:01,22:29:30,629,SHARON
AA0206,50245,0,0,PS,990920,22:46:38,22:46:52,14,0:00:00,0:00:00,0,AGENT,22:46:51,22:47:30,39,SHARON
AA0206,50246,28894152,1,PS,990920,23:21:03,23:21:09,6,23:21:09,23:22:13,64,AGENT,23:22:12,23:31:47,575,DORIT
AA0206,50248,0,0,PS,990921,0:54:45,0:54:45,0,0:00:00,0:00:00,0,HANG,0:00:00,0:00:00,0,NO_SERVER
AA0206,50249,0,0,PS,990921,6:31:22,6:31:43,21,0:00:00,0:00:00,0,HANG,0:00:00,0:00:00,0,NO_SERVER
AA0206,50250,0,0,PS,990921,7:24:29,7:24:39,10,0:00:00,0:00:00,0,AGENT,7:24:39,7:30:41,362,DORIT
AA0206,50251,0,0,PS,990921,7:47:29,7:47:41,12,0:00:00,0:00:00,0,AGENT,7:47:41,7:48:04,23,AVI
AA0206,50252,0,0,PS,990921,8:02:46,8:03:08,22,0:00:00,0:00:00,0,AGENT,8:03:07,8:03:26,19,AVI
AA0206,50253,0,0,NW,990921,8:22:26,8:22:39,13,0:00:00,0:00:00,0,AGENT,8:22:38,8:23:30,52,ANAT
AA0206,50254,0,0,NW,990921,8:38:22,8:38:31,9,8:38:31,8:41:08,157,HANG,0:00:00,0:00:00,0,NO_SERVER
AA0206,50255,0,0,NW,990921,8:49:57,8:50:06,9,8:50:06,8:51:52,106,AGENT,8:51:51,8:52:20,29,AVI
AA0206,50256,0,0,PS,990921,9:05:39,9:05:48,9,0:00:00,0:00:00,0,AGENT,9:05:47,9:11:12,325,YIFAT
AA0206,50257,0,0,PS,990921,9:18:28,9:18:38,10,0:00:00,0:00:00,0,AGENT,9:18:36,9:21:29,173,AVNI
AA0206,50258,0,0,PS,990921,9:29:00,9:29:13,13,0:00:00,0:00:00,0,AGENT,9:29:13,9:35:28,375,DORIT
AA0206,50259,0,0,PS,990921,9:38:26,9:38:38,12,0:00:00,0:00:00,0,AGENT,9:38:37,9:39:30,53,DORIT
AA0206,50260,675306,2,NE,990921,9:47:47,9:47:52,5,9:47:52,9:48:04,12,AGENT,9:48:03,9:48:04,1,AVI
AA0206,50262,0,0,PS,990921,9:54:12,9:54:12,0,0:00:00,0:00:00,0,HANG,0:00:00,0:00:00,0,NO_SERVER
AA0206,50263,74780917,2,NE,990921,10:00:33,10:00:39,6,10:00:39,10:00:44,5,AGENT,10:00:42,10:06:17,335,AVNI
AA0206,50264,0,0,NW,990921,10:07:47,10:07:56,9,10:07:56,10:12:19,263,AGENT,10:12:19,10:21:52,573,AVI
AA0206,50265,25246380,2,PS,990921,10:17:10,10:17:16,6,10:17:16,10:18:07,51,AGENT,10:18:05,10:21:49,224,ROTH
AA0206,50266,0,0,PS,990921,10:23:57,10:24:07,10,0:00:00,0:00:00,0,AGENT,10:24:06,10:26:28,142,DORIT
AA0206,50267,0,0,NW,990921,10:33:09,10:33:19,10,10:33:19,10:38:03,284,AGENT,10:38:01,10:43:06,305,AVNI
AA0206,50268,51731149,2,PS,990921,10:46:05,10:46:10,5,10:46:10,10:46:27,17,AGENT,10:46:26,10:48:19,113,ROTH
AA0206,50269,57918849,1,NE,990921,10:54:50,10:54:55,5,10:54:55,10:55:46,51,AGENT,10:55:46,10:55:51,5,MORIAH
AA0206,50270,55669923,1,PS,990921,11:01:02,11:01:08,6,11:01:08,11:01:27,19,AGENT,11:01:26,11:03:42,136,DORIT
AA0206,50271,56660699,2,PS,990921,11:09:37,11:09:43,6,11:09:43,11:09:54,11,AGENT,11:09:53,11:11:27,94,MORIAH
AA0206,50272,0,0,NW,990921,11:17:02,11:17:11,9,11:17:11,11:17:46,35,HANG,0:00:00,0:00:00,0,NO_SERVER
AA0206,50273,55361422,2,PS,990921,11:25:12,11:25:18,6,11:25:18,11:25:46,28,AGENT,11:25:44,11:26:43,59,AVI
AA0206,50274,0,0,PS,990921,11:39:24,11:39:33,9,0:00:00,0:00:00,0,AGENT,11:39:32,11:41:23,111,AVI
AA0206,50275,0,0,PS,990921,11:48:16,11:48:27,11,0:00:00,0:00:00,0,AGENT,11:48:26,11:49:55,89,BASCH
AA0206,50276,0,0,PS,990921,11:58:36,11:58:50,14,0:00:00,0:00:00,0,AGENT,11:58:49,12:01:22,153,MORIAH
AA0206,50277,0,0,PS,990921,12:10:24,12:10:38,14,0:00:00,0:00:00,0,AGENT,12:10:36,12:14:30,234,AVI
AA0206,50278,0,0,NW,990921,12:24:22,12:24:36,14,0:00:00,0:00:00,0,AGENT,12:24:34,12:25:11,37,ANAT
AA0206,50279,0,0,PS,990921,12:33:21,12:33:30,9,0:00:00,0:00:00,0,AGENT,12:33:29,12:38:53,324,KAZAV
AA0206,50280,0,0,PS,990921,12:47:37,12:47:47,10,0:00:00,0:00:00,0,AGENT,12:47:47,12:50:15,148,AVNI
AA0206,50281,0,0,PS,990921,13:05:08,13:05:20,12,0:00:00,0:00:00,0,AGENT,13:05:19,13:06:08,49,MORIAH
AA0206,50282,0,0,NW,990921,13:12:23,13:12:36,13,0:00:00,0:00:00,0,AGENT,13:12:42,13:12:56,14,NO_SERVER
AA0206,50283,0,0,PS,990921,13:28:13,13:28:23,10,0:00:00,0:00:00,0,AGENT,13:28:22,13:32:45,263,BASCH
AA0206,50284,0,0,PS,990921,13:38:15,13:38:24,9,0:00:00,0:00:00,0,AGENT,13:38:23,13:38:27,4,NO_SERVER
AA0206,50285,0,0,PS,990921,13:44:56,13:45:06,10,0:00:00,0:00:00,0,AGENT,13:45:06,13:47:42,156,MORIAH
AA0206,50286,0,0,PS,990921,13:53:23,13:53:32,9,0:00:00,0:00:00,0,AGENT,13:53:31,13:55:56,145,DORIT
AA0206,50287,0,0,NW,990921,14:01:53,14:02:03,10,14:02:03,14:03:22,79,HANG,0:00:00,0:00:00,0,NO_SERVER
AA0206,50288,0,0,PS,990921,14:14:37,14:14:46,9,0:00:00,0:00:00,0,AGENT,14:14:46,14:18:55,249,AVNI
AA0206,50289,0,0,PS,990921,14:25:12,14:25:24,12,0:00:00,0:00:00,0,AGENT,14:25:24,14:25:52,28,BASCH
AA0206,50290,0,0,NW,990921,14:39:12,14:39:25,13,0:00:00,0:00:00,0,AGENT,14:39:24,14:40:48,84,AVI
AA0206,50291,0,0,PS,990921,14:51:00,14:51:09,9,0:00:00,0:00:00,0,AGENT,14:51:09,15:09:57,1128,AVNI
AA0206,50292,54128681,2,PS,990921,15:05:23,15:05:28,5,15:05:28,15:07:18,110,AGENT,15:07:18,15:10:28,190,VICKY
AA0206,50293,0,0,PS,990921,15:16:56,15:17:08,12,0:00:00,0:00:00,0,AGENT,15:17:07,15:17:58,51,VICKY
AA0206,50294,15193808,2,PS,990921,15:23:59,15:24:04,5,15:24:04,15:25:35,91,AGENT,15:25:35,15:35:54,619,AVNI
AA0206,50295,63193346,2,PS,990921,15:33:25,15:33:30,5,15:33:30,15:34:32,62,AGENT,15:34:31,15:34:33,2,TOVA
AA0206,50296,38658449,1,PS,990921,15:41:58,15:42:04,6,15:42:04,15:45:36,212,AGENT,15:45:35,15:46:39,64,ROTH
AA0206,50297,33506544,1,PS,990921,15:53:45,15:53:50,5,15:53:50,15:57:05,195,HANG,0:00:00,0:00:00,0,NO_SERVER
AA0206,50298,78191137,2,PS,990921,16:04:42,16:04:48,6,16:04:48,16:05:44,56,AGENT,16:05:43,16:08:55,192,VICKY
AA0206,50299,0,0,PS,990921,16:13:20,16:13:31,11,0:00:00,0:00:00,0,AGENT,16:13:30,16:16:35,185,GOLDIE
AA0206,50300,0,0,PS,990921,16:24:56,16:25:07,11,0:00:00,0:00:00,0,AGENT,16:25:06,16:31:55,409,TOVA
AA0206,50301,308993187,2,PS,990921,16:37:00,16:37:06,6,16:37:06,16:38:34,88,HANG,0:00:00,0:00:00,0,NO_SERVER
AA0206,50302,0,0,PS,990921,16:57:19,16:57:31,12,0:00:00,0:00:00,0,AGENT,16:57:29,17:02:47,318,ZOHARI
AA0206,50303,0,0,NW,990921,17:11:38,17:11:48,10,17:11:48,17:12:04,16,AGENT,17:12:02,17:13:53,111,YITZ
AA0206,50304,0,0,NW,990921,17:29:20,17:29:33,13,0:00:00,0:00:00,0,AGENT,17:29:33,17:33:13,220,GOLDIE
AA0206,50305,0,0,PS,990921,17:47:51,17:48:08,17,0:00:00,0:00:00,0,AGENT,17:48:08,17:51:02,174,TOVA
AA0206,50306,0,0,PS,990921,18:09:02,18:09:11,9,0:00:00,0:00:00,0,AGENT,18:09:10,18:11:25,135,GOLDIE
AA0206,50307,0,0,PS,990921,18:24:59,18:25:12,13,0:00:00,0:00:00,0,AGENT,18:25:11,18:27:56,165,GOLDIE
AA0206,50308,0,0,PS,990921,18:47:52,18:48:05,13,0:00:00,0:00:00,0,AGENT,18:48:04,18:48:47,43,BENSION
AA0206,50309,0,0,PS,990921,19:09:17,19:09:28,11,0:00:00,0:00:00,0,AGENT,19:09:26,19:09:41,15,YITZ
AA0206,50310,0,0,NE,990921,19:37:30,19:37:40,10,0:00:00,0:00:00,0,AGENT,19:37:38,19:42:13,275,STEREN
AA0206,50311,30597587,2,PS,990921,19:49:56,19:50:02,6,19:50:02,19:51:21,79,AGENT,19:51:21,19:52:08,47,BENSION
AA0206,50312,0,0,PS,990921,20:16:56,20:17:10,14,0:00:00,0:00:00,0,AGENT,20:17:09,20:18:11,62,VICKY
AA0206,50313,0,0,PS,990921,20:39:47,20:40:12,25,0:00:00,0:00:00,0,AGENT,20:40:11,20:41:16,65,VICKY
AA0206,50314,0,0,PS,990921,20:59:36,20:59:53,17,0:00:00,0:00:00,0,AGENT,20:59:48,21:07:55,487,STEREN
AA0206,50315,0,0,PS,990921,21:13:56,21:14:05,9,0:00:00,0:00:00,0,AGENT,21:14:04,21:16:19,135,YITZ
AA0206,50316,0,0,PS,990921,21:39:00,21:39:09,9,0:00:00,0:00:00,0,AGENT,21:39:08,21:42:04,176,GOLDIE
AA0206,50317,22174171,2,PS,990921,21:55:08,21:55:13,5,21:55:13,21:55:22,9,HANG,0:00:00,0:00:00,0,NO_SERVER
AA0206,50318,42672089,2,PS,990921,22:20:22,22:20:27,5,22:20:27,22:21:43,76,AGENT,22:21:41,22:24:32,171,YITZ
AA0206,50319,0,0,PS,990921,22:49:59,22:50:09,10,0:00:00,0:00:00,0,AGENT,22:50:08,22:52:25,137,ZOHARI
AA0206,50320,0,0,PS,990921,23:12:21,23:12:38,17,0:00:00,0:00:00,0,AGENT,23:12:37,23:13:39,62,BENSION
AA0206,50321,33474602,2,PS,990921,23:41:04,23:41:09,5,23:41:09,23:42:25,76,AGENT,23:42:24,23:43:19,55,BENSION
AA0206,50323,0,0,PS,990922,6:45:07,6:45:07,0,0:00:00,0:00:00,0,HANG,0:00:00,0:00:00,0,NO_SERVER
AA0206,50324,0,0,PS,990922,7:28:15,7:28:28,13,0:00:00,0:00:00,0,AGENT,7:28:27,7:29:46,79,TOVA
AA0206,50325,0,0,PS,990922,7:44:58,7:45:09,11,0:00:00,0:00:00,0,AGENT,7:45:09,7:48:57,228,ZOHARI
AA0206,50326,0,0,PS,990922,8:04:32,8:04:41,9,0:00:00,0:00:00,0,AGENT,8:04:40,8:18:47,847,VICKY
AA0206,50327,0,0,PS,990922,8:22:25,8:22:34,9,0:00:00,0:00:00,0,AGENT,8:22:34,8:23:25,51,GOLDIE
AA0206,50328,0,0,PS,990922,8:36:49,8:36:59,10,0:00:00,0:00:00,0,AGENT,8:36:58,8:40:50,232,ROTH
AA0206,50329,32389629,2,PS,990922,8:47:44,8:47:50,6,8:47:50,8:48:28,38,AGENT,8:48:27,8:52:30,243,GOLDIE
AA0206,50331,0,0,PS,990922,9:00:16,9:00:16,0,0:00:00,0:00:00,0,HANG,0:00:00,0:00:00,0,NO_SERVER
AA0206,50332,27388057,2,PS,990922,9:08:18,9:08:24,6,9:08:24,9:08:27,3,AGENT,9:08:26,9:10:11,105,ROTH
AA0206,50333,0,0,PS,990922,9:17:58,9:18:06,8,0:00:00,0:00:00,0,AGENT,9:18:06,9:24:12,366,ROTH
AA0206,50334,0,0,NW,990922,9:24:54,9:25:04,10,9:25:04,9:25:18,14,AGENT,9:25:17,9:28:27,190,AVNI
AA0206,50335,0,0,PS,990922,9:38:54,9:39:02,8,0:00:00,0:00:00,0,AGENT,9:39:02,9:41:06,124,ROTH
AA0206,50336,12426532,1,PS,990922,9:46:58,9:47:04,6,9:47:04,9:48:30,86,AGENT,9:48:29,9:48:38,9,TOVA
AA0206,50337,33944760,2,PS,990922,9:57:12,9:57:18,6,9:57:18,9:57:24,6,AGENT,9:57:23,9:58:31,68,GOLDIE
AA0206,50338,0,0,PS,990922,10:05:52,10:06:02,10,0:00:00,0:00:00,0,AGENT,10:06:00,10:08:55,175,VICKY
AA0206,50339,30663462,2,PS,990922,10:14:14,10:14:19,5,10:14:19,10:14:39,20,AGENT,10:14:39,10:18:29,230,KAZAV
AA0206,50340,0,0,PS,990922,10:23:01,10:23:10,9,0:00:00,0:00:00,0,AGENT,10:23:09,10:25:09,120,AVNI
AA0206,50341,0,0,NW,990922,10:29:49,10:29:58,9,10:29:58,10:33:01,183,AGENT,10:32:59,10:33:22,23,VICKY
AA0206,50342,58859752,2,PS,990922,10:39:48,10:39:53,5,10:39:53,10:40:10,17,AGENT,10:40:08,10:44:28,260,KAZAV
AA0206,50343,0,0,PS,990922,10:47:11,10:47:21,10,0:00:00,0:00:00,0,AGENT,10:47:21,10:48:32,71,STEREN
AA0206,50344,0,0,NE,990922,10:56:01,10:56:10,9,0:00:00,0:00:00,0,AGENT,10:56:09,11:01:29,320,KAZAV
AA0206,50345,23383607,2,PS,990922,11:03:40,11:03:46,6,11:03:46,11:04:40,54,AGENT,11:04:40,11:05:11,31,ROTH
AA0206,50346,58029430,1,PS,990922,11:10:09,11:10:15,6,11:10:15,11:10:21,6,AGENT,11:10:20,11:11:37,77,AVNI
AA0206,50347,51645646,2,PS,990922,11:19:25,11:19:30,5,11:19:30,11:19:51,21,AGENT,11:19:49,11:23:31,222,ROTH
AA0206,50348,54539366,1,PS,990922,11:26:12,11:26:18,6,11:26:18,11:26:42,24,HANG,0:00:00,0:00:00,0,NO_SERVER
AA0206,50349,56534704,1,PS,990922,11:33:31,11:33:36,5,11:33:36,11:34:56,80,AGENT,11:34:56,11:35:56,60,YIFAT
AA0206,50350,22933535,2,PS,990922,11:44:18,11:44:24,6,11:44:24,11:45:04,40,AGENT,11:45:03,11:47:06,123,KAZAV
AA0206,50351,0,0,NW,990922,11:51:08,11:51:17,9,11:51:17,11:52:38,81,AGENT,11:52:37,11:55:12,155,STEREN
AA0206,50352,27849694,1,PS,990922,12:00:06,12:00:11,5,12:00:11,12:00:19,8,AGENT,12:00:17,12:04:29,252,GOLDIE
AA0206,50353,67946459,1,PS,990922,12:13:06,12:13:11,5,12:13:11,12:13:33,22,AGENT,12:13:32,12:14:43,71,KAZAV
AA0206,50354,29641727,2,PS,990922,12:25:32,12:25:38,6,12:25:38,12:27:00,82,AGENT,12:26:58,12:28:05,67,ROTH
AA0206,50355,0,0,NW,990922,12:38:31,12:38:48,17,0:00:00,0:00:00,0,AGENT,12:38:47,12:39:17,30,GOLDIE
AA0206,50356,0,0,PS,990922,12:53:44,12:53:55,11,0:00:00,0:00:00,0,AGENT,12:53:54,13:01:25,451,STEREN
AA0206,50357,0,0,NW,990922,13:09:18,13:09:31,13,0:00:00,0:00:00,0,AGENT,13:09:30,13:10:10,40,GOLDIE
AA0206,50358,0,0,PS,990922,13:22:34,13:22:43,9,0:00:00,0:00:00,0,AGENT,13:22:42,13:23:45,63,AVNI
AA0206,50359,0,0,PS,990922,13:35:16,13:35:24,8,0:00:00,0:00:00,0,AGENT,13:35:23,13:36:36,73,STEREN
AA0206,50360,0,0,NE,990922,13:50:47,13:50:55,8,0:00:00,0:00:00,0,AGENT,13:50:54,13:52:18,84,STEREN
AA0206,50361,0,0,PS,990922,14:04:16,14:04:27,11,0:00:00,0:00:00,0,AGENT,14:04:26,14:05:40,74,BASCH
AA0206,50362,0,0,PS,990922,14:19:23,14:19:31,8,0:00:00,0:00:00,0,AGENT,14:19:31,14:22:01,150,STEREN
AA0206,50363,0,0,NW,990922,14:34:30,14:34:43,13,0:00:00,0:00:00,0,AGENT,14:34:42,14:37:21,159,MORIAH
AA0206,50364,0,0,PS,990922,14:47:53,14:48:02,9,0:00:00,0:00:00,0,AGENT,14:48:01,14:49:23,82,AVNI
AA0206,50365,0,0,PS,990922,14:56:21,14:56:31,10,0:00:00,0:00:00,0,AGENT,14:56:30,15:03:09,399,AVNI
AA0206,50366,0,0,PS,990922,15:09:22,15:09:32,10,0:00:00,0:00:00,0,AGENT,15:09:31,15:11:42,131,ROTH
AA0206,50367,0,0,PS,990922,15:19:23,15:19:35,12,0:00:00,0:00:00,0,AGENT,15:19:34,15:21:37,123,KAZAV
AA0206,50368,0,0,PS,990922,15:27:43,15:27:55,12,0:00:00,0:00:00,0,AGENT,15:27:54,15:30:12,138,BASCH
AA0206,50369,0,0,PS,990922,15:35:45,15:35:54,9,0:00:00,0:00:00,0,AGENT,15:35:53,15:38:08,135,BASCH
AA0206,50370,0,0,NW,990922,15:44:48,15:44:59,11,0:00:00,0:00:00,0,AGENT,15:45:01,15:45:08,7,NO_SERVER
AA0206,50371,0,0,PS,990922,16:05:08,16:05:19,11,0:00:00,0:00:00,0,AGENT,16:05:19,16:09:38,259,ANAT
AA0206,50372,0,0,PS,990922,16:17:51,16:18:02,11,0:00:00,0:00:00,0,AGENT,16:18:01,16:21:45,224,BASCH
AA0206,50373,0,0,PS,990922,16:27:50,16:28:01,11,0:00:00,0:00:00,0,AGENT,16:27:59,16:28:13,14,YITZ
AA0206,50374,0,0,PS,990922,16:46:19,16:46:28,9,0:00:00,0:00:00,0,AGENT,16:46:27,16:54:50,503,AVNI
AA0206,50375,0,0,PS,990922,16:56:28,16:56:40,12,0:00:00,0:00:00,0,AGENT,16:56:39,16:59:28,169,DORIT
AA0206,50376,0,0,PS,990922,17:15:01,17:15:12,11,0:00:00,0:00:00,0,AGENT,17:15:11,17:19:16,245,BENSION
AA0206,50377,0,0,PS,990922,17:38:30,17:38:45,15,0:00:00,0:00:00,0,AGENT,17:38:39,17:39:49,70,AVI
AA0206,50378,0,0,NW,990922,17:59:03,17:59:19,16,0:00:00,0:00:00,0,AGENT,17:59:19,18:17:02,1063,AVI
AA0206,50379,0,0,PS,990922,18:17:20,18:17:30,10,0:00:00,0:00:00,0,AGENT,18:17:29,18:18:40,71,AVI
AA0206,50380,0,0,PS,990922,18:31:57,18:32:07,10,0:00:00,0:00:00,0,AGENT,18:32:06,18:43:10,664,AVI
AA0206,50381,0,0,PS,990922,18:59:44,18:59:55,11,0:00:00,0:00:00,0,AGENT,18:59:55,19:03:43,228,DORIT
AA0206,50382,0,0,PS,990922,19:26:24,19:26:37,13,0:00:00,0:00:00,0,AGENT,19:26:36,19:27:40,64,BENSION
AA0206,50383,0,0,PS,990922,19:49:29,19:49:44,15,0:00:00,0:00:00,0,AGENT,19:49:43,19:52:48,185,BENSION
AA0206,50384,0,0,NW,990922,20:13:02,20:13:15,13,0:00:00,0:00:00,0,AGENT,20:13:14,20:14:20,66,ANAT
AA0206,50385,0,0,NE,990922,20:44:11,20:44:23,12,0:00:00,0:00:00,0,AGENT,20:44:23,20:54:44,621,MEIR
AA0206,50386,0,0,NE,990922,21:15:11,21:15:23,12,0:00:00,0:00:00,0,AGENT,21:15:22,21:17:16,114,MEIR
AA0206,50387,0,0,PS,990922,21:37:15,21:37:25,10,0:00:00,0:00:00,0,AGENT,21:37:24,21:37:24,0,AVI
AA0206,50388,0,0,PS,990922,22:03:45,22:04:01,16,0:00:00,0:00:00,0,AGENT,22:04:01,22:07:08,187,AVI
AA0206,50389,0,0,PS,990922,22:30:48,22:30:57,9,0:00:00,0:00:00,0,AGENT,22:30:56,22:31:11,15,GILI
AA0206,50390,0,0,PS,990922,23:06:16,23:06:28,12,0:00:00,0:00:00,0,AGENT,23:06:27,23:12:32,365,GILI
AA0206,50391,0,0,PS,990922,23:47:19,23:47:32,13,0:00:00,0:00:00,0,AGENT,23:47:31,23:48:06,35,BENSION
AA0206,50392,0,0,PS,990923,7:00:50,7:01:01,11,0:00:00,0:00:00,0,AGENT,7:01:00,7:02:17,77,VICKY
AA0206,50393,0,0,PS,990923,7:39:05,7:39:16,11,0:00:00,0:00:00,0,AGENT,7:39:14,7:40:57,103,TOVA
AA0206,50394,0,0,PS,990923,8:03:21,8:03:32,11,0:00:00,0:00:00,0,AGENT,8:03:32,8:05:35,123,DORIT
AA0206,50395,0,0,PS,990923,8:23:12,8:23:28,16,0:00:00,0:00:00,0,AGENT,8:23:28,8:26:22,174,VICKY
AA0206,50396,0,0,PS,990923,8:36:16,8:36:26,10,0:00:00,0:00:00,0,AGENT,8:36:25,8:37:53,88,VICKY
AA0206,50397,0,0,PS,990923,8:50:41,8:50:53,12,0:00:00,0:00:00,0,AGENT,8:50:52,8:52:39,107,DORIT
AA0206,50398,24469355,2,PS,990923,9:01:29,9:01:34,5,9:01:34,9:01:44,10,AGENT,9:01:43,9:02:31,48,YIFAT
AA0206,50399,22354435,1,PS,990923,9:12:53,9:12:59,6,9:12:59,9:13:24,25,AGENT,9:13:13,9:15:44,151,VICKY
AA0206,50400,28934537,1,PS,990923,9:23:27,9:23:33,6,9:23:33,9:24:25,52,AGENT,9:24:24,9:25:34,70,AVI
AA0206,50401,0,0,NE,990923,9:37:52,9:38:01,9,0:00:00,0:00:00,0,AGENT,9:38:01,9:41:30,209,AVI
AA0206,50402,23683378,1,PS,990923,9:45:59,9:46:04,5,9:46:04,9:46:43,39,AGENT,9:46:43,9:50:18,215,TOVA
AA0206,50403,57253494,1,PS,990923,9:54:48,9:54:53,5,9:54:53,9:55:20,27,AGENT,9:55:19,9:58:43,204,AVI
AA0206,50404,0,0,PS,990923,10:02:40,10:02:50,10,0:00:00,0:00:00,0,AGENT,10:02:49,10:03:30,41,TOVA
AA0206,50405,28542249,1,PS,990923,10:09:51,10:09:57,6,10:09:57,10:12:11,134,AGENT,10:12:10,10:17:13,303,AVI
AA0206,50406,57805061,1,PS,990923,10:18:52,10:18:58,6,10:18:58,10:21:20,142,AGENT,10:21:20,10:22:13,53,VICKY
AA0206,50407,24605958,2,PS,990923,10:27:14,10:27:19,5,10:27:19,10:27:30,11,AGENT,10:27:29,10:28:26,57,AVI
AA0206,50408,28797165,0,PS,990923,10:33:21,10:33:27,6,10:33:27,10:36:29,182,AGENT,10:36:28,10:39:44,196,AVI
AA0206,50409,57464265,2,PS,990923,10:44:09,10:44:14,5,10:44:14,10:44:27,13,AGENT,10:44:26,10:51:51,445,VICKY
AA0206,50410,68741495,2,NE,990923,10:51:40,10:51:45,5,10:51:45,10:51:58,13,AGENT,10:51:57,10:51:58,1,VICKY
AA0206,50411,31439177,1,PS,990923,10:58:58,10:59:04,6,10:59:04,10:59:39,35,HANG,0:00:00,0:00:00,0,NO_SERVER
AA0206,50412,0,0,NE,990923,11:08:14,11:08:26,12,0:00:00,0:00:00,0,AGENT,11:08:25,11:11:40,195,AVI
AA0206,50413,0,0,PS,990923,11:18:50,11:18:58,8,0:00:00,0:00:00,0,AGENT,11:18:58,11:24:15,317,BASCH
AA0206,50414,58704610,2,PS,990923,11:27:24,11:27:30,6,11:27:30,11:28:06,36,AGENT,11:28:05,11:30:32,147,DORIT
AA0206,50415,9085838,1,PS,990923,11:35:40,11:35:46,6,11:35:46,11:36:01,15,HANG,0:00:00,0:00:00,0,NO_SERVER
AA0206,50416,69952356,2,PS,990923,11:44:40,11:44:46,6,11:44:46,11:45:27,41,AGENT,11:45:26,11:45:28,2,TOVA
AA0206,50417,0,0,PS,990923,11:57:56,11:58:08,12,0:00:00,0:00:00,0,AGENT,11:58:07,11:58:24,17,DORIT
AA0206,50418,0,0,PS,990923,12:10:58,12:11:07,9,0:00:00,0:00:00,0,AGENT,12:11:06,12:11:55,49,VICKY
AA0206,50419,0,0,PS,990923,12:18:23,12:18:33,10,0:00:00,0:00:00,0,AGENT,12:18:31,12:20:35,124,BASCH
AA0206,50420,0,0,PS,990923,12:37:20,12:37:34,14,0:00:00,0:00:00,0,AGENT,12:37:33,12:40:07,154,AVI
AA0206,50421,24927717,1,PS,990923,12:50:15,12:50:21,6,12:50:21,12:51:08,47,AGENT,12:51:07,12:52:59,112,DORIT
AA0206,50422,0,0,PS,990923,13:05:35,13:05:44,9,0:00:00,0:00:00,0,AGENT,13:05:44,13:06:20,36,ANAT
AA0206,50423,0,0,PS,990923,13:16:30,13:16:43,13,0:00:00,0:00:00,0,AGENT,13:16:42,13:17:52,70,DORIT
AA0206,50424,0,0,PS,990923,13:34:27,13:34:38,11,0:00:00,0:00:00,0,AGENT,13:34:37,13:37:27,170,DORIT
AA0206,50425,302035217,1,PS,990923,13:47:16,13:47:21,5,13:47:21,13:47:53,32,AGENT,13:47:53,13:51:33,220,BASCH
AA0206,50426,24851511,2,PS,990923,13:56:19,13:56:24,5,13:56:24,13:56:59,35,AGENT,13:56:58,13:57:00,2,ANAT
AA0206,50427,57389397,1,PS,990923,14:08:04,14:08:09,5,14:08:09,14:08:59,50,AGENT,14:08:58,14:08:59,1,AVI
AA0206,50428,30597587,2,PS,990923,14:19:26,14:19:31,5,14:19:31,14:21:06,95,HANG,0:00:00,0:00:00,0,NO_SERVER
AA0206,50429,0,0,PS,990923,14:34:06,14:34:21,15,0:00:00,0:00:00,0,AGENT,14:34:20,14:37:36,196,AVI
AA0206,50430,0,0,PS,990923,14:49:50,14:49:59,9,0:00:00,0:00:00,0,AGENT,14:49:58,14:52:41,163,AVI
AA0206,50431,0,0,PS,990923,15:08:04,15:08:16,12,0:00:00,0:00:00,0,AGENT,15:08:15,15:19:34,679,ZOHARI
AA0206,50432,0,0,PS,990923,15:22:57,15:23:07,10,0:00:00,0:00:00,0,AGENT,15:23:05,15:30:00,415,DORIT
AA0206,50433,33964990,1,PS,990923,15:35:29,15:35:35,6,15:35:35,15:35:39,4,AGENT,15:35:38,15:37:50,132,STEREN
AA0206,50434,0,0,PS,990923,15:52:03,15:52:12,9,0:00:00,0:00:00,0,AGENT,15:52:11,15:53:59,108,STEREN
AA0206,50435,0,0,PS,990923,16:08:01,16:08:15,14,0:00:00,0:00:00,0,AGENT,16:08:14,16:11:20,186,DARMON
AA0206,50436,0,0,PS,990923,16:23:58,16:24:09,11,0:00:00,0:00:00,0,AGENT,16:24:08,16:29:58,350,AVNI
AA0206,50437,0,0,PS,990923,16:40:43,16:40:57,14,0:00:00,0:00:00,0,AGENT,16:40:57,16:42:18,81,SHARON
AA0206,50438,48820351,2,NE,990923,17:00:35,17:00:40,5,17:00:40,17:02:01,81,AGENT,17:02:00,17:08:38,398,AVNI
AA0206,50439,0,0,NW,990923,17:19:43,17:19:57,14,0:00:00,0:00:00,0,AGENT,17:19:56,17:20:47,51,SHARON
AA0206,50440,0,0,PS,990923,17:46:43,17:46:53,10,0:00:00,0:00:00,0,AGENT,17:46:52,17:48:37,105,YITZ
AA0206,50441,0,0,NW,990923,18:12:17,18:12:27,10,18:12:27,18:14:42,135,HANG,0:00:00,0:00:00,0,NO_SERVER
AA0206,50442,0,0,PS,990923,18:34:32,18:34:42,10,0:00:00,0:00:00,0,AGENT,18:34:41,18:35:00,19,NO_SERVER
AA0206,50443,0,0,NE,990923,19:00:17,19:00:28,11,0:00:00,0:00:00,0,AGENT,19:00:27,19:04:34,247,MEIR
AA0206,50444,0,0,PS,990923,19:28:07,19:28:17,10,0:00:00,0:00:00,0,AGENT,19:28:15,19:29:15,60,STEREN
AA0206,50445,0,0,NW,990923,19:54:01,19:54:16,15,0:00:00,0:00:00,0,AGENT,19:54:15,19:55:16,61,YITZ
AA0206,50446,0,0,PS,990923,20:26:00,20:26:11,11,0:00:00,0:00:00,0,AGENT,20:26:10,20:29:08,178,YITZ
AA0206,50447,0,0,NE,990923,21:05:41,21:05:49,8,0:00:00,0:00:00,0,AGENT,21:05:48,21:06:07,19,GILI
AA0206,50448,0,0,PS,990923,22:03:41,22:03:51,10,0:00:00,0:00:00,0,AGENT,22:03:50,22:08:26,276,AVNI
AA0206,50449,0,0,PS,990923,22:29:56,22:30:09,13,0:00:00,0:00:00,0,AGENT,22:30:08,22:47:23,1035,DARMON
AA0206,50450,0,0,NE,990923,23:22:13,23:22:26,13,0:00:00,0:00:00,0,AGENT,23:22:25,23:27:11,286,SHARON
AA0206,50451,0,0,NW,990923,23:55:14,23:55:27,13,0:00:00,0:00:00,0,AGENT,23:55:26,23:57:06,100,YITZ
AA0206,50452,0,0,AA,990924,6:58:39,6:59:13,34,0:00:00,0:00:00,0,HANG,0:00:00,0:00:00,0,NO_SERVER
AA0206,50453,22009625,2,PS,990924,7:52:56,7:53:02,6,7:53:02,7:53:10,8,AGENT,7:53:09,7:56:53,224,SHARON
AA0206,50454,0,0,PS,990924,8:22:02,8:22:15,13,0:00:00,0:00:00,0,AGENT,8:22:13,8:23:55,102,ANAT
AA0206,50455,1161660,2,PS,990924,8:42:26,8:42:32,6,8:42:32,8:43:38,66,AGENT,8:43:37,8:44:49,72,BASCH
AA0206,50456,0,0,PS,990924,8:59:26,8:59:40,14,0:00:00,0:00:00,0,AGENT,8:59:38,9:10:25,647,DORIT
AA0206,50457,0,0,PS,990924,9:26:39,9:26:47,8,0:00:00,0:00:00,0,AGENT,9:26:47,9:27:34,47,SHARON
AA0206,50458,23054224,1,PS,990924,9:47:24,9:47:30,6,9:47:30,9:51:37,247,AGENT,9:51:36,9:54:05,149,ELI
AA0206,50459,0,0,NW,990924,10:13:19,10:13:35,16,0:00:00,0:00:00,0,AGENT,10:13:34,10:13:52,18,SHARON
AA0206,50460,0,0,PS,990924,10:34:33,10:34:42,9,0:00:00,0:00:00,0,AGENT,10:34:41,10:35:33,52,BASCH
AA0206,50461,56147150,1,PS,990924,10:50:48,10:50:54,6,10:50:54,10:51:20,26,AGENT,10:51:18,10:53:59,161,SHARON
AA0206,50462,307781237,2,PS,990924,11:03:51,11:03:57,6,11:03:57,11:05:21,84,AGENT,11:05:20,11:07:14,114,DORIT
AA0206,50463,0,0,PS,990924,11:34:32,11:34:43,11,0:00:00,0:00:00,0,AGENT,11:34:43,11:41:12,389,ELI
AA0206,50464,0,0,NW,990924,12:01:50,12:01:52,2,0:00:00,0:00:00,0,HANG,0:00:00,0:00:00,0,NO_SERVER
AA0206,50465,0,0,PS,990924,12:16:18,12:16:29,11,0:00:00,0:00:00,0,AGENT,12:16:28,12:26:07,579,SHARON
AA0206,50466,0,0,PS,990924,12:42:15,12:42:30,15,0:00:00,0:00:00,0,AGENT,12:42:29,12:44:25,116,ANAT
AA0206,50467,0,0,PS,990924,13:17:03,13:17:12,9,0:00:00,0:00:00,0,AGENT,13:17:12,13:18:03,51,SHARON
AA0206,50468,0,0,PS,990924,13:45:08,13:45:19,11,0:00:00,0:00:00,0,AGENT,13:45:18,13:48:09,171,DORIT
AA0206,50470,0,0,PS,990924,15:08:53,15:08:53,0,0:00:00,0:00:00,0,HANG,0:00:00,0:00:00,0,NO_SERVER
AA0206,50471,0,0,NW,990925,11:26:56,11:27:19,23,0:00:00,0:00:00,0,HANG,0:00:00,0:00:00,0,NO_SERVER
AA0206,50472,0,0,NE,990925,20:07:56,20:08:06,10,0:00:00,0:00:00,0,AGENT,20:08:05,20:11:16,191,BASCH
AA0206,50473,0,0,PS,990925,20:34:26,20:34:34,8,0:00:00,0:00:00,0,AGENT,20:34:34,20:36:36,122,BASCH
AA0206,50474,0,0,NW,990925,21:36:27,21:36:37,10,0:00:00,0:00:00,0,AGENT,21:36:37,21:36:50,13,AVNI
AA0206,50475,0,0,PS,990925,22:37:32,22:37:42,10,0:00:00,0:00:00,0,AGENT,22:37:41,22:44:53,432,AVNI
AA0206,50476,0,0,NW,990926,1:09:57,1:10:35,38,0:00:00,0:00:00,0,HANG,0:00:00,0:00:00,0,NO_SERVER
AA0206,50477,0,0,NW,990926,7:46:32,7:46:40,8,7:46:40,7:51:02,262,AGENT,7:51:01,7:51:44,43,DORIT
AA0206,50478,0,0,PS,990926,8:31:28,8:31:43,15,0:00:00,0:00:00,0,AGENT,8:31:41,8:32:03,22,BASCH
AA0206,50479,0,0,PS,990926,8:51:26,8:51:36,10,0:00:00,0:00:00,0,AGENT,8:51:35,8:52:36,61,DORIT
AA0206,50480,0,0,PS,990926,9:11:02,9:11:13,11,0:00:00,0:00:00,0,AGENT,9:11:12,9:13:44,152,AVNI
AA0206,50481,0,0,PS,990926,9:26:00,9:26:09,9,0:00:00,0:00:00,0,AGENT,9:26:08,9:26:26,18,VICKY
AA0206,50482,0,0,PS,990926,9:36:51,9:37:08,17,0:00:00,0:00:00,0,AGENT,9:37:07,9:37:25,18,BASCH
AA0206,50483,10587137,2,NE,990926,9:48:53,9:48:59,6,9:48:59,9:49:56,57,AGENT,9:49:55,9:50:24,29,ELI
AA0206,50484,0,0,PS,990926,9:58:02,9:58:11,9,0:00:00,0:00:00,0,AGENT,9:58:11,10:00:11,120,YITZ
AA0206,50485,58029620,2,PS,990926,10:11:53,10:12:14,21,10:12:14,10:12:24,10,AGENT,10:12:23,10:14:26,123,DORIT
AA0206,50486,0,0,PS,990926,10:25:20,10:25:29,9,0:00:00,0:00:00,0,AGENT,10:25:28,10:29:09,221,YITZ
AA0206,50487,54926209,2,PS,990926,10:41:39,10:41:45,6,10:41:45,10:42:28,43,AGENT,10:42:27,10:43:17,50,DORIT
AA0206,50488,0,0,NW,990926,10:54:18,10:54:27,9,10:54:27,10:57:12,165,HANG,0:00:00,0:00:00,0,NO_SERVER
AA0206,50489,10858884,2,NE,990926,11:03:57,11:04:03,6,11:04:03,11:04:47,44,AGENT,11:04:45,11:07:03,138,VICKY
AA0206,50490,25124181,2,NE,990926,11:16:33,11:16:39,6,11:16:39,11:16:56,17,AGENT,11:16:56,11:20:59,243,BASCH
AA0206,50491,0,0,PS,990926,11:26:29,11:26:37,8,0:00:00,0:00:00,0,AGENT,11:26:37,11:27:22,45,AVNI
AA0206,50492,0,0,PS,990926,11:39:18,11:39:26,8,0:00:00,0:00:00,0,AGENT,11:39:25,11:42:14,169,YITZ
AA0206,50493,0,0,PS,990926,11:50:37,11:50:47,10,0:00:00,0:00:00,0,AGENT,11:50:47,11:51:47,60,DORIT
AA0206,50494,0,0,NE,990926,12:08:43,12:08:59,16,0:00:00,0:00:00,0,AGENT,12:08:58,12:10:37,99,BASCH
AA0206,50495,0,0,PS,990926,12:24:51,12:25:01,10,0:00:00,0:00:00,0,AGENT,12:25:01,12:26:43,102,VICKY
AA0206,50496,0,0,PS,990926,12:49:14,12:49:26,12,0:00:00,0:00:00,0,AGENT,12:49:26,12:53:14,228,VICKY
AA0206,50497,0,0,PS,990926,13:13:02,13:13:10,8,0:00:00,0:00:00,0,AGENT,13:13:09,13:16:12,183,YITZ
AA0206,50498,28964575,1,PS,990926,13:26:40,13:26:46,6,13:26:46,13:26:52,6,AGENT,13:26:52,13:27:06,14,ZOHARI
AA0206,50499,314234345,2,PE,990926,13:41:15,13:41:19,4,13:41:19,13:42:16,57,AGENT,13:42:15,13:43:53,98,VICKY
AA0206,50500,0,0,PS,990926,14:00:08,14:00:21,13,0:00:00,0:00:00,0,AGENT,14:00:19,14:00:22,3,TOVA
AA0206,50501,0,0,PS,990926,14:10:23,14:10:32,9,0:00:00,0:00:00,0,AGENT,14:10:31,14:12:15,104,DORIT
AA0206,50502,0,0,PS,990926,14:31:04,14:31:18,14,0:00:00,0:00:00,0,AGENT,14:31:18,14:33:36,138,ZOHARI
AA0206,50503,0,0,NE,990926,14:49:50,14:50:02,12,0:00:00,0:00:00,0,AGENT,14:50:01,14:51:37,96,VICKY
AA0206,50504,0,0,NW,990926,15:08:30,15:08:40,10,15:08:40,15:10:12,92,AGENT,15:10:11,15:11:42,91,PINHAS
AA0206,50505,0,0,NE,990926,15:44:00,15:44:14,14,0:00:00,0:00:00,0,AGENT,15:44:14,15:51:51,457,ELI
AA0206,50506,0,0,NW,990926,16:06:12,16:06:25,13,0:00:00,0:00:00,0,AGENT,16:06:24,16:07:00,36,SHARON
AA0206,50507,0,0,PS,990926,16:36:33,16:36:48,15,0:00:00,0:00:00,0,AGENT,16:36:47,16:38:57,130,TOVA
AA0206,50508,0,0,PS,990926,17:20:53,17:21:13,20,0:00:00,0:00:00,0,AGENT,17:21:12,17:22:19,67,MORIAH
AA0206,50509,0,0,PS,990926,17:59:13,17:59:25,12,0:00:00,0:00:00,0,AGENT,17:59:24,18:00:53,89,TOVA
AA0206,50510,0,0,PS,990926,18:33:21,18:33:36,15,0:00:00,0:00:00,0,AGENT,18:33:35,18:35:22,107,SHARON
AA0206,50511,0,0,NW,990926,19:05:42,19:05:50,8,0:00:00,0:00:00,0,HANG,0:00:00,0:00:00,0,NO_SERVER
AA0206,50512,0,0,NW,990926,19:52:03,19:52:20,17,0:00:00,0:00:00,0,AGENT,19:52:19,19:54:40,141,BENSION
AA0206,50513,0,0,PS,990926,20:48:43,20:48:52,9,0:00:00,0:00:00,0,AGENT,20:48:52,20:49:37,45,MORIAH
AA0206,50514,0,0,PS,990926,21:49:22,21:49:34,12,0:00:00,0:00:00,0,AGENT,21:49:34,21:54:53,319,DARMON
AA0206,50515,0,0,PS,990926,23:02:30,23:02:44,14,0:00:00,0:00:00,0,AGENT,23:02:43,23:08:43,360,SHARON
AA0206,50516,0,0,PS,990927,7:08:46,7:09:01,15,0:00:00,0:00:00,0,AGENT,7:09:00,7:10:51,111,BENSION
AA0206,50517,0,0,NW,990927,8:09:28,8:09:44,16,0:00:00,0:00:00,0,AGENT,8:09:43,8:10:11,28,BENSION
AA0206,50518,0,0,PS,990927,8:32:28,8:32:40,12,0:00:00,0:00:00,0,AGENT,8:32:40,8:35:24,164,TOVA
AA0206,50519,0,0,NW,990927,8:53:26,8:53:35,9,8:53:35,8:55:58,143,AGENT,8:55:57,8:56:34,37,BENSION
AA0206,50520,0,0,PS,990927,9:11:04,9:11:13,9,0:00:00,0:00:00,0,AGENT,9:11:12,9:12:05,53,YITZ
AA0206,50521,0,0,PS,990927,9:29:41,9:29:54,13,0:00:00,0:00:00,0,AGENT,9:29:53,9:34:47,294,BASCH
AA0206,50522,16426967,2,PS,990927,9:40:28,9:40:34,6,9:40:34,9:43:05,151,AGENT,9:43:04,9:50:25,441,BASCH
AA0206,50523,52761673,2,PS,990927,9:54:24,9:54:29,5,9:54:29,9:54:34,5,AGENT,9:54:34,9:56:01,87,BASCH
AA0206,50524,320474224,1,PE,990927,10:02:51,10:02:56,5,10:02:56,10:05:53,177,AGENT,10:05:52,10:09:45,233,VICKY
AA0206,50525,0,0,PS,990927,10:16:46,10:16:58,12,0:00:00,0:00:00,0,AGENT,10:16:58,10:20:10,192,ZOHARI
AA0206,50526,0,0,PS,990927,10:33:39,10:33:49,10,0:00:00,0:00:00,0,AGENT,10:33:47,10:35:14,87,BENSION
AA0206,50527,430934,2,PS,990927,10:44:23,10:44:28,5,10:44:28,10:46:18,110,AGENT,10:46:17,10:47:58,101,BASCH
AA0206,50528,50323468,2,PS,990927,10:57:38,10:57:44,6,10:57:44,10:58:46,62,AGENT,10:58:45,11:01:43,178,BENSION
AA0206,50529,58029430,1,PS,990927,11:07:03,11:07:08,5,11:07:08,11:11:26,258,AGENT,11:11:26,11:12:33,67,YITZ
AA0206,50530,0,0,PS,990927,11:24:26,11:24:56,30,0:00:00,0:00:00,0,AGENT,11:24:55,11:26:07,72,TOVA
AA0206,50531,0,0,PS,990927,11:38:26,11:38:39,13,0:00:00,0:00:00,0,AGENT,11:38:38,11:41:29,171,BASCH
AA0206,50532,51542728,1,PS,990927,11:47:56,11:48:02,6,11:48:02,11:49:21,79,AGENT,11:49:21,11:53:09,228,BENSION
AA0206,50533,0,0,PS,990927,12:02:02,12:02:17,15,0:00:00,0:00:00,0,AGENT,12:02:16,12:07:24,308,PINHAS
AA0206,50534,33474602,2,PS,990927,12:18:59,12:19:04,5,12:19:04,12:19:28,24,AGENT,12:19:27,12:22:31,184,YITZ
AA0206,50535,0,0,PS,990927,12:35:30,12:35:40,10,0:00:00,0:00:00,0,AGENT,12:35:38,12:36:36,58,YITZ
AA0206,50536,16426967,2,PS,990927,12:50:07,12:50:13,6,12:50:13,12:50:25,12,AGENT,12:50:24,12:54:42,258,PINHAS
AA0206,50537,27018605,2,PS,990927,13:00:21,13:00:27,6,13:00:27,13:00:39,12,AGENT,13:00:38,13:00:40,2,TOVA
AA0206,50538,0,0,NW,990927,13:16:58,13:17:10,12,0:00:00,0:00:00,0,AGENT,13:17:10,13:17:50,40,VICKY
AA0206,50539,0,0,NE,990927,13:35:28,13:35:38,10,0:00:00,0:00:00,0,AGENT,13:35:37,13:37:23,106,BASCH
AA0206,50540,0,0,PS,990927,13:47:16,13:47:31,15,0:00:00,0:00:00,0,AGENT,13:47:30,13:50:28,178,BASCH
AA0206,50541,0,0,PS,990927,14:02:44,14:02:53,9,0:00:00,0:00:00,0,AGENT,14:02:52,14:05:46,174,YITZ
AA0206,50542,0,0,NW,990927,14:17:25,14:17:34,9,14:17:34,14:18:15,41,AGENT,14:18:14,14:19:52,98,SHARON
AA0206,50543,0,0,NE,990927,14:31:57,14:32:07,10,0:00:00,0:00:00,0,AGENT,14:32:06,14:36:46,280,ELI
AA0206,50544,0,0,PS,990927,14:47:42,14:47:56,14,0:00:00,0:00:00,0,AGENT,14:47:55,14:48:56,61,ANAT
AA0206,50545,0,0,PS,990927,15:10:36,15:10:48,12,0:00:00,0:00:00,0,AGENT,15:10:47,15:12:25,98,ANAT
AA0206,50546,0,0,PS,990927,15:45:41,15:45:54,13,0:00:00,0:00:00,0,AGENT,15:45:53,15:47:48,115,BASCH
AA0206,50547,0,0,NE,990927,16:24:37,16:24:46,9,0:00:00,0:00:00,0,AGENT,16:24:45,16:24:57,12,MORIAH
AA0206,50548,55279970,2,NE,990927,16:38:03,16:38:09,6,16:38:09,16:38:24,15,AGENT,16:38:23,16:41:20,177,SHARON
AA0206,50549,14991483,2,PS,990927,17:27:22,17:27:42,20,17:27:42,17:28:00,18,AGENT,17:27:59,17:29:04,65,AVNI
AA0206,50550,0,0,NE,990927,17:46:54,17:47:10,16,0:00:00,0:00:00,0,AGENT,17:47:10,17:48:19,69,ANAT
AA0206,50551,0,0,PS,990927,18:30:48,18:31:01,13,0:00:00,0:00:00,0,AGENT,18:30:57,18:34:04,187,AVNI
AA0206,50552,0,0,PS,990927,18:56:27,18:56:37,10,0:00:00,0:00:00,0,AGENT,18:56:36,18:58:06,90,AVNI
AA0206,50553,0,0,NW,990927,19:39:20,19:39:32,12,0:00:00,0:00:00,0,AGENT,19:39:31,19:41:00,89,MORIAH
AA0206,50554,0,0,PS,990927,20:20:48,20:20:57,9,0:00:00,0:00:00,0,AGENT,20:20:56,20:21:42,46,GILI
AA0206,50555,0,0,NE,990927,21:21:13,21:21:28,15,0:00:00,0:00:00,0,AGENT,21:21:27,21:23:17,110,SHARON
AA0206,50556,0,0,PS,990927,21:56:07,21:56:16,9,0:00:00,0:00:00,0,AGENT,21:56:15,21:59:19,184,SHARON
AA0206,50557,0,0,NE,990927,22:35:23,22:35:35,12,0:00:00,0:00:00,0,AGENT,22:35:35,22:37:32,117,SHARON
AA0206,50558,0,0,PS,990927,23:46:49,23:46:58,9,0:00:00,0:00:00,0,AGENT,23:46:57,23:49:12,135,GILI
AA0206,50559,0,0,PS,990928,6:39:07,6:40:25,78,0:00:00,0:00:00,0,HANG,0:00:00,0:00:00,0,NO_SERVER
AA0206,50560,51704559,1,PS,990928,7:57:04,7:57:10,6,7:57:10,7:59:29,139,AGENT,7:59:29,8:00:22,53,ANAT
AA0206,50561,49992639,2,PS,990928,8:33:40,8:33:46,6,8:33:46,8:33:58,12,AGENT,8:33:58,8:39:06,308,PINHAS
AA0206,50562,24975104,1,PS,990928,8:52:23,8:52:29,6,8:52:29,8:54:39,130,HANG,0:00:00,0:00:00,0,NO_SERVER
AA0206,50563,0,0,PS,990928,9:09:22,9:09:31,9,0:00:00,0:00:00,0,AGENT,9:09:30,9:11:31,121,ANAT
AA0206,50564,0,0,NE,990928,9:26:43,9:26:54,11,0:00:00,0:00:00,0,AGENT,9:26:54,9:28:30,96,ZOHARI
AA0206,50565,7158140,2,PS,990928,9:38:24,9:38:29,5,9:38:29,9:38:38,9,HANG,0:00:00,0:00:00,0,NO_SERVER
AA0206,50566,11221934,2,PS,990928,9:53:25,9:53:30,5,9:53:30,9:54:02,32,AGENT,9:54:01,9:57:44,223,YIFAT
AA0206,50567,57918849,1,NE,990928,10:04:27,10:04:33,6,10:04:33,10:08:06,213,AGENT,10:08:06,10:10:12,126,ANAT
AA0206,50569,0,0,PS,990928,10:16:25,10:16:25,0,0:00:00,0:00:00,0,HANG,0:00:00,0:00:00,0,NO_SERVER
AA0206,50570,8091860,2,PS,990928,10:22:37,10:22:43,6,10:22:43,10:25:03,140,HANG,0:00:00,0:00:00,0,NO_SERVER
AA0206,50571,27215169,2,PS,990928,10:32:27,10:32:31,4,10:32:31,10:34:04,93,AGENT,10:34:04,10:35:23,79,ANAT
AA0206,50572,13635933,2,PS,990928,10:43:34,10:43:40,6,10:43:40,10:44:59,79,AGENT,10:44:58,10:48:19,201,ANAT
AA0206,50573,27155795,1,PS,990928,10:55:21,10:55:27,6,10:55:27,10:58:38,191,AGENT,10:58:37,10:59:20,43,AVNI
AA0206,50574,6845861,2,PS,990928,11:10:25,11:10:31,6,11:10:31,11:13:05,154,AGENT,11:13:03,11:16:55,232,YIFAT
AA0206,50575,0,0,NW,990928,11:22:12,11:22:22,10,11:22:22,11:22:55,33,HANG,0:00:00,0:00:00,0,NO_SERVER
AA0206,50576,0,0,NW,990928,11:31:47,11:31:56,9,11:31:56,11:44:38,762,HANG,0:00:00,0:00:00,0,NO_SERVER
AA0206,50577,304229115,2,PS,990928,11:53:33,11:53:38,5,11:53:38,11:54:52,74,HANG,0:00:00,0:00:00,0,NO_SERVER
AA0206,50578,41543000,2,PS,990928,12:04:20,12:04:26,6,12:04:26,12:07:21,175,AGENT,12:07:21,12:09:49,148,ANAT
AA0206,50579,69577930,1,PS,990928,12:16:04,12:16:10,6,12:16:10,12:18:37,147,HANG,0:00:00,0:00:00,0,NO_SERVER
AA0206,50581,0,0,PS,990928,12:28:36,12:28:36,0,0:00:00,0:00:00,0,HANG,0:00:00,0:00:00,0,NO_SERVER
AA0206,50582,25684986,2,PS,990928,12:37:53,12:37:58,5,12:37:58,12:41:43,225,AGENT,12:41:42,12:43:52,130,YIFAT
AA0206,50584,0,0,PS,990928,12:52:18,12:52:18,0,0:00:00,0:00:00,0,HANG,0:00:00,0:00:00,0,NO_SERVER
AA0206,50585,0,0,NW,990928,13:02:32,13:02:41,9,13:02:41,13:02:45,4,AGENT,13:02:44,13:03:08,24,VICKY
AA0206,50586,57918849,1,NE,990928,13:15:06,13:15:11,5,13:15:11,13:17:54,163,AGENT,13:16:57,13:19:26,149,ANAT
AA0206,50587,0,0,PS,990928,13:36:40,13:37:00,20,0:00:00,0:00:00,0,AGENT,13:36:59,13:42:09,310,AVNI
AA0206,50588,56152374,2,PS,990928,13:48:29,13:48:34,5,13:48:34,13:49:58,84,AGENT,13:49:57,13:51:51,114,VICKY
AA0206,50589,56497902,1,PS,990928,14:00:25,14:00:30,5,14:00:30,14:03:12,162,HANG,0:00:00,0:00:00,0,NO_SERVER
AA0206,50590,30663462,2,PS,990928,14:12:20,14:12:26,6,14:12:26,14:12:35,9,AGENT,14:12:34,14:22:15,581,ZOHARI
AA0206,50591,0,0,NW,990928,14:25:53,14:26:03,10,14:26:03,14:27:01,58,AGENT,14:27:00,14:29:29,149,VICKY
AA0206,50592,23895501,2,PS,990928,14:48:52,14:48:58,6,14:48:58,14:50:08,70,AGENT,14:50:08,14:52:41,153,ZOHARI
AA0206,50593,51305340,1,PS,990928,15:06:26,15:06:31,5,15:06:31,15:10:04,213,AGENT,15:10:04,15:10:27,23,BASCH
AA0206,50594,0,0,PS,990928,15:52:06,15:52:17,11,0:00:00,0:00:00,0,AGENT,15:52:16,15:52:19,3,NO_SERVER
AA0206,50595,0,0,PS,990928,16:17:39,16:17:49,10,0:00:00,0:00:00,0,AGENT,16:17:48,16:19:51,123,YITZ
AA0206,50596,0,0,NW,990928,16:46:47,16:47:12,25,0:00:00,0:00:00,0,AGENT,16:47:11,16:48:34,83,SHARON
AA0206,50597,0,0,NE,990928,17:16:00,17:16:13,13,0:00:00,0:00:00,0,AGENT,17:16:13,17:19:23,190,SHARON
AA0206,50598,0,0,NE,990928,17:42:20,17:42:30,10,0:00:00,0:00:00,0,AGENT,17:42:29,17:42:51,22,BASCH
AA0206,50599,0,0,PS,990928,18:00:39,18:00:48,9,0:00:00,0:00:00,0,AGENT,18:00:47,18:03:54,187,BASCH
AA0206,50600,0,0,PS,990928,18:29:27,18:29:44,17,0:00:00,0:00:00,0,AGENT,18:29:43,18:30:32,49,SHARON
AA0206,50601,0,0,NE,990928,19:27:30,19:27:41,11,0:00:00,0:00:00,0,AGENT,19:27:40,19:30:54,194,BASCH
AA0206,50602,10634848,1,NE,990928,20:20:56,20:21:01,5,20:21:01,20:22:07,66,AGENT,20:22:07,20:22:51,44,SHARON
AA0206,50603,0,0,PS,990928,20:57:57,20:58:07,10,0:00:00,0:00:00,0,AGENT,20:58:06,20:59:04,58,BASCH
AA0206,50604,24442634,2,PS,990928,21:26:38,21:26:43,5,21:26:43,21:27:24,41,AGENT,21:27:24,21:28:03,39,BASCH
AA0206,50605,0,0,PS,990928,21:55:48,21:56:05,17,0:00:00,0:00:00,0,AGENT,21:56:04,21:57:27,83,SHARON
AA0206,50606,0,0,PS,990928,22:37:39,22:37:51,12,0:00:00,0:00:00,0,AGENT,22:37:50,22:38:25,35,SHARON
AA0206,50607,0,0,PS,990928,23:39:57,23:40:09,12,0:00:00,0:00:00,0,AGENT,23:40:08,23:43:15,187,SHARON
AA0206,50608,0,0,PS,990929,7:08:55,7:09:05,10,0:00:00,0:00:00,0,AGENT,7:09:04,7:10:19,75,ZOHARI
AA0206,50609,0,0,PS,990929,8:04:53,8:05:04,11,0:00:00,0:00:00,0,AGENT,8:05:03,8:07:34,151,DORIT
AA0206,50610,0,0,PS,990929,8:29:09,8:29:18,9,0:00:00,0:00:00,0,AGENT,8:29:17,8:31:37,140,SHARON
AA0206,50611,0,0,PS,990929,8:43:23,8:43:32,9,0:00:00,0:00:00,0,AGENT,8:43:31,8:44:35,64,DORIT
AA0206,50612,54134291,2,PS,990929,8:59:55,9:00:01,6,9:00:01,9:00:06,5,AGENT,9:00:04,9:03:59,235,ANAT
AA0206,50613,0,0,PS,990929,9:18:55,9:19:04,9,0:00:00,0:00:00,0,AGENT,9:19:03,9:24:52,349,AVNI
AA0206,50614,0,0,PS,990929,9:32:06,9:32:16,10,0:00:00,0:00:00,0,AGENT,9:32:14,9:32:56,42,SHARON
AA0206,50615,57737504,2,PS,990929,9:45:17,9:45:23,6,9:45:23,9:46:00,37,AGENT,9:45:59,9:50:03,244,DORIT
AA0206,50616,703074,2,PS,990929,9:53:13,9:53:18,5,9:53:18,9:55:12,114,AGENT,9:55:11,10:04:48,577,AVNI
AA0206,50617,0,0,NW,990929,10:06:30,10:06:40,10,10:06:40,10:10:51,251,AGENT,10:10:49,10:11:37,48,SHARON
AA0206,50618,23793540,1,PS,990929,10:19:27,10:19:32,5,10:19:32,10:20:53,81,AGENT,10:20:52,10:22:26,94,DORIT
AA0206,50619,0,0,PS,990929,10:33:02,10:33:12,10,0:00:00,0:00:00,0,AGENT,10:33:11,10:35:17,126,SHARON
AA0206,50620,0,0,PS,990929,10:39:26,10:49:01,575,0:00:00,0:00:00,0,HANG,0:00:00,0:00:00,0,NO_SERVER
AA0206,50621,0,0,NW,990929,11:01:16,11:01:25,9,11:01:25,11:02:17,52,AGENT,11:02:16,11:03:10,54,SHARON
AA0206,50622,0,0,PS,990929,11:12:22,11:12:31,9,0:00:00,0:00:00,0,AGENT,11:12:30,11:13:51,81,DORIT
AA0206,50624,0,0,PS,990929,11:23:56,11:23:56,0,0:00:00,0:00:00,0,HANG,0:00:00,0:00:00,0,NO_SERVER
AA0206,50625,0,0,NW,990929,11:34:52,11:35:01,9,11:35:01,11:39:25,264,HANG,0:00:00,0:00:00,0,NO_SERVER
AA0206,50626,14212971,1,PS,990929,11:51:52,11:51:58,6,11:51:58,11:52:08,10,AGENT,11:52:07,11:56:03,236,DORIT
AA0206,50627,25627027,2,PS,990929,12:03:34,12:03:40,6,12:03:40,12:04:39,59,AGENT,12:04:38,13:11:54,4036,AVNI
AA0206,50628,0,0,NW,990929,12:11:01,12:11:09,8,12:11:09,12:13:13,124,HANG,0:00:00,0:00:00,0,NO_SERVER
AA0206,50629,17299231,2,PS,990929,12:24:57,12:25:02,5,12:25:02,12:28:29,207,AGENT,12:28:28,12:29:42,74,YIFAT
AA0206,50630,68741495,2,NE,990929,12:36:38,12:36:44,6,12:36:44,12:40:18,214,AGENT,12:40:18,12:40:20,2,ANAT
AA0206,50631,57206047,1,PS,990929,12:51:32,12:51:38,6,12:51:38,12:52:57,79,AGENT,12:52:56,12:54:45,109,SHARON
AA0206,50632,0,0,PS,990929,13:09:43,13:09:57,14,0:00:00,0:00:00,0,AGENT,13:09:56,13:09:58,2,YIFAT
AA0206,50633,54556444,1,PS,990929,13:25:58,13:26:04,6,13:26:04,13:28:23,139,AGENT,13:28:22,13:29:36,74,DORIT
AA0206,50634,0,0,PS,990929,13:42:38,13:42:47,9,0:00:00,0:00:00,0,AGENT,13:42:46,13:53:08,622,AVNI
AA0206,50635,12368510,2,PS,990929,13:54:49,13:54:55,6,13:54:55,13:55:17,22,AGENT,13:55:16,13:55:25,9,DORIT
AA0206,50636,1426659,2,NE,990929,14:06:07,14:06:13,6,14:06:13,14:08:31,138,AGENT,14:08:30,14:10:16,106,BASCH
AA0206,50637,59601708,2,PS,990929,14:16:23,14:16:28,5,14:16:28,14:18:24,116,AGENT,14:18:22,14:20:13,111,YIFAT
AA0206,50638,38293304,1,PS,990929,14:27:15,14:27:21,6,14:27:21,14:29:22,121,AGENT,14:29:21,14:32:12,171,ZOHARI
AA0206,50639,6.02157E+11,0,PS,990929,14:46:18,14:46:22,4,14:46:22,14:46:26,4,AGENT,14:46:25,15:01:09,884,BASCH
AA0206,50640,0,0,PS,990929,15:16:18,15:16:31,13,0:00:00,0:00:00,0,AGENT,15:16:30,15:22:05,335,DORIT
AA0206,50641,51440469,2,PS,990929,15:45:20,15:45:26,6,15:45:26,15:45:38,12,AGENT,15:45:37,15:48:38,181,AVNI
AA0206,50642,0,0,PS,990929,16:14:50,16:15:00,10,0:00:00,0:00:00,0,AGENT,16:14:59,16:16:42,103,VICKY
AA0206,50643,0,0,NW,990929,16:38:12,16:38:26,14,0:00:00,0:00:00,0,AGENT,16:38:24,16:38:50,26,BASCH
AA0206,50644,0,0,PS,990929,17:24:43,17:24:52,9,0:00:00,0:00:00,0,AGENT,17:24:52,17:26:25,93,STEREN
AA0206,50645,0,0,PS,990929,17:50:27,17:50:35,8,0:00:00,0:00:00,0,AGENT,17:50:34,17:53:02,148,STEREN
AA0206,50646,0,0,PS,990929,18:14:46,18:15:00,14,0:00:00,0:00:00,0,AGENT,18:14:59,18:16:05,66,STEREN
AA0206,50647,0,0,PS,990929,18:44:32,18:44:41,9,0:00:00,0:00:00,0,AGENT,18:44:40,18:46:51,131,GILI
AA0206,50648,0,0,PS,990929,19:10:36,19:10:46,10,0:00:00,0:00:00,0,AGENT,19:10:45,19:11:56,71,VICKY
AA0206,50649,0,0,PS,990929,19:33:02,19:33:16,14,0:00:00,0:00:00,0,AGENT,19:33:14,19:35:17,123,STEREN
AA0206,50650,0,0,PS,990929,20:19:11,20:19:22,11,0:00:00,0:00:00,0,AGENT,20:19:21,20:19:35,14,VICKY
AA0206,50651,51458594,2,PS,990929,20:39:52,20:39:57,5,20:39:57,20:41:02,65,AGENT,20:41:01,20:41:40,39,MEIR
AA0206,50652,0,0,PS,990929,21:21:01,21:21:10,9,0:00:00,0:00:00,0,AGENT,21:21:10,21:22:12,62,GILI
AA0206,50653,0,0,PS,990929,21:50:17,21:50:26,9,0:00:00,0:00:00,0,AGENT,21:50:25,21:51:03,38,STEREN
AA0206,50654,0,0,NE,990929,22:30:49,22:31:03,14,0:00:00,0:00:00,0,AGENT,22:31:02,22:32:14,72,DARMON
AA0206,50655,31855968,1,PS,990929,23:25:15,23:25:21,6,23:25:21,23:25:56,35,AGENT,23:25:55,23:26:19,24,VICKY
AA0206,50657,0,0,PS,990930,2:30:25,2:30:25,0,0:00:00,0:00:00,0,HANG,0:00:00,0:00:00,0,NO_SERVER
AA0206,50658,0,0,PS,990930,7:35:33,7:35:51,18,0:00:00,0:00:00,0,AGENT,7:35:50,7:37:59,129,YIFAT
AA0206,50659,0,0,NW,990930,8:09:43,8:09:52,9,8:09:52,8:10:00,8,AGENT,8:09:59,8:11:52,113,ANAT
AA0206,50660,0,0,PS,990930,8:40:09,8:40:19,10,0:00:00,0:00:00,0,AGENT,8:40:18,8:42:52,154,SHARON
AA0206,50661,0,0,PS,990930,8:55:07,8:55:17,10,0:00:00,0:00:00,0,AGENT,8:55:16,8:56:41,85,YIFAT
AA0206,50662,54704028,2,PS,990930,9:10:59,9:11:04,5,9:11:04,9:11:17,13,AGENT,9:11:17,9:16:24,307,YIFAT
AA0206,50663,38347431,2,PS,990930,9:20:27,9:20:33,6,9:20:33,9:20:50,17,HANG,0:00:00,0:00:00,0,NO_SERVER
AA0206,50664,32810103,1,PS,990930,9:35:18,9:35:25,7,9:35:25,9:36:01,36,HANG,0:00:00,0:00:00,0,NO_SERVER
AA0206,50665,0,0,PS,990930,9:49:29,9:49:39,10,0:00:00,0:00:00,0,AGENT,9:49:38,9:49:40,2,YIFAT
AA0206,50666,58859752,2,PS,990930,9:55:37,9:55:43,6,9:55:43,9:57:12,89,AGENT,9:57:11,10:07:32,621,SHARON
AA0206,50667,0,0,NW,990930,10:05:35,10:05:45,10,10:05:45,10:07:23,98,AGENT,10:07:22,10:10:04,162,ROTH
AA0206,50668,0,0,PS,990930,10:22:38,10:22:48,10,0:00:00,0:00:00,0,AGENT,10:22:46,10:24:12,86,YIFAT
AA0206,50669,23793540,1,PS,990930,10:37:52,10:37:58,6,10:37:58,10:40:19,141,AGENT,10:39:31,10:42:53,202,ANAT
AA0206,50670,0,0,PS,990930,10:51:46,10:51:58,12,0:00:00,0:00:00,0,AGENT,10:51:57,10:56:34,277,TOVA
AA0206,50671,17299231,2,PS,990930,11:02:09,11:02:15,6,11:02:15,11:03:05,50,AGENT,11:03:04,11:03:36,32,ANAT
AA0206,50672,57497422,2,PS,990930,11:08:13,11:08:19,6,11:08:19,11:12:13,234,AGENT,11:12:13,11:15:06,173,ANAT
AA0206,50673,50353564,2,PS,990930,11:19:34,11:19:40,6,11:19:40,11:21:57,137,AGENT,11:21:56,11:28:12,376,ANAT
AA0206,50674,65032120,2,PS,990930,11:25:33,11:25:39,6,11:25:39,11:28:08,149,AGENT,11:28:07,11:35:00,413,ROTH
AA0206,50675,50424498,2,PS,990930,11:36:15,11:36:21,6,11:36:21,11:37:32,71,AGENT,11:37:15,11:38:03,48,TOVA
AA0206,50676,51277036,2,PS,990930,11:42:53,11:42:58,5,11:42:58,11:43:14,16,HANG,0:00:00,0:00:00,0,NO_SERVER
AA0206,50677,0,0,NW,990930,11:46:54,11:47:04,10,11:47:04,11:48:51,107,HANG,0:00:00,0:00:00,0,NO_SERVER
AA0206,50678,0,0,NW,990930,11:55:11,11:55:20,9,11:55:20,11:59:08,228,AGENT,11:59:07,11:59:31,24,ROTH
AA0206,50679,24293896,1,PS,990930,12:08:52,12:08:58,6,12:08:58,12:09:45,47,AGENT,12:09:43,12:10:27,44,ZOHARI
AA0206,50680,0,0,PS,990930,12:19:15,12:19:25,10,0:00:00,0:00:00,0,AGENT,12:19:24,12:21:54,150,TOVA
AA0206,50681,0,0,NE,990930,12:34:28,12:34:38,10,0:00:00,0:00:00,0,AGENT,12:34:38,12:37:49,191,ZOHARI
AA0206,50682,0,0,NE,990930,12:55:01,12:55:13,12,0:00:00,0:00:00,0,AGENT,12:55:11,12:58:16,185,ZOHARI
AA0206,50683,55279970,2,NE,990930,13:09:49,13:09:54,5,13:09:54,13:10:53,59,AGENT,13:10:53,13:34:39,1426,ELI
AA0206,50684,23793540,1,PS,990930,13:26:51,13:26:56,5,13:26:56,13:28:00,64,HANG,0:00:00,0:00:00,0,NO_SERVER
AA0206,50685,22013551,2,NE,990930,13:46:51,13:46:56,5,13:46:56,13:49:31,155,AGENT,13:49:30,13:53:28,238,SHARON
AA0206,50686,10858884,2,NE,990930,13:56:03,13:56:08,5,13:56:08,13:56:30,22,AGENT,13:56:30,13:59:15,165,ELI
AA0206,50687,9928136,1,PS,990930,14:07:35,14:07:40,5,14:07:40,14:07:55,15,HANG,0:00:00,0:00:00,0,NO_SERVER
AA0206,50688,46985933,2,PS,990930,14:19:50,14:19:56,6,14:19:56,14:20:50,54,AGENT,14:20:49,14:23:12,143,ZOHARI
AA0206,50689,79727962,2,PS,990930,14:30:30,14:30:35,5,14:30:35,14:32:00,85,HANG,0:00:00,0:00:00,0,NO_SERVER
AA0206,50690,9354465,1,PS,990930,14:43:36,14:43:41,5,14:43:41,14:44:16,35,AGENT,14:44:15,14:47:13,178,STEREN
AA0206,50691,0,0,NW,990930,15:01:59,15:02:09,10,15:02:09,15:02:21,12,HANG,0:00:00,0:00:00,0,NO_SERVER
AA0206,50692,0,0,NW,990930,15:30:20,15:30:27,7,0:00:00,0:00:00,0,HANG,0:00:00,0:00:00,0,NO_SERVER
AA0206,50693,0,0,PS,990930,16:10:20,16:10:31,11,0:00:00,0:00:00,0,AGENT,16:10:30,16:22:45,735,AVNI
AA0206,50694,51891398,2,PS,990930,16:26:47,16:26:52,5,16:26:52,16:27:59,67,AGENT,16:27:58,16:57:01,1743,ROTH
AA0206,50695,0,0,PS,990930,16:46:07,16:46:16,9,0:00:00,0:00:00,0,AGENT,16:46:16,16:50:34,258,STEREN
AA0206,50696,641902,1,PS,990930,17:03:23,17:03:28,5,17:03:28,17:03:50,22,AGENT,17:03:49,17:08:27,278,AVNI
AA0206,50697,0,0,PS,990930,17:35:09,17:35:17,8,0:00:00,0:00:00,0,AGENT,17:35:16,17:35:59,43,STEREN
AA0206,50698,0,0,PS,990930,18:27:04,18:27:13,9,0:00:00,0:00:00,0,AGENT,18:27:13,18:29:56,163,STEREN
AA0206,50699,0,0,PS,990930,18:52:43,18:52:51,8,0:00:00,0:00:00,0,AGENT,18:52:51,18:53:58,67,AVNI
AA0206,50700,0,0,PS,990930,19:48:04,19:48:38,34,0:00:00,0:00:00,0,AGENT,19:48:37,20:08:25,1188,MEIR
AA0206,50701,0,0,NW,990930,20:14:56,20:15:05,9,20:15:05,20:15:36,31,HANG,0:00:00,0:00:00,0,NO_SERVER
AA0206,50702,0,0,PS,990930,20:55:42,20:56:11,29,0:00:00,0:00:00,0,AGENT,20:56:09,20:57:04,55,YITZ
AA0206,50703,0,0,PS,990930,21:31:20,21:31:30,10,0:00:00,0:00:00,0,AGENT,21:31:30,21:33:25,115,VICKY
AA0206,50704,0,0,NW,990930,22:30:16,22:30:34,18,0:00:00,0:00:00,0,AGENT,22:30:33,22:31:03,30,YITZ
AA0206,50705,0,0,NW,990930,23:38:45,23:39:00,15,0:00:00,0:00:00,0,AGENT,23:38:59,23:39:05,6,VICKY
AA0207,9154,0,0,NW,990901,0:03:00,0:03:34,34,0:00:00,0:00:00,0,HANG,0:00:00,0:00:00,0,NO_SERVER
AA0207,9156,0,0,PS,990901,6:47:06,6:47:06,0,0:00:00,0:00:00,0,HANG,0:00:00,0:00:00,0,NO_SERVER
AA0207,9157,0,0,PS,990901,7:33:58,7:34:07,9,0:00:00,0:00:00,0,AGENT,7:34:06,7:36:05,119,BASCH
AA0207,9158,0,0,PS,990901,7:55:37,7:55:48,11,0:00:00,0:00:00,0,AGENT,7:55:46,7:58:01,135,SHARON
AA0207,9159,0,0,PS,990901,8:10:59,8:11:08,9,0:00:00,0:00:00,0,AGENT,8:11:07,8:17:40,393,NAAMA
AA0207,9160,0,0,NW,990901,8:29:18,8:29:32,14,0:00:00,0:00:00,0,AGENT,8:29:31,8:29:52,21,BASCH
AA0207,9161,0,0,PS,990901,8:41:13,8:41:22,9,0:00:00,0:00:00,0,AGENT,8:41:22,8:56:10,888,STEREN
AA0207,9162,0,0,NW,990901,8:55:50,8:56:09,19,0:00:00,0:00:00,0,AGENT,8:56:08,8:57:00,52,BASCH
AA0207,9163,9103060,2,NE,990901,9:06:59,9:07:05,6,9:07:05,9:07:17,12,AGENT,9:07:15,9:09:06,111,SHARON
AA0207,9164,0,0,PS,990901,9:18:15,9:18:24,9,0:00:00,0:00:00,0,AGENT,9:18:24,9:19:47,83,YITZ
AA0207,9165,0,0,PS,990901,9:28:53,9:29:03,10,0:00:00,0:00:00,0,AGENT,9:29:03,9:29:53,50,YITZ
AA0207,9166,0,0,PS,990901,9:40:05,9:40:14,9,0:00:00,0:00:00,0,AGENT,9:40:13,9:41:35,82,AVNI
AA0207,9167,0,0,NW,990901,9:47:40,9:47:53,13,0:00:00,0:00:00,0,AGENT,9:47:52,9:49:12,80,ROTH
AA0207,9168,0,0,PS,990901,9:57:16,9:57:26,10,0:00:00,0:00:00,0,AGENT,9:57:24,9:59:09,105,ROTH
AA0207,9169,10858884,2,NE,990901,10:09:11,10:09:17,6,10:09:17,10:10:25,68,AGENT,10:10:24,10:11:57,93,SHARON
AA0207,9170,0,0,PS,990901,10:19:25,10:19:35,10,0:00:00,0:00:00,0,AGENT,10:19:34,10:25:27,353,SHARON
AA0207,9171,10858884,2,NE,990901,10:27:54,10:28:00,6,10:28:00,10:28:09,9,AGENT,10:28:09,10:30:48,159,BASCH
AA0207,9172,28110013,1,PS,990901,10:38:16,10:38:22,6,10:38:22,10:41:21,179,AGENT,10:41:19,10:42:25,66,NAAMA
AA0207,9173,0,0,PS,990901,10:54:51,10:55:00,9,0:00:00,0:00:00,0,AGENT,10:54:59,10:58:42,223,DORIT
AA0207,9174,0,0,NE,990901,11:05:53,11:06:02,9,0:00:00,0:00:00,0,AGENT,11:06:01,11:09:35,214,BASCH
AA0207,9175,52131323,2,PS,990901,11:16:02,11:16:07,5,11:16:07,11:21:11,304,AGENT,11:21:10,11:23:17,127,ROTH
AA0207,9176,0,0,PS,990901,11:34:54,11:35:06,12,0:00:00,0:00:00,0,AGENT,11:35:04,11:37:18,134,YITZ
AA0207,9177,33769464,1,PS,990901,11:43:57,11:44:02,5,11:44:02,11:44:42,40,HANG,0:00:00,0:00:00,0,NO_SERVER
AA0207,9178,0,0,PS,990901,11:58:01,11:58:10,9,0:00:00,0:00:00,0,AGENT,11:58:10,12:07:35,565,ROTH
AA0207,9179,58859752,2,PS,990901,12:11:00,12:11:05,5,12:11:05,12:11:15,10,AGENT,12:11:14,12:12:52,98,ROTH
AA0207,9180,0,0,PS,990901,12:24:44,12:24:56,12,0:00:00,0:00:00,0,AGENT,12:24:55,12:30:13,318,SHARON
AA0207,9181,0,0,PS,990901,12:40:35,12:40:45,10,0:00:00,0:00:00,0,AGENT,12:40:45,12:46:54,369,NAAMA
AA0207,9182,0,0,PS,990901,12:51:41,12:51:50,9,0:00:00,0:00:00,0,AGENT,12:51:49,12:53:22,93,ZOHARI
AA0207,9183,0,0,PS,990901,13:05:06,13:05:18,12,0:00:00,0:00:00,0,AGENT,13:05:17,13:10:27,310,STEREN
AA0207,9184,0,0,PS,990901,13:21:04,13:21:15,11,0:00:00,0:00:00,0,AGENT,13:21:14,13:21:58,44,SHARON
AA0207,9185,0,0,PS,990901,13:37:45,13:37:56,11,0:00:00,0:00:00,0,AGENT,13:37:54,13:39:05,71,DORIT
AA0207,9186,0,0,NE,990901,13:49:09,13:49:24,15,0:00:00,0:00:00,0,AGENT,13:49:23,13:54:25,302,ELI
AA0207,9187,0,0,PS,990901,14:03:09,14:03:18,9,0:00:00,0:00:00,0,AGENT,14:03:17,14:08:15,298,ROTH
AA0207,9188,0,0,PS,990901,14:16:55,14:17:05,10,0:00:00,0:00:00,0,AGENT,14:17:04,14:17:08,4,MORIAH
AA0207,9189,0,0,PS,990901,14:27:43,14:27:53,10,0:00:00,0:00:00,0,AGENT,14:27:52,14:28:56,64,AVNI
AA0207,9190,0,0,NE,990901,14:37:16,14:37:24,8,0:00:00,0:00:00,0,AGENT,14:37:24,14:37:28,4,NO_SERVER
AA0207,9191,0,0,PS,990901,14:47:53,14:48:02,9,0:00:00,0:00:00,0,AGENT,14:48:01,14:49:14,73,ANAT
AA0207,9192,10473262,2,PS,990901,15:01:32,15:01:37,5,15:01:37,15:01:59,22,AGENT,15:01:59,15:03:22,83,BENSION
AA0207,9193,24439804,2,PS,990901,15:14:20,15:14:26,6,15:14:26,15:14:49,23,AGENT,15:14:48,15:14:51,3,MORIAH
AA0207,9194,0,0,PS,990901,15:24:40,15:24:51,11,0:00:00,0:00:00,0,AGENT,15:24:50,15:25:50,60,STEREN
AA0207,9195,0,0,PS,990901,15:34:34,15:34:48,14,0:00:00,0:00:00,0,AGENT,15:34:46,15:42:12,446,ANAT
AA0207,9196,0,0,PS,990901,15:45:11,15:45:25,14,0:00:00,0:00:00,0,AGENT,15:45:24,15:45:50,26,ANAT
AA0207,9197,3968047,2,PS,990901,15:55:23,15:55:28,5,15:55:28,15:55:41,13,AGENT,15:55:40,16:07:40,720,SHARON
AA0207,9198,0,0,PS,990901,16:12:36,16:12:46,10,0:00:00,0:00:00,0,AGENT,16:12:45,16:14:20,95,AVI
AA0207,9199,0,0,NW,990901,16:35:22,16:35:39,17,0:00:00,0:00:00,0,AGENT,16:35:38,16:35:44,6,NO_SERVER
AA0207,9200,0,0,PS,990901,16:49:52,16:50:06,14,0:00:00,0:00:00,0,AGENT,16:50:04,16:53:01,177,AVI
AA0207,9201,41543000,2,PS,990901,17:00:09,17:00:15,6,17:00:15,17:00:20,5,AGENT,17:00:19,17:00:21,2,MORIAH
AA0207,9202,38305926,2,PS,990901,17:15:28,17:15:34,6,17:15:34,17:16:52,78,AGENT,17:16:51,17:17:48,57,TOVA
AA0207,9203,0,0,PS,990901,17:38:16,17:38:26,10,0:00:00,0:00:00,0,AGENT,17:38:26,17:41:30,184,VICKY
AA0207,9204,5871710,1,PS,990901,17:51:03,17:51:09,6,17:51:09,17:51:19,10,AGENT,17:51:18,17:51:55,37,VICKY
AA0207,9205,0,0,NE,990901,18:12:45,18:12:57,12,0:00:00,0:00:00,0,AGENT,18:12:57,18:19:27,390,MORIAH
AA0207,9206,0,0,PS,990901,18:27:56,18:28:09,13,0:00:00,0:00:00,0,AGENT,18:28:08,18:28:14,6,NO_SERVER
AA0207,9207,0,0,NE,990901,18:50:42,18:50:53,11,0:00:00,0:00:00,0,AGENT,18:50:52,18:52:20,88,VICKY
AA0207,9208,0,0,PS,990901,19:15:59,19:16:15,16,0:00:00,0:00:00,0,AGENT,19:16:14,19:17:52,98,AVI
AA0207,9209,0,0,PS,990901,19:37:34,19:37:44,10,0:00:00,0:00:00,0,AGENT,19:37:43,19:39:27,104,ANAT
AA0207,9210,0,0,NW,990901,20:03:00,20:03:12,12,0:00:00,0:00:00,0,AGENT,20:03:12,20:04:10,58,VICKY
AA0207,9211,0,0,PS,990901,20:21:47,20:21:59,12,0:00:00,0:00:00,0,AGENT,20:21:59,20:25:12,193,MEIR
AA0207,9212,32383606,1,PS,990901,20:33:50,20:33:55,5,20:33:55,20:34:18,23,AGENT,20:34:17,20:35:03,46,MEIR
AA0207,9213,0,0,NW,990901,20:49:12,20:49:26,14,0:00:00,0:00:00,0,AGENT,20:49:25,20:51:06,101,MEIR
AA0207,9215,0,0,PS,990901,21:01:49,21:01:49,0,0:00:00,0:00:00,0,HANG,0:00:00,0:00:00,0,NO_SERVER
AA0207,9216,0,0,PS,990901,21:20:29,21:20:43,14,0:00:00,0:00:00,0,AGENT,21:20:43,21:21:42,59,BENSION
AA0207,9217,0,0,PS,990901,21:43:43,21:43:53,10,0:00:00,0:00:00,0,AGENT,21:43:52,21:49:39,347,VICKY
AA0207,9218,27753987,1,PS,990901,22:01:51,22:02:12,21,22:02:12,22:02:26,14,AGENT,22:02:25,22:03:56,91,AVI
AA0207,9219,14558621,2,PS,990901,22:15:45,22:15:51,6,22:15:51,22:17:14,83,AGENT,22:17:13,22:20:06,173,VICKY
AA0207,9220,0,0,PS,990901,22:36:55,22:37:03,8,0:00:00,0:00:00,0,AGENT,22:37:03,22:39:57,174,AVI
AA0207,9221,25225244,2,PS,990901,22:56:34,22:56:40,6,22:56:40,22:56:51,11,AGENT,22:56:50,23:00:19,209,VICKY
AA0207,9222,25219411,1,PS,990901,23:21:52,23:21:57,5,23:21:57,23:22:57,60,AGENT,23:22:57,23:24:28,91,VICKY
AA0207,9223,22665004,1,PS,990901,23:47:09,23:47:15,6,23:47:15,23:48:12,57,AGENT,23:48:11,23:49:39,88,VICKY
AA0207,9225,0,0,PS,990902,6:50:04,6:50:04,0,0:00:00,0:00:00,0,HANG,0:00:00,0:00:00,0,NO_SERVER
AA0207,9226,28491991,1,PS,990902,7:33:15,7:33:21,6,7:33:21,7:33:43,22,AGENT,7:33:41,7:34:40,59,ANAT
AA0207,9227,0,0,PS,990902,7:57:55,7:58:05,10,0:00:00,0:00:00,0,AGENT,7:58:04,7:59:07,63,ZOHARI
AA0207,9228,0,0,PS,990902,8:21:48,8:21:57,9,0:00:00,0:00:00,0,AGENT,8:21:56,8:23:43,107,TOVA
AA0207,9229,14123863,1,PS,990902,8:33:09,8:33:15,6,8:33:15,8:33:52,37,AGENT,8:33:51,8:43:10,559,MORIAH
AA0207,9230,7301633,2,PS,990902,8:42:42,8:42:48,6,8:42:48,8:42:57,9,HANG,0:00:00,0:00:00,0,NO_SERVER
AA0207,9231,14409098,1,PS,990902,8:50:19,8:50:25,6,8:50:25,8:50:35,10,HANG,0:00:00,0:00:00,0,NO_SERVER
AA0207,9232,0,0,NW,990902,8:57:53,8:58:03,10,8:58:03,9:03:09,306,AGENT,9:03:08,9:16:01,773,MORIAH
AA0207,9233,25722554,1,PS,990902,9:15:55,9:16:00,5,9:16:00,9:16:12,12,AGENT,9:16:10,9:18:09,119,ROTH
AA0207,9234,0,0,PS,990902,9:28:53,9:29:07,14,0:00:00,0:00:00,0,AGENT,9:29:06,9:36:26,440,ANAT
AA0207,9235,24293896,1,PS,990902,9:39:40,9:39:46,6,9:39:46,9:39:55,9,HANG,0:00:00,0:00:00,0,NO_SERVER
AA0207,9236,55021059,1,PS,990902,9:46:52,9:46:57,5,9:46:57,9:48:17,80,AGENT,9:48:16,9:50:46,150,ZOHARI
AA0207,9237,59648238,2,PS,990902,9:57:12,9:57:18,6,9:57:18,9:57:38,20,AGENT,9:57:38,9:58:11,33,STEREN
AA0207,9238,26071530,2,PS,990902,10:06:25,10:06:31,6,10:06:31,10:07:36,65,AGENT,10:07:35,10:20:20,765,ROTH
AA0207,9239,12482634,2,NE,990902,10:14:49,10:14:55,6,10:14:55,10:18:05,190,AGENT,10:18:05,10:24:40,395,ANAT
AA0207,9240,0,0,NW,990902,10:22:12,10:22:22,10,10:22:22,10:22:53,31,HANG,0:00:00,0:00:00,0,NO_SERVER
AA0207,9241,36113397,1,PS,990902,10:26:51,10:26:56,5,10:26:56,10:29:06,130,HANG,0:00:00,0:00:00,0,NO_SERVER
AA0207,9242,50594746,2,PS,990902,10:33:47,10:33:53,6,10:33:53,10:35:12,79,AGENT,10:35:11,10:38:57,226,STEREN
AA0207,9243,32286627,1,PS,990902,10:39:49,10:39:54,5,10:39:54,10:45:05,311,AGENT,10:45:04,10:46:25,81,ROTH
AA0207,9244,58779216,1,PS,990902,10:48:11,10:48:17,6,10:48:17,10:49:46,89,HANG,0:00:00,0:00:00,0,NO_SERVER
AA0207,9245,34471920,1,PS,990902,10:56:13,10:56:18,5,10:56:18,10:58:46,148,HANG,0:00:00,0:00:00,0,NO_SERVER
AA0207,9246,22612071,2,PS,990902,11:04:56,11:05:02,6,11:05:02,11:07:33,151,AGENT,11:07:32,11:13:25,353,ROTH
AA0207,9247,6861355,1,PS,990902,11:12:09,11:12:15,6,11:12:15,11:12:24,9,HANG,0:00:00,0:00:00,0,NO_SERVER
AA0207,9248,11915915,1,PS,990902,11:16:34,11:16:40,6,11:16:40,11:18:56,136,AGENT,11:18:55,11:19:51,56,ANAT
AA0207,9249,904078,1,PS,990902,11:26:02,11:26:08,6,11:26:08,11:28:53,165,AGENT,11:28:53,11:33:32,279,TOVA
AA0207,9250,38449971,1,PS,990902,11:34:58,11:35:04,6,11:35:04,11:37:16,132,AGENT,11:37:14,11:49:06,712,DARMON
AA0207,9252,0,0,PS,990902,11:45:27,11:45:27,0,0:00:00,0:00:00,0,HANG,0:00:00,0:00:00,0,NO_SERVER
AA0207,9253,0,0,NW,990902,11:51:17,11:51:26,9,11:51:26,11:53:40,134,AGENT,11:53:39,11:54:57,78,ROTH
AA0207,9254,0,0,PS,990902,12:04:03,12:04:17,14,0:00:00,0:00:00,0,AGENT,12:04:16,12:08:10,234,YIFAT
AA0207,9255,33474602,2,PS,990902,12:12:30,12:12:36,6,12:12:36,12:12:41,5,AGENT,12:12:40,12:19:13,393,YIFAT
AA0207,9256,0,0,PS,990902,12:23:19,12:23:29,10,0:00:00,0:00:00,0,AGENT,12:23:28,12:29:19,351,YIFAT
AA0207,9257,42813816,1,NE,990902,12:34:53,12:34:58,5,12:34:58,12:35:14,16,AGENT,12:35:13,12:37:42,149,ZOHARI
AA0207,9258,0,0,NW,990902,12:43:19,12:43:28,9,12:43:28,12:43:53,25,AGENT,12:43:52,12:44:33,41,MORIAH
AA0207,9259,0,0,PS,990902,12:50:52,12:51:01,9,0:00:00,0:00:00,0,AGENT,12:51:01,12:52:47,106,TOVA
AA0207,9260,0,0,PS,990902,13:02:04,13:02:13,9,0:00:00,0:00:00,0,AGENT,13:02:12,13:10:56,524,ANAT
AA0207,9261,13346390,2,PS,990902,13:10:51,13:10:57,6,13:10:57,13:11:18,21,AGENT,13:11:17,13:15:52,275,TOVA
AA0207,9262,0,0,NW,990902,13:20:45,13:20:55,10,13:20:55,13:21:08,13,AGENT,13:21:07,13:23:25,138,MORIAH
AA0207,9263,0,0,PS,990902,13:30:08,13:30:17,9,0:00:00,0:00:00,0,AGENT,13:30:16,13:33:29,193,ANAT
AA0207,9264,0,0,PS,990902,13:44:37,13:44:46,9,0:00:00,0:00:00,0,AGENT,13:44:45,13:45:22,37,KAZAV
AA0207,9265,25684036,1,PS,990902,13:56:44,13:56:50,6,13:56:50,13:56:54,4,AGENT,13:56:53,14:06:14,561,MORIAH
AA0207,9266,3744216,2,PS,990902,14:04:46,14:04:51,5,14:04:51,14:06:48,117,AGENT,14:06:47,14:43:40,2213,MORIAH
AA0207,9267,52114295,2,PS,990902,14:16:13,14:16:19,6,14:16:19,14:17:30,71,AGENT,14:17:29,14:22:02,273,DARMON
AA0207,9268,62858527,1,PS,990902,14:27:42,14:27:48,6,14:27:48,14:28:58,70,HANG,0:00:00,0:00:00,0,NO_SERVER
AA0207,9269,0,0,NW,990902,14:35:46,14:35:55,9,14:35:55,14:38:33,158,AGENT,14:38:32,14:40:58,146,STEREN
AA0207,9270,52120771,1,NE,990902,14:48:04,14:48:25,21,14:48:25,14:48:47,22,AGENT,14:48:46,14:52:44,238,STEREN
AA0207,9271,54539366,1,PS,990902,14:57:43,14:57:49,6,14:57:49,14:57:58,9,HANG,0:00:00,0:00:00,0,NO_SERVER
AA0207,9272,4476719,1,PS,990902,15:04:30,15:04:35,5,15:04:35,15:07:00,145,AGENT,15:07:00,15:07:51,51,STEREN
AA0207,9273,0,0,NE,990902,15:18:46,15:18:57,11,0:00:00,0:00:00,0,AGENT,15:18:56,15:36:16,1040,ELI
AA0207,9274,68741495,2,NE,990902,15:26:47,15:26:53,6,15:26:53,15:31:54,301,AGENT,15:31:53,15:35:57,244,ZOHARI
AA0207,9275,25124181,2,NE,990902,15:40:19,15:40:25,6,15:40:25,15:44:49,264,AGENT,15:44:48,15:46:39,111,KAZAV
AA0207,9276,28018224,1,PS,990902,15:49:37,15:49:42,5,15:49:42,15:52:46,184,AGENT,15:52:45,16:00:01,436,ZOHARI
AA0207,9277,65032120,2,PS,990902,16:02:10,16:02:16,6,16:02:16,16:03:04,48,AGENT,16:03:03,16:07:31,268,ROTH
AA0207,9279,0,0,PS,990902,16:09:30,16:09:30,0,0:00:00,0:00:00,0,HANG,0:00:00,0:00:00,0,NO_SERVER
AA0207,9280,22263115,2,PS,990902,16:16:44,16:16:50,6,16:16:50,16:20:45,235,HANG,0:00:00,0:00:00,0,NO_SERVER
AA0207,9281,55920755,2,PS,990902,16:24:07,16:24:12,5,16:24:12,16:28:45,273,AGENT,16:28:44,16:34:26,342,DARMON
AA0207,9282,27400084,2,NE,990902,16:35:31,16:36:35,64,16:36:35,16:36:47,12,AGENT,16:36:46,16:38:48,122,AVI
AA0207,9283,54863246,1,PS,990902,16:45:11,16:45:16,5,16:45:16,16:46:36,80,AGENT,16:46:34,16:47:38,64,VICKY
AA0207,9284,28497956,2,PS,990902,16:55:56,16:56:02,6,16:56:02,16:56:50,48,AGENT,16:56:48,16:57:26,38,YITZ
AA0207,9285,50716158,2,PS,990902,17:06:40,17:06:45,5,17:06:45,17:06:56,11,HANG,0:00:00,0:00:00,0,NO_SERVER
AA0207,9286,10634848,1,NE,990902,17:15:48,17:15:53,5,17:15:53,17:19:13,200,AGENT,17:19:12,17:20:00,48,BASCH
AA0207,9287,0,0,NW,990902,17:25:19,17:25:28,9,17:25:28,17:29:58,270,AGENT,17:29:58,17:31:04,66,PINHAS
AA0207,9288,63193346,2,PS,990902,17:40:00,17:40:05,5,17:40:05,17:40:10,5,AGENT,17:40:09,17:41:08,59,BASCH
AA0207,9289,0,0,PS,990902,17:52:43,17:52:52,9,0:00:00,0:00:00,0,AGENT,17:52:52,17:54:04,72,AVI
AA0207,9290,0,0,NW,990902,18:01:54,18:02:03,9,18:02:03,18:02:30,27,HANG,0:00:00,0:00:00,0,NO_SERVER
AA0207,9291,0,0,NW,990902,18:11:08,18:11:17,9,18:11:17,18:13:32,135,AGENT,18:13:31,18:16:08,157,PINHAS
AA0207,9292,0,0,NW,990902,18:24:43,18:24:52,9,18:24:52,18:25:51,59,AGENT,18:25:50,18:26:16,26,AVI
AA0207,9293,59648238,2,PS,990902,18:33:26,18:33:31,5,18:33:31,18:34:15,44,AGENT,18:34:14,18:36:36,142,BASCH
AA0207,9294,52239282,1,PS,990902,18:46:15,18:46:21,6,18:46:21,18:47:40,79,AGENT,18:47:39,18:47:40,1,AVI
AA0207,9295,9954751,2,PS,990902,18:56:26,18:56:32,6,18:56:32,18:59:41,189,AGENT,18:59:40,19:03:18,218,BASCH
AA0207,9296,0,0,PS,990902,19:10:49,19:11:00,11,0:00:00,0:00:00,0,AGENT,19:10:59,19:12:42,103,VICKY
AA0207,9297,0,0,PS,990902,19:26:36,19:26:45,9,0:00:00,0:00:00,0,AGENT,19:26:44,19:28:35,111,AVI
AA0207,9298,0,0,PS,990902,19:39:32,19:39:42,10,0:00:00,0:00:00,0,AGENT,19:39:41,19:40:46,65,AVI
AA0207,9299,54349832,2,PS,990902,19:52:03,19:52:09,6,19:52:09,19:52:41,32,AGENT,19:52:41,19:53:39,58,AVI
AA0207,9300,304396716,1,PS,990902,20:09:46,20:09:51,5,20:09:51,20:10:03,12,AGENT,20:10:02,20:12:27,145,YITZ
AA0207,9301,0,0,NW,990902,20:31:14,20:31:23,9,20:31:23,20:31:24,1,HANG,0:00:00,0:00:00,0,NO_SERVER
AA0207,9302,15572035,2,PE,990902,20:45:48,20:45:52,4,20:45:52,20:48:16,144,AGENT,20:48:15,20:50:15,120,VICKY
AA0207,9303,0,0,PS,990902,21:06:02,21:06:14,12,0:00:00,0:00:00,0,AGENT,21:06:13,21:08:37,144,VICKY
AA0207,9304,0,0,NE,990902,21:33:32,21:33:42,10,0:00:00,0:00:00,0,AGENT,21:33:41,21:33:50,9,AVI
AA0207,9305,11823762,2,PS,990902,22:04:11,22:04:16,5,22:04:16,22:04:22,6,AGENT,22:04:21,22:06:31,130,BASCH
AA0207,9306,0,0,PS,990902,22:43:27,22:43:37,10,0:00:00,0:00:00,0,AGENT,22:43:37,22:46:06,149,AVI
AA0207,9307,31463482,1,PS,990902,23:08:33,23:08:39,6,23:08:39,23:09:00,21,AGENT,23:08:59,23:09:44,45,BASCH
AA0207,9308,58029620,2,PS,990902,23:27:46,23:27:52,6,23:27:52,23:29:54,122,AGENT,23:29:53,23:30:16,23,AVI
AA0207,9309,0,0,PS,990903,0:29:45,0:29:55,10,0:00:00,0:00:00,0,HANG,0:00:00,0:00:00,0,NO_SERVER
AA0207,9310,0,0,NW,990903,6:47:41,6:48:19,38,0:00:00,0:00:00,0,HANG,0:00:00,0:00:00,0,NO_SERVER
AA0207,9311,0,0,PS,990903,7:04:20,7:04:36,16,0:00:00,0:00:00,0,HANG,0:00:00,0:00:00,0,NO_SERVER
AA0207,9312,310865688,1,PS,990903,7:04:40,7:04:44,4,7:04:44,7:04:47,3,HANG,0:00:00,0:00:00,0,NO_SERVER
AA0207,9313,0,0,PS,990903,7:31:53,7:32:05,12,0:00:00,0:00:00,0,AGENT,7:32:03,7:36:20,257,ELI
AA0207,9314,0,0,PS,990903,7:41:30,7:41:39,9,0:00:00,0:00:00,0,AGENT,7:41:39,7:46:19,280,ROTH
AA0207,9315,27807460,1,PS,990903,7:56:06,7:56:11,5,7:56:11,7:56:47,36,AGENT,7:56:46,7:57:52,66,STEREN
AA0207,9316,0,0,PS,990903,8:07:25,8:08:06,41,0:00:00,0:00:00,0,HANG,0:00:00,0:00:00,0,NO_SERVER
AA0207,9317,54196217,2,PS,990903,8:13:41,8:13:46,5,8:13:46,8:14:33,47,AGENT,8:14:32,8:16:38,126,ROTH
AA0207,9318,8073371,2,PS,990903,8:22:18,8:22:23,5,8:22:23,8:23:03,40,AGENT,8:23:02,8:27:20,258,ZOHARI
AA0207,9319,0,0,NW,990903,8:39:07,8:39:25,18,0:00:00,0:00:00,0,AGENT,8:39:23,8:45:29,366,ZOHARI
AA0207,9320,60096450,1,PS,990903,8:48:45,8:48:51,6,8:48:51,8:49:05,14,AGENT,8:49:03,8:54:37,334,ROTH
AA0207,9321,58704610,2,PS,990903,8:57:12,8:57:18,6,8:57:18,8:58:34,76,AGENT,8:58:32,9:00:45,133,ROTH
AA0207,9322,0,0,PE,990903,9:07:24,9:07:31,7,0:00:00,0:00:00,0,AGENT,9:07:30,9:09:19,109,MORIAH
AA0207,9323,33638552,1,PS,990903,9:21:14,9:21:20,6,9:21:20,9:22:54,94,AGENT,9:22:53,9:25:41,168,STEREN
AA0207,9324,51046290,2,PS,990903,9:27:55,9:28:01,6,9:28:01,9:28:41,40,AGENT,9:28:41,9:29:26,45,BENSION
AA0207,9325,0,0,NW,990903,9:45:34,9:45:48,14,0:00:00,0:00:00,0,AGENT,9:45:47,9:46:22,35,ROTH
AA0207,9326,24441131,1,PS,990903,9:56:32,9:56:38,6,9:56:38,9:58:15,97,AGENT,9:58:15,10:04:35,380,ELI
AA0207,9327,0,0,NW,990903,10:05:19,10:05:32,13,0:00:00,0:00:00,0,AGENT,10:05:32,10:06:07,35,BASCH
AA0207,9328,0,0,NW,990903,10:19:31,10:19:43,12,0:00:00,0:00:00,0,AGENT,10:19:42,10:24:41,299,MORIAH
AA0207,9329,25352329,1,PS,990903,10:31:13,10:31:18,5,10:31:18,10:32:57,99,AGENT,10:32:56,10:33:01,5,MORIAH
AA0207,9330,57128464,2,PS,990903,10:39:58,10:40:03,5,10:40:03,10:42:27,144,AGENT,10:42:26,10:43:56,90,BASCH
AA0207,9331,0,0,PS,990903,10:50:54,10:51:03,9,0:00:00,0:00:00,0,AGENT,10:51:02,10:56:03,301,ROTH
AA0207,9332,0,0,PS,990903,11:08:40,11:08:53,13,0:00:00,0:00:00,0,AGENT,11:08:53,11:12:34,221,ZOHARI
AA0207,9333,24829558,2,PS,990903,11:20:54,11:20:59,5,11:20:59,11:21:27,28,AGENT,11:21:26,11:22:16,50,BENSION
AA0207,9334,25621582,1,PS,990903,11:32:45,11:32:50,5,11:32:50,11:33:15,25,AGENT,11:33:14,11:35:59,165,ZOHARI
AA0207,9335,0,0,PS,990903,11:54:30,11:54:49,19,0:00:00,0:00:00,0,AGENT,11:54:47,12:00:04,317,BENSION
AA0207,9336,0,0,NW,990903,12:10:04,12:10:21,17,0:00:00,0:00:00,0,AGENT,12:10:20,12:11:43,83,BENSION
AA0207,9337,0,0,PS,990903,12:24:46,12:24:55,9,0:00:00,0:00:00,0,AGENT,12:24:55,12:25:49,54,ROTH
AA0207,9338,0,0,NW,990903,12:41:55,12:42:09,14,0:00:00,0:00:00,0,AGENT,12:42:09,12:44:05,116,ZOHARI
AA0207,9339,0,0,PS,990903,12:57:47,12:57:57,10,0:00:00,0:00:00,0,AGENT,12:57:57,13:00:40,163,MORIAH
AA0207,9340,0,0,PS,990903,13:22:41,13:22:54,13,0:00:00,0:00:00,0,AGENT,13:22:53,13:24:42,109,ZOHARI
AA0207,9341,0,0,PS,990903,13:51:34,13:51:44,10,0:00:00,0:00:00,0,AGENT,13:51:43,13:52:23,40,ZOHARI
AA0207,9342,0,0,PS,990903,14:25:12,14:25:39,27,0:00:00,0:00:00,0,HANG,0:00:00,0:00:00,0,NO_SERVER
AA0207,9344,0,0,PE,990903,14:56:33,14:56:33,0,0:00:00,0:00:00,0,HANG,0:00:00,0:00:00,0,NO_SERVER
AA0207,9345,0,0,PS,990903,16:07:15,16:07:30,15,0:00:00,0:00:00,0,HANG,0:00:00,0:00:00,0,NO_SERVER
AA0207,9346,0,0,NW,990903,17:38:08,17:38:46,38,0:00:00,0:00:00,0,HANG,0:00:00,0:00:00,0,NO_SERVER
AA0207,9347,0,0,NW,990904,12:58:01,12:58:24,23,0:00:00,0:00:00,0,HANG,0:00:00,0:00:00,0,NO_SERVER
AA0207,9348,0,0,PS,990904,19:41:46,19:41:56,10,0:00:00,0:00:00,0,HANG,0:00:00,0:00:00,0,NO_SERVER
AA0207,9349,0,0,NE,990904,20:08:41,20:08:50,9,0:00:00,0:00:00,0,AGENT,20:08:50,20:10:05,75,ZOHARI
AA0207,9350,0,0,NW,990904,20:21:56,20:22:06,10,20:22:06,20:22:44,38,AGENT,20:22:43,20:23:07,24,BASCH
AA0207,9351,563189,2,NE,990904,20:36:28,20:36:34,6,20:36:34,20:36:51,17,AGENT,20:36:50,20:38:32,102,MORIAH
AA0207,9352,33693375,2,PS,990904,20:47:00,20:47:05,5,20:47:05,20:47:16,11,AGENT,20:47:15,20:49:42,147,MORIAH
AA0207,9353,0,0,NW,990904,21:13:38,21:14:02,24,0:00:00,0:00:00,0,AGENT,21:14:01,21:15:11,70,MORIAH
AA0207,9354,0,0,PS,990904,21:44:54,21:45:13,19,0:00:00,0:00:00,0,AGENT,21:45:11,21:46:29,78,MORIAH
AA0207,9355,0,0,PS,990904,22:15:58,22:16:11,13,0:00:00,0:00:00,0,AGENT,22:16:10,22:16:49,39,BASCH
AA0207,9356,0,0,PS,990904,22:42:47,22:43:04,17,0:00:00,0:00:00,0,AGENT,22:43:03,22:44:02,59,MORIAH
AA0207,9357,0,0,PS,990904,23:17:56,23:18:08,12,0:00:00,0:00:00,0,AGENT,23:18:07,23:23:27,320,BASCH
AA0207,9358,0,0,NW,990905,0:50:11,0:51:24,73,0:00:00,0:00:00,0,HANG,0:00:00,0:00:00,0,NO_SERVER
AA0207,9359,0,0,PS,990905,6:56:57,6:57:07,10,0:00:00,0:00:00,0,HANG,0:00:00,0:00:00,0,NO_SERVER
AA0207,9360,24512279,2,PS,990905,7:20:03,7:20:09,6,7:20:09,7:21:09,60,AGENT,7:21:08,7:22:04,56,AVI
AA0207,9361,1161660,2,PS,990905,7:40:19,7:40:24,5,7:40:24,7:42:21,117,AGENT,7:42:20,7:45:29,189,DORIT
AA0207,9362,0,0,PS,990905,8:07:27,8:07:44,17,0:00:00,0:00:00,0,AGENT,8:07:43,8:10:02,139,ANAT
AA0207,9363,22784409,1,PS,990905,8:19:59,8:20:04,5,8:20:04,8:20:09,5,AGENT,8:20:08,8:21:42,94,NAAMA
AA0207,9364,0,0,NW,990905,8:33:31,8:33:43,12,0:00:00,0:00:00,0,AGENT,8:33:42,8:34:18,36,STEREN
AA0207,9365,0,0,NW,990905,8:47:37,8:47:46,9,8:47:46,8:48:00,14,HANG,0:00:00,0:00:00,0,NO_SERVER
AA0207,9366,52157849,1,PS,990905,8:56:41,8:56:49,8,8:56:49,8:57:12,23,AGENT,8:57:12,8:57:39,27,AVI
AA0207,9367,1432657,2,PS,990905,9:12:28,9:12:33,5,9:12:33,9:12:42,9,AGENT,9:12:41,9:14:00,79,ZOHARI
AA0207,9369,0,0,PS,990905,9:19:00,9:19:00,0,0:00:00,0:00:00,0,HANG,0:00:00,0:00:00,0,NO_SERVER
AA0207,9370,67953661,1,PS,990905,9:27:45,9:27:51,6,9:27:51,9:27:58,7,AGENT,9:27:58,9:35:18,440,DORIT
AA0207,9371,0,0,PS,990905,9:35:55,9:36:05,10,0:00:00,0:00:00,0,AGENT,9:36:05,9:46:33,628,ANAT
AA0207,9372,59058792,2,PS,990905,9:46:37,9:46:43,6,9:46:43,9:47:18,35,AGENT,9:47:16,9:48:25,69,ROTH
AA0207,9373,23952021,2,PS,990905,9:53:32,9:53:38,6,9:53:38,9:54:53,75,AGENT,9:54:52,9:55:16,24,ROTH
AA0207,9374,22263115,2,PS,990905,10:01:39,10:01:44,5,10:01:44,10:01:56,12,HANG,0:00:00,0:00:00,0,NO_SERVER
AA0207,9375,25367186,2,PS,990905,10:07:41,10:07:47,6,10:07:47,10:11:32,225,AGENT,10:11:30,10:12:01,31,AVI
AA0207,9376,55921597,1,NE,990905,10:17:58,10:18:03,5,10:18:03,10:19:21,78,AGENT,10:19:20,10:19:22,2,ANAT
AA0207,9377,50395060,1,PS,990905,10:26:24,10:26:30,6,10:26:30,10:30:49,259,AGENT,10:30:48,10:32:08,80,AVI
AA0207,9378,10201465,2,PS,990905,10:35:05,10:35:11,6,10:35:11,10:38:04,173,AGENT,10:38:03,10:43:09,306,NAAMA
AA0207,9379,0,0,NW,990905,10:41:51,10:42:00,9,10:42:00,10:43:07,67,HANG,0:00:00,0:00:00,0,NO_SERVER
AA0207,9380,9828757,2,PS,990905,10:45:03,10:45:09,6,10:45:09,10:45:29,20,HANG,0:00:00,0:00:00,0,NO_SERVER
AA0207,9381,0,0,PS,990905,10:50:34,10:51:30,56,0:00:00,0:00:00,0,HANG,0:00:00,0:00:00,0,NO_SERVER
AA0207,9382,53904876,2,PS,990905,10:56:20,10:56:26,6,10:56:26,10:57:06,40,AGENT,10:57:05,11:00:53,228,NAAMA
AA0207,9383,25142449,1,PS,990905,11:03:24,11:03:30,6,11:03:30,11:04:13,43,HANG,0:00:00,0:00:00,0,NO_SERVER
AA0207,9384,15239874,2,PS,990905,11:07:55,11:08:01,6,11:08:01,11:11:20,199,PHANTOM,11:11:19,11:11:22,3,NO_SERVER
AA0207,9385,54665682,2,PS,990905,11:16:51,11:16:57,6,11:16:57,11:18:41,104,AGENT,11:18:40,11:19:29,49,DORIT
AA0207,9386,0,0,PS,990905,11:27:03,11:27:15,12,0:00:00,0:00:00,0,AGENT,11:27:14,11:29:30,136,ZOHARI
AA0207,9387,50364090,2,PS,990905,11:35:11,11:35:17,6,11:35:17,11:36:40,83,AGENT,11:36:40,11:38:15,95,AVI
AA0207,9388,713081,2,PS,990905,11:45:16,11:45:21,5,11:45:21,11:46:14,53,AGENT,11:46:13,11:56:28,615,STEREN
AA0207,9389,0,0,PS,990905,11:57:07,11:57:20,13,0:00:00,0:00:00,0,AGENT,11:57:20,11:57:23,3,NO_SERVER
AA0207,9390,50893569,2,PS,990905,12:04:12,12:04:17,5,12:04:17,12:04:27,10,AGENT,12:04:26,12:05:37,71,ROTH
AA0207,9391,13000567,2,PS,990905,12:10:50,12:10:56,6,12:10:56,12:11:59,63,AGENT,12:11:58,12:15:43,225,STEREN
AA0207,9392,0,0,PS,990905,12:24:11,12:24:21,10,0:00:00,0:00:00,0,AGENT,12:24:20,12:25:57,97,AVI
AA0207,9393,57460131,2,PS,990905,12:34:42,12:34:47,5,12:34:47,12:35:18,31,AGENT,12:35:18,12:36:57,99,STEREN
AA0207,9394,0,0,PS,990905,12:45:40,12:45:51,11,0:00:00,0:00:00,0,AGENT,12:45:50,12:47:25,95,STEREN
AA0207,9395,56765985,2,PS,990905,12:53:48,12:53:53,5,12:53:53,12:54:04,11,AGENT,12:54:02,12:56:42,160,DORIT
AA0207,9396,55279970,2,NE,990905,13:06:30,13:06:35,5,13:06:35,13:07:02,27,AGENT,13:07:02,13:25:15,1093,ELI
AA0207,9397,69687275,2,PS,990905,13:15:06,13:15:12,6,13:15:12,13:17:32,140,AGENT,13:17:31,13:19:07,96,NAAMA
AA0207,9398,0,0,NW,990905,13:25:08,13:25:22,14,0:00:00,0:00:00,0,AGENT,13:25:21,13:29:13,232,DORIT
AA0207,9399,0,0,NW,990905,13:35:06,13:35:16,10,13:35:16,13:35:36,20,AGENT,13:35:35,13:35:36,1,AVI
AA0207,9400,25440017,1,PS,990905,13:51:50,13:51:55,5,13:51:55,13:52:36,41,AGENT,13:52:33,13:52:53,20,AVI
AA0207,9401,58706086,2,PS,990905,14:00:08,14:00:13,5,14:00:13,14:03:34,201,AGENT,14:03:32,14:05:00,88,DORIT
AA0207,9402,0,0,PS,990905,14:14:55,14:15:04,9,0:00:00,0:00:00,0,AGENT,14:15:03,14:16:45,102,STEREN
AA0207,9403,54665682,2,PS,990905,14:23:00,14:23:06,6,14:23:06,14:24:54,108,AGENT,14:24:53,14:24:56,3,MORIAH
AA0207,9404,64301385,1,PS,990905,14:32:56,14:33:01,5,14:33:01,14:33:46,45,HANG,0:00:00,0:00:00,0,NO_SERVER
AA0207,9405,0,0,NW,990905,14:42:36,14:42:45,9,14:42:45,14:43:00,15,AGENT,14:42:59,14:43:27,28,AVI
AA0207,9406,258152,2,PS,990905,14:52:09,14:52:15,6,14:52:15,14:54:46,151,AGENT,14:54:45,14:58:14,209,DORIT
AA0207,9407,57074585,2,PS,990905,15:00:29,15:00:35,6,15:00:35,15:04:26,231,AGENT,15:04:24,15:07:00,156,ROTH
AA0207,9408,27490820,2,PS,990905,15:12:54,15:12:59,5,15:12:59,15:13:28,29,AGENT,15:13:28,15:16:46,198,BASCH
AA0207,9409,22085120,1,PS,990905,15:22:39,15:22:46,7,15:22:46,15:25:22,156,AGENT,15:25:22,15:25:28,6,ROTH
AA0207,9411,0,0,PS,990905,15:33:48,15:33:48,0,0:00:00,0:00:00,0,HANG,0:00:00,0:00:00,0,NO_SERVER
AA0207,9412,30663462,2,PS,990905,15:37:51,15:37:56,5,15:37:56,15:41:02,186,AGENT,15:41:01,15:43:56,175,TOVA
AA0207,9413,563189,2,NE,990905,15:45:39,15:45:45,6,15:45:45,15:48:07,142,AGENT,15:48:06,16:02:29,863,ELI
AA0207,9414,65032120,2,PS,990905,15:53:07,15:53:13,6,15:53:13,15:56:19,186,AGENT,15:56:18,15:56:23,5,MORIAH
AA0207,9415,57460131,2,PS,990905,15:59:08,15:59:13,5,15:59:13,16:02:32,199,AGENT,16:02:31,16:03:52,81,BASCH
AA0207,9416,63193346,2,PS,990905,16:07:10,16:07:16,6,16:07:16,16:10:20,184,AGENT,16:10:18,16:12:22,124,VICKY
AA0207,9417,0,0,NW,990905,16:13:46,16:13:55,9,16:13:55,16:17:52,237,AGENT,16:17:51,16:18:19,28,PINHAS
AA0207,9419,0,0,PS,990905,16:23:56,16:23:56,0,0:00:00,0:00:00,0,HANG,0:00:00,0:00:00,0,NO_SERVER
AA0207,9420,0,0,PS,990905,16:29:19,16:29:28,9,0:00:00,0:00:00,0,AGENT,16:29:28,16:37:52,504,TOVA
AA0207,9421,59056556,2,PS,990905,16:38:59,16:39:05,6,16:39:05,16:40:37,92,AGENT,16:40:36,16:41:35,59,BASCH
AA0207,9422,29507365,1,PS,990905,16:44:30,16:44:36,6,16:44:36,16:45:20,44,AGENT,16:45:19,16:46:11,52,VICKY
AA0207,9423,68059401,1,PS,990905,16:53:59,16:54:04,5,16:54:04,16:58:38,274,HANG,0:00:00,0:00:00,0,NO_SERVER
AA0207,9424,0,0,PS,990905,17:07:43,17:07:52,9,0:00:00,0:00:00,0,AGENT,17:07:52,17:08:33,41,VICKY
AA0207,9425,302075155,1,PS,990905,17:21:05,17:21:11,6,17:21:11,17:21:42,31,AGENT,17:21:42,17:23:04,82,VICKY
AA0207,9426,57211559,2,PS,990905,17:31:43,17:31:48,5,17:31:48,17:32:14,26,AGENT,17:32:13,17:37:17,304,BASCH
AA0207,9427,0,0,PS,990905,17:40:54,17:41:02,8,0:00:00,0:00:00,0,AGENT,17:41:01,17:42:32,91,TOVA
AA0207,9428,0,0,NW,990905,17:52:17,17:52:31,14,0:00:00,0:00:00,0,AGENT,17:52:30,17:52:55,25,VICKY
AA0207,9429,0,0,PS,990905,18:15:09,18:15:19,10,0:00:00,0:00:00,0,AGENT,18:15:18,18:16:50,92,VICKY
AA0207,9430,0,0,PS,990905,18:41:07,18:41:16,9,0:00:00,0:00:00,0,AGENT,18:41:15,18:42:11,56,BASCH
AA0207,9431,0,0,PS,990905,18:58:50,18:59:03,13,0:00:00,0:00:00,0,AGENT,18:59:02,18:59:56,54,VICKY
AA0207,9432,0,0,PS,990905,19:26:13,19:26:21,8,0:00:00,0:00:00,0,AGENT,19:26:21,19:31:14,293,MORIAH
AA0207,9433,25665407,2,NW,990905,19:44:05,19:44:13,8,19:44:13,19:44:31,18,HANG,19:44:33,19:44:38,5,NO_SERVER
AA0207,9434,25359605,2,PS,990906,20:00:24,20:00:29,5,20:00:29,20:01:50,81,AGENT,20:01:50,20:05:08,198,MEIR
AA0207,9435,59136002,2,PS,990906,20:30:09,20:30:14,5,20:30:14,20:30:18,4,AGENT,20:30:18,20:31:42,84,ANAT
AA0207,9436,0,0,PS,990906,20:49:53,20:50:03,10,0:00:00,0:00:00,0,AGENT,20:50:03,20:51:20,77,VICKY
AA0207,9437,0,0,NW,990906,21:08:58,21:09:00,2,0:00:00,0:00:00,0,HANG,0:00:00,0:00:00,0,NO_SERVER
AA0207,9438,0,0,PS,990906,21:33:31,21:33:40,9,0:00:00,0:00:00,0,AGENT,21:33:39,21:37:15,216,MEIR
AA0207,9439,0,0,PS,990906,21:56:56,21:57:09,13,0:00:00,0:00:00,0,AGENT,21:57:09,22:03:57,408,VICKY
AA0207,9440,0,0,PS,990906,22:25:32,22:25:59,27,0:00:00,0:00:00,0,AGENT,22:25:58,22:26:27,29,GILI
AA0207,9441,0,0,PS,990906,23:16:39,23:16:49,10,0:00:00,0:00:00,0,AGENT,23:16:48,23:18:15,87,VICKY
AA0207,9443,0,0,PS,990907,0:20:11,0:20:11,0,0:00:00,0:00:00,0,HANG,0:00:00,0:00:00,0,NO_SERVER
AA0207,9444,0,0,PS,990907,7:30:08,7:30:18,10,0:00:00,0:00:00,0,AGENT,7:30:17,7:33:34,197,TOVA
AA0207,9445,0,0,PS,990907,7:55:14,7:55:23,9,0:00:00,0:00:00,0,AGENT,7:55:22,7:57:06,104,YIFAT
AA0207,9446,0,0,NW,990907,8:22:04,8:22:13,9,8:22:13,8:25:05,172,HANG,0:00:00,0:00:00,0,NO_SERVER
AA0207,9447,0,0,NE,990907,8:40:08,8:40:19,11,0:00:00,0:00:00,0,AGENT,8:40:18,8:42:54,156,ELI
AA0207,9448,56255003,1,PS,990907,8:52:15,8:52:21,6,8:52:21,8:53:29,68,AGENT,8:53:28,8:54:23,55,ROTH
AA0207,9449,33769464,1,PS,990907,9:01:11,9:01:17,6,9:01:17,9:01:35,18,AGENT,9:01:35,9:03:47,132,MORIAH
AA0207,9450,0,0,PS,990907,9:12:31,9:12:45,14,0:00:00,0:00:00,0,AGENT,9:12:44,9:14:29,105,YIFAT
AA0207,9451,0,0,NW,990907,9:28:07,9:28:09,2,0:00:00,0:00:00,0,HANG,0:00:00,0:00:00,0,NO_SERVER
AA0207,9452,33474602,2,PS,990907,9:35:37,9:35:43,6,9:35:43,9:37:39,116,AGENT,9:37:38,9:40:05,147,AVI
AA0207,9453,51095461,1,PS,990907,9:53:51,9:53:56,5,9:53:56,9:55:35,99,AGENT,9:55:34,9:55:35,1,AVI
AA0207,9454,15239874,2,PS,990907,10:06:26,10:06:32,6,10:06:32,10:06:40,8,AGENT,10:06:40,10:07:28,48,AVI
AA0207,9455,0,0,NE,990907,10:17:45,10:18:02,17,0:00:00,0:00:00,0,AGENT,10:18:01,10:24:11,370,ELI
AA0207,9456,33474602,2,PS,990907,10:25:57,10:26:03,6,10:26:03,10:26:22,19,AGENT,10:26:22,10:26:24,2,MORIAH
AA0207,9457,65082729,1,PS,990907,10:39:24,10:39:30,6,10:39:30,10:42:03,153,AGENT,10:42:01,10:44:30,149,BASCH
AA0207,9458,0,0,NE,990907,10:53:08,10:53:22,14,0:00:00,0:00:00,0,AGENT,10:53:22,10:57:36,254,TOVA
AA0207,9459,54011614,2,PS,990907,11:04:10,11:04:15,5,11:04:15,11:04:24,9,AGENT,11:04:23,11:07:03,160,MORIAH
AA0207,9460,29353356,2,PS,990907,11:17:20,11:17:26,6,11:17:26,11:17:38,12,AGENT,11:17:38,11:17:39,1,MORIAH
AA0207,9461,78768348,2,PS,990907,11:27:18,11:27:24,6,11:27:24,11:27:48,24,AGENT,11:27:46,11:29:20,94,ROTH
AA0207,9462,51929339,2,PS,990907,11:37:12,11:37:17,5,11:37:17,11:41:47,270,HANG,0:00:00,0:00:00,0,NO_SERVER
AA0207,9463,69632123,1,PS,990907,11:46:44,11:46:50,6,11:46:50,11:51:35,285,HANG,0:00:00,0:00:00,0,NO_SERVER
AA0207,9464,24947061,2,PS,990907,12:02:24,12:02:30,6,12:02:30,12:02:39,9,AGENT,12:02:38,12:04:31,113,TOVA
AA0207,9465,6471775,2,PS,990907,12:13:18,12:13:24,6,12:13:24,12:13:41,17,AGENT,12:13:40,12:23:57,617,BASCH
AA0207,9466,0,0,NW,990907,12:26:39,12:26:49,10,12:26:49,12:28:01,72,HANG,0:00:00,0:00:00,0,NO_SERVER
AA0207,9467,0,0,PS,990907,12:45:29,12:45:38,9,0:00:00,0:00:00,0,AGENT,12:45:37,12:47:44,127,VICKY
AA0207,9468,0,0,PS,990907,13:02:48,13:03:07,19,0:00:00,0:00:00,0,AGENT,13:03:07,13:05:57,170,BASCH
AA0207,9469,27344282,1,PS,990907,13:15:19,13:15:25,6,13:15:25,13:15:34,9,HANG,0:00:00,0:00:00,0,NO_SERVER
AA0207,9470,0,0,NW,990907,13:32:15,13:32:27,12,0:00:00,0:00:00,0,AGENT,13:32:27,13:36:14,227,ROTH
AA0207,9471,0,0,PS,990907,13:51:55,13:52:05,10,0:00:00,0:00:00,0,AGENT,13:52:04,13:58:42,398,VICKY
AA0207,9472,0,0,PS,990907,14:05:35,14:05:45,10,0:00:00,0:00:00,0,AGENT,14:05:44,14:07:20,96,BASCH
AA0207,9473,0,0,NW,990907,14:18:35,14:18:48,13,0:00:00,0:00:00,0,AGENT,14:18:47,14:24:19,332,AVI
AA0207,9474,52825411,2,PS,990907,14:32:20,14:32:26,6,14:32:26,14:34:16,110,AGENT,14:34:15,14:35:51,96,AVI
AA0207,9475,28544401,1,PS,990907,14:41:31,14:41:36,5,14:41:36,14:46:13,277,AGENT,14:46:12,14:46:13,1,VICKY
AA0207,9476,50285949,2,PS,990907,14:54:13,14:54:19,6,14:54:19,14:54:27,8,AGENT,14:54:26,14:55:07,41,VICKY
AA0207,9477,50347749,1,NE,990907,15:07:59,15:08:04,5,15:08:04,15:08:20,16,AGENT,15:08:20,15:12:52,272,ZOHARI
AA0207,9478,69687275,2,PS,990907,15:17:26,15:17:32,6,15:17:32,15:18:48,76,AGENT,15:18:48,15:20:48,120,STEREN
AA0207,9479,9682923,2,PS,990907,15:29:51,15:29:57,6,15:29:57,15:30:00,3,AGENT,15:29:59,15:34:15,256,VICKY
AA0207,9480,55279970,2,NE,990907,15:38:34,15:38:40,6,15:38:40,15:38:44,4,AGENT,15:38:44,15:48:04,560,VICKY
AA0207,9481,0,0,PS,990907,15:52:29,15:52:38,9,0:00:00,0:00:00,0,AGENT,15:52:37,15:54:47,130,ZOHARI
AA0207,9482,22263669,1,PS,990907,16:03:57,16:04:03,6,16:04:03,16:05:59,116,AGENT,16:05:59,16:07:55,116,ZOHARI
AA0207,9483,0,0,NE,990907,16:16:54,16:17:12,18,0:00:00,0:00:00,0,AGENT,16:17:11,16:20:08,177,ELI
AA0207,9484,0,0,NW,990907,16:28:45,16:28:54,9,16:28:54,16:29:29,35,HANG,0:00:00,0:00:00,0,NO_SERVER
AA0207,9485,31687536,1,PS,990907,16:44:04,16:44:09,5,16:44:09,16:44:17,8,AGENT,16:44:15,16:45:03,48,VICKY
AA0207,9486,0,0,PS,990907,16:50:21,16:50:30,9,0:00:00,0:00:00,0,AGENT,16:50:29,16:51:11,42,DORIT
AA0207,9487,0,0,NW,990907,16:56:52,16:57:06,14,0:00:00,0:00:00,0,AGENT,16:57:06,16:57:19,13,VICKY
AA0207,9488,0,0,NW,990907,17:13:27,17:13:37,10,17:13:37,17:14:32,55,HANG,0:00:00,0:00:00,0,NO_SERVER
AA0207,9489,0,0,NW,990907,17:25:50,17:25:59,9,17:25:59,17:26:30,31,HANG,0:00:00,0:00:00,0,NO_SERVER
AA0207,9490,0,0,PS,990907,17:40:17,17:40:25,8,0:00:00,0:00:00,0,AGENT,17:40:24,17:41:51,87,DORIT
AA0207,9491,0,0,PS,990907,17:53:04,17:53:14,10,0:00:00,0:00:00,0,AGENT,17:53:13,17:55:19,126,BENSION
AA0207,9492,0,0,PS,990907,18:06:26,18:06:36,10,0:00:00,0:00:00,0,AGENT,18:06:35,18:10:46,251,VICKY
AA0207,9493,0,0,PS,990907,18:22:26,18:22:36,10,0:00:00,0:00:00,0,AGENT,18:22:35,18:25:08,153,VICKY
AA0207,9494,0,0,PS,990907,18:58:23,18:58:42,19,0:00:00,0:00:00,0,AGENT,18:58:38,18:59:44,66,VICKY
AA0207,9495,0,0,PS,990907,19:19:31,19:19:41,10,0:00:00,0:00:00,0,AGENT,19:19:40,19:20:24,44,STEREN
AA0207,9496,0,0,PS,990907,19:45:43,19:45:57,14,0:00:00,0:00:00,0,AGENT,19:45:56,19:48:57,181,ZOHARI
AA0207,9497,0,0,PS,990907,20:17:34,20:17:48,14,0:00:00,0:00:00,0,AGENT,20:17:48,20:20:09,141,BENSION
AA0207,9498,40561615,1,PS,990907,20:36:22,20:36:27,5,20:36:27,20:36:44,17,AGENT,20:36:44,20:37:10,26,ZOHARI
AA0207,9499,0,0,NW,990907,20:57:18,20:57:28,10,20:57:28,20:57:32,4,HANG,0:00:00,0:00:00,0,NO_SERVER
AA0207,9500,22860621,1,PS,990907,21:12:24,21:12:29,5,21:12:29,21:12:57,28,AGENT,21:12:56,21:14:04,68,SHARON
AA0207,9501,0,0,PS,990907,21:36:48,21:36:57,9,0:00:00,0:00:00,0,AGENT,21:36:56,21:37:51,55,STEREN
AA0207,9502,0,0,PS,990907,22:02:16,22:02:25,9,0:00:00,0:00:00,0,AGENT,22:02:24,22:03:54,90,SHARON
AA0207,9503,0,0,PS,990907,22:30:00,22:30:09,9,0:00:00,0:00:00,0,AGENT,22:30:08,22:30:50,42,SHARON
AA0207,9504,29518289,2,PS,990907,22:47:29,22:47:35,6,22:47:35,22:47:49,14,AGENT,22:47:48,22:49:14,86,ZOHARI
AA0207,9505,0,0,PS,990907,23:18:13,23:18:22,9,0:00:00,0:00:00,0,AGENT,23:18:22,23:19:56,94,DARMON
AA0207,9507,0,0,PS,990908,2:06:43,2:06:43,0,0:00:00,0:00:00,0,HANG,0:00:00,0:00:00,0,NO_SERVER
AA0207,9508,0,0,NW,990908,7:08:45,7:08:59,14,0:00:00,0:00:00,0,AGENT,7:08:59,7:09:09,10,DORIT
AA0207,9509,0,0,PS,990908,7:38:15,7:38:25,10,0:00:00,0:00:00,0,AGENT,7:38:24,7:39:28,64,BASCH
AA0207,9511,0,0,PS,990908,8:09:24,8:09:24,0,0:00:00,0:00:00,0,HANG,0:00:00,0:00:00,0,NO_SERVER
AA0207,9512,0,0,NW,990908,8:25:01,8:25:10,9,8:25:10,8:27:48,158,AGENT,8:27:47,8:28:30,43,STEREN
AA0207,9513,0,0,PS,990908,8:43:34,8:43:43,9,0:00:00,0:00:00,0,AGENT,8:43:42,8:44:49,67,BASCH
AA0207,9514,0,0,PS,990908,8:52:52,8:53:01,9,0:00:00,0:00:00,0,AGENT,8:53:00,8:54:28,88,ZOHARI
AA0207,9515,0,0,PS,990908,9:06:30,9:06:39,9,0:00:00,0:00:00,0,AGENT,9:06:38,9:09:35,177,BASCH
AA0207,9516,0,0,NW,990908,9:16:59,9:17:07,8,9:17:07,9:19:20,133,AGENT,9:19:20,9:21:03,103,DORIT
AA0207,9517,0,0,PS,990908,9:31:17,9:31:27,10,0:00:00,0:00:00,0,AGENT,9:31:26,9:33:00,94,ROTH
AA0207,9518,29052784,2,PS,990908,9:41:46,9:41:51,5,9:41:51,9:43:20,89,AGENT,9:43:19,9:44:58,99,STEREN
AA0207,9519,69687275,2,PS,990908,9:52:20,9:52:26,6,9:52:26,9:55:52,206,AGENT,9:55:51,9:58:26,155,BASCH
AA0207,9520,430934,2,PS,990908,10:03:12,10:03:18,6,10:03:18,10:04:21,63,AGENT,10:04:20,10:05:57,97,DORIT
AA0207,9521,60897576,2,PS,990908,10:09:29,10:09:34,5,10:09:34,10:11:34,120,AGENT,10:11:32,10:12:25,53,STEREN
AA0207,9522,33474602,2,PS,990908,10:18:24,10:18:29,5,10:18:29,10:19:46,77,AGENT,10:19:45,10:21:28,103,STEREN
AA0207,9523,0,0,PS,990908,10:29:38,10:29:48,10,0:00:00,0:00:00,0,AGENT,10:29:47,10:30:55,68,BASCH
AA0207,9524,0,0,NW,990908,10:41:01,10:41:11,10,10:41:11,10:45:02,231,HANG,0:00:00,0:00:00,0,NO_SERVER
AA0207,9525,0,0,PS,990908,11:00:56,11:01:04,8,0:00:00,0:00:00,0,AGENT,11:01:03,11:02:40,97,SHARON
AA0207,9526,54665682,2,PS,990908,11:14:42,11:14:48,6,11:14:48,11:15:19,31,AGENT,11:15:17,11:17:59,162,YITZ
AA0207,9527,0,0,PS,990908,11:30:35,11:30:45,10,0:00:00,0:00:00,0,AGENT,11:30:44,11:44:23,819,BASCH
AA0207,9528,0,0,PS,990908,11:43:24,11:43:34,10,0:00:00,0:00:00,0,AGENT,11:43:32,11:45:34,122,SHARON
AA0207,9529,69078681,1,PS,990908,11:58:31,11:58:36,5,11:58:36,11:58:39,3,HANG,0:00:00,0:00:00,0,NO_SERVER
AA0207,9530,25167362,2,PS,990908,12:07:26,12:07:31,5,12:07:31,12:07:56,25,AGENT,12:07:55,12:09:21,86,ROTH
AA0207,9531,22263669,1,PS,990908,12:18:15,12:18:21,6,12:18:21,12:23:03,282,AGENT,12:23:02,12:23:59,57,DORIT
AA0207,9532,0,0,NW,990908,12:37:34,12:37:43,9,12:37:43,12:37:59,16,HANG,0:00:00,0:00:00,0,NO_SERVER
AA0207,9533,0,0,NW,990908,12:56:21,12:56:33,12,0:00:00,0:00:00,0,AGENT,12:56:35,12:56:39,4,NO_SERVER
AA0207,9534,0,0,PS,990908,13:08:18,13:08:26,8,0:00:00,0:00:00,0,AGENT,13:08:25,13:09:28,63,STEREN
AA0207,9535,0,0,NE,990908,13:23:11,13:23:24,13,0:00:00,0:00:00,0,AGENT,13:23:23,13:24:48,85,ZOHARI
AA0207,9536,0,0,NE,990908,13:36:55,13:37:04,9,0:00:00,0:00:00,0,AGENT,13:37:03,13:37:56,53,DORIT
AA0207,9537,54134291,2,PS,990908,13:46:54,13:47:00,6,13:47:00,13:48:00,60,AGENT,13:47:59,13:50:09,130,ROTH
AA0207,9538,50285949,2,PS,990908,13:55:35,13:55:41,6,13:55:41,13:56:20,39,AGENT,13:56:19,13:57:58,99,ROTH
AA0207,9539,46985933,2,PS,990908,14:08:54,14:09:00,6,14:09:00,14:10:05,65,AGENT,14:10:03,14:17:02,419,ROTH
AA0207,9540,0,0,PS,990908,14:26:16,14:26:33,17,0:00:00,0:00:00,0,AGENT,14:26:32,14:26:34,2,ANAT
AA0207,9541,0,0,PS,990908,14:39:04,14:39:13,9,0:00:00,0:00:00,0,AGENT,14:39:13,14:40:33,80,ROTH
AA0207,9542,0,0,PS,990908,14:48:34,14:48:44,10,0:00:00,0:00:00,0,AGENT,14:48:43,14:49:53,70,KAZAV
AA0207,9543,24208852,2,PS,990908,15:03:43,15:03:48,5,15:03:48,15:05:08,80,HANG,0:00:00,0:00:00,0,NO_SERVER
AA0207,9544,5246863,1,PS,990908,15:12:43,15:12:49,6,15:12:49,15:16:39,230,AGENT,15:16:39,15:19:05,146,ANAT
AA0207,9545,12179859,1,PS,990908,15:27:50,15:27:55,5,15:27:55,15:28:10,15,AGENT,15:28:09,15:30:31,142,MORIAH
AA0207,9546,69661478,2,PS,990908,15:35:11,15:35:17,6,15:35:17,15:36:55,98,HANG,0:00:00,0:00:00,0,NO_SERVER
AA0207,9547,7479025,2,PS,990908,15:40:28,15:40:34,6,15:40:34,15:44:20,226,AGENT,15:44:19,15:44:39,20,ROTH
AA0207,9548,56765985,2,PS,990908,15:52:11,15:52:17,6,15:52:17,15:54:27,130,AGENT,15:54:26,15:56:33,127,ROTH
AA0207,9549,0,0,NE,990908,16:06:43,16:06:57,14,0:00:00,0:00:00,0,AGENT,16:06:55,16:08:18,83,MORIAH
AA0207,9550,0,0,NW,990908,16:17:36,16:17:37,1,0:00:00,0:00:00,0,HANG,0:00:00,0:00:00,0,NO_SERVER
AA0207,9551,0,0,NW,990908,16:29:03,16:29:12,9,16:29:12,16:31:39,147,HANG,0:00:00,0:00:00,0,NO_SERVER
AA0207,9552,8258329,2,NE,990908,16:42:17,16:42:30,13,16:42:30,16:43:43,73,AGENT,16:42:30,16:50:35,485,ELI
AA0207,9553,50850429,2,PS,990908,16:59:38,16:59:44,6,16:59:44,17:00:08,24,AGENT,17:00:08,17:01:13,65,BENSION
AA0207,9554,27447291,1,PS,990908,17:19:02,17:19:08,6,17:19:08,17:19:54,46,AGENT,17:19:53,17:21:41,108,DARMON
AA0207,9555,0,0,NW,990908,17:35:22,17:35:31,9,17:35:31,17:38:57,206,AGENT,17:38:56,17:40:58,122,PINHAS
AA0207,9556,0,0,NW,990908,17:51:38,17:51:47,9,17:51:47,17:52:34,47,AGENT,17:52:33,17:53:51,78,AVI
AA0207,9557,0,0,NW,990908,18:16:06,18:16:22,16,0:00:00,0:00:00,0,AGENT,18:16:21,18:16:44,23,BENSION
AA0207,9558,29437829,2,PS,990908,18:31:40,18:31:46,6,18:31:46,18:32:09,23,AGENT,18:32:08,18:32:09,1,AVI
AA0207,9559,3744216,2,PS,990908,18:51:42,18:51:47,5,18:51:47,18:52:03,16,AGENT,18:52:02,19:00:16,494,DARMON
AA0207,9560,0,0,PS,990908,19:08:55,19:09:11,16,0:00:00,0:00:00,0,AGENT,19:09:10,19:12:00,170,ANAT
AA0207,9561,0,0,PS,990908,19:21:43,19:21:55,12,0:00:00,0:00:00,0,AGENT,19:21:53,19:23:49,116,AVI
AA0207,9562,0,0,PS,990908,19:39:43,19:40:00,17,0:00:00,0:00:00,0,AGENT,19:40:00,19:40:01,1,ANAT
AA0207,9563,0,0,PS,990908,20:02:12,20:02:22,10,0:00:00,0:00:00,0,AGENT,20:02:21,20:05:30,189,MEIR
AA0207,9564,0,0,NW,990908,20:34:56,20:35:11,15,0:00:00,0:00:00,0,AGENT,20:35:11,20:35:53,42,MORIAH
AA0207,9565,0,0,PS,990908,20:56:26,20:56:35,9,0:00:00,0:00:00,0,AGENT,20:56:34,20:56:39,5,NO_SERVER
AA0207,9566,58859752,2,PS,990908,21:11:51,21:11:57,6,21:11:57,21:12:41,44,AGENT,21:12:40,21:14:38,118,BENSION
AA0207,9567,0,0,NW,990908,21:34:01,21:34:17,16,0:00:00,0:00:00,0,AGENT,21:34:16,21:37:26,190,BENSION
AA0207,9568,0,0,PS,990908,21:49:47,21:50:00,13,0:00:00,0:00:00,0,AGENT,21:49:59,21:50:31,32,BENSION
AA0207,9569,0,0,PS,990908,22:17:11,22:17:20,9,0:00:00,0:00:00,0,AGENT,22:17:20,22:18:29,69,BENSION
AA0207,9570,0,0,PS,990908,22:39:46,22:40:00,14,0:00:00,0:00:00,0,AGENT,22:40:00,22:41:03,63,BENSION
AA0207,9571,0,0,PS,990908,23:10:08,23:10:18,10,0:00:00,0:00:00,0,AGENT,23:10:17,23:13:24,187,DARMON
AA0207,9572,0,0,PS,990908,23:48:42,23:48:58,16,0:00:00,0:00:00,0,AGENT,23:48:57,23:50:11,74,BENSION
AA0207,9573,0,0,PS,990909,7:02:01,7:02:12,11,0:00:00,0:00:00,0,AGENT,7:02:10,7:02:17,7,ANAT
AA0207,9574,0,0,PS,990909,7:37:52,7:38:01,9,0:00:00,0:00:00,0,AGENT,7:38:00,7:39:48,108,NAAMA
AA0207,9575,0,0,NW,990909,8:15:23,8:15:34,11,0:00:00,0:00:00,0,AGENT,8:15:37,8:15:41,4,NO_SERVER
AA0207,9576,0,0,PS,990909,8:34:12,8:34:23,11,0:00:00,0:00:00,0,AGENT,8:34:22,8:35:17,55,NAAMA
AA0207,9577,0,0,NW,990909,8:49:25,8:49:39,14,0:00:00,0:00:00,0,AGENT,8:49:38,8:50:47,69,BASCH
AA0207,9578,0,0,NW,990909,9:04:42,9:04:55,13,0:00:00,0:00:00,0,AGENT,9:04:54,9:08:29,215,SHARON
AA0207,9579,52867744,2,PS,990909,9:17:31,9:17:37,6,9:17:37,9:17:55,18,AGENT,9:17:54,9:19:50,116,BASCH
AA0207,9580,0,0,PS,990909,9:28:19,9:28:31,12,0:00:00,0:00:00,0,AGENT,9:28:29,9:28:42,13,ROTH
AA0207,9581,22138168,2,PS,990909,9:49:59,9:50:05,6,9:50:05,9:50:17,12,AGENT,9:50:17,9:51:50,93,SHARON
AA0207,9582,0,0,NW,990909,10:02:18,10:02:33,15,0:00:00,0:00:00,0,AGENT,10:02:32,10:03:26,54,SHARON
AA0207,9583,0,0,PS,990909,10:16:51,10:17:00,9,0:00:00,0:00:00,0,AGENT,10:16:59,10:19:32,153,KAZAV
AA0207,9584,0,0,PS,990909,10:29:10,10:29:23,13,0:00:00,0:00:00,0,AGENT,10:29:22,10:31:37,135,NAAMA
AA0207,9585,0,0,PS,990909,10:42:49,10:42:58,9,0:00:00,0:00:00,0,AGENT,10:42:56,10:44:17,81,ANAT
AA0207,9586,0,0,PE,990909,10:56:37,10:56:48,11,0:00:00,0:00:00,0,AGENT,10:56:47,11:00:36,229,YIFAT
AA0207,9587,0,0,PS,990909,11:11:45,11:11:54,9,0:00:00,0:00:00,0,AGENT,11:11:53,11:12:50,57,ROTH
AA0207,9588,0,0,NE,990909,11:28:58,11:29:12,14,0:00:00,0:00:00,0,AGENT,11:29:11,11:32:59,228,ANAT
AA0207,9589,0,0,PS,990909,11:43:38,11:43:48,10,0:00:00,0:00:00,0,AGENT,11:43:48,11:46:59,191,BASCH
AA0207,9590,0,0,PS,990909,11:58:17,11:58:25,8,0:00:00,0:00:00,0,AGENT,11:58:25,11:58:55,30,ROTH
AA0207,9591,0,0,PS,990909,12:15:52,12:16:03,11,0:00:00,0:00:00,0,AGENT,12:16:02,12:17:41,99,DORIT
AA0207,9592,0,0,PS,990909,12:35:30,12:35:39,9,0:00:00,0:00:00,0,AGENT,12:35:38,12:37:36,118,KAZAV
AA0207,9593,0,0,PS,990909,12:48:54,12:49:03,9,0:00:00,0:00:00,0,AGENT,12:49:02,12:50:23,81,KAZAV
AA0207,9594,0,0,PS,990909,13:03:52,13:04:02,10,0:00:00,0:00:00,0,AGENT,13:04:01,13:06:56,175,SHARON
AA0207,9595,24543340,1,PS,990909,13:16:10,13:16:16,6,13:16:16,13:16:54,38,AGENT,13:16:53,13:17:56,63,VICKY
AA0207,9596,0,0,PS,990909,13:35:12,13:35:22,10,0:00:00,0:00:00,0,AGENT,13:35:21,13:47:51,750,ROTH
AA0207,9597,0,0,NW,990909,13:51:48,13:52:03,15,0:00:00,0:00:00,0,AGENT,13:52:02,13:56:08,246,SHARON
AA0207,9598,24391138,1,PS,990909,14:07:57,14:08:02,5,14:08:02,14:10:28,146,AGENT,14:10:27,14:11:21,54,SHARON
AA0207,9599,50850429,2,PS,990909,14:21:39,14:21:45,6,14:21:45,14:21:53,8,AGENT,14:21:52,14:23:19,87,DORIT
AA0207,9600,0,0,PS,990909,14:33:35,14:33:44,9,0:00:00,0:00:00,0,AGENT,14:33:44,14:34:36,52,DORIT
AA0207,9601,24947061,2,PS,990909,14:47:38,14:47:43,5,14:47:43,14:48:20,37,AGENT,14:48:19,14:49:44,85,DORIT
AA0207,9602,55921597,1,NE,990909,14:59:37,14:59:43,6,14:59:43,15:02:51,188,AGENT,15:02:51,15:06:58,247,ZOHARI
AA0207,9603,54613724,2,NE,990909,15:13:36,15:13:41,5,15:13:41,15:14:29,48,AGENT,15:14:29,15:19:16,287,ELI
AA0207,9604,0,0,PS,990909,15:26:38,15:26:47,9,0:00:00,0:00:00,0,AGENT,15:26:46,15:32:57,371,DORIT
AA0207,9605,0,0,PE,990909,15:35:57,15:36:07,10,0:00:00,0:00:00,0,AGENT,15:36:05,15:45:16,551,YITZ
AA0207,9606,78191137,2,PS,990909,15:42:43,15:42:49,6,15:42:49,15:46:19,210,AGENT,15:46:18,15:49:11,173,ROTH
AA0207,9607,0,0,NW,990909,15:57:00,15:57:23,23,0:00:00,0:00:00,0,AGENT,15:57:22,15:58:09,47,STEREN
AA0207,9608,0,0,PS,990909,16:10:35,16:10:45,10,0:00:00,0:00:00,0,AGENT,16:10:43,16:15:13,270,AVI
AA0207,9609,0,0,NE,990909,16:23:24,16:23:34,10,0:00:00,0:00:00,0,AGENT,16:23:34,16:26:13,159,ZOHARI
AA0207,9610,0,0,NW,990909,16:33:38,16:33:43,5,0:00:00,0:00:00,0,HANG,0:00:00,0:00:00,0,NO_SERVER
AA0207,9611,0,0,NW,990909,16:46:24,16:46:33,9,16:46:33,16:48:18,105,AGENT,16:48:18,16:49:04,46,AVI
AA0207,9612,22373096,2,PS,990909,16:59:22,16:59:28,6,16:59:28,17:02:54,206,AGENT,17:02:53,17:04:52,119,YITZ
AA0207,9613,28626448,1,PS,990909,17:12:45,17:12:51,6,17:12:51,17:13:00,9,HANG,0:00:00,0:00:00,0,NO_SERVER
AA0207,9614,0,0,NW,990909,17:27:41,17:27:55,14,0:00:00,0:00:00,0,AGENT,17:27:54,17:31:25,211,YITZ
AA0207,9615,31581960,1,PS,990909,17:47:13,17:47:18,5,17:47:18,17:50:05,167,HANG,0:00:00,0:00:00,0,NO_SERVER
AA0207,9616,24824419,2,PS,990909,18:04:49,18:04:55,6,18:04:55,18:06:26,91,AGENT,18:06:25,18:07:40,75,STEREN
AA0207,9617,65224859,2,PS,990909,18:24:09,18:24:14,5,18:24:14,18:26:12,118,AGENT,18:26:11,18:28:53,162,YITZ
AA0207,9618,0,0,PS,990909,18:45:36,18:45:52,16,0:00:00,0:00:00,0,AGENT,18:45:51,18:47:22,91,AVI
AA0207,9619,32456329,1,PS,990909,19:05:19,19:05:25,6,19:05:25,19:06:04,39,AGENT,19:06:03,19:07:07,64,STEREN
AA0207,9620,33653080,2,PS,990909,19:34:08,19:34:14,6,19:34:14,19:34:54,40,AGENT,19:34:53,19:34:54,1,AVI
AA0207,9621,28626448,1,PS,990909,19:48:38,19:48:44,6,19:48:44,19:50:13,89,AGENT,19:50:12,19:51:26,74,AVI
AA0207,9622,0,0,PS,990909,20:08:40,20:08:48,8,0:00:00,0:00:00,0,AGENT,20:08:48,20:10:21,93,ZOHARI
AA0207,9623,0,0,PS,990909,20:38:43,20:38:57,14,0:00:00,0:00:00,0,AGENT,20:38:56,20:40:51,115,ZOHARI
AA0207,9624,24824419,2,PS,990909,21:02:37,21:02:43,6,21:02:43,21:03:47,64,AGENT,21:03:47,21:04:47,60,ZOHARI
AA0207,9625,0,0,PS,990909,21:27:04,21:27:15,11,0:00:00,0:00:00,0,AGENT,21:27:14,21:29:03,109,AVI
AA0207,9626,68001924,2,NE,990909,21:52:52,21:52:58,6,21:52:58,21:53:14,16,AGENT,21:53:12,21:54:45,93,STEREN
AA0207,9627,0,0,PS,990909,22:21:36,22:21:46,10,0:00:00,0:00:00,0,AGENT,22:21:45,22:23:49,124,AVI
AA0207,9628,0,0,PS,990909,22:52:24,22:52:34,10,0:00:00,0:00:00,0,AGENT,22:52:33,22:53:08,35,AVI
AA0207,9629,0,0,NE,990909,23:17:44,23:17:54,10,0:00:00,0:00:00,0,AGENT,23:17:53,23:18:35,42,AVI
AA0207,9630,0,0,PS,990910,1:05:46,1:06:04,18,0:00:00,0:00:00,0,HANG,0:00:00,0:00:00,0,NO_SERVER
AA0207,9631,0,0,PS,990910,7:36:46,7:36:59,13,0:00:00,0:00:00,0,AGENT,7:36:58,7:38:05,67,BENSION
AA0207,9632,0,0,PS,990910,8:06:44,8:06:56,12,0:00:00,0:00:00,0,AGENT,8:06:55,8:07:39,44,BASCH
AA0207,9633,0,0,NW,990910,8:24:40,8:24:49,9,8:24:49,8:25:14,25,AGENT,8:25:13,8:25:56,43,BENSION
AA0207,9634,0,0,PS,990910,8:47:41,8:47:50,9,0:00:00,0:00:00,0,AGENT,8:47:50,8:49:42,112,VICKY
AA0207,9635,0,0,PS,990910,8:59:03,8:59:14,11,0:00:00,0:00:00,0,AGENT,8:59:12,9:01:31,139,BASCH
AA0207,9636,0,0,PS,990910,9:15:33,9:15:44,11,0:00:00,0:00:00,0,AGENT,9:15:44,9:17:01,77,BENSION
AA0207,9637,24076374,1,PS,990910,9:25:47,9:25:52,5,9:25:52,9:26:49,57,AGENT,9:26:48,9:26:49,1,BENSION
AA0207,9638,0,0,PS,990910,9:39:39,9:39:48,9,0:00:00,0:00:00,0,AGENT,9:39:47,9:40:20,33,BASCH
AA0207,9639,0,0,NW,990910,9:54:38,9:54:51,13,0:00:00,0:00:00,0,AGENT,9:54:50,9:56:16,86,BASCH
AA0207,9640,0,0,PS,990910,10:05:13,10:05:23,10,0:00:00,0:00:00,0,AGENT,10:05:21,10:05:25,4,NO_SERVER
AA0207,9641,0,0,PS,990910,10:23:03,10:23:23,20,0:00:00,0:00:00,0,AGENT,10:23:21,10:24:23,62,BASCH
AA0207,9642,0,0,NW,990910,10:35:20,10:35:32,12,0:00:00,0:00:00,0,AGENT,10:35:31,10:36:26,55,SHARON
AA0207,9643,0,0,PS,990910,10:53:29,10:53:39,10,0:00:00,0:00:00,0,AGENT,10:53:37,10:55:36,119,SHARON
AA0207,9644,0,0,PS,990910,11:09:14,11:09:23,9,0:00:00,0:00:00,0,AGENT,11:09:22,11:10:35,73,SHARON
AA0207,9645,0,0,PS,990910,11:31:02,11:31:12,10,0:00:00,0:00:00,0,AGENT,11:31:11,11:34:11,180,AVNI
AA0207,9646,0,0,NE,990910,12:00:07,12:00:15,8,0:00:00,0:00:00,0,AGENT,12:00:14,12:02:00,106,SHARON
AA0207,9647,0,0,PS,990910,12:29:58,12:30:23,25,0:00:00,0:00:00,0,AGENT,12:30:22,12:32:31,129,BASCH
AA0207,9648,0,0,PS,990910,13:03:45,13:04:13,28,0:00:00,0:00:00,0,HANG,0:00:00,0:00:00,0,NO_SERVER
AA0207,9649,0,0,NE,990910,13:30:03,13:30:39,36,0:00:00,0:00:00,0,HANG,0:00:00,0:00:00,0,NO_SERVER
AA0207,9650,0,0,NW,990910,14:24:41,14:25:56,75,0:00:00,0:00:00,0,HANG,0:00:00,0:00:00,0,NO_SERVER
AA0207,9651,0,0,PS,990910,16:27:22,16:27:58,36,0:00:00,0:00:00,0,HANG,0:00:00,0:00:00,0,NO_SERVER
AA0207,9652,0,0,NW,990911,11:58:24,11:58:48,24,0:00:00,0:00:00,0,HANG,0:00:00,0:00:00,0,NO_SERVER
AA0207,9653,0,0,PS,990911,23:08:20,23:08:32,12,0:00:00,0:00:00,0,HANG,0:00:00,0:00:00,0,NO_SERVER
AA0207,9654,0,0,PS,990912,18:23:58,18:24:20,22,0:00:00,0:00:00,0,HANG,0:00:00,0:00:00,0,NO_SERVER
AA0207,9655,0,0,PS,990912,19:40:46,19:40:58,12,0:00:00,0:00:00,0,HANG,0:00:00,0:00:00,0,NO_SERVER
AA0207,9656,0,0,NW,990912,20:07:00,20:07:14,14,0:00:00,0:00:00,0,AGENT,20:07:14,20:40:04,1970,AVNI
AA0207,9657,40661456,1,PS,990912,20:28:51,20:28:57,6,20:28:57,20:29:19,22,AGENT,20:29:18,20:36:16,418,AVNI
AA0207,9658,0,0,NW,990912,20:49:31,20:49:45,14,0:00:00,0:00:00,0,AGENT,20:49:45,20:50:13,28,SHARON
AA0207,9659,0,0,NW,990912,21:21:44,21:21:58,14,0:00:00,0:00:00,0,AGENT,21:21:57,21:23:30,93,SHARON
AA0207,9660,0,0,PS,990912,21:58:27,21:58:37,10,0:00:00,0:00:00,0,AGENT,21:58:36,22:02:09,213,AVNI
AA0207,9661,0,0,NW,990912,22:46:05,22:46:14,9,22:46:14,22:46:37,23,AGENT,22:46:35,22:55:26,531,SHARON
AA0207,9662,0,0,PS,990912,23:30:14,23:30:29,15,0:00:00,0:00:00,0,AGENT,23:30:28,23:32:00,92,ELI
AA0207,9663,2805893,2,PS,990913,6:57:51,6:57:57,6,6:57:57,6:59:46,109,AGENT,6:59:45,7:01:26,101,TOVA
AA0207,9664,0,0,PS,990913,7:41:20,7:41:31,11,0:00:00,0:00:00,0,AGENT,7:41:30,7:42:34,64,TOVA
AA0207,9665,0,0,PS,990913,8:04:59,8:05:10,11,0:00:00,0:00:00,0,AGENT,8:05:09,8:10:22,313,VICKY
AA0207,9666,0,0,PS,990913,8:18:30,8:18:41,11,0:00:00,0:00:00,0,AGENT,8:18:40,8:19:38,58,TOVA
AA0207,9667,0,0,NW,990913,8:33:48,8:33:58,10,8:33:58,8:34:12,14,AGENT,8:34:11,8:34:39,28,SHARON
AA0207,9668,6826895,1,PS,990913,8:44:13,8:44:19,6,8:44:19,8:46:03,104,AGENT,8:46:02,8:47:33,91,KAZAV
AA0207,9669,0,0,NW,990913,8:55:07,8:55:20,13,0:00:00,0:00:00,0,AGENT,8:55:19,8:55:50,31,SHARON
AA0207,9670,0,0,PS,990913,9:05:38,9:05:52,14,0:00:00,0:00:00,0,AGENT,9:05:51,9:09:12,201,TOVA
AA0207,9671,0,0,PS,990913,9:16:10,9:16:20,10,0:00:00,0:00:00,0,AGENT,9:16:19,9:20:25,246,TOVA
AA0207,9672,0,0,PS,990913,9:27:01,9:27:14,13,0:00:00,0:00:00,0,AGENT,9:27:13,9:29:44,151,GILI
AA0207,9673,0,0,PS,990913,9:36:54,9:37:02,8,0:00:00,0:00:00,0,AGENT,9:37:01,9:37:28,27,SHARON
AA0207,9674,25284340,1,PS,990913,9:43:06,9:43:11,5,9:43:11,9:43:46,35,AGENT,9:43:45,9:46:56,191,VICKY
AA0207,9675,0,0,PS,990913,9:53:02,9:53:13,11,0:00:00,0:00:00,0,AGENT,9:53:12,9:54:28,76,TOVA
AA0207,9676,31501695,1,PS,990913,10:06:06,10:06:12,6,10:06:12,10:06:58,46,HANG,10:07:00,10:07:04,4,NO_SERVER
AA0207,9677,0,0,PS,990913,10:14:23,10:14:36,13,0:00:00,0:00:00,0,AGENT,10:14:36,10:17:11,155,TOVA
AA0207,9678,0,0,PS,990913,10:24:45,10:25:01,16,0:00:00,0:00:00,0,AGENT,10:25:00,10:25:06,6,TOVA
AA0207,9679,31933914,2,PS,990913,10:33:52,10:33:58,6,10:33:58,10:34:14,16,AGENT,10:34:13,10:35:39,86,TOVA
AA0207,9680,3699154,2,NE,990913,10:40:03,10:40:08,5,10:40:08,10:40:32,24,AGENT,10:40:31,10:41:23,52,SHARON
AA0207,9681,0,0,PS,990913,10:48:41,10:48:50,9,0:00:00,0:00:00,0,AGENT,10:48:50,10:49:56,66,KAZAV
AA0207,9682,23070410,1,PS,990913,10:59:58,11:00:04,6,11:00:04,11:00:37,33,AGENT,11:00:36,11:03:31,175,VICKY
AA0207,9683,0,0,PS,990913,11:09:11,11:09:21,10,0:00:00,0:00:00,0,AGENT,11:09:19,11:10:53,94,STEREN
AA0207,9684,0,0,PS,990913,11:19:03,11:19:14,11,0:00:00,0:00:00,0,AGENT,11:19:12,11:21:45,153,GILI
AA0207,9685,31790793,2,PS,990913,11:26:28,11:26:33,5,11:26:33,11:26:52,19,AGENT,11:26:51,11:27:14,23,TOVA
AA0207,9686,0,0,PS,990913,11:36:18,11:36:27,9,0:00:00,0:00:00,0,AGENT,11:36:26,11:38:53,147,GILI
AA0207,9687,55476253,2,NE,990913,11:46:07,11:46:12,5,11:46:12,11:46:34,22,AGENT,11:46:33,11:56:15,582,ELI
AA0207,9688,0,0,PS,990913,11:53:20,11:53:29,9,0:00:00,0:00:00,0,AGENT,11:53:28,11:54:09,41,KAZAV
AA0207,9689,0,0,PS,990913,12:01:17,12:01:26,9,0:00:00,0:00:00,0,AGENT,12:01:25,12:03:06,101,VICKY
AA0207,9690,0,0,NE,990913,12:11:31,12:11:41,10,0:00:00,0:00:00,0,AGENT,12:11:40,12:13:22,102,TOVA
AA0207,9691,0,0,NE,990913,12:22:41,12:22:51,10,0:00:00,0:00:00,0,AGENT,12:22:50,12:37:24,874,ELI
AA0207,9692,0,0,PS,990913,12:32:49,12:32:58,9,0:00:00,0:00:00,0,AGENT,12:32:57,12:34:37,100,TOVA
AA0207,9693,0,0,PS,990913,12:46:17,12:46:26,9,0:00:00,0:00:00,0,AGENT,12:46:25,12:51:55,330,KAZAV
AA0207,9694,0,0,PS,990913,13:03:47,13:04:00,13,0:00:00,0:00:00,0,AGENT,13:04:00,13:04:50,50,BASCH
AA0207,9695,57056244,2,NE,990913,13:10:50,13:10:55,5,13:10:55,13:11:26,31,AGENT,13:11:25,13:12:02,37,SHARON
AA0207,9696,57211559,2,PS,990913,13:21:30,13:21:36,6,13:21:36,13:22:05,29,AGENT,13:22:04,13:22:12,8,VICKY
AA0207,9697,0,0,PS,990913,13:28:59,13:29:08,9,0:00:00,0:00:00,0,AGENT,13:29:07,13:33:59,292,TOVA
AA0207,9698,0,0,NW,990913,13:41:41,13:41:50,9,13:41:50,13:42:55,65,AGENT,13:42:53,13:47:59,306,SHARON
AA0207,9699,52867744,2,PS,990913,13:49:46,13:49:51,5,13:49:51,13:52:07,136,AGENT,13:52:06,13:55:11,185,SHARON
AA0207,9700,32389629,2,PS,990913,13:59:28,13:59:34,6,13:59:34,13:59:39,5,AGENT,13:59:37,14:00:38,61,ROTH
AA0207,9701,0,0,NW,990913,14:06:10,14:06:19,9,14:06:19,14:09:09,170,HANG,0:00:00,0:00:00,0,NO_SERVER
AA0207,9702,56702061,2,PS,990913,14:12:03,14:12:08,5,14:12:08,14:12:27,19,HANG,0:00:00,0:00:00,0,NO_SERVER
AA0207,9703,51294858,2,PS,990913,14:16:15,14:16:20,5,14:16:20,14:18:28,128,AGENT,14:18:28,14:20:01,93,SHARON
AA0207,9705,0,0,PS,990913,14:24:41,14:24:41,0,0:00:00,0:00:00,0,HANG,0:00:00,0:00:00,0,NO_SERVER
AA0207,9706,0,0,PS,990913,14:31:30,14:39:30,480,0:00:00,0:00:00,0,HANG,0:00:00,0:00:00,0,NO_SERVER
AA0207,9707,23957327,2,PS,990913,14:51:20,14:51:25,5,14:51:25,14:52:11,46,AGENT,14:52:10,14:54:12,122,STEREN
AA0207,9708,0,0,NW,990913,15:01:30,15:01:40,10,15:01:40,15:05:58,258,AGENT,15:05:57,15:07:13,76,SHARON
AA0207,9709,69480838,1,PS,990913,15:13:13,15:13:19,6,15:13:19,15:13:30,11,HANG,0:00:00,0:00:00,0,NO_SERVER
AA0207,9710,57918849,1,NE,990913,15:19:34,15:19:40,6,15:19:40,15:23:09,209,AGENT,15:23:08,15:29:07,359,ANAT
AA0207,9711,9696428,1,PS,990913,15:30:43,15:30:49,6,15:30:49,15:32:29,100,AGENT,15:32:28,15:40:29,481,ROTH
AA0207,9712,0,0,PS,990913,15:42:07,15:42:15,8,0:00:00,0:00:00,0,AGENT,15:42:14,15:44:07,113,ROTH
AA0207,9713,0,0,NW,990913,15:55:17,15:55:26,9,15:55:26,15:55:41,15,AGENT,15:55:41,15:58:03,142,AVNI
AA0207,9714,0,0,PS,990913,16:06:24,16:06:32,8,0:00:00,0:00:00,0,AGENT,16:06:32,16:09:26,174,AVI
AA0207,9715,0,0,NW,990913,16:15:57,16:16:09,12,0:00:00,0:00:00,0,AGENT,16:16:08,16:17:36,88,ROTH
AA0207,9716,52114295,2,PS,990913,16:31:42,16:31:48,6,16:31:48,16:31:53,5,AGENT,16:31:52,16:33:33,101,AVI
AA0207,9717,7211899,2,PS,990913,16:41:59,16:42:05,6,16:42:05,16:43:26,81,AGENT,16:43:25,16:45:40,135,ANAT
AA0207,9718,22263115,2,PS,990913,16:50:24,16:50:30,6,16:50:30,16:50:41,11,HANG,0:00:00,0:00:00,0,NO_SERVER
AA0207,9719,43238989,1,PS,990913,16:56:39,16:56:44,5,16:56:44,16:58:48,124,AGENT,16:58:47,17:00:25,98,AVNI
AA0207,9720,0,0,PS,990913,17:09:36,17:09:45,9,0:00:00,0:00:00,0,AGENT,17:09:44,17:10:28,44,ANAT
AA0207,9721,0,0,PS,990913,17:26:12,17:26:21,9,0:00:00,0:00:00,0,AGENT,17:26:20,17:26:24,4,NO_SERVER
AA0207,9722,0,0,PS,990913,17:46:50,17:47:00,10,0:00:00,0:00:00,0,AGENT,17:46:59,17:47:47,48,NO_SERVER
AA0207,9723,51646362,2,PS,990913,18:02:00,18:02:06,6,18:02:06,18:02:29,23,AGENT,18:02:29,18:03:08,39,AVI
AA0207,9724,58704610,2,PS,990913,18:15:20,18:15:26,6,18:15:26,18:16:03,37,AGENT,18:16:03,18:18:47,164,BASCH
AA0207,9725,0,0,PS,990913,18:29:54,18:30:03,9,0:00:00,0:00:00,0,AGENT,18:30:02,18:36:09,367,MORIAH
AA0207,9726,0,0,NE,990913,18:48:46,18:49:02,16,0:00:00,0:00:00,0,AGENT,18:49:01,18:51:59,178,BASCH
AA0207,9727,51440469,2,PS,990913,18:57:43,18:57:49,6,18:57:49,18:58:47,58,AGENT,18:58:47,19:00:19,92,AVNI
AA0207,9728,57537144,2,PS,990913,19:11:17,19:11:22,5,19:11:22,19:11:44,22,AGENT,19:11:44,19:11:47,3,MORIAH
AA0207,9729,68852946,2,PS,990913,19:16:57,19:17:03,6,19:17:03,19:20:24,201,PHANTOM,19:20:23,19:20:43,20,NO_SERVER
AA0207,9730,4312914,2,PS,990913,19:27:48,19:27:54,6,19:27:54,19:28:07,13,AGENT,19:28:07,19:30:39,152,MORIAH
AA0207,9731,23588304,2,PS,990913,19:38:33,19:38:39,6,19:38:39,19:38:58,19,AGENT,19:38:56,19:46:36,460,ANAT
AA0207,9732,0,0,NW,990913,20:00:54,20:01:08,14,0:00:00,0:00:00,0,AGENT,20:01:07,20:02:27,80,AVI
AA0207,9733,0,0,NE,990913,20:16:13,20:16:30,17,0:00:00,0:00:00,0,AGENT,20:16:30,20:16:32,2,ANAT
AA0207,9734,8762031,2,PS,990913,20:28:39,20:28:45,6,20:28:45,20:29:16,31,AGENT,20:29:15,20:30:51,96,BASCH
AA0207,9735,0,0,PS,990913,20:45:34,20:45:45,11,0:00:00,0:00:00,0,AGENT,20:45:43,20:53:39,476,ANAT
AA0207,9736,24859951,1,PS,990913,20:59:25,20:59:31,6,20:59:31,20:59:35,4,AGENT,20:59:34,20:59:34,0,AVI
AA0207,9737,33009242,1,PS,990913,21:16:29,21:16:35,6,21:16:35,21:17:02,27,HANG,0:00:00,0:00:00,0,NO_SERVER
AA0207,9738,0,0,PS,990913,21:34:08,21:34:16,8,0:00:00,0:00:00,0,AGENT,21:34:15,21:35:40,85,MEIR
AA0207,9739,0,0,PS,990913,21:46:48,21:46:58,10,0:00:00,0:00:00,0,AGENT,21:46:57,21:50:06,189,MEIR
AA0207,9741,0,0,PS,990913,22:10:48,22:10:48,0,0:00:00,0:00:00,0,HANG,0:00:00,0:00:00,0,NO_SERVER
AA0207,9742,0,0,PS,990913,22:22:16,22:23:09,53,0:00:00,0:00:00,0,HANG,0:00:00,0:00:00,0,NO_SERVER
AA0207,9743,0,0,PS,990913,22:45:02,22:45:10,8,0:00:00,0:00:00,0,AGENT,22:45:09,22:46:42,93,AVNI
AA0207,9744,10634848,1,NE,990913,23:22:20,23:22:25,5,23:22:25,23:22:53,28,AGENT,23:22:52,23:23:40,48,AVI
AA0207,9745,22195960,1,PS,990913,23:48:56,23:49:18,22,23:49:18,23:49:32,14,AGENT,23:49:32,23:50:53,81,AVNI
AA0207,9746,0,0,NW,990914,3:22:34,3:22:55,21,0:00:00,0:00:00,0,HANG,0:00:00,0:00:00,0,NO_SERVER
AA0207,9747,0,0,PS,990914,7:20:04,7:20:31,27,0:00:00,0:00:00,0,AGENT,7:20:30,7:20:57,27,YIFAT
AA0207,9748,0,0,PS,990914,7:38:44,7:38:55,11,0:00:00,0:00:00,0,AGENT,7:38:54,7:38:56,2,ANAT
AA0207,9749,0,0,NW,990914,7:56:18,7:56:27,9,7:56:27,7:57:24,57,AGENT,7:57:23,8:01:18,235,BASCH
AA0207,9750,0,0,PS,990914,8:19:50,8:20:00,10,0:00:00,0:00:00,0,AGENT,8:19:58,8:23:13,195,ANAT
AA0207,9751,0,0,NW,990914,8:26:50,8:26:59,9,8:26:59,8:27:46,47,HANG,0:00:00,0:00:00,0,NO_SERVER
AA0207,9752,0,0,PS,990914,8:36:09,8:36:20,11,0:00:00,0:00:00,0,AGENT,8:36:19,8:37:22,63,ANAT
AA0207,9753,0,0,PS,990914,8:44:20,8:44:30,10,0:00:00,0:00:00,0,AGENT,8:44:30,8:45:18,48,BASCH
AA0207,9754,0,0,PS,990914,8:53:46,8:53:55,9,0:00:00,0:00:00,0,AGENT,8:53:54,8:55:31,97,YIFAT
AA0207,9755,0,0,NW,990914,9:02:36,9:02:51,15,0:00:00,0:00:00,0,AGENT,9:02:51,9:04:45,114,GOLDIE
AA0207,9756,0,0,PS,990914,9:11:01,9:11:12,11,0:00:00,0:00:00,0,AGENT,9:11:11,9:12:47,96,ANAT
AA0207,9757,0,0,PS,990914,9:20:57,9:21:07,10,0:00:00,0:00:00,0,AGENT,9:21:06,9:24:15,189,TOVA
AA0207,9758,0,0,PS,990914,9:29:53,9:30:02,9,0:00:00,0:00:00,0,AGENT,9:30:01,9:43:16,795,BASCH
AA0207,9759,24588477,2,PS,990914,9:37:58,9:38:04,6,9:38:04,9:38:42,38,AGENT,9:38:42,9:38:49,7,MORIAH
AA0207,9760,8258329,2,NE,990914,9:46:03,9:46:09,6,9:46:09,9:46:16,7,AGENT,9:46:16,9:46:18,2,MORIAH
AA0207,9761,0,0,PS,990914,9:56:50,9:57:01,11,0:00:00,0:00:00,0,AGENT,9:57:00,10:02:03,303,AVNI
AA0207,9762,0,0,PS,990914,10:07:24,10:07:33,9,0:00:00,0:00:00,0,AGENT,10:07:32,10:12:42,310,AVNI
AA0207,9763,0,0,NW,990914,10:15:15,10:15:24,9,10:15:24,10:18:43,199,HANG,0:00:00,0:00:00,0,NO_SERVER
AA0207,9764,59153189,1,PS,990914,10:24:36,10:24:42,6,10:24:42,10:24:57,15,HANG,0:00:00,0:00:00,0,NO_SERVER
AA0207,9765,24927717,1,PS,990914,10:31:20,10:31:26,6,10:31:26,10:31:45,19,AGENT,10:31:44,10:31:46,2,TOVA
AA0207,9766,22874192,2,PS,990914,10:36:33,10:36:39,6,10:36:39,10:38:24,105,AGENT,10:38:24,10:39:58,94,TOVA
AA0207,9767,42647446,2,NE,990914,10:42:06,10:42:11,5,10:42:11,10:42:22,11,HANG,0:00:00,0:00:00,0,NO_SERVER
AA0207,9768,0,0,NW,990914,10:49:00,10:49:10,10,10:49:10,10:49:34,24,HANG,0:00:00,0:00:00,0,NO_SERVER
AA0207,9769,4312914,2,PS,990914,11:01:16,11:01:21,5,11:01:21,11:02:53,92,AGENT,11:02:52,11:05:06,134,YIFAT
AA0207,9770,1574243,2,NE,990914,11:08:18,11:08:24,6,11:08:24,11:09:50,86,HANG,0:00:00,0:00:00,0,NO_SERVER
AA0207,9771,0,0,NW,990914,11:17:06,11:17:15,9,11:17:15,11:20:43,208,AGENT,11:20:42,11:22:32,110,AVNI
AA0207,9772,0,0,NW,990914,11:32:51,11:33:00,9,11:33:00,11:33:54,54,AGENT,11:33:53,11:35:46,113,BASCH
AA0207,9773,52131323,2,PS,990914,11:42:49,11:42:55,6,11:42:55,11:44:45,110,AGENT,11:44:44,11:54:03,559,TOVA
AA0207,9774,57831356,2,NE,990914,11:51:13,11:51:18,5,11:51:18,11:52:24,66,AGENT,11:52:02,11:55:19,197,KAZAV
AA0207,9775,50850429,2,PS,990914,12:00:46,12:00:52,6,12:00:52,12:01:03,11,AGENT,12:01:02,12:03:01,119,GOLDIE
AA0207,9776,0,0,PS,990914,12:10:32,12:10:41,9,0:00:00,0:00:00,0,AGENT,12:10:40,12:10:54,14,KAZAV
AA0207,9777,57464265,2,PS,990914,12:17:23,12:17:29,6,12:17:29,12:18:19,50,AGENT,12:18:18,12:19:34,76,KAZAV
AA0207,9778,0,0,PS,990914,12:28:51,12:28:59,8,0:00:00,0:00:00,0,AGENT,12:28:58,12:33:34,276,MORIAH
AA0207,9779,51929339,2,PS,990914,12:37:05,12:37:10,5,12:37:10,12:38:16,66,AGENT,12:38:15,12:45:10,415,BASCH
AA0207,9780,0,0,PS,990914,12:48:39,12:48:48,9,0:00:00,0:00:00,0,AGENT,12:48:47,12:52:41,234,KAZAV
AA0207,9781,0,0,PS,990914,13:04:13,13:04:23,10,0:00:00,0:00:00,0,AGENT,13:04:22,13:05:11,49,KAZAV
AA0207,9782,14872279,2,PS,990914,13:12:51,13:12:57,6,13:12:57,13:13:35,38,AGENT,13:13:34,13:21:26,472,MORIAH
AA0207,9783,59101873,2,PS,990914,13:28:22,13:28:28,6,13:28:28,13:30:04,96,AGENT,13:30:04,13:31:49,105,AVNI
AA0207,9784,0,0,PS,990914,13:40:21,13:40:32,11,0:00:00,0:00:00,0,AGENT,13:40:32,13:43:20,168,KAZAV
AA0207,9785,0,0,NW,990914,13:49:36,13:49:45,9,13:49:45,13:51:16,91,HANG,0:00:00,0:00:00,0,NO_SERVER
AA0207,9786,57460131,2,PS,990914,13:59:34,13:59:40,6,13:59:40,13:59:59,19,HANG,0:00:00,0:00:00,0,NO_SERVER
AA0207,9787,24947061,2,PS,990914,14:09:22,14:09:28,6,14:09:28,14:11:20,112,AGENT,14:11:19,14:12:49,90,KAZAV
AA0207,9788,57918849,1,NE,990914,14:18:35,14:18:40,5,14:18:40,14:18:49,9,AGENT,14:18:48,14:19:29,41,ROTH
AA0207,9789,35711464,2,PS,990914,14:23:47,14:23:53,6,14:23:53,14:27:21,208,AGENT,14:27:20,14:28:50,90,NAAMA
AA0207,9790,56398498,2,PS,990914,14:36:45,14:36:51,6,14:36:51,14:37:22,31,AGENT,14:37:21,14:44:30,429,KAZAV
AA0207,9791,0,0,NW,990914,14:42:51,14:43:01,10,14:43:01,14:46:13,192,HANG,0:00:00,0:00:00,0,NO_SERVER
AA0207,9792,0,0,NW,990914,14:54:54,14:55:03,9,14:55:03,14:57:55,172,HANG,0:00:00,0:00:00,0,NO_SERVER
AA0207,9793,57831356,2,NE,990914,15:08:55,15:09:01,6,15:09:01,15:13:18,257,AGENT,15:13:17,15:16:11,174,KAZAV
AA0207,9794,33633140,1,PS,990914,15:22:58,15:23:04,6,15:23:04,15:25:12,128,AGENT,15:25:11,15:26:04,53,BASCH
AA0207,9795,0,0,PS,990914,15:35:36,15:36:48,72,0:00:00,0:00:00,0,HANG,0:00:00,0:00:00,0,NO_SERVER
AA0207,9796,38309977,2,PS,990914,15:45:30,15:45:36,6,15:45:36,15:49:26,230,AGENT,15:49:25,15:52:20,175,ROTH
AA0207,9797,74450255,1,PS,990914,15:58:58,15:59:04,6,15:59:04,16:01:11,127,AGENT,16:01:10,16:06:29,319,AVNI
AA0207,9798,10473262,2,PS,990914,16:11:10,16:11:15,5,16:11:15,16:11:41,26,AGENT,16:11:40,16:12:44,64,YITZ
AA0207,9799,0,0,NW,990914,16:20:18,16:20:27,9,0:00:00,0:00:00,0,HANG,0:00:00,0:00:00,0,NO_SERVER
AA0207,9800,24699738,1,PS,990914,16:33:09,16:33:14,5,16:33:14,16:35:28,134,AGENT,16:35:27,16:35:38,11,ROTH
AA0207,9801,0,0,PS,990914,16:43:46,16:43:56,10,0:00:00,0:00:00,0,AGENT,16:43:55,16:44:52,57,STEREN
AA0207,9802,0,0,NW,990914,16:54:40,16:54:50,10,16:54:50,16:55:27,37,AGENT,16:55:26,16:56:10,44,BENSION
AA0207,9803,0,0,NW,990914,17:07:33,17:07:49,16,0:00:00,0:00:00,0,AGENT,17:07:48,17:08:39,51,SHARON
AA0207,9804,0,0,PS,990914,17:19:26,17:19:35,9,0:00:00,0:00:00,0,AGENT,17:19:34,17:21:36,122,ROTH
AA0207,9805,0,0,PS,990914,17:36:18,17:36:26,8,0:00:00,0:00:00,0,AGENT,17:36:26,17:42:39,373,ROTH
AA0207,9806,0,0,PS,990914,17:50:03,17:50:12,9,0:00:00,0:00:00,0,AGENT,17:50:12,17:51:54,102,STEREN
AA0207,9807,0,0,PS,990914,18:07:30,18:07:45,15,0:00:00,0:00:00,0,AGENT,18:07:44,18:10:23,159,STEREN
AA0207,9808,0,0,PS,990914,18:22:26,18:22:35,9,0:00:00,0:00:00,0,AGENT,18:22:34,18:29:14,400,ROTH
AA0207,9809,0,0,PS,990914,18:39:52,18:40:06,14,0:00:00,0:00:00,0,AGENT,18:40:05,18:40:05,0,BENSION
AA0207,9810,0,0,PS,990914,18:55:40,18:55:48,8,0:00:00,0:00:00,0,AGENT,18:55:48,18:57:16,88,ROTH
AA0207,9811,0,0,PS,990914,19:13:52,19:14:09,17,0:00:00,0:00:00,0,AGENT,19:14:08,19:15:19,71,BENSION
AA0207,9812,0,0,PS,990914,19:36:09,19:36:18,9,0:00:00,0:00:00,0,AGENT,19:36:18,19:42:43,385,ZOHARI
AA0207,9813,0,0,PS,990914,19:54:09,19:54:22,13,0:00:00,0:00:00,0,AGENT,19:54:21,19:58:56,275,BENSION
AA0207,9814,0,0,PS,990914,20:12:49,20:13:00,11,0:00:00,0:00:00,0,AGENT,20:12:59,20:15:52,173,NAAMA
AA0207,9815,0,0,PS,990914,20:36:03,20:36:17,14,0:00:00,0:00:00,0,AGENT,20:36:16,20:43:03,407,BENSION
AA0207,9816,0,0,PS,990914,20:57:09,20:57:21,12,0:00:00,0:00:00,0,AGENT,20:57:20,20:58:19,59,BENSION
AA0207,9817,0,0,PS,990914,21:25:16,21:25:44,28,0:00:00,0:00:00,0,AGENT,21:25:43,21:27:50,127,SHARON
AA0207,9818,0,0,PS,990914,21:40:50,21:41:06,16,0:00:00,0:00:00,0,AGENT,21:41:05,21:42:13,68,BENSION
AA0207,9819,0,0,NW,990914,21:54:39,21:54:47,8,21:54:47,21:54:51,4,AGENT,21:54:51,21:54:56,5,BENSION
AA0207,9820,0,0,PS,990914,22:24:15,22:24:27,12,0:00:00,0:00:00,0,AGENT,22:24:26,22:33:02,516,STEREN
AA0207,9821,0,0,PS,990914,22:54:29,22:54:41,12,0:00:00,0:00:00,0,AGENT,22:54:37,22:56:02,85,STEREN
AA0207,9822,0,0,NW,990914,23:21:52,23:22:06,14,0:00:00,0:00:00,0,AGENT,23:22:05,23:22:34,29,STEREN
AA0207,9823,0,0,NW,990914,23:54:07,23:54:39,32,0:00:00,0:00:00,0,AGENT,23:54:38,23:54:44,6,BENSION
AA0207,9824,0,0,PS,990915,6:57:13,6:57:28,15,0:00:00,0:00:00,0,AGENT,6:57:28,6:59:48,140,ZOHARI
AA0207,9825,0,0,PS,990915,7:50:26,7:50:41,15,0:00:00,0:00:00,0,AGENT,7:50:40,7:52:47,127,YIFAT
AA0207,9826,0,0,PS,990915,8:11:40,8:11:51,11,0:00:00,0:00:00,0,AGENT,8:11:50,8:15:55,245,YIFAT
AA0207,9827,0,0,PS,990915,8:24:03,8:24:13,10,0:00:00,0:00:00,0,AGENT,8:24:11,8:35:23,672,YIFAT
AA0207,9828,3100351,2,PS,990915,8:40:55,8:41:01,6,8:41:01,8:42:23,82,AGENT,8:42:22,8:43:48,86,ROTH
AA0207,9829,15445265,1,PS,990915,8:50:37,8:50:42,5,8:50:42,8:51:08,26,AGENT,8:51:07,8:52:02,55,KAZAV
AA0207,9830,0,0,NW,990915,9:04:22,9:04:31,9,9:04:31,9:08:16,225,HANG,0:00:00,0:00:00,0,NO_SERVER
AA0207,9831,32961633,1,PS,990915,9:13:03,9:13:09,6,9:13:09,9:13:28,19,AGENT,9:13:27,9:13:28,1,YIFAT
AA0207,9832,0,0,NW,990915,9:25:54,9:26:07,13,0:00:00,0:00:00,0,AGENT,9:26:06,9:30:25,259,STEREN
AA0207,9833,0,0,PS,990915,9:40:02,9:40:11,9,0:00:00,0:00:00,0,AGENT,9:40:10,9:46:27,377,AVNI
AA0207,9834,67509430,1,PS,990915,9:48:46,9:48:51,5,9:48:51,9:50:15,84,AGENT,9:50:14,9:51:32,78,GOLDIE
AA0207,9835,0,0,PS,990915,9:58:37,9:58:46,9,0:00:00,0:00:00,0,AGENT,9:58:45,9:59:07,22,KAZAV
AA0207,9836,57831356,2,NE,990915,10:09:09,10:09:15,6,10:09:15,10:09:58,43,AGENT,10:09:57,10:10:55,58,ZOHARI
AA0207,9837,16686354,2,NE,990915,10:16:34,10:16:40,6,10:16:40,10:18:03,83,AGENT,10:18:02,10:24:15,373,VICKY
AA0207,9838,11050135,1,PS,990915,10:25:21,10:25:27,6,10:25:27,10:25:39,12,AGENT,10:25:38,10:26:50,72,KAZAV
AA0207,9839,11050135,1,PS,990915,10:32:26,10:32:32,6,10:32:32,10:35:19,167,AGENT,10:35:18,10:36:58,100,KAZAV
AA0207,9840,0,0,NE,990915,10:43:08,10:43:22,14,0:00:00,0:00:00,0,AGENT,10:43:21,10:51:29,488,ZOHARI
AA0207,9841,0,0,NW,990915,10:52:53,10:53:06,13,0:00:00,0:00:00,0,AGENT,10:53:05,11:00:26,441,STEREN
AA0207,9842,33290677,1,PS,990915,11:01:11,11:01:16,5,11:01:16,11:02:30,74,AGENT,11:02:29,11:06:07,218,DORIT
AA0207,9843,0,0,NE,990915,11:11:29,11:11:39,10,0:00:00,0:00:00,0,AGENT,11:11:38,11:14:40,182,KAZAV
AA0207,9844,0,0,PS,990915,11:20:17,11:20:28,11,0:00:00,0:00:00,0,AGENT,11:20:28,11:20:54,26,DORIT
AA0207,9845,56351166,1,PS,990915,11:31:32,11:31:38,6,11:31:38,11:31:44,6,AGENT,11:31:43,11:33:19,96,DORIT
AA0207,9846,0,0,PS,990915,11:40:10,11:40:20,10,0:00:00,0:00:00,0,AGENT,11:40:18,11:40:50,32,AVNI
AA0207,9847,0,0,PS,990915,11:59:00,11:59:12,12,0:00:00,0:00:00,0,AGENT,11:59:11,12:03:25,254,GOLDIE
AA0207,9848,0,0,PS,990915,12:09:43,12:09:53,10,0:00:00,0:00:00,0,AGENT,12:09:52,12:11:23,91,STEREN
AA0207,9849,0,0,PS,990915,12:19:27,12:19:41,14,0:00:00,0:00:00,0,AGENT,12:19:40,12:20:42,62,DORIT
AA0207,9850,0,0,PS,990915,12:30:02,12:30:12,10,0:00:00,0:00:00,0,AGENT,12:30:10,12:31:28,78,DORIT
AA0207,9851,0,0,PS,990915,12:47:52,12:48:04,12,0:00:00,0:00:00,0,AGENT,12:48:03,12:50:51,168,AVNI
AA0207,9852,0,0,PS,990915,13:00:34,13:00:44,10,0:00:00,0:00:00,0,AGENT,13:00:43,13:01:02,19,GOLDIE
AA0207,9853,0,0,PS,990915,13:09:51,13:09:59,8,0:00:00,0:00:00,0,AGENT,13:09:59,13:10:53,54,DORIT
AA0207,9854,32131898,1,PS,990915,13:20:56,13:21:01,5,13:21:01,13:21:28,27,AGENT,13:21:27,13:23:53,146,VICKY
AA0207,9855,0,0,PS,990915,13:36:38,13:36:47,9,0:00:00,0:00:00,0,AGENT,13:36:46,13:37:47,61,ZOHARI
AA0207,9856,0,0,PS,990915,13:50:25,13:50:43,18,0:00:00,0:00:00,0,AGENT,13:50:42,13:51:15,33,BASCH
AA0207,9857,0,0,PS,990915,14:00:34,14:00:43,9,0:00:00,0:00:00,0,AGENT,14:00:43,14:02:27,104,GOLDIE
AA0207,9858,176156,1,PS,990915,14:11:07,14:11:12,5,14:11:12,14:11:23,11,AGENT,14:11:23,14:14:17,174,BASCH
AA0207,9859,0,0,PS,990915,14:22:48,14:22:59,11,0:00:00,0:00:00,0,AGENT,14:22:59,14:24:53,114,MORIAH
AA0207,9860,0,0,NW,990915,14:35:11,14:35:20,9,14:35:20,14:36:18,58,AGENT,14:36:17,14:36:27,10,MORIAH
AA0207,9861,32426736,1,PS,990915,14:43:06,14:43:12,6,14:43:12,14:44:14,62,AGENT,14:44:13,14:47:05,172,DORIT
AA0207,9862,0,0,PS,990915,14:51:35,14:51:44,9,0:00:00,0:00:00,0,AGENT,14:51:44,14:54:12,148,KAZAV
AA0207,9863,55710933,2,PS,990915,15:03:50,15:03:55,5,15:03:55,15:04:33,38,AGENT,15:04:32,15:04:34,2,MORIAH
AA0207,9864,0,0,NE,990915,15:11:40,15:11:51,11,0:00:00,0:00:00,0,AGENT,15:11:51,15:14:55,184,ZOHARI
AA0207,9865,31955149,1,PS,990915,15:16:52,15:16:57,5,15:16:57,15:17:45,48,HANG,0:00:00,0:00:00,0,NO_SERVER
AA0207,9866,0,0,PS,990915,15:26:52,15:27:07,15,0:00:00,0:00:00,0,AGENT,15:27:07,15:29:01,114,ANAT
AA0207,9867,32067225,1,PS,990915,15:32:30,15:32:35,5,15:32:35,15:32:49,14,HANG,0:00:00,0:00:00,0,NO_SERVER
AA0207,9868,0,0,PS,990915,15:38:31,15:38:40,9,0:00:00,0:00:00,0,AGENT,15:38:39,15:38:43,4,MORIAH
AA0207,9869,0,0,NW,990915,15:45:00,15:45:19,19,0:00:00,0:00:00,0,AGENT,15:45:18,15:45:55,37,MORIAH
AA0207,9870,0,0,PS,990915,15:58:13,15:58:23,10,0:00:00,0:00:00,0,AGENT,15:58:22,15:58:29,7,MORIAH
AA0207,9871,0,0,NE,990915,16:06:14,16:06:23,9,0:00:00,0:00:00,0,AGENT,16:06:22,16:08:44,142,BASCH
AA0207,9872,0,0,PS,990915,16:21:08,16:21:19,11,0:00:00,0:00:00,0,AGENT,16:21:18,16:25:05,227,AVI
AA0207,9873,0,0,PS,990915,16:35:32,16:35:40,8,0:00:00,0:00:00,0,AGENT,16:35:39,16:40:49,310,STEREN
AA0207,9874,0,0,PS,990915,16:48:42,16:48:54,12,0:00:00,0:00:00,0,AGENT,16:48:54,16:50:00,66,BENSION
AA0207,9875,0,0,PS,990915,16:59:20,16:59:35,15,0:00:00,0:00:00,0,AGENT,16:59:34,17:02:38,184,BENSION
AA0207,9876,0,0,PS,990915,17:15:49,17:16:02,13,0:00:00,0:00:00,0,AGENT,17:16:01,17:18:00,119,BENSION
AA0207,9877,0,0,PS,990915,17:33:05,17:33:16,11,0:00:00,0:00:00,0,AGENT,17:33:15,17:35:08,113,AVI
AA0207,9878,0,0,PS,990915,17:54:17,17:54:44,27,0:00:00,0:00:00,0,AGENT,17:54:44,17:58:58,254,AVI
AA0207,9879,0,0,NW,990915,18:14:21,18:14:27,6,0:00:00,0:00:00,0,HANG,0:00:00,0:00:00,0,NO_SERVER
AA0207,9880,0,0,NW,990915,18:29:40,18:29:51,11,0:00:00,0:00:00,0,AGENT,18:29:49,18:30:04,15,NO_SERVER
AA0207,9881,22357230,2,PS,990915,18:47:20,18:47:25,5,18:47:25,18:47:35,10,AGENT,18:47:34,18:48:57,83,BASCH
AA0207,9882,0,0,PS,990915,18:59:03,18:59:14,11,0:00:00,0:00:00,0,AGENT,18:59:13,18:59:57,44,BASCH
AA0207,9883,0,0,NE,990915,19:20:44,19:20:54,10,0:00:00,0:00:00,0,AGENT,19:20:53,19:23:01,128,BASCH
AA0207,9884,0,0,PS,990915,19:44:36,19:44:55,19,0:00:00,0:00:00,0,AGENT,19:44:55,19:48:23,208,BASCH
AA0207,9885,0,0,PS,990915,20:09:52,20:10:07,15,0:00:00,0:00:00,0,AGENT,20:10:06,20:10:51,45,BASCH
AA0207,9886,0,0,NE,990915,20:28:50,20:28:59,9,0:00:00,0:00:00,0,AGENT,20:28:59,20:38:54,595,TOVA
AA0207,9887,0,0,PS,990915,20:47:20,20:47:36,16,0:00:00,0:00:00,0,AGENT,20:47:35,20:50:38,183,BASCH
AA0207,9888,0,0,PS,990915,21:04:48,21:05:08,20,0:00:00,0:00:00,0,AGENT,21:05:07,21:06:35,88,BENSION
AA0207,9889,0,0,PS,990915,21:22:05,21:22:15,10,0:00:00,0:00:00,0,AGENT,21:22:14,21:26:48,274,YITZ
AA0207,9890,0,0,PS,990915,21:39:51,21:39:59,8,0:00:00,0:00:00,0,AGENT,21:39:58,21:40:33,35,AVI
AA0207,9891,57379505,2,PS,990915,21:55:23,21:55:28,5,21:55:28,21:55:32,4,AGENT,21:55:31,21:57:00,89,AVI
AA0207,9892,0,0,PS,990915,22:15:25,22:15:38,13,0:00:00,0:00:00,0,AGENT,22:15:37,22:16:09,32,BENSION
AA0207,9893,0,0,NE,990915,22:40:23,22:40:38,15,0:00:00,0:00:00,0,AGENT,22:40:38,22:41:42,64,BENSION
AA0207,9894,0,0,NE,990915,23:10:15,23:10:25,10,0:00:00,0:00:00,0,AGENT,23:10:24,23:13:46,202,AVI
AA0207,9895,33474602,2,PS,990915,23:49:50,23:49:55,5,23:49:55,23:51:37,102,HANG,0:00:00,0:00:00,0,NO_SERVER
AA0207,9896,0,0,PS,990916,2:35:41,2:36:15,34,0:00:00,0:00:00,0,HANG,0:00:00,0:00:00,0,NO_SERVER
AA0207,9897,0,0,PS,990916,7:27:06,7:27:17,11,0:00:00,0:00:00,0,AGENT,7:27:16,7:34:17,421,MORIAH
AA0207,9898,0,0,PS,990916,7:51:52,7:52:07,15,0:00:00,0:00:00,0,AGENT,7:52:05,7:56:03,238,ANAT
AA0207,9899,0,0,PS,990916,8:12:32,8:12:50,18,0:00:00,0:00:00,0,AGENT,8:12:44,8:27:19,875,DORIT
AA0207,9900,0,0,PS,990916,8:24:50,8:24:59,9,0:00:00,0:00:00,0,AGENT,8:24:58,8:25:47,49,KAZAV
AA0207,9901,0,0,PS,990916,8:41:48,8:41:58,10,0:00:00,0:00:00,0,AGENT,8:41:57,8:46:13,256,TOVA
AA0207,9902,58435363,2,PS,990916,8:50:08,8:50:13,5,8:50:13,8:50:47,34,AGENT,8:50:47,8:56:45,358,ANAT
AA0207,9903,0,0,NW,990916,9:03:39,9:03:52,13,0:00:00,0:00:00,0,AGENT,9:03:51,9:08:32,281,ROTH
AA0207,9904,13846134,1,PS,990916,9:12:18,9:12:23,5,9:12:23,9:14:39,136,AGENT,9:14:38,9:16:41,123,KAZAV
AA0207,9905,0,0,PS,990916,9:23:04,9:23:18,14,0:00:00,0:00:00,0,AGENT,9:23:16,9:27:10,234,ANAT
AA0207,9906,33110446,2,PS,990916,9:41:57,9:42:03,6,9:42:03,9:42:17,14,PHANTOM,9:42:17,9:42:20,3,NO_SERVER
AA0207,9907,0,0,PS,990916,9:53:03,9:53:12,9,0:00:00,0:00:00,0,AGENT,9:53:11,9:57:40,269,ZOHARI
AA0207,9908,0,0,PS,990916,10:03:18,10:03:26,8,0:00:00,0:00:00,0,AGENT,10:03:26,10:04:23,57,ANAT
AA0207,9909,65032120,2,NE,990916,10:13:40,10:13:46,6,10:13:46,10:14:01,15,AGENT,10:13:59,10:20:15,376,TOVA
AA0207,9910,0,0,PS,990916,10:21:16,10:21:25,9,0:00:00,0:00:00,0,AGENT,10:21:24,10:33:46,742,YIFAT
AA0207,9911,31555790,1,PS,990916,10:26:41,10:26:47,6,10:26:47,10:29:20,153,AGENT,10:29:19,10:31:01,102,MORIAH
AA0207,9912,0,0,NW,990916,10:36:44,10:36:54,10,10:36:54,10:37:59,65,AGENT,10:37:58,10:40:52,174,KAZAV
AA0207,9913,58704610,2,PS,990916,10:46:26,10:46:31,5,10:46:31,10:46:51,20,AGENT,10:46:49,10:49:57,188,ZOHARI
AA0207,9914,0,0,PS,990916,11:03:16,11:03:25,9,0:00:00,0:00:00,0,AGENT,11:03:24,11:06:03,159,ROTH
AA0207,9915,13000567,2,PS,990916,11:15:05,11:15:11,6,11:15:11,11:15:59,48,AGENT,11:15:58,11:16:26,28,ROTH
AA0207,9916,7793045,1,PS,990916,11:24:35,11:24:41,6,11:24:41,11:25:11,30,AGENT,11:25:10,11:27:32,142,MORIAH
AA0207,9917,13799374,2,PS,990916,11:35:22,11:35:28,6,11:35:28,11:36:57,89,AGENT,11:36:56,11:37:12,16,ANAT
AA0207,9918,0,0,PS,990916,11:53:41,11:53:55,14,0:00:00,0:00:00,0,AGENT,11:53:54,11:55:31,97,ANAT
AA0207,9919,258152,2,PS,990916,12:00:54,12:01:00,6,12:01:00,12:01:35,35,AGENT,12:01:34,12:01:59,25,ROTH
AA0207,9920,0,0,PS,990916,12:14:25,12:14:36,11,0:00:00,0:00:00,0,AGENT,12:14:35,12:15:32,57,DORIT
AA0207,9921,0,0,PS,990916,12:22:55,12:23:04,9,0:00:00,0:00:00,0,AGENT,12:23:03,12:24:34,91,ANAT
AA0207,9922,0,0,NW,990916,12:38:43,12:38:53,10,12:38:53,12:39:11,18,AGENT,12:39:11,12:40:34,83,ROTH
AA0207,9923,0,0,PS,990916,12:54:24,12:54:33,9,0:00:00,0:00:00,0,AGENT,12:54:31,12:56:29,118,GOLDIE
AA0207,9924,0,0,PS,990916,13:04:56,13:05:10,14,0:00:00,0:00:00,0,AGENT,13:05:10,13:05:11,1,ANAT
AA0207,9925,55921597,1,NE,990916,13:15:21,13:15:27,6,13:15:27,13:15:52,25,AGENT,13:15:52,13:15:58,6,MORIAH
AA0207,9926,58340043,2,PS,990916,13:25:32,13:25:38,6,13:25:38,13:26:27,49,AGENT,13:26:26,13:28:19,113,ANAT
AA0207,9927,24927717,1,PS,990916,13:35:12,13:35:17,5,13:35:17,13:35:27,10,HANG,0:00:00,0:00:00,0,NO_SERVER
AA0207,9928,0,0,PS,990916,13:45:17,13:45:25,8,0:00:00,0:00:00,0,AGENT,13:45:25,13:45:27,2,TOVA
AA0207,9929,0,0,PS,990916,13:57:11,13:57:20,9,0:00:00,0:00:00,0,AGENT,13:57:20,13:58:36,76,ZOHARI
AA0207,9930,28083079,1,PS,990916,14:06:31,14:06:37,6,14:06:37,14:10:07,210,AGENT,14:10:07,14:12:37,150,DORIT
AA0207,9931,0,0,NW,990916,14:15:20,14:15:29,9,14:15:29,14:17:45,136,HANG,0:00:00,0:00:00,0,NO_SERVER
AA0207,9932,4312914,2,PS,990916,14:29:13,14:29:18,5,14:29:18,14:29:23,5,AGENT,14:29:23,14:31:23,120,STEREN
AA0207,9933,0,0,PS,990916,14:38:45,14:38:54,9,0:00:00,0:00:00,0,AGENT,14:38:53,14:39:19,26,ROTH
AA0207,9934,0,0,NW,990916,14:49:27,14:49:37,10,14:49:37,14:49:47,10,HANG,0:00:00,0:00:00,0,NO_SERVER
AA0207,9935,0,0,NE,990916,14:53:53,14:54:02,9,0:00:00,0:00:00,0,AGENT,14:54:01,15:07:48,827,KAZAV
AA0207,9936,24927717,1,PS,990916,14:58:39,14:58:45,6,14:58:45,14:58:52,7,HANG,0:00:00,0:00:00,0,NO_SERVER
AA0207,9937,56184369,1,PS,990916,15:07:17,15:07:22,5,15:07:22,15:08:26,64,HANG,0:00:00,0:00:00,0,NO_SERVER
AA0207,9938,57379505,2,PS,990916,15:14:25,15:14:30,5,15:14:30,15:22:25,475,AGENT,15:22:16,15:24:56,160,KAZAV
AA0207,9939,54665682,2,PS,990916,15:29:58,15:30:03,5,15:30:03,15:34:17,254,AGENT,15:34:15,15:38:04,229,GOLDIE
AA0207,9940,6692800,2,PS,990916,15:38:35,15:38:41,6,15:38:41,15:42:03,202,AGENT,15:42:02,15:49:02,420,STEREN
AA0207,9941,59630624,1,NE,990916,15:49:35,15:49:41,6,15:49:41,15:53:35,234,AGENT,15:53:35,15:54:20,45,ZOHARI
AA0207,9942,0,0,NW,990916,15:58:52,15:59:01,9,15:59:01,16:00:15,74,HANG,0:00:00,0:00:00,0,NO_SERVER
AA0207,9943,0,0,PS,990916,16:08:46,16:09:01,15,0:00:00,0:00:00,0,AGENT,16:08:59,16:10:31,92,GILI
AA0207,9944,30663462,2,PS,990916,16:18:27,16:18:33,6,16:18:33,16:19:51,78,AGENT,16:19:51,16:24:40,289,ROTH
AA0207,9945,0,0,PS,990916,16:35:35,16:35:45,10,0:00:00,0:00:00,0,AGENT,16:35:44,16:54:12,1108,GILI
AA0207,9946,5530654,2,PS,990916,16:44:43,16:44:49,6,16:44:49,16:45:37,48,AGENT,16:45:36,16:47:37,121,AVI
AA0207,9947,24927717,1,PS,990916,16:57:20,16:57:25,5,16:57:25,16:58:13,48,HANG,0:00:00,0:00:00,0,NO_SERVER
AA0207,9948,0,0,NW,990916,17:11:58,17:12:08,10,17:12:08,17:12:18,10,AGENT,17:12:17,17:12:51,34,AVI
AA0207,9949,13243829,1,PS,990916,17:26:47,17:26:53,6,17:26:53,17:27:36,43,AGENT,17:27:36,17:29:47,131,GILI
AA0207,9950,0,0,PS,990916,17:47:53,17:48:02,9,0:00:00,0:00:00,0,AGENT,17:48:01,17:50:52,171,VICKY
AA0207,9951,0,0,NW,990916,18:11:48,18:12:07,19,0:00:00,0:00:00,0,AGENT,18:12:06,18:14:58,172,STEREN
AA0207,9952,52049087,2,PS,990916,18:32:16,18:32:22,6,18:32:22,18:33:07,45,AGENT,18:33:06,18:34:53,107,STEREN
AA0207,9953,0,0,PS,990916,19:00:18,19:00:27,9,0:00:00,0:00:00,0,AGENT,19:00:26,19:07:49,443,STEREN
AA0207,9954,0,0,PS,990916,19:16:51,19:17:02,11,0:00:00,0:00:00,0,AGENT,19:17:02,19:21:35,273,MEIR
AA0207,9955,24539371,2,PS,990916,19:33:28,19:33:33,5,19:33:33,19:34:09,36,AGENT,19:34:09,19:36:24,135,GILI
AA0207,9956,0,0,PS,990916,20:01:03,20:01:16,13,0:00:00,0:00:00,0,AGENT,20:01:14,20:02:41,87,MEIR
AA0207,9957,0,0,PS,990916,20:34:55,20:35:04,9,0:00:00,0:00:00,0,AGENT,20:35:03,20:36:15,72,STEREN
AA0207,9958,0,0,PS,990916,21:02:32,21:02:46,14,0:00:00,0:00:00,0,AGENT,21:02:45,21:05:27,162,AVI
AA0207,9959,0,0,PS,990916,21:43:05,21:43:13,8,0:00:00,0:00:00,0,AGENT,21:43:13,21:44:36,83,AVNI
AA0207,9960,44461135,2,PS,990916,22:03:26,22:03:31,5,22:03:31,22:04:20,49,HANG,0:00:00,0:00:00,0,NO_SERVER
AA0207,9961,55387302,1,PS,990916,22:17:17,22:17:23,6,22:17:23,22:22:49,326,AGENT,22:22:48,22:23:28,40,GELBER
AA0207,9962,27931559,1,PS,990916,22:52:22,22:52:28,6,22:52:28,22:52:41,13,AGENT,22:52:40,22:53:35,55,VICKY
AA0207,9963,0,0,PS,990916,23:24:49,23:24:59,10,0:00:00,0:00:00,0,AGENT,23:24:58,23:27:29,151,VICKY
AA0207,9964,0,0,PS,990917,0:34:14,0:34:38,24,0:00:00,0:00:00,0,HANG,0:00:00,0:00:00,0,NO_SERVER
AA0207,9965,0,0,PS,990917,7:25:48,7:26:00,12,0:00:00,0:00:00,0,AGENT,7:25:59,7:27:14,75,DORIT
AA0207,9966,0,0,PS,990917,8:02:15,8:02:26,11,0:00:00,0:00:00,0,AGENT,8:02:25,8:04:37,132,STEREN
AA0207,9967,0,0,PS,990917,8:20:55,8:21:05,10,0:00:00,0:00:00,0,AGENT,8:21:04,8:22:26,82,MORIAH
AA0207,9968,0,0,PS,990917,8:39:06,8:39:15,9,0:00:00,0:00:00,0,AGENT,8:39:15,8:46:41,446,DORIT
AA0207,9969,0,0,NW,990917,8:48:50,8:48:59,9,8:48:59,8:52:31,212,AGENT,8:52:30,8:56:05,215,MORIAH
AA0207,9970,0,0,NW,990917,9:05:09,9:05:18,9,9:05:18,9:06:15,57,AGENT,9:06:14,9:14:43,509,STEREN
AA0207,9971,7915192,2,PS,990917,9:21:25,9:21:31,6,9:21:31,9:23:23,112,AGENT,9:23:23,9:24:28,65,SHARON
AA0207,9972,0,0,PS,990917,9:36:59,9:37:14,15,0:00:00,0:00:00,0,AGENT,9:37:13,9:38:08,55,SHARON
AA0207,9973,0,0,NW,990917,9:47:41,9:47:51,10,9:47:51,9:49:26,95,HANG,0:00:00,0:00:00,0,NO_SERVER
AA0207,9974,67178970,2,PS,990917,10:01:11,10:01:17,6,10:01:17,10:01:22,5,AGENT,10:01:21,10:02:39,78,BENSION
AA0207,9975,0,0,PS,990917,10:14:28,10:14:36,8,0:00:00,0:00:00,0,AGENT,10:14:35,10:15:29,54,SHARON
AA0207,9976,0,0,PS,990917,10:31:38,10:31:48,10,0:00:00,0:00:00,0,AGENT,10:31:47,10:33:21,94,DORIT
AA0207,9977,0,0,PS,990917,10:52:10,10:52:24,14,0:00:00,0:00:00,0,AGENT,10:52:23,10:53:28,65,BENSION
AA0207,9978,29537602,1,PS,990917,11:07:16,11:07:21,5,11:07:21,11:07:32,11,AGENT,11:07:31,11:07:37,6,MORIAH
AA0207,9979,37536539,1,PS,990917,11:23:56,11:24:01,5,11:24:01,11:25:10,69,HANG,0:00:00,0:00:00,0,NO_SERVER
AA0207,9980,0,0,PS,990917,11:41:13,11:41:21,8,0:00:00,0:00:00,0,AGENT,11:41:21,11:45:19,238,SHARON
AA0207,9981,0,0,PS,990917,12:03:21,12:03:33,12,0:00:00,0:00:00,0,AGENT,12:03:32,12:04:41,69,SHARON
AA0207,9982,0,0,PS,990917,12:25:59,12:26:10,11,0:00:00,0:00:00,0,AGENT,12:26:10,12:26:49,39,SHARON
AA0207,9983,0,0,PS,990917,12:48:41,12:48:51,10,0:00:00,0:00:00,0,AGENT,12:48:50,12:50:56,126,STEREN
AA0207,9984,0,0,PS,990917,13:19:04,13:19:30,26,0:00:00,0:00:00,0,AGENT,13:19:30,13:20:43,73,DORIT
AA0207,9985,0,0,NW,990917,13:54:42,13:54:55,13,0:00:00,0:00:00,0,AGENT,13:54:54,13:55:36,42,MORIAH
AA0207,9986,0,0,NW,990917,14:50:47,14:50:58,11,0:00:00,0:00:00,0,HANG,0:00:00,0:00:00,0,NO_SERVER
AA0207,9987,0,0,PS,990917,16:25:30,16:25:55,25,0:00:00,0:00:00,0,HANG,0:00:00,0:00:00,0,NO_SERVER
AA0207,9988,0,0,NW,990918,13:43:17,13:43:47,30,0:00:00,0:00:00,0,HANG,0:00:00,0:00:00,0,NO_SERVER
AA0207,9989,0,0,NW,990918,19:46:15,19:46:53,38,0:00:00,0:00:00,0,HANG,0:00:00,0:00:00,0,NO_SERVER
AA0207,9990,0,0,PS,990918,20:28:03,20:28:12,9,0:00:00,0:00:00,0,AGENT,20:28:11,20:28:33,22,ROTH
AA0207,9991,961433,2,PS,990918,20:50:14,20:50:20,6,20:50:20,20:51:14,54,AGENT,20:51:13,20:52:18,65,DORIT
AA0207,9992,0,0,NE,990918,21:31:13,21:31:22,9,0:00:00,0:00:00,0,AGENT,21:31:21,21:32:21,60,ROTH
AA0207,9993,0,0,PS,990918,22:08:50,22:08:59,9,0:00:00,0:00:00,0,AGENT,22:08:58,22:11:24,146,ROTH
AA0207,9994,0,0,PS,990918,22:59:54,23:00:04,10,0:00:00,0:00:00,0,AGENT,23:00:04,23:01:47,103,DORIT
AA0207,9995,0,0,PS,990919,0:28:41,0:29:36,55,0:00:00,0:00:00,0,HANG,0:00:00,0:00:00,0,NO_SERVER
AA0207,9996,0,0,PS,990919,7:22:15,7:22:24,9,0:00:00,0:00:00,0,AGENT,7:22:24,7:23:05,41,YIFAT
AA0207,9997,0,0,NW,990919,7:50:17,7:50:31,14,0:00:00,0:00:00,0,AGENT,7:50:31,7:50:51,20,SHARON
AA0207,9998,0,0,PS,990919,8:11:45,8:12:03,18,0:00:00,0:00:00,0,AGENT,8:12:02,8:12:27,25,ANAT
AA0207,9999,0,0,NW,990919,8:27:21,8:27:30,9,8:27:30,8:28:04,34,AGENT,8:28:03,8:28:22,19,ROTH
AA0207,10000,0,0,PS,990919,8:41:00,8:41:10,10,0:00:00,0:00:00,0,AGENT,8:41:09,8:42:26,77,GILI
AA0207,10001,0,0,PS,990919,8:51:15,8:51:24,9,0:00:00,0:00:00,0,AGENT,8:51:23,8:52:10,47,YIFAT
AA0207,10002,0,0,NW,990919,8:58:10,8:58:23,13,0:00:00,0:00:00,0,AGENT,8:58:22,8:58:45,23,MORIAH
AA0207,10003,0,0,PS,990919,9:17:32,9:17:40,8,0:00:00,0:00:00,0,AGENT,9:17:39,9:18:00,21,ROTH
AA0207,10004,0,0,PS,990919,9:35:54,9:36:05,11,0:00:00,0:00:00,0,AGENT,9:36:03,9:37:00,57,GILI
AA0207,10005,0,0,PS,990919,9:48:43,9:48:53,10,0:00:00,0:00:00,0,AGENT,9:48:52,9:50:38,106,ROTH
AA0207,10006,0,0,PS,990919,10:13:19,10:13:31,12,0:00:00,0:00:00,0,AGENT,10:13:30,10:13:47,17,SHARON
AA0207,10007,0,0,PS,990919,10:45:58,10:46:07,9,0:00:00,0:00:00,0,AGENT,10:46:06,10:46:35,29,AVNI
AA0207,10008,0,0,PS,990919,11:15:54,11:16:02,8,0:00:00,0:00:00,0,AGENT,11:16:01,11:17:39,98,AVNI
AA0207,10009,0,0,NW,990919,14:53:25,14:54:48,83,0:00:00,0:00:00,0,HANG,0:00:00,0:00:00,0,NO_SERVER
AA0207,10010,0,0,NE,990920,20:35:59,20:36:57,58,0:00:00,0:00:00,0,HANG,0:00:00,0:00:00,0,NO_SERVER
AA0207,10011,0,0,PS,990920,21:13:32,21:13:42,10,0:00:00,0:00:00,0,AGENT,21:13:42,21:14:50,68,ZOHARI
AA0207,10012,0,0,PS,990920,21:37:15,21:37:28,13,0:00:00,0:00:00,0,AGENT,21:37:27,21:38:26,59,DORIT
AA0207,10013,0,0,PS,990920,22:09:57,22:10:09,12,0:00:00,0:00:00,0,AGENT,22:10:08,22:19:43,575,DORIT
AA0207,10014,0,0,NW,990920,22:40:08,22:40:18,10,22:40:18,22:40:55,37,AGENT,22:40:54,22:41:15,21,PINHAS
AA0207,10015,0,0,PS,990920,23:14:40,23:14:49,9,0:00:00,0:00:00,0,AGENT,23:14:48,23:15:44,56,SHARON
AA0207,10016,0,0,PS,990920,23:58:15,23:58:29,14,0:00:00,0:00:00,0,AGENT,23:58:28,0:00:34,126,SHARON
AA0207,10017,0,0,NW,990921,4:27:50,4:27:56,6,0:00:00,0:00:00,0,HANG,0:00:00,0:00:00,0,NO_SERVER
AA0207,10018,0,0,PS,990921,7:15:53,7:16:07,14,0:00:00,0:00:00,0,AGENT,7:16:06,7:16:52,46,ANAT
AA0207,10019,0,0,NW,990921,7:36:05,7:36:10,5,0:00:00,0:00:00,0,HANG,0:00:00,0:00:00,0,NO_SERVER
AA0207,10020,0,0,NW,990921,7:58:53,7:59:06,13,0:00:00,0:00:00,0,AGENT,7:59:05,7:59:35,30,YIFAT
AA0207,10021,0,0,PS,990921,8:15:51,8:16:01,10,0:00:00,0:00:00,0,AGENT,8:16:00,8:17:55,115,ANAT
AA0207,10022,0,0,PS,990921,8:34:08,8:34:21,13,0:00:00,0:00:00,0,AGENT,8:34:20,8:35:25,65,BASCH
AA0207,10023,0,0,NW,990921,8:44:16,8:44:25,9,8:44:25,8:47:05,160,HANG,0:00:00,0:00:00,0,NO_SERVER
AA0207,10024,0,0,PS,990921,9:02:17,9:02:40,23,0:00:00,0:00:00,0,AGENT,9:02:38,9:06:54,256,BASCH
AA0207,10025,0,0,PS,990921,9:14:24,9:14:33,9,0:00:00,0:00:00,0,AGENT,9:14:32,9:15:47,75,ROTH
AA0207,10026,0,0,PS,990921,9:23:41,9:23:53,12,0:00:00,0:00:00,0,AGENT,9:23:52,9:25:09,77,ANAT
AA0207,10027,0,0,PS,990921,9:35:57,9:36:06,9,0:00:00,0:00:00,0,AGENT,9:36:05,9:37:47,102,AVNI
AA0207,10028,3745999,2,PS,990921,9:46:04,9:46:09,5,9:46:09,9:46:18,9,AGENT,9:46:17,9:48:34,137,ANAT
AA0207,10029,0,0,PS,990921,9:51:30,9:51:39,9,0:00:00,0:00:00,0,AGENT,9:51:38,9:53:47,129,YIFAT
AA0207,10030,22181796,2,PS,990921,9:57:28,9:57:34,6,9:57:34,9:57:57,23,AGENT,9:57:55,10:06:08,493,ANAT
AA0207,10031,57933012,1,PS,990921,10:04:26,10:04:31,5,10:04:31,10:05:14,43,AGENT,10:05:14,10:08:26,192,DORIT
AA0207,10032,68765882,2,PS,990921,10:11:17,10:11:22,5,10:11:22,10:12:47,85,AGENT,10:12:45,10:15:11,146,ROTH
AA0207,10033,78903549,1,PS,990921,10:18:07,10:18:12,5,10:18:12,10:18:21,9,AGENT,10:18:20,10:20:38,138,ANAT
AA0207,10034,0,0,NW,990921,10:24:56,10:25:06,10,10:25:06,10:25:55,49,AGENT,10:25:53,10:26:21,28,AVI
AA0207,10035,54665682,2,PS,990921,10:33:17,10:33:23,6,10:33:23,10:33:35,12,AGENT,10:33:34,10:37:25,231,ROTH
AA0207,10036,58826009,2,PS,990921,10:40:12,10:40:17,5,10:40:17,10:41:03,46,AGENT,10:41:02,10:42:24,82,YIFAT
AA0207,10037,0,0,NW,990921,10:49:36,10:49:46,10,10:49:46,10:55:00,314,AGENT,10:54:59,10:56:13,74,AVNI
AA0207,10038,675306,2,PS,990921,10:59:35,10:59:41,6,10:59:41,11:00:29,48,AGENT,11:00:28,11:04:50,262,MORIAH
AA0207,10039,71820039,2,PS,990921,11:08:26,11:08:32,6,11:08:32,11:09:07,35,AGENT,11:09:06,11:20:24,678,AVNI
AA0207,10040,57283434,2,PS,990921,11:15:58,11:16:04,6,11:16:04,11:17:21,77,AGENT,11:17:21,11:18:14,53,BASCH
AA0207,10041,24927717,1,PS,990921,11:24:26,11:24:32,6,11:24:32,11:24:42,10,AGENT,11:24:41,11:25:41,60,AVI
AA0207,10042,0,0,PS,990921,11:38:43,11:38:56,13,0:00:00,0:00:00,0,AGENT,11:38:55,11:40:54,119,BASCH
AA0207,10043,52867744,2,PS,990921,11:47:16,11:47:22,6,11:47:22,11:47:30,8,AGENT,11:47:30,11:50:19,169,MORIAH
AA0207,10044,0,0,PS,990921,11:58:03,11:58:13,10,0:00:00,0:00:00,0,AGENT,11:58:12,11:59:07,55,AVI
AA0207,10045,27957448,2,PS,990921,12:08:44,12:08:50,6,12:08:50,12:09:02,12,AGENT,12:09:02,12:10:37,95,YIFAT
AA0207,10046,0,0,PS,990921,12:23:41,12:23:50,9,0:00:00,0:00:00,0,AGENT,12:23:49,12:27:35,226,ROTH
AA0207,10047,0,0,PS,990921,12:32:35,12:32:43,8,0:00:00,0:00:00,0,AGENT,12:32:42,12:35:34,172,ANAT
AA0207,10048,0,0,PS,990921,12:46:38,12:46:53,15,0:00:00,0:00:00,0,AGENT,12:46:53,12:47:33,40,BASCH
AA0207,10049,0,0,PS,990921,13:05:04,13:05:13,9,0:00:00,0:00:00,0,AGENT,13:05:12,13:06:36,84,ROTH
AA0207,10050,65032120,2,PS,990921,13:11:11,13:11:17,6,13:11:17,13:11:27,10,AGENT,13:11:26,13:16:38,312,YIFAT
AA0207,10051,0,0,PS,990921,13:27:23,13:27:38,15,0:00:00,0:00:00,0,AGENT,13:27:37,13:27:41,4,MORIAH
AA0207,10052,16426967,2,PS,990921,13:37:47,13:37:53,6,13:37:53,13:38:15,22,AGENT,13:38:15,13:42:21,246,AVI
AA0207,10053,0,0,PS,990921,13:44:51,13:45:00,9,0:00:00,0:00:00,0,AGENT,13:45:00,13:47:54,174,KAZAV
AA0207,10054,176156,1,PS,990921,13:51:35,13:51:41,6,13:51:41,13:52:40,59,AGENT,13:52:39,13:57:39,300,AVI
AA0207,10055,0,0,PS,990921,14:00:46,14:00:55,9,0:00:00,0:00:00,0,AGENT,14:00:54,14:02:34,100,ROTH
AA0207,10056,0,0,PS,990921,14:11:12,14:11:24,12,0:00:00,0:00:00,0,AGENT,14:11:23,14:11:54,31,TOVA
AA0207,10057,0,0,PS,990921,14:22:19,14:22:30,11,0:00:00,0:00:00,0,AGENT,14:22:29,14:23:11,42,TOVA
AA0207,10058,0,0,PS,990921,14:37:58,14:38:07,9,0:00:00,0:00:00,0,AGENT,14:38:07,14:39:27,80,KAZAV
AA0207,10059,0,0,PS,990921,14:49:18,14:49:27,9,0:00:00,0:00:00,0,AGENT,14:49:26,14:50:41,75,ROTH
AA0207,10060,0,0,NW,990921,15:02:55,15:03:04,9,15:03:04,15:04:18,74,AGENT,15:04:17,15:04:59,42,ROTH
AA0207,10061,57379505,2,PS,990921,15:12:37,15:12:43,6,15:12:43,15:13:41,58,AGENT,15:13:41,15:18:48,307,TOVA
AA0207,10062,0,0,PS,990921,15:22:48,15:22:57,9,0:00:00,0:00:00,0,AGENT,15:22:56,15:25:10,134,ZOHARI
AA0207,10063,50063551,2,PS,990921,15:31:38,15:31:44,6,15:31:44,15:32:43,59,AGENT,15:32:41,15:33:54,73,BASCH
AA0207,10064,6845861,2,PS,990921,15:40:41,15:40:47,6,15:40:47,15:42:02,75,AGENT,15:42:01,15:49:52,471,GOLDIE
AA0207,10065,12800991,2,PS,990921,15:52:00,15:52:05,5,15:52:05,15:52:38,33,AGENT,15:52:37,15:59:58,441,AVNI
AA0207,10066,78191137,2,PS,990921,16:03:07,16:03:12,5,16:03:12,16:03:30,18,HANG,16:03:31,16:03:36,5,NO_SERVER
AA0207,10067,0,0,NW,990921,16:09:38,16:09:52,14,0:00:00,0:00:00,0,AGENT,16:09:51,16:11:28,97,YITZ
AA0207,10068,0,0,PS,990921,16:22:38,16:22:47,9,0:00:00,0:00:00,0,AGENT,16:22:46,16:25:39,173,AVNI
AA0207,10069,0,0,NW,990921,16:35:31,16:35:40,9,0:00:00,0:00:00,0,HANG,0:00:00,0:00:00,0,NO_SERVER
AA0207,10070,0,0,PS,990921,16:45:18,16:45:32,14,0:00:00,0:00:00,0,AGENT,16:45:31,16:46:13,42,BENSION
AA0207,10071,0,0,NW,990921,17:05:46,17:05:55,9,17:05:55,17:06:12,17,AGENT,17:06:11,17:06:46,35,BENSION
AA0207,10072,68001924,2,NE,990921,17:21:40,17:21:45,5,17:21:45,17:23:19,94,AGENT,17:23:18,17:23:46,28,VICKY
AA0207,10073,0,0,PS,990921,17:37:48,17:37:56,8,0:00:00,0:00:00,0,AGENT,17:37:55,17:43:38,343,GOLDIE
AA0207,10074,0,0,NE,990921,18:02:13,18:02:27,14,0:00:00,0:00:00,0,AGENT,18:02:26,18:06:14,228,ZOHARI
AA0207,10075,0,0,PS,990921,18:20:32,18:20:43,11,0:00:00,0:00:00,0,AGENT,18:20:42,18:26:18,336,TOVA
AA0207,10076,0,0,PS,990921,18:40:35,18:40:55,20,0:00:00,0:00:00,0,AGENT,18:40:46,18:45:22,276,VICKY
AA0207,10077,33135740,1,PS,990921,18:59:52,18:59:57,5,18:59:57,19:00:29,32,AGENT,19:00:29,19:00:31,2,TOVA
AA0207,10078,0,0,PS,990921,19:30:52,19:31:01,9,0:00:00,0:00:00,0,AGENT,19:31:00,19:33:09,129,TOVA
AA0207,10079,0,0,PS,990921,19:47:27,19:47:40,13,0:00:00,0:00:00,0,AGENT,19:47:40,19:49:37,117,BENSION
AA0207,10080,0,0,PS,990921,20:14:04,20:14:16,12,0:00:00,0:00:00,0,AGENT,20:14:15,20:16:04,109,VICKY
AA0207,10081,0,0,PS,990921,20:37:32,20:37:44,12,0:00:00,0:00:00,0,AGENT,20:37:43,20:39:06,83,GOLDIE
AA0207,10082,0,0,PS,990921,20:55:47,20:55:56,9,0:00:00,0:00:00,0,AGENT,20:55:56,20:58:44,168,STEREN
AA0207,10083,0,0,PS,990921,21:12:04,21:12:12,8,0:00:00,0:00:00,0,AGENT,21:12:12,21:13:19,67,BENSION
AA0207,10084,0,0,PS,990921,21:33:06,21:33:17,11,0:00:00,0:00:00,0,AGENT,21:33:15,21:33:18,3,TOVA
AA0207,10085,0,0,PS,990921,21:51:30,21:51:39,9,0:00:00,0:00:00,0,AGENT,21:51:38,21:56:38,300,TOVA
AA0207,10086,0,0,PS,990921,22:18:44,22:18:55,11,0:00:00,0:00:00,0,AGENT,22:18:54,22:21:45,171,BENSION
AA0207,10087,0,0,PS,990921,22:40:35,22:40:48,13,0:00:00,0:00:00,0,AGENT,22:40:47,22:42:57,130,GOLDIE
AA0207,10088,0,0,PS,990921,23:04:58,23:05:07,9,0:00:00,0:00:00,0,AGENT,23:05:06,23:06:34,88,STEREN
AA0207,10089,0,0,PS,990921,23:35:53,23:36:05,12,0:00:00,0:00:00,0,AGENT,23:36:05,23:41:24,319,BENSION
AA0207,10090,0,0,PS,990922,1:15:51,1:16:09,18,0:00:00,0:00:00,0,HANG,0:00:00,0:00:00,0,NO_SERVER
AA0207,10091,0,0,NW,990922,7:17:20,7:17:34,14,0:00:00,0:00:00,0,AGENT,7:17:33,7:25:51,498,GOLDIE
AA0207,10092,0,0,PS,990922,7:43:26,7:43:39,13,0:00:00,0:00:00,0,AGENT,7:43:37,7:44:43,66,ZOHARI
AA0207,10093,0,0,PS,990922,8:01:39,8:01:51,12,0:00:00,0:00:00,0,AGENT,8:01:50,8:03:47,117,YIFAT
AA0207,10094,0,0,PS,990922,8:22:03,8:22:13,10,0:00:00,0:00:00,0,AGENT,8:22:12,8:30:07,475,TOVA
AA0207,10095,23841984,1,PS,990922,8:34:06,8:34:12,6,8:34:12,8:34:20,8,AGENT,8:34:20,8:35:41,81,ROTH
AA0207,10096,0,0,NW,990922,8:47:38,8:47:48,10,8:47:48,8:47:53,5,AGENT,8:47:51,8:48:46,55,KAZAV
AA0207,10097,52184413,2,PS,990922,8:59:16,8:59:22,6,8:59:22,9:00:13,51,AGENT,9:00:13,9:08:21,488,ROTH
AA0207,10098,0,0,NE,990922,9:08:59,9:09:10,11,0:00:00,0:00:00,0,AGENT,9:09:09,9:10:28,79,TOVA
AA0207,10099,0,0,PS,990922,9:18:41,9:18:50,9,0:00:00,0:00:00,0,AGENT,9:18:50,9:20:53,123,TOVA
AA0207,10100,0,0,PS,990922,9:27:37,9:27:46,9,0:00:00,0:00:00,0,AGENT,9:27:45,9:28:00,15,ROTH
AA0207,10101,0,0,NE,990922,9:39:41,9:39:52,11,0:00:00,0:00:00,0,AGENT,9:39:51,10:02:39,1368,ELI
AA0207,10102,71520779,1,PS,990922,9:47:39,9:47:44,5,9:47:44,9:48:14,30,AGENT,9:48:13,9:50:56,163,STEREN
AA0207,10103,0,0,NW,990922,9:55:25,9:55:35,10,9:55:35,9:57:33,118,AGENT,9:57:31,9:58:41,70,YIFAT
AA0207,10104,0,0,PS,990922,10:06:27,10:06:37,10,0:00:00,0:00:00,0,AGENT,10:06:36,10:08:21,105,AVNI
AA0207,10105,59764522,2,PS,990922,10:15:04,10:15:10,6,10:15:10,10:15:20,10,AGENT,10:15:18,10:20:12,294,STEREN
AA0207,10106,57379505,2,PS,990922,10:24:17,10:24:22,5,10:24:22,10:24:48,26,AGENT,10:24:48,10:28:51,243,KAZAV
AA0207,10107,33474602,2,PS,990922,10:30:31,10:30:37,6,10:30:37,10:31:23,46,AGENT,10:31:22,10:32:40,78,KAZAV
AA0207,10108,1574243,2,NE,990922,10:35:13,10:35:19,6,10:35:19,10:35:28,9,AGENT,10:35:28,10:44:05,517,STEREN
AA0207,10109,0,0,PS,990922,10:43:44,10:43:53,9,0:00:00,0:00:00,0,AGENT,10:43:52,10:46:20,148,GOLDIE
AA0207,10110,0,0,PS,990922,10:52:46,10:52:56,10,0:00:00,0:00:00,0,AGENT,10:52:55,10:55:22,147,AVNI
AA0207,10111,0,0,NW,990922,11:01:14,11:01:28,14,0:00:00,0:00:00,0,AGENT,11:01:27,11:04:32,185,YIFAT
AA0207,10112,59184507,1,PS,990922,11:07:04,11:07:10,6,11:07:10,11:08:14,64,HANG,0:00:00,0:00:00,0,NO_SERVER
AA0207,10113,27400290,2,PS,990922,11:15:03,11:15:09,6,11:15:09,11:15:32,23,AGENT,11:15:32,11:17:01,89,ROTH
AA0207,10114,52643202,2,PS,990922,11:24:12,11:24:18,6,11:24:18,11:26:33,135,AGENT,11:26:31,11:27:16,45,KAZAV
AA0207,10115,58869587,2,PS,990922,11:33:21,11:33:27,6,11:33:27,11:33:39,12,AGENT,11:33:38,11:34:38,60,ROTH
AA0207,10116,51542728,1,PS,990922,11:43:25,11:43:31,6,11:43:31,11:43:45,14,HANG,0:00:00,0:00:00,0,NO_SERVER
AA0207,10117,413740,2,PS,990922,11:49:25,11:49:31,6,11:49:31,11:50:11,40,AGENT,11:50:11,11:51:46,95,STEREN
AA0207,10118,0,0,PS,990922,11:57:37,11:57:46,9,0:00:00,0:00:00,0,AGENT,11:57:45,11:58:53,68,ZOHARI
AA0207,10119,0,0,PS,990922,12:12:02,12:12:11,9,0:00:00,0:00:00,0,AGENT,12:12:10,12:16:20,250,GOLDIE
AA0207,10120,0,0,PS,990922,12:22:32,12:22:42,10,0:00:00,0:00:00,0,AGENT,12:22:41,12:24:30,109,TOVA
AA0207,10121,38610499,1,PS,990922,12:33:17,12:33:22,5,12:33:22,12:33:51,29,AGENT,12:33:50,12:34:54,64,YIFAT
AA0207,10122,24947061,2,PS,990922,12:47:24,12:47:30,6,12:47:30,12:47:43,13,AGENT,12:47:41,12:49:13,92,KAZAV
AA0207,10123,0,0,NE,990922,13:02:51,13:03:00,9,0:00:00,0:00:00,0,AGENT,13:02:58,13:08:43,345,KAZAV
AA0207,10124,577205,2,PS,990922,13:15:10,13:15:16,6,13:15:16,13:15:44,28,AGENT,13:15:43,13:16:37,54,YIFAT
AA0207,10125,0,0,PS,990922,13:29:26,13:29:35,9,0:00:00,0:00:00,0,AGENT,13:29:34,13:31:36,122,ROTH
AA0207,10126,0,0,PS,990922,13:44:49,13:44:58,9,0:00:00,0:00:00,0,AGENT,13:44:58,13:48:08,190,ROTH
AA0207,10127,0,0,PS,990922,13:59:20,13:59:28,8,0:00:00,0:00:00,0,AGENT,13:59:28,14:01:27,119,STEREN
AA0207,10128,0,0,PS,990922,14:14:38,14:14:47,9,0:00:00,0:00:00,0,AGENT,14:14:47,14:15:59,72,AVNI
AA0207,10129,0,0,PS,990922,14:27:05,14:27:18,13,0:00:00,0:00:00,0,AGENT,14:27:18,14:34:15,417,ZOHARI
AA0207,10130,0,0,PS,990922,14:43:24,14:43:33,9,0:00:00,0:00:00,0,AGENT,14:43:32,14:51:39,487,BASCH
AA0207,10131,0,0,NW,990922,14:53:32,14:53:47,15,0:00:00,0:00:00,0,AGENT,14:53:50,14:53:54,4,NO_SERVER
AA0207,10132,57379505,2,PS,990922,15:03:05,15:03:10,5,15:03:10,15:03:15,5,AGENT,15:03:14,15:13:46,632,AVNI
AA0207,10133,0,0,NW,990922,15:14:52,15:15:05,13,0:00:00,0:00:00,0,AGENT,15:15:04,15:15:49,45,KAZAV
AA0207,10134,23732654,2,PS,990922,15:22:48,15:22:54,6,15:22:54,15:24:45,111,AGENT,15:24:45,15:25:42,57,ROTH
AA0207,10135,51277036,2,PS,990922,15:33:09,15:33:15,6,15:33:15,15:33:30,15,AGENT,15:33:29,15:35:54,145,KAZAV
AA0207,10136,0,0,PS,990922,15:42:35,15:42:59,24,0:00:00,0:00:00,0,AGENT,15:42:59,15:43:01,2,MORIAH
AA0207,10137,0,0,PS,990922,15:58:59,15:59:08,9,0:00:00,0:00:00,0,AGENT,15:59:07,16:02:16,189,STEREN
AA0207,10138,0,0,PS,990922,16:14:49,16:15:02,13,0:00:00,0:00:00,0,AGENT,16:15:01,16:18:15,194,ANAT
AA0207,10139,0,0,NW,990922,16:25:38,16:25:40,2,0:00:00,0:00:00,0,HANG,0:00:00,0:00:00,0,NO_SERVER
AA0207,10140,0,0,PS,990922,16:40:00,16:40:10,10,0:00:00,0:00:00,0,AGENT,16:40:09,16:40:52,43,AVNI
AA0207,10141,0,0,PS,990922,16:52:50,16:53:00,10,0:00:00,0:00:00,0,AGENT,16:52:58,16:56:08,190,DORIT
AA0207,10142,0,0,NW,990922,17:10:12,17:10:26,14,0:00:00,0:00:00,0,AGENT,17:10:25,17:10:48,23,BENSION
AA0207,10143,0,0,PS,990922,17:30:41,17:31:00,19,0:00:00,0:00:00,0,AGENT,17:30:59,17:34:23,204,BENSION
AA0207,10144,0,0,NW,990922,17:54:21,17:54:36,15,0:00:00,0:00:00,0,AGENT,17:54:35,18:00:22,347,YITZ
AA0207,10145,0,0,PS,990922,18:10:48,18:11:01,13,0:00:00,0:00:00,0,AGENT,18:11:00,18:14:28,208,BASCH
AA0207,10146,0,0,PS,990922,18:27:09,18:27:20,11,0:00:00,0:00:00,0,AGENT,18:27:19,18:30:23,184,SHARON
AA0207,10147,0,0,PS,990922,18:52:41,18:52:51,10,0:00:00,0:00:00,0,AGENT,18:52:50,18:53:51,61,DORIT
AA0207,10148,0,0,PS,990922,19:20:07,19:20:17,10,0:00:00,0:00:00,0,AGENT,19:20:16,19:21:48,92,AVI
AA0207,10149,0,0,NE,990922,19:38:17,19:38:29,12,0:00:00,0:00:00,0,AGENT,19:38:28,19:41:55,207,MEIR
AA0207,10150,0,0,PS,990922,20:02:31,20:02:40,9,0:00:00,0:00:00,0,AGENT,20:02:39,20:04:14,95,DORIT
AA0207,10151,0,0,NW,990922,20:30:55,20:31:15,20,0:00:00,0:00:00,0,AGENT,20:31:14,20:31:46,32,SHARON
AA0207,10152,0,0,PS,990922,21:02:27,21:02:36,9,0:00:00,0:00:00,0,AGENT,21:02:35,21:03:15,40,GILI
AA0207,10153,0,0,PS,990922,21:25:30,21:25:40,10,0:00:00,0:00:00,0,AGENT,21:25:39,21:26:44,65,GILI
AA0207,10154,0,0,PS,990922,21:53:28,21:53:38,10,0:00:00,0:00:00,0,AGENT,21:53:37,21:54:52,75,DORIT
AA0207,10155,0,0,NE,990922,22:18:02,22:18:11,9,0:00:00,0:00:00,0,AGENT,22:18:10,22:30:07,717,AVI
AA0207,10156,0,0,PS,990922,22:50:43,22:50:58,15,0:00:00,0:00:00,0,AGENT,22:50:57,22:51:18,21,BENSION
AA0207,10157,0,0,PS,990922,23:26:04,23:26:14,10,0:00:00,0:00:00,0,AGENT,23:26:13,23:29:21,188,GILI
AA0207,10158,0,0,PS,990923,6:29:17,6:29:55,38,0:00:00,0:00:00,0,HANG,0:00:00,0:00:00,0,NO_SERVER
AA0207,10159,0,0,PS,990923,7:25:20,7:25:29,9,0:00:00,0:00:00,0,AGENT,7:25:28,7:27:20,112,TOVA
AA0207,10160,0,0,PS,990923,7:50:57,7:51:06,9,0:00:00,0:00:00,0,AGENT,7:51:10,7:51:15,5,NO_SERVER
AA0207,10161,0,0,PS,990923,8:11:16,8:11:28,12,0:00:00,0:00:00,0,AGENT,8:11:27,8:13:46,139,ANAT
AA0207,10162,0,0,PS,990923,8:31:04,8:31:15,11,0:00:00,0:00:00,0,AGENT,8:31:14,8:32:36,82,TOVA
AA0207,10163,0,0,PS,990923,8:42:25,8:42:37,12,0:00:00,0:00:00,0,AGENT,8:42:37,8:43:24,47,AVI
AA0207,10164,53972741,2,PS,990923,8:57:17,8:57:22,5,8:57:22,8:57:37,15,AGENT,8:57:36,8:57:36,0,AVI
AA0207,10165,31978364,2,PS,990923,9:08:30,9:08:35,5,9:08:35,9:08:47,12,AGENT,9:08:46,9:12:22,216,YIFAT
AA0207,10166,29070612,1,PS,990923,9:18:55,9:19:01,6,9:19:01,9:21:12,131,AGENT,9:21:11,9:22:16,65,ANAT
AA0207,10167,0,0,PS,990923,9:35:20,9:35:31,11,0:00:00,0:00:00,0,AGENT,9:35:30,9:36:42,72,YIFAT
AA0207,10168,0,0,PS,990923,9:42:47,9:42:56,9,0:00:00,0:00:00,0,AGENT,9:42:56,9:45:15,139,AVI
AA0207,10169,0,0,PS,990923,9:53:09,9:53:24,15,0:00:00,0:00:00,0,AGENT,9:53:23,9:55:42,139,TOVA
AA0207,10170,0,0,NE,990923,10:00:15,10:00:26,11,0:00:00,0:00:00,0,AGENT,10:00:25,10:01:17,52,VICKY
AA0207,10171,3968047,2,PS,990923,10:07:48,10:07:53,5,10:07:53,10:08:55,62,AGENT,10:08:53,10:09:47,54,BASCH
AA0207,10172,25262437,2,PS,990923,10:15:13,10:15:19,6,10:15:19,10:15:38,19,AGENT,10:15:37,10:15:39,2,TOVA
AA0207,10173,43141639,1,PS,990923,10:22:27,10:22:32,5,10:22:32,10:25:00,148,AGENT,10:25:00,10:35:05,605,DORIT
AA0207,10174,29689551,2,PS,990923,10:31:30,10:31:35,5,10:31:35,10:32:18,43,AGENT,10:32:16,10:32:37,21,YIFAT
AA0207,10175,57918849,1,NE,990923,10:38:55,10:39:00,5,10:39:00,10:39:51,51,AGENT,10:39:51,10:42:41,170,AVI
AA0207,10176,28996213,1,PS,990923,10:45:36,10:45:41,5,10:45:41,10:48:12,151,AGENT,10:48:12,10:49:35,83,AVI
AA0207,10177,535419,2,PS,990923,10:55:28,10:55:34,6,10:55:34,10:56:35,61,AGENT,10:56:34,10:57:44,70,AVI
AA0207,10178,24975104,1,PS,990923,11:04:12,11:04:18,6,11:04:18,11:04:23,5,AGENT,11:04:22,11:04:24,2,TOVA
AA0207,10179,41546904,2,NE,990923,11:11:44,11:11:49,5,11:11:49,11:12:18,29,AGENT,11:12:17,11:15:59,222,TOVA
AA0207,10180,25219700,2,PS,990923,11:24:37,11:24:43,6,11:24:43,11:26:08,85,AGENT,11:26:08,11:27:12,64,TOVA
AA0207,10181,24927717,1,PS,990923,11:31:43,11:31:49,6,11:31:49,11:33:10,81,AGENT,11:33:09,11:34:38,89,AVI
AA0207,10182,58638107,2,NE,990923,11:43:31,11:43:37,6,11:43:37,11:43:52,15,AGENT,11:43:51,11:44:21,30,BASCH
AA0207,10183,0,0,NE,990923,11:53:29,11:53:50,21,0:00:00,0:00:00,0,AGENT,11:53:49,11:54:05,16,AVI
AA0207,10184,0,0,NW,990923,12:07:14,12:07:33,19,0:00:00,0:00:00,0,AGENT,12:07:33,12:08:10,37,ANAT
AA0207,10185,0,0,PS,990923,12:16:08,12:16:18,10,0:00:00,0:00:00,0,AGENT,12:16:17,12:17:21,64,TOVA
AA0207,10186,0,0,NW,990923,12:34:02,12:34:23,21,0:00:00,0:00:00,0,AGENT,12:34:22,12:36:19,117,ANAT
AA0207,10187,68192285,1,PS,990923,12:48:24,12:48:29,5,12:48:29,12:49:10,41,AGENT,12:49:08,12:51:51,163,YIFAT
AA0207,10188,0,0,PS,990923,13:02:14,13:02:25,11,0:00:00,0:00:00,0,AGENT,13:02:24,13:03:41,77,YIFAT
AA0207,10189,0,0,NW,990923,13:14:31,13:14:41,10,13:14:41,13:15:06,25,AGENT,13:15:05,13:15:32,27,VICKY
AA0207,10190,0,0,PS,990923,13:33:43,13:33:53,10,0:00:00,0:00:00,0,AGENT,13:33:53,13:33:54,1,ANAT
AA0207,10191,1597533,2,PS,990923,13:46:02,13:46:07,5,13:46:07,13:46:40,33,AGENT,13:46:40,13:48:04,84,DORIT
AA0207,10193,0,0,PS,990923,13:56:18,13:56:18,0,0:00:00,0:00:00,0,HANG,0:00:00,0:00:00,0,NO_SERVER
AA0207,10194,33506544,1,PS,990923,14:02:28,14:02:34,6,14:02:34,14:02:45,11,HANG,0:00:00,0:00:00,0,NO_SERVER
AA0207,10195,52120771,1,NE,990923,14:14:44,14:14:49,5,14:14:49,14:15:12,23,AGENT,14:15:11,14:21:26,375,ELI
AA0207,10196,52867744,2,PS,990923,14:26:20,14:26:25,5,14:26:25,14:28:02,97,AGENT,14:28:01,14:29:35,94,BASCH
AA0207,10197,22066336,1,PS,990923,14:40:48,14:40:54,6,14:40:54,14:42:09,75,AGENT,14:42:09,14:42:58,49,BASCH
AA0207,10198,57918849,1,NE,990923,14:58:39,14:58:44,5,14:58:44,15:02:46,242,AGENT,15:02:45,15:02:52,7,ELI
AA0207,10199,50892322,2,PS,990923,15:13:49,15:13:55,6,15:13:55,15:14:41,46,AGENT,15:14:41,15:18:13,212,BASCH
AA0207,10200,25185224,2,PS,990923,15:28:20,15:28:26,6,15:28:26,15:28:52,26,AGENT,15:28:51,15:29:56,65,YIFAT
AA0207,10201,57918849,1,NE,990923,15:40:48,15:40:54,6,15:40:54,15:42:06,72,AGENT,15:42:05,15:43:04,59,DORIT
AA0207,10202,0,0,PS,990923,16:00:20,16:00:32,12,0:00:00,0:00:00,0,AGENT,16:00:31,16:05:55,324,ZOHARI
AA0207,10203,0,0,PS,990923,16:15:51,16:16:01,10,0:00:00,0:00:00,0,AGENT,16:16:00,16:18:33,153,SHARON
AA0207,10204,0,0,PS,990923,16:30:06,16:30:15,9,0:00:00,0:00:00,0,AGENT,16:30:14,16:32:03,109,AVNI
AA0207,10205,0,0,NE,990923,16:53:50,16:54:00,10,0:00:00,0:00:00,0,AGENT,16:53:59,16:56:05,126,ZOHARI
AA0207,10206,0,0,PS,990923,17:10:26,17:10:37,11,0:00:00,0:00:00,0,AGENT,17:10:36,17:11:47,71,ZOHARI
AA0207,10207,0,0,PS,990923,17:33:52,17:34:04,12,0:00:00,0:00:00,0,AGENT,17:34:03,17:37:29,206,ZOHARI
AA0207,10208,25356205,1,PS,990923,17:56:59,17:57:05,6,17:57:05,17:57:12,7,AGENT,17:57:10,17:58:04,54,SHARON
AA0207,10209,0,0,NW,990923,18:22:28,18:22:41,13,0:00:00,0:00:00,0,AGENT,18:22:40,18:24:10,90,STEREN
AA0207,10210,0,0,NW,990923,18:39:15,18:39:29,14,0:00:00,0:00:00,0,AGENT,18:39:29,18:43:08,219,YITZ
AA0207,10211,0,0,PS,990923,19:13:26,19:13:38,12,0:00:00,0:00:00,0,AGENT,19:13:37,19:17:52,255,AVNI
AA0207,10212,0,0,PS,990923,19:38:13,19:38:22,9,0:00:00,0:00:00,0,AGENT,19:38:21,19:42:33,252,AVNI
AA0207,10213,0,0,PS,990923,20:00:24,20:00:40,16,0:00:00,0:00:00,0,AGENT,20:00:38,20:03:00,142,GILI
AA0207,10214,0,0,PS,990923,20:39:41,20:39:53,12,0:00:00,0:00:00,0,AGENT,20:39:53,20:41:24,91,ZOHARI
AA0207,10215,0,0,PS,990923,21:18:40,21:18:55,15,0:00:00,0:00:00,0,AGENT,21:18:54,21:19:51,57,MEIR
AA0207,10216,0,0,PS,990923,22:13:33,22:13:45,12,0:00:00,0:00:00,0,AGENT,22:13:44,22:18:14,270,AVNI
AA0207,10217,0,0,PS,990923,22:53:07,22:53:16,9,0:00:00,0:00:00,0,AGENT,22:53:15,22:54:28,73,SHARON
AA0207,10218,0,0,PS,990923,23:41:13,23:41:25,12,0:00:00,0:00:00,0,AGENT,23:41:24,23:44:05,161,YITZ
AA0207,10219,0,0,PS,990924,7:04:15,7:04:41,26,0:00:00,0:00:00,0,AGENT,7:04:41,7:06:52,131,BASCH
AA0207,10220,0,0,PS,990924,7:53:44,7:53:56,12,0:00:00,0:00:00,0,AGENT,7:53:54,7:57:43,229,ELI
AA0207,10221,0,0,NW,990924,8:24:21,8:24:29,8,8:24:29,8:25:17,48,AGENT,8:25:16,8:25:50,34,SHARON
AA0207,10222,25680000,1,PS,990924,8:45:57,8:46:03,6,8:46:03,8:46:21,18,AGENT,8:46:19,8:47:04,45,BASCH
AA0207,10223,59465807,1,PS,990924,9:02:24,9:02:30,6,9:02:30,9:02:36,6,PHANTOM,9:02:35,9:02:41,6,NO_SERVER
AA0207,10224,0,0,PS,990924,9:29:35,9:29:47,12,0:00:00,0:00:00,0,AGENT,9:29:43,9:49:21,1178,DORIT
AA0207,10225,22473201,1,PS,990924,9:47:54,9:47:59,5,9:47:59,9:49:12,73,HANG,0:00:00,0:00:00,0,NO_SERVER
AA0207,10226,0,0,NE,990924,10:06:53,10:07:05,12,0:00:00,0:00:00,0,AGENT,10:07:04,10:08:20,76,ANAT
AA0207,10227,0,0,PS,990924,10:28:04,10:28:13,9,0:00:00,0:00:00,0,AGENT,10:28:13,10:42:31,858,DORIT
AA0207,10228,6818926,2,PS,990924,10:47:41,10:47:47,6,10:47:47,10:48:02,15,AGENT,10:48:01,10:51:12,191,DORIT
AA0207,10229,0,0,NW,990924,10:59:40,10:59:50,10,10:59:50,11:04:14,264,AGENT,11:04:13,11:07:07,174,SHARON
AA0207,10230,0,0,PS,990924,11:30:41,11:30:54,13,0:00:00,0:00:00,0,AGENT,11:30:54,11:38:13,439,BASCH
AA0207,10231,0,0,PS,990924,12:01:33,12:01:42,9,0:00:00,0:00:00,0,AGENT,12:01:41,12:02:41,60,BASCH
AA0207,10232,0,0,PS,990924,12:15:20,12:15:33,13,0:00:00,0:00:00,0,AGENT,12:15:32,12:17:11,99,ANAT
AA0207,10233,0,0,PS,990924,12:41:21,12:41:34,13,0:00:00,0:00:00,0,AGENT,12:41:33,12:42:25,52,SHARON
AA0207,10234,0,0,PS,990924,13:14:01,13:14:14,13,0:00:00,0:00:00,0,AGENT,13:14:14,13:18:25,251,BASCH
AA0207,10235,0,0,PS,990924,13:44:58,13:45:08,10,0:00:00,0:00:00,0,AGENT,13:45:07,13:46:18,71,BASCH
AA0207,10236,0,0,NW,990924,15:03:31,15:03:42,11,0:00:00,0:00:00,0,HANG,0:00:00,0:00:00,0,NO_SERVER
AA0207,10237,0,0,NW,990924,18:58:15,18:58:21,6,0:00:00,0:00:00,0,HANG,0:00:00,0:00:00,0,NO_SERVER
AA0207,10238,0,0,PS,990925,20:06:49,20:07:02,13,0:00:00,0:00:00,0,AGENT,20:07:01,20:08:55,114,AVI
AA0207,10239,0,0,PS,990925,20:33:12,20:33:27,15,0:00:00,0:00:00,0,AGENT,20:33:26,20:34:29,63,AVI
AA0207,10240,0,0,NW,990925,21:35:02,21:35:22,20,0:00:00,0:00:00,0,AGENT,21:35:21,21:36:43,82,AVI
AA0207,10241,0,0,PS,990925,22:36:50,22:36:59,9,0:00:00,0:00:00,0,AGENT,22:36:58,22:37:34,36,BASCH
AA0207,10242,0,0,PS,990926,0:00:29,0:00:41,12,0:00:00,0:00:00,0,HANG,0:00:00,0:00:00,0,NO_SERVER
AA0207,10243,0,0,PS,990926,7:46:00,7:46:11,11,0:00:00,0:00:00,0,AGENT,7:46:10,7:51:07,297,ZOHARI
AA0207,10244,0,0,PS,990926,8:18:49,8:18:58,9,0:00:00,0:00:00,0,AGENT,8:18:58,8:19:50,52,BASCH
AA0207,10245,0,0,NW,990926,8:49:04,8:49:13,9,8:49:13,8:49:27,14,AGENT,8:49:27,8:50:14,47,DORIT
AA0207,10246,0,0,PS,990926,9:06:26,9:06:35,9,0:00:00,0:00:00,0,AGENT,9:06:34,9:09:37,183,YIFAT
AA0207,10247,28424109,1,PS,990926,9:21:05,9:21:10,5,9:21:10,9:22:07,57,AGENT,9:22:06,9:24:47,161,ZOHARI
AA0207,10248,0,0,NE,990926,9:33:58,9:34:09,11,0:00:00,0:00:00,0,AGENT,9:34:08,9:37:08,180,ELI
AA0207,10249,7191646,2,NE,990926,9:47:22,9:47:27,5,9:47:27,9:48:25,58,AGENT,9:48:24,9:50:25,121,AVNI
AA0207,10250,57918849,1,NE,990926,9:56:43,9:56:48,5,9:56:48,9:57:06,18,AGENT,9:57:06,10:06:26,560,ELI
AA0207,10251,0,0,PS,990926,10:09:36,10:09:49,13,0:00:00,0:00:00,0,AGENT,10:09:48,10:11:59,131,BASCH
AA0207,10252,0,0,PS,990926,10:22:59,10:23:13,14,0:00:00,0:00:00,0,AGENT,10:23:13,10:29:19,366,YIFAT
AA0207,10253,0,0,PS,990926,10:39:37,10:39:46,9,0:00:00,0:00:00,0,AGENT,10:39:45,10:43:15,210,YITZ
AA0207,10254,0,0,PS,990926,10:53:10,10:53:20,10,0:00:00,0:00:00,0,AGENT,10:53:19,10:54:37,78,YITZ
AA0207,10255,41543000,2,PS,990926,11:00:35,11:00:41,6,11:00:41,11:01:23,42,AGENT,11:01:23,11:04:34,191,VICKY
AA0207,10256,0,0,PS,990926,11:11:44,11:11:53,9,0:00:00,0:00:00,0,AGENT,11:11:52,11:14:25,153,DORIT
AA0207,10257,0,0,PS,990926,11:22:51,11:23:04,13,0:00:00,0:00:00,0,AGENT,11:23:03,11:25:01,118,YITZ
AA0207,10258,0,0,NE,990926,11:33:44,11:34:05,21,0:00:00,0:00:00,0,AGENT,11:34:04,11:35:51,107,VICKY
AA0207,10259,0,0,PS,990926,11:45:32,11:45:43,11,0:00:00,0:00:00,0,AGENT,11:45:42,11:55:31,589,AVNI
AA0207,10260,0,0,PS,990926,12:01:28,12:01:37,9,0:00:00,0:00:00,0,AGENT,12:01:37,12:03:49,132,YITZ
AA0207,10261,0,0,PS,990926,12:19:25,12:19:34,9,0:00:00,0:00:00,0,AGENT,12:19:33,12:20:48,75,VICKY
AA0207,10262,0,0,NE,990926,12:40:14,12:40:26,12,0:00:00,0:00:00,0,AGENT,12:40:25,12:42:42,137,ELI
AA0207,10263,0,0,PS,990926,13:02:52,13:03:01,9,0:00:00,0:00:00,0,AGENT,13:03:00,13:06:16,196,ZOHARI
AA0207,10264,0,0,NW,990926,13:22:59,13:23:09,10,13:23:09,13:24:11,62,AGENT,13:24:10,13:24:20,10,YIFAT
AA0207,10265,0,0,NW,990926,13:35:44,13:35:57,13,0:00:00,0:00:00,0,AGENT,13:35:56,13:37:58,122,DORIT
AA0207,10266,0,0,PS,990926,13:51:08,13:51:23,15,0:00:00,0:00:00,0,AGENT,13:51:23,13:52:38,75,ZOHARI
AA0207,10267,0,0,NW,990926,14:08:01,14:08:15,14,0:00:00,0:00:00,0,AGENT,14:08:14,14:08:53,39,VICKY
AA0207,10268,0,0,PS,990926,14:19:38,14:19:48,10,0:00:00,0:00:00,0,AGENT,14:19:47,14:24:47,300,ZOHARI
AA0207,10269,0,0,PS,990926,14:44:45,14:44:57,12,0:00:00,0:00:00,0,AGENT,14:44:57,14:45:00,3,TOVA
AA0207,10270,0,0,PS,990926,15:04:29,15:04:40,11,0:00:00,0:00:00,0,AGENT,15:04:40,15:08:10,210,VICKY
AA0207,10271,0,0,PS,990926,15:23:32,15:23:42,10,0:00:00,0:00:00,0,AGENT,15:23:41,15:24:10,29,VICKY
AA0207,10272,0,0,PS,990926,15:56:46,15:56:55,9,0:00:00,0:00:00,0,AGENT,15:56:55,15:56:56,1,TOVA
AA0207,10273,0,0,NW,990926,16:23:37,16:23:50,13,0:00:00,0:00:00,0,AGENT,16:23:49,16:23:55,6,MORIAH
AA0207,10274,0,0,PS,990926,17:07:26,17:07:36,10,0:00:00,0:00:00,0,AGENT,17:07:36,17:08:42,66,SHARON
AA0207,10275,0,0,PS,990926,17:45:58,17:46:11,13,0:00:00,0:00:00,0,AGENT,17:46:11,17:48:50,159,MORIAH
AA0207,10276,0,0,PS,990926,18:19:30,18:19:40,10,0:00:00,0:00:00,0,AGENT,18:19:40,18:21:04,84,MORIAH
AA0207,10277,0,0,PS,990926,18:56:40,18:56:49,9,0:00:00,0:00:00,0,AGENT,18:56:49,19:00:08,199,MORIAH
AA0207,10278,0,0,PS,990926,19:30:33,19:30:51,18,0:00:00,0:00:00,0,AGENT,19:30:44,19:31:50,66,MORIAH
AA0207,10279,0,0,PS,990926,20:22:24,20:22:36,12,0:00:00,0:00:00,0,AGENT,20:22:35,20:23:53,78,BENSION
AA0207,10280,0,0,PS,990926,21:28:47,21:28:56,9,0:00:00,0:00:00,0,AGENT,21:28:56,21:30:17,81,MORIAH
AA0207,10281,0,0,PS,990926,22:38:24,22:38:33,9,0:00:00,0:00:00,0,AGENT,22:38:32,22:39:29,57,SHARON
AA0207,10282,0,0,NW,990927,2:45:14,2:45:41,27,0:00:00,0:00:00,0,HANG,0:00:00,0:00:00,0,NO_SERVER
AA0207,10283,0,0,PS,990927,8:00:59,8:01:09,10,0:00:00,0:00:00,0,AGENT,8:01:08,8:05:17,249,ZOHARI
AA0207,10284,0,0,NW,990927,8:25:45,8:25:59,14,0:00:00,0:00:00,0,AGENT,8:25:59,8:29:58,239,YITZ
AA0207,10285,0,0,NW,990927,8:49:14,8:49:28,14,0:00:00,0:00:00,0,AGENT,8:49:28,8:49:47,19,BENSION
AA0207,10286,0,0,PS,990927,9:03:21,9:03:30,9,0:00:00,0:00:00,0,AGENT,9:03:29,9:07:19,230,YITZ
AA0207,10287,0,0,PS,990927,9:22:23,9:22:32,9,0:00:00,0:00:00,0,AGENT,9:22:31,9:24:44,133,YITZ
AA0207,10288,38463030,1,PS,990927,9:36:37,9:36:43,6,9:36:43,9:38:12,89,HANG,0:00:00,0:00:00,0,NO_SERVER
AA0207,10289,14129662,2,NE,990927,9:47:35,9:47:40,5,9:47:40,9:52:00,260,AGENT,9:51:58,9:55:25,207,TOVA
AA0207,10290,703074,2,PS,990927,10:00:40,10:00:45,5,10:00:45,10:02:52,127,AGENT,10:02:51,10:07:37,286,YITZ
AA0207,10291,0,0,NW,990927,10:10:05,10:10:14,9,10:10:14,10:13:43,209,HANG,0:00:00,0:00:00,0,NO_SERVER
AA0207,10292,0,0,NE,990927,10:28:42,10:28:53,11,0:00:00,0:00:00,0,AGENT,10:28:53,10:39:09,616,ZOHARI
AA0207,10293,55279970,2,NE,990927,10:41:09,10:41:14,5,10:41:14,10:44:42,208,HANG,0:00:00,0:00:00,0,NO_SERVER
AA0207,10294,33151754,1,PS,990927,10:56:28,10:56:34,6,10:56:34,10:57:06,32,AGENT,10:57:04,10:59:11,127,ZOHARI
AA0207,10295,27885011,2,PS,990927,11:06:05,11:06:11,6,11:06:11,11:09:28,197,AGENT,11:09:27,11:12:20,173,TOVA
AA0207,10296,0,0,PS,990927,11:23:46,11:24:00,14,0:00:00,0:00:00,0,AGENT,11:23:59,11:24:45,46,BENSION
AA0207,10297,522631,2,PS,990927,11:36:59,11:37:04,5,11:37:04,11:38:09,65,AGENT,11:38:08,11:46:30,502,YITZ
AA0207,10298,54556444,1,PS,990927,11:47:43,11:47:48,5,11:47:48,11:49:23,95,HANG,0:00:00,0:00:00,0,NO_SERVER
AA0207,10299,0,0,NE,990927,12:02:13,12:02:25,12,0:00:00,0:00:00,0,AGENT,12:02:25,12:06:10,225,ZOHARI
AA0207,10300,0,0,NW,990927,12:19:54,12:20:10,16,0:00:00,0:00:00,0,AGENT,12:20:09,12:20:17,8,VICKY
AA0207,10301,0,0,PS,990927,12:36:09,12:36:19,10,0:00:00,0:00:00,0,AGENT,12:36:18,12:37:19,61,BENSION
AA0207,10302,24633968,2,PS,990927,12:50:45,12:50:51,6,12:50:51,12:50:57,6,AGENT,12:50:57,12:52:11,74,YITZ
AA0207,10303,30452882,2,PS,990927,13:00:55,13:01:01,6,13:01:01,13:02:23,82,AGENT,13:02:22,13:09:26,424,BASCH
AA0207,10304,0,0,PS,990927,13:20:24,13:20:34,10,0:00:00,0:00:00,0,AGENT,13:20:33,13:20:49,16,YITZ
AA0207,10305,0,0,PS,990927,13:37:25,13:37:35,10,0:00:00,0:00:00,0,AGENT,13:37:35,13:41:36,241,ZOHARI
AA0207,10306,0,0,PS,990927,13:51:09,13:51:19,10,0:00:00,0:00:00,0,AGENT,13:51:18,13:52:37,79,YITZ
AA0207,10307,13799374,2,PS,990927,14:05:01,14:05:06,5,14:05:06,14:07:47,161,AGENT,14:07:46,14:09:26,100,YITZ
AA0207,10308,68297498,2,PS,990927,14:19:41,14:19:47,6,14:19:47,14:22:12,145,AGENT,14:22:12,14:27:32,320,YITZ
AA0207,10309,52031556,2,PS,990927,14:34:46,14:34:52,6,14:34:52,14:36:02,70,HANG,0:00:00,0:00:00,0,NO_SERVER
AA0207,10310,0,0,PS,990927,14:50:38,14:50:47,9,0:00:00,0:00:00,0,AGENT,14:50:46,14:53:04,138,YITZ
AA0207,10311,0,0,PS,990927,15:14:12,15:14:24,12,0:00:00,0:00:00,0,AGENT,15:14:23,15:16:57,154,ZOHARI
AA0207,10312,0,0,PS,990927,15:58:27,15:58:43,16,0:00:00,0:00:00,0,AGENT,15:58:39,15:58:51,12,MORIAH
AA0207,10313,0,0,NW,990927,16:29:44,16:29:53,9,16:29:53,16:30:01,8,AGENT,16:30:01,16:32:01,120,MORIAH
AA0207,10314,0,0,PS,990927,16:42:40,16:42:51,11,0:00:00,0:00:00,0,AGENT,16:42:50,16:43:57,67,ANAT
AA0207,10315,29444049,2,PS,990927,17:30:59,17:31:04,5,17:31:04,17:31:44,40,AGENT,17:31:44,17:41:45,601,ANAT
AA0207,10316,27281617,2,NE,990927,17:51:18,17:51:23,5,17:51:23,17:51:31,8,AGENT,17:51:30,17:52:08,38,SHARON
AA0207,10317,0,0,PS,990927,18:37:45,18:37:58,13,0:00:00,0:00:00,0,AGENT,18:37:58,18:39:04,66,ANAT
AA0207,10318,0,0,PS,990927,19:03:48,19:04:01,13,0:00:00,0:00:00,0,AGENT,19:04:00,19:05:01,61,SHARON
AA0207,10319,0,0,PS,990927,19:49:16,19:49:34,18,0:00:00,0:00:00,0,AGENT,19:49:34,19:50:31,57,ANAT
AA0207,10320,0,0,PS,990927,20:31:43,20:31:53,10,0:00:00,0:00:00,0,AGENT,20:31:52,20:34:22,150,GILI
AA0207,10321,0,0,NW,990927,21:30:52,21:31:20,28,0:00:00,0:00:00,0,AGENT,21:31:20,21:31:47,27,SHARON
AA0207,10322,54128681,2,PS,990927,22:01:06,22:01:11,5,22:01:11,22:02:20,69,AGENT,22:02:19,22:03:59,100,SHARON
AA0207,10323,0,0,PS,990927,22:46:05,22:46:14,9,0:00:00,0:00:00,0,AGENT,22:46:13,22:51:23,310,AVNI
AA0207,10324,0,0,NW,990928,0:07:33,0:07:55,22,0:00:00,0:00:00,0,HANG,0:00:00,0:00:00,0,NO_SERVER
AA0207,10325,0,0,PS,990928,7:14:24,7:14:41,17,0:00:00,0:00:00,0,AGENT,7:14:40,7:16:30,110,ANAT
AA0207,10326,0,0,PS,990928,8:09:10,8:09:18,8,0:00:00,0:00:00,0,AGENT,8:09:18,8:11:27,129,YIFAT
AA0207,10327,50959691,1,PS,990928,8:35:14,8:35:19,5,8:35:19,8:37:13,114,AGENT,8:37:12,8:38:16,64,YIFAT
AA0207,10328,58060310,2,PS,990928,8:55:36,8:55:41,5,8:55:41,8:57:12,91,AGENT,8:57:12,9:05:43,511,AVNI
AA0207,10329,0,0,PS,990928,9:14:34,9:14:42,8,0:00:00,0:00:00,0,AGENT,9:14:41,9:20:48,367,AVNI
AA0207,10330,68826072,2,PS,990928,9:27:49,9:27:55,6,9:27:55,9:28:17,22,AGENT,9:28:16,9:33:39,323,ANAT
AA0207,10331,63730469,1,PS,990928,9:40:10,9:40:16,6,9:40:16,9:43:16,180,AGENT,9:43:15,9:44:14,59,YIFAT
AA0207,10332,67990630,1,PS,990928,9:59:42,9:59:48,6,9:59:48,10:01:33,105,AGENT,10:01:33,10:03:27,114,YIFAT
AA0207,10333,58029620,2,PS,990928,10:09:55,10:10:01,6,10:10:01,10:14:28,267,AGENT,10:14:27,10:16:41,134,YIFAT
AA0207,10334,56430804,1,PS,990928,10:20:09,10:20:15,6,10:20:15,10:22:42,147,HANG,0:00:00,0:00:00,0,NO_SERVER
AA0207,10335,12649133,2,PS,990928,10:31:53,10:31:59,6,10:31:59,10:33:03,64,AGENT,10:33:02,10:33:58,56,ANAT
AA0207,10336,52146842,1,PS,990928,10:41:01,10:41:06,5,10:41:06,10:42:11,65,AGENT,10:42:10,10:44:53,163,ANAT
AA0207,10337,2043974,1,NE,990928,10:54:51,10:54:57,6,10:54:57,10:55:16,19,AGENT,10:55:15,10:56:09,54,ZOHARI
AA0207,10338,50061076,1,PS,990928,11:03:37,11:03:43,6,11:03:43,11:04:41,58,HANG,0:00:00,0:00:00,0,NO_SERVER
AA0207,10340,0,0,PS,990928,11:17:05,11:17:05,0,0:00:00,0:00:00,0,HANG,0:00:00,0:00:00,0,NO_SERVER
AA0207,10341,25703414,2,PS,990928,11:25:42,11:25:48,6,11:25:48,11:26:28,40,HANG,0:00:00,0:00:00,0,NO_SERVER
AA0207,10342,44909356,2,PS,990928,11:37:14,11:37:19,5,11:37:19,11:37:50,31,HANG,11:37:22,12:51:38,4456,NO_SERVER
AA0207,10343,23711740,1,PS,990928,11:47:02,11:47:08,6,11:47:08,11:47:22,14,HANG,0:00:00,0:00:00,0,NO_SERVER
AA0207,10344,17878737,2,PE,990928,11:57:56,11:58:00,4,11:58:00,12:10:15,735,AGENT,12:10:14,12:10:19,5,YIFAT
AA0207,10345,22263115,2,PS,990928,12:16:52,12:16:58,6,12:16:58,12:17:07,9,HANG,0:00:00,0:00:00,0,NO_SERVER
AA0207,10346,32369142,2,PS,990928,12:25:16,12:25:22,6,12:25:22,12:29:22,240,HANG,0:00:00,0:00:00,0,NO_SERVER
AA0207,10347,55870620,1,PS,990928,12:41:20,12:41:26,6,12:41:26,12:42:04,38,AGENT,12:42:04,12:43:47,103,ANAT
AA0207,10348,59630624,1,NE,990928,12:53:47,12:53:52,5,12:53:52,12:54:00,8,AGENT,12:54:00,12:55:14,74,ANAT
AA0207,10349,304229115,2,PS,990928,13:04:02,13:04:08,6,13:04:08,13:04:19,11,AGENT,13:04:19,13:12:56,517,ZOHARI
AA0207,10350,0,0,PS,990928,13:21:04,13:21:14,10,0:00:00,0:00:00,0,AGENT,13:21:12,13:23:07,115,AVNI
AA0207,10351,30544761,2,PS,990928,13:37:41,13:37:47,6,13:37:47,13:38:06,19,AGENT,13:38:06,13:47:30,564,ZOHARI
AA0207,10352,29680618,1,PS,990928,13:49:50,13:49:55,5,13:49:55,13:52:16,141,AGENT,13:52:15,13:57:46,331,BASCH
AA0207,10353,54145529,2,PS,990928,14:03:12,14:03:17,5,14:03:17,14:03:36,19,AGENT,14:03:36,14:04:54,78,YIFAT
AA0207,10354,23683378,1,PS,990928,14:13:16,14:13:21,5,14:13:21,14:13:49,28,AGENT,14:13:48,14:15:18,90,BASCH
AA0207,10355,54128681,2,PS,990928,14:27:59,14:28:04,5,14:28:04,14:28:47,43,AGENT,14:28:46,14:32:05,199,AVNI
AA0207,10356,52031556,2,PS,990928,14:50:25,14:50:31,6,14:50:31,14:51:02,31,AGENT,14:51:01,14:51:02,1,YIFAT
AA0207,10357,316728567,2,PS,990928,15:08:23,15:08:28,5,15:08:28,15:09:18,50,HANG,0:00:00,0:00:00,0,NO_SERVER
AA0207,10358,0,0,PS,990928,15:51:28,15:51:37,9,0:00:00,0:00:00,0,AGENT,15:51:36,15:53:41,125,AVNI
AA0207,10359,0,0,PS,990928,16:17:03,16:17:12,9,0:00:00,0:00:00,0,AGENT,16:17:12,16:18:45,93,AVNI
AA0207,10360,0,0,PS,990928,16:46:04,16:46:15,11,0:00:00,0:00:00,0,AGENT,16:46:13,16:47:00,47,BASCH
AA0207,10361,0,0,PS,990928,17:13:45,17:13:53,8,0:00:00,0:00:00,0,AGENT,17:13:53,17:15:15,82,SHARON
AA0207,10362,0,0,PS,990928,17:41:00,17:41:09,9,0:00:00,0:00:00,0,AGENT,17:41:08,17:43:10,122,SHARON
AA0207,10363,0,0,PS,990928,17:59:54,18:00:04,10,0:00:00,0:00:00,0,AGENT,18:00:03,18:00:37,34,VICKY
AA0207,10364,0,0,PS,990928,18:26:01,18:26:09,8,0:00:00,0:00:00,0,AGENT,18:26:09,18:26:52,43,BASCH
AA0207,10365,0,0,PS,990928,19:21:00,19:21:24,24,0:00:00,0:00:00,0,HANG,0:00:00,0:00:00,0,NO_SERVER
AA0207,10366,311983175,1,PS,990928,20:18:44,20:18:50,6,20:18:50,20:19:08,18,AGENT,20:19:08,20:22:02,174,BASCH
AA0207,10367,0,0,PS,990928,20:53:22,20:53:36,14,0:00:00,0:00:00,0,AGENT,20:53:35,20:55:46,131,BASCH
AA0207,10368,32187197,1,PS,990928,21:25:03,21:25:09,6,21:25:09,21:27:22,133,AGENT,21:27:21,21:31:49,268,DARMON
AA0207,10369,0,0,PS,990928,21:55:12,21:55:21,9,0:00:00,0:00:00,0,AGENT,21:55:20,21:56:51,91,GILI
AA0207,10370,10634848,1,NE,990928,22:35:25,22:35:31,6,22:35:31,22:35:49,18,AGENT,22:35:48,22:36:36,48,SHARON
AA0207,10371,0,0,PS,990928,23:36:12,23:36:21,9,0:00:00,0:00:00,0,AGENT,23:36:21,23:39:55,214,GILI
AA0207,10372,0,0,PS,990929,7:07:57,7:08:07,10,0:00:00,0:00:00,0,AGENT,7:08:06,7:09:44,98,YIFAT
AA0207,10373,0,0,PS,990929,8:03:55,8:04:07,12,0:00:00,0:00:00,0,AGENT,8:04:06,8:06:57,171,SHARON
AA0207,10374,0,0,PS,990929,8:27:46,8:27:58,12,0:00:00,0:00:00,0,AGENT,8:27:57,8:28:56,59,YIFAT
AA0207,10375,0,0,PS,990929,8:42:37,8:42:48,11,0:00:00,0:00:00,0,AGENT,8:42:47,8:45:44,177,ZOHARI
AA0207,10376,0,0,NE,990929,8:59:33,8:59:43,10,0:00:00,0:00:00,0,AGENT,8:59:42,9:01:15,93,SHARON
AA0207,10377,0,0,PS,990929,9:18:42,9:18:55,13,0:00:00,0:00:00,0,AGENT,9:18:54,9:19:35,41,ANAT
AA0207,10378,0,0,PS,990929,9:32:00,9:32:13,13,0:00:00,0:00:00,0,AGENT,9:32:12,9:32:14,2,ANAT
AA0207,10379,0,0,NE,990929,9:44:22,9:44:30,8,0:00:00,0:00:00,0,AGENT,9:44:30,9:46:34,124,AVNI
AA0207,10380,30442495,2,PS,990929,9:52:36,9:52:41,5,9:52:41,9:54:31,110,AGENT,9:54:30,10:10:45,975,SHARON
AA0207,10381,2043974,1,NE,990929,10:06:23,10:06:28,5,10:06:28,10:10:40,252,AGENT,10:10:39,10:12:30,111,AVNI
AA0207,10382,31909146,2,PS,990929,10:19:02,10:19:07,5,10:19:07,10:20:19,72,AGENT,10:20:18,10:22:19,121,YIFAT
AA0207,10383,0,0,PS,990929,10:30:03,10:30:13,10,0:00:00,0:00:00,0,AGENT,10:30:11,10:32:59,168,DORIT
AA0207,10384,63730469,1,PS,990929,10:38:58,10:39:04,6,10:39:04,10:41:13,129,AGENT,10:41:13,10:42:59,106,AVNI
AA0207,10385,55372221,2,PS,990929,10:54:39,10:54:45,6,10:54:45,10:55:37,52,HANG,0:00:00,0:00:00,0,NO_SERVER
AA0207,10386,54665682,2,PS,990929,11:03:24,11:03:30,6,11:03:30,11:04:02,32,AGENT,11:04:02,11:06:22,140,ANAT
AA0207,10387,74780917,2,NE,990929,11:13:45,11:13:51,6,11:13:51,11:15:06,75,AGENT,11:15:06,11:19:36,270,AVNI
AA0207,10388,0,0,PS,990929,11:27:32,11:27:42,10,0:00:00,0:00:00,0,AGENT,11:27:41,11:28:30,49,SHARON
AA0207,10389,53186953,2,PS,990929,11:39:14,11:39:19,5,11:39:19,11:40:01,42,AGENT,11:40:00,11:42:43,163,DORIT
AA0207,10390,56457336,2,PS,990929,11:53:16,11:53:22,6,11:53:22,11:53:35,13,HANG,0:00:00,0:00:00,0,NO_SERVER
AA0207,10391,32223752,1,PS,990929,12:04:37,12:04:43,6,12:04:43,12:04:52,9,HANG,0:00:00,0:00:00,0,NO_SERVER
AA0207,10392,27770932,2,PS,990929,12:11:35,12:11:40,5,12:11:40,12:12:53,73,HANG,0:00:00,0:00:00,0,NO_SERVER
AA0207,10393,25124181,2,NE,990929,12:24:26,12:24:31,5,12:24:31,12:28:10,219,AGENT,12:28:09,12:30:08,119,SHARON
AA0207,10394,40153165,1,PS,990929,12:36:27,12:36:32,5,12:36:32,12:37:16,44,AGENT,12:37:15,12:38:14,59,YIFAT
AA0207,10395,0,0,PS,990929,12:50:49,12:51:00,11,0:00:00,0:00:00,0,AGENT,12:51:00,12:56:04,304,ZOHARI
AA0207,10396,304653991,2,PS,990929,13:05:26,13:05:31,5,13:05:31,13:05:35,4,AGENT,13:05:35,13:08:18,163,DORIT
AA0207,10397,71820039,2,PS,990929,13:21:53,13:21:59,6,13:21:59,13:24:46,167,AGENT,13:24:44,13:28:04,200,YIFAT
AA0207,10398,54676242,2,PS,990929,13:38:21,13:38:26,5,13:38:26,13:40:33,127,AGENT,13:40:32,13:40:33,1,YIFAT
AA0207,10399,79727962,2,PS,990929,13:53:00,13:53:05,5,13:53:05,13:53:51,46,AGENT,13:53:51,13:54:47,56,DORIT
AA0207,10400,0,0,PS,990929,14:03:54,14:04:08,14,0:00:00,0:00:00,0,AGENT,14:04:08,14:06:22,134,AVNI
AA0207,10401,29088192,1,PS,990929,14:14:04,14:14:09,5,14:14:09,14:17:38,209,HANG,0:00:00,0:00:00,0,NO_SERVER
AA0207,10402,37619061,2,PS,990929,14:26:27,14:26:33,6,14:26:33,14:26:40,7,AGENT,14:26:40,14:28:40,120,SHARON
AA0207,10403,51458594,2,PS,990929,14:43:50,14:43:55,5,14:43:55,14:44:10,15,AGENT,14:44:10,14:45:18,68,SHARON
AA0207,10404,48820351,2,NE,990929,15:09:35,15:09:41,6,15:09:41,15:11:31,110,AGENT,15:11:30,15:12:26,56,BASCH
AA0207,10405,0,0,PS,990929,15:41:52,15:42:01,9,0:00:00,0:00:00,0,AGENT,15:42:00,15:43:01,61,BASCH
AA0207,10406,69008423,1,PS,990929,16:08:06,16:08:12,6,16:08:12,16:09:26,74,AGENT,16:09:25,16:11:11,106,VICKY
AA0207,10407,0,0,PS,990929,16:32:16,16:32:26,10,0:00:00,0:00:00,0,AGENT,16:32:26,16:33:13,47,VICKY
AA0207,10408,0,0,PS,990929,17:14:55,17:15:05,10,0:00:00,0:00:00,0,AGENT,17:15:04,17:15:51,47,BASCH
AA0207,10409,0,0,PS,990929,17:45:56,17:46:11,15,0:00:00,0:00:00,0,AGENT,17:46:10,17:49:02,172,VICKY
AA0207,10410,0,0,PS,990929,18:09:02,18:09:34,32,0:00:00,0:00:00,0,AGENT,18:09:33,18:13:16,223,MEIR
AA0207,10411,0,0,NW,990929,18:41:00,18:41:16,16,0:00:00,0:00:00,0,AGENT,18:41:16,18:41:21,5,NO_SERVER
AA0207,10412,0,0,NW,990929,19:06:01,19:06:15,14,0:00:00,0:00:00,0,AGENT,19:06:14,19:08:37,143,MEIR
AA0207,10413,0,0,NE,990929,19:28:40,19:28:50,10,0:00:00,0:00:00,0,AGENT,19:28:49,19:34:54,365,GILI
AA0207,10414,0,0,NW,990929,20:05:28,20:05:51,23,0:00:00,0:00:00,0,AGENT,20:05:50,20:07:16,86,VICKY
AA0207,10415,0,0,PS,990929,20:38:35,20:38:49,14,0:00:00,0:00:00,0,AGENT,20:38:48,20:42:37,229,BASCH
AA0207,10416,40716193,1,NE,990929,21:12:24,21:12:30,6,21:12:30,21:12:50,20,AGENT,21:12:49,21:14:48,119,VICKY
AA0207,10417,0,0,NE,990929,21:47:14,21:47:24,10,0:00:00,0:00:00,0,AGENT,21:47:23,21:50:12,169,STEREN
AA0207,10418,0,0,NE,990929,22:23:01,22:23:18,17,0:00:00,0:00:00,0,AGENT,22:23:17,22:24:52,95,DARMON
AA0207,10419,0,0,PS,990929,23:20:35,23:20:52,17,0:00:00,0:00:00,0,AGENT,23:20:51,23:23:12,141,DARMON
AA0207,10420,0,0,NW,990930,1:50:38,1:51:02,24,0:00:00,0:00:00,0,HANG,0:00:00,0:00:00,0,NO_SERVER
AA0207,10421,0,0,PS,990930,7:19:20,7:19:30,10,0:00:00,0:00:00,0,HANG,0:00:00,0:00:00,0,NO_SERVER
AA0207,10422,0,0,NW,990930,8:04:52,8:05:01,9,8:05:01,8:06:45,104,AGENT,8:06:45,8:07:20,35,ANAT
AA0207,10423,23069255,2,PS,990930,8:36:37,8:36:43,6,8:36:43,8:37:21,38,AGENT,8:37:21,8:39:51,150,SHARON
AA0207,10424,0,0,PS,990930,8:52:36,8:52:45,9,0:00:00,0:00:00,0,AGENT,8:52:44,8:53:51,67,YIFAT
AA0207,10425,0,0,PS,990930,9:08:49,9:08:58,9,0:00:00,0:00:00,0,AGENT,9:08:57,9:13:07,250,ROTH
AA0207,10426,7872609,2,PS,990930,9:18:51,9:18:56,5,9:18:56,9:21:02,126,AGENT,9:21:01,9:21:05,4,TOVA
AA0207,10427,0,0,NW,990930,9:37:42,9:37:52,10,9:37:52,9:39:11,79,AGENT,9:39:10,9:39:28,18,SHARON
AA0207,10428,25673815,1,PS,990930,9:52:07,9:52:13,6,9:52:13,9:53:21,68,HANG,0:00:00,0:00:00,0,NO_SERVER
AA0207,10429,703074,2,PS,990930,9:57:02,9:57:08,6,9:57:08,9:59:53,165,AGENT,9:59:52,10:04:34,282,ANAT
AA0207,10430,57253494,1,PS,990930,10:10:29,10:10:34,5,10:10:34,10:11:30,56,AGENT,10:11:28,10:13:07,99,TOVA
AA0207,10431,31909146,2,PS,990930,10:24:35,10:24:41,6,10:24:41,10:24:45,4,AGENT,10:24:45,10:27:24,159,ROTH
AA0207,10432,0,0,NW,990930,10:39:59,10:40:09,10,10:40:09,10:42:28,139,HANG,0:00:00,0:00:00,0,NO_SERVER
AA0207,10433,0,0,PS,990930,10:57:30,10:57:39,9,0:00:00,0:00:00,0,AGENT,10:57:38,10:58:38,60,TOVA
AA0207,10434,319460267,1,PS,990930,11:04:00,11:04:06,6,11:04:06,11:10:47,401,HANG,0:00:00,0:00:00,0,NO_SERVER
AA0207,10435,50347749,1,NE,990930,11:18:19,11:18:25,6,11:18:25,11:20:46,141,AGENT,11:20:45,11:25:09,264,ZOHARI
AA0207,10436,29329588,1,PS,990930,11:24:22,11:24:28,6,11:24:28,11:26:19,111,HANG,0:00:00,0:00:00,0,NO_SERVER
AA0207,10437,25124181,2,NE,990930,11:29:29,11:29:35,6,11:29:35,11:31:28,113,AGENT,11:31:28,11:35:56,268,ZOHARI
AA0207,10438,51141984,2,PS,990930,11:39:57,11:40:03,6,11:40:03,11:45:35,332,AGENT,11:45:34,11:45:37,3,YIFAT
AA0207,10439,25626938,2,PS,990930,11:49:24,11:49:30,6,11:49:30,11:51:04,94,AGENT,11:51:02,11:55:57,295,ANAT
AA0207,10440,0,0,NW,990930,11:59:30,11:59:39,9,11:59:39,12:05:21,342,HANG,12:05:22,12:05:37,15,NO_SERVER
AA0207,10441,54042171,2,NE,990930,12:13:31,12:13:36,5,12:13:36,12:15:05,89,AGENT,12:15:04,12:19:05,241,ZOHARI
AA0207,10442,25094061,1,PS,990930,12:25:00,12:25:06,6,12:25:06,12:25:52,46,AGENT,12:25:51,12:28:57,186,ROTH
AA0207,10443,0,0,PS,990930,12:48:29,12:48:43,14,0:00:00,0:00:00,0,AGENT,12:48:42,12:48:45,3,TOVA
AA0207,10444,0,0,PS,990930,13:01:34,13:01:47,13,0:00:00,0:00:00,0,AGENT,13:01:46,13:02:34,48,TOVA
AA0207,10445,0,0,PS,990930,13:21:59,13:22:08,9,0:00:00,0:00:00,0,AGENT,13:22:07,13:26:48,281,ROTH
AA0207,10446,64471147,2,PS,990930,13:35:34,13:35:39,5,13:35:39,13:36:43,64,AGENT,13:36:42,13:37:07,25,YIFAT
AA0207,10447,57379505,2,PS,990930,13:52:59,13:53:04,5,13:53:04,13:57:06,242,AGENT,13:57:05,14:00:08,183,ROTH
AA0207,10448,0,0,NW,990930,14:07:52,14:08:01,9,14:08:01,14:09:06,65,AGENT,14:09:05,14:15:50,405,PINHAS
AA0207,10449,31435613,1,PS,990930,14:20:30,14:20:35,5,14:20:35,14:24:45,250,AGENT,14:24:45,14:27:11,146,SHARON
AA0207,10450,79727962,2,PS,990930,14:34:12,14:34:18,6,14:34:18,14:37:07,169,AGENT,14:37:07,14:39:58,171,ZOHARI
AA0207,10451,0,0,PS,990930,14:55:37,15:02:56,439,0:00:00,0:00:00,0,HANG,0:00:00,0:00:00,0,NO_SERVER
AA0207,10452,0,0,PS,990930,15:40:02,15:40:21,19,0:00:00,0:00:00,0,AGENT,15:40:20,15:41:18,58,SHARON
AA0207,10453,22013551,2,NE,990930,16:12:41,16:12:47,6,16:12:47,16:13:58,71,AGENT,16:13:57,16:17:24,207,VICKY
AA0207,10454,0,0,PS,990930,16:30:47,16:30:58,11,0:00:00,0:00:00,0,AGENT,16:30:57,16:31:45,48,YITZ
AA0207,10455,0,0,PS,990930,16:50:33,16:50:42,9,0:00:00,0:00:00,0,AGENT,16:50:41,16:51:14,33,VICKY
AA0207,10456,0,0,PS,990930,17:11:45,17:11:54,9,0:00:00,0:00:00,0,AGENT,17:11:53,17:12:56,63,AVNI
AA0207,10457,68001924,2,NE,990930,17:42:18,17:42:23,5,17:42:23,17:43:06,43,AGENT,17:43:06,17:44:41,95,STEREN
AA0207,10458,0,0,NE,990930,18:33:17,18:33:31,14,0:00:00,0:00:00,0,AGENT,18:33:30,18:34:41,71,MEIR
AA0207,10459,0,0,PS,990930,19:03:08,19:03:34,26,0:00:00,0:00:00,0,AGENT,19:03:33,19:06:22,169,MEIR
AA0207,10460,0,0,PS,990930,19:53:56,19:54:08,12,0:00:00,0:00:00,0,AGENT,19:54:07,19:55:24,77,STEREN
AA0207,10461,0,0,NE,990930,20:29:35,20:29:47,12,0:00:00,0:00:00,0,AGENT,20:29:46,20:32:54,188,MEIR
AA0207,10462,0,0,PS,990930,21:04:31,21:04:41,10,0:00:00,0:00:00,0,AGENT,21:04:41,21:05:06,25,MEIR
AA0207,10463,0,0,PS,990930,21:38:59,21:39:09,10,0:00:00,0:00:00,0,AGENT,21:39:08,21:42:20,192,VICKY
AA0207,10464,0,0,PS,990930,22:40:00,22:40:09,9,0:00:00,0:00:00,0,AGENT,22:40:09,22:41:28,79,AVNI
AA0208,9448,0,0,PS,990901,2:15:08,2:15:08,0,0:00:00,0:00:00,0,HANG,0:00:00,0:00:00,0,NO_SERVER
AA0208,9449,0,0,PS,990901,7:13:28,7:13:36,8,0:00:00,0:00:00,0,AGENT,7:13:36,7:17:22,226,DORIT
AA0208,9450,0,0,NE,990901,7:45:27,7:45:38,11,0:00:00,0:00:00,0,AGENT,7:45:37,7:46:53,76,BASCH
AA0208,9451,0,0,NW,990901,8:06:34,8:06:43,9,8:06:43,8:07:10,27,AGENT,8:07:09,8:07:57,48,BASCH
AA0208,9452,0,0,NW,990901,8:22:07,8:22:20,13,0:00:00,0:00:00,0,AGENT,8:22:19,8:25:46,207,STEREN
AA0208,9453,0,0,PS,990901,8:37:45,8:37:57,12,0:00:00,0:00:00,0,AGENT,8:37:56,8:38:35,39,BASCH
AA0208,9454,0,0,PS,990901,8:50:57,8:51:07,10,0:00:00,0:00:00,0,AGENT,8:51:06,8:51:59,53,BASCH
AA0208,9455,0,0,PS,990901,9:04:03,9:04:14,11,0:00:00,0:00:00,0,AGENT,9:04:13,9:10:24,371,AVNI
AA0208,9456,0,0,PS,990901,9:13:41,9:13:58,17,0:00:00,0:00:00,0,AGENT,9:13:56,9:50:48,2212,SHARON
AA0208,9457,0,0,PS,990901,9:24:56,9:25:06,10,0:00:00,0:00:00,0,AGENT,9:25:05,9:26:07,62,YITZ
AA0208,9458,0,0,PS,990901,9:36:15,9:36:27,12,0:00:00,0:00:00,0,AGENT,9:36:26,9:37:31,65,ROTH
AA0208,9459,0,0,PS,990901,9:44:22,9:44:30,8,0:00:00,0:00:00,0,AGENT,9:44:29,9:47:19,170,YITZ
AA0208,9460,0,0,PS,990901,9:54:17,9:54:26,9,0:00:00,0:00:00,0,AGENT,9:54:25,9:55:03,38,NAAMA
AA0208,9461,0,0,PS,990901,10:05:25,10:05:35,10,0:00:00,0:00:00,0,AGENT,10:05:34,10:11:55,381,STEREN
AA0208,9462,0,0,PS,990901,10:14:55,10:15:04,9,0:00:00,0:00:00,0,AGENT,10:15:04,10:16:42,98,ZOHARI
AA0208,9463,0,0,NW,990901,10:25:41,10:25:54,13,0:00:00,0:00:00,0,AGENT,10:25:53,10:31:03,310,AVNI
AA0208,9464,0,0,NE,990901,10:35:30,10:35:39,9,0:00:00,0:00:00,0,AGENT,10:35:39,10:36:41,62,STEREN
AA0208,9465,0,0,PS,990901,10:45:52,10:46:02,10,0:00:00,0:00:00,0,AGENT,10:46:01,10:46:55,54,DORIT
AA0208,9466,0,0,PS,990901,11:00:06,11:00:16,10,0:00:00,0:00:00,0,AGENT,11:00:15,11:13:56,821,DORIT
AA0208,9467,0,0,PS,990901,11:11:00,11:11:11,11,0:00:00,0:00:00,0,AGENT,11:11:10,11:17:18,368,YITZ
AA0208,9468,1426659,2,NE,990901,11:23:43,11:23:48,5,11:23:48,11:25:34,106,AGENT,11:25:33,11:27:56,143,SHARON
AA0208,9469,0,0,PS,990901,11:39:25,11:39:34,9,0:00:00,0:00:00,0,AGENT,11:39:34,11:40:35,61,SHARON
AA0208,9470,59197178,2,PS,990901,11:48:16,11:48:21,5,11:48:21,11:49:42,81,AGENT,11:49:42,11:54:23,281,AVNI
AA0208,9471,0,0,PS,990901,12:02:50,12:02:58,8,0:00:00,0:00:00,0,AGENT,12:02:57,12:04:52,115,STEREN
AA0208,9472,0,0,PS,990901,12:15:29,12:15:38,9,0:00:00,0:00:00,0,AGENT,12:15:37,12:15:40,3,NO_SERVER
AA0208,9473,0,0,PS,990901,12:30:14,12:30:24,10,0:00:00,0:00:00,0,AGENT,12:30:23,12:32:25,122,STEREN
AA0208,9474,0,0,PS,990901,12:45:05,12:45:13,8,0:00:00,0:00:00,0,AGENT,12:45:13,12:47:07,114,DORIT
AA0208,9475,30442495,2,PS,990901,12:53:34,12:53:40,6,12:53:40,12:55:17,97,AGENT,12:55:15,12:55:46,31,SHARON
AA0208,9476,0,0,PS,990901,13:09:49,13:09:59,10,0:00:00,0:00:00,0,AGENT,13:09:59,13:10:43,44,SHARON
AA0208,9477,0,0,PS,990901,13:27:20,13:27:31,11,0:00:00,0:00:00,0,AGENT,13:27:30,13:28:41,71,STEREN
AA0208,9478,0,0,PS,990901,13:41:53,13:42:03,10,0:00:00,0:00:00,0,AGENT,13:42:02,13:43:29,87,AVNI
AA0208,9479,0,0,PS,990901,13:53:05,13:53:15,10,0:00:00,0:00:00,0,AGENT,13:53:13,13:56:32,199,DORIT
AA0208,9480,0,0,PS,990901,14:06:33,14:06:43,10,0:00:00,0:00:00,0,AGENT,14:06:42,14:08:56,134,STEREN
AA0208,9481,0,0,PS,990901,14:19:04,14:19:14,10,0:00:00,0:00:00,0,AGENT,14:19:13,14:22:23,190,AVNI
AA0208,9482,0,0,PS,990901,14:32:07,14:32:19,12,0:00:00,0:00:00,0,AGENT,14:32:18,14:35:40,202,BENSION
AA0208,9483,0,0,NE,990901,14:39:23,14:39:38,15,0:00:00,0:00:00,0,AGENT,14:39:37,15:11:49,1932,ELI
AA0208,9484,0,0,PS,990901,14:53:53,14:54:06,13,0:00:00,0:00:00,0,AGENT,14:54:05,15:05:14,669,SHARON
AA0208,9485,0,0,PS,990901,15:06:06,15:06:16,10,0:00:00,0:00:00,0,AGENT,15:06:15,15:07:31,76,SHARON
AA0208,9486,58859752,2,PS,990901,15:17:20,15:17:26,6,15:17:26,15:17:36,10,AGENT,15:17:35,15:19:26,111,SHARON
AA0208,9487,51929339,2,PS,990901,15:28:08,15:28:14,6,15:28:14,15:28:21,7,AGENT,15:28:21,15:32:57,276,ANAT
AA0208,9488,30712699,2,NE,990901,15:36:05,15:36:11,6,15:36:11,15:36:26,15,AGENT,15:36:26,15:37:35,69,TOVA
AA0208,9489,0,0,PS,990901,15:48:04,15:48:19,15,0:00:00,0:00:00,0,AGENT,15:48:18,15:49:25,67,BENSION
AA0208,9490,0,0,PS,990901,15:59:13,15:59:24,11,0:00:00,0:00:00,0,AGENT,15:59:23,16:02:19,176,SHARON
AA0208,9491,0,0,PS,990901,16:21:12,16:21:22,10,0:00:00,0:00:00,0,AGENT,16:21:21,16:29:56,515,TOVA
AA0208,9492,0,0,PS,990901,16:42:13,16:42:21,8,0:00:00,0:00:00,0,AGENT,16:42:20,16:43:33,73,AVI
AA0208,9493,0,0,PS,990901,16:53:42,16:53:54,12,0:00:00,0:00:00,0,AGENT,16:53:53,16:54:40,47,TOVA
AA0208,9494,0,0,NW,990901,17:06:52,17:07:07,15,0:00:00,0:00:00,0,AGENT,17:07:07,17:07:07,0,BENSION
AA0208,9495,0,0,PS,990901,17:25:12,17:25:24,12,0:00:00,0:00:00,0,AGENT,17:25:24,17:27:01,97,BENSION
AA0208,9496,0,0,PS,990901,17:44:31,17:44:42,11,0:00:00,0:00:00,0,AGENT,17:44:41,17:45:26,45,BENSION
AA0208,9497,0,0,NE,990901,17:57:24,17:57:34,10,0:00:00,0:00:00,0,AGENT,17:57:33,17:57:36,3,MORIAH
AA0208,9498,0,0,PS,990901,18:17:50,18:18:04,14,0:00:00,0:00:00,0,AGENT,18:18:03,18:19:52,109,BENSION
AA0208,9499,30597587,2,PS,990901,18:32:05,18:32:11,6,18:32:11,18:32:16,5,AGENT,18:32:14,18:32:15,1,AVI
AA0208,9500,0,0,NW,990901,18:54:53,18:55:10,17,0:00:00,0:00:00,0,AGENT,18:55:09,18:55:35,26,BENSION
AA0208,9501,0,0,PS,990901,19:26:21,19:26:32,11,0:00:00,0:00:00,0,AGENT,19:26:31,19:32:01,330,TOVA
AA0208,9502,0,0,PS,990901,19:42:38,19:42:52,14,0:00:00,0:00:00,0,AGENT,19:42:51,19:44:28,97,BENSION
AA0208,9503,0,0,NW,990901,20:09:44,20:10:02,18,0:00:00,0:00:00,0,AGENT,20:10:00,20:10:18,18,BENSION
AA0208,9504,10634848,1,NE,990901,20:28:17,20:28:23,6,20:28:23,20:28:32,9,AGENT,20:28:31,20:28:32,1,AVI
AA0208,9505,0,0,PS,990901,20:41:19,20:41:28,9,0:00:00,0:00:00,0,AGENT,20:41:27,20:49:06,459,VICKY
AA0208,9506,0,0,NW,990901,20:53:43,20:53:58,15,0:00:00,0:00:00,0,AGENT,20:53:57,20:56:24,147,MEIR
AA0208,9507,0,0,NE,990901,21:09:27,21:09:46,19,0:00:00,0:00:00,0,AGENT,21:09:46,21:09:48,2,AVI
AA0208,9508,0,0,PS,990901,21:30:43,21:30:59,16,0:00:00,0:00:00,0,AGENT,21:30:58,21:32:31,93,BENSION
AA0208,9509,0,0,PS,990901,21:53:29,21:53:38,9,0:00:00,0:00:00,0,AGENT,21:53:38,21:55:04,86,DARMON
AA0208,9510,0,0,NW,990901,22:08:51,22:09:54,63,0:00:00,0:00:00,0,HANG,0:00:00,0:00:00,0,NO_SERVER
AA0208,9511,79728739,2,PS,990901,22:24:51,22:24:56,5,22:24:56,22:27:33,157,AGENT,22:27:32,22:28:21,49,VICKY
AA0208,9512,36110625,1,PS,990901,22:46:38,22:46:43,5,22:46:43,22:47:08,25,AGENT,22:47:07,22:48:06,59,AVI
AA0208,9513,25115155,1,PS,990901,23:06:37,23:06:43,6,23:06:43,23:06:54,11,AGENT,23:06:53,23:07:36,43,VICKY
AA0208,9514,15575475,2,PS,990901,23:30:02,23:30:07,5,23:30:07,23:30:33,26,AGENT,23:30:32,23:44:52,860,VICKY
AA0208,9515,0,0,PS,990902,0:18:55,0:19:01,6,0:00:00,0:00:00,0,HANG,0:00:00,0:00:00,0,NO_SERVER
AA0208,9516,0,0,PS,990902,7:09:32,7:09:48,16,0:00:00,0:00:00,0,AGENT,7:09:47,7:10:35,48,ANAT
AA0208,9517,0,0,PS,990902,7:40:44,7:40:53,9,0:00:00,0:00:00,0,AGENT,7:40:52,7:46:42,350,ANAT
AA0208,9518,0,0,NW,990902,8:05:03,8:05:18,15,0:00:00,0:00:00,0,AGENT,8:05:17,8:07:31,134,TOVA
AA0208,9519,0,0,PS,990902,8:25:08,8:25:20,12,0:00:00,0:00:00,0,AGENT,8:25:19,8:28:39,200,ANAT
AA0208,9520,61099131,2,PS,990902,8:37:06,8:37:12,6,8:37:12,8:39:26,134,AGENT,8:39:25,8:41:47,142,TOVA
AA0208,9521,0,0,NE,990902,8:46:10,8:46:20,10,0:00:00,0:00:00,0,AGENT,8:46:19,8:50:39,260,TOVA
AA0208,9522,25722554,1,PS,990902,8:53:36,8:53:42,6,8:53:42,8:54:33,51,HANG,0:00:00,0:00:00,0,NO_SERVER
AA0208,9523,0,0,PS,990902,9:01:55,9:02:04,9,0:00:00,0:00:00,0,AGENT,9:02:03,9:06:46,283,TOVA
AA0208,9524,0,0,PS,990902,9:14:52,9:15:03,11,0:00:00,0:00:00,0,AGENT,9:15:01,9:17:03,122,ZOHARI
AA0208,9525,0,0,PS,990902,9:28:16,9:28:25,9,0:00:00,0:00:00,0,AGENT,9:28:24,9:30:14,110,ROTH
AA0208,9526,43288190,2,PS,990902,9:39:23,9:39:37,14,9:39:37,9:40:35,58,AGENT,9:39:35,9:45:04,329,YIFAT
AA0208,9527,57695173,2,PS,990902,9:47:43,9:47:48,5,9:47:48,9:48:55,67,AGENT,9:48:55,9:49:32,37,ANAT
AA0208,9528,54982525,1,PS,990902,9:57:35,9:57:42,7,9:57:42,9:57:47,5,AGENT,9:57:46,9:59:35,109,ROTH
AA0208,9529,4620050,2,PS,990902,10:05:10,10:05:15,5,10:05:15,10:07:22,127,AGENT,10:07:21,10:10:08,167,STEREN
AA0208,9530,0,0,NW,990902,10:14:37,10:14:46,9,10:14:46,10:14:58,12,HANG,0:00:00,0:00:00,0,NO_SERVER
AA0208,9531,74450255,1,PS,990902,10:20:18,10:20:24,6,10:20:24,10:21:28,64,HANG,0:00:00,0:00:00,0,NO_SERVER
AA0208,9532,52146842,1,PS,990902,10:24:50,10:24:56,6,10:24:56,10:26:15,79,AGENT,10:26:13,10:26:15,2,MORIAH
AA0208,9533,53517397,2,PS,990902,10:31:57,10:32:03,6,10:32:03,10:33:12,69,AGENT,10:33:12,10:35:07,115,STEREN
AA0208,9534,36113397,1,PS,990902,10:37:24,10:37:30,6,10:37:30,10:37:41,11,HANG,0:00:00,0:00:00,0,NO_SERVER
AA0208,9535,25548389,1,PS,990902,10:41:03,10:41:10,7,10:41:10,10:44:41,211,HANG,0:00:00,0:00:00,0,NO_SERVER
AA0208,9536,41546904,2,NE,990902,10:47:58,10:48:03,5,10:48:03,10:49:40,97,HANG,0:00:00,0:00:00,0,NO_SERVER
AA0208,9537,0,0,NW,990902,10:55:30,10:55:39,9,10:55:39,10:57:12,93,HANG,0:00:00,0:00:00,0,NO_SERVER
AA0208,9538,54676242,2,PS,990902,11:04:00,11:04:06,6,11:04:06,11:07:07,181,AGENT,11:07:06,11:07:49,43,ANAT
AA0208,9539,50727700,2,PS,990902,11:11:12,11:11:18,6,11:11:18,11:14:40,202,AGENT,11:14:39,11:15:39,60,ANAT
AA0208,9540,3109006,2,PS,990902,11:19:42,11:19:48,6,11:19:48,11:20:00,12,AGENT,11:19:58,11:25:21,323,ANAT
AA0208,9541,59123265,2,PS,990902,11:26:36,11:26:42,6,11:26:42,11:27:04,22,PHANTOM,11:27:03,11:27:07,4,NO_SERVER
AA0208,9542,24327207,2,PS,990902,11:31:36,11:31:41,5,11:31:41,11:31:49,8,HANG,0:00:00,0:00:00,0,NO_SERVER
AA0208,9543,63611537,2,PS,990902,11:37:00,11:37:06,6,11:37:06,11:37:23,17,AGENT,11:37:22,11:41:58,276,STEREN
AA0208,9544,24851511,2,PS,990902,11:45:02,11:45:08,6,11:45:08,11:45:15,7,AGENT,11:45:13,11:49:29,256,ZOHARI
AA0208,9545,6845861,2,PS,990902,11:51:11,11:51:16,5,11:51:16,11:51:50,34,AGENT,11:51:48,11:57:19,331,DARMON
AA0208,9546,33640129,2,PS,990902,12:02:31,12:02:37,6,12:02:37,12:02:49,12,AGENT,12:02:48,12:12:05,557,ANAT
AA0208,9547,33474602,2,PS,990902,12:11:30,12:11:36,6,12:11:36,12:12:08,32,AGENT,12:12:07,12:12:12,5,TOVA
AA0208,9548,0,0,PS,990902,12:21:35,12:21:45,10,0:00:00,0:00:00,0,AGENT,12:21:44,12:23:44,120,TOVA
AA0208,9549,0,0,NW,990902,12:31:43,12:31:47,4,0:00:00,0:00:00,0,HANG,0:00:00,0:00:00,0,NO_SERVER
AA0208,9550,10858884,2,NE,990902,12:42:46,12:42:51,5,12:42:51,12:42:55,4,AGENT,12:42:55,12:45:06,131,KAZAV
AA0208,9551,57831349,2,PS,990902,12:47:47,12:47:52,5,12:47:52,12:49:12,80,AGENT,12:49:11,12:52:54,223,STEREN
AA0208,9552,0,0,NW,990902,12:59:56,13:00:06,10,13:00:06,13:02:34,148,AGENT,13:02:33,13:04:36,123,ROTH
AA0208,9553,0,0,PS,990902,13:13:15,13:13:26,11,0:00:00,0:00:00,0,AGENT,13:13:25,13:14:59,94,ANAT
AA0208,9554,56391279,2,PS,990902,13:21:31,13:21:36,5,13:21:36,13:22:27,51,AGENT,13:22:26,13:24:54,148,ROTH
AA0208,9555,0,0,PS,990902,13:34:09,13:34:21,12,0:00:00,0:00:00,0,AGENT,13:34:19,13:37:25,186,ZOHARI
AA0208,9556,27331586,1,PS,990902,13:45:13,13:45:19,6,13:45:19,13:45:28,9,AGENT,13:45:28,13:47:04,96,KAZAV
AA0208,9557,16686354,2,NE,990902,13:57:33,13:57:39,6,13:57:39,13:58:13,34,AGENT,13:58:12,13:58:33,21,ZOHARI
AA0208,9558,9322983,1,PS,990902,14:07:31,14:07:37,6,14:07:37,14:07:57,20,AGENT,14:07:56,14:09:22,86,KAZAV
AA0208,9559,58704610,2,PS,990902,14:17:34,14:17:40,6,14:17:40,14:19:07,87,AGENT,14:19:06,14:24:44,338,ROTH
AA0208,9560,50117092,2,PS,990902,14:28:08,14:28:13,5,14:28:13,14:30:39,146,AGENT,14:30:38,14:33:29,171,ZOHARI
AA0208,9561,58047879,2,PS,990902,14:39:01,14:39:07,6,14:39:07,14:40:01,54,AGENT,14:40:00,14:44:05,245,ZOHARI
AA0208,9562,63193346,2,PS,990902,14:49:11,14:49:17,6,14:49:17,14:49:49,32,AGENT,14:49:48,14:51:40,112,ROTH
AA0208,9563,0,0,NW,990902,14:59:14,14:59:23,9,14:59:23,15:00:49,86,HANG,0:00:00,0:00:00,0,NO_SERVER
AA0208,9564,0,0,NW,990902,15:06:13,15:06:22,9,15:06:22,15:14:56,514,AGENT,15:14:56,15:22:36,460,AVI
AA0208,9565,0,0,NW,990902,15:24:31,15:24:40,9,15:24:40,15:33:56,556,AGENT,15:33:55,15:35:25,90,STEREN
AA0208,9566,57918849,1,NE,990902,15:40:29,15:40:36,7,15:40:36,15:46:43,367,AGENT,15:46:42,15:49:04,142,KAZAV
AA0208,9567,53528683,2,PS,990902,15:52:12,15:52:18,6,15:52:18,15:53:49,91,AGENT,15:53:48,15:57:41,233,ROTH
AA0208,9568,703074,2,PS,990902,16:02:43,16:02:48,5,16:02:48,16:04:01,73,AGENT,16:04:00,16:08:24,264,ZOHARI
AA0208,9569,0,0,NW,990902,16:12:04,16:12:14,10,16:12:14,16:12:21,7,HANG,0:00:00,0:00:00,0,NO_SERVER
AA0208,9570,57070534,2,PS,990902,16:19:44,16:19:50,6,16:19:50,16:20:04,14,HANG,0:00:00,0:00:00,0,NO_SERVER
AA0208,9571,41543000,2,PS,990902,16:23:09,16:23:15,6,16:23:15,16:26:59,224,AGENT,16:26:58,16:30:19,201,VICKY
AA0208,9572,10500049,2,PS,990902,16:32:25,16:32:31,6,16:32:31,16:34:05,94,AGENT,16:34:04,16:44:15,611,PINHAS
AA0208,9573,38305926,2,PS,990902,16:42:58,16:43:04,6,16:43:04,16:43:27,23,AGENT,16:43:26,16:44:00,34,VICKY
AA0208,9574,0,0,PS,990902,16:50:38,16:50:46,8,0:00:00,0:00:00,0,AGENT,16:50:46,16:51:52,66,YITZ
AA0208,9575,7191646,2,NE,990902,17:03:13,17:03:19,6,17:03:19,17:03:57,38,AGENT,17:03:56,17:14:21,625,BASCH
AA0208,9576,0,0,NW,990902,17:12:09,17:12:18,9,17:12:18,17:14:35,137,AGENT,17:14:34,17:20:20,346,PINHAS
AA0208,9577,14991483,2,PS,990902,17:21:10,17:21:16,6,17:21:16,17:23:28,132,AGENT,17:23:27,17:24:37,70,YITZ
AA0208,9578,0,0,NW,990902,17:35:23,17:35:31,8,17:35:31,17:35:57,26,AGENT,17:35:56,17:40:51,295,PINHAS
AA0208,9579,0,0,PS,990902,17:44:37,17:44:47,10,0:00:00,0:00:00,0,AGENT,17:44:47,17:48:29,222,YITZ
AA0208,9580,0,0,NW,990902,17:57:57,17:58:07,10,17:58:07,17:58:53,46,HANG,0:00:00,0:00:00,0,NO_SERVER
AA0208,9581,0,0,NW,990902,18:04:10,18:04:20,10,18:04:20,18:05:04,44,AGENT,18:05:03,18:05:32,29,PINHAS
AA0208,9582,32337511,1,PS,990902,18:19:54,18:20:00,6,18:20:00,18:20:07,7,AGENT,18:20:06,18:23:45,219,AVI
AA0208,9583,0,0,NW,990902,18:28:02,18:28:12,10,18:28:12,18:28:36,24,AGENT,18:28:35,18:29:06,31,PINHAS
AA0208,9584,0,0,NW,990902,18:44:23,18:44:32,9,18:44:32,18:47:10,158,AGENT,18:47:09,18:48:18,69,BASCH
AA0208,9585,23648157,1,PS,990902,18:55:17,18:55:22,5,18:55:22,19:01:56,394,AGENT,19:01:55,19:04:54,179,YITZ
AA0208,9586,22013551,2,NE,990902,19:16:43,19:16:49,6,19:16:49,19:16:53,4,AGENT,19:16:52,19:18:45,113,AVI
AA0208,9587,51458594,2,PS,990902,19:30:00,19:30:06,6,19:30:06,19:30:50,44,AGENT,19:30:49,19:32:05,76,BASCH
AA0208,9588,0,0,NW,990902,19:41:15,19:41:27,12,0:00:00,0:00:00,0,AGENT,19:41:26,19:46:15,289,AVI
AA0208,9589,34399295,1,PS,990902,19:57:18,19:57:24,6,19:57:24,20:00:07,163,AGENT,20:00:07,20:07:19,432,MEIR
AA0208,9590,0,0,PS,990902,20:19:12,20:19:21,9,0:00:00,0:00:00,0,AGENT,20:19:21,20:22:21,180,YITZ
AA0208,9591,0,0,PS,990902,20:41:34,20:41:42,8,0:00:00,0:00:00,0,AGENT,20:41:42,20:44:43,181,BASCH
AA0208,9592,56484355,1,PS,990902,20:54:45,20:54:50,5,20:54:50,20:55:24,34,AGENT,20:55:23,21:02:05,402,BASCH
AA0208,9593,0,0,PS,990902,21:20:45,21:20:56,11,0:00:00,0:00:00,0,AGENT,21:20:56,21:23:25,149,BASCH
AA0208,9594,26002469,2,PS,990902,21:40:11,21:40:17,6,21:40:17,21:41:19,62,AGENT,21:41:18,21:42:48,90,BASCH
AA0208,9595,0,0,PS,990902,22:26:32,22:26:44,12,0:00:00,0:00:00,0,AGENT,22:26:43,22:29:36,173,BASCH
AA0208,9596,0,0,PS,990902,22:56:07,22:56:17,10,0:00:00,0:00:00,0,AGENT,22:56:16,22:59:41,205,AVI
AA0208,9597,0,0,PS,990902,23:23:19,23:23:32,13,0:00:00,0:00:00,0,AGENT,23:23:31,23:26:29,178,BASCH
AA0208,9598,57253494,1,PS,990902,23:44:45,23:44:51,6,23:44:51,23:45:13,22,AGENT,23:45:12,23:45:34,22,AVI
AA0208,9599,0,0,PS,990903,1:15:58,1:16:21,23,0:00:00,0:00:00,0,HANG,0:00:00,0:00:00,0,NO_SERVER
AA0208,9600,0,0,NE,990903,7:04:05,7:04:11,6,7:04:11,7:04:40,29,AGENT,7:04:39,7:04:41,2,MORIAH
AA0208,9601,0,0,PS,990903,7:04:48,7:04:53,5,7:04:53,7:05:08,15,HANG,0:00:00,0:00:00,0,NO_SERVER
AA0208,9602,0,0,NW,990903,7:36:56,7:37:09,13,0:00:00,0:00:00,0,AGENT,7:37:08,7:37:24,16,BENSION
AA0208,9603,0,0,PS,990903,7:50:47,7:51:12,25,0:00:00,0:00:00,0,AGENT,7:51:12,7:51:48,36,BASCH
AA0208,9604,0,0,PS,990903,8:04:48,8:05:01,13,0:00:00,0:00:00,0,AGENT,8:05:01,8:06:31,90,BENSION
AA0208,9605,56135726,2,PS,990903,8:14:11,8:14:17,6,8:14:17,8:14:40,23,AGENT,8:14:39,8:15:43,64,BASCH
AA0208,9606,27380047,2,PS,990903,8:22:41,8:22:47,6,8:22:47,8:23:23,36,AGENT,8:23:23,8:24:03,40,BENSION
AA0208,9607,0,0,PS,990903,8:39:40,8:39:55,15,0:00:00,0:00:00,0,AGENT,8:39:55,8:43:01,186,BENSION
AA0208,9608,59153189,1,PS,990903,8:49:17,8:49:23,6,8:49:23,8:49:28,5,AGENT,8:49:27,8:49:45,18,BENSION
AA0208,9609,0,0,NW,990903,8:58:37,8:58:51,14,0:00:00,0:00:00,0,AGENT,8:58:50,9:01:16,146,STEREN
AA0208,9610,0,0,PS,990903,9:07:54,9:08:04,10,0:00:00,0:00:00,0,AGENT,9:08:02,9:09:02,60,BASCH
AA0208,9611,64471147,2,PS,990903,9:21:16,9:21:21,5,9:21:21,9:21:40,19,HANG,0:00:00,0:00:00,0,NO_SERVER
AA0208,9612,0,0,NW,990903,9:27:53,9:28:02,9,9:28:02,9:31:26,204,AGENT,9:31:25,9:35:28,243,ZOHARI
AA0208,9613,0,0,PS,990903,9:48:13,9:48:22,9,0:00:00,0:00:00,0,AGENT,9:48:22,9:50:39,137,MORIAH
AA0208,9614,22809040,1,PS,990903,9:58:34,9:58:40,6,9:58:40,9:59:28,48,AGENT,9:59:28,10:00:57,89,BENSION
AA0208,9615,0,0,PS,990903,10:10:05,10:10:14,9,0:00:00,0:00:00,0,AGENT,10:10:13,10:11:07,54,ROTH
AA0208,9616,5685433,2,PS,990903,10:23:12,10:23:18,6,10:23:18,10:24:20,62,AGENT,10:24:19,10:24:58,39,BASCH
AA0208,9617,847012,2,PS,990903,10:32:07,10:32:13,6,10:32:13,10:32:43,30,AGENT,10:32:42,10:35:49,187,ELI
AA0208,9618,69604411,2,NE,990903,10:39:57,10:40:04,7,10:40:04,10:40:45,41,AGENT,10:40:45,10:42:34,109,MORIAH
AA0208,9619,6968291,2,PS,990903,10:48:25,10:48:31,6,10:48:31,10:48:39,8,AGENT,10:48:38,10:50:07,89,ROTH
AA0208,9620,0,0,PS,990903,11:07:30,11:07:45,15,0:00:00,0:00:00,0,AGENT,11:07:43,11:07:47,4,NO_SERVER
AA0208,9621,0,0,PS,990903,11:19:37,11:19:45,8,0:00:00,0:00:00,0,AGENT,11:19:44,11:20:34,50,ROTH
AA0208,9622,0,0,PS,990903,11:31:32,11:31:41,9,0:00:00,0:00:00,0,AGENT,11:31:40,11:36:21,281,STEREN
AA0208,9623,0,0,PS,990903,11:50:07,11:50:23,16,0:00:00,0:00:00,0,AGENT,11:50:22,11:51:06,44,BENSION
AA0208,9624,0,0,PS,990903,12:06:59,12:07:08,9,0:00:00,0:00:00,0,AGENT,12:07:07,12:12:23,316,STEREN
AA0208,9625,0,0,PS,990903,12:23:14,12:23:27,13,0:00:00,0:00:00,0,AGENT,12:23:26,12:24:03,37,BASCH
AA0208,9626,58704610,2,PS,990903,12:35:59,12:36:05,6,12:36:05,12:36:09,4,AGENT,12:36:08,12:37:29,81,ROTH
AA0208,9627,0,0,NW,990903,12:56:06,12:56:19,13,0:00:00,0:00:00,0,AGENT,12:56:17,12:56:42,25,BENSION
AA0208,9628,0,0,PS,990903,13:15:28,13:15:38,10,0:00:00,0:00:00,0,AGENT,13:15:37,13:16:19,42,BENSION
AA0208,9629,6891105,2,PS,990903,13:38:22,13:38:28,6,13:38:28,13:38:35,7,AGENT,13:38:35,13:41:16,161,ELI
AA0208,9630,0,0,PS,990903,14:12:26,14:12:45,19,0:00:00,0:00:00,0,HANG,0:00:00,0:00:00,0,NO_SERVER
AA0208,9631,0,0,NW,990903,14:44:24,14:44:43,19,0:00:00,0:00:00,0,HANG,0:00:00,0:00:00,0,NO_SERVER
AA0208,9633,0,0,PS,990903,15:44:28,15:44:28,0,0:00:00,0:00:00,0,HANG,0:00:00,0:00:00,0,NO_SERVER
AA0208,9634,0,0,PS,990903,17:07:11,17:07:23,12,0:00:00,0:00:00,0,HANG,0:00:00,0:00:00,0,NO_SERVER
AA0208,9635,0,0,NW,990904,7:02:16,7:02:53,37,0:00:00,0:00:00,0,HANG,0:00:00,0:00:00,0,NO_SERVER
AA0208,9636,0,0,PS,990904,19:25:35,19:25:54,19,0:00:00,0:00:00,0,HANG,0:00:00,0:00:00,0,NO_SERVER
AA0208,9637,0,0,PS,990904,19:58:54,19:59:04,10,0:00:00,0:00:00,0,HANG,0:00:00,0:00:00,0,NO_SERVER
AA0208,9638,0,0,NW,990904,20:18:21,20:18:31,10,20:18:31,20:22:13,222,AGENT,20:22:12,20:22:22,10,SHARON
AA0208,9639,0,0,PS,990904,20:35:17,20:35:32,15,0:00:00,0:00:00,0,AGENT,20:35:31,20:38:00,149,BASCH
AA0208,9640,67158097,2,PS,990904,20:46:08,20:46:13,5,20:46:13,20:46:34,21,AGENT,20:46:33,20:47:46,73,SHARON
AA0208,9641,0,0,PS,990904,21:12:39,21:12:48,9,0:00:00,0:00:00,0,AGENT,21:12:48,21:14:05,77,ZOHARI
AA0208,9642,0,0,PS,990904,21:44:16,21:44:26,10,0:00:00,0:00:00,0,AGENT,21:44:26,21:45:19,53,BASCH
AA0208,9643,0,0,PS,990904,22:09:24,22:09:33,9,0:00:00,0:00:00,0,AGENT,22:09:32,22:11:41,129,MORIAH
AA0208,9644,0,0,NW,990904,22:39:19,22:39:33,14,0:00:00,0:00:00,0,AGENT,22:39:32,22:40:10,38,ZOHARI
AA0208,9645,0,0,PS,990904,23:12:24,23:12:35,11,0:00:00,0:00:00,0,AGENT,23:12:35,23:13:25,50,MORIAH
AA0208,9647,0,0,PS,990905,0:34:46,0:34:46,0,0:00:00,0:00:00,0,HANG,0:00:00,0:00:00,0,NO_SERVER
AA0208,9648,0,0,PS,990905,6:55:03,6:55:22,19,0:00:00,0:00:00,0,HANG,0:00:00,0:00:00,0,NO_SERVER
AA0208,9649,0,0,PS,990905,7:20:02,7:20:10,8,0:00:00,0:00:00,0,AGENT,7:20:10,7:21:02,52,AVI
AA0208,9650,2205342,2,PS,990905,7:40:06,7:40:11,5,7:40:11,7:41:14,63,AGENT,7:41:13,7:42:31,78,ANAT
AA0208,9651,0,0,NW,990905,8:05:55,8:06:15,20,0:00:00,0:00:00,0,AGENT,8:06:15,8:07:41,86,AVI
AA0208,9652,13100896,1,PS,990905,8:18:47,8:18:53,6,8:18:53,8:19:03,10,HANG,0:00:00,0:00:00,0,NO_SERVER
AA0208,9653,307366328,1,PS,990905,8:28:30,8:28:37,7,8:28:37,8:29:04,27,AGENT,8:29:02,8:33:18,256,ANAT
AA0208,9654,34936286,1,PS,990905,8:45:35,8:45:41,6,8:45:41,8:45:53,12,AGENT,8:45:52,8:46:45,53,AVI
AA0208,9655,0,0,PS,990905,8:55:19,8:55:28,9,0:00:00,0:00:00,0,AGENT,8:55:27,8:56:51,84,STEREN
AA0208,9656,56776388,1,PS,990905,9:11:01,9:11:07,6,9:11:07,9:12:31,84,AGENT,9:12:29,9:13:36,67,ROTH
AA0208,9657,59743989,1,PS,990905,9:18:19,9:18:25,6,9:18:25,9:19:03,38,AGENT,9:19:02,9:20:42,100,DORIT
AA0208,9658,0,0,NW,990905,9:27:53,9:28:03,10,9:28:03,9:28:45,42,AGENT,9:28:44,9:31:01,137,STEREN
AA0208,9659,6420236,2,PS,990905,9:36:52,9:36:58,6,9:36:58,9:37:22,24,AGENT,9:37:21,9:45:07,466,ZOHARI
AA0208,9660,27924307,1,PS,990905,9:47:12,9:47:17,5,9:47:17,9:47:40,23,AGENT,9:47:39,9:49:09,90,ZOHARI
AA0208,9661,12292785,1,PS,990905,9:53:54,9:54:00,6,9:54:00,9:55:32,92,AGENT,9:55:31,9:56:54,83,AVI
AA0208,9662,22583421,2,PS,990905,10:03:12,10:03:18,6,10:03:18,10:04:34,76,AGENT,10:04:33,10:05:22,49,AVI
AA0208,9663,30127807,2,PS,990905,10:11:50,10:11:55,5,10:11:55,10:15:39,224,AGENT,10:15:38,10:19:00,202,STEREN
AA0208,9664,36022895,1,PS,990905,10:21:25,10:21:30,5,10:21:30,10:22:27,57,HANG,0:00:00,0:00:00,0,NO_SERVER
AA0208,9665,55384689,2,PS,990905,10:28:00,10:28:05,5,10:28:05,10:31:16,191,AGENT,10:31:15,10:35:24,249,DORIT
AA0208,9666,56765985,2,PS,990905,10:35:56,10:36:02,6,10:36:02,10:38:13,131,AGENT,10:38:12,10:46:14,482,ANAT
AA0208,9667,50347749,1,NE,990905,10:42:15,10:42:21,6,10:42:21,10:46:20,239,AGENT,10:46:19,10:50:19,240,ANAT
AA0208,9668,50538073,1,PS,990905,10:51:52,10:51:58,6,10:51:58,10:54:50,172,AGENT,10:54:49,10:57:01,132,NAAMA
AA0208,9669,15458839,2,PS,990905,11:00:17,11:00:23,6,11:00:23,11:03:20,177,AGENT,11:03:19,11:04:09,50,AVI
AA0208,9670,56765985,2,PS,990905,11:06:29,11:06:34,5,11:06:34,11:07:11,37,HANG,0:00:00,0:00:00,0,NO_SERVER
AA0208,9671,58114869,2,PS,990905,11:11:23,11:11:28,5,11:11:28,11:12:38,70,AGENT,11:12:37,11:14:58,141,AVI
AA0208,9672,17458118,1,PS,990905,11:18:58,11:19:04,6,11:19:04,11:20:05,61,AGENT,11:20:04,11:22:33,149,ANAT
AA0208,9673,317535219,1,PE,990905,11:29:33,11:29:38,5,11:29:38,11:32:13,155,HANG,0:00:00,0:00:00,0,NO_SERVER
AA0208,9674,28142222,2,PS,990905,11:39:35,11:39:41,6,11:39:41,11:40:45,64,AGENT,11:40:43,11:42:08,85,NAAMA
AA0208,9675,11768637,1,PE,990905,11:51:51,11:51:56,5,11:51:56,11:52:40,44,HANG,0:00:00,0:00:00,0,NO_SERVER
AA0208,9676,0,0,PS,990905,12:00:59,12:01:08,9,0:00:00,0:00:00,0,AGENT,12:01:08,12:04:20,192,ROTH
AA0208,9677,28445120,2,PS,990905,12:07:48,12:07:54,6,12:07:54,12:08:03,9,AGENT,12:08:02,12:09:22,80,NAAMA
AA0208,9678,0,0,NW,990905,12:15:15,12:15:24,9,12:15:24,12:19:01,217,AGENT,12:19:00,12:24:05,305,STEREN
AA0208,9679,0,0,PS,990905,12:30:41,12:30:50,9,0:00:00,0:00:00,0,AGENT,12:30:49,12:32:47,118,ZOHARI
AA0208,9680,24594756,1,PS,990905,12:39:41,12:39:47,6,12:39:47,12:39:53,6,HANG,0:00:00,0:00:00,0,NO_SERVER
AA0208,9681,563189,2,NE,990905,12:50:26,12:50:31,5,12:50:31,12:51:07,36,AGENT,12:51:06,12:52:58,112,ANAT
AA0208,9682,28445120,2,PS,990905,13:02:19,13:02:25,6,13:02:25,13:02:36,11,AGENT,13:02:35,13:04:58,143,NAAMA
AA0208,9683,58704610,2,PS,990905,13:12:14,13:12:20,6,13:12:20,13:12:57,37,HANG,0:00:00,0:00:00,0,NO_SERVER
AA0208,9684,0,0,PS,990905,13:19:35,13:19:45,10,0:00:00,0:00:00,0,AGENT,13:19:44,13:20:30,46,NAAMA
AA0208,9685,0,0,NW,990905,13:28:54,13:29:04,10,13:29:04,13:30:13,69,AGENT,13:30:12,13:32:16,124,ROTH
AA0208,9686,0,0,PS,990905,13:47:57,13:48:07,10,0:00:00,0:00:00,0,AGENT,13:48:07,13:50:13,126,AVI
AA0208,9687,0,0,NW,990905,13:56:26,13:56:36,10,13:56:36,13:56:46,10,AGENT,13:56:46,13:56:46,0,AVI
AA0208,9688,0,0,NE,990905,14:07:07,14:07:20,13,0:00:00,0:00:00,0,AGENT,14:07:18,14:10:24,186,ZOHARI
AA0208,9689,63193346,2,PS,990905,14:19:01,14:19:07,6,14:19:07,14:19:42,35,AGENT,14:19:42,14:20:44,62,AVI
AA0208,9690,59630624,1,NE,990905,14:24:26,14:24:32,6,14:24:32,14:26:18,106,AGENT,14:26:18,14:27:54,96,ZOHARI
AA0208,9691,28716413,2,PS,990905,14:33:42,14:33:48,6,14:33:48,14:36:10,142,AGENT,14:36:09,14:38:45,156,ROTH
AA0208,9692,0,0,NE,990905,14:45:44,14:45:53,9,0:00:00,0:00:00,0,AGENT,14:45:52,15:00:55,903,NAAMA
AA0208,9693,52055639,2,PS,990905,14:53:46,14:53:52,6,14:53:52,14:58:28,276,AGENT,14:58:27,15:09:17,650,STEREN
AA0208,9694,55641609,1,PS,990905,15:04:30,15:04:36,6,15:04:36,15:06:31,115,HANG,0:00:00,0:00:00,0,NO_SERVER
AA0208,9695,306712654,1,PS,990905,15:14:21,15:14:26,5,15:14:26,15:14:44,18,AGENT,15:14:43,15:20:28,345,STEREN
AA0208,9696,27806009,2,PS,990905,15:22:59,15:23:04,5,15:23:04,15:24:47,103,HANG,0:00:00,0:00:00,0,NO_SERVER
AA0208,9697,8962094,2,NE,990905,15:33:08,15:33:13,5,15:33:13,15:34:55,102,AGENT,15:34:54,15:39:20,266,ELI
AA0208,9698,14264295,2,PS,990905,15:38:58,15:39:03,5,15:39:03,15:41:29,146,AGENT,15:41:29,15:50:19,530,ZOHARI
AA0208,9699,59197178,2,PS,990905,15:45:51,15:45:57,6,15:45:57,15:48:15,138,AGENT,15:48:14,15:48:58,44,BASCH
AA0208,9700,9682923,2,PS,990905,15:53:23,15:53:28,5,15:53:28,15:56:26,178,AGENT,15:56:26,15:58:41,135,TOVA
AA0208,9701,0,0,NW,990905,15:59:31,15:59:40,9,15:59:40,16:07:30,470,AGENT,16:07:29,16:09:28,119,MORIAH
AA0208,9702,22475586,1,PS,990905,16:11:35,16:11:41,6,16:11:41,16:12:56,75,HANG,0:00:00,0:00:00,0,NO_SERVER
AA0208,9703,24990855,1,PS,990905,16:15:10,16:15:16,6,16:15:16,16:17:06,110,AGENT,16:17:05,16:18:15,70,VICKY
AA0208,9704,0,0,NW,990905,16:23:07,16:23:16,9,16:23:16,16:25:35,139,HANG,0:00:00,0:00:00,0,NO_SERVER
AA0208,9705,22475586,1,PS,990905,16:31:29,16:31:34,5,16:31:34,16:35:44,250,AGENT,16:35:42,16:41:59,377,MORIAH
AA0208,9706,0,0,NW,990905,16:44:38,16:44:47,9,16:44:47,16:46:46,119,AGENT,16:46:46,16:47:17,31,MORIAH
AA0208,9707,44276616,2,PS,990905,16:55:14,16:55:20,6,16:55:20,16:57:43,143,AGENT,16:57:42,16:59:03,81,BASCH
AA0208,9708,0,0,PS,990905,17:04:51,17:04:59,8,0:00:00,0:00:00,0,AGENT,17:04:58,17:08:14,196,MORIAH
AA0208,9709,0,0,PS,990905,17:20:21,17:20:30,9,0:00:00,0:00:00,0,AGENT,17:20:29,17:20:30,1,MORIAH
AA0208,9710,0,0,NW,990905,17:30:49,17:30:59,10,17:30:59,17:31:16,17,HANG,0:00:00,0:00:00,0,NO_SERVER
AA0208,9711,58093873,2,PS,990905,17:39:32,17:39:37,5,17:39:37,17:39:52,15,AGENT,17:39:51,17:44:55,304,BASCH
AA0208,9712,28904522,2,PS,990905,17:49:28,17:49:33,5,17:49:33,17:50:21,48,AGENT,17:50:21,17:55:14,293,BASCH
AA0208,9713,0,0,NW,990905,18:10:43,18:10:59,16,0:00:00,0:00:00,0,AGENT,18:10:58,18:11:36,38,MORIAH
AA0208,9714,0,0,PS,990905,18:39:03,18:39:12,9,0:00:00,0:00:00,0,AGENT,18:39:12,18:48:02,530,TOVA
AA0208,9715,64108475,1,PS,990905,18:56:01,18:56:07,6,18:56:07,18:56:59,52,HANG,0:00:00,0:00:00,0,NO_SERVER
AA0208,9716,0,0,PS,990905,19:22:51,19:23:02,11,0:00:00,0:00:00,0,AGENT,19:23:01,19:24:48,107,MORIAH
AA0208,9717,56255003,1,PS,990905,19:39:30,19:39:36,6,19:39:36,19:41:17,101,AGENT,19:41:17,19:42:59,102,MORIAH
AA0208,9718,0,0,NW,990905,19:58:01,19:58:11,10,19:58:11,20:01:45,214,HANG,0:00:00,0:00:00,0,NO_SERVER
AA0208,9719,0,0,PS,990905,20:18:58,20:19:11,13,0:00:00,0:00:00,0,AGENT,20:19:10,20:20:36,86,TOVA
AA0208,9720,0,0,PS,990905,20:51:40,20:51:50,10,0:00:00,0:00:00,0,AGENT,20:51:49,20:51:51,2,TOVA
AA0208,9721,0,0,PS,990905,21:10:38,21:10:54,16,0:00:00,0:00:00,0,AGENT,21:10:53,21:12:26,93,BENSION
AA0208,9722,3699154,2,NE,990905,21:40:02,21:40:07,5,21:40:07,21:40:18,11,AGENT,21:40:17,21:41:37,80,VICKY
AA0208,9723,34478214,1,PS,990905,21:49:40,21:49:46,6,21:49:46,21:51:39,113,AGENT,21:51:39,21:53:52,133,VICKY
AA0208,9724,0,0,NW,990905,22:06:43,22:06:52,9,22:06:52,22:11:20,268,HANG,0:00:00,0:00:00,0,NO_SERVER
AA0208,9725,15696776,2,PS,990905,22:42:21,22:42:27,6,22:42:27,22:43:29,62,AGENT,22:43:28,22:45:44,136,PINHAS
AA0208,9726,10755361,1,PS,990905,23:12:12,23:11:15,-57,23:11:15,23:15:52,277,AGENT,23:15:51,23:17:14,83,PINHAS
AA0208,9728,0,0,PS,990906,0:48:07,0:48:07,0,0:00:00,0:00:00,0,HANG,0:00:00,0:00:00,0,NO_SERVER
AA0208,9729,0,0,NE,990906,6:57:34,6:57:44,10,0:00:00,0:00:00,0,AGENT,6:57:44,7:01:07,203,TOVA
AA0208,9730,0,0,PS,990906,7:27:59,7:28:09,10,0:00:00,0:00:00,0,AGENT,7:28:07,7:29:28,81,DORIT
AA0208,9731,52022399,2,PS,990906,7:56:29,7:56:34,5,7:56:34,7:56:59,25,AGENT,7:56:58,7:57:43,45,MORIAH
AA0208,9732,0,0,PS,990906,8:05:16,8:05:25,9,0:00:00,0:00:00,0,AGENT,8:05:23,8:07:48,145,MORIAH
AA0208,9733,0,0,PS,990906,8:24:01,8:24:10,9,0:00:00,0:00:00,0,AGENT,8:24:09,8:24:51,42,TOVA
AA0208,9734,0,0,NW,990906,8:40:27,8:40:39,12,0:00:00,0:00:00,0,AGENT,8:40:38,8:41:12,34,SHARON
AA0208,9735,0,0,PS,990906,8:52:07,8:52:16,9,0:00:00,0:00:00,0,AGENT,8:52:16,8:52:17,1,TOVA
AA0208,9736,0,0,PS,990906,9:01:47,9:01:56,9,0:00:00,0:00:00,0,AGENT,9:01:55,9:08:44,409,DORIT
AA0208,9737,0,0,PS,990906,9:12:34,9:12:48,14,0:00:00,0:00:00,0,AGENT,9:12:48,10:01:36,2928,YIFAT
AA0208,9738,67178970,2,PS,990906,9:19:25,9:19:31,6,9:19:31,9:19:38,7,AGENT,9:19:37,9:20:34,57,SHARON
AA0208,9739,0,0,NW,990906,9:24:54,9:25:03,9,9:25:03,9:27:32,149,HANG,0:00:00,0:00:00,0,NO_SERVER
AA0208,9740,0,0,NW,990906,9:35:53,9:35:58,5,0:00:00,0:00:00,0,HANG,0:00:00,0:00:00,0,NO_SERVER
AA0208,9741,703074,2,PS,990906,9:46:33,9:46:38,5,9:46:38,9:46:43,5,AGENT,9:46:42,9:58:32,710,BASCH
AA0208,9742,53186953,2,PS,990906,9:53:25,9:53:31,6,9:53:31,9:54:06,35,AGENT,9:54:05,10:00:57,412,YITZ
AA0208,9743,24522864,1,PS,990906,10:02:16,10:02:22,6,10:02:22,10:04:53,151,AGENT,10:04:52,10:09:02,250,TOVA
AA0208,9744,33823618,1,PS,990906,10:10:00,10:10:05,5,10:10:05,10:12:18,133,HANG,0:00:00,0:00:00,0,NO_SERVER
AA0208,9745,7834245,2,PS,990906,10:18:01,10:18:07,6,10:18:07,10:19:31,84,AGENT,10:19:30,10:21:37,127,BASCH
AA0208,9746,65032120,2,NE,990906,10:24:31,10:24:37,6,10:24:37,10:26:55,138,AGENT,10:26:54,10:37:09,615,TOVA
AA0208,9747,0,0,NW,990906,10:35:14,10:35:24,10,10:35:24,10:37:01,97,HANG,0:00:00,0:00:00,0,NO_SERVER
AA0208,9748,10473262,2,PS,990906,10:45:18,10:45:23,5,10:45:23,10:45:38,15,AGENT,10:45:38,10:45:43,5,MORIAH
AA0208,9749,0,0,PS,990906,10:53:22,10:53:31,9,0:00:00,0:00:00,0,AGENT,10:53:30,10:57:35,245,BASCH
AA0208,9750,0,0,NE,990906,11:04:02,11:04:13,11,0:00:00,0:00:00,0,AGENT,11:04:11,11:08:53,282,ZOHARI
AA0208,9751,54539366,1,PS,990906,11:15:00,11:15:06,6,11:15:06,11:15:27,21,AGENT,11:15:26,11:16:46,80,BASCH
AA0208,9752,0,0,PS,990906,11:28:07,11:28:18,11,0:00:00,0:00:00,0,AGENT,11:28:17,11:32:04,227,MORIAH
AA0208,9753,0,0,PS,990906,11:37:12,11:37:21,9,0:00:00,0:00:00,0,AGENT,11:37:20,11:38:19,59,BASCH
AA0208,9754,58704610,2,PS,990906,11:43:04,11:43:09,5,11:43:09,11:43:33,24,HANG,0:00:00,0:00:00,0,NO_SERVER
AA0208,9755,54665682,2,PS,990906,11:53:04,11:53:09,5,11:53:09,11:53:14,5,AGENT,11:53:14,11:53:19,5,TOVA
AA0208,9756,0,0,PS,990906,12:03:42,12:03:52,10,0:00:00,0:00:00,0,AGENT,12:03:51,12:05:46,115,BASCH
AA0208,9757,0,0,NW,990906,12:13:02,12:13:12,10,12:13:12,12:14:07,55,AGENT,12:14:05,12:14:58,53,SHARON
AA0208,9758,0,0,PS,990906,12:29:23,12:29:32,9,0:00:00,0:00:00,0,AGENT,12:29:31,12:31:08,97,DORIT
AA0208,9759,0,0,PS,990906,12:46:34,12:46:51,17,0:00:00,0:00:00,0,AGENT,12:46:50,12:48:34,104,ZOHARI
AA0208,9760,0,0,PS,990906,12:58:47,12:58:57,10,0:00:00,0:00:00,0,AGENT,12:58:57,13:00:48,111,DORIT
AA0208,9761,0,0,PS,990906,13:12:53,13:13:04,11,0:00:00,0:00:00,0,AGENT,13:13:02,13:15:54,172,TOVA
AA0208,9762,0,0,PS,990906,13:27:54,13:28:03,9,0:00:00,0:00:00,0,AGENT,13:28:03,13:29:18,75,DORIT
AA0208,9763,0,0,PS,990906,13:40:23,13:40:32,9,0:00:00,0:00:00,0,AGENT,13:40:31,13:43:13,162,SHARON
AA0208,9764,0,0,PS,990906,13:55:51,13:55:58,7,0:00:00,0:00:00,0,AGENT,13:55:58,13:59:10,192,ROTH
AA0208,9765,52278991,2,PS,990906,14:05:31,14:05:37,6,14:05:37,14:05:52,15,HANG,0:00:00,0:00:00,0,NO_SERVER
AA0208,9766,0,0,PS,990906,14:19:01,14:19:16,15,0:00:00,0:00:00,0,AGENT,14:19:14,14:23:29,255,ANAT
AA0208,9767,16447203,2,PS,990906,14:32:04,14:32:10,6,14:32:10,14:32:44,34,AGENT,14:32:43,14:34:36,113,MORIAH
AA0208,9768,51929339,2,PS,990906,14:42:12,14:42:18,6,14:42:18,14:42:32,14,AGENT,14:42:31,14:42:44,13,SHARON
AA0208,9769,0,0,NW,990906,14:51:45,14:51:59,14,0:00:00,0:00:00,0,AGENT,14:51:58,14:52:36,38,SHARON
AA0208,9770,31736069,1,PS,990906,15:03:33,15:03:38,5,15:03:38,15:05:32,114,HANG,0:00:00,0:00:00,0,NO_SERVER
AA0208,9771,29547171,1,PS,990906,15:20:09,15:20:15,6,15:20:15,15:20:57,42,AGENT,15:20:55,15:21:52,57,ROTH
AA0208,9772,32196826,1,PS,990906,15:29:38,15:29:44,6,15:29:44,15:30:21,37,AGENT,15:30:20,15:35:47,327,DARMON
AA0208,9773,54241443,2,NE,990906,15:41:08,15:41:14,6,15:41:14,15:44:10,176,AGENT,15:44:10,15:47:19,189,ROTH
AA0208,9774,0,0,PS,990906,15:57:16,15:57:26,10,0:00:00,0:00:00,0,AGENT,15:57:26,15:57:26,0,ANAT
AA0208,9775,11221934,2,PS,990906,16:10:20,16:10:25,5,16:10:25,16:10:55,30,AGENT,16:10:54,16:11:49,55,ROTH
AA0208,9776,38381828,1,PS,990906,16:26:58,16:27:04,6,16:27:04,16:27:45,41,HANG,0:00:00,0:00:00,0,NO_SERVER
AA0208,9777,7656580,1,PS,990906,16:41:33,16:41:38,5,16:41:38,16:42:15,37,AGENT,16:42:14,16:45:36,202,VICKY
AA0208,9778,0,0,NW,990906,17:01:48,17:01:58,10,17:01:58,17:02:20,22,AGENT,17:02:19,17:03:04,45,VICKY
AA0208,9779,27380724,1,PS,990906,17:16:40,17:16:46,6,17:16:46,17:25:09,503,AGENT,17:25:09,17:27:49,160,GELBER
AA0208,9780,22263115,2,PS,990906,17:44:33,17:44:38,5,17:44:38,17:47:50,192,HANG,0:00:00,0:00:00,0,NO_SERVER
AA0208,9781,0,0,PS,990906,18:07:30,18:07:40,10,0:00:00,0:00:00,0,AGENT,18:07:39,18:09:55,136,ANAT
AA0208,9782,0,0,NW,990906,18:29:53,18:30:02,9,0:00:00,0:00:00,0,HANG,0:00:00,0:00:00,0,NO_SERVER
AA0208,9783,0,0,NW,990906,18:48:25,18:48:38,13,0:00:00,0:00:00,0,AGENT,18:48:38,18:48:47,9,VICKY
AA0208,9784,0,0,NW,990906,19:09:25,19:09:34,9,19:09:34,19:09:43,9,HANG,0:00:00,0:00:00,0,NO_SERVER
AA0208,9786,0,0,PS,990906,19:39:46,19:39:46,0,0:00:00,0:00:00,0,HANG,0:00:00,0:00:00,0,NO_SERVER
AA0208,9787,0,0,NW,990906,20:01:13,20:01:22,9,20:01:22,20:03:14,112,AGENT,20:03:13,20:05:28,135,STEREN
AA0208,9788,30164461,2,NE,990906,20:34:12,20:34:18,6,20:34:18,20:34:51,33,AGENT,20:34:50,21:03:24,1714,ANAT
AA0208,9789,0,0,PS,990906,20:54:22,20:54:36,14,0:00:00,0:00:00,0,AGENT,20:54:35,20:57:27,172,MEIR
AA0208,9790,0,0,NW,990906,21:12:46,21:12:55,9,21:12:55,21:13:04,9,AGENT,21:13:04,21:13:30,26,STEREN
AA0208,9791,0,0,PS,990906,21:39:14,21:39:23,9,0:00:00,0:00:00,0,AGENT,21:39:22,21:41:59,157,MEIR
AA0208,9792,0,0,PS,990906,22:04:23,22:04:42,19,0:00:00,0:00:00,0,AGENT,22:04:41,22:10:47,366,DARMON
AA0208,9793,0,0,PS,990906,22:40:26,22:40:35,9,0:00:00,0:00:00,0,AGENT,22:40:34,22:53:19,765,DARMON
AA0208,9794,10634848,1,NE,990906,23:18:58,23:19:04,6,23:19:04,23:19:27,23,AGENT,23:19:27,23:21:04,97,STEREN
AA0208,9795,0,0,PS,990907,6:21:23,6:21:35,12,0:00:00,0:00:00,0,HANG,0:00:00,0:00:00,0,NO_SERVER
AA0208,9796,0,0,PS,990907,7:35:55,7:36:08,13,0:00:00,0:00:00,0,AGENT,7:36:07,7:37:15,68,TOVA
AA0208,9797,0,0,NE,990907,8:04:26,8:04:36,10,0:00:00,0:00:00,0,AGENT,8:04:35,8:10:25,350,AVI
AA0208,9798,0,0,NW,990907,8:28:28,8:28:45,17,0:00:00,0:00:00,0,AGENT,8:28:44,8:29:12,28,AVI
AA0208,9799,0,0,NW,990907,8:43:27,8:43:31,4,0:00:00,0:00:00,0,HANG,0:00:00,0:00:00,0,NO_SERVER
AA0208,9800,0,0,PS,990907,8:54:19,8:54:30,11,0:00:00,0:00:00,0,AGENT,8:54:28,9:06:08,700,BASCH
AA0208,9801,0,0,NW,990907,9:01:25,9:01:34,9,9:01:34,9:02:07,33,HANG,0:00:00,0:00:00,0,NO_SERVER
AA0208,9802,0,0,PS,990907,9:13:27,9:13:37,10,0:00:00,0:00:00,0,AGENT,9:13:36,9:13:38,2,MORIAH
AA0208,9803,17299231,2,PS,990907,9:28:41,9:28:47,6,9:28:47,9:29:42,55,AGENT,9:29:42,9:30:49,67,YIFAT
AA0208,9804,24895583,2,PS,990907,9:39:08,9:39:13,5,9:39:13,9:40:07,54,AGENT,9:40:05,9:41:24,79,ROTH
AA0208,9805,0,0,NE,990907,9:56:29,9:56:39,10,0:00:00,0:00:00,0,AGENT,9:56:38,10:01:25,287,TOVA
AA0208,9806,28465698,2,NE,990907,10:06:57,10:07:02,5,10:07:02,10:07:35,33,AGENT,10:07:35,10:09:31,116,AVI
AA0208,9807,0,0,PS,990907,10:19:51,10:19:59,8,0:00:00,0:00:00,0,AGENT,10:19:58,10:24:11,253,MORIAH
AA0208,9808,0,0,PS,990907,10:28:34,10:28:42,8,0:00:00,0:00:00,0,AGENT,10:28:42,10:31:41,179,TOVA
AA0208,9809,28632164,2,PS,990907,10:43:14,10:43:19,5,10:43:19,10:43:29,10,AGENT,10:43:29,10:46:09,160,MORIAH
AA0208,9810,22983050,2,PS,990907,10:53:24,10:53:29,5,10:53:29,10:54:41,72,AGENT,10:54:40,10:56:17,97,BASCH
AA0208,9811,54011614,2,PS,990907,11:05:45,11:05:51,6,11:05:51,11:06:43,52,AGENT,11:06:42,11:09:36,174,ROTH
AA0208,9812,8073371,2,PS,990907,11:17:36,11:17:42,6,11:17:42,11:17:47,5,AGENT,11:17:46,11:35:49,1083,MORIAH
AA0208,9813,57884272,2,PS,990907,11:27:57,11:28:02,5,11:28:02,11:29:25,83,AGENT,11:29:24,11:33:55,271,TOVA
AA0208,9814,57202111,2,PS,990907,11:38:20,11:38:25,5,11:38:25,11:40:20,115,HANG,0:00:00,0:00:00,0,NO_SERVER
AA0208,9815,16686354,2,NE,990907,11:46:03,11:46:08,5,11:46:08,11:50:27,259,AGENT,11:50:26,11:51:05,39,AVI
AA0208,9816,38408647,1,PS,990907,11:58:25,11:58:31,6,11:58:31,12:02:03,212,AGENT,12:02:02,12:05:37,215,ROTH
AA0208,9817,0,0,PS,990907,12:12:18,12:12:31,13,0:00:00,0:00:00,0,AGENT,12:12:30,12:13:37,67,BASCH
AA0208,9818,0,0,NE,990907,12:26:11,12:26:23,12,0:00:00,0:00:00,0,AGENT,12:26:22,12:29:36,194,MORIAH
AA0208,9819,0,0,PS,990907,12:39:48,12:39:56,8,0:00:00,0:00:00,0,AGENT,12:39:56,12:43:39,223,ROTH
AA0208,9820,0,0,NW,990907,12:58:34,12:58:50,16,0:00:00,0:00:00,0,AGENT,12:58:49,13:01:06,137,AVI
AA0208,9821,0,0,PS,990907,13:13:48,13:13:57,9,0:00:00,0:00:00,0,AGENT,13:13:56,13:22:44,528,MORIAH
AA0208,9822,0,0,PS,990907,13:29:45,13:29:54,9,0:00:00,0:00:00,0,AGENT,13:29:54,13:30:45,51,BASCH
AA0208,9823,0,0,NE,990907,13:46:17,13:46:31,14,0:00:00,0:00:00,0,AGENT,13:46:29,13:55:16,527,ELI
AA0208,9824,0,0,NW,990907,14:04:00,14:04:10,10,14:04:10,14:04:35,25,HANG,0:00:00,0:00:00,0,NO_SERVER
AA0208,9825,0,0,PS,990907,14:17:38,14:17:52,14,0:00:00,0:00:00,0,AGENT,14:17:52,14:19:42,110,DORIT
AA0208,9826,22077473,1,PS,990907,14:31:38,14:31:43,5,14:31:43,14:33:56,133,HANG,0:00:00,0:00:00,0,NO_SERVER
AA0208,9827,0,0,NE,990907,14:40:53,14:41:04,11,0:00:00,0:00:00,0,AGENT,14:41:03,14:42:59,116,ELI
AA0208,9828,52120771,1,NE,990907,14:50:07,14:50:13,6,14:50:13,14:51:02,49,AGENT,14:51:01,14:52:03,62,ELI
AA0208,9829,0,0,NW,990907,15:01:33,15:01:42,9,15:01:42,15:01:47,5,HANG,0:00:00,0:00:00,0,NO_SERVER
AA0208,9830,34209981,1,PS,990907,15:15:13,15:15:18,5,15:15:18,15:17:23,125,AGENT,15:17:22,15:18:42,80,STEREN
AA0208,9831,0,0,NW,990907,15:28:41,15:28:51,10,15:28:51,15:29:52,61,HANG,0:00:00,0:00:00,0,NO_SERVER
AA0208,9832,25124181,2,NE,990907,15:37:36,15:37:42,6,15:37:42,15:37:56,14,AGENT,15:37:55,15:47:05,550,ELI
AA0208,9833,0,0,PS,990907,15:51:15,15:51:25,10,0:00:00,0:00:00,0,AGENT,15:51:24,15:52:15,51,STEREN
AA0208,9834,0,0,NW,990907,16:03:13,16:03:23,10,16:03:23,16:04:27,64,HANG,0:00:00,0:00:00,0,NO_SERVER
AA0208,9835,51327427,1,PS,990907,16:13:29,16:13:34,5,16:13:34,16:13:46,12,AGENT,16:13:45,16:15:18,93,SHARON
AA0208,9836,30712699,2,NE,990907,16:28:15,16:28:21,6,16:28:21,16:28:53,32,AGENT,16:28:52,16:33:42,290,ZOHARI
AA0208,9837,0,0,PS,990907,16:41:33,16:41:43,10,0:00:00,0:00:00,0,AGENT,16:41:42,16:44:06,144,VICKY
AA0208,9838,0,0,PS,990907,16:49:22,16:49:33,11,0:00:00,0:00:00,0,AGENT,16:49:32,16:52:12,160,ZOHARI
AA0208,9839,0,0,NW,990907,16:56:16,16:56:25,9,16:56:25,16:56:39,14,HANG,0:00:00,0:00:00,0,NO_SERVER
AA0208,9840,0,0,NW,990907,17:12:47,17:12:56,9,17:12:56,17:15:13,137,AGENT,17:15:12,17:16:00,48,VICKY
AA0208,9841,0,0,PS,990907,17:27:04,17:27:17,13,0:00:00,0:00:00,0,AGENT,17:27:16,17:29:02,106,DORIT
AA0208,9842,0,0,NW,990907,17:41:17,17:41:26,9,17:41:26,17:41:37,11,AGENT,17:41:37,17:42:06,29,VICKY
AA0208,9843,0,0,NW,990907,17:53:13,17:53:22,9,17:53:22,17:54:22,60,HANG,0:00:00,0:00:00,0,NO_SERVER
AA0208,9844,0,0,NE,990907,18:07:37,18:07:46,9,0:00:00,0:00:00,0,AGENT,18:07:45,18:10:15,150,ZOHARI
AA0208,9845,0,0,PS,990907,18:29:51,18:30:02,11,0:00:00,0:00:00,0,AGENT,18:30:02,18:37:09,427,DORIT
AA0208,9846,0,0,PS,990907,19:04:59,19:05:13,14,0:00:00,0:00:00,0,AGENT,19:05:12,19:08:00,168,BENSION
AA0208,9847,0,0,PS,990907,19:21:50,19:22:02,12,0:00:00,0:00:00,0,AGENT,19:22:01,19:31:20,559,DORIT
AA0208,9848,0,0,PS,990907,19:49:05,19:49:15,10,0:00:00,0:00:00,0,AGENT,19:49:14,19:51:28,134,ZOHARI
AA0208,9849,0,0,PS,990907,20:20:04,20:20:13,9,0:00:00,0:00:00,0,AGENT,20:20:12,20:21:21,69,STEREN
AA0208,9850,0,0,PS,990907,20:39:26,20:39:36,10,0:00:00,0:00:00,0,AGENT,20:39:35,20:40:30,55,BENSION
AA0208,9851,304673403,2,PS,990907,20:58:29,20:58:35,6,20:58:35,20:59:16,41,AGENT,20:59:16,21:07:07,471,ZOHARI
AA0208,9852,0,0,NE,990907,21:18:03,21:18:18,15,0:00:00,0:00:00,0,AGENT,21:18:17,21:21:01,164,DARMON
AA0208,9853,0,0,PS,990907,21:42:14,21:42:29,15,0:00:00,0:00:00,0,AGENT,21:42:28,21:45:01,153,ZOHARI
AA0208,9854,0,0,PS,990907,22:08:50,22:09:00,10,0:00:00,0:00:00,0,AGENT,22:08:59,22:10:57,118,ZOHARI
AA0208,9855,0,0,NE,990907,22:32:55,22:33:04,9,0:00:00,0:00:00,0,AGENT,22:33:03,22:33:38,35,SHARON
AA0208,9856,50386358,2,PS,990907,22:52:21,22:52:26,5,22:52:26,22:53:12,46,AGENT,22:53:11,22:58:08,297,ZOHARI
AA0208,9857,0,0,NW,990907,23:27:41,23:27:53,12,0:00:00,0:00:00,0,AGENT,23:27:52,23:29:33,101,SHARON
AA0208,9858,0,0,PS,990908,5:49:14,5:49:24,10,0:00:00,0:00:00,0,HANG,0:00:00,0:00:00,0,NO_SERVER
AA0208,9859,0,0,PS,990908,7:13:12,7:13:21,9,0:00:00,0:00:00,0,AGENT,7:13:20,7:14:21,61,DORIT
AA0208,9860,0,0,PS,990908,7:45:06,7:45:15,9,0:00:00,0:00:00,0,AGENT,7:45:14,7:51:53,399,STEREN
AA0208,9861,0,0,NW,990908,8:10:29,8:10:38,9,8:10:38,8:14:39,241,HANG,0:00:00,0:00:00,0,NO_SERVER
AA0208,9862,0,0,PS,990908,8:30:40,8:30:51,11,0:00:00,0:00:00,0,AGENT,8:30:49,8:31:13,24,STEREN
AA0208,9863,0,0,PS,990908,8:44:43,8:44:53,10,0:00:00,0:00:00,0,AGENT,8:44:51,8:46:26,95,ZOHARI
AA0208,9864,0,0,NW,990908,8:53:31,8:53:41,10,8:53:41,8:54:55,74,HANG,0:00:00,0:00:00,0,NO_SERVER
AA0208,9865,25779315,1,PS,990908,9:07:39,9:07:45,6,9:07:45,9:10:54,189,AGENT,9:10:53,9:11:34,41,BASCH
AA0208,9866,27008085,1,PS,990908,9:21:48,9:21:53,5,9:21:53,9:22:10,17,AGENT,9:22:10,9:23:15,65,ROTH
AA0208,9867,29474020,2,PS,990908,9:35:08,9:35:13,5,9:35:13,9:35:43,30,AGENT,9:35:42,9:36:50,68,YITZ
AA0208,9868,0,0,PS,990908,9:46:39,9:46:49,10,0:00:00,0:00:00,0,AGENT,9:46:48,10:05:44,1136,ROTH
AA0208,9869,0,0,NW,990908,9:54:05,9:54:14,9,9:54:14,9:56:11,117,HANG,0:00:00,0:00:00,0,NO_SERVER
AA0208,9870,10765980,2,PS,990908,10:05:01,10:05:06,5,10:05:06,10:06:02,56,AGENT,10:06:01,10:06:08,7,DORIT
AA0208,9871,25124181,2,NE,990908,10:11:29,10:11:34,5,10:11:34,10:12:16,42,AGENT,10:12:15,10:17:50,335,ZOHARI
AA0208,9872,58029620,2,PS,990908,10:18:37,10:18:43,6,10:18:43,10:20:07,84,AGENT,10:20:06,10:23:24,198,BASCH
AA0208,9873,26030262,2,PS,990908,10:30:15,10:30:20,5,10:30:20,10:31:00,40,AGENT,10:30:58,10:32:58,120,BASCH
AA0208,9874,0,0,NE,990908,10:42:44,10:42:53,9,0:00:00,0:00:00,0,AGENT,10:42:52,10:52:24,572,ELI
AA0208,9875,0,0,PS,990908,10:57:24,10:57:41,17,0:00:00,0:00:00,0,AGENT,10:57:40,11:00:40,180,BASCH
AA0208,9876,0,0,PS,990908,11:10:41,11:10:50,9,0:00:00,0:00:00,0,AGENT,11:10:49,11:15:43,294,BASCH
AA0208,9877,0,0,PS,990908,11:26:57,11:27:18,21,0:00:00,0:00:00,0,AGENT,11:27:17,11:29:41,144,YITZ
AA0208,9878,0,0,NE,990908,11:39:12,11:39:22,10,0:00:00,0:00:00,0,AGENT,11:39:22,11:51:50,748,ELI
AA0208,9879,0,0,PS,990908,11:49:03,11:49:14,11,0:00:00,0:00:00,0,AGENT,11:49:13,11:50:27,74,ROTH
AA0208,9880,0,0,NW,990908,12:01:49,12:02:01,12,0:00:00,0:00:00,0,AGENT,12:02:00,12:03:42,102,DORIT
AA0208,9881,0,0,PS,990908,12:14:32,12:14:43,11,0:00:00,0:00:00,0,AGENT,12:14:42,12:16:05,83,YITZ
AA0208,9882,0,0,NW,990908,12:22:08,12:22:17,9,12:22:17,12:25:48,211,AGENT,12:25:47,12:27:48,121,SHARON
AA0208,9883,0,0,NW,990908,12:43:05,12:43:28,23,0:00:00,0:00:00,0,AGENT,12:43:28,12:44:57,89,DORIT
AA0208,9884,0,0,NW,990908,13:00:27,13:00:43,16,0:00:00,0:00:00,0,AGENT,13:00:41,13:01:40,59,DORIT
AA0208,9885,24927717,1,PS,990908,13:14:12,13:14:18,6,13:14:18,13:17:29,191,AGENT,13:17:28,13:20:43,195,SHARON
AA0208,9886,32426736,1,PS,990908,13:29:23,13:29:29,6,13:29:29,13:31:51,142,AGENT,13:31:50,13:32:03,13,STEREN
AA0208,9887,0,0,NW,990908,13:43:38,13:43:47,9,13:43:47,13:44:46,59,HANG,0:00:00,0:00:00,0,NO_SERVER
AA0208,9888,0,0,PS,990908,13:53:18,13:53:28,10,0:00:00,0:00:00,0,AGENT,13:53:27,13:54:19,52,KAZAV
AA0208,9889,13767892,1,PS,990908,14:04:50,14:04:55,5,14:04:55,14:07:35,160,AGENT,14:07:15,14:11:07,232,DORIT
AA0208,9890,0,0,PS,990908,14:24:10,14:24:20,10,0:00:00,0:00:00,0,AGENT,14:24:19,14:25:47,88,BASCH
AA0208,9891,0,0,PS,990908,14:35:53,14:36:02,9,0:00:00,0:00:00,0,AGENT,14:36:01,14:40:20,259,DORIT
AA0208,9892,48820351,2,NE,990908,14:44:25,14:44:30,5,14:44:30,14:44:40,10,AGENT,14:44:40,14:48:08,208,DORIT
AA0208,9893,14504765,2,PS,990908,15:02:31,15:02:37,6,15:02:37,15:07:41,304,AGENT,15:07:40,15:12:22,282,KAZAV
AA0208,9894,0,0,NE,990908,15:15:40,15:15:52,12,0:00:00,0:00:00,0,AGENT,15:15:51,15:17:45,114,ZOHARI
AA0208,9895,13000567,2,PS,990908,15:27:39,15:27:45,6,15:27:45,15:28:04,19,AGENT,15:28:02,15:28:04,2,MORIAH
AA0208,9896,8962094,2,NE,990908,15:35:06,15:35:11,5,15:35:11,15:37:25,134,AGENT,15:37:24,15:38:45,81,ELI
AA0208,9897,55920755,2,PS,990908,15:41:08,15:41:13,5,15:41:13,15:44:01,168,HANG,0:00:00,0:00:00,0,NO_SERVER
AA0208,9898,70409032,2,PS,990908,15:51:49,15:51:55,6,15:51:55,15:52:53,58,AGENT,15:52:52,15:54:33,101,KAZAV
AA0208,9899,0,0,PS,990908,16:02:41,16:02:50,9,0:00:00,0:00:00,0,AGENT,16:02:49,16:03:20,31,ANAT
AA0208,9900,5850011,2,PS,990908,16:16:50,16:16:56,6,16:16:56,16:17:59,63,AGENT,16:17:58,16:20:54,176,AVI
AA0208,9901,0,0,NW,990908,16:30:29,16:30:39,10,16:30:39,16:31:37,58,HANG,0:00:00,0:00:00,0,NO_SERVER
AA0208,9902,0,0,NW,990908,16:41:20,16:41:30,10,16:41:30,16:44:28,178,AGENT,16:44:26,16:45:18,52,BENSION
AA0208,9903,55991038,2,PS,990908,16:59:56,17:00:02,6,17:00:02,17:01:16,74,AGENT,17:01:15,17:02:56,101,AVI
AA0208,9904,0,0,PS,990908,17:23:12,17:23:26,14,0:00:00,0:00:00,0,AGENT,17:23:25,17:24:49,84,BENSION
AA0208,9905,57056244,2,NE,990908,17:35:24,17:35:29,5,17:35:29,17:38:53,204,AGENT,17:38:53,17:39:23,30,MORIAH
AA0208,9906,58859752,2,PS,990908,17:51:24,17:51:29,5,17:51:29,17:51:43,14,AGENT,17:51:43,17:53:24,101,ANAT
AA0208,9907,0,0,NW,990908,18:15:08,18:15:23,15,0:00:00,0:00:00,0,AGENT,18:15:22,18:16:22,60,AVI
AA0208,9908,0,0,NW,990908,18:31:37,18:31:46,9,18:31:46,18:32:15,29,AGENT,18:32:14,18:33:32,78,AVI
AA0208,9909,0,0,PS,990908,18:52:22,18:52:30,8,0:00:00,0:00:00,0,AGENT,18:52:30,18:53:30,60,MORIAH
AA0208,9910,0,0,PS,990908,19:09:20,19:09:31,11,0:00:00,0:00:00,0,AGENT,19:09:30,19:11:02,92,MEIR
AA0208,9911,0,0,NW,990908,19:22:12,19:22:22,10,19:22:22,19:22:40,18,AGENT,19:22:39,19:23:02,23,BENSION
AA0208,9912,0,0,NW,990908,19:40:21,19:40:34,13,0:00:00,0:00:00,0,AGENT,19:40:34,19:41:04,30,MORIAH
AA0208,9913,29047396,1,PS,990908,20:03:11,20:03:17,6,20:03:17,20:04:09,52,AGENT,20:04:08,20:04:19,11,BENSION
AA0208,9914,0,0,PS,990908,20:35:16,20:35:30,14,0:00:00,0:00:00,0,AGENT,20:35:29,20:36:55,86,AVI
AA0208,9915,0,0,PS,990908,20:56:59,20:57:08,9,0:00:00,0:00:00,0,AGENT,20:57:08,20:57:09,1,ANAT
AA0208,9916,29277688,1,PS,990908,21:12:59,21:13:05,6,21:13:05,21:14:21,76,HANG,0:00:00,0:00:00,0,NO_SERVER
AA0208,9917,0,0,PS,990908,21:34:06,21:34:19,13,0:00:00,0:00:00,0,AGENT,21:34:17,21:35:33,76,DARMON
AA0208,9918,0,0,PS,990908,21:50:16,21:50:25,9,0:00:00,0:00:00,0,AGENT,21:50:25,21:51:33,68,MEIR
AA0208,9919,14794648,2,PS,990908,22:18:44,22:18:49,5,22:18:49,22:19:22,33,AGENT,22:19:21,22:21:12,111,DARMON
AA0208,9920,0,0,PS,990908,22:40:44,22:40:56,12,0:00:00,0:00:00,0,AGENT,22:40:55,22:42:41,106,AVI
AA0208,9921,0,0,PS,990908,23:11:38,23:11:51,13,0:00:00,0:00:00,0,AGENT,23:11:50,23:12:19,29,BENSION
AA0208,9922,0,0,PS,990908,23:50:57,23:51:05,8,0:00:00,0:00:00,0,AGENT,23:51:04,23:55:35,271,AVI
AA0208,9923,0,0,PS,990909,7:03:09,7:03:28,19,0:00:00,0:00:00,0,AGENT,7:03:27,7:05:22,115,ANAT
AA0208,9924,0,0,PS,990909,7:39:45,7:40:07,22,0:00:00,0:00:00,0,AGENT,7:40:06,7:40:39,33,SHARON
AA0208,9925,0,0,PS,990909,8:16:20,8:16:29,9,0:00:00,0:00:00,0,AGENT,8:16:28,8:17:20,52,ANAT
AA0208,9926,0,0,NW,990909,8:35:47,8:36:04,17,0:00:00,0:00:00,0,AGENT,8:36:04,8:36:51,47,SHARON
AA0208,9927,0,0,PS,990909,8:50:13,8:50:22,9,0:00:00,0:00:00,0,AGENT,8:50:20,8:58:07,467,DORIT
AA0208,9928,0,0,PS,990909,9:05:53,9:06:02,9,0:00:00,0:00:00,0,AGENT,9:06:01,9:08:17,136,DORIT
AA0208,9929,0,0,PS,990909,9:19:59,9:20:12,13,0:00:00,0:00:00,0,AGENT,9:20:12,9:21:11,59,DORIT
AA0208,9930,0,0,NW,990909,9:30:19,9:30:38,19,0:00:00,0:00:00,0,AGENT,9:30:36,9:34:16,220,BASCH
AA0208,9931,10603553,2,PS,990909,9:50:16,9:50:22,6,9:50:22,9:54:20,238,AGENT,9:54:19,9:55:08,49,KAZAV
AA0208,9932,0,0,PS,990909,10:02:55,10:03:04,9,0:00:00,0:00:00,0,AGENT,10:03:03,10:04:44,101,KAZAV
AA0208,9933,0,0,PS,990909,10:16:50,10:16:58,8,0:00:00,0:00:00,0,AGENT,10:16:57,10:32:56,959,DORIT
AA0208,9934,0,0,PS,990909,10:28:21,10:28:34,13,0:00:00,0:00:00,0,AGENT,10:28:33,10:28:56,23,ANAT
AA0208,9935,0,0,PS,990909,10:41:34,10:41:42,8,0:00:00,0:00:00,0,AGENT,10:41:42,10:42:14,32,KAZAV
AA0208,9936,0,0,NE,990909,10:55:35,10:55:47,12,0:00:00,0:00:00,0,AGENT,10:55:47,11:09:11,804,ELI
AA0208,9937,0,0,PS,990909,11:09:16,11:09:26,10,0:00:00,0:00:00,0,AGENT,11:09:26,11:12:43,197,DORIT
AA0208,9938,0,0,PS,990909,11:27:07,11:27:23,16,0:00:00,0:00:00,0,AGENT,11:27:22,11:29:32,130,SHARON
AA0208,9939,0,0,NE,990909,11:41:38,11:41:50,12,0:00:00,0:00:00,0,AGENT,11:41:49,11:43:42,113,ELI
AA0208,9940,0,0,NW,990909,11:56:33,11:56:50,17,0:00:00,0:00:00,0,AGENT,11:56:49,11:57:45,56,SHARON
AA0208,9941,0,0,PS,990909,12:11:42,12:11:57,15,0:00:00,0:00:00,0,AGENT,12:11:57,12:13:58,121,NAAMA
AA0208,9942,0,0,PS,990909,12:33:44,12:34:02,18,0:00:00,0:00:00,0,AGENT,12:34:00,12:35:42,102,NAAMA
AA0208,9943,0,0,PS,990909,12:47:09,12:47:19,10,0:00:00,0:00:00,0,AGENT,12:47:18,12:48:53,95,SHARON
AA0208,9944,0,0,PS,990909,13:02:12,13:02:21,9,0:00:00,0:00:00,0,AGENT,13:02:20,13:15:22,782,BASCH
AA0208,9945,56831928,2,PS,990909,13:14:46,13:14:52,6,13:14:52,13:15:28,36,AGENT,13:15:26,13:16:16,50,BASCH
AA0208,9946,0,0,PS,990909,13:33:20,13:33:38,18,0:00:00,0:00:00,0,AGENT,13:33:36,13:38:17,281,SHARON
AA0208,9947,0,0,PS,990909,13:48:57,13:49:13,16,0:00:00,0:00:00,0,AGENT,13:49:13,13:50:47,94,BASCH
AA0208,9948,0,0,NW,990909,14:07:41,14:07:50,9,14:07:50,14:09:28,98,HANG,0:00:00,0:00:00,0,NO_SERVER
AA0208,9949,0,0,NW,990909,14:21:18,14:21:28,10,14:21:28,14:22:54,86,HANG,0:00:00,0:00:00,0,NO_SERVER
AA0208,9950,0,0,NE,990909,14:34:21,14:34:30,9,0:00:00,0:00:00,0,AGENT,14:34:30,14:41:26,416,KAZAV
AA0208,9951,8340788,2,PS,990909,14:48:14,14:48:20,6,14:48:20,14:49:49,89,AGENT,14:49:48,14:50:51,63,DORIT
AA0208,9952,0,0,PS,990909,15:03:25,15:03:34,9,0:00:00,0:00:00,0,AGENT,15:03:33,15:04:04,31,DORIT
AA0208,9953,0,0,NW,990909,15:14:01,15:14:10,9,15:14:10,15:21:12,422,AGENT,15:21:11,15:23:38,147,ROTH
AA0208,9954,57379505,2,PS,990909,15:32:30,15:32:36,6,15:32:36,15:33:55,79,AGENT,15:33:54,15:40:13,379,BASCH
AA0208,9955,0,0,NW,990909,15:41:22,15:41:32,10,15:41:32,15:46:16,284,HANG,0:00:00,0:00:00,0,NO_SERVER
AA0208,9956,29548070,2,PS,990909,15:54:10,15:54:15,5,15:54:15,15:55:23,68,HANG,0:00:00,0:00:00,0,NO_SERVER
AA0208,9957,0,0,PS,990909,16:09:23,16:09:34,11,0:00:00,0:00:00,0,AGENT,16:09:34,16:14:08,274,ZOHARI
AA0208,9958,0,0,PS,990909,16:21:59,16:22:09,10,0:00:00,0:00:00,0,AGENT,16:22:08,16:29:25,437,ROTH
AA0208,9959,29409281,1,PS,990909,16:32:21,16:32:27,6,16:32:27,16:32:59,32,AGENT,16:32:58,16:33:58,60,AVI
AA0208,9960,0,0,NW,990909,16:46:20,16:46:29,9,16:46:29,16:48:12,103,AGENT,16:48:10,16:48:11,1,AVI
AA0208,9961,0,0,NW,990909,16:58:58,16:59:07,9,16:59:07,17:00:07,60,HANG,0:00:00,0:00:00,0,NO_SERVER
AA0208,9962,0,0,NW,990909,17:11:01,17:11:10,9,17:11:10,17:13:28,138,AGENT,17:13:27,17:14:46,79,PINHAS
AA0208,9963,0,0,PS,990909,17:30:01,17:30:12,11,0:00:00,0:00:00,0,AGENT,17:30:12,17:31:08,56,AVI
AA0208,9964,0,0,PS,990909,17:49:18,17:49:29,11,0:00:00,0:00:00,0,AGENT,17:49:28,17:54:04,276,ZOHARI
AA0208,9965,0,0,NW,990909,18:03:09,18:03:18,9,18:03:18,18:05:38,140,AGENT,18:05:37,18:06:02,25,PINHAS
AA0208,9966,25293028,2,PS,990909,18:23:42,18:23:47,5,18:23:47,18:24:47,60,HANG,0:00:00,0:00:00,0,NO_SERVER
AA0208,9967,0,0,NW,990909,18:42:32,18:42:45,13,0:00:00,0:00:00,0,AGENT,18:42:43,18:43:16,33,STEREN
AA0208,9968,0,0,NW,990909,19:04:38,19:04:47,9,19:04:47,19:06:17,90,HANG,0:00:00,0:00:00,0,NO_SERVER
AA0208,9969,0,0,PS,990909,19:35:31,19:35:40,9,0:00:00,0:00:00,0,AGENT,19:35:39,19:37:41,122,ZOHARI
AA0208,9970,0,0,NW,990909,19:49:11,19:49:21,10,19:49:21,19:51:31,130,AGENT,19:51:30,19:53:30,120,AVI
AA0208,9971,24365959,1,PS,990909,20:09:28,20:09:33,5,20:09:33,20:12:05,152,AGENT,20:12:05,20:21:08,543,DARMON
AA0208,9972,32381592,1,PS,990909,20:39:34,20:39:40,6,20:39:40,20:40:58,78,AGENT,20:40:58,20:43:24,146,ZOHARI
AA0208,9973,24167637,1,PS,990909,21:04:04,21:04:10,6,21:04:10,21:06:03,113,AGENT,21:06:01,21:08:42,161,STEREN
AA0208,9974,0,0,NW,990909,21:30:42,21:30:55,13,0:00:00,0:00:00,0,AGENT,21:30:54,21:31:18,24,STEREN
AA0208,9975,34196410,1,PS,990909,21:54:09,21:54:14,5,21:54:14,21:56:53,159,AGENT,21:56:52,21:58:19,87,AVI
AA0208,9976,0,0,PS,990909,22:32:08,22:32:21,13,0:00:00,0:00:00,0,AGENT,22:32:21,22:34:22,121,ZOHARI
AA0208,9977,56799893,2,PS,990909,22:54:04,22:54:09,5,22:54:09,22:54:40,31,AGENT,22:54:39,22:55:41,62,AVI
AA0208,9978,0,0,PS,990909,23:24:42,23:24:52,10,0:00:00,0:00:00,0,AGENT,23:24:51,23:28:08,197,AVI
AA0208,9979,0,0,PS,990910,4:57:51,4:58:29,38,0:00:00,0:00:00,0,HANG,0:00:00,0:00:00,0,NO_SERVER
AA0208,9980,0,0,PS,990910,7:39:13,7:39:23,10,0:00:00,0:00:00,0,AGENT,7:39:23,7:47:37,494,BASCH
AA0208,9981,0,0,PS,990910,8:09:07,8:09:23,16,0:00:00,0:00:00,0,AGENT,8:09:22,8:10:22,60,BENSION
AA0208,9982,0,0,NW,990910,8:29:48,8:30:10,22,0:00:00,0:00:00,0,AGENT,8:30:09,8:32:11,122,SHARON
AA0208,9983,0,0,PS,990910,8:50:00,8:50:16,16,0:00:00,0:00:00,0,AGENT,8:50:15,8:52:33,138,BENSION
AA0208,9984,0,0,NW,990910,9:00:44,9:00:53,9,9:00:53,9:01:48,55,AGENT,9:01:48,9:03:38,110,BENSION
AA0208,9985,0,0,PS,990910,9:17:19,9:17:28,9,0:00:00,0:00:00,0,AGENT,9:17:27,9:18:41,74,DORIT
AA0208,9986,0,0,PS,990910,9:27:52,9:28:01,9,0:00:00,0:00:00,0,AGENT,9:28:00,9:31:32,212,AVNI
AA0208,9987,0,0,PS,990910,9:42:04,9:42:13,9,0:00:00,0:00:00,0,AGENT,9:42:13,9:44:08,115,BASCH
AA0208,9988,0,0,PS,990910,9:55:05,9:55:17,12,0:00:00,0:00:00,0,AGENT,9:55:16,10:00:53,337,DORIT
AA0208,9989,0,0,PS,990910,10:05:37,10:05:46,9,0:00:00,0:00:00,0,AGENT,10:05:45,10:06:22,37,BASCH
AA0208,9990,0,0,PS,990910,10:23:47,10:23:56,9,0:00:00,0:00:00,0,AGENT,10:23:55,10:24:43,48,VICKY
AA0208,9991,0,0,PS,990910,10:37:05,10:37:14,9,0:00:00,0:00:00,0,AGENT,10:37:14,10:39:16,122,BASCH
AA0208,9992,0,0,PS,990910,10:53:46,10:53:56,10,0:00:00,0:00:00,0,AGENT,10:53:55,10:56:03,128,BASCH
AA0208,9993,0,0,PS,990910,11:10:11,11:10:29,18,0:00:00,0:00:00,0,AGENT,11:10:28,11:11:56,88,BASCH
AA0208,9994,0,0,PS,990910,11:31:05,11:31:15,10,0:00:00,0:00:00,0,AGENT,11:31:14,11:31:46,32,SHARON
AA0208,9995,54862610,2,PS,990910,12:00:24,12:00:30,6,12:00:30,12:01:22,52,AGENT,12:01:22,12:02:23,61,BASCH
AA0208,9996,0,0,NW,990910,12:31:41,12:31:54,13,0:00:00,0:00:00,0,AGENT,12:31:53,12:32:17,24,SHARON
AA0208,9997,0,0,PS,990910,13:04:15,13:04:28,13,0:00:00,0:00:00,0,HANG,0:00:00,0:00:00,0,NO_SERVER
AA0208,9998,0,0,PS,990910,13:30:47,13:31:25,38,0:00:00,0:00:00,0,HANG,0:00:00,0:00:00,0,NO_SERVER
AA0208,9999,0,0,PS,990910,14:27:31,14:27:48,17,0:00:00,0:00:00,0,HANG,0:00:00,0:00:00,0,NO_SERVER
AA0208,10000,0,0,PS,990910,16:45:05,16:45:30,25,0:00:00,0:00:00,0,HANG,0:00:00,0:00:00,0,NO_SERVER
AA0208,10001,0,0,PS,990911,12:09:24,12:09:36,12,0:00:00,0:00:00,0,HANG,0:00:00,0:00:00,0,NO_SERVER
AA0208,10002,0,0,NW,990912,1:09:52,1:10:20,28,0:00:00,0:00:00,0,HANG,0:00:00,0:00:00,0,NO_SERVER
AA0208,10003,0,0,PS,990912,18:24:53,18:25:13,20,0:00:00,0:00:00,0,HANG,0:00:00,0:00:00,0,NO_SERVER
AA0208,10004,0,0,PS,990912,19:43:02,19:43:21,19,0:00:00,0:00:00,0,HANG,0:00:00,0:00:00,0,NO_SERVER
AA0208,10005,0,0,PS,990912,20:08:15,20:08:25,10,0:00:00,0:00:00,0,AGENT,20:08:24,20:08:52,28,SHARON
AA0208,10006,5088414,2,PS,990912,20:29:11,20:29:17,6,20:29:17,20:30:30,73,AGENT,20:30:29,20:33:43,194,ELI
AA0208,10007,0,0,NW,990912,20:54:36,20:54:51,15,0:00:00,0:00:00,0,AGENT,20:54:51,20:55:51,60,SHARON
AA0208,10008,0,0,PS,990912,21:24:36,21:24:46,10,0:00:00,0:00:00,0,AGENT,21:24:45,21:28:07,202,SHARON
AA0208,10009,0,0,PS,990912,21:59:10,21:59:21,11,0:00:00,0:00:00,0,AGENT,21:59:20,21:59:23,3,NO_SERVER
AA0208,10010,0,0,NW,990912,22:46:43,22:46:53,10,22:46:53,22:47:09,16,AGENT,22:47:08,22:47:29,21,SHARON
AA0208,10011,0,0,PS,990912,23:31:10,23:31:19,9,0:00:00,0:00:00,0,AGENT,23:31:18,23:32:34,76,AVNI
AA0208,10012,0,0,NE,990913,7:04:19,7:04:30,11,0:00:00,0:00:00,0,AGENT,7:04:29,7:07:58,209,TOVA
AA0208,10013,0,0,PS,990913,7:42:17,7:42:27,10,0:00:00,0:00:00,0,AGENT,7:42:26,7:43:17,51,GILI
AA0208,10014,0,0,PS,990913,8:05:43,8:05:54,11,0:00:00,0:00:00,0,AGENT,8:05:53,8:06:50,57,TOVA
AA0208,10015,0,0,NW,990913,8:19:31,8:19:43,12,0:00:00,0:00:00,0,AGENT,8:19:42,8:20:58,76,STEREN
AA0208,10016,0,0,PS,990913,8:33:59,8:34:09,10,0:00:00,0:00:00,0,AGENT,8:34:08,8:35:08,60,VICKY
AA0208,10017,52643202,2,PS,990913,8:43:55,8:44:01,6,8:44:01,8:44:59,58,AGENT,8:44:58,8:45:05,7,KAZAV
AA0208,10018,0,0,NW,990913,8:50:19,8:50:28,9,8:50:28,8:50:52,24,AGENT,8:50:51,8:50:58,7,SHARON
AA0208,10019,0,0,PS,990913,9:04:06,9:04:15,9,0:00:00,0:00:00,0,AGENT,9:04:14,9:10:51,397,GILI
AA0208,10020,0,0,NW,990913,9:12:46,9:13:00,14,0:00:00,0:00:00,0,AGENT,9:12:59,9:15:39,160,STEREN
AA0208,10021,0,0,PS,990913,9:26:26,9:26:36,10,0:00:00,0:00:00,0,AGENT,9:26:35,9:27:21,46,VICKY
AA0208,10022,0,0,PS,990913,9:36:12,9:36:22,10,0:00:00,0:00:00,0,AGENT,9:36:20,9:37:29,69,ROTH
AA0208,10023,0,0,NW,990913,9:42:31,9:42:40,9,9:42:40,9:42:53,13,HANG,0:00:00,0:00:00,0,NO_SERVER
AA0208,10024,0,0,NW,990913,9:51:30,9:51:39,9,9:51:39,9:52:43,64,AGENT,9:52:41,9:54:00,79,STEREN
AA0208,10025,58704610,2,PS,990913,10:05:11,10:05:17,6,10:05:17,10:05:34,17,AGENT,10:05:33,10:07:42,129,SHARON
AA0208,10026,0,0,PS,990913,10:12:44,10:12:54,10,0:00:00,0:00:00,0,AGENT,10:12:52,10:14:56,124,VICKY
AA0208,10027,0,0,PS,990913,10:24:04,10:24:15,11,0:00:00,0:00:00,0,AGENT,10:24:14,10:35:07,653,ROTH
AA0208,10028,0,0,PS,990913,10:33:29,10:33:39,10,0:00:00,0:00:00,0,AGENT,10:33:38,10:35:16,98,KAZAV
AA0208,10029,0,0,NW,990913,10:39:25,10:39:35,10,10:39:35,10:40:05,30,HANG,0:00:00,0:00:00,0,NO_SERVER
AA0208,10030,0,0,PS,990913,10:46:58,10:47:08,10,0:00:00,0:00:00,0,AGENT,10:47:06,10:49:09,123,GILI
AA0208,10031,52043684,2,PS,990913,10:59:07,10:59:13,6,10:59:13,10:59:19,6,AGENT,10:59:17,11:03:15,238,ZOHARI
AA0208,10032,0,0,NW,990913,11:08:20,11:08:29,9,11:08:29,11:09:39,70,AGENT,11:09:38,11:11:13,95,SHARON
AA0208,10033,0,0,PS,990913,11:19:40,11:19:49,9,0:00:00,0:00:00,0,AGENT,11:19:48,11:20:31,43,SHARON
AA0208,10034,59309138,2,PS,990913,11:27:16,11:27:21,5,11:27:21,11:27:32,11,AGENT,11:27:31,11:33:32,361,SHARON
AA0208,10035,0,0,PS,990913,11:36:33,11:36:44,11,0:00:00,0:00:00,0,AGENT,11:36:44,11:40:55,251,ZOHARI
AA0208,10036,58283763,2,PS,990913,11:46:12,11:46:17,5,11:46:17,11:46:40,23,AGENT,11:46:39,11:48:54,135,KAZAV
AA0208,10037,65064479,2,PS,990913,11:54:03,11:54:09,6,11:54:09,11:54:15,6,AGENT,11:54:14,11:54:22,8,NO_SERVER
AA0208,10038,0,0,PS,990913,12:01:31,12:01:41,10,0:00:00,0:00:00,0,AGENT,12:01:40,12:06:20,280,SHARON
AA0208,10039,0,0,PS,990913,12:12:08,12:12:25,17,0:00:00,0:00:00,0,AGENT,12:12:24,12:13:17,53,NO_SERVER
AA0208,10040,0,0,PS,990913,12:22:49,12:22:58,9,0:00:00,0:00:00,0,AGENT,12:22:56,12:24:38,102,SHARON
AA0208,10041,0,0,PS,990913,12:33:52,12:34:01,9,0:00:00,0:00:00,0,AGENT,12:33:59,12:34:24,25,SHARON
AA0208,10042,0,0,PS,990913,12:46:58,12:47:07,9,0:00:00,0:00:00,0,AGENT,12:47:06,12:48:48,102,STEREN
AA0208,10043,0,0,NW,990913,13:04:14,13:04:23,9,13:04:23,13:04:58,35,AGENT,13:04:57,13:05:23,26,BASCH
AA0208,10044,30442495,2,PS,990913,13:12:11,13:12:16,5,13:12:16,13:12:27,11,AGENT,13:12:26,13:12:32,6,TOVA
AA0208,10045,56765985,2,PS,990913,13:22:26,13:22:31,5,13:22:31,13:22:43,12,AGENT,13:22:42,13:23:23,41,VICKY
AA0208,10046,0,0,NE,990913,13:31:20,13:31:33,13,0:00:00,0:00:00,0,AGENT,13:31:32,13:35:04,212,ZOHARI
AA0208,10047,8977126,2,PS,990913,13:44:44,13:44:50,6,13:44:50,13:45:29,39,AGENT,13:45:28,13:49:26,238,ZOHARI
AA0208,10048,59127134,1,PS,990913,13:50:16,13:50:22,6,13:50:22,13:56:18,356,AGENT,13:56:17,13:57:02,45,SHARON
AA0208,10049,28538312,2,PS,990913,14:03:32,14:03:38,6,14:03:38,14:04:44,66,AGENT,14:04:44,14:09:11,267,BASCH
AA0208,10050,55273098,2,PS,990913,14:09:16,14:09:22,6,14:09:22,14:09:58,36,AGENT,14:09:57,14:10:29,32,BASCH
AA0208,10051,52205077,2,PS,990913,14:13:31,14:13:37,6,14:13:37,14:14:33,56,HANG,0:00:00,0:00:00,0,NO_SERVER
AA0208,10052,23530603,2,PS,990913,14:17:25,14:17:30,5,14:17:30,14:19:27,117,AGENT,14:19:25,14:20:43,78,ROTH
AA0208,10053,0,0,NE,990913,14:25:34,14:25:46,12,0:00:00,0:00:00,0,AGENT,14:25:45,14:48:42,1377,ELI
AA0208,10054,30442495,2,PS,990913,14:32:45,14:32:51,6,14:32:51,14:33:00,9,AGENT,14:33:00,14:39:14,374,ROTH
AA0208,10055,52120771,1,NE,990913,14:39:37,14:39:43,6,14:39:43,14:41:09,86,AGENT,14:41:08,14:42:47,99,STEREN
AA0208,10056,0,0,PS,990913,14:50:03,14:50:16,13,0:00:00,0:00:00,0,AGENT,14:50:15,14:54:34,259,MORIAH
AA0208,10057,27329697,1,PS,990913,14:59:47,14:59:53,6,14:59:53,15:00:03,10,AGENT,15:00:01,15:00:02,1,ANAT
AA0208,10058,56579055,2,PS,990913,15:06:43,15:06:48,5,15:06:48,15:11:20,272,AGENT,15:11:19,15:13:50,151,BASCH
AA0208,10059,33689787,2,PS,990913,15:16:59,15:17:04,5,15:17:04,15:19:55,171,AGENT,15:19:54,15:22:42,168,ANAT
AA0208,10060,32279853,1,PS,990913,15:26:52,15:26:58,6,15:26:58,15:30:44,226,AGENT,15:30:44,15:31:35,51,SHARON
AA0208,10061,0,0,NW,990913,15:37:40,15:37:49,9,15:37:49,15:40:45,176,HANG,0:00:00,0:00:00,0,NO_SERVER
AA0208,10062,0,0,PS,990913,15:52:07,15:52:19,12,0:00:00,0:00:00,0,AGENT,15:52:18,15:55:52,214,SHARON
AA0208,10063,0,0,NE,990913,16:05:33,16:05:43,10,0:00:00,0:00:00,0,AGENT,16:05:42,16:05:45,3,MORIAH
AA0208,10064,0,0,NE,990913,16:13:24,16:13:35,11,0:00:00,0:00:00,0,AGENT,16:13:34,16:17:58,264,ELI
AA0208,10065,0,0,PS,990913,16:31:09,16:31:17,8,0:00:00,0:00:00,0,AGENT,16:31:17,16:31:20,3,MORIAH
AA0208,10066,0,0,NW,990913,16:40:33,16:40:43,10,16:40:43,16:41:17,34,HANG,0:00:00,0:00:00,0,NO_SERVER
AA0208,10067,1116490,2,PS,990913,16:49:21,16:49:27,6,16:49:27,16:52:09,162,AGENT,16:52:09,16:53:05,56,BASCH
AA0208,10068,17609439,1,PS,990913,16:57:14,16:57:19,5,16:57:19,16:58:21,62,HANG,0:00:00,0:00:00,0,NO_SERVER
AA0208,10069,31847932,1,PS,990913,17:06:23,17:06:29,6,17:06:29,17:08:52,143,AGENT,17:08:52,17:09:35,43,ANAT
AA0208,10070,0,0,NW,990913,17:24:01,17:24:14,13,0:00:00,0:00:00,0,AGENT,17:24:13,17:26:15,122,AVNI
AA0208,10071,0,0,NW,990913,17:44:27,17:44:36,9,17:44:36,17:44:50,14,HANG,0:00:00,0:00:00,0,NO_SERVER
AA0208,10072,33052234,1,PS,990913,18:01:46,18:01:52,6,18:01:52,18:01:57,5,AGENT,18:01:56,18:04:00,124,ANAT
AA0208,10073,0,0,NW,990913,18:14:32,18:14:41,9,18:14:41,18:17:10,149,HANG,0:00:00,0:00:00,0,NO_SERVER
AA0208,10074,0,0,PS,990913,18:31:02,18:31:13,11,0:00:00,0:00:00,0,AGENT,18:31:11,18:32:06,55,BASCH
AA0208,10075,9827106,2,PS,990913,18:49:38,18:49:44,6,18:49:44,18:49:57,13,AGENT,18:49:56,19:11:03,1267,MORIAH
AA0208,10076,29444049,2,PS,990913,18:59:00,18:59:06,6,18:59:06,18:59:36,30,PHANTOM,18:59:35,18:59:40,5,NO_SERVER
AA0208,10077,25596073,1,PS,990913,19:11:29,19:11:34,5,19:11:34,19:12:11,37,AGENT,19:12:10,19:13:05,55,BASCH
AA0208,10078,34101659,1,PS,990913,19:21:03,19:21:08,5,19:21:08,19:21:57,49,HANG,19:21:58,19:24:35,157,NO_SERVER
AA0208,10079,0,0,NW,990913,19:32:41,19:32:51,10,19:32:51,19:33:09,18,HANG,0:00:00,0:00:00,0,NO_SERVER
AA0208,10080,7572530,1,PS,990913,19:44:03,19:44:08,5,19:44:08,19:47:27,199,AGENT,19:47:26,19:48:27,61,AVNI
AA0208,10081,0,0,PS,990913,20:06:30,20:06:46,16,0:00:00,0:00:00,0,AGENT,20:06:45,20:07:37,52,ANAT
AA0208,10082,8850430,2,PS,990913,20:18:31,20:18:37,6,20:18:37,20:18:48,11,AGENT,20:18:48,20:24:12,324,AVNI
AA0208,10083,0,0,PS,990913,20:31:59,20:32:11,12,0:00:00,0:00:00,0,AGENT,20:32:10,20:39:22,432,BASCH
AA0208,10084,0,0,PS,990913,20:51:06,20:51:16,10,0:00:00,0:00:00,0,AGENT,20:51:15,20:52:01,46,AVI
AA0208,10085,0,0,PS,990913,21:08:01,21:08:10,9,0:00:00,0:00:00,0,AGENT,21:08:09,21:17:45,576,MEIR
AA0208,10086,0,0,PS,990913,21:29:54,21:30:03,9,0:00:00,0:00:00,0,AGENT,21:30:03,21:31:32,89,AVNI
AA0208,10087,12594255,2,PS,990913,21:41:27,21:41:33,6,21:41:33,21:42:23,50,AGENT,21:42:22,21:43:50,88,AVI
AA0208,10088,51715183,2,PS,990913,22:04:02,22:04:08,6,22:04:08,22:05:02,54,AGENT,22:05:01,22:12:04,423,AVNI
AA0208,10089,24927717,1,PS,990913,22:20:36,22:20:42,6,22:20:42,22:22:16,94,AGENT,22:22:15,22:23:03,48,AVI
AA0208,10090,0,0,PS,990913,22:40:03,22:40:13,10,0:00:00,0:00:00,0,AGENT,22:40:12,22:43:04,172,AVNI
AA0208,10091,0,0,PS,990913,23:21:19,23:21:31,12,0:00:00,0:00:00,0,AGENT,23:21:30,23:22:34,64,AVI
AA0208,10092,0,0,NW,990913,23:47:20,23:47:33,13,0:00:00,0:00:00,0,AGENT,23:47:32,23:48:11,39,AVNI
AA0208,10093,0,0,PS,990914,2:29:42,2:30:05,23,0:00:00,0:00:00,0,HANG,0:00:00,0:00:00,0,NO_SERVER
AA0208,10094,0,0,PS,990914,7:18:22,7:18:36,14,0:00:00,0:00:00,0,AGENT,7:18:36,7:24:26,350,ANAT
AA0208,10095,0,0,PS,990914,7:37:51,7:38:01,10,0:00:00,0:00:00,0,AGENT,7:38:00,7:38:07,7,ANAT
AA0208,10096,0,0,PS,990914,7:55:38,7:55:52,14,0:00:00,0:00:00,0,AGENT,7:55:51,7:57:10,79,MORIAH
AA0208,10097,0,0,NW,990914,8:18:59,8:19:09,10,8:19:09,8:19:23,14,HANG,0:00:00,0:00:00,0,NO_SERVER
AA0208,10098,8073371,2,PS,990914,8:26:47,8:26:53,6,8:26:53,8:27:42,49,AGENT,8:27:41,8:35:23,462,YIFAT
AA0208,10099,0,0,NW,990914,8:34:52,8:35:01,9,8:35:01,8:35:17,16,AGENT,8:35:15,8:36:35,80,GOLDIE
AA0208,10100,0,0,PS,990914,8:43:33,8:43:41,8,0:00:00,0:00:00,0,AGENT,8:43:40,8:43:49,9,KAZAV
AA0208,10101,0,0,PS,990914,8:53:38,8:53:47,9,0:00:00,0:00:00,0,AGENT,8:53:46,8:57:23,217,KAZAV
AA0208,10102,0,0,PS,990914,9:01:47,9:01:58,11,0:00:00,0:00:00,0,AGENT,9:01:56,9:03:59,123,BASCH
AA0208,10103,0,0,NW,990914,9:10:39,9:10:48,9,9:10:48,9:13:45,177,AGENT,9:13:44,9:15:14,90,GOLDIE
AA0208,10104,0,0,NW,990914,9:23:38,9:23:47,9,9:23:47,9:32:30,523,AGENT,9:32:29,9:34:31,122,GOLDIE
AA0208,10105,51294858,2,PS,990914,9:40:26,9:40:32,6,9:40:32,9:41:31,59,AGENT,9:41:30,9:44:20,170,GOLDIE
AA0208,10106,0,0,PS,990914,9:51:06,9:51:15,9,0:00:00,0:00:00,0,AGENT,9:51:14,9:55:25,251,AVNI
AA0208,10107,0,0,PS,990914,10:02:18,10:02:30,12,0:00:00,0:00:00,0,AGENT,10:02:29,10:03:37,68,TOVA
AA0208,10108,55920755,2,PS,990914,10:11:31,10:11:36,5,10:11:36,10:12:39,63,AGENT,10:12:39,10:13:25,46,ANAT
AA0208,10109,0,0,NW,990914,10:20:10,10:20:19,9,10:20:19,10:21:28,69,HANG,0:00:00,0:00:00,0,NO_SERVER
AA0208,10110,0,0,PS,990914,10:27:55,10:28:04,9,0:00:00,0:00:00,0,AGENT,10:28:04,10:29:41,97,YIFAT
AA0208,10111,0,0,PS,990914,10:33:38,10:33:48,10,0:00:00,0:00:00,0,AGENT,10:33:47,10:35:38,111,YIFAT
AA0208,10112,1574243,2,NE,990914,10:39:06,10:39:11,5,10:39:11,10:39:23,12,HANG,0:00:00,0:00:00,0,NO_SERVER
AA0208,10113,1574243,2,NE,990914,10:42:14,10:42:19,5,10:42:19,10:42:46,27,AGENT,10:42:44,10:42:56,12,DARMON
AA0208,10114,0,0,PS,990914,10:50:48,10:51:01,13,0:00:00,0:00:00,0,AGENT,10:50:59,10:52:14,75,BASCH
AA0208,10115,63730469,1,PS,990914,11:01:43,11:01:49,6,11:01:49,11:03:51,122,AGENT,11:03:50,11:04:31,41,BASCH
AA0208,10116,1574243,2,NE,990914,11:10:25,11:10:31,6,11:10:31,11:11:57,86,HANG,0:00:00,0:00:00,0,NO_SERVER
AA0208,10117,0,0,PS,990914,11:21:45,11:21:55,10,0:00:00,0:00:00,0,AGENT,11:21:54,11:26:05,251,BASCH
AA0208,10118,0,0,NW,990914,11:33:30,11:33:40,10,11:33:40,11:34:31,51,AGENT,11:34:30,11:35:07,37,AVNI
AA0208,10119,0,0,NW,990914,11:43:47,11:43:56,9,11:43:56,11:45:26,90,HANG,0:00:00,0:00:00,0,NO_SERVER
AA0208,10120,56472442,1,PS,990914,11:51:28,11:51:34,6,11:51:34,11:54:24,170,AGENT,11:54:23,12:00:51,388,GOLDIE
AA0208,10121,0,0,PS,990914,12:02:46,12:02:56,10,0:00:00,0:00:00,0,AGENT,12:02:55,12:04:34,99,ANAT
AA0208,10122,0,0,PS,990914,12:12:03,12:12:17,14,0:00:00,0:00:00,0,AGENT,12:12:15,12:14:36,141,BASCH
AA0208,10123,0,0,PS,990914,12:19:59,12:20:07,8,0:00:00,0:00:00,0,AGENT,12:20:07,12:23:21,194,AVNI
AA0208,10124,0,0,PS,990914,12:32:34,12:32:55,21,0:00:00,0:00:00,0,AGENT,12:32:53,12:33:41,48,DARMON
AA0208,10125,59624346,1,PS,990914,12:38:22,12:38:27,5,12:38:27,12:40:12,105,AGENT,12:40:10,12:45:20,310,MORIAH
AA0208,10126,0,0,PS,990914,12:52:03,12:52:12,9,0:00:00,0:00:00,0,AGENT,12:52:11,12:52:20,9,MORIAH
AA0208,10127,23793540,1,PS,990914,13:04:52,13:04:57,5,13:04:57,13:05:48,51,AGENT,13:05:47,13:06:54,67,KAZAV
AA0208,10128,0,0,PS,990914,13:20:16,13:20:36,20,0:00:00,0:00:00,0,AGENT,13:20:35,13:22:23,108,BASCH
AA0208,10129,0,0,NW,990914,13:33:02,13:33:11,9,13:33:11,13:35:35,144,HANG,0:00:00,0:00:00,0,NO_SERVER
AA0208,10130,0,0,PS,990914,13:46:33,13:46:42,9,0:00:00,0:00:00,0,AGENT,13:46:41,13:47:59,78,YIFAT
AA0208,10131,2043974,1,NE,990914,13:52:57,13:53:03,6,13:53:03,13:56:36,213,AGENT,13:56:35,13:56:36,1,ANAT
AA0208,10132,13680327,2,PS,990914,14:03:23,14:03:28,5,14:03:28,14:03:37,9,HANG,0:00:00,0:00:00,0,NO_SERVER
AA0208,10133,47148739,2,NE,990914,14:11:40,14:11:46,6,14:11:46,14:13:35,109,AGENT,14:13:33,14:18:43,310,ROTH
AA0208,10134,12482634,2,NE,990914,14:21:31,14:21:36,5,14:21:36,14:21:41,5,AGENT,14:21:40,14:26:12,272,BASCH
AA0208,10135,31501315,1,PS,990914,14:29:48,14:29:54,6,14:29:54,14:31:51,117,AGENT,14:31:49,14:32:43,54,NAAMA
AA0208,10136,0,0,NW,990914,14:39:26,14:39:36,10,14:39:36,14:39:41,5,HANG,0:00:00,0:00:00,0,NO_SERVER
AA0208,10137,6581441,2,PS,990914,14:44:27,14:44:33,6,14:44:33,14:47:25,172,AGENT,14:47:24,14:47:27,3,YIFAT
AA0208,10138,0,0,NW,990914,14:58:28,14:58:38,10,14:58:38,15:08:03,565,AGENT,15:08:02,15:08:41,39,ROTH
AA0208,10139,58704610,2,PS,990914,15:13:21,15:13:27,6,15:13:27,15:16:58,211,AGENT,15:16:57,15:21:01,244,AVNI
AA0208,10140,0,0,PS,990914,15:29:24,15:29:34,10,0:00:00,0:00:00,0,AGENT,15:29:33,15:33:08,215,BASCH
AA0208,10141,65607277,2,PS,990914,15:39:55,15:40:01,6,15:40:01,15:41:14,73,AGENT,15:41:13,15:43:43,150,NAAMA
AA0208,10142,0,0,PS,990914,15:51:45,15:52:00,15,0:00:00,0:00:00,0,AGENT,0:00:00,0:00:00,0,DARMON
AA0208,10143,64185333,2,PS,990914,16:00:55,16:01:00,5,16:01:00,16:01:54,54,AGENT,16:01:54,16:05:37,223,BENSION
AA0208,10144,13846134,1,PS,990914,16:11:10,16:11:16,6,16:11:16,16:11:45,29,AGENT,16:11:44,16:22:29,645,ROTH
AA0208,10145,0,0,NW,990914,16:20:35,16:20:44,9,16:20:44,16:20:52,8,AGENT,16:20:52,16:21:47,55,SHARON
AA0208,10146,0,0,NW,990914,16:33:53,16:34:02,9,16:34:02,16:38:06,244,AGENT,16:38:05,16:41:39,214,ROTH
AA0208,10147,0,0,NW,990914,16:50:40,16:50:53,13,0:00:00,0:00:00,0,AGENT,16:50:52,16:54:12,200,ROTH
AA0208,10148,0,0,PS,990914,16:58:40,16:58:53,13,0:00:00,0:00:00,0,AGENT,16:58:52,17:00:21,89,SHARON
AA0208,10149,69604411,2,NE,990914,17:11:28,17:11:33,5,17:11:33,17:12:23,50,AGENT,17:12:22,17:14:08,106,ZOHARI
AA0208,10150,0,0,PS,990914,17:25:41,17:25:53,12,0:00:00,0:00:00,0,AGENT,17:25:51,17:28:57,186,STEREN
AA0208,10151,59630624,1,NE,990914,17:39:54,17:40:00,6,17:40:00,17:40:24,24,AGENT,17:40:24,17:41:35,71,SHARON
AA0208,10152,0,0,NW,990914,17:57:09,17:57:22,13,0:00:00,0:00:00,0,AGENT,17:57:22,17:57:55,33,YITZ
AA0208,10153,0,0,PS,990914,18:13:09,18:13:20,11,0:00:00,0:00:00,0,AGENT,18:13:19,18:15:28,129,SHARON
AA0208,10154,0,0,NE,990914,18:27:47,18:27:56,9,0:00:00,0:00:00,0,AGENT,18:27:56,18:32:24,268,ZOHARI
AA0208,10155,0,0,NW,990914,18:44:17,18:44:34,17,0:00:00,0:00:00,0,AGENT,18:44:33,18:45:16,43,BENSION
AA0208,10156,0,0,PS,990914,19:00:58,19:01:15,17,0:00:00,0:00:00,0,AGENT,19:01:14,19:03:13,119,BENSION
AA0208,10157,0,0,PS,990914,19:22:46,19:22:58,12,0:00:00,0:00:00,0,AGENT,19:22:57,19:27:06,249,STEREN
AA0208,10158,0,0,PS,990914,19:39:17,19:39:26,9,0:00:00,0:00:00,0,AGENT,19:39:25,19:41:06,101,ROTH
AA0208,10159,0,0,NE,990914,19:59:01,19:59:15,14,0:00:00,0:00:00,0,AGENT,19:59:14,19:59:55,41,NAAMA
AA0208,10160,0,0,NW,990914,20:16:51,20:17:00,9,20:17:00,20:17:21,21,AGENT,20:17:21,20:27:39,618,SHARON
AA0208,10161,0,0,PS,990914,20:39:31,20:39:43,12,0:00:00,0:00:00,0,AGENT,20:39:42,20:40:17,35,SHARON
AA0208,10162,0,0,PS,990914,21:02:26,21:02:39,13,0:00:00,0:00:00,0,AGENT,21:02:38,21:04:45,127,ZOHARI
AA0208,10163,23699390,2,NE,990914,21:27:38,21:27:43,5,21:27:43,21:27:54,11,AGENT,21:27:54,21:28:37,43,SHARON
AA0208,10164,0,0,PS,990914,21:44:27,21:44:44,17,0:00:00,0:00:00,0,AGENT,21:44:43,21:45:59,76,BENSION
AA0208,10165,0,0,NW,990914,21:59:56,22:00:08,12,0:00:00,0:00:00,0,AGENT,22:00:08,22:01:13,65,ROTH
AA0208,10166,37639150,1,PS,990914,22:27:19,22:27:25,6,22:27:25,22:27:57,32,AGENT,22:27:55,22:28:48,53,SHARON
AA0208,10167,0,0,PS,990914,22:59:59,23:00:11,12,0:00:00,0:00:00,0,AGENT,23:00:10,23:01:47,97,BENSION
AA0208,10168,0,0,PS,990914,23:24:40,23:24:49,9,0:00:00,0:00:00,0,AGENT,23:24:48,23:25:52,64,SHARON
AA0208,10170,0,0,PS,990915,0:40:25,0:40:25,0,0:00:00,0:00:00,0,HANG,0:00:00,0:00:00,0,NO_SERVER
AA0208,10171,0,0,PS,990915,7:20:56,7:21:11,15,0:00:00,0:00:00,0,AGENT,7:21:11,7:25:38,267,VICKY
AA0208,10172,0,0,PS,990915,7:52:44,7:52:56,12,0:00:00,0:00:00,0,AGENT,7:52:55,7:53:47,52,SHARON
AA0208,10173,0,0,PS,990915,8:13:16,8:13:27,11,0:00:00,0:00:00,0,AGENT,8:13:26,8:16:43,197,SHARON
AA0208,10174,0,0,PS,990915,8:27:53,8:28:02,9,0:00:00,0:00:00,0,AGENT,8:28:01,8:34:25,384,VICKY
AA0208,10175,23671415,1,PS,990915,8:43:57,8:44:18,21,8:44:18,8:44:43,25,AGENT,8:44:43,8:49:02,259,SHARON
AA0208,10176,0,0,NW,990915,8:53:16,8:53:25,9,8:53:25,8:55:19,114,AGENT,8:55:18,8:56:35,77,VICKY
AA0208,10177,58105669,2,PS,990915,9:06:44,9:06:49,5,9:06:49,9:07:25,36,AGENT,9:07:24,9:08:52,88,ZOHARI
AA0208,10178,22901136,1,PS,990915,9:12:40,9:12:45,5,9:12:45,9:13:10,25,AGENT,9:13:09,9:18:54,345,VICKY
AA0208,10179,0,0,PS,990915,9:24:24,9:24:33,9,0:00:00,0:00:00,0,AGENT,9:24:32,9:27:41,189,KAZAV
AA0208,10180,0,0,NW,990915,9:37:32,9:37:44,12,0:00:00,0:00:00,0,AGENT,9:37:43,9:38:29,46,GOLDIE
AA0208,10181,0,0,PS,990915,9:48:32,9:48:42,10,0:00:00,0:00:00,0,AGENT,9:48:41,9:55:58,437,ROTH
AA0208,10182,0,0,PS,990915,9:57:18,9:57:27,9,0:00:00,0:00:00,0,AGENT,9:57:26,9:58:12,46,ROTH
AA0208,10183,0,0,PS,990915,10:07:59,10:08:09,10,0:00:00,0:00:00,0,AGENT,10:08:08,10:13:42,334,AVNI
AA0208,10184,23676497,1,PS,990915,10:15:27,10:15:33,6,10:15:33,10:18:45,192,AGENT,10:18:44,10:20:23,99,KAZAV
AA0208,10185,0,0,PS,990915,10:26:12,10:26:21,9,0:00:00,0:00:00,0,AGENT,10:26:20,10:28:26,126,ROTH
AA0208,10186,23895501,2,PS,990915,10:32:50,10:32:56,6,10:32:56,10:33:30,34,AGENT,10:33:29,10:35:31,122,DORIT
AA0208,10187,0,0,PS,990915,10:42:40,10:42:48,8,0:00:00,0:00:00,0,AGENT,10:42:47,10:46:38,231,ROTH
AA0208,10188,0,0,PS,990915,10:52:03,10:52:12,9,0:00:00,0:00:00,0,AGENT,10:52:11,11:02:18,607,DORIT
AA0208,10189,0,0,PS,990915,10:59:31,10:59:41,10,0:00:00,0:00:00,0,AGENT,10:59:40,11:07:09,449,AVNI
AA0208,10190,0,0,NW,990915,11:10:11,11:10:21,10,11:10:21,11:10:25,4,AGENT,11:10:24,11:11:26,62,VICKY
AA0208,10191,0,0,PS,990915,11:19:13,11:19:35,22,0:00:00,0:00:00,0,AGENT,11:19:34,11:21:36,122,AVNI
AA0208,10192,0,0,PS,990915,11:30:40,11:30:52,12,0:00:00,0:00:00,0,AGENT,11:30:51,11:31:36,45,VICKY
AA0208,10193,0,0,PS,990915,11:37:42,11:37:51,9,0:00:00,0:00:00,0,AGENT,11:37:50,11:39:12,82,DORIT
AA0208,10194,0,0,NE,990915,11:56:05,11:56:14,9,0:00:00,0:00:00,0,AGENT,11:56:13,11:58:27,134,VICKY
AA0208,10195,0,0,PS,990915,12:08:13,12:08:23,10,0:00:00,0:00:00,0,AGENT,12:08:22,12:10:11,109,AVNI
AA0208,10196,0,0,NW,990915,12:17:59,12:18:08,9,12:18:08,12:19:25,77,AGENT,12:19:24,12:21:41,137,ROTH
AA0208,10197,0,0,NW,990915,12:29:54,12:30:08,14,0:00:00,0:00:00,0,AGENT,12:30:06,12:33:46,220,VICKY
AA0208,10198,0,0,NW,990915,12:46:05,12:46:13,8,0:00:00,0:00:00,0,HANG,0:00:00,0:00:00,0,NO_SERVER
AA0208,10199,0,0,PS,990915,12:57:40,12:57:49,9,0:00:00,0:00:00,0,AGENT,12:57:48,12:59:12,84,DORIT
AA0208,10200,74780917,2,NE,990915,13:09:14,13:09:20,6,13:09:20,13:09:55,35,AGENT,13:09:54,13:12:59,185,ROTH
AA0208,10201,400424,2,PS,990915,13:20:34,13:20:39,5,13:20:39,13:21:24,45,AGENT,13:21:24,13:24:01,157,GOLDIE
AA0208,10202,0,0,PS,990915,13:36:14,13:36:25,11,0:00:00,0:00:00,0,AGENT,13:36:24,13:36:27,3,NO_SERVER
AA0208,10203,0,0,PS,990915,13:49:31,13:49:40,9,0:00:00,0:00:00,0,AGENT,13:49:39,13:55:58,379,STEREN
AA0208,10204,0,0,PS,990915,14:00:08,14:00:22,14,0:00:00,0:00:00,0,AGENT,14:00:20,14:01:24,64,BASCH
AA0208,10205,0,0,PS,990915,14:11:03,14:11:13,10,0:00:00,0:00:00,0,AGENT,14:11:12,14:13:52,160,ZOHARI
AA0208,10206,0,0,PS,990915,14:22:36,14:22:48,12,0:00:00,0:00:00,0,AGENT,14:22:47,14:23:01,14,VICKY
AA0208,10207,32208464,2,PS,990915,14:33:55,14:34:01,6,14:34:01,14:34:41,40,AGENT,14:34:40,14:36:32,112,VICKY
AA0208,10208,0,0,PS,990915,14:42:18,14:42:29,11,0:00:00,0:00:00,0,AGENT,14:42:28,14:44:09,101,DORIT
AA0208,10209,0,0,PS,990915,14:48:05,14:48:19,14,0:00:00,0:00:00,0,AGENT,14:48:18,14:48:42,24,BASCH
AA0208,10210,33009242,1,PS,990915,14:59:42,14:59:47,5,14:59:47,15:00:24,37,AGENT,15:00:24,15:07:08,404,BASCH
AA0208,10211,24927717,1,PS,990915,15:10:32,15:10:38,6,15:10:38,15:10:53,15,HANG,0:00:00,0:00:00,0,NO_SERVER
AA0208,10212,50347749,1,NE,990915,15:14:56,15:15:02,6,15:15:02,15:16:12,70,AGENT,15:16:11,15:21:34,323,KAZAV
AA0208,10213,59858746,2,PS,990915,15:24:50,15:24:56,6,15:24:56,15:25:03,7,AGENT,15:25:02,15:25:27,25,KAZAV
AA0208,10214,65032120,2,NE,990915,15:31:36,15:31:42,6,15:31:42,15:31:56,14,AGENT,15:31:55,15:36:58,303,ROTH
AA0208,10215,0,0,PS,990915,15:36:40,15:36:50,10,0:00:00,0:00:00,0,AGENT,15:36:50,15:38:54,124,GOLDIE
AA0208,10216,0,0,NW,990915,15:42:32,15:42:41,9,15:42:41,15:43:35,54,AGENT,15:43:34,15:44:06,32,MORIAH
AA0208,10217,0,0,PS,990915,15:54:08,15:54:19,11,0:00:00,0:00:00,0,AGENT,15:54:18,15:57:08,170,MORIAH
AA0208,10218,57918849,1,NE,990915,16:03:25,16:03:31,6,16:03:31,16:03:36,5,HANG,0:00:00,0:00:00,0,NO_SERVER
AA0208,10219,0,0,PS,990915,16:14:56,16:15:06,10,0:00:00,0:00:00,0,AGENT,16:15:05,16:17:05,120,BASCH
AA0208,10220,0,0,PS,990915,16:31:57,16:32:06,9,0:00:00,0:00:00,0,AGENT,16:32:05,16:33:03,58,STEREN
AA0208,10221,0,0,PS,990915,16:41:45,16:41:54,9,0:00:00,0:00:00,0,AGENT,16:41:53,16:45:33,220,STEREN
AA0208,10222,0,0,PS,990915,16:53:00,16:53:10,10,0:00:00,0:00:00,0,AGENT,16:53:10,16:55:41,151,STEREN
AA0208,10223,55279970,2,NE,990915,17:11:47,17:11:53,6,17:11:53,17:13:15,82,HANG,17:13:18,17:17:51,273,NO_SERVER
AA0208,10224,0,0,PS,990915,17:29:25,17:29:34,9,0:00:00,0:00:00,0,AGENT,17:29:33,17:31:12,99,AVI
AA0208,10225,0,0,NE,990915,17:46:00,17:46:12,12,0:00:00,0:00:00,0,AGENT,17:46:11,17:57:38,687,BASCH
AA0208,10226,0,0,PS,990915,18:06:34,18:06:44,10,0:00:00,0:00:00,0,AGENT,18:06:44,18:07:43,59,MORIAH
AA0208,10227,0,0,PS,990915,18:26:21,18:26:37,16,0:00:00,0:00:00,0,AGENT,18:26:36,18:28:19,103,BENSION
AA0208,10228,0,0,PS,990915,18:45:29,18:45:42,13,0:00:00,0:00:00,0,AGENT,18:45:41,18:49:10,209,AVI
AA0208,10229,0,0,NE,990915,18:56:49,18:56:58,9,0:00:00,0:00:00,0,AGENT,18:56:57,18:58:00,63,MORIAH
AA0208,10230,0,0,PS,990915,19:16:46,19:17:02,16,0:00:00,0:00:00,0,AGENT,19:17:01,19:18:24,83,AVI
AA0208,10231,0,0,NE,990915,19:43:49,19:43:59,10,0:00:00,0:00:00,0,AGENT,19:43:58,19:44:47,49,TOVA
AA0208,10232,0,0,PS,990915,20:06:41,20:06:50,9,0:00:00,0:00:00,0,AGENT,20:06:50,20:09:18,148,YITZ
AA0208,10233,0,0,PS,990915,20:25:32,20:25:47,15,0:00:00,0:00:00,0,AGENT,20:25:46,20:27:25,99,BENSION
AA0208,10234,0,0,PS,990915,20:44:22,20:44:31,9,0:00:00,0:00:00,0,AGENT,20:44:30,20:44:33,3,MORIAH
AA0208,10235,0,0,PS,990915,20:57:47,20:58:01,14,0:00:00,0:00:00,0,AGENT,20:58:00,20:59:43,103,BENSION
AA0208,10236,0,0,PS,990915,21:21:03,21:21:20,17,0:00:00,0:00:00,0,AGENT,21:21:19,21:23:26,127,BENSION
AA0208,10237,54128681,2,PS,990915,21:37:54,21:38:00,6,21:38:00,21:38:52,52,AGENT,21:38:52,21:40:18,86,BENSION
AA0208,10238,0,0,NE,990915,21:54:45,21:54:54,9,0:00:00,0:00:00,0,AGENT,21:54:53,21:55:27,34,AVI
AA0208,10239,0,0,PS,990915,22:11:12,22:11:24,12,0:00:00,0:00:00,0,AGENT,22:11:23,22:12:18,55,AVI
AA0208,10240,3704988,2,PS,990915,22:35:59,22:36:05,6,22:36:05,22:36:26,21,AGENT,22:36:25,22:36:51,26,AVI
AA0208,10241,0,0,PS,990915,23:06:19,23:06:28,9,0:00:00,0:00:00,0,AGENT,23:06:27,23:07:29,62,AVI
AA0208,10242,25684986,2,PS,990915,23:47:10,23:47:15,5,23:47:15,23:48:33,78,AGENT,23:48:32,23:50:07,95,AVI
AA0208,10243,0,0,PS,990916,1:49:39,1:50:16,37,0:00:00,0:00:00,0,HANG,0:00:00,0:00:00,0,NO_SERVER
AA0208,10244,0,0,PS,990916,7:30:53,7:31:02,9,0:00:00,0:00:00,0,AGENT,7:31:01,7:34:26,205,TOVA
AA0208,10245,0,0,PS,990916,7:52:26,7:52:36,10,0:00:00,0:00:00,0,AGENT,7:52:35,7:52:56,21,MORIAH
AA0208,10246,0,0,PS,990916,8:12:54,8:13:03,9,0:00:00,0:00:00,0,AGENT,8:13:03,8:14:18,75,KAZAV
AA0208,10247,0,0,PS,990916,8:25:02,8:25:13,11,0:00:00,0:00:00,0,AGENT,8:25:11,8:25:52,41,TOVA
AA0208,10248,0,0,PS,990916,8:42:25,8:42:38,13,0:00:00,0:00:00,0,AGENT,8:42:37,8:46:12,215,ZOHARI
AA0208,10249,59267484,2,PS,990916,8:51:15,8:51:21,6,8:51:21,8:51:46,25,AGENT,8:51:45,8:51:47,2,MORIAH
AA0208,10250,0,0,PS,990916,9:04:04,9:04:20,16,0:00:00,0:00:00,0,AGENT,9:04:13,9:18:22,849,TOVA
AA0208,10251,1399617,2,PS,990916,9:12:58,9:13:04,6,9:13:04,9:14:12,68,AGENT,9:14:11,9:15:55,104,DORIT
AA0208,10252,0,0,PS,990916,9:23:03,9:23:17,14,0:00:00,0:00:00,0,AGENT,9:23:16,9:24:23,67,TOVA
AA0208,10253,0,0,PS,990916,9:41:44,9:41:56,12,0:00:00,0:00:00,0,AGENT,9:41:56,9:42:56,60,ZOHARI
AA0208,10254,0,0,NE,990916,9:52:53,9:53:08,15,0:00:00,0:00:00,0,AGENT,9:53:08,10:29:21,2173,ELI
AA0208,10255,0,0,PS,990916,10:02:47,10:02:56,9,0:00:00,0:00:00,0,AGENT,10:02:55,10:08:36,341,TOVA
AA0208,10256,29099272,1,PS,990916,10:13:16,10:13:21,5,10:13:21,10:14:51,90,HANG,0:00:00,0:00:00,0,NO_SERVER
AA0208,10257,50835032,2,PS,990916,10:22:06,10:22:11,5,10:22:11,10:23:07,56,AGENT,10:23:07,10:25:34,147,TOVA
AA0208,10258,0,0,NW,990916,10:27:25,10:27:34,9,10:27:34,10:31:34,240,AGENT,10:31:33,10:32:30,57,MORIAH
AA0208,10259,53922209,1,PS,990916,10:38:20,10:38:26,6,10:38:26,10:39:19,53,AGENT,10:39:17,10:41:31,134,ANAT
AA0208,10260,0,0,PS,990916,10:47:30,10:47:40,10,0:00:00,0:00:00,0,AGENT,10:47:39,10:54:23,404,TOVA
AA0208,10261,0,0,PS,990916,11:04:43,11:04:56,13,0:00:00,0:00:00,0,AGENT,11:04:55,11:06:24,89,DORIT
AA0208,10262,24410680,1,PS,990916,11:15:40,11:15:46,6,11:15:46,11:16:30,44,AGENT,11:16:30,11:19:13,163,ROTH
AA0208,10263,22263115,2,PS,990916,11:25:03,11:25:09,6,11:25:09,11:25:46,37,AGENT,11:25:45,11:28:16,151,KAZAV
AA0208,10264,25771502,2,PS,990916,11:36:05,11:36:11,6,11:36:11,11:37:18,67,AGENT,11:37:17,11:38:03,46,ANAT
AA0208,10265,0,0,PS,990916,11:53:47,11:53:56,9,0:00:00,0:00:00,0,AGENT,11:53:55,11:56:41,166,TOVA
AA0208,10266,52896875,2,PS,990916,12:01:24,12:01:30,6,12:01:30,12:01:39,9,AGENT,12:01:38,12:02:40,62,YIFAT
AA0208,10267,0,0,PS,990916,12:14:36,12:14:45,9,0:00:00,0:00:00,0,AGENT,12:14:44,12:17:06,142,KAZAV
AA0208,10268,52086576,1,PS,990916,12:23:06,12:23:12,6,12:23:12,12:23:31,19,AGENT,12:23:30,12:26:58,208,ROTH
AA0208,10269,0,0,NE,990916,12:38:47,12:38:56,9,0:00:00,0:00:00,0,AGENT,12:38:54,12:40:06,72,KAZAV
AA0208,10270,0,0,PS,990916,12:54:07,12:54:16,9,0:00:00,0:00:00,0,AGENT,12:54:15,12:57:02,167,ROTH
AA0208,10271,0,0,PS,990916,13:02:59,13:03:08,9,0:00:00,0:00:00,0,AGENT,13:03:07,13:06:55,228,GOLDIE
AA0208,10272,0,0,NE,990916,13:14:27,13:14:45,18,0:00:00,0:00:00,0,AGENT,13:14:44,13:14:46,2,ANAT
AA0208,10273,32780108,1,PS,990916,13:24:09,13:24:15,6,13:24:15,13:27:03,168,AGENT,13:27:01,13:30:44,223,DORIT
AA0208,10274,59630624,1,NE,990916,13:36:33,13:36:38,5,13:36:38,13:37:22,44,AGENT,13:37:20,13:38:11,51,KAZAV
AA0208,10275,0,0,PS,990916,13:48:56,13:49:21,25,0:00:00,0:00:00,0,AGENT,13:49:20,13:50:41,81,ROTH
AA0208,10276,0,0,NE,990916,14:00:10,14:00:21,11,0:00:00,0:00:00,0,AGENT,14:00:20,14:11:46,686,ZOHARI
AA0208,10277,0,0,NW,990916,14:07:32,14:07:35,3,0:00:00,0:00:00,0,HANG,0:00:00,0:00:00,0,NO_SERVER
AA0208,10278,25463316,1,PS,990916,14:12:24,14:12:30,6,14:12:30,14:12:39,9,HANG,0:00:00,0:00:00,0,NO_SERVER
AA0208,10279,0,0,NW,990916,14:20:58,14:21:08,10,14:21:08,14:23:17,129,AGENT,14:23:16,14:23:44,28,STEREN
AA0208,10280,15968878,1,PE,990916,14:32:22,14:32:27,5,14:32:27,14:35:14,167,AGENT,14:35:13,14:39:58,285,MORIAH
AA0208,10281,0,0,NE,990916,14:48:08,14:48:18,10,0:00:00,0:00:00,0,AGENT,14:48:17,14:50:02,105,KAZAV
AA0208,10282,0,0,PS,990916,14:53:11,14:53:20,9,0:00:00,0:00:00,0,AGENT,14:53:19,14:58:36,317,STEREN
AA0208,10283,28711224,1,PS,990916,14:58:24,14:58:30,6,14:58:30,15:02:23,233,HANG,0:00:00,0:00:00,0,NO_SERVER
AA0208,10284,8073371,2,PS,990916,15:08:32,15:08:38,6,15:08:38,15:16:12,454,AGENT,15:16:11,15:21:35,324,DORIT
AA0208,10285,30712699,2,NE,990916,15:23:56,15:24:00,4,15:24:00,15:24:44,44,AGENT,15:24:43,15:34:03,560,ELI
AA0208,10286,15157159,1,PS,990916,15:31:20,15:31:26,6,15:31:26,15:31:58,32,HANG,0:00:00,0:00:00,0,NO_SERVER
AA0208,10287,63730469,1,PS,990916,15:35:12,15:35:17,5,15:35:17,15:35:26,9,HANG,0:00:00,0:00:00,0,NO_SERVER
AA0208,10288,25115155,1,PS,990916,15:39:43,15:39:48,5,15:39:48,15:44:13,265,AGENT,15:44:12,15:50:34,382,ROTH
AA0208,10289,55920755,2,PS,990916,15:52:08,15:52:14,6,15:52:14,15:55:56,222,AGENT,15:55:55,16:02:26,391,DORIT
AA0208,10290,38238598,2,PS,990916,16:04:15,16:04:20,5,16:04:20,16:05:11,51,AGENT,16:05:10,16:05:11,1,AVI
AA0208,10291,0,0,NW,990916,16:15:04,16:15:14,10,16:15:14,16:16:16,62,AGENT,16:16:15,16:17:00,45,AVI
AA0208,10292,0,0,PS,990916,16:29:02,16:29:14,12,0:00:00,0:00:00,0,AGENT,16:29:12,16:35:28,376,GILI
AA0208,10293,61770335,1,PS,990916,16:41:25,16:41:31,6,16:41:31,16:42:26,55,HANG,0:00:00,0:00:00,0,NO_SERVER
AA0208,10294,0,0,NW,990916,16:51:15,16:51:24,9,16:51:24,16:53:17,113,HANG,0:00:00,0:00:00,0,NO_SERVER
AA0208,10295,3519519,1,PS,990916,17:07:48,17:07:54,6,17:07:54,17:10:42,168,AGENT,17:10:40,17:11:22,42,STEREN
AA0208,10296,0,0,NW,990916,17:23:24,17:23:33,9,17:23:33,17:25:31,118,AGENT,17:25:30,17:27:04,94,GOLDIE
AA0208,10297,0,0,NW,990916,17:47:18,17:47:37,19,0:00:00,0:00:00,0,AGENT,17:47:36,17:48:10,34,AVI
AA0208,10298,53357307,2,PS,990916,18:09:56,18:10:02,6,18:10:02,18:10:15,13,AGENT,18:10:14,18:10:43,29,AVI
AA0208,10299,3519519,1,PS,990916,18:31:19,18:31:25,6,18:31:25,18:31:45,20,HANG,0:00:00,0:00:00,0,NO_SERVER
AA0208,10300,0,0,NE,990916,18:59:05,18:59:14,9,0:00:00,0:00:00,0,AGENT,18:59:13,19:01:22,129,VICKY
AA0208,10301,0,0,PS,990916,19:16:21,19:16:29,8,0:00:00,0:00:00,0,AGENT,19:16:28,19:18:29,121,STEREN
AA0208,10302,31439813,1,PS,990916,19:32:34,19:32:39,5,19:32:39,19:32:50,11,AGENT,19:32:49,19:34:05,76,GILI
AA0208,10303,0,0,PS,990916,20:00:38,20:00:47,9,0:00:00,0:00:00,0,AGENT,20:00:46,20:04:51,245,AVNI
AA0208,10304,0,0,PS,990916,20:34:16,20:34:24,8,0:00:00,0:00:00,0,AGENT,20:34:23,20:35:17,54,GILI
AA0208,10305,0,0,PS,990916,21:02:06,21:02:43,37,0:00:00,0:00:00,0,AGENT,21:02:42,21:04:53,131,STEREN
AA0208,10306,0,0,PS,990916,21:42:04,21:42:18,14,0:00:00,0:00:00,0,AGENT,21:42:16,21:42:42,26,AVI
AA0208,10307,44461135,2,PS,990916,22:01:51,22:01:57,6,22:01:57,22:02:53,56,HANG,0:00:00,0:00:00,0,NO_SERVER
AA0208,10308,30088660,2,PS,990916,22:16:19,22:16:24,5,22:16:24,22:17:25,61,HANG,0:00:00,0:00:00,0,NO_SERVER
AA0208,10309,0,0,PS,990916,22:41:50,22:42:01,11,0:00:00,0:00:00,0,AGENT,22:42:00,22:43:22,82,VICKY
AA0208,10310,0,0,NW,990916,23:17:34,23:17:43,9,23:17:43,23:18:57,74,AGENT,23:18:56,23:19:34,38,AVNI
AA0208,10311,0,0,PS,990917,0:16:57,0:17:14,17,0:00:00,0:00:00,0,HANG,0:00:00,0:00:00,0,NO_SERVER
AA0208,10312,0,0,PS,990917,7:10:54,7:11:07,13,0:00:00,0:00:00,0,AGENT,7:11:06,7:24:43,817,MORIAH
AA0208,10313,64426406,2,PS,990917,7:49:26,7:49:31,5,7:49:31,7:50:02,31,AGENT,7:50:01,7:52:46,165,DORIT
AA0208,10314,0,0,NW,990917,8:16:38,8:16:51,13,0:00:00,0:00:00,0,AGENT,8:16:49,8:19:01,132,STEREN
AA0208,10315,0,0,PS,990917,8:37:03,8:37:19,16,0:00:00,0:00:00,0,AGENT,8:37:18,8:37:50,32,BENSION
AA0208,10316,59859413,1,PS,990917,8:47:18,8:47:23,5,8:47:23,8:48:31,68,AGENT,8:48:30,8:48:33,3,MORIAH
AA0208,10317,56776388,1,PS,990917,8:57:38,8:57:43,5,8:57:43,8:59:25,102,AGENT,8:59:24,9:00:17,53,SHARON
AA0208,10318,32294357,2,PS,990917,9:14:42,9:14:48,6,9:14:48,9:17:47,179,AGENT,9:17:45,9:18:50,65,STEREN
AA0208,10319,55348460,2,PS,990917,9:33:41,9:33:47,6,9:33:47,9:33:59,12,HANG,9:34:00,9:34:04,4,NO_SERVER
AA0208,10320,0,0,NW,990917,9:43:18,9:43:28,10,9:43:28,9:46:11,163,AGENT,9:46:10,9:46:24,14,SHARON
AA0208,10321,22473201,1,PS,990917,9:56:22,9:56:28,6,9:56:28,9:57:54,86,HANG,0:00:00,0:00:00,0,NO_SERVER
AA0208,10322,32065666,1,PS,990917,10:09:29,10:09:36,7,10:09:36,10:09:40,4,AGENT,10:09:39,10:10:25,46,BENSION
AA0208,10323,0,0,NW,990917,10:23:47,10:24:01,14,0:00:00,0:00:00,0,AGENT,10:24:01,10:24:57,56,SHARON
AA0208,10324,0,0,PS,990917,10:43:05,10:43:19,14,0:00:00,0:00:00,0,AGENT,10:43:18,10:46:03,165,DORIT
AA0208,10325,0,0,PS,990917,11:02:03,11:02:11,8,0:00:00,0:00:00,0,AGENT,11:02:10,11:05:32,202,STEREN
AA0208,10326,34399295,1,PS,990917,11:18:34,11:18:39,5,11:18:39,11:18:47,8,HANG,0:00:00,0:00:00,0,NO_SERVER
AA0208,10327,0,0,PS,990917,11:33:11,11:33:26,15,0:00:00,0:00:00,0,AGENT,11:33:25,11:37:24,239,BENSION
AA0208,10328,57143448,1,PS,990917,11:52:18,11:52:24,6,11:52:24,11:52:29,5,AGENT,11:52:28,11:53:08,40,SHARON
AA0208,10329,28027399,1,PS,990917,12:17:17,12:17:23,6,12:17:23,12:17:44,21,AGENT,12:17:43,12:24:41,418,SHARON
AA0208,10330,0,0,PS,990917,12:38:19,12:38:30,11,0:00:00,0:00:00,0,AGENT,12:38:29,12:39:32,63,BENSION
AA0208,10331,0,0,PS,990917,13:10:49,13:10:58,9,0:00:00,0:00:00,0,AGENT,13:10:57,13:13:20,143,DORIT
AA0208,10332,0,0,NE,990917,13:40:02,13:40:14,12,0:00:00,0:00:00,0,AGENT,13:40:13,13:41:47,94,BENSION
AA0208,10334,0,0,PS,990917,14:30:19,14:30:19,0,0:00:00,0:00:00,0,HANG,0:00:00,0:00:00,0,NO_SERVER
AA0208,10335,0,0,PS,990917,15:35:02,15:35:45,43,0:00:00,0:00:00,0,HANG,0:00:00,0:00:00,0,NO_SERVER
AA0208,10336,0,0,NW,990917,23:02:40,23:02:48,8,0:00:00,0:00:00,0,HANG,0:00:00,0:00:00,0,NO_SERVER
AA0208,10337,0,0,PS,990918,19:24:13,19:24:39,26,0:00:00,0:00:00,0,HANG,0:00:00,0:00:00,0,NO_SERVER
AA0208,10338,0,0,PS,990918,20:04:01,20:04:11,10,0:00:00,0:00:00,0,AGENT,20:04:11,20:06:28,137,SHARON
AA0208,10339,29444049,2,PS,990918,20:40:29,20:40:34,5,20:40:34,20:41:11,37,AGENT,20:41:10,20:45:14,244,DARMON
AA0208,10340,0,0,NW,990918,21:08:44,21:08:53,9,21:08:53,21:09:17,24,HANG,0:00:00,0:00:00,0,NO_SERVER
AA0208,10341,0,0,PS,990918,21:52:58,21:53:07,9,0:00:00,0:00:00,0,AGENT,21:53:06,21:59:50,404,DORIT
AA0208,10342,0,0,NW,990918,22:27:39,22:27:52,13,0:00:00,0:00:00,0,AGENT,22:27:51,22:30:00,129,DORIT
AA0208,10343,0,0,PS,990918,23:42:08,23:42:16,8,0:00:00,0:00:00,0,AGENT,23:42:15,23:46:45,270,SHARON
AA0208,10344,0,0,PS,990919,7:01:18,7:01:34,16,0:00:00,0:00:00,0,AGENT,7:01:34,7:05:43,249,ANAT
AA0208,10345,0,0,NW,990919,7:42:27,7:42:44,17,0:00:00,0:00:00,0,AGENT,7:42:44,7:43:03,19,SHARON
AA0208,10346,0,0,PS,990919,8:04:13,8:04:24,11,0:00:00,0:00:00,0,AGENT,8:04:22,8:06:20,118,YIFAT
AA0208,10347,0,0,PS,990919,8:24:45,8:24:55,10,0:00:00,0:00:00,0,AGENT,8:24:54,8:26:32,98,GILI
AA0208,10348,0,0,PS,990919,8:37:08,8:37:18,10,0:00:00,0:00:00,0,AGENT,8:37:17,8:42:06,289,TOVA
AA0208,10349,0,0,NW,990919,8:46:14,8:46:27,13,0:00:00,0:00:00,0,AGENT,8:46:26,8:46:47,21,AVNI
AA0208,10350,25688045,1,PS,990919,8:54:50,8:54:55,5,8:54:55,8:55:01,6,AGENT,8:55:01,8:55:35,34,MORIAH
AA0208,10351,0,0,PS,990919,9:05:47,9:05:56,9,0:00:00,0:00:00,0,AGENT,9:05:54,9:06:56,62,MORIAH
AA0208,10352,0,0,PS,990919,9:22:44,9:22:54,10,0:00:00,0:00:00,0,AGENT,9:22:53,9:23:47,54,GILI
AA0208,10353,10587137,2,NE,990919,9:40:02,9:40:08,6,9:40:08,9:40:53,45,AGENT,9:40:52,9:44:12,200,AVNI
AA0208,10354,0,0,PS,990919,9:55:17,9:55:28,11,0:00:00,0:00:00,0,AGENT,9:55:27,10:01:02,335,GILI
AA0208,10355,0,0,PS,990919,10:20:59,10:21:07,8,0:00:00,0:00:00,0,AGENT,10:21:07,10:23:08,121,ROTH
AA0208,10356,0,0,PS,990919,10:55:56,10:56:05,9,0:00:00,0:00:00,0,AGENT,10:56:04,10:59:01,177,AVNI
AA0208,10357,0,0,PS,990919,11:30:15,11:30:25,10,0:00:00,0:00:00,0,AGENT,11:30:25,11:38:28,483,SHARON
AA0208,10358,0,0,NW,990919,16:26:42,16:27:01,19,0:00:00,0:00:00,0,HANG,0:00:00,0:00:00,0,NO_SERVER
AA0208,10359,0,0,PS,990920,20:42:45,20:43:03,18,0:00:00,0:00:00,0,HANG,0:00:00,0:00:00,0,NO_SERVER
AA0208,10360,0,0,PS,990920,21:23:24,21:23:38,14,0:00:00,0:00:00,0,AGENT,21:23:37,21:25:03,86,DORIT
AA0208,10361,0,0,PS,990920,21:47:50,21:48:05,15,0:00:00,0:00:00,0,AGENT,21:48:04,21:49:12,68,DORIT
AA0208,10362,0,0,PS,990920,22:19:14,22:19:24,10,0:00:00,0:00:00,0,AGENT,22:19:24,22:19:28,4,NO_SERVER
AA0208,10363,0,0,PS,990920,22:48:19,22:48:29,10,0:00:00,0:00:00,0,AGENT,22:48:28,22:50:52,144,SHARON
AA0208,10364,23860497,2,PS,990920,23:21:10,23:21:16,6,23:21:16,23:21:33,17,AGENT,23:21:33,23:23:41,128,SHARON
AA0208,10365,0,0,PS,990921,0:17:59,0:18:15,16,0:00:00,0:00:00,0,HANG,0:00:00,0:00:00,0,NO_SERVER
AA0208,10366,0,0,PS,990921,6:08:02,6:08:57,55,0:00:00,0:00:00,0,HANG,0:00:00,0:00:00,0,NO_SERVER
AA0208,10367,0,0,PS,990921,7:24:00,7:24:16,16,0:00:00,0:00:00,0,AGENT,7:24:15,7:25:45,90,AVI
AA0208,10368,0,0,PS,990921,7:39:00,7:39:09,9,0:00:00,0:00:00,0,AGENT,7:39:08,7:40:12,64,AVI
AA0208,10369,0,0,PS,990921,8:02:15,8:02:24,9,0:00:00,0:00:00,0,AGENT,8:02:23,8:04:34,131,ANAT
AA0208,10370,0,0,NW,990921,8:20:03,8:20:20,17,0:00:00,0:00:00,0,AGENT,8:20:19,8:20:37,18,ANAT
AA0208,10371,0,0,PS,990921,8:37:53,8:38:03,10,0:00:00,0:00:00,0,AGENT,8:38:02,8:42:17,255,KAZAV
AA0208,10372,0,0,NW,990921,8:47:58,8:48:07,9,8:48:07,8:48:13,6,HANG,0:00:00,0:00:00,0,NO_SERVER
AA0208,10373,0,0,NW,990921,9:03:17,9:03:27,10,0:00:00,0:00:00,0,HANG,0:00:00,0:00:00,0,NO_SERVER
AA0208,10374,0,0,NE,990921,9:16:50,9:17:02,12,0:00:00,0:00:00,0,AGENT,9:17:01,9:19:01,120,MORIAH
AA0208,10375,0,0,PS,990921,9:24:55,9:25:04,9,0:00:00,0:00:00,0,AGENT,9:25:03,9:45:58,1255,ROTH
AA0208,10376,0,0,PS,990921,9:36:36,9:36:47,11,0:00:00,0:00:00,0,AGENT,9:36:46,9:37:36,50,AVI
AA0208,10377,31491459,1,PS,990921,9:46:29,9:46:35,6,9:46:35,9:47:34,59,AGENT,9:47:33,9:47:35,2,MORIAH
AA0208,10378,3267788,2,PS,990921,9:52:40,9:52:45,5,9:52:45,9:52:59,14,AGENT,9:52:59,9:53:01,2,MORIAH
AA0208,10379,22681993,2,NE,990921,9:58:12,9:58:17,5,9:58:17,9:58:20,3,AGENT,9:58:19,10:00:48,149,ELI
AA0208,10380,25546482,2,PS,990921,10:05:25,10:05:30,5,10:05:30,10:05:39,9,AGENT,10:05:38,10:11:16,338,YIFAT
AA0208,10381,22263115,2,PS,990921,10:11:50,10:11:56,6,10:11:56,10:12:55,59,AGENT,10:12:54,10:14:20,86,DORIT
AA0208,10382,0,0,NW,990921,10:18:36,10:18:46,10,10:18:46,10:19:42,56,HANG,0:00:00,0:00:00,0,NO_SERVER
AA0208,10383,0,0,PS,990921,10:26:40,10:26:50,10,0:00:00,0:00:00,0,AGENT,10:26:48,10:27:22,34,DORIT
AA0208,10384,0,0,PS,990921,10:35:26,10:35:43,17,0:00:00,0:00:00,0,AGENT,10:35:41,10:37:10,89,YIFAT
AA0208,10385,0,0,NW,990921,10:43:12,10:43:21,9,10:43:21,10:45:47,146,AGENT,10:45:47,10:46:29,42,AVI
AA0208,10386,28610996,1,PS,990921,10:54:11,10:54:17,6,10:54:17,10:54:26,9,AGENT,10:54:25,10:55:18,53,DORIT
AA0208,10387,30442495,2,PS,990921,10:59:04,10:59:09,5,10:59:09,11:00:23,74,AGENT,11:00:22,11:06:26,364,YIFAT
AA0208,10388,13000567,2,PS,990921,11:07:42,11:07:47,5,11:07:47,11:08:47,60,AGENT,11:08:46,11:11:17,151,YIFAT
AA0208,10389,28948453,1,PS,990921,11:15:25,11:15:31,6,11:15:31,11:18:18,167,AGENT,11:18:18,11:19:46,88,BASCH
AA0208,10390,0,0,PS,990921,11:25:56,11:26:05,9,0:00:00,0:00:00,0,AGENT,11:26:04,11:26:58,54,ANAT
AA0208,10391,0,0,PS,990921,11:39:55,11:40:03,8,0:00:00,0:00:00,0,AGENT,11:40:02,11:41:45,103,MORIAH
AA0208,10392,33873589,2,PS,990921,11:48:34,11:48:40,6,11:48:40,11:50:06,86,AGENT,11:50:05,11:52:22,137,BASCH
AA0208,10393,0,0,PS,990921,12:01:02,12:01:13,11,0:00:00,0:00:00,0,AGENT,12:01:12,12:02:16,64,ROTH
AA0208,10394,0,0,PS,990921,12:11:11,12:11:20,9,0:00:00,0:00:00,0,AGENT,12:11:20,12:12:23,63,MORIAH
AA0208,10395,0,0,PS,990921,12:25:47,12:25:59,12,0:00:00,0:00:00,0,AGENT,12:25:59,12:26:43,44,BASCH
AA0208,10396,0,0,PS,990921,12:35:39,12:35:48,9,0:00:00,0:00:00,0,AGENT,12:35:48,12:37:49,121,AVNI
AA0208,10397,0,0,PS,990921,12:49:49,12:50:04,15,0:00:00,0:00:00,0,AGENT,12:50:03,12:54:32,269,AVI
AA0208,10398,0,0,NE,990921,13:05:49,13:06:00,11,0:00:00,0:00:00,0,AGENT,13:05:59,13:09:43,224,ANAT
AA0208,10399,0,0,PS,990921,13:14:12,13:14:26,14,0:00:00,0:00:00,0,AGENT,13:14:24,13:15:58,94,ANAT
AA0208,10400,54145529,2,PS,990921,13:29:20,13:29:25,5,13:29:25,13:32:57,212,AGENT,13:32:57,13:34:41,104,BASCH
AA0208,10401,22263115,2,PS,990921,13:39:34,13:39:39,5,13:39:39,13:39:50,11,HANG,0:00:00,0:00:00,0,NO_SERVER
AA0208,10402,56765985,2,PS,990921,13:45:52,13:45:58,6,13:45:58,13:46:06,8,AGENT,13:46:04,13:54:42,518,ROTH
AA0208,10403,0,0,NW,990921,13:55:01,13:55:10,9,13:55:10,13:55:24,14,AGENT,13:55:23,13:59:28,245,ROTH
AA0208,10404,0,0,PS,990921,14:04:38,14:04:46,8,0:00:00,0:00:00,0,AGENT,14:04:45,14:06:55,130,ROTH
AA0208,10405,0,0,PS,990921,14:15:46,14:15:58,12,0:00:00,0:00:00,0,AGENT,14:15:58,14:17:42,104,VICKY
AA0208,10406,0,0,PS,990921,14:27:33,14:27:46,13,0:00:00,0:00:00,0,AGENT,14:27:45,14:28:27,42,BASCH
AA0208,10407,0,0,PS,990921,14:42:20,14:42:35,15,0:00:00,0:00:00,0,AGENT,14:42:35,14:45:24,169,BASCH
AA0208,10408,0,0,PS,990921,14:54:51,14:55:02,11,0:00:00,0:00:00,0,AGENT,14:55:01,14:56:18,77,DORIT
AA0208,10409,54210620,2,PS,990921,15:07:32,15:07:37,5,15:07:37,15:09:12,95,AGENT,15:09:11,15:11:39,148,ROTH
AA0208,10410,9734765,2,PS,990921,15:18:21,15:18:27,6,15:18:27,15:18:30,3,AGENT,15:18:29,15:28:52,623,ROTH
AA0208,10411,4522207,2,PS,990921,15:27:11,15:27:17,6,15:27:17,15:28:57,100,AGENT,15:28:56,15:30:58,122,ROTH
AA0208,10412,59648238,2,PS,990921,15:35:29,15:35:35,6,15:35:35,15:35:55,20,AGENT,15:35:54,15:36:25,31,TOVA
AA0208,10413,0,0,NW,990921,15:46:36,15:46:45,9,15:46:45,15:48:04,79,HANG,0:00:00,0:00:00,0,NO_SERVER
AA0208,10414,30712699,2,NE,990921,15:58:11,15:58:16,5,15:58:16,15:58:51,35,AGENT,15:58:50,16:11:12,742,ELI
AA0208,10415,9682923,2,NE,990921,16:06:25,16:06:31,6,16:06:31,16:07:04,33,AGENT,16:07:04,16:11:40,276,TOVA
AA0208,10416,0,0,PS,990921,16:17:19,16:17:31,12,0:00:00,0:00:00,0,AGENT,16:17:30,16:19:57,147,BENSION
AA0208,10417,0,0,PS,990921,16:28:47,16:28:57,10,0:00:00,0:00:00,0,AGENT,16:28:55,16:31:52,177,AVNI
AA0208,10418,0,0,NW,990921,16:39:10,16:39:22,12,0:00:00,0:00:00,0,AGENT,16:39:20,16:41:16,116,YITZ
AA0208,10419,0,0,NE,990921,16:59:18,16:59:27,9,0:00:00,0:00:00,0,AGENT,16:59:26,17:05:35,369,AVNI
AA0208,10420,0,0,NW,990921,17:13:43,17:13:52,9,17:13:52,17:13:59,7,AGENT,17:13:58,17:15:09,71,YITZ
AA0208,10421,0,0,NW,990921,17:32:27,17:32:36,9,17:32:36,17:33:12,36,AGENT,17:33:11,17:37:34,263,PINHAS
AA0208,10422,0,0,NW,990921,17:55:43,17:56:02,19,0:00:00,0:00:00,0,AGENT,17:56:01,17:57:34,93,GOLDIE
AA0208,10423,49996945,2,PS,990921,18:11:17,18:11:23,6,18:11:23,18:11:31,8,AGENT,18:11:30,18:12:45,75,GOLDIE
AA0208,10424,0,0,PS,990921,18:29:32,18:29:46,14,0:00:00,0:00:00,0,AGENT,18:29:45,18:31:39,114,GOLDIE
AA0208,10425,0,0,PS,990921,18:52:08,18:52:17,9,0:00:00,0:00:00,0,AGENT,18:52:17,18:53:26,69,BENSION
AA0208,10426,0,0,PS,990921,19:13:58,19:14:08,10,0:00:00,0:00:00,0,AGENT,19:14:07,19:15:54,107,VICKY
AA0208,10427,55279970,2,NE,990921,19:41:09,19:41:15,6,19:41:15,19:42:23,68,AGENT,19:42:22,20:00:59,1117,STEREN
AA0208,10428,0,0,NW,990921,19:57:30,19:57:48,18,0:00:00,0:00:00,0,AGENT,19:57:48,19:58:03,15,BENSION
AA0208,10429,0,0,PS,990921,20:25:29,20:25:40,11,0:00:00,0:00:00,0,AGENT,20:25:40,20:27:23,103,ZOHARI
AA0208,10430,0,0,PS,990921,20:45:10,20:45:35,25,0:00:00,0:00:00,0,AGENT,20:45:34,20:47:35,121,STEREN
AA0208,10431,0,0,NW,990921,21:04:00,21:04:12,12,0:00:00,0:00:00,0,AGENT,21:04:11,21:04:25,14,YITZ
AA0208,10432,0,0,NW,990921,21:20:37,21:20:42,5,0:00:00,0:00:00,0,HANG,0:00:00,0:00:00,0,NO_SERVER
AA0208,10433,0,0,PS,990921,21:42:41,21:42:51,10,0:00:00,0:00:00,0,AGENT,21:42:50,21:43:14,24,GILI
AA0208,10434,0,0,PS,990921,22:01:02,22:01:13,11,0:00:00,0:00:00,0,AGENT,22:01:12,22:05:13,241,GOLDIE
AA0208,10435,0,0,PS,990921,22:24:00,22:24:09,9,0:00:00,0:00:00,0,AGENT,22:24:09,22:25:11,62,GILI
AA0208,10436,0,0,PS,990921,22:55:53,22:56:06,13,0:00:00,0:00:00,0,AGENT,22:56:05,22:56:44,39,BENSION
AA0208,10437,54196217,2,PS,990921,23:16:02,23:16:08,6,23:16:08,23:16:45,37,PHANTOM,23:16:44,23:16:48,4,NO_SERVER
AA0208,10438,51822252,2,PS,990921,23:51:46,23:51:51,5,23:51:51,23:52:40,49,HANG,0:00:00,0:00:00,0,NO_SERVER
AA0208,10439,0,0,NE,990922,6:58:49,6:59:02,13,0:00:00,0:00:00,0,AGENT,6:59:01,7:01:01,120,ZOHARI
AA0208,10440,51897981,1,PS,990922,7:29:44,7:29:49,5,7:29:49,7:29:58,9,HANG,0:00:00,0:00:00,0,NO_SERVER
AA0208,10441,0,0,PS,990922,7:52:53,7:53:04,11,0:00:00,0:00:00,0,AGENT,7:53:03,7:57:22,259,GOLDIE
AA0208,10442,0,0,PS,990922,8:13:38,8:13:52,14,0:00:00,0:00:00,0,AGENT,8:13:52,8:19:10,318,TOVA
AA0208,10443,0,0,NW,990922,8:28:46,8:28:56,10,8:28:56,8:30:58,122,HANG,0:00:00,0:00:00,0,NO_SERVER
AA0208,10444,65525735,2,PS,990922,8:44:50,8:44:56,6,8:44:56,8:45:00,4,AGENT,8:45:00,8:46:25,85,KAZAV
AA0208,10445,0,0,NW,990922,8:55:36,8:55:45,9,8:55:45,8:56:33,48,HANG,0:00:00,0:00:00,0,NO_SERVER
AA0208,10446,0,0,PS,990922,9:05:40,9:05:53,13,0:00:00,0:00:00,0,AGENT,9:05:52,9:08:13,141,ZOHARI
AA0208,10447,0,0,NW,990922,9:13:57,9:14:06,9,9:14:06,9:17:12,186,AGENT,9:17:11,9:18:19,68,KAZAV
AA0208,10448,0,0,NW,990922,9:23:26,9:23:35,9,9:23:35,9:24:27,52,AGENT,9:24:27,9:25:36,69,ROTH
AA0208,10449,0,0,PS,990922,9:38:01,9:38:09,8,0:00:00,0:00:00,0,AGENT,9:38:08,9:38:10,2,TOVA
AA0208,10450,33436528,1,PS,990922,9:46:42,9:46:47,5,9:46:47,9:47:39,52,AGENT,9:47:37,9:48:09,32,STEREN
AA0208,10451,31451099,1,PS,990922,9:54:53,9:54:58,5,9:54:58,9:55:57,59,AGENT,9:55:56,9:57:23,87,YIFAT
AA0208,10452,0,0,NE,990922,10:05:21,10:05:32,11,0:00:00,0:00:00,0,AGENT,10:05:31,10:11:42,371,ELI
AA0208,10453,0,0,NE,990922,10:13:28,10:13:39,11,0:00:00,0:00:00,0,AGENT,10:13:37,10:14:35,58,KAZAV
AA0208,10454,11221934,2,PS,990922,10:21:49,10:21:54,5,10:21:54,10:22:19,25,HANG,0:00:00,0:00:00,0,NO_SERVER
AA0208,10455,0,0,PS,990922,10:29:09,10:29:18,9,0:00:00,0:00:00,0,AGENT,10:29:18,10:31:24,126,VICKY
AA0208,10456,59017608,1,PS,990922,10:34:31,10:34:36,5,10:34:36,10:36:08,92,AGENT,10:36:07,10:36:50,43,TOVA
AA0208,10457,0,0,PS,990922,10:44:13,10:44:21,8,0:00:00,0:00:00,0,AGENT,10:44:20,10:46:19,119,STEREN
AA0208,10458,0,0,PS,990922,10:52:52,10:53:01,9,0:00:00,0:00:00,0,AGENT,10:53:00,10:55:55,175,VICKY
AA0208,10459,0,0,PS,990922,11:01:32,11:01:43,11,0:00:00,0:00:00,0,AGENT,11:01:42,11:08:21,399,ZOHARI
AA0208,10460,34818641,1,NE,990922,11:07:08,11:07:14,6,11:07:14,11:08:06,52,HANG,0:00:00,0:00:00,0,NO_SERVER
AA0208,10461,0,0,PS,990922,11:14:44,11:14:54,10,0:00:00,0:00:00,0,AGENT,11:14:53,11:22:52,479,AVNI
AA0208,10462,56364904,1,PS,990922,11:23:55,11:24:00,5,11:24:00,11:27:41,221,AGENT,11:27:40,11:30:42,182,TOVA
AA0208,10463,31486442,1,PS,990922,11:35:07,11:35:12,5,11:35:12,11:36:04,52,AGENT,11:36:04,11:37:19,75,TOVA
AA0208,10464,23895501,2,PS,990922,11:44:57,11:45:03,6,11:45:03,11:45:41,38,AGENT,11:45:40,11:47:21,101,VICKY
AA0208,10465,0,0,NW,990922,11:52:09,11:52:19,10,11:52:19,11:52:49,30,AGENT,11:52:48,11:55:32,164,ROTH
AA0208,10466,25674631,1,PS,990922,12:00:17,12:00:23,6,12:00:23,12:00:51,28,AGENT,12:00:50,12:07:02,372,ROTH
AA0208,10467,0,0,PS,990922,12:13:47,12:14:04,17,0:00:00,0:00:00,0,AGENT,12:14:03,12:15:48,105,VICKY
AA0208,10468,32287468,1,PS,990922,12:25:55,12:26:01,6,12:26:01,12:27:10,69,HANG,0:00:00,0:00:00,0,NO_SERVER
AA0208,10469,38271672,1,PS,990922,12:38:40,12:38:46,6,12:38:46,12:39:37,51,AGENT,12:39:36,12:43:36,240,KAZAV
AA0208,10470,0,0,PS,990922,12:55:02,12:55:12,10,0:00:00,0:00:00,0,AGENT,12:55:10,13:01:37,387,GOLDIE
AA0208,10471,57070534,2,PS,990922,13:09:49,13:09:54,5,13:09:54,13:10:11,17,PHANTOM,13:10:10,13:10:14,4,NO_SERVER
AA0208,10472,0,0,PS,990922,13:23:57,13:24:05,8,0:00:00,0:00:00,0,AGENT,13:24:05,13:25:52,107,ROTH
AA0208,10473,0,0,PS,990922,13:39:01,13:39:09,8,0:00:00,0:00:00,0,AGENT,13:39:09,13:40:39,90,ROTH
AA0208,10474,0,0,PS,990922,13:51:49,13:51:57,8,0:00:00,0:00:00,0,AGENT,13:51:57,13:55:35,218,AVNI
AA0208,10475,0,0,PS,990922,14:10:05,14:10:14,9,0:00:00,0:00:00,0,AGENT,14:10:13,14:15:44,331,BASCH
AA0208,10476,0,0,PS,990922,14:20:47,14:20:56,9,0:00:00,0:00:00,0,AGENT,14:20:55,14:25:01,246,ZOHARI
AA0208,10477,0,0,PS,990922,14:36:41,14:36:51,10,0:00:00,0:00:00,0,AGENT,14:36:50,14:38:22,92,AVNI
AA0208,10478,0,0,PS,990922,14:49:31,14:49:42,11,0:00:00,0:00:00,0,AGENT,14:49:41,14:51:19,98,KAZAV
AA0208,10479,0,0,NE,990922,14:57:55,14:58:08,13,0:00:00,0:00:00,0,AGENT,14:58:07,15:01:42,215,ELI
AA0208,10480,0,0,NW,990922,15:10:33,15:10:42,9,15:10:42,15:11:48,66,AGENT,15:11:47,15:12:18,31,KAZAV
AA0208,10481,55626493,1,PS,990922,15:20:41,15:20:47,6,15:20:47,15:21:24,37,AGENT,15:21:24,15:24:23,179,BASCH
AA0208,10482,0,0,PS,990922,15:31:16,15:31:28,12,0:00:00,0:00:00,0,AGENT,15:31:27,15:34:22,175,DORIT
AA0208,10483,0,0,NE,990922,15:37:45,15:37:53,8,0:00:00,0:00:00,0,AGENT,15:37:53,15:40:37,164,STEREN
AA0208,10484,0,0,PS,990922,15:46:54,15:47:02,8,0:00:00,0:00:00,0,AGENT,15:47:01,15:48:54,113,MORIAH
AA0208,10485,0,0,PS,990922,16:11:30,16:11:41,11,0:00:00,0:00:00,0,AGENT,16:11:40,16:15:36,236,BASCH
AA0208,10486,0,0,NW,990922,16:20:54,16:21:05,11,0:00:00,0:00:00,0,AGENT,16:21:09,16:21:48,39,NO_SERVER
AA0208,10487,0,0,PS,990922,16:30:12,16:30:24,12,0:00:00,0:00:00,0,AGENT,16:30:23,16:31:33,70,ANAT
AA0208,10488,0,0,NW,990922,16:50:15,16:50:33,18,0:00:00,0:00:00,0,AGENT,16:50:32,16:51:05,33,BENSION
AA0208,10489,0,0,PS,990922,17:00:59,17:01:09,10,0:00:00,0:00:00,0,AGENT,17:01:07,17:03:14,127,DORIT
AA0208,10490,0,0,PS,990922,17:19:05,17:19:14,9,0:00:00,0:00:00,0,AGENT,17:19:13,17:20:25,72,DORIT
AA0208,10491,0,0,PS,990922,17:43:20,17:43:30,10,0:00:00,0:00:00,0,AGENT,17:43:29,17:46:07,158,YITZ
AA0208,10492,0,0,PS,990922,18:03:46,18:03:54,8,0:00:00,0:00:00,0,AGENT,18:03:53,18:06:22,149,MORIAH
AA0208,10493,0,0,PS,990922,18:21:56,18:22:06,10,0:00:00,0:00:00,0,AGENT,18:22:06,18:22:22,16,NO_SERVER
AA0208,10494,0,0,PS,990922,18:39:05,18:39:20,15,0:00:00,0:00:00,0,AGENT,18:39:19,18:40:23,64,ANAT
AA0208,10495,0,0,NE,990922,19:08:29,19:08:42,13,0:00:00,0:00:00,0,AGENT,19:08:40,19:17:21,521,MEIR
AA0208,10496,0,0,PS,990922,19:33:52,19:34:05,13,0:00:00,0:00:00,0,AGENT,19:34:05,19:35:33,88,AVI
AA0208,10497,0,0,NE,990922,19:53:46,19:53:59,13,0:00:00,0:00:00,0,AGENT,19:53:58,19:54:33,35,AVI
AA0208,10498,0,0,PS,990922,20:25:11,20:25:24,13,0:00:00,0:00:00,0,AGENT,20:25:23,20:26:46,83,BENSION
AA0208,10499,0,0,PS,990922,20:54:03,20:54:14,11,0:00:00,0:00:00,0,AGENT,20:54:13,20:55:27,74,BASCH
AA0208,10500,0,0,PS,990922,21:17:52,21:18:52,60,0:00:00,0:00:00,0,AGENT,21:18:51,21:25:22,391,MEIR
AA0208,10501,0,0,NW,990922,21:43:30,21:43:47,17,0:00:00,0:00:00,0,AGENT,21:43:46,21:43:46,0,AVI
AA0208,10502,0,0,NE,990922,22:09:57,22:10:07,10,0:00:00,0:00:00,0,AGENT,22:10:06,22:10:52,46,AVI
AA0208,10503,0,0,NE,990922,22:40:32,22:40:46,14,0:00:00,0:00:00,0,AGENT,22:40:45,22:41:47,62,AVI
AA0208,10504,0,0,PS,990922,23:18:29,23:18:38,9,0:00:00,0:00:00,0,AGENT,23:18:37,23:19:31,54,GILI
AA0208,10505,0,0,PS,990923,0:33:39,0:34:06,27,0:00:00,0:00:00,0,HANG,0:00:00,0:00:00,0,NO_SERVER
AA0208,10506,0,0,PS,990923,7:15:15,7:15:25,10,0:00:00,0:00:00,0,AGENT,7:15:23,7:15:50,27,ANAT
AA0208,10507,59601351,2,PS,990923,7:41:41,7:41:47,6,7:41:47,7:41:56,9,AGENT,7:41:55,7:43:35,100,TOVA
AA0208,10508,0,0,PS,990923,8:08:04,8:08:15,11,0:00:00,0:00:00,0,AGENT,8:08:14,8:09:33,79,ANAT
AA0208,10509,0,0,PS,990923,8:27:11,8:27:26,15,0:00:00,0:00:00,0,AGENT,8:27:25,8:30:56,211,DORIT
AA0208,10510,0,0,NW,990923,8:39:41,8:39:50,9,0:00:00,0:00:00,0,HANG,0:00:00,0:00:00,0,NO_SERVER
AA0208,10511,0,0,NW,990923,8:52:50,8:52:59,9,8:52:59,8:54:35,96,AGENT,8:54:33,8:56:01,88,VICKY
AA0208,10512,0,0,PS,990923,9:05:39,9:05:52,13,0:00:00,0:00:00,0,AGENT,9:05:51,9:11:27,336,ANAT
AA0208,10513,128926,2,PS,990923,9:16:07,9:16:13,6,9:16:13,9:16:26,13,AGENT,9:16:25,9:17:54,89,AVI
AA0208,10514,0,0,NW,990923,9:26:08,9:26:17,9,9:26:17,9:27:07,50,AGENT,9:27:06,9:28:22,76,ANAT
AA0208,10515,0,0,PS,990923,9:38:31,9:38:43,12,0:00:00,0:00:00,0,AGENT,9:38:42,9:52:02,800,YIFAT
AA0208,10516,29530920,2,PS,990923,9:47:07,9:47:13,6,9:47:13,9:47:41,28,AGENT,9:47:41,9:50:30,169,BASCH
AA0208,10517,42943100,2,PS,990923,9:55:16,9:55:21,5,9:55:21,9:56:10,49,AGENT,9:56:09,9:57:34,85,YIFAT
AA0208,10518,0,0,NE,990923,10:03:31,10:03:40,9,0:00:00,0:00:00,0,AGENT,10:03:39,10:05:11,92,TOVA
AA0208,10519,71820039,2,PS,990923,10:11:06,10:11:12,6,10:11:12,10:12:06,54,AGENT,10:12:05,10:17:11,306,DORIT
AA0208,10520,13000567,2,PS,990923,10:18:41,10:18:47,6,10:18:47,10:19:08,21,AGENT,10:19:08,10:22:03,175,ANAT
AA0208,10521,1574243,2,NE,990923,10:25:03,10:25:09,6,10:25:09,10:25:50,41,AGENT,10:25:48,10:26:13,25,ANAT
AA0208,10522,37635950,2,PS,990923,10:32:18,10:32:24,6,10:32:24,10:34:24,120,HANG,10:34:28,10:34:31,3,NO_SERVER
AA0208,10523,34169912,1,PS,990923,10:41:31,10:41:36,5,10:41:36,10:42:49,73,AGENT,10:42:49,10:42:51,2,TOVA
AA0208,10524,5850011,2,PS,990923,10:46:38,10:46:44,6,10:46:44,10:47:23,39,AGENT,10:47:22,10:49:02,100,BASCH
AA0208,10525,24144628,1,PS,990923,10:55:14,10:55:20,6,10:55:20,10:57:17,117,AGENT,10:57:16,10:59:22,126,ANAT
AA0208,10526,16495731,1,PS,990923,11:05:42,11:05:48,6,11:05:48,11:06:03,15,AGENT,11:06:01,11:07:12,71,DORIT
AA0208,10527,58753971,2,PS,990923,11:13:56,11:14:02,6,11:14:02,11:14:28,26,AGENT,11:14:27,11:22:29,482,DORIT
AA0208,10528,0,0,NW,990923,11:24:51,11:25:00,9,11:25:00,11:28:57,237,AGENT,11:28:56,11:30:09,73,AVI
AA0208,10529,0,0,PS,990923,11:37:35,11:37:46,11,0:00:00,0:00:00,0,AGENT,11:37:45,11:39:30,105,VICKY
AA0208,10530,0,0,PS,990923,11:47:59,11:48:10,11,0:00:00,0:00:00,0,AGENT,11:48:10,11:49:28,78,DORIT
AA0208,10531,0,0,PS,990923,12:02:16,12:02:29,13,0:00:00,0:00:00,0,AGENT,12:02:28,12:03:57,89,AVI
AA0208,10532,0,0,PS,990923,12:13:15,12:13:24,9,0:00:00,0:00:00,0,AGENT,12:13:23,12:17:49,266,ANAT
AA0208,10533,0,0,PS,990923,12:22:49,12:23:04,15,0:00:00,0:00:00,0,AGENT,12:23:03,12:24:36,93,BASCH
AA0208,10534,0,0,NE,990923,12:42:30,12:42:39,9,0:00:00,0:00:00,0,AGENT,12:42:38,12:45:27,169,AVI
AA0208,10535,0,0,NW,990923,12:56:17,12:56:26,9,12:56:26,12:56:46,20,HANG,0:00:00,0:00:00,0,NO_SERVER
AA0208,10536,0,0,PS,990923,13:11:05,13:11:17,12,0:00:00,0:00:00,0,AGENT,13:11:16,13:14:18,182,AVI
AA0208,10537,0,0,PS,990923,13:22:38,13:22:48,10,0:00:00,0:00:00,0,AGENT,13:22:47,13:23:57,70,VICKY
AA0208,10538,0,0,PS,990923,13:38:49,13:38:58,9,0:00:00,0:00:00,0,AGENT,13:38:57,13:39:37,40,YIFAT
AA0208,10539,0,0,NW,990923,13:51:27,13:51:42,15,0:00:00,0:00:00,0,AGENT,13:51:41,13:53:36,115,ANAT
AA0208,10540,0,0,NW,990923,13:59:54,14:00:07,13,0:00:00,0:00:00,0,AGENT,14:00:07,14:00:14,7,NO_SERVER
AA0208,10541,8968455,2,PS,990923,14:12:05,14:12:10,5,14:12:10,14:14:48,158,AGENT,14:14:47,14:16:30,103,DORIT
AA0208,10542,0,0,PS,990923,14:25:52,14:26:02,10,0:00:00,0:00:00,0,AGENT,14:26:00,14:27:57,117,BASCH
AA0208,10543,23699390,2,PS,990923,14:40:46,14:40:52,6,14:40:52,14:41:04,12,AGENT,14:41:03,14:41:19,16,BASCH
AA0208,10544,703074,2,PS,990923,14:56:14,14:56:20,6,14:56:20,14:57:25,65,AGENT,14:57:23,15:05:58,515,BASCH
AA0208,10545,306278797,1,PS,990923,15:12:54,15:12:59,5,15:12:59,15:15:01,122,AGENT,15:15:01,15:15:53,52,DORIT
AA0208,10546,0,0,PS,990923,15:29:56,15:30:20,24,0:00:00,0:00:00,0,AGENT,15:30:20,15:31:25,65,DORIT
AA0208,10547,48820351,2,NE,990923,15:40:49,15:40:55,6,15:40:55,15:41:30,35,AGENT,15:41:29,15:48:18,409,ELI
AA0208,10549,0,0,PS,990923,16:01:12,16:01:12,0,0:00:00,0:00:00,0,HANG,0:00:00,0:00:00,0,NO_SERVER
AA0208,10550,0,0,NW,990923,16:16:55,16:17:06,11,0:00:00,0:00:00,0,AGENT,16:17:08,16:17:14,6,NO_SERVER
AA0208,10551,0,0,PS,990923,16:30:57,16:31:11,14,0:00:00,0:00:00,0,AGENT,16:31:10,16:33:17,127,STEREN
AA0208,10552,0,0,PS,990923,16:54:30,16:54:39,9,0:00:00,0:00:00,0,AGENT,16:54:38,16:56:38,120,STEREN
AA0208,10553,54638549,2,PS,990923,17:10:29,17:10:35,6,17:10:35,17:11:06,31,AGENT,17:11:05,17:14:09,184,SHARON
AA0208,10554,0,0,PS,990923,17:35:13,17:35:27,14,0:00:00,0:00:00,0,AGENT,17:35:26,17:36:31,65,SHARON
AA0208,10555,34140863,2,PS,990923,17:57:06,17:57:11,5,17:57:11,17:57:55,44,HANG,0:00:00,0:00:00,0,NO_SERVER
AA0208,10556,0,0,NW,990923,18:28:26,18:28:38,12,0:00:00,0:00:00,0,AGENT,18:28:37,18:30:18,101,YITZ
AA0208,10557,0,0,PS,990923,18:52:12,18:52:22,10,0:00:00,0:00:00,0,AGENT,18:52:20,18:53:41,81,ZOHARI
AA0208,10558,0,0,PS,990923,19:19:49,19:19:58,9,0:00:00,0:00:00,0,AGENT,19:19:57,19:23:33,216,GILI
AA0208,10559,0,0,NW,990923,19:47:42,19:48:06,24,0:00:00,0:00:00,0,AGENT,19:48:05,19:50:16,131,YITZ
AA0208,10560,0,0,PS,990923,20:10:45,20:10:54,9,0:00:00,0:00:00,0,AGENT,20:10:53,20:11:49,56,AVNI
AA0208,10561,0,0,PS,990923,20:56:41,20:56:51,10,0:00:00,0:00:00,0,AGENT,20:56:50,21:17:35,1245,YITZ
AA0208,10562,0,0,PS,990923,21:43:33,21:43:46,13,0:00:00,0:00:00,0,AGENT,21:43:46,21:47:04,198,GILI
AA0208,10563,0,0,PS,990923,22:20:26,22:20:36,10,0:00:00,0:00:00,0,AGENT,22:20:34,22:22:59,145,STEREN
AA0208,10564,0,0,PS,990923,23:08:55,23:09:04,9,0:00:00,0:00:00,0,AGENT,23:09:03,23:12:22,199,GILI
AA0208,10565,62333810,1,PS,990923,23:48:02,23:48:08,6,23:48:08,23:48:18,10,AGENT,23:48:17,23:54:10,353,AVNI
AA0208,10566,0,0,PS,990924,7:04:51,7:05:00,9,0:00:00,0:00:00,0,AGENT,7:04:59,7:06:07,68,SHARON
AA0208,10567,0,0,PS,990924,7:53:46,7:53:55,9,0:00:00,0:00:00,0,AGENT,7:53:54,7:57:27,213,ANAT
AA0208,10568,0,0,PS,990924,8:22:07,8:22:20,13,0:00:00,0:00:00,0,AGENT,8:22:20,8:30:08,468,ELI
AA0208,10569,0,0,NW,990924,8:43:22,8:43:31,9,8:43:31,8:43:50,19,HANG,0:00:00,0:00:00,0,NO_SERVER
AA0208,10570,0,0,PS,990924,9:00:24,9:00:34,10,0:00:00,0:00:00,0,AGENT,9:00:32,9:02:00,88,BASCH
AA0208,10571,0,0,PS,990924,9:27:11,9:27:26,15,0:00:00,0:00:00,0,AGENT,9:27:25,9:28:51,86,ANAT
AA0208,10572,28622421,1,PS,990924,9:47:41,9:47:46,5,9:47:46,9:47:55,9,HANG,0:00:00,0:00:00,0,NO_SERVER
AA0208,10573,0,0,PS,990924,9:59:45,10:00:00,15,0:00:00,0:00:00,0,AGENT,9:59:59,10:04:47,288,SHARON
AA0208,10574,0,0,PS,990924,10:24:58,10:25:13,15,0:00:00,0:00:00,0,AGENT,10:25:13,10:26:41,88,ANAT
AA0208,10575,0,0,PS,990924,10:44:12,10:44:25,13,0:00:00,0:00:00,0,AGENT,10:44:24,10:44:57,33,BASCH
AA0208,10576,0,0,NW,990924,10:57:59,10:58:09,10,10:58:09,11:02:00,231,AGENT,11:01:59,11:04:08,129,SHARON
AA0208,10577,0,0,PS,990924,11:18:10,11:18:20,10,0:00:00,0:00:00,0,AGENT,11:18:20,11:19:22,62,ANAT
AA0208,10578,0,0,PS,990924,11:58:18,11:58:30,12,0:00:00,0:00:00,0,AGENT,11:58:29,12:04:59,390,ANAT
AA0208,10579,0,0,NW,990924,12:12:43,12:12:52,9,12:12:52,12:13:41,49,HANG,0:00:00,0:00:00,0,NO_SERVER
AA0208,10580,0,0,PS,990924,12:37:19,12:37:30,11,0:00:00,0:00:00,0,AGENT,12:37:29,12:38:51,82,DORIT
AA0208,10581,0,0,PS,990924,13:05:34,13:05:44,10,0:00:00,0:00:00,0,AGENT,13:05:44,13:09:39,235,SHARON
AA0208,10582,0,0,PS,990924,13:40:57,13:41:06,9,0:00:00,0:00:00,0,AGENT,13:41:05,13:41:08,3,NO_SERVER
AA0208,10583,0,0,NW,990924,14:57:34,14:57:59,25,0:00:00,0:00:00,0,HANG,0:00:00,0:00:00,0,NO_SERVER
AA0208,10585,0,0,PS,990924,17:33:26,17:33:26,0,0:00:00,0:00:00,0,HANG,0:00:00,0:00:00,0,NO_SERVER
AA0208,10586,0,0,PS,990925,19:44:11,19:44:20,9,0:00:00,0:00:00,0,AGENT,19:44:19,19:45:23,64,ZOHARI
AA0208,10587,0,0,PS,990925,20:31:18,20:31:32,14,0:00:00,0:00:00,0,AGENT,20:31:32,20:32:43,71,AVI
AA0208,10588,0,0,NW,990925,21:22:26,21:22:45,19,0:00:00,0:00:00,0,AGENT,21:22:45,21:23:05,20,AVI
AA0208,10589,0,0,PS,990925,22:25:11,22:25:22,11,0:00:00,0:00:00,0,AGENT,22:25:20,22:25:39,19,BASCH
AA0208,10590,0,0,PS,990925,23:45:17,23:45:27,10,0:00:00,0:00:00,0,AGENT,23:45:26,23:47:41,135,AVNI
AA0208,10591,0,0,PS,990926,7:43:41,7:43:57,16,0:00:00,0:00:00,0,AGENT,7:43:57,7:49:07,310,BASCH
AA0208,10592,0,0,PS,990926,8:16:30,8:16:39,9,0:00:00,0:00:00,0,AGENT,8:16:38,8:19:47,189,YIFAT
AA0208,10593,0,0,NW,990926,8:47:51,8:48:05,14,0:00:00,0:00:00,0,AGENT,8:48:04,8:48:22,18,YIFAT
AA0208,10594,22681993,2,NE,990926,9:06:13,9:06:19,6,9:06:19,9:06:57,38,AGENT,9:06:56,9:08:05,69,AVNI
AA0208,10595,24352890,2,PS,990926,9:21:07,9:21:13,6,9:21:13,9:21:50,37,AGENT,9:21:50,9:22:31,41,DORIT
AA0208,10596,0,0,PS,990926,9:33:13,9:33:21,8,0:00:00,0:00:00,0,AGENT,9:33:21,9:34:51,90,AVNI
AA0208,10597,23383607,2,PS,990926,9:47:02,9:47:08,6,9:47:08,9:47:35,27,AGENT,9:47:33,9:47:36,3,YIFAT
AA0208,10598,24851511,2,PS,990926,9:55:02,9:55:08,6,9:55:08,9:55:53,45,HANG,0:00:00,0:00:00,0,NO_SERVER
AA0208,10599,0,0,NW,990926,10:08:44,10:08:58,14,0:00:00,0:00:00,0,AGENT,10:08:58,10:09:13,15,YIFAT
AA0208,10600,0,0,PS,990926,10:20:50,10:21:03,13,0:00:00,0:00:00,0,AGENT,10:21:01,10:25:15,254,ZOHARI
AA0208,10601,0,0,PS,990926,10:35:39,10:35:54,15,0:00:00,0:00:00,0,AGENT,10:35:52,10:39:46,234,VICKY
AA0208,10602,28424109,1,PS,990926,10:50:56,10:51:02,6,10:51:02,10:51:45,43,HANG,0:00:00,0:00:00,0,NO_SERVER
AA0208,10603,54146154,2,NE,990926,10:58:38,10:58:43,5,10:58:43,10:59:23,40,AGENT,10:59:23,11:12:37,794,ELI
AA0208,10604,24327207,2,PS,990926,11:05:55,11:06:00,5,11:06:00,11:07:09,69,AGENT,11:07:07,11:07:43,36,VICKY
AA0208,10605,703074,2,PS,990926,11:18:37,11:18:43,6,11:18:43,11:19:15,32,AGENT,11:19:14,11:22:14,180,VICKY
AA0208,10606,0,0,PS,990926,11:28:45,11:28:55,10,0:00:00,0:00:00,0,AGENT,11:28:55,11:29:15,20,YITZ
AA0208,10607,27248269,1,PS,990926,11:40:58,11:41:04,6,11:41:04,11:43:14,130,AGENT,11:43:13,11:45:21,128,YIFAT
AA0208,10608,0,0,NW,990926,11:57:52,11:58:06,14,0:00:00,0:00:00,0,AGENT,11:58:05,11:58:30,25,VICKY
AA0208,10609,0,0,PS,990926,12:16:21,12:16:30,9,0:00:00,0:00:00,0,AGENT,12:16:29,12:25:03,514,BASCH
AA0208,10610,0,0,PS,990926,12:35:16,12:35:24,8,0:00:00,0:00:00,0,AGENT,12:35:23,12:37:40,137,BASCH
AA0208,10611,0,0,NE,990926,12:58:33,12:58:44,11,0:00:00,0:00:00,0,AGENT,12:58:43,13:09:21,638,ELI
AA0208,10612,0,0,PS,990926,13:17:26,13:17:34,8,0:00:00,0:00:00,0,AGENT,13:17:33,13:19:32,119,YITZ
AA0208,10613,0,0,PS,990926,13:31:40,13:31:48,8,0:00:00,0:00:00,0,AGENT,13:31:47,13:34:11,144,AVNI
AA0208,10614,0,0,PS,990926,13:45:54,13:46:03,9,0:00:00,0:00:00,0,AGENT,13:46:02,13:48:16,134,DORIT
AA0208,10615,0,0,PS,990926,14:05:12,14:05:24,12,0:00:00,0:00:00,0,AGENT,14:05:23,14:09:43,260,YITZ
AA0208,10616,10473262,2,PS,990926,14:16:40,14:16:46,6,14:16:46,14:16:57,11,AGENT,14:16:56,14:17:58,62,DORIT
AA0208,10617,0,0,PS,990926,14:37:40,14:37:52,12,0:00:00,0:00:00,0,AGENT,14:37:52,14:40:05,133,TOVA
AA0208,10618,0,0,NE,990926,14:57:47,14:57:58,11,0:00:00,0:00:00,0,AGENT,14:57:57,15:07:59,602,ELI
AA0208,10619,0,0,NW,990926,15:19:26,15:19:39,13,0:00:00,0:00:00,0,AGENT,15:19:39,15:19:55,16,VICKY
AA0208,10620,0,0,PS,990926,15:49:31,15:49:43,12,0:00:00,0:00:00,0,AGENT,15:49:42,15:52:16,154,TOVA
AA0208,10621,0,0,NW,990926,16:14:34,16:14:47,13,0:00:00,0:00:00,0,AGENT,16:14:46,16:15:20,34,MORIAH
AA0208,10622,0,0,PS,990926,17:01:39,17:01:49,10,0:00:00,0:00:00,0,AGENT,17:01:48,17:03:08,80,MORIAH
AA0208,10623,0,0,PS,990926,17:37:29,17:37:42,13,0:00:00,0:00:00,0,AGENT,17:37:41,17:38:54,73,TOVA
AA0208,10624,0,0,NW,990926,18:15:43,18:15:57,14,0:00:00,0:00:00,0,AGENT,18:15:56,18:16:47,51,MORIAH
AA0208,10625,0,0,PS,990926,18:47:17,18:47:29,12,0:00:00,0:00:00,0,AGENT,18:47:28,18:49:07,99,BENSION
AA0208,10626,0,0,PS,990926,19:23:55,19:24:05,10,0:00:00,0:00:00,0,AGENT,19:24:04,19:28:07,243,MORIAH
AA0208,10627,0,0,PS,990926,20:14:41,20:14:50,9,0:00:00,0:00:00,0,AGENT,20:14:50,20:16:51,121,TOVA
AA0208,10628,0,0,PS,990926,21:16:39,21:16:48,9,0:00:00,0:00:00,0,AGENT,21:16:47,21:19:56,189,BENSION
AA0208,10629,0,0,PS,990926,22:15:30,22:15:42,12,0:00:00,0:00:00,0,AGENT,22:15:42,22:16:49,67,SHARON
AA0208,10631,0,0,PS,990927,0:28:52,0:28:52,0,0:00:00,0:00:00,0,HANG,0:00:00,0:00:00,0,NO_SERVER
AA0208,10632,0,0,PS,990927,7:46:31,7:46:45,14,0:00:00,0:00:00,0,AGENT,7:46:44,7:47:47,63,BENSION
AA0208,10633,0,0,NW,990927,8:19:58,8:20:07,9,8:20:07,8:20:45,38,AGENT,8:20:44,8:23:27,163,BENSION
AA0208,10634,0,0,PS,990927,8:46:11,8:46:24,13,0:00:00,0:00:00,0,AGENT,8:46:23,8:47:20,57,TOVA
AA0208,10635,0,0,PS,990927,8:59:54,9:00:06,12,0:00:00,0:00:00,0,AGENT,9:00:05,9:12:58,773,ZOHARI
AA0208,10636,0,0,PS,990927,9:19:08,9:19:24,16,0:00:00,0:00:00,0,AGENT,9:19:22,9:19:56,34,BENSION
AA0208,10637,0,0,PS,990927,9:34:55,9:35:05,10,0:00:00,0:00:00,0,AGENT,9:35:04,9:40:52,348,YITZ
AA0208,10638,28519973,2,PS,990927,9:44:49,9:44:54,5,9:44:54,9:50:30,336,AGENT,9:50:29,9:51:04,35,BASCH
AA0208,10639,10858884,2,NE,990927,9:57:01,9:57:07,6,9:57:07,10:02:57,350,AGENT,10:02:57,10:04:05,68,ZOHARI
AA0208,10640,72600836,2,PS,990927,10:10:46,10:10:51,5,10:10:51,10:12:12,81,AGENT,10:12:11,10:13:17,66,VICKY
AA0208,10641,54271564,1,NE,990927,10:26:50,10:26:56,6,10:26:56,10:27:52,56,AGENT,10:27:52,10:28:17,25,BASCH
AA0208,10642,0,0,PS,990927,10:40:50,10:41:00,10,0:00:00,0:00:00,0,AGENT,10:40:59,10:46:14,315,BASCH
AA0208,10643,57513418,2,PS,990927,10:54:18,10:54:23,5,10:54:23,10:54:28,5,AGENT,10:54:27,10:55:42,75,BENSION
AA0208,10644,54569397,2,PS,990927,11:04:31,11:04:37,6,11:04:37,11:04:52,15,HANG,0:00:00,0:00:00,0,NO_SERVER
AA0208,10645,26982165,2,PS,990927,11:13:47,11:13:53,6,11:13:53,11:14:47,54,AGENT,11:14:46,11:16:43,117,BASCH
AA0208,10646,0,0,PS,990927,11:31:12,11:31:23,11,0:00:00,0:00:00,0,AGENT,11:31:22,11:33:14,112,BENSION
AA0208,10647,0,0,PS,990927,11:44:12,11:44:23,11,0:00:00,0:00:00,0,AGENT,11:44:22,11:45:26,64,BENSION
AA0208,10648,22813901,1,PS,990927,11:56:21,11:56:27,6,11:56:27,11:56:33,6,AGENT,11:56:32,11:57:39,67,BENSION
AA0208,10649,23383607,2,PS,990927,12:12:19,12:12:25,6,12:12:25,12:13:05,40,AGENT,12:13:05,12:18:28,323,PINHAS
AA0208,10650,58029430,1,PS,990927,12:28:39,12:28:44,5,12:28:44,12:29:42,58,AGENT,12:29:41,12:30:13,32,YITZ
AA0208,10651,0,0,PS,990927,12:43:18,12:43:27,9,0:00:00,0:00:00,0,AGENT,12:43:25,12:44:32,67,YITZ
AA0208,10652,0,0,PS,990927,12:55:57,12:56:08,11,0:00:00,0:00:00,0,AGENT,12:56:08,12:59:02,174,ZOHARI
AA0208,10653,14504765,2,PS,990927,13:10:49,13:10:54,5,13:10:54,13:11:27,33,AGENT,13:11:25,13:13:11,106,BENSION
AA0208,10654,0,0,PS,990927,13:30:27,13:30:38,11,0:00:00,0:00:00,0,AGENT,13:30:37,13:35:03,266,YITZ
AA0208,10655,0,0,PS,990927,13:43:38,13:43:49,11,0:00:00,0:00:00,0,AGENT,13:43:47,13:43:49,2,TOVA
AA0208,10656,0,0,PS,990927,13:59:04,13:59:17,13,0:00:00,0:00:00,0,AGENT,13:59:16,14:00:35,79,ZOHARI
AA0208,10657,0,0,PS,990927,14:13:09,14:13:18,9,0:00:00,0:00:00,0,AGENT,14:13:17,14:17:02,225,YITZ
AA0208,10658,55362230,2,PS,990927,14:24:32,14:24:38,6,14:24:38,14:25:56,78,AGENT,14:25:56,14:36:48,652,SHARON
AA0208,10659,27463199,1,PS,990927,14:43:12,14:43:18,6,14:43:18,14:44:03,45,AGENT,14:44:02,14:45:21,79,ANAT
AA0208,10660,0,0,NW,990927,15:01:25,15:01:34,9,15:01:34,15:02:29,55,AGENT,15:02:28,15:03:47,79,SHARON
AA0208,10661,0,0,PS,990927,15:33:56,15:34:14,18,0:00:00,0:00:00,0,AGENT,15:34:13,15:34:50,37,ANAT
AA0208,10662,0,0,PS,990927,16:20:56,16:21:10,14,0:00:00,0:00:00,0,AGENT,16:21:09,16:31:22,613,ANAT
AA0208,10663,0,0,PS,990927,16:35:40,16:35:56,16,0:00:00,0:00:00,0,AGENT,16:35:54,16:36:26,32,ANAT
AA0208,10664,0,0,PS,990927,17:14:19,17:14:30,11,0:00:00,0:00:00,0,AGENT,17:14:28,17:16:57,149,ANAT
AA0208,10665,0,0,NE,990927,17:43:05,17:43:13,8,0:00:00,0:00:00,0,AGENT,17:43:13,17:43:16,3,MORIAH
AA0208,10666,0,0,PS,990927,18:23:30,18:23:42,12,0:00:00,0:00:00,0,AGENT,18:23:41,18:26:36,175,SHARON
AA0208,10667,0,0,NW,990927,18:49:08,18:49:17,9,18:49:17,18:49:21,4,AGENT,18:49:21,18:51:09,108,AVNI
AA0208,10668,0,0,PS,990927,19:29:20,19:29:36,16,0:00:00,0:00:00,0,AGENT,19:29:35,19:31:21,106,GILI
AA0208,10669,0,0,NE,990927,20:12:29,20:12:39,10,0:00:00,0:00:00,0,AGENT,20:12:38,20:13:32,54,SHARON
AA0208,10670,3374691,2,PS,990927,20:56:11,20:56:16,5,20:56:16,20:56:38,22,AGENT,20:56:37,20:58:54,137,DARMON
AA0208,10671,28526184,2,PS,990927,21:50:01,21:50:06,5,21:50:06,21:50:20,14,AGENT,21:50:20,21:52:41,141,MORIAH
AA0208,10672,0,0,NE,990927,22:22:21,22:22:30,9,0:00:00,0:00:00,0,AGENT,22:22:30,22:23:28,58,SHARON
AA0208,10673,0,0,PS,990927,23:29:20,23:29:29,9,0:00:00,0:00:00,0,AGENT,23:29:29,23:31:14,105,GILI
AA0208,10674,0,0,PE,990928,5:43:38,5:44:05,27,0:00:00,0:00:00,0,HANG,0:00:00,0:00:00,0,NO_SERVER
AA0208,10675,26089219,2,PS,990928,7:46:45,7:46:50,5,7:46:50,7:48:30,100,AGENT,7:48:30,7:50:34,124,ANAT
AA0208,10676,51320430,1,PS,990928,8:22:47,8:22:53,6,8:22:53,8:26:58,245,AGENT,8:26:57,8:30:19,202,YIFAT
AA0208,10677,0,0,NW,990928,8:47:56,8:48:06,10,8:48:06,8:51:09,183,HANG,0:00:00,0:00:00,0,NO_SERVER
AA0208,10678,0,0,NW,990928,9:06:58,9:07:10,12,0:00:00,0:00:00,0,AGENT,9:07:10,9:08:05,55,ANAT
AA0208,10679,0,0,NW,990928,9:24:49,9:24:59,10,9:24:59,9:32:23,444,AGENT,9:32:22,9:32:29,7,PINHAS
AA0208,10680,0,0,NW,990928,9:42:56,9:43:05,9,9:43:05,9:44:18,73,AGENT,9:44:17,9:48:45,268,PINHAS
AA0208,10681,0,0,NW,990928,10:00:29,10:00:38,9,10:00:38,10:03:46,188,AGENT,10:03:46,10:10:25,399,PINHAS
AA0208,10682,34487280,1,PS,990928,10:11:57,10:12:02,5,10:12:02,10:14:08,126,HANG,0:00:00,0:00:00,0,NO_SERVER
AA0208,10683,27324128,1,PS,990928,10:19:58,10:20:04,6,10:20:04,10:26:19,375,AGENT,10:26:18,10:28:19,121,YIFAT
AA0208,10684,24192759,2,PS,990928,10:34:15,10:34:21,6,10:34:21,10:36:36,135,AGENT,10:36:36,10:37:57,81,YIFAT
AA0208,10685,11041316,1,PS,990928,10:48:14,10:48:19,5,10:48:19,10:50:02,103,AGENT,10:50:01,10:51:37,96,YIFAT
AA0208,10686,33123027,1,PS,990928,10:59:49,10:59:54,5,10:59:54,11:02:41,167,AGENT,11:02:40,11:05:14,154,YIFAT
AA0208,10687,0,0,PS,990928,11:15:09,11:15:18,9,0:00:00,0:00:00,0,AGENT,11:15:17,11:17:24,127,AVNI
AA0208,10688,0,0,NW,990928,11:23:18,11:23:28,10,11:23:28,11:26:16,168,AGENT,11:26:16,11:26:54,38,PINHAS
AA0208,10689,54889191,2,PS,990928,11:35:54,11:36:00,6,11:36:00,11:38:09,129,AGENT,11:38:08,11:40:02,114,YIFAT
AA0208,10690,22778559,1,PS,990928,11:47:30,11:47:36,6,11:47:36,11:50:05,149,AGENT,11:50:04,11:52:22,138,YIFAT
AA0208,10691,22384234,1,PS,990928,12:00:59,12:01:04,5,12:01:04,12:02:19,75,HANG,0:00:00,0:00:00,0,NO_SERVER
AA0208,10692,0,0,NW,990928,12:06:20,12:06:30,10,12:06:30,12:14:08,458,HANG,0:00:00,0:00:00,0,NO_SERVER
AA0208,10693,13716030,2,PS,990928,12:20:49,12:20:54,5,12:20:54,12:28:18,444,AGENT,12:28:18,12:30:46,148,YIFAT
AA0208,10694,29641727,2,PS,990928,12:36:55,12:37:01,6,12:37:01,12:41:16,255,AGENT,12:41:16,12:41:39,23,YIFAT
AA0208,10695,51660769,2,PS,990928,12:51:40,12:51:45,5,12:51:45,12:53:23,98,AGENT,12:53:22,12:54:38,76,ZOHARI
AA0208,10696,0,0,NW,990928,13:03:28,13:03:38,10,13:03:38,13:06:42,184,HANG,0:00:00,0:00:00,0,NO_SERVER
AA0208,10697,0,0,PS,990928,13:21:45,13:21:53,8,0:00:00,0:00:00,0,AGENT,13:21:52,13:24:33,161,YIFAT
AA0208,10698,53919213,2,PS,990928,13:39:55,13:40:00,5,13:40:00,13:40:42,42,AGENT,13:40:41,13:42:11,90,VICKY
AA0208,10699,57379505,2,PS,990928,13:51:47,13:51:52,5,13:51:52,13:52:27,35,AGENT,13:52:26,13:53:59,93,YIFAT
AA0208,10700,58706086,2,PS,990928,14:04:38,14:04:43,5,14:04:43,14:05:01,18,AGENT,14:05:00,14:10:19,319,YIFAT
AA0208,10701,42943100,2,PS,990928,14:15:16,14:15:22,6,14:15:22,14:16:51,89,AGENT,14:16:51,14:23:14,383,VICKY
AA0208,10702,0,0,PS,990928,14:30:54,14:31:05,11,0:00:00,0:00:00,0,AGENT,14:31:04,14:31:51,47,YIFAT
AA0208,10703,52031556,2,NE,990928,14:52:26,14:52:31,5,14:52:31,14:52:46,15,AGENT,14:52:44,14:54:27,103,ZOHARI
AA0208,10704,0,0,PS,990928,15:18:29,15:18:40,11,0:00:00,0:00:00,0,AGENT,15:18:39,15:21:28,169,ZOHARI
AA0208,10705,0,0,PS,990928,15:55:18,15:55:28,10,0:00:00,0:00:00,0,AGENT,15:55:28,15:56:44,76,ZOHARI
AA0208,10706,0,0,NW,990928,16:26:29,16:26:42,13,0:00:00,0:00:00,0,AGENT,16:26:42,16:27:24,42,YITZ
AA0208,10707,0,0,PS,990928,16:53:10,16:53:19,9,0:00:00,0:00:00,0,AGENT,16:53:18,16:55:59,161,VICKY
AA0208,10708,0,0,PS,990928,17:20:56,17:21:07,11,0:00:00,0:00:00,0,AGENT,17:21:07,17:22:10,63,BASCH
AA0208,10709,0,0,PS,990928,17:43:51,17:44:01,10,0:00:00,0:00:00,0,AGENT,17:44:00,17:44:45,45,SHARON
AA0208,10710,8258329,2,NE,990928,18:03:40,18:03:46,6,18:03:46,18:04:17,31,AGENT,18:04:16,18:06:25,129,BASCH
AA0208,10711,0,0,PS,990928,18:36:47,18:36:57,10,0:00:00,0:00:00,0,AGENT,18:36:56,18:46:21,565,VICKY
AA0208,10712,0,0,PS,990928,19:33:24,19:33:42,18,0:00:00,0:00:00,0,AGENT,19:33:41,19:34:37,56,DARMON
AA0208,10713,0,0,PS,990928,20:25:24,20:25:33,9,0:00:00,0:00:00,0,AGENT,20:25:32,20:26:39,67,DORIT
AA0208,10714,0,0,PS,990928,21:01:34,21:01:51,17,0:00:00,0:00:00,0,AGENT,21:01:50,21:03:39,109,BASCH
AA0208,10715,0,0,PS,990928,21:33:58,21:34:11,13,0:00:00,0:00:00,0,AGENT,21:34:10,21:34:16,6,NO_SERVER
AA0208,10716,0,0,PS,990928,22:00:07,22:00:18,11,0:00:00,0:00:00,0,AGENT,22:00:18,22:01:41,83,SHARON
AA0208,10717,0,0,NE,990928,22:52:07,22:52:18,11,0:00:00,0:00:00,0,AGENT,22:52:17,22:55:39,202,GILI
AA0208,10718,0,0,PS,990928,23:47:58,23:48:06,8,0:00:00,0:00:00,0,AGENT,23:48:06,23:51:44,218,GILI
AA0208,10719,0,0,PS,990929,7:13:59,7:14:09,10,0:00:00,0:00:00,0,AGENT,7:14:08,7:15:42,94,YIFAT
AA0208,10720,0,0,PS,990929,8:09:34,8:09:45,11,0:00:00,0:00:00,0,AGENT,8:09:44,8:16:40,416,DORIT
AA0208,10721,0,0,NE,990929,8:32:02,8:32:13,11,0:00:00,0:00:00,0,AGENT,8:32:12,8:34:09,117,SHARON
AA0208,10722,0,0,PS,990929,8:48:35,8:48:51,16,0:00:00,0:00:00,0,AGENT,8:48:50,8:51:55,185,ZOHARI
AA0208,10723,51916773,2,PS,990929,9:05:20,9:05:25,5,9:05:25,9:06:38,73,AGENT,9:06:38,9:08:32,114,ANAT
AA0208,10724,0,0,PS,990929,9:21:16,9:21:26,10,0:00:00,0:00:00,0,AGENT,9:21:25,9:22:07,42,YIFAT
AA0208,10725,58280397,2,PS,990929,9:34:57,9:35:03,6,9:35:03,9:36:29,86,AGENT,9:36:28,9:37:17,49,ANAT
AA0208,10726,32059271,2,PS,990929,9:47:39,9:47:45,6,9:47:45,9:48:27,42,HANG,0:00:00,0:00:00,0,NO_SERVER
AA0208,10727,0,0,NW,990929,9:54:26,9:54:35,9,9:54:35,9:59:10,275,HANG,0:00:00,0:00:00,0,NO_SERVER
AA0208,10728,29319068,1,PS,990929,10:09:54,10:10:00,6,10:10:00,10:10:50,50,AGENT,10:10:49,10:12:17,88,YIFAT
AA0208,10729,25236241,1,PS,990929,10:19:12,10:19:17,5,10:19:17,10:20:22,65,AGENT,10:20:22,10:20:47,25,DORIT
AA0208,10730,54188305,1,PS,990929,10:30:20,10:30:26,6,10:30:26,10:30:35,9,AGENT,10:30:34,10:30:56,22,YIFAT
AA0208,10731,22263115,2,PS,990929,10:39:07,10:39:13,6,10:39:13,10:39:23,10,HANG,0:00:00,0:00:00,0,NO_SERVER
AA0208,10732,33151754,1,PS,990929,10:50:10,10:50:15,5,10:50:15,10:50:40,25,AGENT,10:50:40,10:52:27,107,ANAT
AA0208,10733,65333403,1,PS,990929,10:58:41,10:58:46,5,10:58:46,11:01:12,146,AGENT,11:01:11,11:02:08,57,YIFAT
AA0208,10734,0,0,PS,990929,11:11:13,11:11:24,11,0:00:00,0:00:00,0,AGENT,11:11:23,11:11:28,5,SHARON
AA0208,10735,24078677,2,PS,990929,11:21:38,11:21:43,5,11:21:43,11:22:14,31,AGENT,11:22:14,11:25:11,177,DORIT
AA0208,10736,72600836,2,PS,990929,11:33:38,11:33:44,6,11:33:44,11:34:59,75,AGENT,11:34:58,11:42:05,427,SHARON
AA0208,10737,59630624,1,NE,990929,11:48:15,11:48:21,6,11:48:21,11:49:58,97,AGENT,11:49:58,11:50:43,45,ANAT
AA0208,10738,0,0,PS,990929,12:01:28,12:01:37,9,0:00:00,0:00:00,0,AGENT,12:01:36,12:01:50,14,ANAT
AA0208,10739,58029430,1,PS,990929,12:08:59,12:09:05,6,12:09:05,12:11:54,169,AGENT,12:11:53,12:12:39,46,ANAT
AA0208,10740,0,0,PS,990929,12:21:54,12:22:05,11,0:00:00,0:00:00,0,AGENT,12:22:04,12:26:58,294,DORIT
AA0208,10741,67702712,2,PS,990929,12:30:43,12:30:48,5,12:30:48,12:32:01,73,AGENT,12:31:59,12:35:22,203,ZOHARI
AA0208,10742,0,0,PS,990929,12:44:13,12:44:23,10,0:00:00,0:00:00,0,AGENT,12:44:22,12:44:24,2,YIFAT
AA0208,10743,22778559,1,PS,990929,12:59:57,13:00:03,6,13:00:03,13:01:39,96,AGENT,13:01:38,13:03:49,131,DORIT
AA0208,10744,0,0,PS,990929,13:18:35,13:18:44,9,0:00:00,0:00:00,0,AGENT,13:18:43,13:20:36,113,AVNI
AA0208,10745,0,0,PS,990929,13:32:03,13:32:15,12,0:00:00,0:00:00,0,AGENT,13:32:15,13:33:53,98,ANAT
AA0208,10746,28457521,2,PS,990929,13:48:32,13:48:38,6,13:48:38,13:49:26,48,AGENT,13:49:25,13:50:54,89,ANAT
AA0208,10747,22073142,2,PS,990929,13:57:21,13:57:26,5,13:57:26,13:57:34,8,HANG,0:00:00,0:00:00,0,NO_SERVER
AA0208,10748,0,0,PS,990929,14:09:24,14:09:32,8,0:00:00,0:00:00,0,AGENT,14:09:31,14:11:04,93,YIFAT
AA0208,10749,24927717,1,PS,990929,14:19:18,14:19:24,6,14:19:24,14:20:21,57,AGENT,14:20:20,14:24:54,274,YIFAT
AA0208,10750,30271852,2,PS,990929,14:30:05,14:30:11,6,14:30:11,14:30:15,4,AGENT,14:30:14,14:33:15,181,DORIT
AA0208,10751,0,0,PS,990929,14:52:50,14:53:00,10,0:00:00,0:00:00,0,AGENT,14:52:59,14:53:59,60,DORIT
AA0208,10752,0,0,PS,990929,15:27:38,15:27:48,10,0:00:00,0:00:00,0,AGENT,15:27:47,15:28:23,36,DORIT
AA0208,10753,0,0,PS,990929,15:58:22,15:58:30,8,0:00:00,0:00:00,0,AGENT,15:58:29,16:09:45,676,BASCH
AA0208,10754,0,0,NW,990929,16:22:27,16:22:36,9,16:22:36,16:23:29,53,AGENT,16:23:28,16:24:02,34,VICKY
AA0208,10755,0,0,PS,990929,16:58:13,16:58:23,10,0:00:00,0:00:00,0,AGENT,16:58:21,17:01:07,166,AVNI
AA0208,10756,53357307,2,PS,990929,17:32:26,17:32:31,5,17:32:31,17:32:51,20,AGENT,17:32:50,17:34:03,73,STEREN
AA0208,10757,35757616,1,PS,990929,17:57:20,17:57:25,5,17:57:25,17:57:58,33,AGENT,17:57:58,17:59:55,117,BASCH
AA0208,10758,7191646,2,NE,990929,18:29:28,18:29:34,6,18:29:34,18:30:07,33,AGENT,18:30:06,18:46:40,994,DARMON
AA0208,10759,0,0,PS,990929,18:51:51,18:52:02,11,0:00:00,0:00:00,0,AGENT,18:52:01,18:52:55,54,GILI
AA0208,10760,0,0,PS,990929,19:18:04,19:18:13,9,0:00:00,0:00:00,0,AGENT,19:18:13,19:19:56,103,STEREN
AA0208,10761,0,0,PS,990929,19:40:57,19:41:06,9,0:00:00,0:00:00,0,AGENT,19:41:05,19:44:00,175,STEREN
AA0208,10762,0,0,PS,990929,20:25:30,20:25:41,11,0:00:00,0:00:00,0,AGENT,20:25:40,20:28:51,191,VICKY
AA0208,10763,0,0,PS,990929,20:51:14,20:51:27,13,0:00:00,0:00:00,0,AGENT,20:51:26,20:53:32,126,VICKY
AA0208,10764,0,0,PS,990929,21:32:37,21:32:46,9,0:00:00,0:00:00,0,AGENT,21:32:46,21:33:59,73,VICKY
AA0208,10765,0,0,NW,990929,22:02:57,22:03:06,9,22:03:06,22:05:19,133,HANG,0:00:00,0:00:00,0,NO_SERVER
AA0208,10766,0,0,PS,990929,22:56:32,22:56:41,9,0:00:00,0:00:00,0,AGENT,22:56:40,22:57:47,67,GILI
AA0208,10767,0,0,PS,990929,23:47:29,23:47:48,19,0:00:00,0:00:00,0,AGENT,23:47:48,23:48:10,22,DARMON
AA0208,10768,0,0,NW,990930,6:41:48,6:41:57,9,0:00:00,0:00:00,0,HANG,0:00:00,0:00:00,0,NO_SERVER
AA0208,10769,30936181,2,PS,990930,7:46:05,7:46:11,6,7:46:11,7:46:43,32,AGENT,7:46:42,7:52:03,321,SHARON
AA0208,10770,0,0,PS,990930,8:23:37,8:23:45,8,0:00:00,0:00:00,0,AGENT,8:23:44,8:25:41,117,YIFAT
AA0208,10771,22263115,2,PS,990930,8:47:11,8:47:17,6,8:47:17,8:48:44,87,AGENT,8:48:44,8:49:37,53,ANAT
AA0208,10772,106583,2,PS,990930,8:59:47,8:59:53,6,8:59:53,8:59:59,6,AGENT,8:59:58,9:00:57,59,SHARON
AA0208,10773,57463366,1,PS,990930,9:14:38,9:14:43,5,9:14:43,9:16:52,129,HANG,0:00:00,0:00:00,0,NO_SERVER
AA0208,10774,0,0,PS,990930,9:31:10,9:31:20,10,0:00:00,0:00:00,0,AGENT,9:31:19,9:32:00,41,TOVA
AA0208,10775,0,0,PS,990930,9:44:07,9:44:17,10,0:00:00,0:00:00,0,AGENT,9:44:16,9:46:44,148,SHARON
AA0208,10776,703074,2,PS,990930,9:54:08,9:54:14,6,9:54:14,9:55:03,49,AGENT,9:55:01,9:55:03,2,YIFAT
AA0208,10778,0,0,PS,990930,10:00:09,10:00:09,0,0:00:00,0:00:00,0,HANG,0:00:00,0:00:00,0,NO_SERVER
AA0208,10779,58859752,2,PS,990930,10:11:51,10:11:56,5,10:11:56,10:12:42,46,AGENT,10:12:41,10:12:43,2,YIFAT
AA0208,10780,50217181,2,PS,990930,10:25:52,10:25:58,6,10:25:58,10:27:11,73,AGENT,10:27:10,10:27:19,9,YIFAT
AA0208,10781,10473262,2,PS,990930,10:40:45,10:40:51,6,10:40:51,10:42:27,96,AGENT,10:42:27,10:43:42,75,TOVA
AA0208,10782,0,0,PS,990930,10:57:29,10:57:46,17,0:00:00,0:00:00,0,AGENT,10:57:45,10:58:55,70,SHARON
AA0208,10783,54539366,1,PS,990930,11:04:17,11:04:22,5,11:04:22,11:10:46,384,HANG,0:00:00,0:00:00,0,NO_SERVER
AA0208,10784,58029430,1,PS,990930,11:18:04,11:18:10,6,11:18:10,11:19:53,103,AGENT,11:19:52,11:20:55,63,YIFAT
AA0208,10785,34908988,1,PS,990930,11:24:01,11:24:07,6,11:24:07,11:24:37,30,HANG,0:00:00,0:00:00,0,NO_SERVER
AA0208,10786,12303772,2,PS,990930,11:27:23,11:27:28,5,11:27:28,11:28:34,66,HANG,0:00:00,0:00:00,0,NO_SERVER
AA0208,10787,35758697,2,PS,990930,11:36:57,11:37:03,6,11:37:03,11:39:08,125,AGENT,11:39:06,11:42:47,221,TOVA
AA0208,10788,319460267,1,PS,990930,11:44:55,11:45:01,6,11:45:01,11:45:22,21,HANG,0:00:00,0:00:00,0,NO_SERVER
AA0208,10789,24927717,1,PS,990930,11:49:18,11:49:23,5,11:49:23,11:50:06,43,HANG,0:00:00,0:00:00,0,NO_SERVER
AA0208,10790,23383607,2,PS,990930,11:56:22,11:56:28,6,11:56:28,11:58:29,121,AGENT,11:58:27,11:58:29,2,TOVA
AA0208,10791,0,0,NW,990930,12:05:31,12:05:40,9,12:05:40,12:07:37,117,HANG,0:00:00,0:00:00,0,NO_SERVER
AA0208,10792,0,0,NW,990930,12:16:32,12:16:42,10,12:16:42,12:16:48,6,AGENT,12:16:47,12:18:53,126,SHARON
AA0208,10793,14229553,1,PS,990930,12:28:12,12:28:18,6,12:28:18,12:28:31,13,HANG,0:00:00,0:00:00,0,NO_SERVER
AA0208,10794,0,0,PS,990930,12:50:49,12:51:00,11,0:00:00,0:00:00,0,AGENT,12:50:59,12:51:30,31,SHARON
AA0208,10795,0,0,PS,990930,13:04:44,13:04:55,11,0:00:00,0:00:00,0,AGENT,13:04:54,13:08:42,228,ZOHARI
AA0208,10796,0,0,NE,990930,13:23:38,13:23:48,10,0:00:00,0:00:00,0,AGENT,13:23:47,13:25:58,131,SHARON
AA0208,10797,0,0,PS,990930,13:40:49,13:40:58,9,0:00:00,0:00:00,0,AGENT,13:40:57,13:44:11,194,ZOHARI
AA0208,10798,6.02157E+11,0,PS,990930,13:54:04,13:54:08,4,13:54:08,13:55:29,81,HANG,0:00:00,0:00:00,0,NO_SERVER
AA0208,10799,31514300,1,PS,990930,14:05:17,14:05:23,6,14:05:23,14:10:08,285,AGENT,14:10:07,14:14:32,265,ZOHARI
AA0208,10800,0,0,NW,990930,14:21:59,14:22:08,9,14:22:08,14:24:12,124,HANG,0:00:00,0:00:00,0,NO_SERVER
AA0208,10801,52031556,2,PS,990930,14:32:39,14:32:45,6,14:32:45,14:35:22,157,AGENT,14:35:22,14:38:07,165,SHARON
AA0208,10802,3374691,2,PS,990930,14:53:31,14:53:37,6,14:53:37,14:53:53,16,AGENT,14:53:52,14:55:43,111,ZOHARI
AA0208,10803,0,0,NW,990930,15:18:53,15:19:07,14,0:00:00,0:00:00,0,AGENT,15:19:07,15:45:56,1609,SHARON
AA0208,10804,0,0,PS,990930,15:50:20,15:50:33,13,0:00:00,0:00:00,0,AGENT,15:50:32,15:51:54,82,SHARON
AA0208,10805,0,0,PS,990930,16:21:46,16:21:54,8,0:00:00,0:00:00,0,AGENT,16:21:53,16:24:28,155,STEREN
AA0208,10806,0,0,PS,990930,16:35:34,16:35:45,11,0:00:00,0:00:00,0,AGENT,16:35:44,16:42:18,394,AVNI
AA0208,10807,23704323,2,PS,990930,16:54:55,16:55:00,5,16:55:00,16:55:31,31,AGENT,16:55:30,16:56:24,54,AVNI
AA0208,10808,0,0,PS,990930,17:24:00,17:24:11,11,0:00:00,0:00:00,0,AGENT,17:24:10,17:25:35,85,YITZ
AA0208,10809,0,0,PS,990930,17:59:06,17:59:16,10,0:00:00,0:00:00,0,AGENT,17:59:15,18:00:07,52,YITZ
AA0208,10810,0,0,NE,990930,18:40:02,18:40:12,10,0:00:00,0:00:00,0,AGENT,18:40:11,18:46:36,385,VICKY
AA0208,10811,0,0,PS,990930,19:25:53,19:26:05,12,0:00:00,0:00:00,0,AGENT,19:26:05,19:27:46,101,VICKY
AA0208,10812,0,0,PS,990930,20:04:01,20:04:10,9,0:00:00,0:00:00,0,AGENT,20:04:09,20:05:43,94,AVNI
AA0208,10813,0,0,NE,990930,20:47:53,20:48:03,10,0:00:00,0:00:00,0,AGENT,20:48:03,20:52:45,282,AVNI
AA0208,10814,0,0,PS,990930,21:17:31,21:17:40,9,0:00:00,0:00:00,0,AGENT,21:17:39,21:19:44,125,STEREN
AA0208,10815,0,0,NW,990930,21:58:14,21:58:31,17,0:00:00,0:00:00,0,AGENT,21:58:29,21:59:03,34,YITZ
AA0208,10816,0,0,NW,990930,23:03:02,23:03:16,14,0:00:00,0:00:00,0,AGENT,23:03:15,23:03:29,14,VICKY
AA0209,46451,0,0,PS,990901,1:16:24,1:16:38,14,0:00:00,0:00:00,0,HANG,0:00:00,0:00:00,0,NO_SERVER
AA0209,46452,7538143,2,PS,990901,7:08:47,7:08:53,6,7:08:53,7:09:59,66,AGENT,7:09:58,7:12:53,175,DORIT
AA0209,46453,0,0,PS,990901,7:41:42,7:41:51,9,0:00:00,0:00:00,0,AGENT,7:41:50,7:43:56,126,SHARON
AA0209,46454,33438052,1,PS,990901,8:04:43,8:04:49,6,8:04:49,8:05:31,42,AGENT,8:05:30,8:06:07,37,SHARON
AA0209,46455,0,0,PS,990901,8:19:08,8:19:19,11,0:00:00,0:00:00,0,AGENT,8:19:19,8:20:48,89,STEREN
AA0209,46456,0,0,PS,990901,8:33:23,8:33:32,9,0:00:00,0:00:00,0,AGENT,8:33:31,8:33:53,22,STEREN
AA0209,46457,0,0,PE,990901,8:46:27,8:46:37,10,0:00:00,0:00:00,0,AGENT,8:46:36,8:48:54,138,YITZ
AA0209,46458,0,0,PS,990901,9:01:54,9:02:05,11,0:00:00,0:00:00,0,AGENT,9:02:04,9:02:08,4,NO_SERVER
AA0209,46459,641902,1,PS,990901,9:10:02,9:10:07,5,9:10:07,9:10:30,23,AGENT,9:10:29,9:12:41,132,AVNI
AA0209,46460,0,0,PS,990901,9:22:42,9:22:51,9,0:00:00,0:00:00,0,AGENT,9:22:50,9:26:34,224,AVNI
AA0209,46461,0,0,PS,990901,9:32:45,9:32:55,10,0:00:00,0:00:00,0,AGENT,9:32:54,9:36:47,233,YITZ
AA0209,46462,0,0,PS,990901,9:43:12,9:43:22,10,0:00:00,0:00:00,0,AGENT,9:43:21,9:44:24,63,YITZ
AA0209,46463,0,0,NE,990901,9:52:05,9:52:15,10,0:00:00,0:00:00,0,AGENT,9:52:14,9:53:35,81,BASCH
AA0209,46464,0,0,PS,990901,10:02:33,10:02:42,9,0:00:00,0:00:00,0,AGENT,10:02:42,10:05:56,194,SHARON
AA0209,46465,59839134,1,PS,990901,10:12:08,10:12:14,6,10:12:14,10:13:18,64,HANG,0:00:00,0:00:00,0,NO_SERVER
AA0209,46466,0,0,PS,990901,10:21:46,10:21:56,10,0:00:00,0:00:00,0,AGENT,10:21:55,10:30:57,542,ZOHARI
AA0209,46467,24947061,2,PS,990901,10:30:30,10:30:35,5,10:30:35,10:30:53,18,AGENT,10:30:52,10:32:17,85,BASCH
AA0209,46468,53622395,1,PS,990901,10:41:31,10:41:36,5,10:41:36,10:41:50,14,AGENT,10:41:49,10:42:18,29,SHARON
AA0209,46469,25680000,1,PS,990901,10:55:58,10:56:03,5,10:56:03,10:56:17,14,AGENT,10:56:16,11:02:41,385,ROTH
AA0209,46470,0,0,PS,990901,11:06:23,11:06:33,10,0:00:00,0:00:00,0,AGENT,11:06:32,11:19:07,755,ZOHARI
AA0209,46471,29481769,1,PS,990901,11:17:39,11:17:45,6,11:17:45,11:23:33,348,AGENT,11:23:32,11:25:15,103,ROTH
AA0209,46472,0,0,PS,990901,11:39:08,11:39:18,10,0:00:00,0:00:00,0,AGENT,11:39:16,11:40:38,82,DORIT
AA0209,46473,1187707,2,PS,990901,11:47:18,11:47:23,5,11:47:23,11:48:36,73,AGENT,11:48:36,11:49:46,70,ROTH
AA0209,46474,0,0,PS,990901,12:01:35,12:01:46,11,0:00:00,0:00:00,0,AGENT,12:01:45,12:07:43,358,ZOHARI
AA0209,46475,8258329,2,NE,990901,12:13:36,12:13:41,5,12:13:41,12:13:51,10,AGENT,12:13:50,12:16:41,171,STEREN
AA0209,46476,0,0,NE,990901,12:25:56,12:26:07,11,0:00:00,0:00:00,0,AGENT,12:26:06,12:29:57,231,ZOHARI
AA0209,46477,0,0,PS,990901,12:43:28,12:43:37,9,0:00:00,0:00:00,0,AGENT,12:43:36,12:44:55,79,STEREN
AA0209,46478,28890796,2,PS,990901,12:52:28,12:52:35,7,12:52:35,12:52:35,0,HANG,0:00:00,0:00:00,0,NO_SERVER
AA0209,46479,0,0,PS,990901,13:05:24,13:05:43,19,0:00:00,0:00:00,0,AGENT,13:05:42,13:08:44,182,NAAMA
AA0209,46480,0,0,PS,990901,13:24:06,13:24:15,9,0:00:00,0:00:00,0,AGENT,13:24:14,13:25:17,63,DORIT
AA0209,46481,23675507,2,PS,990901,13:38:00,13:38:06,6,13:38:06,13:39:10,64,AGENT,13:39:09,13:40:25,76,DORIT
AA0209,46482,22427462,1,PS,990901,13:49:42,13:49:48,6,13:49:48,13:49:58,10,HANG,0:00:00,0:00:00,0,NO_SERVER
AA0209,46483,0,0,PS,990901,14:03:32,14:03:42,10,0:00:00,0:00:00,0,AGENT,14:03:41,14:05:26,105,MORIAH
AA0209,46484,0,0,PS,990901,14:17:23,14:17:32,9,0:00:00,0:00:00,0,AGENT,14:17:31,14:19:51,140,SHARON
AA0209,46485,0,0,PS,990901,14:29:03,14:29:13,10,0:00:00,0:00:00,0,AGENT,14:29:12,14:29:55,43,ROTH
AA0209,46486,0,0,PS,990901,14:37:29,14:37:43,14,0:00:00,0:00:00,0,AGENT,14:37:42,14:39:55,133,ANAT
AA0209,46487,0,0,PS,990901,14:48:02,14:48:14,12,0:00:00,0:00:00,0,AGENT,14:48:13,14:49:50,97,SHARON
AA0209,46488,8258329,2,NE,990901,15:02:00,15:02:05,5,15:02:05,15:03:05,60,AGENT,15:03:03,15:05:15,132,ANAT
AA0209,46489,50347749,1,NE,990901,15:14:38,15:14:44,6,15:14:44,15:14:57,13,AGENT,15:14:56,15:30:03,907,MORIAH
AA0209,46490,0,0,NE,990901,15:25:04,15:25:16,12,0:00:00,0:00:00,0,AGENT,15:25:15,15:35:13,598,ZOHARI
AA0209,46491,0,0,PS,990901,15:34:42,15:38:44,242,0:00:00,0:00:00,0,HANG,0:00:00,0:00:00,0,NO_SERVER
AA0209,46492,24365959,1,PS,990901,15:50:56,15:51:01,5,15:51:01,15:51:56,55,AGENT,15:51:55,15:55:38,223,ANAT
AA0209,46493,0,0,NW,990901,16:09:32,16:09:42,10,16:09:42,16:10:45,63,AGENT,16:10:45,16:11:30,45,BENSION
AA0209,46494,0,0,PS,990901,16:29:17,16:29:28,11,0:00:00,0:00:00,0,AGENT,16:29:26,16:32:14,168,VICKY
AA0209,46495,13000567,2,PS,990901,16:47:55,16:48:00,5,16:48:00,16:48:15,15,AGENT,16:48:14,16:50:05,111,ANAT
AA0209,46496,0,0,NE,990901,16:58:39,16:58:48,9,0:00:00,0:00:00,0,AGENT,16:58:47,17:00:48,121,AVI
AA0209,46497,0,0,NW,990901,17:13:49,17:14:03,14,0:00:00,0:00:00,0,AGENT,17:14:03,17:14:55,52,BENSION
AA0209,46498,0,0,PS,990901,17:34:00,17:34:09,9,0:00:00,0:00:00,0,AGENT,17:34:09,17:36:16,127,TOVA
AA0209,46499,0,0,PS,990901,17:49:07,17:49:26,19,0:00:00,0:00:00,0,AGENT,17:49:25,17:49:29,4,BENSION
AA0209,46500,0,0,NW,990901,18:09:51,18:10:00,9,18:10:00,18:10:41,41,AGENT,18:10:39,18:16:23,344,BENSION
AA0209,46501,0,0,NW,990901,18:25:20,18:25:33,13,0:00:00,0:00:00,0,AGENT,18:25:32,18:26:04,32,VICKY
AA0209,46502,0,0,PS,990901,18:46:03,18:46:12,9,0:00:00,0:00:00,0,AGENT,18:46:11,18:48:34,143,MORIAH
AA0209,46503,0,0,PS,990901,19:11:04,19:11:17,13,0:00:00,0:00:00,0,AGENT,19:11:16,19:12:58,102,AVI
AA0209,46504,0,0,NW,990901,19:34:21,19:34:39,18,0:00:00,0:00:00,0,AGENT,19:34:38,19:35:30,52,BENSION
AA0209,46505,0,0,NW,990901,19:59:12,19:59:25,13,0:00:00,0:00:00,0,AGENT,19:59:24,20:01:31,127,MORIAH
AA0209,46506,0,0,NW,990901,20:16:31,20:16:40,9,20:16:40,20:17:21,41,AGENT,20:17:20,20:18:35,75,MEIR
AA0209,46507,28981082,1,PS,990901,20:32:22,20:32:28,6,20:32:28,20:33:42,74,AGENT,20:33:40,20:37:06,206,VICKY
AA0209,46508,0,0,PS,990901,20:49:06,20:49:17,11,0:00:00,0:00:00,0,AGENT,20:49:15,20:52:15,180,ANAT
AA0209,46509,58888165,1,PS,990901,21:00:36,21:00:41,5,21:00:41,21:02:18,97,AGENT,21:02:17,21:04:16,119,AVI
AA0209,46510,0,0,PS,990901,21:21:06,21:21:15,9,0:00:00,0:00:00,0,AGENT,21:21:14,21:21:51,37,AVI
AA0209,46511,0,0,PS,990901,21:45:13,21:45:23,10,0:00:00,0:00:00,0,AGENT,21:45:22,21:52:57,455,MORIAH
AA0209,46512,52031556,2,PS,990901,22:03:44,22:03:50,6,22:03:50,22:04:44,54,AGENT,22:04:43,22:07:14,151,AVI
AA0209,46513,0,0,NW,990901,22:16:37,22:17:15,38,0:00:00,0:00:00,0,HANG,0:00:00,0:00:00,0,NO_SERVER
AA0209,46514,24848780,2,PS,990901,22:38:36,22:38:42,6,22:38:42,22:40:03,81,AGENT,22:40:03,22:41:13,70,AVI
AA0209,46515,55279970,2,NE,990901,22:56:55,22:57:00,5,22:57:00,22:57:41,41,AGENT,22:57:40,23:03:40,360,DARMON
AA0209,46516,0,0,PS,990901,23:23:31,23:23:40,9,0:00:00,0:00:00,0,AGENT,23:23:39,23:24:50,71,AVI
AA0209,46517,41147513,2,PS,990901,23:50:47,23:50:53,6,23:50:53,23:52:38,105,AGENT,23:52:38,23:53:33,55,VICKY
AA0209,46518,0,0,PS,990902,6:59:53,7:00:07,14,0:00:00,0:00:00,0,AGENT,7:00:07,7:01:48,101,TOVA
AA0209,46519,0,0,PS,990902,7:37:30,7:37:41,11,0:00:00,0:00:00,0,AGENT,7:37:40,7:38:53,73,TOVA
AA0209,46520,0,0,PS,990902,7:59:56,8:00:11,15,0:00:00,0:00:00,0,AGENT,8:00:10,8:05:11,301,ZOHARI
AA0209,46521,0,0,PS,990902,8:22:33,8:22:44,11,0:00:00,0:00:00,0,AGENT,8:22:43,8:24:15,92,MORIAH
AA0209,46523,0,0,PS,990902,8:36:07,8:36:07,0,0:00:00,0:00:00,0,HANG,0:00:00,0:00:00,0,NO_SERVER
AA0209,46524,59703660,2,NW,990902,8:43:20,8:43:29,9,8:43:29,8:47:59,270,HANG,0:00:00,0:00:00,0,NO_SERVER
AA0209,46525,32285488,1,PS,990902,8:55:52,8:55:57,5,8:55:57,8:56:52,55,AGENT,8:56:51,8:57:58,67,TOVA
AA0209,46526,0,0,NW,990902,9:06:20,9:06:30,10,9:06:30,9:10:18,228,AGENT,9:10:17,9:11:23,66,ROTH
AA0209,46527,2942696,2,PS,990902,9:23:55,9:24:01,6,9:24:01,9:24:31,30,AGENT,9:24:31,9:25:57,86,ROTH
AA0209,46528,69687275,2,PS,990902,9:33:53,9:33:59,6,9:33:59,9:36:07,128,AGENT,9:36:06,9:36:08,2,MORIAH
AA0209,46529,52643202,2,PS,990902,9:44:13,9:44:19,6,9:44:19,9:45:53,94,AGENT,9:45:52,9:47:36,104,TOVA
AA0209,46530,55089403,1,PS,990902,9:54:22,9:54:28,6,9:54:28,9:55:52,84,AGENT,9:55:51,9:56:44,53,ROTH
AA0209,46531,0,0,PS,990902,10:04:07,10:04:16,9,0:00:00,0:00:00,0,AGENT,10:04:15,10:05:28,73,MORIAH
AA0209,46532,0,0,NW,990902,10:12:41,10:12:50,9,10:12:50,10:14:59,129,HANG,0:00:00,0:00:00,0,NO_SERVER
AA0209,46533,0,0,NW,990902,10:20:29,10:20:38,9,10:20:38,10:25:15,277,HANG,0:00:00,0:00:00,0,NO_SERVER
AA0209,46534,58029430,1,PS,990902,10:29:45,10:29:50,5,10:29:50,10:32:07,137,AGENT,10:32:06,10:33:04,58,STEREN
AA0209,46535,64599525,1,PS,990902,10:36:51,10:36:58,7,10:36:58,10:38:23,85,HANG,0:00:00,0:00:00,0,NO_SERVER
AA0209,46536,57948051,2,PS,990902,10:41:41,10:41:46,5,10:41:46,10:42:52,66,HANG,0:00:00,0:00:00,0,NO_SERVER
AA0209,46537,25177403,2,PS,990902,10:46:33,10:46:39,6,10:46:39,10:48:46,127,AGENT,10:48:46,10:49:40,54,ANAT
AA0209,46538,0,0,NW,990902,10:54:02,10:54:12,10,10:54:12,10:58:19,247,AGENT,10:58:18,11:00:48,150,STEREN
AA0209,46539,25246380,2,PS,990902,11:04:44,11:04:49,5,11:04:49,11:06:41,112,HANG,0:00:00,0:00:00,0,NO_SERVER
AA0209,46540,27445717,1,PS,990902,11:10:44,11:10:50,6,11:10:50,11:12:02,72,HANG,0:00:00,0:00:00,0,NO_SERVER
AA0209,46542,0,0,PS,990902,11:16:32,11:16:32,0,0:00:00,0:00:00,0,HANG,0:00:00,0:00:00,0,NO_SERVER
AA0209,46543,56789514,1,PS,990902,11:23:10,11:23:16,6,11:23:16,11:25:27,131,AGENT,11:25:27,11:26:40,73,ANAT
AA0209,46544,23039415,2,PS,990902,11:28:09,11:28:15,6,11:28:15,11:32:20,245,AGENT,11:32:19,11:33:21,62,ANAT
AA0209,46545,317032456,1,PS,990902,11:38:00,11:38:05,5,11:38:05,11:38:09,4,PHANTOM,11:38:08,11:38:14,6,NO_SERVER
AA0209,46546,0,0,NW,990902,11:45:35,11:45:44,9,11:45:44,11:45:47,3,AGENT,11:45:46,11:46:43,57,STEREN
AA0209,46547,59630624,1,NE,990902,11:51:35,11:51:41,6,11:51:41,11:53:27,106,AGENT,11:53:27,11:54:36,69,ELI
AA0209,46548,0,0,NE,990902,12:03:43,12:03:54,11,0:00:00,0:00:00,0,AGENT,12:03:53,12:07:07,194,ELI
AA0209,46549,33036765,2,PS,990902,12:11:57,12:12:03,6,12:12:03,12:12:24,21,AGENT,12:12:23,12:14:19,116,ANAT
AA0209,46550,0,0,NW,990902,12:23:18,12:23:27,9,12:23:27,12:24:27,60,AGENT,12:24:27,12:25:30,63,ROTH
AA0209,46551,28560530,2,PS,990902,12:35:58,12:36:04,6,12:36:04,12:36:48,44,AGENT,12:36:46,12:38:39,113,ANAT
AA0209,46552,0,0,PS,990902,12:44:41,12:44:54,13,0:00:00,0:00:00,0,AGENT,12:44:53,12:46:33,100,ANAT
AA0209,46553,23383607,2,PS,990902,12:51:11,12:51:17,6,12:51:17,12:52:10,53,AGENT,12:52:08,12:54:04,116,ZOHARI
AA0209,46554,306485608,2,PS,990902,13:03:06,13:03:12,6,13:03:12,13:04:01,49,AGENT,13:03:55,13:05:01,66,ZOHARI
AA0209,46555,0,0,PS,990902,13:13:34,13:13:44,10,0:00:00,0:00:00,0,AGENT,13:13:43,13:15:40,117,MORIAH
AA0209,46556,38652509,1,PS,990902,13:22:08,13:22:14,6,13:22:14,13:23:18,64,AGENT,13:23:17,13:24:28,71,ZOHARI
AA0209,46557,0,0,PS,990902,13:34:56,13:35:04,8,0:00:00,0:00:00,0,AGENT,13:35:04,13:36:05,61,STEREN
AA0209,46558,0,0,PS,990902,13:49:15,13:49:25,10,0:00:00,0:00:00,0,AGENT,13:49:24,13:49:25,1,ANAT
AA0209,46559,27957448,2,PS,990902,13:58:26,13:58:32,6,13:58:32,14:00:03,91,AGENT,14:00:02,14:01:39,97,KAZAV
AA0209,46560,0,0,PS,990902,14:09:38,14:09:56,18,0:00:00,0:00:00,0,AGENT,14:09:56,14:10:46,50,KAZAV
AA0209,46561,56127699,1,PS,990902,14:20:51,14:20:56,5,14:20:56,14:24:49,233,AGENT,14:24:47,14:30:01,314,KAZAV
AA0209,46562,9262510,2,PS,990902,14:33:14,14:33:20,6,14:33:20,14:34:26,66,AGENT,14:34:25,14:38:00,215,STEREN
AA0209,46563,0,0,NW,990902,14:43:33,14:43:42,9,14:43:42,14:47:33,231,AGENT,14:47:32,14:48:22,50,ROTH
AA0209,46564,12253423,2,NE,990902,14:56:12,14:56:18,6,14:56:18,14:57:41,83,AGENT,14:57:40,15:01:43,243,ELI
AA0209,46565,63193346,2,PS,990902,15:04:22,15:04:27,5,15:04:27,15:06:53,146,AGENT,15:06:52,15:08:50,118,ROTH
AA0209,46566,32456329,1,PS,990902,15:18:06,15:18:12,6,15:18:12,15:22:51,279,AGENT,15:22:50,15:22:51,1,AVI
AA0209,46567,25673815,1,PS,990902,15:32:56,15:33:02,6,15:33:02,15:37:30,268,AGENT,15:37:30,15:39:54,144,STEREN
AA0209,46568,57876948,2,PS,990902,15:44:37,15:44:43,6,15:44:43,15:45:59,76,HANG,0:00:00,0:00:00,0,NO_SERVER
AA0209,46569,27380724,1,PS,990902,15:51:12,15:51:17,5,15:51:17,15:54:05,168,AGENT,15:54:04,15:56:26,142,AVI
AA0209,46570,24095150,1,PS,990902,16:02:43,16:02:48,5,16:02:48,16:03:52,64,HANG,0:00:00,0:00:00,0,NO_SERVER
AA0209,46571,0,0,NW,990902,16:11:30,16:11:39,9,16:11:39,16:17:03,324,HANG,0:00:00,0:00:00,0,NO_SERVER
AA0209,46572,27709682,2,PS,990902,16:21:35,16:21:41,6,16:21:41,16:22:24,43,AGENT,16:22:23,16:22:24,1,VICKY
AA0209,46573,28560530,2,PS,990902,16:30:16,16:30:22,6,16:30:22,16:32:16,114,AGENT,16:32:15,16:33:29,74,AVI
AA0209,46574,0,0,NW,990902,16:39:51,16:40:01,10,16:40:01,16:42:41,160,HANG,0:00:00,0:00:00,0,NO_SERVER
AA0209,46575,55641609,1,PS,990902,16:49:52,16:49:57,5,16:49:57,16:50:04,7,HANG,0:00:00,0:00:00,0,NO_SERVER
AA0209,46576,0,0,NW,990902,17:02:52,17:03:01,9,17:03:01,17:05:56,175,AGENT,17:05:55,17:09:46,231,PINHAS
AA0209,46577,0,0,NW,990902,17:14:57,17:15:06,9,17:15:06,17:20:26,320,AGENT,17:20:24,17:21:40,76,PINHAS
AA0209,46578,28465698,2,NE,990902,17:27:40,17:27:46,6,17:27:46,17:30:32,166,AGENT,17:30:31,17:32:23,112,AVI
AA0209,46579,8533895,2,PS,990902,17:40:18,17:40:23,5,17:40:23,17:40:38,15,AGENT,17:40:37,17:42:44,127,AVI
AA0209,46580,0,0,PS,990902,17:55:45,17:56:04,19,0:00:00,0:00:00,0,AGENT,17:56:03,18:00:07,244,YITZ
AA0209,46581,0,0,NW,990902,18:02:36,18:02:45,9,18:02:45,18:04:24,99,AGENT,18:04:23,18:05:46,83,VICKY
AA0209,46582,44461135,2,PS,990902,18:15:04,18:15:09,5,18:15:09,18:16:11,62,HANG,0:00:00,0:00:00,0,NO_SERVER
AA0209,46583,0,0,PS,990902,18:27:31,18:27:41,10,0:00:00,0:00:00,0,AGENT,18:27:40,18:29:42,122,AVI
AA0209,46584,0,0,NW,990902,18:38:01,18:38:16,15,0:00:00,0:00:00,0,AGENT,18:38:15,18:39:24,69,AVI
AA0209,46585,29450251,2,PS,990902,18:47:36,18:47:42,6,18:47:42,18:47:48,6,AGENT,18:47:47,19:09:27,1300,AVI
AA0209,46586,57070534,2,PS,990902,18:56:35,18:56:41,6,18:56:41,19:00:55,254,AGENT,19:00:53,19:02:28,95,MEIR
AA0209,46587,310132329,1,PS,990902,19:11:28,19:11:33,5,19:11:33,19:11:41,8,AGENT,19:11:40,19:13:33,113,BASCH
AA0209,46588,0,0,NW,990902,19:27:18,19:27:27,9,19:27:27,19:28:10,43,AGENT,19:28:10,19:29:43,93,YITZ
AA0209,46589,309229912,1,PS,990902,19:40:50,19:40:56,6,19:40:56,19:41:09,13,AGENT,19:41:08,19:45:28,260,BASCH
AA0209,46590,24990137,1,PS,990902,19:57:16,19:57:22,6,19:57:22,19:58:45,83,HANG,0:00:00,0:00:00,0,NO_SERVER
AA0209,46591,0,0,PS,990902,20:17:07,20:17:18,11,0:00:00,0:00:00,0,AGENT,20:17:18,20:18:53,95,VICKY
AA0209,46592,0,0,NW,990902,20:40:45,20:40:54,9,20:40:54,20:41:25,31,HANG,0:00:00,0:00:00,0,NO_SERVER
AA0209,46593,0,0,PS,990902,20:53:24,20:53:36,12,0:00:00,0:00:00,0,AGENT,20:53:35,20:55:58,143,AVI
AA0209,46594,0,0,PS,990902,21:20:06,21:20:15,9,0:00:00,0:00:00,0,AGENT,21:20:14,21:21:29,75,AVI
AA0209,46595,30164461,2,NE,990902,21:39:33,21:39:38,5,21:39:38,21:39:43,5,AGENT,21:39:43,21:43:17,214,VICKY
AA0209,46596,0,0,PS,990902,22:21:58,22:22:08,10,0:00:00,0:00:00,0,AGENT,22:22:07,22:23:40,93,AVI
AA0209,46597,53373221,2,PS,990902,22:53:59,22:54:04,5,22:54:04,22:55:27,83,AGENT,22:55:26,22:58:10,164,BASCH
AA0209,46598,0,0,PS,990902,23:21:28,23:21:40,12,0:00:00,0:00:00,0,AGENT,23:21:39,23:23:33,114,AVI
AA0209,46599,0,0,PS,990902,23:44:31,23:44:40,9,0:00:00,0:00:00,0,AGENT,23:44:39,23:46:19,100,BASCH
AA0209,46600,0,0,PS,990903,1:12:29,1:13:01,32,0:00:00,0:00:00,0,HANG,0:00:00,0:00:00,0,NO_SERVER
AA0209,46601,0,0,PS,990903,1:39:13,1:39:50,37,0:00:00,0:00:00,0,HANG,0:00:00,0:00:00,0,NO_SERVER
AA0209,46602,28039493,2,PS,990903,7:04:07,7:04:18,11,7:04:18,7:04:25,7,AGENT,7:04:24,7:05:05,41,STEREN
AA0209,46603,0,0,PS,990903,7:04:30,7:04:35,5,0:00:00,0:00:00,0,AGENT,0:00:00,0:00:00,0,ROTH
AA0209,46604,0,0,PS,990903,7:04:40,7:04:45,5,7:04:45,7:05:03,18,HANG,0:00:00,0:00:00,0,NO_SERVER
AA0209,46605,0,0,PS,990903,7:19:13,7:19:25,12,0:00:00,0:00:00,0,AGENT,7:19:24,7:19:31,7,NO_SERVER
AA0209,46606,0,0,NW,990903,7:40:55,7:41:08,13,0:00:00,0:00:00,0,AGENT,7:41:07,7:41:41,34,ZOHARI
AA0209,46607,0,0,PS,990903,7:55:01,7:55:11,10,0:00:00,0:00:00,0,AGENT,7:55:10,7:57:22,132,BASCH
AA0209,46608,0,0,PS,990903,8:06:11,8:06:21,10,0:00:00,0:00:00,0,AGENT,8:06:19,8:08:45,146,STEREN
AA0209,46609,0,0,NW,990903,8:15:09,8:15:19,10,8:15:19,8:15:42,23,HANG,0:00:00,0:00:00,0,NO_SERVER
AA0209,46610,0,0,NW,990903,8:23:14,8:23:23,9,8:23:23,8:24:11,48,AGENT,8:24:11,8:26:09,118,BENSION
AA0209,46611,0,0,NW,990903,8:40:04,8:40:17,13,0:00:00,0:00:00,0,AGENT,8:40:16,8:45:10,294,BASCH
AA0209,46612,25291774,2,PS,990903,8:49:34,8:49:39,5,8:49:39,8:49:52,13,AGENT,8:49:50,8:51:33,103,BENSION
AA0209,46613,0,0,PS,990903,8:59:32,8:59:45,13,0:00:00,0:00:00,0,AGENT,8:59:44,9:00:42,58,BENSION
AA0209,46614,0,0,PS,990903,9:07:58,9:08:12,14,0:00:00,0:00:00,0,AGENT,9:08:10,9:10:30,140,BENSION
AA0209,46615,25073537,1,PS,990903,9:22:17,9:22:23,6,9:22:23,9:23:01,38,AGENT,9:22:59,9:25:04,125,MORIAH
AA0209,46616,675306,2,PS,990903,9:29:16,9:29:21,5,9:29:21,9:29:39,18,AGENT,9:29:39,9:34:52,313,BENSION
AA0209,46617,0,0,NW,990903,9:45:38,9:45:57,19,0:00:00,0:00:00,0,AGENT,9:45:55,9:46:40,45,BENSION
AA0209,46618,24675019,1,PS,990903,9:57:51,9:57:57,6,9:57:57,9:58:35,38,AGENT,9:58:35,9:58:35,0,BENSION
AA0209,46619,0,0,PS,990903,10:06:25,10:06:39,14,0:00:00,0:00:00,0,AGENT,10:06:38,10:08:24,106,BASCH
AA0209,46620,25022625,2,PS,990903,10:20:13,10:20:18,5,10:20:18,10:20:37,19,AGENT,10:20:36,10:20:37,1,BENSION
AA0209,46621,308910264,2,PS,990903,10:31:34,10:31:39,5,10:31:39,10:32:00,21,HANG,0:00:00,0:00:00,0,NO_SERVER
AA0209,46622,33965351,1,PS,990903,10:39:08,10:39:14,6,10:39:14,10:42:48,214,AGENT,10:42:48,10:42:49,1,MORIAH
AA0209,46623,58374356,2,PS,990903,10:51:47,10:51:53,6,10:51:53,10:51:57,4,AGENT,10:51:56,10:51:59,3,MORIAH
AA0209,46624,0,0,PS,990903,11:09:13,11:09:21,8,0:00:00,0:00:00,0,AGENT,11:09:20,11:14:00,280,MORIAH
AA0209,46625,23863954,1,PS,990903,11:21:03,11:21:08,5,11:21:08,11:21:35,27,AGENT,11:21:34,11:23:02,88,ROTH
AA0209,46626,0,0,PS,990903,11:34:16,11:34:25,9,0:00:00,0:00:00,0,AGENT,11:34:24,11:38:05,221,MORIAH
AA0209,46627,0,0,PS,990903,11:54:37,11:54:47,10,0:00:00,0:00:00,0,AGENT,11:54:46,11:57:10,144,ZOHARI
AA0209,46628,0,0,NW,990903,12:09:29,12:09:41,12,0:00:00,0:00:00,0,AGENT,12:09:41,12:09:46,5,NO_SERVER
AA0209,46629,0,0,NW,990903,12:24:32,12:24:49,17,0:00:00,0:00:00,0,AGENT,12:24:49,12:25:19,30,BENSION
AA0209,46630,0,0,NW,990903,12:39:19,12:39:34,15,0:00:00,0:00:00,0,AGENT,12:39:33,12:40:12,39,ROTH
AA0209,46631,22469118,2,PS,990903,12:56:52,12:56:57,5,12:56:57,12:57:08,11,AGENT,12:57:08,12:57:11,3,MORIAH
AA0209,46632,0,0,PS,990903,13:21:09,13:21:21,12,0:00:00,0:00:00,0,AGENT,13:21:19,13:29:28,489,MORIAH
AA0209,46633,0,0,PS,990903,13:51:01,13:51:11,10,0:00:00,0:00:00,0,AGENT,13:51:10,13:59:58,528,MORIAH
AA0209,46634,0,0,PS,990903,14:23:26,14:23:53,27,0:00:00,0:00:00,0,HANG,0:00:00,0:00:00,0,NO_SERVER
AA0209,46636,0,0,PS,990903,14:54:56,14:54:56,0,0:00:00,0:00:00,0,HANG,0:00:00,0:00:00,0,NO_SERVER
AA0209,46637,0,0,PS,990903,16:05:11,16:05:48,37,0:00:00,0:00:00,0,HANG,0:00:00,0:00:00,0,NO_SERVER
AA0209,46638,0,0,NW,990903,17:28:22,17:28:48,26,0:00:00,0:00:00,0,HANG,0:00:00,0:00:00,0,NO_SERVER
AA0209,46640,0,0,PS,990904,12:00:36,12:00:36,0,0:00:00,0:00:00,0,HANG,0:00:00,0:00:00,0,NO_SERVER
AA0209,46641,0,0,PS,990904,19:31:07,19:31:23,16,0:00:00,0:00:00,0,HANG,0:00:00,0:00:00,0,NO_SERVER
AA0209,46642,0,0,PS,990904,20:06:44,20:06:53,9,0:00:00,0:00:00,0,AGENT,20:06:52,20:08:35,103,ZOHARI
AA0209,46643,4253746,1,PS,990904,20:21:46,20:21:52,6,20:21:52,20:22:26,34,AGENT,20:22:25,20:24:20,115,SHARON
AA0209,46644,0,0,PS,990904,20:36:25,20:36:40,15,0:00:00,0:00:00,0,AGENT,20:36:40,20:36:44,4,NO_SERVER
AA0209,46645,25440017,1,PS,990904,20:46:39,20:46:45,6,20:46:45,20:47:50,65,AGENT,20:47:49,20:48:43,54,SHARON
AA0209,46646,0,0,PS,990904,21:15:06,21:15:15,9,0:00:00,0:00:00,0,AGENT,21:15:14,21:15:18,4,BASCH
AA0209,46647,0,0,NW,990904,21:45:13,21:45:29,16,0:00:00,0:00:00,0,AGENT,21:45:29,21:47:22,113,ZOHARI
AA0209,46648,0,0,PS,990904,22:17:13,22:17:24,11,0:00:00,0:00:00,0,AGENT,22:17:24,22:24:10,406,MORIAH
AA0209,46649,0,0,PS,990904,22:45:09,22:45:17,8,0:00:00,0:00:00,0,AGENT,22:45:17,22:48:55,218,BASCH
AA0209,46650,0,0,PS,990904,23:19:41,23:19:57,16,0:00:00,0:00:00,0,AGENT,23:19:56,23:20:47,51,SHARON
AA0209,46651,0,0,NW,990905,0:52:08,0:53:05,57,0:00:00,0:00:00,0,HANG,0:00:00,0:00:00,0,NO_SERVER
AA0209,46652,0,0,PS,990905,7:00:14,7:00:24,10,0:00:00,0:00:00,0,AGENT,7:00:23,7:00:32,9,YIFAT
AA0209,46653,46680740,2,PS,990905,7:20:16,7:20:22,6,7:20:22,7:22:09,107,AGENT,7:22:08,7:26:40,272,AVI
AA0209,46654,0,0,NW,990905,7:41:08,7:41:17,9,7:41:17,7:44:20,183,AGENT,7:44:19,7:46:49,150,AVI
AA0209,46655,0,0,PS,990905,8:08:13,8:08:22,9,0:00:00,0:00:00,0,AGENT,8:08:21,8:09:57,96,AVI
AA0209,46656,0,0,NW,990905,8:20:57,8:21:07,10,8:21:07,8:23:16,129,AGENT,8:23:15,8:23:36,21,DORIT
AA0209,46657,0,0,PS,990905,8:36:26,8:36:36,10,0:00:00,0:00:00,0,AGENT,8:36:34,8:49:07,753,ROTH
AA0209,46658,0,0,NW,990905,8:50:03,8:50:13,10,8:50:13,8:50:49,36,AGENT,8:50:48,8:51:47,59,STEREN
AA0209,46659,0,0,PS,990905,9:03:03,9:03:14,11,0:00:00,0:00:00,0,AGENT,9:03:12,9:12:35,563,NAAMA
AA0209,46660,69687275,2,PS,990905,9:14:26,9:14:32,6,9:14:32,9:14:58,26,AGENT,9:14:57,9:20:07,310,ROTH
AA0209,46661,0,0,PS,990905,9:24:32,9:24:47,15,0:00:00,0:00:00,0,AGENT,9:24:45,9:24:50,5,AVI
AA0209,46662,0,0,NW,990905,9:31:55,9:32:04,9,9:32:04,9:33:33,89,HANG,0:00:00,0:00:00,0,NO_SERVER
AA0209,46663,54613724,2,NE,990905,9:42:02,9:42:08,6,9:42:08,9:44:31,143,AGENT,9:44:30,9:45:49,79,AVI
AA0209,46664,9205253,2,PS,990905,9:51:41,9:51:46,5,9:51:46,9:52:09,23,AGENT,9:52:08,9:54:48,160,ROTH
AA0209,46665,68741495,2,NE,990905,9:58:02,9:58:08,6,9:58:08,9:58:16,8,AGENT,9:58:14,10:02:58,284,STEREN
AA0209,46666,23530603,2,PS,990905,10:05:39,10:05:45,6,10:05:45,10:08:11,146,AGENT,0:00:00,0:00:00,0,ZOHARI
AA0209,46667,30663462,2,PS,990905,10:14:12,10:14:17,5,10:14:17,10:17:02,165,AGENT,10:17:02,10:22:19,317,DORIT
AA0209,46668,52867744,2,PS,990905,10:23:57,10:24:02,5,10:24:02,10:24:33,31,AGENT,10:24:32,10:33:45,553,NAAMA
AA0209,46669,57831356,2,NE,990905,10:29:32,10:29:38,6,10:29:38,10:32:32,174,AGENT,10:32:30,10:33:52,82,AVI
AA0209,46670,25149287,1,PS,990905,10:37:35,10:37:40,5,10:37:40,10:38:14,34,HANG,0:00:00,0:00:00,0,NO_SERVER
AA0209,46671,3156221,2,PS,990905,10:42:28,10:42:33,5,10:42:33,10:46:45,252,AGENT,10:46:44,10:50:03,199,NAAMA
AA0209,46672,52031556,2,PS,990905,10:52:06,10:52:12,6,10:52:12,10:53:19,67,AGENT,10:53:17,11:00:58,461,STEREN
AA0209,46673,78191137,2,PS,990905,10:58:11,10:58:17,6,10:58:17,11:00:58,161,AGENT,11:00:57,11:03:53,176,NAAMA
AA0209,46674,33660606,2,PS,990905,11:04:31,11:04:37,6,11:04:37,11:08:01,204,AGENT,11:07:59,11:09:18,79,ROTH
AA0209,46675,32357816,2,PS,990905,11:13:33,11:13:38,5,11:13:38,11:14:23,45,AGENT,11:14:21,11:16:21,120,ANAT
AA0209,46676,15239874,2,PS,990905,11:21:29,11:21:35,6,11:21:35,11:23:21,106,AGENT,11:23:20,11:25:21,121,ANAT
AA0209,46677,27264902,1,PS,990905,11:30:56,11:31:02,6,11:31:02,11:31:12,10,AGENT,11:31:10,11:34:19,189,AVI
AA0209,46678,32183741,2,PS,990905,11:38:41,11:38:47,6,11:38:47,11:39:31,44,AGENT,11:39:30,11:40:32,62,NAAMA
AA0209,46679,25688045,1,PS,990905,11:48:31,11:48:37,6,11:48:37,11:48:47,10,HANG,0:00:00,0:00:00,0,NO_SERVER
AA0209,46680,0,0,PS,990905,11:57:31,11:57:40,9,0:00:00,0:00:00,0,AGENT,11:57:40,11:59:27,107,ZOHARI
AA0209,46681,12765632,2,PS,990905,12:05:27,12:05:32,5,12:05:32,12:05:42,10,AGENT,12:05:42,12:06:47,65,ROTH
AA0209,46682,25185224,2,PS,990905,12:10:53,12:10:59,6,12:10:59,12:12:07,68,AGENT,12:12:06,12:12:58,52,ANAT
AA0209,46683,0,0,NE,990905,12:24:12,12:24:23,11,0:00:00,0:00:00,0,AGENT,12:24:22,12:28:53,271,ELI
AA0209,46684,0,0,NW,990905,12:34:47,12:34:56,9,12:34:56,12:37:43,167,AGENT,12:37:42,12:39:14,92,STEREN
AA0209,46685,0,0,NW,990905,12:48:34,12:48:51,17,0:00:00,0:00:00,0,AGENT,12:48:50,12:51:32,162,ZOHARI
AA0209,46686,12482634,2,NE,990905,12:57:21,12:57:27,6,12:57:27,12:58:25,58,AGENT,12:58:24,13:03:28,304,AVI
AA0209,46688,0,0,PS,990905,13:09:43,13:09:43,0,0:00:00,0:00:00,0,HANG,0:00:00,0:00:00,0,NO_SERVER
AA0209,46689,22871370,1,PS,990905,13:16:41,13:16:47,6,13:16:47,13:17:55,68,HANG,0:00:00,0:00:00,0,NO_SERVER
AA0209,46690,0,0,PS,990905,13:26:54,13:27:03,9,0:00:00,0:00:00,0,AGENT,13:27:02,13:27:57,55,ROTH
AA0209,46691,0,0,PS,990905,13:36:47,13:36:57,10,0:00:00,0:00:00,0,AGENT,13:36:57,13:41:35,278,TOVA
AA0209,46692,0,0,PS,990905,13:53:08,13:53:17,9,0:00:00,0:00:00,0,AGENT,13:53:16,14:00:42,446,TOVA
AA0209,46693,50003086,2,PS,990905,14:01:08,14:01:14,6,14:01:14,14:03:51,157,AGENT,14:03:51,14:07:39,228,STEREN
AA0209,46694,0,0,PS,990905,14:15:39,14:15:49,10,0:00:00,0:00:00,0,AGENT,14:15:48,14:18:20,152,AVI
AA0209,46695,0,0,PS,990905,14:22:57,14:23:20,23,0:00:00,0:00:00,0,HANG,0:00:00,0:00:00,0,NO_SERVER
AA0209,46696,23092778,2,PS,990905,14:30:00,14:30:06,6,14:30:06,14:32:53,167,AGENT,14:32:52,14:38:39,347,TOVA
AA0209,46697,0,0,PS,990905,14:41:18,14:41:26,8,0:00:00,0:00:00,0,AGENT,14:41:25,14:43:24,119,ROTH
AA0209,46698,4312914,2,PS,990905,14:50:58,14:51:03,5,14:51:03,14:51:13,10,HANG,0:00:00,0:00:00,0,NO_SERVER
AA0209,46699,70397559,2,NE,990905,14:56:44,14:56:49,5,14:56:49,14:57:36,47,HANG,0:00:00,0:00:00,0,NO_SERVER
AA0209,46700,50696350,1,PS,990905,15:04:25,15:04:31,6,15:04:31,15:09:24,293,AGENT,15:09:24,15:14:37,313,STEREN
AA0209,46701,24265456,2,PS,990905,15:17:34,15:17:39,5,15:17:39,15:18:46,67,AGENT,15:18:45,15:20:19,94,MORIAH
AA0209,46702,59229187,1,PS,990905,15:25:01,15:25:06,5,15:25:06,15:25:56,50,AGENT,15:25:55,15:27:34,99,TOVA
AA0209,46703,52120771,1,NE,990905,15:34:07,15:34:13,6,15:34:13,15:36:34,141,AGENT,15:36:33,15:43:30,417,MORIAH
AA0209,46704,5530654,2,PS,990905,15:42:12,15:42:17,5,15:42:17,15:44:20,123,AGENT,15:44:20,15:47:51,211,TOVA
AA0209,46705,41147513,2,PS,990905,15:50:21,15:50:26,5,15:50:26,15:50:56,30,AGENT,15:50:55,15:50:58,3,MORIAH
AA0209,46706,12224879,1,PS,990905,15:56:17,15:56:24,7,15:56:24,15:58:47,143,AGENT,15:58:46,16:02:18,212,TOVA
AA0209,46707,52031556,2,PS,990905,16:02:43,16:02:48,5,16:02:48,16:08:47,359,AGENT,16:08:46,16:13:43,297,BASCH
AA0209,46708,51002343,2,PS,990905,16:12:07,16:12:13,6,16:12:13,16:12:22,9,HANG,0:00:00,0:00:00,0,NO_SERVER
AA0209,46709,0,0,NW,990905,16:15:01,16:15:10,9,0:00:00,0:00:00,0,HANG,0:00:00,0:00:00,0,NO_SERVER
AA0209,46710,24207532,2,PS,990905,16:21:03,16:21:09,6,16:21:09,16:22:20,71,AGENT,16:22:19,16:23:16,57,MORIAH
AA0209,46711,0,0,NW,990905,16:27:43,16:27:53,10,16:27:53,16:28:20,27,HANG,0:00:00,0:00:00,0,NO_SERVER
AA0209,46712,57253494,1,PS,990905,16:36:02,16:36:08,6,16:36:08,16:37:52,104,AGENT,16:37:51,16:43:54,363,ZOHARI
AA0209,46713,38305009,1,PS,990905,16:44:44,16:44:50,6,16:44:50,16:45:25,35,AGENT,16:45:25,16:45:27,2,MORIAH
AA0209,46714,0,0,NW,990905,16:54:35,16:54:45,10,16:54:45,16:59:31,286,AGENT,16:59:30,16:59:58,28,BASCH
AA0209,46715,67810671,2,PS,990905,17:10:52,17:10:58,6,17:10:58,17:11:02,4,AGENT,17:11:01,17:11:08,7,TOVA
AA0209,46716,0,0,NW,990905,17:22:16,17:22:25,9,17:22:25,17:26:06,221,PHANTOM,17:25:48,17:26:10,22,NO_SERVER
AA0209,46718,0,0,PS,990905,17:36:43,17:36:43,0,0:00:00,0:00:00,0,HANG,0:00:00,0:00:00,0,NO_SERVER
AA0209,46719,69108678,1,PS,990905,17:44:06,17:44:12,6,17:44:12,17:44:18,6,AGENT,17:44:17,17:45:58,101,VICKY
AA0209,46720,0,0,PS,990905,17:58:02,17:58:13,11,0:00:00,0:00:00,0,AGENT,17:58:12,17:59:16,64,VICKY
AA0209,46721,0,0,NW,990905,18:23:27,18:23:36,9,18:23:36,18:25:01,85,HANG,0:00:00,0:00:00,0,NO_SERVER
AA0209,46722,34923532,1,PS,990905,18:47:22,18:47:27,5,18:47:27,18:48:08,41,AGENT,18:48:06,18:49:52,106,TOVA
AA0209,46723,0,0,PS,990905,19:08:47,19:08:57,10,0:00:00,0:00:00,0,AGENT,19:08:56,19:11:19,143,VICKY
AA0209,46724,25579707,1,PS,990905,19:31:39,19:31:44,5,19:31:44,19:31:57,13,AGENT,19:31:56,19:32:42,46,BASCH
AA0209,46725,0,0,PS,990905,19:51:46,19:51:55,9,0:00:00,0:00:00,0,AGENT,19:51:54,19:52:43,49,VICKY
AA0209,46726,0,0,PS,990905,20:03:07,20:03:16,9,0:00:00,0:00:00,0,AGENT,20:03:15,20:03:17,2,TOVA
AA0209,46727,0,0,PS,990905,20:26:15,20:26:23,8,0:00:00,0:00:00,0,AGENT,20:26:23,20:27:21,58,TOVA
AA0209,46728,0,0,NW,990905,20:54:37,20:54:57,20,0:00:00,0:00:00,0,AGENT,20:54:56,20:59:12,256,BASCH
AA0209,46729,38354940,2,PS,990905,21:20:16,21:20:21,5,21:20:21,21:21:42,81,AGENT,21:21:41,21:21:44,3,MORIAH
AA0209,46730,50409341,1,PS,990905,21:45:12,21:45:17,5,21:45:17,21:46:53,96,AGENT,21:46:52,21:49:07,135,VICKY
AA0209,46731,29052784,2,PS,990905,21:57:31,21:57:36,5,21:57:36,21:58:21,45,AGENT,21:58:20,22:00:31,131,VICKY
AA0209,46732,0,0,NW,990905,22:20:23,22:20:40,17,0:00:00,0:00:00,0,AGENT,22:20:40,22:22:54,134,BASCH
AA0209,46733,0,0,PS,990905,22:53:19,22:53:29,10,0:00:00,0:00:00,0,AGENT,22:53:28,22:54:51,83,VICKY
AA0209,46734,25779315,1,PS,990905,23:19:00,23:19:06,6,23:19:06,23:19:55,49,AGENT,23:19:55,23:21:03,68,VICKY
AA0209,46735,0,0,PS,990906,5:44:08,5:44:21,13,0:00:00,0:00:00,0,HANG,0:00:00,0:00:00,0,NO_SERVER
AA0209,46736,0,0,PS,990906,7:09:03,7:09:15,12,0:00:00,0:00:00,0,AGENT,7:09:14,7:11:32,138,DORIT
AA0209,46737,0,0,NW,990906,7:31:50,7:31:59,9,0:00:00,0:00:00,0,HANG,0:00:00,0:00:00,0,NO_SERVER
AA0209,46738,0,0,NW,990906,7:58:21,7:58:35,14,0:00:00,0:00:00,0,AGENT,7:58:34,7:59:23,49,BASCH
AA0209,46739,0,0,NW,990906,8:14:46,8:15:01,15,0:00:00,0:00:00,0,AGENT,8:15:00,8:15:31,31,SHARON
AA0209,46740,0,0,PS,990906,8:29:25,8:29:36,11,0:00:00,0:00:00,0,AGENT,8:29:35,8:30:53,78,TOVA
AA0209,46741,0,0,NW,990906,8:44:48,8:44:57,9,8:44:57,8:45:41,44,AGENT,8:45:40,8:46:11,31,SHARON
AA0209,46742,0,0,PS,990906,8:55:42,8:55:53,11,0:00:00,0:00:00,0,AGENT,8:55:52,8:56:49,57,BASCH
AA0209,46743,0,0,PS,990906,9:05:22,9:05:32,10,0:00:00,0:00:00,0,AGENT,9:05:32,9:06:24,52,ZOHARI
AA0209,46744,0,0,NW,990906,9:15:14,9:15:26,12,0:00:00,0:00:00,0,AGENT,9:15:26,9:17:29,123,ROTH
AA0209,46745,0,0,NE,990906,9:22:11,9:22:21,10,0:00:00,0:00:00,0,AGENT,9:22:21,9:28:35,374,ZOHARI
AA0209,46746,0,0,PS,990906,9:28:49,9:28:59,10,0:00:00,0:00:00,0,AGENT,9:28:57,9:30:06,69,SHARON
AA0209,46747,0,0,PS,990906,9:36:51,9:37:01,10,0:00:00,0:00:00,0,AGENT,9:37:00,9:39:30,150,TOVA
AA0209,46748,0,0,PS,990906,9:43:58,9:44:04,6,0:00:00,0:00:00,0,AGENT,9:44:04,9:44:07,3,NO_SERVER
AA0209,46749,11710647,2,PS,990906,9:51:32,9:51:37,5,9:51:37,9:51:57,20,HANG,0:00:00,0:00:00,0,NO_SERVER
AA0209,46750,0,0,PS,990906,9:59:31,9:59:37,6,0:00:00,0:00:00,0,AGENT,9:59:45,9:59:50,5,NO_SERVER
AA0209,46751,55021059,1,PS,990906,10:05:54,10:05:59,5,10:05:59,10:09:51,232,AGENT,10:09:49,10:15:29,340,SHARON
AA0209,46752,0,0,NW,990906,10:14:29,10:14:38,9,10:14:38,10:21:22,404,AGENT,10:21:21,10:22:36,75,SHARON
AA0209,46753,16992406,1,PS,990906,10:24:52,10:24:58,6,10:24:58,10:25:14,16,HANG,0:00:00,0:00:00,0,NO_SERVER
AA0209,46754,9205253,2,PS,990906,10:32:56,10:33:02,6,10:33:02,10:33:25,23,AGENT,10:33:24,10:35:14,110,SHARON
AA0209,46755,0,0,NE,990906,10:41:51,10:42:05,14,0:00:00,0:00:00,0,AGENT,10:42:04,10:46:20,256,ELI
AA0209,46756,0,0,PS,990906,10:51:56,10:52:05,9,0:00:00,0:00:00,0,AGENT,10:52:04,10:53:40,96,YITZ
AA0209,46757,63611537,2,PS,990906,10:59:54,11:00:00,6,11:00:00,11:00:08,8,AGENT,11:00:08,11:12:13,725,YITZ
AA0209,46758,0,0,NW,990906,11:11:47,11:12:01,14,0:00:00,0:00:00,0,AGENT,11:12:00,11:12:49,49,SHARON
AA0209,46759,25648734,1,PS,990906,11:20:44,11:20:50,6,11:20:50,11:22:58,128,AGENT,11:22:56,11:23:01,5,BASCH
AA0209,46760,30442495,2,PS,990906,11:34:55,11:35:00,5,11:35:00,11:35:08,8,AGENT,11:35:08,11:50:13,905,SHARON
AA0209,46761,54134291,2,PS,990906,11:41:58,11:42:03,5,11:42:03,11:42:49,46,AGENT,11:42:48,11:45:38,170,MORIAH
AA0209,46762,25434457,2,PS,990906,11:51:30,11:51:35,5,11:51:35,11:52:33,58,AGENT,11:52:32,11:57:06,274,YITZ
AA0209,46763,0,0,PS,990906,12:02:55,12:03:07,12,0:00:00,0:00:00,0,AGENT,12:03:06,12:03:08,2,TOVA
AA0209,46764,0,0,NW,990906,12:11:45,12:11:58,13,0:00:00,0:00:00,0,AGENT,12:11:57,12:14:01,124,SHARON
AA0209,46765,0,0,NE,990906,12:28:06,12:28:14,8,0:00:00,0:00:00,0,AGENT,12:28:14,12:29:53,99,BASCH
AA0209,46766,0,0,PS,990906,12:40:48,12:40:59,11,0:00:00,0:00:00,0,AGENT,12:40:58,12:41:01,3,TOVA
AA0209,46767,64185333,2,PS,990906,12:54:58,12:55:04,6,12:55:04,12:56:23,79,AGENT,12:56:22,12:57:48,86,MORIAH
AA0209,46768,0,0,PS,990906,13:09:43,13:09:52,9,0:00:00,0:00:00,0,AGENT,13:09:52,13:11:55,123,BASCH
AA0209,46769,0,0,PS,990906,13:22:57,13:23:06,9,0:00:00,0:00:00,0,AGENT,13:23:05,13:23:42,37,ROTH
AA0209,46770,0,0,PS,990906,13:38:38,13:38:48,10,0:00:00,0:00:00,0,AGENT,13:38:48,13:38:50,2,TOVA
AA0209,46771,0,0,PS,990906,13:53:23,13:53:32,9,0:00:00,0:00:00,0,AGENT,13:53:31,13:55:23,112,SHARON
AA0209,46772,0,0,PS,990906,14:02:26,14:02:37,11,0:00:00,0:00:00,0,AGENT,14:02:36,14:05:46,190,ZOHARI
AA0209,46773,58704610,2,PS,990906,14:15:56,14:16:02,6,14:16:02,14:16:34,32,AGENT,14:16:33,14:18:26,113,MORIAH
AA0209,46774,52031556,2,PS,990906,14:28:43,14:28:48,5,14:28:48,14:30:42,114,AGENT,14:30:41,14:33:58,197,BASCH
AA0209,46775,54665682,2,PS,990906,14:40:48,14:40:54,6,14:40:54,14:41:40,46,AGENT,14:41:39,14:42:27,48,SHARON
AA0209,46776,0,0,NE,990906,14:50:15,14:50:25,10,0:00:00,0:00:00,0,AGENT,14:50:24,14:52:09,105,DORIT
AA0209,46777,14707624,1,PS,990906,15:02:52,15:02:58,6,15:02:58,15:05:59,181,AGENT,15:05:58,15:12:28,390,SHARON
AA0209,46778,0,0,PS,990906,15:22:26,15:22:35,9,0:00:00,0:00:00,0,AGENT,15:22:35,15:24:32,117,ZOHARI
AA0209,46779,25761891,1,PS,990906,15:30:32,15:30:38,6,15:30:38,15:30:42,4,HANG,0:00:00,0:00:00,0,NO_SERVER
AA0209,46780,57876948,2,PS,990906,15:42:45,15:42:50,5,15:42:50,15:44:34,104,HANG,0:00:00,0:00:00,0,NO_SERVER
AA0209,46781,0,0,PS,990906,15:58:11,15:58:22,11,0:00:00,0:00:00,0,AGENT,15:58:21,16:02:00,219,ZOHARI
AA0209,46782,12482634,2,NE,990906,16:10:39,16:10:45,6,16:10:45,16:11:14,29,AGENT,16:11:12,16:11:23,11,STEREN
AA0209,46783,54112842,2,PS,990906,16:28:03,16:28:09,6,16:28:09,16:28:50,41,AGENT,16:28:49,16:34:59,370,STEREN
AA0209,46784,24651887,2,PS,990906,16:42:13,16:42:18,5,16:42:18,16:42:39,21,AGENT,16:42:38,16:44:47,129,STEREN
AA0209,46785,0,0,PS,990906,17:02:08,17:02:28,20,0:00:00,0:00:00,0,AGENT,17:02:27,17:16:00,813,DARMON
AA0209,46786,317760924,2,PS,990906,17:17:02,17:17:08,6,17:17:08,17:20:14,186,AGENT,17:20:13,17:26:06,353,VICKY
AA0209,46787,51689297,1,PS,990906,17:40:39,17:40:44,5,17:40:44,17:41:04,20,AGENT,17:41:04,17:41:55,51,STEREN
AA0209,46788,0,0,PS,990906,18:02:32,18:02:47,15,0:00:00,0:00:00,0,AGENT,18:02:46,18:03:12,26,ANAT
AA0209,46789,56768120,1,PS,990906,18:27:17,18:27:23,6,18:27:23,18:28:26,63,AGENT,18:28:26,18:28:54,28,VICKY
AA0209,46790,0,0,NW,990906,18:47:05,18:47:28,23,0:00:00,0:00:00,0,AGENT,18:47:27,18:47:35,8,MEIR
AA0209,46791,0,0,PS,990906,19:09:16,19:09:26,10,0:00:00,0:00:00,0,AGENT,19:09:26,19:11:29,123,ANAT
AA0209,46792,0,0,PS,990906,19:37:38,19:37:47,9,0:00:00,0:00:00,0,AGENT,19:37:46,19:38:00,14,NO_SERVER
AA0209,46793,0,0,NW,990906,20:03:21,20:03:31,10,20:03:31,20:04:40,69,HANG,0:00:00,0:00:00,0,NO_SERVER
AA0209,46794,0,0,NW,990906,20:34:19,20:34:29,10,20:34:29,20:35:09,40,AGENT,20:35:09,20:38:13,184,MEIR
AA0209,46795,303795967,2,PS,990906,20:54:29,20:54:35,6,20:54:35,20:54:40,5,AGENT,20:54:40,20:57:00,140,STEREN
AA0209,46796,0,0,PS,990906,21:13:44,21:13:53,9,0:00:00,0:00:00,0,AGENT,21:13:52,21:13:54,2,VICKY
AA0209,46797,0,0,PS,990906,21:39:42,21:39:51,9,0:00:00,0:00:00,0,AGENT,21:39:49,21:40:39,50,STEREN
AA0209,46798,0,0,PS,990906,22:07:08,22:07:17,9,0:00:00,0:00:00,0,AGENT,22:07:16,22:10:05,169,VICKY
AA0209,46799,0,0,PS,990906,22:42:06,22:42:14,8,0:00:00,0:00:00,0,AGENT,22:42:13,22:47:49,336,STEREN
AA0209,46800,0,0,PS,990906,23:21:53,23:22:08,15,0:00:00,0:00:00,0,AGENT,23:22:07,23:29:56,469,VICKY
AA0209,46801,0,0,PS,990907,6:23:36,6:23:48,12,0:00:00,0:00:00,0,HANG,0:00:00,0:00:00,0,NO_SERVER
AA0209,46802,54133277,2,PS,990907,7:36:14,7:36:19,5,7:36:19,7:36:48,29,AGENT,7:36:47,7:42:00,313,MORIAH
AA0209,46803,0,0,PS,990907,8:05:44,8:05:53,9,0:00:00,0:00:00,0,AGENT,8:05:52,8:14:46,534,ROTH
AA0209,46804,0,0,PE,990907,8:28:30,8:28:39,9,0:00:00,0:00:00,0,AGENT,8:28:38,8:30:55,137,MORIAH
AA0209,46805,0,0,PS,990907,8:42:39,8:42:50,11,0:00:00,0:00:00,0,AGENT,8:42:49,8:47:37,288,BASCH
AA0209,46806,24629255,2,PS,990907,8:53:08,8:53:14,6,8:53:14,8:53:20,6,AGENT,8:53:20,8:59:17,357,MORIAH
AA0209,46807,0,0,PS,990907,9:01:05,9:01:14,9,0:00:00,0:00:00,0,AGENT,9:01:14,9:04:38,204,TOVA
AA0209,46808,0,0,PS,990907,9:12:24,9:12:33,9,0:00:00,0:00:00,0,AGENT,9:12:33,9:19:52,439,BASCH
AA0209,46809,9103060,2,NE,990907,9:27:46,9:27:51,5,9:27:51,9:30:11,140,AGENT,9:30:10,9:33:47,217,TOVA
AA0209,46810,25464504,2,PS,990907,9:39:29,9:39:35,6,9:39:35,9:40:44,69,AGENT,9:40:44,9:41:52,68,MORIAH
AA0209,46811,57918849,1,NE,990907,9:57:13,9:57:18,5,9:57:18,9:57:38,20,AGENT,9:57:36,9:57:41,5,MORIAH
AA0209,46812,0,0,NW,990907,10:07:11,10:07:20,9,10:07:20,10:07:40,20,HANG,0:00:00,0:00:00,0,NO_SERVER
AA0209,46813,0,0,PS,990907,10:20:09,10:20:20,11,0:00:00,0:00:00,0,AGENT,10:20:19,10:20:19,0,AVI
AA0209,46814,3664703,2,PS,990907,10:29:10,10:29:16,6,10:29:16,10:29:54,38,AGENT,10:29:53,10:34:27,274,MORIAH
AA0209,46815,52195260,2,PS,990907,10:43:57,10:44:03,6,10:44:03,10:44:35,32,AGENT,10:44:34,10:45:41,67,BASCH
AA0209,46816,57918849,1,NE,990907,10:54:10,10:54:15,5,10:54:15,10:55:56,101,AGENT,10:55:54,10:59:57,243,MORIAH
AA0209,46817,0,0,PS,990907,11:09:21,11:09:36,15,0:00:00,0:00:00,0,AGENT,11:09:35,11:11:46,131,TOVA
AA0209,46818,24040784,1,PS,990907,11:18:32,11:18:38,6,11:18:38,11:19:27,49,AGENT,11:19:27,11:22:28,181,TOVA
AA0209,46819,29421799,1,PS,990907,11:30:10,11:30:16,6,11:30:16,11:34:02,226,AGENT,11:34:01,11:36:43,162,TOVA
AA0209,46820,0,0,NW,990907,11:41:33,11:41:42,9,11:41:42,11:41:53,11,HANG,0:00:00,0:00:00,0,NO_SERVER
AA0209,46821,23895501,2,PS,990907,11:47:16,11:47:21,5,11:47:21,11:53:12,351,AGENT,11:53:12,11:55:00,108,ROTH
AA0209,46822,29744240,1,PS,990907,12:03:15,12:03:20,5,12:03:20,12:04:36,76,AGENT,12:04:36,12:06:48,132,TOVA
AA0209,46823,0,0,NE,990907,12:18:08,12:18:17,9,0:00:00,0:00:00,0,AGENT,12:18:17,12:21:48,211,ROTH
AA0209,46824,0,0,PS,990907,12:28:32,12:28:41,9,0:00:00,0:00:00,0,AGENT,12:28:40,12:29:46,66,VICKY
AA0209,46825,0,0,PS,990907,12:46:42,12:47:00,18,0:00:00,0:00:00,0,AGENT,12:46:58,12:58:45,707,BASCH
AA0209,46826,0,0,PS,990907,13:02:49,13:02:59,10,0:00:00,0:00:00,0,AGENT,13:02:58,13:04:11,73,ROTH
AA0209,46827,4312914,2,PS,990907,13:15:06,13:15:12,6,13:15:12,13:16:25,73,HANG,0:00:00,0:00:00,0,NO_SERVER
AA0209,46828,0,0,PS,990907,13:35:00,13:35:10,10,0:00:00,0:00:00,0,AGENT,13:35:09,13:36:29,80,MORIAH
AA0209,46829,0,0,PS,990907,13:54:17,13:54:26,9,0:00:00,0:00:00,0,AGENT,13:54:25,13:57:13,168,ROTH
AA0209,46830,0,0,NE,990907,14:07:24,14:07:39,15,0:00:00,0:00:00,0,AGENT,14:07:39,14:11:11,212,ELI
AA0209,46831,0,0,PS,990907,14:22:14,14:22:24,10,0:00:00,0:00:00,0,AGENT,14:22:23,14:23:18,55,DORIT
AA0209,46832,24442634,2,PS,990907,14:33:18,14:33:24,6,14:33:24,14:35:18,114,AGENT,14:35:16,14:35:17,1,VICKY
AA0209,46833,29444049,2,PS,990907,14:42:44,14:42:49,5,14:42:49,14:45:00,131,AGENT,14:45:00,14:46:08,68,VICKY
AA0209,46834,10943918,2,PS,990907,14:53:05,14:53:11,6,14:53:11,14:53:38,27,AGENT,14:53:37,14:54:11,34,VICKY
AA0209,46835,38378667,1,PS,990907,15:07:09,15:07:15,6,15:07:15,15:10:37,202,AGENT,15:10:36,15:12:22,106,STEREN
AA0209,46836,11283090,1,PS,990907,15:20:45,15:20:50,5,15:20:50,15:22:24,94,AGENT,15:22:23,15:22:24,1,VICKY
AA0209,46837,22874192,2,PS,990907,15:32:00,15:32:06,6,15:32:06,15:32:47,41,AGENT,15:32:45,15:34:48,123,DORIT
AA0209,46838,0,0,PS,990907,15:41:17,15:41:29,12,0:00:00,0:00:00,0,AGENT,15:41:28,15:43:09,101,SHARON
AA0209,46839,9682923,2,PS,990907,15:54:23,15:54:29,6,15:54:29,15:54:53,24,AGENT,15:54:52,15:59:10,258,ZOHARI
AA0209,46840,0,0,NW,990907,16:05:56,16:06:05,9,16:06:05,16:07:57,112,HANG,0:00:00,0:00:00,0,NO_SERVER
AA0209,46841,0,0,PS,990907,16:20:15,16:20:28,13,0:00:00,0:00:00,0,AGENT,16:20:28,16:47:32,1624,DORIT
AA0209,46842,0,0,NW,990907,16:31:40,16:31:49,9,16:31:49,16:31:59,10,HANG,0:00:00,0:00:00,0,NO_SERVER
AA0209,46843,0,0,PS,990907,16:47:38,16:47:51,13,0:00:00,0:00:00,0,AGENT,16:47:50,16:48:11,21,ZOHARI
AA0209,46844,0,0,PS,990907,16:55:40,16:55:53,13,0:00:00,0:00:00,0,AGENT,16:55:52,16:57:53,121,ZOHARI
AA0209,46845,38350203,1,PS,990907,17:09:30,17:09:35,5,17:09:35,17:13:33,238,AGENT,17:13:32,17:14:34,62,ZOHARI
AA0209,46846,0,0,PS,990907,17:25:01,17:25:12,11,0:00:00,0:00:00,0,AGENT,17:25:12,17:27:15,123,SHARON
AA0209,46847,0,0,NE,990907,17:38:52,17:39:04,12,0:00:00,0:00:00,0,AGENT,17:39:03,17:42:23,200,DARMON
AA0209,46848,0,0,NW,990907,17:48:38,17:48:47,9,17:48:47,17:50:48,121,AGENT,17:50:47,17:51:19,32,VICKY
AA0209,46849,0,0,NW,990907,18:04:40,18:04:49,9,0:00:00,0:00:00,0,HANG,0:00:00,0:00:00,0,NO_SERVER
AA0209,46850,0,0,PS,990907,18:18:58,18:19:35,37,0:00:00,0:00:00,0,AGENT,18:19:35,18:20:17,42,STEREN
AA0209,46851,0,0,PS,990907,18:53:15,18:53:27,12,0:00:00,0:00:00,0,AGENT,18:53:27,18:57:12,225,DORIT
AA0209,46852,0,0,NW,990907,19:16:36,19:16:42,6,0:00:00,0:00:00,0,AGENT,19:16:41,19:16:56,15,VICKY
AA0209,46853,0,0,PS,990907,19:44:00,19:44:08,8,0:00:00,0:00:00,0,AGENT,19:44:08,19:50:43,395,STEREN
AA0209,46854,0,0,PS,990907,20:13:26,20:13:34,8,0:00:00,0:00:00,0,AGENT,20:13:33,20:16:34,181,DORIT
AA0209,46855,0,0,PS,990907,20:34:06,20:34:14,8,0:00:00,0:00:00,0,AGENT,20:34:14,20:39:58,344,SHARON
AA0209,46856,0,0,PS,990907,20:55:07,20:55:22,15,0:00:00,0:00:00,0,AGENT,20:55:22,20:57:22,120,BENSION
AA0209,46857,0,0,PS,990907,21:11:32,21:11:44,12,0:00:00,0:00:00,0,AGENT,21:11:43,21:12:52,69,SHARON
AA0209,46858,0,0,PS,990907,21:35:40,21:35:55,15,0:00:00,0:00:00,0,AGENT,21:35:54,21:38:38,164,BENSION
AA0209,46859,0,0,PS,990907,21:58:42,21:58:57,15,0:00:00,0:00:00,0,AGENT,21:58:56,22:00:21,85,BENSION
AA0209,46860,0,0,PS,990907,22:27:28,22:27:50,22,0:00:00,0:00:00,0,AGENT,22:27:44,22:28:33,49,SHARON
AA0209,46861,58704610,2,PS,990907,22:46:08,22:46:14,6,22:46:14,22:46:49,35,AGENT,22:46:48,22:47:32,44,SHARON
AA0209,46862,0,0,PS,990907,23:13:21,23:13:34,13,0:00:00,0:00:00,0,AGENT,23:13:34,23:15:53,139,DARMON
AA0209,46863,0,0,NW,990908,0:20:58,0:21:17,19,0:00:00,0:00:00,0,HANG,0:00:00,0:00:00,0,NO_SERVER
AA0209,46864,0,0,PS,990908,7:04:59,7:05:10,11,0:00:00,0:00:00,0,AGENT,7:05:10,7:06:44,94,TOVA
AA0209,46865,0,0,PS,990908,7:34:47,7:34:55,8,0:00:00,0:00:00,0,AGENT,7:34:55,7:36:58,123,BASCH
AA0209,46866,0,0,NE,990908,8:07:54,8:08:07,13,0:00:00,0:00:00,0,AGENT,8:08:05,8:14:57,412,ZOHARI
AA0209,46867,0,0,NW,990908,8:22:32,8:22:42,10,8:22:42,8:22:44,2,HANG,0:00:00,0:00:00,0,NO_SERVER
AA0209,46868,0,0,NW,990908,8:41:07,8:41:17,10,8:41:17,8:43:48,151,HANG,0:00:00,0:00:00,0,NO_SERVER
AA0209,46869,0,0,NW,990908,8:53:06,8:53:15,9,8:53:15,8:54:31,76,AGENT,8:54:30,8:54:44,14,ROTH
AA0209,46870,14821771,1,PS,990908,9:07:10,9:07:15,5,9:07:15,9:09:45,150,AGENT,9:09:43,9:10:19,36,BASCH
AA0209,46871,0,0,NW,990908,9:20:35,9:20:45,10,9:20:45,9:21:39,54,HANG,0:00:00,0:00:00,0,NO_SERVER
AA0209,46872,0,0,NW,990908,9:32:35,9:32:45,10,9:32:45,9:34:08,83,AGENT,9:34:06,9:35:57,111,DORIT
AA0209,46873,0,0,NW,990908,9:45:33,9:45:45,12,0:00:00,0:00:00,0,AGENT,9:45:44,9:46:35,51,STEREN
AA0209,46874,14710495,1,PS,990908,9:54:00,9:54:06,6,9:54:06,9:57:49,223,AGENT,9:57:48,9:58:48,60,STEREN
AA0209,46875,5318985,2,PS,990908,10:07:01,10:07:07,6,10:07:07,10:08:38,91,HANG,0:00:00,0:00:00,0,NO_SERVER
AA0209,46876,30663462,2,PS,990908,10:12:22,10:12:27,5,10:12:27,10:14:27,120,AGENT,10:14:26,10:16:46,140,STEREN
AA0209,46877,12580932,2,PS,990908,10:20:54,10:21:00,6,10:21:00,10:21:46,46,AGENT,10:21:45,10:23:07,82,STEREN
AA0209,46878,0,0,NW,990908,10:34:28,10:34:37,9,0:00:00,0:00:00,0,AGENT,10:34:45,10:38:02,197,NO_SERVER
AA0209,46879,52867744,2,PS,990908,10:47:14,10:47:19,5,10:47:19,10:47:50,31,AGENT,10:47:50,10:50:08,138,DORIT
AA0209,46880,0,0,PS,990908,11:04:47,11:04:57,10,0:00:00,0:00:00,0,AGENT,11:04:56,11:09:15,259,DORIT
AA0209,46881,0,0,PS,990908,11:19:36,11:19:44,8,0:00:00,0:00:00,0,AGENT,11:19:44,11:21:07,83,ROTH
AA0209,46882,0,0,PS,990908,11:32:12,11:32:24,12,0:00:00,0:00:00,0,AGENT,11:32:22,11:36:17,235,DORIT
AA0209,46883,56768120,1,PS,990908,11:45:16,11:45:21,5,11:45:21,11:45:38,17,AGENT,11:45:37,11:46:08,31,SHARON
AA0209,46884,78191137,2,PS,990908,11:59:51,11:59:56,5,11:59:56,12:00:07,11,AGENT,12:00:06,12:04:09,243,YITZ
AA0209,46885,67158097,2,PS,990908,12:10:50,12:10:56,6,12:10:56,12:12:57,121,AGENT,12:12:56,12:15:50,174,BASCH
AA0209,46886,0,0,NW,990908,12:20:09,12:20:18,9,12:20:18,12:22:01,103,HANG,0:00:00,0:00:00,0,NO_SERVER
AA0209,46887,0,0,NW,990908,12:35:49,12:35:59,10,12:35:59,12:37:27,88,AGENT,12:37:25,12:38:30,65,DORIT
AA0209,46888,0,0,PS,990908,12:54:54,12:55:03,9,0:00:00,0:00:00,0,AGENT,12:55:02,12:56:04,62,ROTH
AA0209,46889,0,0,PS,990908,13:07:31,13:07:40,9,0:00:00,0:00:00,0,AGENT,13:07:40,13:08:20,40,STEREN
AA0209,46890,0,0,PS,990908,13:21:27,13:21:48,21,0:00:00,0:00:00,0,AGENT,13:21:47,13:23:00,73,SHARON
AA0209,46891,0,0,PS,990908,13:34:19,13:34:29,10,0:00:00,0:00:00,0,AGENT,13:34:28,13:36:36,128,KAZAV
AA0209,46892,0,0,PS,990908,13:46:37,13:46:46,9,0:00:00,0:00:00,0,AGENT,13:46:45,13:57:27,642,STEREN
AA0209,46893,56666571,2,PS,990908,13:55:15,13:55:21,6,13:55:21,13:55:45,24,AGENT,13:55:44,13:56:07,23,SHARON
AA0209,46894,313657785,1,PS,990908,14:07:08,14:07:14,6,14:07:14,14:08:03,49,AGENT,14:08:02,14:11:29,207,SHARON
AA0209,46895,0,0,NW,990908,14:24:56,14:25:06,10,14:25:06,14:25:56,50,AGENT,14:25:54,14:28:36,162,ROTH
AA0209,46896,0,0,PS,990908,14:38:33,14:38:45,12,0:00:00,0:00:00,0,AGENT,14:38:44,14:38:46,2,MORIAH
AA0209,46897,29641727,2,PS,990908,14:47:20,14:47:25,5,14:47:25,14:47:55,30,AGENT,14:47:54,14:51:12,198,ANAT
AA0209,46898,32084550,2,PS,990908,15:02:59,15:03:05,6,15:03:05,15:06:00,175,HANG,0:00:00,0:00:00,0,NO_SERVER
AA0209,46899,29510922,1,PS,990908,15:14:34,15:14:40,6,15:14:40,15:18:51,251,AGENT,15:18:50,15:20:36,106,ROTH
AA0209,46900,703074,2,PS,990908,15:28:49,15:28:55,6,15:28:55,15:30:43,108,AGENT,15:30:42,15:30:44,2,MORIAH
AA0209,46901,31933088,1,PS,990908,15:36:26,15:36:31,5,15:36:31,15:37:10,39,HANG,0:00:00,0:00:00,0,NO_SERVER
AA0209,46902,22874192,2,PS,990908,15:40:28,15:40:34,6,15:40:34,15:44:46,252,AGENT,15:44:45,15:46:25,100,ROTH
AA0209,46903,52867744,2,PS,990908,15:52:22,15:52:27,5,15:52:27,15:54:39,132,AGENT,15:54:38,16:03:14,516,KAZAV
AA0209,46904,0,0,NE,990908,16:07:06,16:07:17,11,0:00:00,0:00:00,0,AGENT,16:07:17,16:08:47,90,ANAT
AA0209,46905,859231,1,NE,990908,16:18:07,16:18:13,6,16:18:13,16:19:13,60,AGENT,16:19:12,16:19:15,3,MORIAH
AA0209,46906,0,0,PS,990908,16:34:59,16:35:14,15,0:00:00,0:00:00,0,AGENT,16:35:13,16:36:52,99,DARMON
AA0209,46907,0,0,PS,990908,16:44:55,16:45:08,13,0:00:00,0:00:00,0,AGENT,16:45:07,16:45:19,12,AVI
AA0209,46908,0,0,NW,990908,17:02:31,17:02:41,10,17:02:41,17:03:16,35,AGENT,17:03:16,17:03:45,29,BENSION
AA0209,46909,57749889,1,PS,990908,17:24:08,17:24:13,5,17:24:13,17:25:44,91,AGENT,17:25:43,17:27:54,131,BENSION
AA0209,46910,59803411,2,PS,990908,17:37:28,17:37:34,6,17:37:34,17:39:27,113,AGENT,17:39:26,17:46:19,413,MORIAH
AA0209,46911,0,0,NW,990908,17:51:58,17:52:07,9,17:52:07,17:53:29,82,HANG,0:00:00,0:00:00,0,NO_SERVER
AA0209,46912,0,0,PS,990908,18:16:18,18:16:45,27,0:00:00,0:00:00,0,AGENT,18:16:45,18:17:27,42,ANAT
AA0209,46913,58704610,2,PS,990908,18:32:30,18:32:36,6,18:32:36,18:33:02,26,AGENT,18:33:01,18:34:16,75,ANAT
AA0209,46914,703074,2,PS,990908,18:52:23,18:52:29,6,18:52:29,18:52:38,9,AGENT,18:52:37,19:00:04,447,BENSION
AA0209,46915,0,0,NW,990908,19:09:33,19:09:53,20,0:00:00,0:00:00,0,AGENT,19:09:53,19:12:41,168,BENSION
AA0209,46916,0,0,PS,990908,19:23:54,19:24:05,11,0:00:00,0:00:00,0,AGENT,19:24:05,19:26:09,124,BENSION
AA0209,46917,0,0,PS,990908,19:44:35,19:45:00,25,0:00:00,0:00:00,0,AGENT,19:44:59,19:45:00,1,ANAT
AA0209,46918,0,0,PS,990908,20:04:41,20:04:50,9,0:00:00,0:00:00,0,AGENT,20:04:49,20:06:12,83,ANAT
AA0209,46919,0,0,PS,990908,20:35:31,20:35:44,13,0:00:00,0:00:00,0,AGENT,20:35:43,20:36:46,63,ANAT
AA0209,46920,31799513,2,PS,990908,20:58:09,20:58:22,13,20:58:22,20:58:31,9,AGENT,20:58:21,20:59:57,96,MEIR
AA0209,46921,56829179,1,PS,990908,21:13:40,21:13:45,5,21:13:45,21:14:38,53,AGENT,21:14:38,21:20:50,372,MORIAH
AA0209,46922,0,0,PS,990908,21:36:13,21:36:28,15,0:00:00,0:00:00,0,AGENT,21:36:27,21:37:25,58,AVI
AA0209,46923,0,0,PS,990908,21:54:12,21:54:24,12,0:00:00,0:00:00,0,AGENT,21:54:24,21:58:00,216,AVI
AA0209,46924,58118068,2,PS,990908,22:19:58,22:20:04,6,22:20:04,22:21:55,111,AGENT,22:21:54,22:27:01,307,DARMON
AA0209,46925,0,0,NW,990908,22:41:20,22:41:36,16,0:00:00,0:00:00,0,AGENT,22:41:35,22:44:06,151,BENSION
AA0209,46926,0,0,PS,990908,23:12:01,23:12:17,16,0:00:00,0:00:00,0,AGENT,23:12:17,23:13:47,90,AVI
AA0209,46927,0,0,NW,990908,23:53:34,23:53:53,19,0:00:00,0:00:00,0,AGENT,23:53:52,23:55:21,89,BENSION
AA0209,46928,0,0,PS,990909,7:03:40,7:03:50,10,0:00:00,0:00:00,0,AGENT,7:03:49,7:04:35,46,NAAMA
AA0209,46929,0,0,PS,990909,7:41:34,7:41:47,13,0:00:00,0:00:00,0,AGENT,7:41:46,7:43:18,92,NAAMA
AA0209,46930,0,0,NW,990909,8:17:13,8:17:33,20,0:00:00,0:00:00,0,AGENT,8:17:32,8:19:28,116,SHARON
AA0209,46931,0,0,PS,990909,8:35:51,8:36:00,9,0:00:00,0:00:00,0,AGENT,8:35:59,8:39:28,209,BASCH
AA0209,46932,0,0,PS,990909,8:49:55,8:50:04,9,0:00:00,0:00:00,0,AGENT,8:50:04,8:50:35,31,NAAMA
AA0209,46933,0,0,PS,990909,9:05:29,9:05:40,11,0:00:00,0:00:00,0,AGENT,9:05:39,9:09:34,235,BASCH
AA0209,46934,0,0,PS,990909,9:19:29,9:19:40,11,0:00:00,0:00:00,0,AGENT,9:19:38,9:25:55,377,ANAT
AA0209,46935,0,0,PS,990909,9:30:12,9:30:23,11,0:00:00,0:00:00,0,AGENT,9:30:22,9:34:26,244,KAZAV
AA0209,46936,0,0,NW,990909,9:50:07,9:50:17,10,9:50:17,9:56:06,349,AGENT,9:56:05,9:56:35,30,SHARON
AA0209,46937,0,0,PS,990909,10:04:24,10:04:42,18,0:00:00,0:00:00,0,AGENT,10:04:41,10:06:42,121,SHARON
AA0209,46938,25124181,2,NE,990909,10:17:25,10:17:31,6,10:17:31,10:18:15,44,AGENT,10:18:14,10:22:16,242,ANAT
AA0209,46939,0,0,PS,990909,10:32:29,10:32:41,12,0:00:00,0:00:00,0,AGENT,10:32:40,10:37:57,317,ROTH
AA0209,46940,0,0,PS,990909,10:45:46,10:45:54,8,0:00:00,0:00:00,0,AGENT,10:45:54,10:48:02,128,KAZAV
AA0209,46941,0,0,NE,990909,10:59:22,10:59:33,11,0:00:00,0:00:00,0,AGENT,10:59:32,11:01:48,136,ROTH
AA0209,46942,0,0,PS,990909,11:14:52,11:15:02,10,0:00:00,0:00:00,0,AGENT,11:15:00,11:24:14,554,ROTH
AA0209,46943,0,0,PS,990909,11:30:56,11:31:07,11,0:00:00,0:00:00,0,AGENT,11:31:06,11:32:39,93,DORIT
AA0209,46944,0,0,PS,990909,11:45:40,11:45:51,11,0:00:00,0:00:00,0,AGENT,11:45:50,11:46:42,52,NAAMA
AA0209,46945,0,0,PS,990909,12:00:11,12:00:21,10,0:00:00,0:00:00,0,AGENT,12:00:20,12:01:28,68,SHARON
AA0209,46946,0,0,PS,990909,12:18:49,12:19:01,12,0:00:00,0:00:00,0,AGENT,12:19:00,12:20:55,115,SHARON
AA0209,46947,0,0,PS,990909,12:37:38,12:37:49,11,0:00:00,0:00:00,0,AGENT,12:37:49,12:39:25,96,BASCH
AA0209,46948,0,0,PS,990909,12:51:14,12:51:33,19,0:00:00,0:00:00,0,AGENT,12:51:32,12:52:38,66,NAAMA
AA0209,46949,41543000,2,PS,990909,13:06:00,13:06:06,6,13:06:06,13:07:02,56,AGENT,13:07:01,13:15:37,516,SHARON
AA0209,46950,0,0,PS,990909,13:19:19,13:19:29,10,0:00:00,0:00:00,0,AGENT,13:19:28,13:27:22,474,SHARON
AA0209,46951,0,0,NW,990909,13:38:16,13:38:26,10,13:38:26,13:40:53,147,AGENT,13:40:52,13:42:51,119,SHARON
AA0209,46952,0,0,PS,990909,13:56:41,13:56:50,9,0:00:00,0:00:00,0,AGENT,13:56:50,13:56:56,6,NO_SERVER
AA0209,46953,33474602,2,PS,990909,14:12:22,14:12:28,6,14:12:28,14:13:44,76,AGENT,14:13:42,14:17:42,240,SHARON
AA0209,46955,0,0,PS,990909,14:26:33,14:26:33,0,0:00:00,0:00:00,0,HANG,0:00:00,0:00:00,0,NO_SERVER
AA0209,46956,0,0,NW,990909,14:37:01,14:37:11,10,14:37:11,14:37:33,22,AGENT,14:37:31,14:38:44,73,BASCH
AA0209,46957,0,0,NW,990909,14:50:24,14:50:33,9,14:50:33,14:51:33,60,HANG,0:00:00,0:00:00,0,NO_SERVER
AA0209,46958,41543000,2,PS,990909,15:06:13,15:06:18,5,15:06:18,15:08:36,138,AGENT,15:08:35,15:10:39,124,KAZAV
AA0209,46959,53472833,2,PS,990909,15:17:14,15:17:19,5,15:17:19,15:17:31,12,HANG,0:00:00,0:00:00,0,NO_SERVER
AA0209,46960,29340932,1,PS,990909,15:29:19,15:29:25,6,15:29:25,15:32:15,170,AGENT,15:32:14,15:33:49,95,BASCH
AA0209,46961,57379505,2,PS,990909,15:40:01,15:40:07,6,15:40:07,15:40:14,7,HANG,0:00:00,0:00:00,0,NO_SERVER
AA0209,46962,42710962,2,PS,990909,15:49:37,15:49:42,5,15:49:42,15:50:18,36,AGENT,15:50:17,15:57:24,427,DARMON
AA0209,46963,15519523,2,PS,990909,16:02:48,16:02:53,5,16:02:53,16:03:12,19,AGENT,16:03:11,16:04:00,49,ROTH
AA0209,46964,30712699,2,NE,990909,16:15:47,16:15:52,5,16:15:52,16:16:52,60,AGENT,16:16:51,16:19:15,144,ROTH
AA0209,46965,0,0,PS,990909,16:28:34,16:28:43,9,0:00:00,0:00:00,0,AGENT,16:28:42,16:30:57,135,ZOHARI
AA0209,46966,0,0,PS,990909,16:38:38,16:38:49,11,0:00:00,0:00:00,0,AGENT,16:38:49,16:40:19,90,STEREN
AA0209,46967,59054486,1,PS,990909,16:50:21,16:49:32,-49,16:49:32,16:51:11,99,AGENT,16:51:10,16:53:14,124,AVI
AA0209,46968,0,0,NW,990909,17:01:46,17:01:54,8,17:01:54,17:02:17,23,HANG,0:00:00,0:00:00,0,NO_SERVER
AA0209,46969,0,0,NW,990909,17:12:20,17:12:30,10,17:12:30,17:14:52,142,AGENT,17:14:52,17:16:18,86,PINHAS
AA0209,46970,0,0,NW,990909,17:34:22,17:34:37,15,0:00:00,0:00:00,0,AGENT,17:34:36,17:36:20,104,STEREN
AA0209,46972,0,0,PS,990909,17:54:46,17:54:46,0,0:00:00,0:00:00,0,HANG,0:00:00,0:00:00,0,NO_SERVER
AA0209,46973,54613724,2,NE,990909,18:09:52,18:09:58,6,18:09:58,18:10:26,28,AGENT,18:10:25,18:12:03,98,STEREN
AA0209,46974,962908463,2,PS,990909,18:28:02,18:28:07,5,18:28:07,18:28:39,32,HANG,0:00:00,0:00:00,0,NO_SERVER
AA0209,46975,25001041,2,PS,990909,18:51:14,18:51:20,6,18:51:20,18:52:02,42,AGENT,18:52:01,18:54:41,160,STEREN
AA0209,46976,0,0,NW,990909,19:08:48,19:08:58,10,19:08:58,19:09:20,22,HANG,0:00:00,0:00:00,0,NO_SERVER
AA0209,46977,0,0,PS,990909,19:37:40,19:37:50,10,0:00:00,0:00:00,0,AGENT,19:37:49,19:38:54,65,ZOHARI
AA0209,46978,37582376,1,PS,990909,19:51:18,19:51:24,6,19:51:24,19:52:33,69,HANG,0:00:00,0:00:00,0,NO_SERVER
AA0209,46979,0,0,NW,990909,20:10:53,20:11:02,9,20:11:02,20:13:32,150,HANG,0:00:00,0:00:00,0,NO_SERVER
AA0209,46980,0,0,PS,990909,20:42:43,20:42:53,10,0:00:00,0:00:00,0,AGENT,20:42:52,20:42:53,1,AVI
AA0209,46981,29437829,2,PS,990909,21:04:09,21:04:15,6,21:04:15,21:04:54,39,AGENT,21:04:53,21:06:06,73,ZOHARI
AA0209,46982,28934537,1,PS,990909,21:29:21,21:29:26,5,21:29:26,21:29:42,16,AGENT,21:29:41,21:30:15,34,AVI
AA0209,46983,62333810,1,PS,990909,21:53:37,21:53:42,5,21:53:42,21:54:51,69,AGENT,21:54:50,21:59:35,285,STEREN
AA0209,46984,0,0,PS,990909,22:23:59,22:24:08,9,0:00:00,0:00:00,0,AGENT,22:24:07,22:28:14,247,STEREN
AA0209,46985,0,0,NW,990909,22:53:08,22:53:17,9,22:53:17,22:55:46,149,AGENT,22:55:45,22:57:24,99,AVI
AA0209,46986,0,0,PS,990909,23:24:46,23:24:55,9,0:00:00,0:00:00,0,AGENT,23:24:54,23:26:32,98,STEREN
AA0209,46987,0,0,PS,990910,5:44:50,5:45:26,36,0:00:00,0:00:00,0,HANG,0:00:00,0:00:00,0,NO_SERVER
AA0209,46988,0,0,PS,990910,7:39:34,7:39:45,11,0:00:00,0:00:00,0,AGENT,7:39:45,7:41:35,110,DORIT
AA0209,46989,0,0,PS,990910,8:09:43,8:09:54,11,0:00:00,0:00:00,0,AGENT,8:09:53,8:10:51,58,SHARON
AA0209,46990,0,0,PS,990910,8:30:37,8:30:51,14,0:00:00,0:00:00,0,AGENT,8:30:50,8:32:54,124,BENSION
AA0209,46991,0,0,PS,990910,8:50:28,8:50:39,11,0:00:00,0:00:00,0,AGENT,8:50:38,8:50:58,20,SHARON
AA0209,46992,0,0,NW,990910,9:02:08,9:02:17,9,9:02:17,9:02:54,37,AGENT,9:02:54,9:07:38,284,AVNI
AA0209,46993,0,0,PS,990910,9:17:19,9:17:29,10,0:00:00,0:00:00,0,AGENT,9:17:28,9:19:18,110,VICKY
AA0209,46994,310067160,2,PS,990910,9:28:07,9:28:13,6,9:28:13,9:28:32,19,PHANTOM,9:28:32,9:28:34,2,NO_SERVER
AA0209,46995,50625219,1,PS,990910,9:42:13,9:42:19,6,9:42:19,9:42:46,27,AGENT,9:42:44,9:46:35,231,VICKY
AA0209,46996,28674414,1,PS,990910,9:56:28,9:56:34,6,9:56:34,9:56:39,5,AGENT,9:56:38,9:58:41,123,AVNI
AA0209,46997,0,0,PS,990910,10:07:19,10:07:28,9,0:00:00,0:00:00,0,AGENT,10:07:27,10:08:57,90,AVNI
AA0209,46998,0,0,PS,990910,10:24:50,10:25:00,10,0:00:00,0:00:00,0,AGENT,10:24:59,10:26:57,118,AVNI
AA0209,46999,0,0,PS,990910,10:39:32,10:39:42,10,0:00:00,0:00:00,0,AGENT,10:39:41,10:42:08,147,DORIT
AA0209,47000,0,0,PS,990910,10:56:07,10:56:20,13,0:00:00,0:00:00,0,AGENT,10:56:20,10:57:17,57,DORIT
AA0209,47001,0,0,PS,990910,11:12:40,11:12:53,13,0:00:00,0:00:00,0,AGENT,11:12:52,11:13:49,57,SHARON
AA0209,47002,23691561,2,PS,990910,11:31:43,11:31:49,6,11:31:49,11:31:57,8,HANG,11:31:59,11:32:02,3,NO_SERVER
AA0209,47003,0,0,PS,990910,12:02:19,12:02:32,13,0:00:00,0:00:00,0,AGENT,12:02:31,12:06:39,248,SHARON
AA0209,47004,0,0,PS,990910,12:33:56,12:34:04,8,0:00:00,0:00:00,0,AGENT,12:34:04,12:35:07,63,AVNI
AA0209,47006,0,0,PS,990910,13:06:25,13:06:25,0,0:00:00,0:00:00,0,HANG,0:00:00,0:00:00,0,NO_SERVER
AA0209,47007,0,0,PS,990910,13:38:01,13:38:19,18,0:00:00,0:00:00,0,HANG,0:00:00,0:00:00,0,NO_SERVER
AA0209,47008,0,0,NW,990910,14:38:28,14:38:50,22,0:00:00,0:00:00,0,HANG,0:00:00,0:00:00,0,NO_SERVER
AA0209,47009,0,0,NW,990910,16:46:23,16:46:50,27,0:00:00,0:00:00,0,HANG,0:00:00,0:00:00,0,NO_SERVER
AA0209,47010,0,0,NW,990911,15:31:29,15:31:52,23,0:00:00,0:00:00,0,HANG,0:00:00,0:00:00,0,NO_SERVER
AA0209,47011,0,0,NW,990912,5:13:16,5:14:20,64,0:00:00,0:00:00,0,HANG,0:00:00,0:00:00,0,NO_SERVER
AA0209,47012,0,0,PS,990912,18:33:06,18:33:18,12,0:00:00,0:00:00,0,HANG,0:00:00,0:00:00,0,NO_SERVER
AA0209,47013,0,0,PS,990912,19:48:26,19:48:36,10,0:00:00,0:00:00,0,HANG,0:00:00,0:00:00,0,NO_SERVER
AA0209,47014,0,0,PS,990912,20:13:13,20:13:22,9,0:00:00,0:00:00,0,AGENT,20:13:21,20:16:25,184,SHARON
AA0209,47015,0,0,PS,990912,20:30:20,20:30:34,14,0:00:00,0:00:00,0,AGENT,20:30:33,20:32:47,134,ZOHARI
AA0209,47016,0,0,PS,990912,20:55:02,20:55:11,9,0:00:00,0:00:00,0,AGENT,20:55:11,20:56:34,83,AVNI
AA0209,47017,0,0,NW,990912,21:24:39,21:24:50,11,0:00:00,0:00:00,0,AGENT,21:24:50,21:27:45,175,AVNI
AA0209,47018,0,0,PS,990912,22:04:23,22:04:33,10,0:00:00,0:00:00,0,AGENT,22:04:32,22:06:04,92,AVNI
AA0209,47019,0,0,PS,990912,22:47:25,22:47:38,13,0:00:00,0:00:00,0,AGENT,22:47:38,22:49:56,138,ELI
AA0209,47020,0,0,PS,990912,23:32:34,23:32:45,11,0:00:00,0:00:00,0,AGENT,23:32:44,23:34:13,89,ZOHARI
AA0209,47021,0,0,PS,990913,7:05:31,7:05:41,10,0:00:00,0:00:00,0,AGENT,7:05:40,7:07:26,106,GILI
AA0209,47022,0,0,PS,990913,7:46:40,7:46:50,10,0:00:00,0:00:00,0,AGENT,7:46:49,7:47:55,66,TOVA
AA0209,47023,0,0,PS,990913,8:05:59,8:06:08,9,0:00:00,0:00:00,0,AGENT,8:06:07,8:06:12,5,NO_SERVER
AA0209,47024,0,0,PS,990913,8:22:04,8:22:14,10,0:00:00,0:00:00,0,AGENT,8:22:13,8:24:16,123,VICKY
AA0209,47025,0,0,PS,990913,8:34:10,8:34:22,12,0:00:00,0:00:00,0,AGENT,8:34:25,8:34:39,14,NO_SERVER
AA0209,47026,0,0,NW,990913,8:44:24,8:44:33,9,8:44:33,8:44:48,15,HANG,0:00:00,0:00:00,0,NO_SERVER
AA0209,47027,0,0,NW,990913,8:49:58,8:50:08,10,8:50:08,8:50:41,33,AGENT,8:50:41,8:51:11,30,STEREN
AA0209,47028,0,0,PS,990913,9:03:37,9:03:48,11,0:00:00,0:00:00,0,AGENT,9:03:47,9:05:01,74,SHARON
AA0209,47029,0,0,PS,990913,9:12:02,9:12:11,9,0:00:00,0:00:00,0,AGENT,9:12:10,9:14:18,128,ROTH
AA0209,47030,0,0,PS,990913,9:25:11,9:25:22,11,0:00:00,0:00:00,0,AGENT,9:25:21,9:26:13,52,GILI
AA0209,47031,0,0,PS,990913,9:35:28,9:35:38,10,0:00:00,0:00:00,0,AGENT,9:35:36,9:36:32,56,TOVA
AA0209,47032,0,0,PS,990913,9:41:44,9:41:54,10,0:00:00,0:00:00,0,AGENT,9:41:53,9:43:41,108,VICKY
AA0209,47033,0,0,PS,990913,9:49:35,9:49:45,10,0:00:00,0:00:00,0,AGENT,9:49:44,9:52:42,178,GILI
AA0209,47034,0,0,PS,990913,10:01:17,10:01:26,9,0:00:00,0:00:00,0,AGENT,10:01:25,10:03:21,116,TOVA
AA0209,47035,0,0,NE,990913,10:10:55,10:11:09,14,0:00:00,0:00:00,0,AGENT,10:11:07,10:11:33,26,ELI
AA0209,47036,0,0,PS,990913,10:21:05,10:21:16,11,0:00:00,0:00:00,0,AGENT,10:21:15,10:25:28,253,STEREN
AA0209,47037,0,0,NW,990913,10:31:24,10:31:33,9,10:31:33,10:32:14,41,AGENT,10:32:13,10:32:44,31,SHARON
AA0209,47038,28107399,1,PS,990913,10:38:35,10:38:41,6,10:38:41,10:39:35,54,AGENT,10:39:34,10:40:50,76,TOVA
AA0209,47039,0,0,PS,990913,10:46:10,10:46:20,10,0:00:00,0:00:00,0,AGENT,10:46:18,10:46:23,5,NO_SERVER
AA0209,47040,53922209,1,PS,990913,10:57:17,10:57:23,6,10:57:23,10:57:38,15,AGENT,10:57:37,11:00:52,195,STEREN
AA0209,47041,34908988,1,PS,990913,11:06:47,11:06:52,5,11:06:52,11:07:13,21,AGENT,11:07:13,11:08:56,103,VICKY
AA0209,47042,0,0,PS,990913,11:15:00,11:15:10,10,0:00:00,0:00:00,0,AGENT,11:15:09,11:16:22,73,GILI
AA0209,47043,25015926,1,PS,990913,11:24:00,11:24:06,6,11:24:06,11:24:56,50,AGENT,11:24:56,11:27:32,156,VICKY
AA0209,47044,0,0,NW,990913,11:34:54,11:35:07,13,0:00:00,0:00:00,0,AGENT,11:35:06,11:40:07,301,ROTH
AA0209,47045,0,0,PS,990913,11:42:44,11:42:55,11,0:00:00,0:00:00,0,AGENT,11:42:54,11:44:44,110,ZOHARI
AA0209,47046,0,0,NW,990913,11:52:18,11:52:27,9,11:52:27,11:54:30,123,AGENT,11:54:29,11:55:27,58,VICKY
AA0209,47047,0,0,NE,990913,12:01:49,12:02:03,14,0:00:00,0:00:00,0,AGENT,12:02:02,12:15:12,790,ELI
AA0209,47048,0,0,PS,990913,12:12:20,12:12:30,10,0:00:00,0:00:00,0,AGENT,12:12:29,12:14:50,141,VICKY
AA0209,47049,51578045,1,PS,990913,12:22:54,12:22:59,5,12:22:59,12:23:41,42,AGENT,12:23:40,12:28:02,262,GILI
AA0209,47050,0,0,NE,990913,12:36:08,12:36:18,10,0:00:00,0:00:00,0,AGENT,12:36:17,12:41:31,314,TOVA
AA0209,47051,0,0,PS,990913,12:48:45,12:48:57,12,0:00:00,0:00:00,0,AGENT,12:48:56,12:52:05,189,ZOHARI
AA0209,47052,0,0,PS,990913,13:04:46,13:04:55,9,0:00:00,0:00:00,0,AGENT,13:04:54,13:06:18,84,KAZAV
AA0209,47053,6326508,2,PS,990913,13:12:01,13:12:06,5,13:12:06,13:12:17,11,AGENT,13:12:15,13:15:29,194,BASCH
AA0209,47054,0,0,PS,990913,13:22:25,13:22:34,9,0:00:00,0:00:00,0,AGENT,13:22:33,13:23:13,40,YIFAT
AA0209,47055,0,0,NW,990913,13:31:04,13:31:13,9,13:31:13,13:31:19,6,HANG,13:31:22,13:31:26,4,NO_SERVER
AA0209,47056,703074,2,PS,990913,13:43:35,13:43:41,6,13:43:41,13:44:03,22,AGENT,13:44:03,13:52:07,484,BASCH
AA0209,47057,75560649,2,PS,990913,13:50:10,13:50:16,6,13:50:16,13:53:59,223,AGENT,13:53:58,13:54:44,46,MORIAH
AA0209,47058,0,0,NW,990913,14:00:36,14:00:46,10,14:00:46,14:04:56,250,AGENT,14:04:55,14:06:22,87,ROTH
AA0209,47059,65032120,2,PS,990913,14:09:32,14:09:38,6,14:09:38,14:12:47,189,AGENT,14:12:46,14:30:57,1091,ZOHARI
AA0209,47060,38402855,1,PS,990913,14:17:02,14:17:08,6,14:17:08,14:17:23,15,HANG,0:00:00,0:00:00,0,NO_SERVER
AA0209,47061,22532980,2,PS,990913,14:19:56,14:20:02,6,14:20:02,14:20:16,14,HANG,0:00:00,0:00:00,0,NO_SERVER
AA0209,47062,25688045,1,PS,990913,14:26:24,14:26:30,6,14:26:30,14:27:22,52,AGENT,14:27:21,14:27:23,2,MORIAH
AA0209,47063,12482634,2,NE,990913,14:33:25,14:33:31,6,14:33:31,14:34:01,30,HANG,0:00:00,0:00:00,0,NO_SERVER
AA0209,47064,50323468,2,PS,990913,14:39:53,14:39:59,6,14:39:59,14:40:58,59,AGENT,14:40:58,14:41:53,55,SHARON
AA0209,47065,0,0,NE,990913,14:49:57,14:50:10,13,0:00:00,0:00:00,0,AGENT,14:50:08,15:18:23,1695,ELI
AA0209,47066,23383607,2,PS,990913,14:58:15,14:58:20,5,14:58:20,14:58:37,17,AGENT,14:58:36,14:59:51,75,STEREN
AA0209,47067,24985814,1,PS,990913,15:06:20,15:06:26,6,15:06:26,15:10:20,234,HANG,0:00:00,0:00:00,0,NO_SERVER
AA0209,47068,41546904,2,NE,990913,15:16:22,15:16:28,6,15:16:28,15:18:17,109,AGENT,15:18:16,15:22:28,252,ROTH
AA0209,47069,8962094,2,NE,990913,15:26:19,15:26:25,6,15:26:25,15:29:35,190,AGENT,15:29:34,15:38:43,549,MORIAH
AA0209,47070,27885011,2,PS,990913,15:36:28,15:36:34,6,15:36:34,15:37:55,81,AGENT,15:37:55,15:39:07,72,STEREN
AA0209,47071,68458348,2,PS,990913,15:48:02,15:48:08,6,15:48:08,15:48:49,41,AGENT,15:48:47,15:50:42,115,STEREN
AA0209,47072,41543000,2,PS,990913,16:00:41,16:00:46,5,16:00:46,16:00:58,12,AGENT,16:00:58,16:00:59,1,AVI
AA0209,47073,32370231,2,PS,990913,16:10:23,16:10:29,6,16:10:29,16:10:52,23,AGENT,16:10:51,16:12:57,126,ROTH
AA0209,47074,0,0,PS,990913,16:24:59,16:25:09,10,0:00:00,0:00:00,0,AGENT,16:25:08,16:31:41,393,BASCH
AA0209,47075,58704610,2,PS,990913,16:36:23,16:36:29,6,16:36:29,16:39:28,179,AGENT,16:39:28,16:40:58,90,AVI
AA0209,47076,32354755,1,PS,990913,16:47:22,16:47:28,6,16:47:28,16:50:47,199,AGENT,16:50:45,16:50:47,2,MORIAH
AA0209,47077,58704610,2,PS,990913,16:56:51,16:56:57,6,16:56:57,16:58:33,96,AGENT,16:58:33,17:01:27,174,ANAT
AA0209,47078,0,0,NW,990913,17:06:44,17:06:54,10,17:06:54,17:09:33,159,AGENT,17:09:32,17:11:14,102,AVNI
AA0209,47079,0,0,NE,990913,17:24:43,17:24:58,15,0:00:00,0:00:00,0,AGENT,17:24:57,17:26:34,97,BASCH
AA0209,47080,0,0,NW,990913,17:45:01,17:45:06,5,17:45:06,17:45:44,38,AGENT,17:45:43,17:47:15,92,AVNI
AA0209,47081,22263115,2,PS,990913,18:02:00,18:02:06,6,18:02:06,18:02:38,32,AGENT,18:02:38,18:03:36,58,MORIAH
AA0209,47082,0,0,PS,990913,18:16:19,18:16:28,9,0:00:00,0:00:00,0,AGENT,18:16:27,18:17:53,86,MORIAH
AA0209,47083,0,0,PS,990913,18:30:38,18:31:00,22,0:00:00,0:00:00,0,AGENT,18:31:00,18:39:44,524,ANAT
AA0209,47084,12196937,2,PS,990913,18:49:12,18:49:18,6,18:49:18,18:49:50,32,AGENT,18:49:49,18:49:52,3,MORIAH
AA0209,47085,57127706,1,PS,990913,18:58:13,18:58:19,6,18:58:19,18:59:54,95,AGENT,18:59:53,19:01:53,120,AVI
AA0209,47086,0,0,NW,990913,19:11:52,19:12:01,9,19:12:01,19:12:10,9,HANG,0:00:00,0:00:00,0,NO_SERVER
AA0209,47087,25001041,2,PS,990913,19:20:41,19:20:48,7,19:20:48,19:20:59,11,AGENT,19:20:58,19:23:30,152,BASCH
AA0209,47088,31855968,1,PS,990913,19:32:11,19:32:16,5,19:32:16,19:34:27,131,HANG,0:00:00,0:00:00,0,NO_SERVER
AA0209,47089,0,0,NW,990913,19:54:50,19:55:05,15,0:00:00,0:00:00,0,AGENT,19:55:04,19:57:49,165,AVI
AA0209,47090,0,0,PS,990913,20:10:35,20:10:46,11,0:00:00,0:00:00,0,AGENT,20:10:45,20:10:48,3,ANAT
AA0209,47091,0,0,PS,990913,20:21:41,20:21:50,9,0:00:00,0:00:00,0,AGENT,20:21:49,20:29:05,436,BASCH
AA0209,47092,0,0,PS,990913,20:39:56,20:40:11,15,0:00:00,0:00:00,0,AGENT,20:40:10,20:41:06,56,MEIR
AA0209,47093,24265456,2,PS,990913,20:52:39,20:52:44,5,20:52:44,20:53:52,68,AGENT,20:53:52,20:53:52,0,ANAT
AA0209,47094,59294736,2,PS,990913,21:14:09,21:14:15,6,21:14:15,21:15:07,52,HANG,0:00:00,0:00:00,0,NO_SERVER
AA0209,47095,0,0,PS,990913,21:33:19,21:33:39,20,0:00:00,0:00:00,0,AGENT,21:33:38,21:33:47,9,MEIR
AA0209,47096,0,0,NE,990913,21:44:02,21:44:11,9,0:00:00,0:00:00,0,AGENT,21:44:10,21:50:41,391,AVI
AA0209,47097,14466239,2,NE,990913,22:09:36,22:09:41,5,22:09:41,22:12:14,153,AGENT,22:12:13,22:12:51,38,AVI
AA0209,47098,37685674,1,PS,990913,22:22:48,22:22:54,6,22:22:54,22:25:10,136,AGENT,22:25:09,22:28:50,221,AVI
AA0209,47099,0,0,PS,990913,22:51:31,22:51:42,11,0:00:00,0:00:00,0,AGENT,22:51:41,22:51:51,10,AVI
AA0209,47100,0,0,PS,990913,23:28:27,23:28:35,8,0:00:00,0:00:00,0,AGENT,23:28:35,23:28:59,24,AVNI
AA0209,47101,0,0,PS,990913,23:53:35,23:53:43,8,0:00:00,0:00:00,0,AGENT,23:53:43,23:58:37,294,AVNI
AA0209,47102,0,0,PS,990914,5:50:14,5:51:24,70,0:00:00,0:00:00,0,HANG,0:00:00,0:00:00,0,NO_SERVER
AA0209,47103,0,0,NW,990914,7:23:11,7:23:20,9,7:23:20,7:24:05,45,HANG,0:00:00,0:00:00,0,NO_SERVER
AA0209,47104,31881212,1,PS,990914,7:40:56,7:41:01,5,7:41:01,7:42:41,100,AGENT,7:42:41,7:44:52,131,TOVA
AA0209,47105,0,0,PS,990914,8:04:15,8:04:32,17,0:00:00,0:00:00,0,AGENT,8:04:31,8:06:04,93,ANAT
AA0209,47106,32389629,2,PS,990914,8:21:38,8:21:43,5,8:21:43,8:21:50,7,AGENT,8:21:50,8:28:17,387,BASCH
AA0209,47107,58349358,2,PS,990914,8:27:49,8:27:55,6,8:27:55,8:28:21,26,AGENT,8:28:21,8:30:05,104,BASCH
AA0209,47108,0,0,PS,990914,8:38:56,8:39:16,20,0:00:00,0:00:00,0,AGENT,8:39:14,8:43:38,264,BASCH
AA0209,47109,0,0,PS,990914,8:46:37,8:46:48,11,0:00:00,0:00:00,0,AGENT,8:46:47,8:47:43,56,ANAT
AA0209,47110,0,0,PS,990914,8:55:58,8:56:10,12,0:00:00,0:00:00,0,AGENT,8:56:08,9:01:23,315,YIFAT
AA0209,47111,0,0,NW,990914,9:04:31,9:04:41,10,9:04:41,9:04:43,2,HANG,0:00:00,0:00:00,0,NO_SERVER
AA0209,47112,0,0,NW,990914,9:12:05,9:12:14,9,9:12:14,9:12:29,15,HANG,0:00:00,0:00:00,0,NO_SERVER
AA0209,47113,0,0,NW,990914,9:21:44,9:21:54,10,9:21:54,9:24:10,136,HANG,0:00:00,0:00:00,0,NO_SERVER
AA0209,47114,0,0,PS,990914,9:33:31,9:33:47,16,0:00:00,0:00:00,0,AGENT,9:33:46,9:34:27,41,MORIAH
AA0209,47115,0,0,PS,990914,9:41:44,9:41:54,10,0:00:00,0:00:00,0,AGENT,9:41:53,9:48:38,405,ANAT
AA0209,47116,0,0,PS,990914,9:52:14,9:52:25,11,0:00:00,0:00:00,0,AGENT,9:52:24,9:56:06,222,TOVA
AA0209,47117,0,0,NW,990914,10:04:56,10:05:09,13,0:00:00,0:00:00,0,AGENT,10:05:08,10:05:51,43,GOLDIE
AA0209,47118,0,0,NW,990914,10:11:35,10:11:44,9,10:11:44,10:20:04,500,HANG,0:00:00,0:00:00,0,NO_SERVER
AA0209,47119,0,0,PS,990914,10:26:50,10:27:02,12,0:00:00,0:00:00,0,AGENT,10:27:01,10:31:39,278,TOVA
AA0209,47120,0,0,PS,990914,10:32:42,10:32:51,9,0:00:00,0:00:00,0,AGENT,10:32:51,10:37:54,303,DARMON
AA0209,47121,25534462,2,PS,990914,10:38:30,10:38:36,6,10:38:36,10:41:01,145,AGENT,10:41:00,10:42:42,102,MORIAH
AA0209,47122,0,0,PS,990914,10:46:01,10:46:12,11,0:00:00,0:00:00,0,AGENT,10:46:12,10:48:59,167,MORIAH
AA0209,47123,14264295,2,PS,990914,10:58:00,10:58:05,5,10:58:05,10:59:07,62,AGENT,10:59:06,11:04:31,325,AVNI
AA0209,47124,0,0,PS,990914,11:06:55,11:07:04,9,0:00:00,0:00:00,0,AGENT,11:07:04,11:08:39,95,YIFAT
AA0209,47125,53186953,2,PS,990914,11:14:19,11:14:25,6,11:14:25,11:14:58,33,AGENT,11:14:57,11:16:49,112,BASCH
AA0209,47126,30007603,2,PS,990914,11:25:32,11:25:37,5,11:25:37,11:26:19,42,AGENT,11:26:18,11:27:40,82,ANAT
AA0209,47127,0,0,PS,990914,11:37:02,11:37:13,11,0:00:00,0:00:00,0,AGENT,11:37:13,11:44:39,446,YIFAT
AA0209,47129,0,0,PS,990914,11:47:47,11:47:47,0,0:00:00,0:00:00,0,HANG,0:00:00,0:00:00,0,NO_SERVER
AA0209,47130,5246863,1,PS,990914,11:52:30,11:52:35,5,11:52:35,11:56:47,252,AGENT,11:56:46,11:56:47,1,YIFAT
AA0209,47131,303815740,2,PS,990914,12:04:14,12:04:19,5,12:04:19,12:04:47,28,AGENT,12:04:47,12:05:34,47,BASCH
AA0209,47132,0,0,NW,990914,12:13:04,12:13:16,12,0:00:00,0:00:00,0,AGENT,12:13:15,12:14:07,52,GOLDIE
AA0209,47133,0,0,NW,990914,12:23:51,12:24:00,9,12:24:00,12:29:45,345,AGENT,12:29:43,12:32:06,143,AVNI
AA0209,47134,306654187,1,PS,990914,12:37:59,12:38:05,6,12:38:05,12:38:22,17,AGENT,12:38:22,12:40:04,102,MORIAH
AA0209,47135,0,0,PS,990914,12:48:46,12:48:56,10,0:00:00,0:00:00,0,AGENT,12:48:55,12:50:09,74,TOVA
AA0209,47136,0,0,NE,990914,13:04:21,13:04:30,9,0:00:00,0:00:00,0,AGENT,13:04:29,13:05:30,61,ANAT
AA0209,47137,30442495,2,PS,990914,13:13:03,13:13:08,5,13:13:08,13:14:39,91,AGENT,13:14:38,13:18:52,254,ANAT
AA0209,47138,55476253,2,NE,990914,13:28:50,13:28:56,6,13:28:56,13:30:47,111,AGENT,13:30:46,13:38:45,479,ELI
AA0209,47139,0,0,PS,990914,13:40:59,13:41:09,10,0:00:00,0:00:00,0,AGENT,13:41:07,13:42:28,81,BASCH
AA0209,47140,16686354,2,NE,990914,13:49:51,13:49:57,6,13:49:57,13:50:00,3,AGENT,13:49:59,13:50:30,31,KAZAV
AA0209,47141,24410680,1,PS,990914,13:58:05,13:58:11,6,13:58:11,14:01:10,179,AGENT,14:01:09,14:08:13,424,AVNI
AA0209,47142,0,0,NW,990914,14:10:19,14:10:29,10,14:10:29,14:15:31,302,HANG,0:00:00,0:00:00,0,NO_SERVER
AA0209,47143,59197178,2,PS,990914,14:22:52,14:22:58,6,14:22:58,14:23:12,14,HANG,0:00:00,0:00:00,0,NO_SERVER
AA0209,47144,0,0,PS,990914,14:32:10,14:32:27,17,0:00:00,0:00:00,0,AGENT,14:32:27,14:33:09,42,BASCH
AA0209,47145,36160091,1,PS,990914,14:39:33,14:39:39,6,14:39:39,14:44:54,315,AGENT,14:44:53,14:47:03,130,BASCH
AA0209,47146,0,0,PS,990914,14:53:36,14:53:45,9,0:00:00,0:00:00,0,AGENT,14:53:45,14:54:26,41,AVNI
AA0209,47147,63193346,2,PS,990914,15:04:49,15:04:55,6,15:04:55,15:10:03,308,AGENT,15:10:03,15:12:23,140,KAZAV
AA0209,47148,53973707,2,PS,990914,15:16:24,15:16:30,6,15:16:30,15:18:37,127,AGENT,15:18:37,15:19:30,53,KAZAV
AA0209,47149,55921597,1,NE,990914,15:29:43,15:29:48,5,15:29:48,15:30:57,69,AGENT,15:30:56,15:37:36,400,AVNI
AA0209,47150,25245705,1,PS,990914,15:41:16,15:41:22,6,15:41:22,15:42:50,88,AGENT,15:42:49,15:44:10,81,KAZAV
AA0209,47151,0,0,PS,990914,15:52:58,15:53:09,11,0:00:00,0:00:00,0,AGENT,15:53:08,15:56:10,182,NAAMA
AA0209,47152,57253494,1,PS,990914,16:01:45,16:01:50,5,16:01:50,16:04:22,152,AGENT,16:04:21,16:06:53,152,YITZ
AA0209,47153,0,0,NW,990914,16:12:36,16:12:48,12,0:00:00,0:00:00,0,AGENT,16:12:47,16:13:20,33,SHARON
AA0209,47154,28904522,2,PS,990914,16:21:29,16:21:35,6,16:21:35,16:22:36,61,AGENT,16:22:34,16:30:16,462,ROTH
AA0209,47155,50960749,2,PS,990914,16:36:20,16:36:26,6,16:36:26,16:37:07,41,AGENT,16:37:06,16:37:44,38,ROTH
AA0209,47156,0,0,PS,990914,16:50:25,16:50:34,9,0:00:00,0:00:00,0,AGENT,16:50:33,16:52:02,89,AVNI
AA0209,47157,0,0,PS,990914,16:57:56,16:58:09,13,0:00:00,0:00:00,0,AGENT,16:58:08,16:59:16,68,BENSION
AA0209,47158,0,0,NW,990914,17:09:53,17:10:02,9,17:10:02,17:10:38,36,AGENT,17:10:37,17:11:02,25,BENSION
AA0209,47159,0,0,PS,990914,17:22:31,17:22:40,9,0:00:00,0:00:00,0,AGENT,17:22:39,17:29:31,412,ROTH
AA0209,47160,5336904,2,PS,990914,17:39:06,17:39:11,5,17:39:11,17:39:25,14,AGENT,17:39:24,17:39:25,1,BENSION
AA0209,47161,29442456,1,PS,990914,17:52:44,17:52:50,6,17:52:50,17:54:29,99,AGENT,17:54:28,17:56:54,146,YITZ
AA0209,47162,0,0,PS,990914,18:10:57,18:11:06,9,0:00:00,0:00:00,0,AGENT,18:11:06,18:15:16,250,ZOHARI
AA0209,47163,0,0,PS,990914,18:24:14,18:24:23,9,0:00:00,0:00:00,0,AGENT,18:24:22,18:30:51,389,STEREN
AA0209,47164,0,0,PS,990914,18:42:42,18:42:56,14,0:00:00,0:00:00,0,AGENT,18:42:55,18:44:14,79,BENSION
AA0209,47165,0,0,PS,990914,18:58:59,18:59:14,15,0:00:00,0:00:00,0,AGENT,18:59:13,18:59:31,18,BENSION
AA0209,47166,0,0,PS,990914,19:16:29,19:16:39,10,0:00:00,0:00:00,0,AGENT,19:16:38,19:21:03,265,ZOHARI
AA0209,47167,54613724,2,NE,990914,19:37:37,19:37:43,6,19:37:43,19:37:51,8,AGENT,19:37:51,19:40:25,154,SHARON
AA0209,47168,0,0,NE,990914,19:57:16,19:57:27,11,0:00:00,0:00:00,0,AGENT,19:57:26,20:03:18,352,ZOHARI
AA0209,47169,55470405,2,PS,990914,20:14:17,20:14:23,6,20:14:23,20:14:28,5,AGENT,20:14:27,20:16:35,128,ROTH
AA0209,47170,0,0,PS,990914,20:37:40,20:37:55,15,0:00:00,0:00:00,0,AGENT,20:37:55,20:40:42,167,NAAMA
AA0209,47171,0,0,PS,990914,21:01:08,21:01:22,14,0:00:00,0:00:00,0,AGENT,21:01:20,21:07:51,391,STEREN
AA0209,47172,0,0,PS,990914,21:25:53,21:26:02,9,0:00:00,0:00:00,0,AGENT,21:26:01,21:27:41,100,ZOHARI
AA0209,47173,69661478,2,PS,990914,21:41:03,21:41:09,6,21:41:09,21:41:14,5,AGENT,21:41:14,21:42:57,103,SHARON
AA0209,47174,0,0,PS,990914,21:56:14,21:56:22,8,0:00:00,0:00:00,0,AGENT,21:56:21,22:00:22,241,STEREN
AA0209,47175,8451551,2,PS,990914,22:24:57,22:25:03,6,22:25:03,22:27:03,120,AGENT,22:27:02,22:29:09,127,BENSION
AA0209,47176,59101873,2,PS,990914,22:55:57,22:56:02,5,22:56:02,22:56:19,17,AGENT,22:56:19,22:57:13,54,BENSION
AA0209,47177,0,0,PS,990914,23:22:12,23:22:28,16,0:00:00,0:00:00,0,AGENT,23:22:27,23:24:07,100,SHARON
AA0209,47178,0,0,NW,990914,23:55:37,23:55:53,16,0:00:00,0:00:00,0,AGENT,23:55:53,23:56:01,8,BENSION
AA0209,47179,0,0,PS,990915,7:02:08,7:02:19,11,0:00:00,0:00:00,0,AGENT,7:02:18,7:02:31,13,YIFAT
AA0209,47180,0,0,PS,990915,7:50:49,7:51:06,17,0:00:00,0:00:00,0,AGENT,7:51:05,7:52:05,60,VICKY
AA0209,47181,0,0,PS,990915,8:12:03,8:12:27,24,0:00:00,0:00:00,0,AGENT,8:12:27,8:14:14,107,DORIT
AA0209,47182,0,0,PS,990915,8:26:43,8:26:52,9,0:00:00,0:00:00,0,AGENT,8:26:51,8:44:56,1085,KAZAV
AA0209,47183,53633343,1,PS,990915,8:41:55,8:42:01,6,8:42:01,8:42:50,49,AGENT,8:42:49,8:44:39,110,SHARON
AA0209,47184,0,0,PS,990915,8:51:50,8:51:59,9,0:00:00,0:00:00,0,AGENT,8:51:58,8:53:58,120,VICKY
AA0209,47185,0,0,PS,990915,9:04:22,9:05:54,92,0:00:00,0:00:00,0,AGENT,9:05:53,9:05:59,6,NO_SERVER
AA0209,47186,30164461,2,NE,990915,9:11:26,9:11:32,6,9:11:32,9:12:14,42,AGENT,9:12:13,9:12:56,43,KAZAV
AA0209,47187,0,0,PS,990915,9:21:42,9:21:51,9,0:00:00,0:00:00,0,AGENT,9:21:51,9:24:11,140,AVNI
AA0209,47188,0,0,NW,990915,9:34:31,9:34:40,9,9:34:40,9:34:56,16,AGENT,9:34:55,9:38:28,213,VICKY
AA0209,47189,54196027,2,PS,990915,9:45:32,9:45:37,5,9:45:37,9:46:32,55,AGENT,9:46:31,9:50:22,231,AVNI
AA0209,47190,0,0,NW,990915,9:54:36,9:54:45,9,9:54:45,9:55:20,35,HANG,0:00:00,0:00:00,0,NO_SERVER
AA0209,47191,30663462,2,PS,990915,10:04:25,10:04:30,5,10:04:30,10:05:34,64,AGENT,10:05:33,10:10:08,275,KAZAV
AA0209,47192,23822679,2,PS,990915,10:14:52,10:14:58,6,10:14:58,10:15:14,16,AGENT,10:15:12,10:16:53,101,YIFAT
AA0209,47193,57918849,1,NE,990915,10:20:46,10:20:52,6,10:20:52,10:22:34,102,AGENT,10:22:33,10:23:42,69,KAZAV
AA0209,47194,0,0,NE,990915,10:29:08,10:29:17,9,0:00:00,0:00:00,0,AGENT,10:29:16,10:41:25,729,STEREN
AA0209,47195,25001041,2,PS,990915,10:36:55,10:37:01,6,10:37:01,10:38:16,75,AGENT,10:38:15,10:38:53,38,DORIT
AA0209,47196,0,0,PS,990915,10:45:05,10:45:14,9,0:00:00,0:00:00,0,AGENT,10:45:13,10:48:17,184,VICKY
AA0209,47197,0,0,NW,990915,10:54:12,10:54:25,13,0:00:00,0:00:00,0,AGENT,10:54:25,10:56:27,122,VICKY
AA0209,47198,0,0,PS,990915,11:04:30,11:04:39,9,0:00:00,0:00:00,0,AGENT,11:04:38,11:05:43,65,ROTH
AA0209,47199,55921597,1,NE,990915,11:14:00,11:14:05,5,11:14:05,11:14:09,4,AGENT,11:14:08,11:16:28,140,AVNI
AA0209,47200,0,0,PS,990915,11:24:31,11:24:40,9,0:00:00,0:00:00,0,AGENT,11:24:39,11:25:44,65,DORIT
AA0209,47201,28851756,2,PS,990915,11:32:39,11:32:45,6,11:32:45,11:33:17,32,AGENT,11:33:17,11:37:27,250,AVNI
AA0209,47202,0,0,PS,990915,11:44:33,11:45:00,27,0:00:00,0:00:00,0,AGENT,11:44:59,11:46:56,117,VICKY
AA0209,47203,0,0,PS,990915,12:01:06,12:01:16,10,0:00:00,0:00:00,0,AGENT,12:01:16,12:03:13,117,AVNI
AA0209,47204,0,0,NW,990915,12:12:35,12:12:49,14,0:00:00,0:00:00,0,AGENT,12:12:48,12:13:07,19,GOLDIE
AA0209,47205,0,0,PS,990915,12:22:26,12:22:34,8,0:00:00,0:00:00,0,AGENT,12:22:34,12:25:06,152,STEREN
AA0209,47206,0,0,PS,990915,12:33:44,12:33:54,10,0:00:00,0:00:00,0,AGENT,12:33:54,12:47:26,812,DORIT
AA0209,47207,0,0,NW,990915,12:50:05,12:50:17,12,0:00:00,0:00:00,0,AGENT,12:50:16,12:52:19,123,ROTH
AA0209,47208,63193346,2,PS,990915,13:03:46,13:03:52,6,13:03:52,13:03:58,6,AGENT,13:03:56,13:04:47,51,STEREN
AA0209,47209,25291774,2,PS,990915,13:14:17,13:14:24,7,13:14:24,13:15:39,75,AGENT,13:15:39,13:16:38,59,YIFAT
AA0209,47210,0,0,PS,990915,13:25:41,13:25:55,14,0:00:00,0:00:00,0,AGENT,13:25:54,13:26:17,23,VICKY
AA0209,47211,0,0,PS,990915,13:41:48,13:41:58,10,0:00:00,0:00:00,0,AGENT,13:41:56,13:42:49,53,STEREN
AA0209,47212,0,0,PS,990915,13:52:58,13:53:08,10,0:00:00,0:00:00,0,AGENT,13:53:07,13:55:33,146,VICKY
AA0209,47213,0,0,PS,990915,14:03:32,14:03:45,13,0:00:00,0:00:00,0,AGENT,14:03:44,14:04:24,40,DORIT
AA0209,47214,0,0,PS,990915,14:16:02,14:16:21,19,0:00:00,0:00:00,0,AGENT,14:16:21,14:16:57,36,VICKY
AA0209,47215,0,0,PS,990915,14:25:41,14:25:53,12,0:00:00,0:00:00,0,AGENT,14:25:52,14:35:33,581,MORIAH
AA0209,47216,0,0,NE,990915,14:38:28,14:38:38,10,0:00:00,0:00:00,0,AGENT,14:38:38,14:41:25,167,ELI
AA0209,47217,28782985,1,PS,990915,14:44:42,14:44:47,5,14:44:47,14:44:56,9,AGENT,14:44:55,14:44:57,2,MORIAH
AA0209,47218,0,0,PS,990915,14:53:39,14:53:50,11,0:00:00,0:00:00,0,AGENT,14:53:49,14:59:09,320,AVNI
AA0209,47219,0,0,PS,990915,15:07:21,15:07:32,11,0:00:00,0:00:00,0,AGENT,15:07:31,15:11:35,244,ZOHARI
AA0209,47220,0,0,NW,990915,15:12:42,15:12:52,10,15:12:52,15:14:23,91,HANG,0:00:00,0:00:00,0,NO_SERVER
AA0209,47221,0,0,PS,990915,15:22:35,15:22:46,11,0:00:00,0:00:00,0,AGENT,15:22:44,15:22:55,11,AVNI
AA0209,47222,74450255,1,PS,990915,15:30:31,15:30:37,6,15:30:37,15:32:05,88,AGENT,15:32:04,15:33:46,102,STEREN
AA0209,47223,56765985,2,PS,990915,15:36:48,15:36:53,5,15:36:53,15:37:02,9,AGENT,15:37:02,15:38:19,77,ROTH
AA0209,47224,29572203,2,PS,990915,15:42:41,15:42:46,5,15:42:46,15:42:59,13,AGENT,15:42:59,15:54:59,720,ROTH
AA0209,47225,0,0,PS,990915,15:53:11,15:53:20,9,0:00:00,0:00:00,0,AGENT,15:53:20,16:00:27,427,KAZAV
AA0209,47226,0,0,PS,990915,16:03:00,16:03:11,11,0:00:00,0:00:00,0,AGENT,16:03:10,16:10:36,446,ANAT
AA0209,47227,0,0,PS,990915,16:14:39,16:14:59,20,0:00:00,0:00:00,0,AGENT,16:14:58,16:15:12,14,ANAT
AA0209,47228,0,0,NW,990915,16:30:49,16:31:08,19,0:00:00,0:00:00,0,AGENT,16:31:07,16:32:14,67,GOLDIE
AA0209,47229,0,0,PS,990915,16:41:32,16:41:40,8,0:00:00,0:00:00,0,AGENT,16:41:40,16:44:10,150,GOLDIE
AA0209,47230,0,0,NW,990915,16:51:35,16:51:49,14,0:00:00,0:00:00,0,AGENT,16:51:47,16:52:49,62,BENSION
AA0209,47231,0,0,PS,990915,17:10:16,17:10:28,12,0:00:00,0:00:00,0,AGENT,17:10:27,17:12:18,111,BENSION
AA0209,47232,0,0,PS,990915,17:25:07,17:25:23,16,0:00:00,0:00:00,0,AGENT,17:25:22,17:27:28,126,TOVA
AA0209,47233,0,0,PS,990915,17:37:21,17:37:30,9,0:00:00,0:00:00,0,AGENT,17:37:29,17:38:21,52,AVI
AA0209,47234,0,0,PS,990915,18:03:29,18:03:39,10,0:00:00,0:00:00,0,AGENT,18:03:38,18:03:40,2,TOVA
AA0209,47235,0,0,PS,990915,18:24:31,18:24:41,10,0:00:00,0:00:00,0,AGENT,18:24:40,18:25:45,65,ANAT
AA0209,47236,0,0,PS,990915,18:39:45,18:39:57,12,0:00:00,0:00:00,0,AGENT,18:39:56,18:40:51,55,TOVA
AA0209,47237,0,0,PS,990915,18:53:32,18:53:50,18,0:00:00,0:00:00,0,AGENT,18:53:49,18:53:51,2,ANAT
AA0209,47238,0,0,PS,990915,19:10:21,19:10:29,8,0:00:00,0:00:00,0,AGENT,19:10:29,19:11:50,81,MORIAH
AA0209,47239,56014160,2,PS,990915,19:35:56,19:36:01,5,19:36:01,19:36:19,18,AGENT,19:36:18,19:37:58,100,TOVA
AA0209,47240,0,0,PS,990915,19:56:02,19:56:14,12,0:00:00,0:00:00,0,AGENT,19:56:13,20:02:32,379,ANAT
AA0209,47241,0,0,PS,990915,20:21:44,20:21:54,10,0:00:00,0:00:00,0,AGENT,20:21:53,20:23:28,95,BASCH
AA0209,47242,0,0,PS,990915,20:41:39,20:41:49,10,0:00:00,0:00:00,0,AGENT,20:41:48,20:41:50,2,TOVA
AA0209,47243,0,0,PS,990915,20:54:56,20:55:12,16,0:00:00,0:00:00,0,AGENT,20:55:11,20:57:26,135,BENSION
AA0209,47244,23690910,1,PS,990915,21:15:34,21:15:39,5,21:15:39,21:16:55,76,AGENT,21:16:54,21:18:01,67,GELBER
AA0209,47245,0,0,PS,990915,21:31:52,21:32:05,13,0:00:00,0:00:00,0,AGENT,21:32:04,21:33:51,107,BENSION
AA0209,47246,0,0,PS,990915,21:52:00,21:52:09,9,0:00:00,0:00:00,0,AGENT,21:52:08,21:52:09,1,AVI
AA0209,47247,40700452,1,PS,990915,22:06:16,22:06:21,5,22:06:21,22:06:30,9,AGENT,22:06:29,22:06:53,24,AVI
AA0209,47248,0,0,PS,990915,22:25:44,22:25:59,15,0:00:00,0:00:00,0,AGENT,22:25:58,22:26:20,22,BENSION
AA0209,47249,0,0,PS,990915,22:56:33,22:56:50,17,0:00:00,0:00:00,0,AGENT,22:56:49,22:58:23,94,BENSION
AA0209,47250,0,0,PS,990915,23:40:14,23:40:27,13,0:00:00,0:00:00,0,AGENT,23:40:27,23:40:43,16,BENSION
AA0209,47251,0,0,PS,990916,0:54:37,0:54:52,15,0:00:00,0:00:00,0,HANG,0:00:00,0:00:00,0,NO_SERVER
AA0209,47252,0,0,PS,990916,7:31:51,7:32:03,12,0:00:00,0:00:00,0,AGENT,7:32:02,7:34:42,160,ANAT
AA0209,47253,0,0,PS,990916,7:53:38,7:53:49,11,0:00:00,0:00:00,0,AGENT,7:53:49,8:09:21,932,TOVA
AA0209,47254,0,0,PS,990916,8:12:59,8:13:08,9,0:00:00,0:00:00,0,AGENT,8:13:07,8:13:09,2,MORIAH
AA0209,47255,0,0,PS,990916,8:25:13,8:25:23,10,0:00:00,0:00:00,0,AGENT,8:25:22,8:29:38,256,YIFAT
AA0209,47256,0,0,PS,990916,8:42:40,8:42:50,10,0:00:00,0:00:00,0,AGENT,8:42:49,8:44:33,104,KAZAV
AA0209,47257,0,0,NE,990916,8:51:45,8:51:56,11,0:00:00,0:00:00,0,AGENT,8:51:56,9:05:40,824,ELI
AA0209,47258,0,0,PS,990916,9:05:14,9:05:25,11,0:00:00,0:00:00,0,AGENT,9:05:24,9:09:33,249,MORIAH
AA0209,47259,0,0,NW,990916,9:13:46,9:13:56,10,9:13:56,9:15:27,91,AGENT,9:15:26,9:15:59,33,ROTH
AA0209,47260,0,0,NW,990916,9:24:05,9:24:14,9,9:24:14,9:24:47,33,HANG,0:00:00,0:00:00,0,NO_SERVER
AA0209,47261,0,0,PS,990916,9:42:48,9:42:57,9,0:00:00,0:00:00,0,AGENT,9:42:56,9:47:17,261,KAZAV
AA0209,47262,0,0,NW,990916,9:53:43,9:53:51,8,9:53:51,9:54:28,37,AGENT,9:54:27,9:56:25,118,MORIAH
AA0209,47263,0,0,NE,990916,10:05:14,10:05:24,10,0:00:00,0:00:00,0,AGENT,10:05:23,10:05:38,15,ZOHARI
AA0209,47264,69367779,2,PS,990916,10:14:36,10:14:41,5,10:14:41,10:15:01,20,AGENT,10:15:00,10:15:58,58,DORIT
AA0209,47265,57464265,2,PS,990916,10:22:21,10:22:27,6,10:22:27,10:23:49,82,AGENT,10:23:48,10:32:17,509,KAZAV
AA0209,47267,0,0,PS,990916,10:28:09,10:28:09,0,0:00:00,0:00:00,0,HANG,0:00:00,0:00:00,0,NO_SERVER
AA0209,47268,10473262,2,PS,990916,10:32:57,10:33:02,5,10:33:02,10:33:51,49,AGENT,10:33:50,10:40:10,380,YIFAT
AA0209,47269,0,0,PS,990916,10:42:55,10:43:05,10,0:00:00,0:00:00,0,AGENT,10:43:05,10:44:52,107,YIFAT
AA0209,47270,0,0,PS,990916,10:55:01,10:55:10,9,0:00:00,0:00:00,0,AGENT,10:55:09,11:01:13,364,TOVA
AA0209,47271,0,0,PS,990916,11:08:59,11:09:10,11,0:00:00,0:00:00,0,AGENT,11:09:08,11:09:30,22,DORIT
AA0209,47272,0,0,PS,990916,11:21:07,11:21:20,13,0:00:00,0:00:00,0,AGENT,11:21:19,11:25:44,265,TOVA
AA0209,47273,0,0,PS,990916,11:32:05,11:32:13,8,0:00:00,0:00:00,0,AGENT,11:32:12,11:34:41,149,KAZAV
AA0209,47274,0,0,PS,990916,11:47:02,11:47:11,9,0:00:00,0:00:00,0,AGENT,11:47:10,11:48:44,94,ROTH
AA0209,47275,0,0,PS,990916,11:58:13,11:58:22,9,0:00:00,0:00:00,0,AGENT,11:58:21,11:58:39,18,ROTH
AA0209,47276,13000567,2,PS,990916,12:04:57,12:05:02,5,12:05:02,12:05:12,10,AGENT,12:05:11,12:08:00,169,DORIT
AA0209,47277,22150619,2,PS,990916,12:17:11,12:17:17,6,12:17:17,12:19:08,111,AGENT,12:19:07,12:23:07,240,TOVA
AA0209,47278,0,0,NE,990916,12:26:52,12:27:04,12,0:00:00,0:00:00,0,AGENT,12:27:02,12:27:04,2,MORIAH
AA0209,47279,0,0,PS,990916,12:43:59,12:44:13,14,0:00:00,0:00:00,0,AGENT,12:44:13,12:54:30,617,MORIAH
AA0209,47280,54665682,2,PS,990916,12:57:27,12:57:33,6,12:57:33,12:58:08,35,AGENT,12:58:07,12:58:56,49,ROTH
AA0209,47281,176156,1,PS,990916,13:08:57,13:09:02,5,13:09:02,13:10:54,112,AGENT,13:10:53,13:14:10,197,ROTH
AA0209,47282,63730469,1,PS,990916,13:19:29,13:19:35,6,13:19:35,13:19:39,4,HANG,13:19:40,13:19:48,8,NO_SERVER
AA0209,47283,32357816,2,PS,990916,13:28:33,13:28:39,6,13:28:39,13:31:02,143,AGENT,13:31:01,13:33:28,147,ANAT
AA0209,47284,51895019,2,PS,990916,13:40:41,13:40:46,5,13:40:46,13:41:13,27,AGENT,13:41:13,13:45:12,239,GOLDIE
AA0209,47285,29322047,2,PS,990916,13:52:34,13:52:39,5,13:52:39,13:53:50,71,AGENT,13:53:49,13:58:12,263,DORIT
AA0209,47286,16686354,2,NE,990916,14:04:17,14:04:23,6,14:04:23,14:05:21,58,AGENT,14:05:20,14:08:05,165,DORIT
AA0209,47287,24947061,2,PS,990916,14:10:54,14:11:00,6,14:11:00,14:13:08,128,AGENT,14:13:07,14:14:14,67,DORIT
AA0209,47288,0,0,PS,990916,14:24:06,14:24:16,10,0:00:00,0:00:00,0,AGENT,14:24:16,14:28:13,237,DORIT
AA0209,47289,25124181,2,NE,990916,14:33:16,14:33:21,5,14:33:21,14:33:47,26,AGENT,14:33:46,14:39:43,357,DORIT
AA0209,47290,24265456,2,PS,990916,14:45:39,14:45:45,6,14:45:45,14:45:49,4,AGENT,14:45:48,14:46:55,67,ROTH
AA0209,47291,63611537,2,PS,990916,15:03:16,15:03:22,6,15:03:22,15:03:49,27,HANG,0:00:00,0:00:00,0,NO_SERVER
AA0209,47292,25486960,1,PS,990916,15:08:35,15:08:41,6,15:08:41,15:09:19,38,HANG,0:00:00,0:00:00,0,NO_SERVER
AA0209,47293,0,0,NW,990916,15:15:45,15:15:55,10,15:15:55,15:16:03,8,HANG,0:00:00,0:00:00,0,NO_SERVER
AA0209,47294,14475784,1,PS,990916,15:22:20,15:22:25,5,15:22:25,15:22:37,12,HANG,0:00:00,0:00:00,0,NO_SERVER
AA0209,47295,63193346,2,PS,990916,15:30:23,15:30:29,6,15:30:29,15:34:53,264,AGENT,15:34:52,15:38:21,209,ROTH
AA0209,47296,27236389,1,PS,990916,15:39:16,15:39:22,6,15:39:22,15:39:32,10,HANG,0:00:00,0:00:00,0,NO_SERVER
AA0209,47297,52867744,2,PS,990916,15:47:08,15:47:14,6,15:47:14,15:52:49,335,AGENT,15:52:49,15:56:13,204,KAZAV
AA0209,47298,45933116,2,NE,990916,15:58:49,15:58:55,6,15:58:55,16:04:01,306,AGENT,16:04:00,16:05:39,99,STEREN
AA0209,47299,0,0,NW,990916,16:13:55,16:14:13,18,0:00:00,0:00:00,0,AGENT,16:14:12,16:15:33,81,AVI
AA0209,47300,0,0,PS,990916,16:27:41,16:27:50,9,0:00:00,0:00:00,0,AGENT,16:27:49,16:27:50,1,AVI
AA0209,47301,75560649,2,PS,990916,16:40:52,16:40:58,6,16:40:58,16:43:03,125,AGENT,16:43:02,16:45:44,162,STEREN
AA0209,47302,0,0,PS,990916,16:51:54,16:55:29,215,0:00:00,0:00:00,0,HANG,0:00:00,0:00:00,0,NO_SERVER
AA0209,47303,0,0,NW,990916,17:09:16,17:09:26,10,17:09:26,17:10:52,86,AGENT,17:10:50,17:12:04,74,AVI
AA0209,47304,69434421,1,PS,990916,17:24:40,17:24:46,6,17:24:46,17:25:08,22,AGENT,17:25:08,17:28:04,176,VICKY
AA0209,47305,0,0,PS,990916,17:46:42,17:46:58,16,0:00:00,0:00:00,0,AGENT,17:46:57,17:47:25,28,VICKY
AA0209,47306,0,0,PS,990916,18:09:50,18:10:00,10,0:00:00,0:00:00,0,AGENT,18:09:59,18:11:17,78,VICKY
AA0209,47307,0,0,NW,990916,18:30:58,18:31:14,16,0:00:00,0:00:00,0,AGENT,18:31:13,18:32:21,68,AVI
AA0209,47308,0,0,NW,990916,18:55:25,18:55:42,17,0:00:00,0:00:00,0,AGENT,18:55:41,18:55:47,6,NO_SERVER
AA0209,47309,0,0,NW,990916,19:14:45,19:15:04,19,0:00:00,0:00:00,0,AGENT,19:15:03,19:15:40,37,AVI
AA0209,47310,0,0,PS,990916,19:30:32,19:30:43,11,0:00:00,0:00:00,0,AGENT,19:30:42,19:32:45,123,GILI
AA0209,47311,0,0,PS,990916,19:58:09,19:58:19,10,0:00:00,0:00:00,0,AGENT,19:58:18,20:01:15,177,GOLDIE
AA0209,47312,0,0,PS,990916,20:25:59,20:26:07,8,0:00:00,0:00:00,0,AGENT,20:26:06,20:28:10,124,STEREN
AA0209,47313,0,0,PS,990916,21:00:31,21:00:46,15,0:00:00,0:00:00,0,AGENT,21:00:46,21:02:03,77,AVI
AA0209,47314,0,0,PS,990916,21:39:56,21:40:05,9,0:00:00,0:00:00,0,AGENT,21:40:04,21:41:52,108,STEREN
AA0209,47315,33146341,1,PS,990916,22:01:36,22:01:42,6,22:01:42,22:02:28,46,HANG,0:00:00,0:00:00,0,NO_SERVER
AA0209,47316,0,0,NW,990916,22:16:00,22:16:09,9,22:16:09,22:17:07,58,HANG,0:00:00,0:00:00,0,NO_SERVER
AA0209,47317,0,0,PS,990916,22:38:09,22:38:18,9,0:00:00,0:00:00,0,AGENT,22:38:18,22:41:06,168,AVNI
AA0209,47318,0,0,PS,990916,23:17:15,23:17:25,10,0:00:00,0:00:00,0,AGENT,23:17:24,23:18:12,48,AVNI
AA0209,47319,0,0,PS,990917,0:00:59,0:01:09,10,0:00:00,0:00:00,0,AGENT,0:01:10,0:01:15,5,NO_SERVER
AA0209,47320,0,0,PS,990917,7:08:53,7:09:05,12,0:00:00,0:00:00,0,AGENT,7:09:04,7:10:44,100,SHARON
AA0209,47321,32298432,1,PS,990917,7:48:30,7:48:36,6,7:48:36,7:49:08,32,AGENT,7:49:07,7:51:24,137,SHARON
AA0209,47322,26058826,2,PS,990917,8:16:14,8:16:20,6,8:16:20,8:16:33,13,AGENT,8:16:31,8:17:47,76,BENSION
AA0209,47323,0,0,NW,990917,8:35:31,8:35:48,17,0:00:00,0:00:00,0,AGENT,8:35:46,8:36:35,49,STEREN
AA0209,47324,0,0,NW,990917,8:47:15,8:47:25,10,8:47:25,8:51:24,239,AGENT,8:51:23,8:52:17,54,MORIAH
AA0209,47325,0,0,PS,990917,9:02:18,9:03:19,61,0:00:00,0:00:00,0,HANG,0:00:00,0:00:00,0,NO_SERVER
AA0209,47326,54134291,2,PS,990917,9:19:19,9:19:25,6,9:19:25,9:20:47,82,AGENT,9:20:46,9:23:23,157,BENSION
AA0209,47327,0,0,PS,990917,9:35:16,9:35:24,8,0:00:00,0:00:00,0,AGENT,9:35:23,9:35:28,5,NO_SERVER
AA0209,47328,59255471,2,PS,990917,9:46:06,9:46:12,6,9:46:12,9:47:07,55,PHANTOM,9:46:28,9:47:31,63,NO_SERVER
AA0209,47329,33821489,1,PS,990917,9:58:39,9:58:45,6,9:58:45,9:59:49,64,AGENT,9:59:47,9:59:49,2,MORIAH
AA0209,47330,1116490,2,PS,990917,10:11:14,10:11:19,5,10:11:19,10:12:15,56,AGENT,10:12:14,10:13:49,95,DORIT
AA0209,47331,0,0,PS,990917,10:28:05,10:28:18,13,0:00:00,0:00:00,0,AGENT,10:28:18,10:30:03,105,DORIT
AA0209,47332,0,0,PS,990917,10:48:47,10:48:57,10,0:00:00,0:00:00,0,AGENT,10:48:57,10:50:16,79,DORIT
AA0209,47333,37699295,1,PS,990917,11:04:19,11:04:24,5,11:04:24,11:05:19,55,AGENT,11:05:17,11:15:54,637,DARMON
AA0209,47334,9696428,1,PS,990917,11:21:36,11:21:41,5,11:21:41,11:24:17,156,AGENT,11:24:16,11:28:20,244,SHARON
AA0209,47335,0,0,PS,990917,11:40:43,11:40:53,10,0:00:00,0:00:00,0,AGENT,11:40:53,11:41:01,8,NO_SERVER
AA0209,47336,0,0,PS,990917,12:00:44,12:00:52,8,0:00:00,0:00:00,0,AGENT,12:00:51,12:01:10,19,SHARON
AA0209,47337,50323468,2,PS,990917,12:24:48,12:24:53,5,12:24:53,12:25:07,14,AGENT,12:25:06,12:28:25,199,BENSION
AA0209,47338,0,0,PS,990917,12:47:42,12:47:52,10,0:00:00,0:00:00,0,AGENT,12:47:51,12:50:21,150,MORIAH
AA0209,47339,0,0,NW,990917,13:17:43,13:18:01,18,0:00:00,0:00:00,0,AGENT,13:18:00,13:18:43,43,BENSION
AA0209,47340,0,0,PS,990917,13:54:11,13:54:26,15,0:00:00,0:00:00,0,AGENT,13:54:25,13:57:39,194,BENSION
AA0209,47342,0,0,PS,990917,14:50:26,14:50:26,0,0:00:00,0:00:00,0,HANG,0:00:00,0:00:00,0,NO_SERVER
AA0209,47343,0,0,PS,990917,16:23:18,16:23:44,26,0:00:00,0:00:00,0,HANG,0:00:00,0:00:00,0,NO_SERVER
AA0209,47344,0,0,NW,990918,12:35:25,12:36:14,49,0:00:00,0:00:00,0,HANG,0:00:00,0:00:00,0,NO_SERVER
AA0209,47345,0,0,PS,990918,19:33:31,19:33:43,12,0:00:00,0:00:00,0,HANG,0:00:00,0:00:00,0,NO_SERVER
AA0209,47346,0,0,PS,990918,20:24:42,20:24:51,9,0:00:00,0:00:00,0,AGENT,20:24:50,20:25:33,43,AVI
AA0209,47347,54042171,2,NE,990918,20:49:48,20:49:54,6,20:49:54,20:50:39,45,AGENT,20:50:39,20:52:03,84,SHARON
AA0209,47348,0,0,NE,990918,21:25:21,21:25:37,16,0:00:00,0:00:00,0,AGENT,21:25:36,21:27:26,110,DARMON
AA0209,47349,0,0,PS,990918,22:08:26,22:08:37,11,0:00:00,0:00:00,0,AGENT,22:08:36,22:09:08,32,SHARON
AA0209,47350,0,0,PS,990918,22:57:49,22:58:05,16,0:00:00,0:00:00,0,AGENT,22:58:05,22:58:22,17,SHARON
AA0209,47351,0,0,NW,990919,0:28:10,0:28:33,23,0:00:00,0:00:00,0,HANG,0:00:00,0:00:00,0,NO_SERVER
AA0209,47352,0,0,PS,990919,7:18:48,7:19:02,14,0:00:00,0:00:00,0,AGENT,7:19:01,7:20:40,99,TOVA
AA0209,47353,0,0,PS,990919,7:49:22,7:49:41,19,0:00:00,0:00:00,0,AGENT,7:49:40,7:49:41,1,YIFAT
AA0209,47354,0,0,NW,990919,8:11:24,8:11:38,14,0:00:00,0:00:00,0,AGENT,8:11:37,8:12:13,36,AVNI
AA0209,47355,0,0,NW,990919,8:27:18,8:27:27,9,8:27:27,8:27:59,32,AGENT,8:27:58,8:28:21,23,SHARON
AA0209,47356,0,0,NW,990919,8:40:55,8:41:11,16,0:00:00,0:00:00,0,AGENT,8:41:09,8:41:12,3,MORIAH
AA0209,47357,0,0,PS,990919,8:51:50,8:51:59,9,0:00:00,0:00:00,0,AGENT,8:51:58,8:54:47,169,MORIAH
AA0209,47358,0,0,PS,990919,8:59:46,9:00:02,16,0:00:00,0:00:00,0,AGENT,9:00:02,9:00:06,4,NO_SERVER
AA0209,47359,0,0,PS,990919,9:19:11,9:19:24,13,0:00:00,0:00:00,0,AGENT,9:19:23,9:21:12,109,ANAT
AA0209,47360,0,0,PS,990919,9:36:50,9:37:00,10,0:00:00,0:00:00,0,AGENT,9:36:59,9:38:51,112,AVNI
AA0209,47361,0,0,PS,990919,9:51:30,9:51:39,9,0:00:00,0:00:00,0,AGENT,9:51:39,9:52:59,80,MORIAH
AA0209,47362,0,0,PS,990919,10:13:35,10:13:44,9,0:00:00,0:00:00,0,AGENT,10:13:44,10:13:46,2,TOVA
AA0209,47363,0,0,PS,990919,10:46:49,10:46:59,10,0:00:00,0:00:00,0,AGENT,10:46:58,10:48:08,70,MORIAH
AA0209,47364,36160091,1,PS,990919,11:17:11,11:17:17,6,11:17:17,11:17:17,0,HANG,0:00:00,0:00:00,0,NO_SERVER
AA0209,47365,0,0,NW,990919,14:56:27,14:57:04,37,0:00:00,0:00:00,0,HANG,0:00:00,0:00:00,0,NO_SERVER
AA0209,47366,0,0,PS,990920,20:37:11,20:37:35,24,0:00:00,0:00:00,0,HANG,0:00:00,0:00:00,0,NO_SERVER
AA0209,47367,35930312,1,PS,990920,21:14:45,21:14:51,6,21:14:51,21:15:36,45,AGENT,21:15:35,21:17:24,109,SHARON
AA0209,47368,0,0,NW,990920,21:40:28,21:40:42,14,0:00:00,0:00:00,0,AGENT,21:40:40,21:41:15,35,PINHAS
AA0209,47369,0,0,PS,990920,22:10:47,22:11:02,15,0:00:00,0:00:00,0,AGENT,22:11:01,22:12:07,66,SHARON
AA0209,47370,304311947,1,PS,990920,22:40:43,22:40:48,5,22:40:48,22:41:27,39,AGENT,22:41:26,22:42:34,68,SHARON
AA0209,47371,0,0,PS,990920,23:15:25,23:15:35,10,0:00:00,0:00:00,0,AGENT,23:15:34,23:16:25,51,ZOHARI
AA0209,47372,13000567,2,PS,990921,0:00:11,0:00:17,6,0:00:17,0:00:41,24,AGENT,0:00:41,0:00:47,6,SHARON
AA0209,47374,0,0,PS,990921,5:21:47,5:21:47,0,0:00:00,0:00:00,0,HANG,0:00:00,0:00:00,0,NO_SERVER
AA0209,47375,0,0,PS,990921,7:16:12,7:16:25,13,0:00:00,0:00:00,0,AGENT,7:16:23,7:19:15,172,AVI
AA0209,47376,0,0,PS,990921,7:37:08,7:37:20,12,0:00:00,0:00:00,0,AGENT,7:37:19,7:38:53,94,ANAT
AA0209,47377,0,0,PS,990921,7:59:54,8:00:05,11,0:00:00,0:00:00,0,AGENT,8:00:05,8:00:12,7,NO_SERVER
AA0209,47378,0,0,PS,990921,8:16:25,8:16:35,10,0:00:00,0:00:00,0,AGENT,8:16:34,8:17:43,69,KAZAV
AA0209,47379,0,0,PS,990921,8:34:59,8:35:09,10,0:00:00,0:00:00,0,AGENT,8:35:08,8:37:14,126,MORIAH
AA0209,47380,55665459,2,PS,990921,8:45:37,8:45:43,6,8:45:43,8:46:24,41,AGENT,8:46:23,8:49:45,202,MORIAH
AA0209,47381,27644400,2,PS,990921,8:58:49,8:58:54,5,8:58:54,8:59:31,37,AGENT,8:59:30,9:00:54,84,KAZAV
AA0209,47382,0,0,NE,990921,9:13:37,9:13:49,12,0:00:00,0:00:00,0,AGENT,9:13:48,9:14:49,61,MORIAH
AA0209,47383,0,0,PS,990921,9:23:24,9:23:32,8,0:00:00,0:00:00,0,AGENT,9:23:32,9:28:19,287,MORIAH
AA0209,47384,0,0,PS,990921,9:35:55,9:36:05,10,0:00:00,0:00:00,0,AGENT,9:36:04,9:38:25,141,BASCH
AA0209,47385,53971289,2,PS,990921,9:45:40,9:45:46,6,9:45:46,9:46:11,25,AGENT,9:46:10,9:47:58,108,AVI
AA0209,47386,58323270,2,PS,990921,9:51:12,9:51:17,5,9:51:17,9:51:21,4,AGENT,9:51:20,9:53:43,143,DORIT
AA0209,47387,25219700,2,PS,990921,9:57:01,9:57:06,5,9:57:06,9:57:33,27,AGENT,9:57:32,9:58:36,64,ROTH
AA0209,47388,0,0,PS,990921,10:03:55,10:04:07,12,0:00:00,0:00:00,0,AGENT,10:04:05,10:05:10,65,DORIT
AA0209,47389,23895501,2,PS,990921,10:10:26,10:10:32,6,10:10:32,10:11:33,61,AGENT,10:11:32,10:12:42,70,ROTH
AA0209,47390,0,0,NW,990921,10:16:47,10:16:56,9,10:16:56,10:21:58,302,AGENT,10:21:56,10:22:52,56,AVI
AA0209,47391,69560852,2,PS,990921,10:27:48,10:27:54,6,10:27:54,10:28:04,10,AGENT,10:28:03,10:28:55,52,YIFAT
AA0209,47392,0,0,PS,990921,10:36:08,10:36:17,9,0:00:00,0:00:00,0,AGENT,10:36:17,10:51:31,914,DORIT
AA0209,47393,0,0,PS,990921,10:44:14,10:44:24,10,0:00:00,0:00:00,0,AGENT,10:44:22,10:49:39,317,BASCH
AA0209,47394,59192617,1,PS,990921,10:51:18,10:51:24,6,10:51:24,10:53:24,120,AGENT,10:53:24,10:54:18,54,DORIT
AA0209,47395,0,0,NW,990921,10:58:56,10:59:05,9,10:59:05,10:59:11,6,HANG,0:00:00,0:00:00,0,NO_SERVER
AA0209,47396,52867744,2,PS,990921,11:06:21,11:06:26,5,11:06:26,11:06:31,5,AGENT,11:06:30,11:08:42,132,YIFAT
AA0209,47397,52203569,2,PS,990921,11:14:50,11:14:55,5,11:14:55,11:15:34,39,AGENT,11:15:33,11:20:04,271,DORIT
AA0209,47398,0,0,PS,990921,11:23:42,11:23:51,9,0:00:00,0:00:00,0,AGENT,11:23:50,11:24:24,34,ROTH
AA0209,47399,0,0,PS,990921,11:35:04,11:35:20,16,0:00:00,0:00:00,0,AGENT,11:35:18,11:37:03,105,MORIAH
AA0209,47400,0,0,PS,990921,11:47:11,11:47:22,11,0:00:00,0:00:00,0,AGENT,11:47:20,11:50:39,199,YIFAT
AA0209,47401,0,0,PS,990921,11:57:19,11:57:29,10,0:00:00,0:00:00,0,AGENT,11:57:28,11:59:33,125,YIFAT
AA0209,47402,0,0,PS,990921,12:07:13,12:07:23,10,0:00:00,0:00:00,0,AGENT,12:07:22,12:08:41,79,YIFAT
AA0209,47403,0,0,PS,990921,12:19:14,12:19:23,9,0:00:00,0:00:00,0,AGENT,12:19:23,12:20:07,44,AVNI
AA0209,47404,0,0,PS,990921,12:30:01,12:30:18,17,0:00:00,0:00:00,0,AGENT,12:30:17,12:30:56,39,BASCH
AA0209,47405,0,0,PS,990921,12:42:11,12:42:20,9,0:00:00,0:00:00,0,AGENT,12:42:20,12:43:53,93,AVNI
AA0209,47406,0,0,PS,990921,12:59:23,12:59:34,11,0:00:00,0:00:00,0,AGENT,12:59:33,13:00:27,54,MORIAH
AA0209,47407,57253494,1,PS,990921,13:08:28,13:08:34,6,13:08:34,13:09:15,41,AGENT,13:09:14,13:12:11,177,AVI
AA0209,47408,0,0,PS,990921,13:24:57,13:25:05,8,0:00:00,0:00:00,0,AGENT,13:25:04,13:33:13,489,ROTH
AA0209,47409,0,0,PS,990921,13:36:49,13:36:58,9,0:00:00,0:00:00,0,AGENT,13:36:57,13:46:01,544,ROTH
AA0209,47410,71820039,2,PS,990921,13:42:29,13:42:35,6,13:42:35,13:44:03,88,AGENT,13:44:03,13:44:05,2,MORIAH
AA0209,47411,32387482,1,PS,990921,13:50:29,13:50:34,5,13:50:34,13:52:45,131,AGENT,13:52:44,13:53:14,30,DORIT
AA0209,47412,0,0,PS,990921,14:00:58,14:01:10,12,0:00:00,0:00:00,0,AGENT,14:01:09,14:19:02,1073,AVI
AA0209,47413,50169853,2,PS,990921,14:11:29,14:11:35,6,14:11:35,14:11:59,24,AGENT,14:11:58,14:12:47,49,TOVA
AA0209,47414,0,0,PS,990921,14:24:06,14:24:20,14,0:00:00,0:00:00,0,AGENT,14:24:19,14:25:13,54,AVI
AA0209,47415,0,0,NW,990921,14:38:18,14:38:30,12,0:00:00,0:00:00,0,AGENT,14:38:30,14:39:13,43,AVI
AA0209,47416,0,0,PS,990921,14:50:10,14:50:18,8,0:00:00,0:00:00,0,AGENT,14:50:18,14:50:35,17,DORIT
AA0209,47417,22066302,2,PS,990921,15:04:43,15:04:48,5,15:04:48,15:04:53,5,AGENT,15:04:52,15:11:16,384,TOVA
AA0209,47418,31855968,1,PS,990921,15:14:40,15:14:45,5,15:14:45,15:15:01,16,AGENT,15:15:00,15:16:47,107,VICKY
AA0209,47419,52132826,2,PS,990921,15:23:36,15:23:41,5,15:23:41,15:24:41,60,AGENT,15:24:40,15:26:02,82,VICKY
AA0209,47420,25684036,1,PS,990921,15:33:14,15:33:20,6,15:33:20,15:34:51,91,AGENT,15:34:50,15:35:51,61,TOVA
AA0209,47421,41543000,2,PS,990921,15:43:06,15:43:12,6,15:43:12,15:45:20,128,AGENT,15:45:19,15:48:32,193,KAZAV
AA0209,47422,8258329,2,NE,990921,15:53:28,15:53:34,6,15:53:34,15:56:04,150,AGENT,15:56:03,15:58:19,136,TOVA
AA0209,47423,52146842,1,PS,990921,16:04:22,16:04:27,5,16:04:27,16:05:41,74,AGENT,16:05:41,16:08:12,151,STEREN
AA0209,47424,50499136,2,PS,990921,16:12:32,16:12:38,6,16:12:38,16:12:48,10,AGENT,16:12:48,16:15:34,166,BENSION
AA0209,47425,0,0,PS,990921,16:24:44,16:24:54,10,0:00:00,0:00:00,0,AGENT,16:24:54,16:27:38,164,BENSION
AA0209,47426,0,0,NE,990921,16:36:48,16:36:57,9,0:00:00,0:00:00,0,AGENT,16:36:56,16:41:59,303,TOVA
AA0209,47427,0,0,PS,990921,16:53:17,16:53:26,9,0:00:00,0:00:00,0,AGENT,16:53:25,16:56:45,200,STEREN
AA0209,47428,29641727,2,PS,990921,17:07:43,17:07:49,6,17:07:49,17:09:10,81,AGENT,17:09:09,17:09:59,50,ZOHARI
AA0209,47429,0,0,PS,990921,17:24:14,17:24:25,11,0:00:00,0:00:00,0,AGENT,17:24:25,17:25:27,62,BENSION
AA0209,47430,0,0,PS,990921,17:42:40,17:42:54,14,0:00:00,0:00:00,0,AGENT,17:42:53,17:46:56,243,BENSION
AA0209,47431,0,0,PS,990921,18:04:16,18:04:25,9,0:00:00,0:00:00,0,AGENT,18:04:24,18:05:55,91,GOLDIE
AA0209,47432,0,0,NW,990921,18:22:18,18:22:30,12,0:00:00,0:00:00,0,AGENT,18:22:30,18:22:51,21,YITZ
AA0209,47433,0,0,PS,990921,18:44:08,18:44:17,9,0:00:00,0:00:00,0,AGENT,18:44:16,18:46:19,123,ZOHARI
AA0209,47434,0,0,PS,990921,19:04:44,19:04:58,14,0:00:00,0:00:00,0,AGENT,19:04:58,19:06:52,114,TOVA
AA0209,47435,0,0,NW,990921,19:32:52,19:33:05,13,0:00:00,0:00:00,0,AGENT,19:33:04,19:34:01,57,GOLDIE
AA0209,47436,0,0,PS,990921,19:48:14,19:48:25,11,0:00:00,0:00:00,0,AGENT,19:48:24,19:49:34,70,ZOHARI
AA0209,47437,0,0,PS,990921,20:14:48,20:14:56,8,0:00:00,0:00:00,0,AGENT,20:14:55,20:17:47,172,STEREN
AA0209,47438,0,0,PS,990921,20:39:03,20:39:15,12,0:00:00,0:00:00,0,AGENT,20:39:14,20:39:16,2,TOVA
AA0209,47439,0,0,PE,990921,20:58:09,20:58:21,12,0:00:00,0:00:00,0,AGENT,20:58:20,21:04:05,345,YITZ
AA0209,47440,0,0,NW,990921,21:12:17,21:12:31,14,0:00:00,0:00:00,0,AGENT,21:12:30,21:12:47,17,YITZ
AA0209,47441,0,0,PS,990921,21:34:24,21:34:34,10,0:00:00,0:00:00,0,AGENT,21:34:33,21:38:02,209,GOLDIE
AA0209,47442,24291445,2,PS,990921,21:53:15,21:53:20,5,21:53:20,21:54:18,58,AGENT,21:54:17,22:00:31,374,GOLDIE
AA0209,47443,0,0,PS,990921,22:19:21,22:19:31,10,0:00:00,0:00:00,0,AGENT,22:19:29,22:21:07,98,GILI
AA0209,47444,0,0,PS,990921,22:42:34,22:42:44,10,0:00:00,0:00:00,0,AGENT,22:42:43,22:47:00,257,GILI
AA0209,47445,0,0,PS,990921,23:07:32,23:07:45,13,0:00:00,0:00:00,0,AGENT,23:07:44,23:13:15,331,GILI
AA0209,47446,0,0,PS,990921,23:38:38,23:38:47,9,0:00:00,0:00:00,0,AGENT,23:38:46,23:42:31,225,STEREN
AA0209,47447,0,0,PS,990922,6:25:59,6:26:14,15,0:00:00,0:00:00,0,HANG,0:00:00,0:00:00,0,NO_SERVER
AA0209,47448,0,0,PS,990922,7:22:03,7:22:17,14,0:00:00,0:00:00,0,AGENT,7:22:15,7:24:19,124,ZOHARI
AA0209,47449,8151938,2,PS,990922,7:43:39,7:43:45,6,7:43:45,7:45:20,95,AGENT,7:45:20,7:46:57,97,TOVA
AA0209,47450,0,0,PE,990922,8:04:57,8:05:11,14,0:00:00,0:00:00,0,AGENT,8:05:09,8:07:22,133,YIFAT
AA0209,47451,0,0,NW,990922,8:22:39,8:22:48,9,8:22:48,8:23:00,12,AGENT,8:23:00,8:24:18,78,ROTH
AA0209,47452,0,0,PS,990922,8:37:06,8:37:16,10,0:00:00,0:00:00,0,AGENT,8:37:15,8:40:56,221,YIFAT
AA0209,47453,0,0,PS,990922,8:50:29,8:50:41,12,0:00:00,0:00:00,0,AGENT,8:50:40,8:53:45,185,STEREN
AA0209,47454,0,0,PS,990922,9:01:04,9:01:13,9,0:00:00,0:00:00,0,AGENT,9:01:12,9:06:42,330,AVNI
AA0209,47455,27393560,1,PS,990922,9:09:14,9:09:19,5,9:09:19,9:10:35,76,AGENT,9:10:33,9:11:57,84,TOVA
AA0209,47456,10587137,2,NE,990922,9:19:52,9:19:58,6,9:19:58,9:21:16,78,AGENT,9:21:14,9:21:47,33,TOVA
AA0209,47457,0,0,PS,990922,9:29:38,9:29:54,16,0:00:00,0:00:00,0,AGENT,9:29:53,9:30:50,57,KAZAV
AA0209,47458,0,0,PS,990922,9:41:48,9:42:00,12,0:00:00,0:00:00,0,AGENT,9:41:59,9:43:41,102,ZOHARI
AA0209,47459,0,0,NW,990922,9:48:52,9:49:05,13,0:00:00,0:00:00,0,AGENT,9:49:04,9:52:44,220,KAZAV
AA0209,47460,0,0,PS,990922,9:59:29,9:59:39,10,0:00:00,0:00:00,0,AGENT,9:59:38,10:01:26,108,TOVA
AA0209,47461,0,0,NE,990922,10:06:47,10:06:56,9,0:00:00,0:00:00,0,AGENT,10:06:56,10:19:06,730,ROTH
AA0209,47462,54042171,2,NE,990922,10:15:07,10:15:13,6,10:15:13,10:15:33,20,AGENT,10:15:32,10:18:37,185,ZOHARI
AA0209,47463,0,0,NW,990922,10:24:34,10:24:43,9,10:24:43,10:25:13,30,AGENT,10:25:13,10:27:09,116,AVNI
AA0209,47464,24927717,1,PS,990922,10:30:58,10:31:04,6,10:31:04,10:31:35,31,HANG,0:00:00,0:00:00,0,NO_SERVER
AA0209,47465,0,0,PS,990922,10:36:33,10:36:43,10,0:00:00,0:00:00,0,AGENT,10:36:42,10:36:46,4,NO_SERVER
AA0209,47466,0,0,NE,990922,10:45:05,10:45:15,10,0:00:00,0:00:00,0,AGENT,10:45:13,10:47:29,136,KAZAV
AA0209,47467,58239005,1,PS,990922,10:53:29,10:53:35,6,10:53:35,10:53:49,14,AGENT,10:53:49,10:59:30,341,ZOHARI
AA0209,47469,0,0,PS,990922,11:02:34,11:02:34,0,0:00:00,0:00:00,0,HANG,0:00:00,0:00:00,0,NO_SERVER
AA0209,47470,53978706,1,PS,990922,11:07:42,11:07:48,6,11:07:48,11:08:30,42,AGENT,11:08:30,11:09:59,89,ROTH
AA0209,47471,33073487,1,PS,990922,11:16:00,11:16:06,6,11:16:06,11:16:44,38,AGENT,11:16:43,11:16:45,2,TOVA
AA0209,47472,31791213,1,PS,990922,11:24:45,11:24:51,6,11:24:51,11:28:41,230,AGENT,11:28:40,11:29:46,66,ZOHARI
AA0209,47473,68741495,2,NE,990922,11:37:00,11:37:06,6,11:37:06,11:37:24,18,AGENT,11:37:23,11:40:05,162,TOVA
AA0209,47474,703074,2,PS,990922,11:44:57,11:45:03,6,11:45:03,11:45:47,44,AGENT,11:45:46,11:45:48,2,YIFAT
AA0209,47475,0,0,PS,990922,11:53:14,11:53:24,10,0:00:00,0:00:00,0,AGENT,11:53:23,11:54:03,40,GOLDIE
AA0209,47476,0,0,PS,990922,12:01:33,12:01:43,10,0:00:00,0:00:00,0,AGENT,12:01:42,12:12:39,657,VICKY
AA0209,47477,0,0,NW,990922,12:14:03,12:14:13,10,12:14:13,12:14:15,2,HANG,0:00:00,0:00:00,0,NO_SERVER
AA0209,47478,12584983,2,PS,990922,12:26:29,12:26:35,6,12:26:35,12:27:02,27,HANG,12:27:04,12:27:09,5,NO_SERVER
AA0209,47479,10587137,2,NE,990922,12:38:36,12:38:42,6,12:38:42,12:39:11,29,AGENT,12:39:10,12:39:33,23,KAZAV
AA0209,47480,0,0,PS,990922,12:53:54,12:54:03,9,0:00:00,0:00:00,0,AGENT,12:54:02,12:54:44,42,YIFAT
AA0209,47481,0,0,NE,990922,13:09:37,13:09:49,12,0:00:00,0:00:00,0,AGENT,13:09:47,13:12:13,146,TOVA
AA0209,47482,0,0,PS,990922,13:22:46,13:22:55,9,0:00:00,0:00:00,0,AGENT,13:22:54,13:23:53,59,YIFAT
AA0209,47483,0,0,PS,990922,13:37:39,13:37:48,9,0:00:00,0:00:00,0,AGENT,13:37:47,13:55:14,1047,VICKY
AA0209,47484,0,0,NE,990922,13:51:06,13:51:14,8,0:00:00,0:00:00,0,AGENT,13:51:13,14:06:58,945,KAZAV
AA0209,47485,0,0,NE,990922,14:08:51,14:09:01,10,0:00:00,0:00:00,0,AGENT,14:09:00,14:10:31,91,ZOHARI
AA0209,47486,0,0,PS,990922,14:20:17,14:20:29,12,0:00:00,0:00:00,0,AGENT,14:20:28,14:23:21,173,YITZ
AA0209,47487,0,0,PS,990922,14:35:59,14:36:08,9,0:00:00,0:00:00,0,AGENT,14:36:07,14:37:57,110,STEREN
AA0209,47488,0,0,NE,990922,14:48:50,14:48:59,9,0:00:00,0:00:00,0,AGENT,14:48:58,14:50:51,113,ELI
AA0209,47489,0,0,PS,990922,14:57:46,14:57:57,11,0:00:00,0:00:00,0,AGENT,14:57:56,15:04:21,385,ROTH
AA0209,47490,0,0,PS,990922,15:10:14,15:10:26,12,0:00:00,0:00:00,0,AGENT,15:10:24,15:11:04,40,ANAT
AA0209,47491,25534462,2,PS,990922,15:20:09,15:20:15,6,15:20:15,15:20:29,14,AGENT,15:20:28,15:22:40,132,MORIAH
AA0209,47492,0,0,PS,990922,15:28:47,15:28:57,10,0:00:00,0:00:00,0,AGENT,15:28:56,15:32:58,242,STEREN
AA0209,47493,0,0,PS,990922,15:36:39,15:36:48,9,0:00:00,0:00:00,0,AGENT,15:36:47,15:41:05,258,KAZAV
AA0209,47494,0,0,PS,990922,15:46:21,15:46:32,11,0:00:00,0:00:00,0,AGENT,15:46:31,15:48:52,141,STEREN
AA0209,47495,0,0,NE,990922,16:07:38,16:07:54,16,0:00:00,0:00:00,0,AGENT,16:07:53,16:12:51,298,ELI
AA0209,47496,0,0,PS,990922,16:19:59,16:20:12,13,0:00:00,0:00:00,0,AGENT,16:20:11,16:21:44,93,ANAT
AA0209,47497,0,0,NE,990922,16:28:48,16:28:58,10,0:00:00,0:00:00,0,AGENT,16:28:57,16:35:28,391,AVNI
AA0209,47498,0,0,NE,990922,16:48:57,16:49:09,12,0:00:00,0:00:00,0,AGENT,16:49:08,16:49:18,10,MORIAH
AA0209,47499,0,0,PS,990922,16:58:18,16:58:32,14,0:00:00,0:00:00,0,AGENT,16:58:31,17:01:09,158,ANAT
AA0209,47500,0,0,NE,990922,17:16:34,17:16:50,16,0:00:00,0:00:00,0,AGENT,17:16:49,17:20:03,194,ANAT
AA0209,47501,0,0,PS,990922,17:39:34,17:39:44,10,0:00:00,0:00:00,0,AGENT,17:39:43,17:41:09,86,MORIAH
AA0209,47502,0,0,PS,990922,18:00:24,18:00:32,8,0:00:00,0:00:00,0,AGENT,18:00:32,18:01:37,65,DORIT
AA0209,47503,0,0,PS,990922,18:18:33,18:18:42,9,0:00:00,0:00:00,0,AGENT,18:18:41,18:19:57,76,BASCH
AA0209,47504,0,0,PS,990922,18:35:05,18:35:20,15,0:00:00,0:00:00,0,AGENT,18:35:19,18:39:17,238,DORIT
AA0209,47505,0,0,PS,990922,19:03:26,19:03:36,10,0:00:00,0:00:00,0,AGENT,19:03:35,19:27:23,1428,MORIAH
AA0209,47506,0,0,PS,990922,19:31:13,19:31:24,11,0:00:00,0:00:00,0,AGENT,19:31:23,19:33:21,118,BASCH
AA0209,47507,0,0,PS,990922,19:51:48,19:52:09,21,0:00:00,0:00:00,0,AGENT,19:52:08,19:52:51,43,SHARON
AA0209,47508,0,0,PS,990922,20:17:23,20:17:40,17,0:00:00,0:00:00,0,AGENT,20:17:39,20:22:12,273,AVI
AA0209,47509,0,0,PS,990922,20:47:42,20:47:56,14,0:00:00,0:00:00,0,AGENT,20:47:56,20:49:54,118,MORIAH
AA0209,47510,0,0,PS,990922,21:16:05,21:16:14,9,0:00:00,0:00:00,0,AGENT,21:16:14,21:17:48,94,GILI
AA0209,47511,0,0,PS,990922,21:38:20,21:38:30,10,0:00:00,0:00:00,0,AGENT,21:38:29,21:38:30,1,AVI
AA0209,47512,9682923,2,PS,990922,22:07:03,22:07:08,5,22:07:08,22:07:12,4,AGENT,22:07:11,22:07:50,39,GILI
AA0209,47513,0,0,PS,990922,22:33:50,22:34:03,13,0:00:00,0:00:00,0,AGENT,22:34:02,22:35:29,87,BENSION
AA0209,47514,0,0,PS,990922,23:15:43,23:15:58,15,0:00:00,0:00:00,0,AGENT,23:15:57,23:17:03,66,BENSION
AA0209,47515,0,0,PE,990922,23:49:33,23:49:42,9,0:00:00,0:00:00,0,AGENT,23:49:41,23:59:40,599,GILI
AA0209,47516,0,0,PS,990923,7:05:43,7:05:55,12,0:00:00,0:00:00,0,AGENT,7:05:54,7:07:26,92,ANAT
AA0209,47517,28109650,2,PS,990923,7:39:53,7:39:59,6,7:39:59,7:41:01,62,AGENT,7:41:01,7:41:50,49,TOVA
AA0209,47518,0,0,NW,990923,8:04:23,8:04:36,13,0:00:00,0:00:00,0,AGENT,8:04:35,8:05:07,32,ANAT
AA0209,47519,0,0,PS,990923,8:26:32,8:26:41,9,0:00:00,0:00:00,0,AGENT,8:26:41,8:26:48,7,NO_SERVER
AA0209,47520,0,0,PS,990923,8:38:54,8:39:07,13,0:00:00,0:00:00,0,AGENT,8:39:07,8:39:58,51,ANAT
AA0209,47521,58332669,2,PS,990923,8:52:22,8:52:27,5,8:52:27,8:52:44,17,AGENT,8:52:44,8:54:37,113,DORIT
AA0209,47522,69687275,2,PS,990923,9:03:38,9:03:44,6,9:03:44,9:03:56,12,AGENT,9:03:56,9:06:40,164,YIFAT
AA0209,47523,30164461,2,NE,990923,9:15:14,9:15:20,6,9:15:20,9:15:48,28,AGENT,9:15:47,9:19:38,231,ELI
AA0209,47524,0,0,PS,990923,9:25:33,9:25:41,8,0:00:00,0:00:00,0,AGENT,9:25:40,9:29:35,235,AVI
AA0209,47525,1574243,2,NE,990923,9:38:18,9:38:24,6,9:38:24,9:38:35,11,AGENT,9:38:33,10:11:37,1984,ELI
AA0209,47526,316760891,1,PS,990923,9:46:58,9:47:04,6,9:47:04,9:48:05,61,HANG,0:00:00,0:00:00,0,NO_SERVER
AA0209,47527,57425308,1,PS,990923,9:55:18,9:55:23,5,9:55:23,9:57:55,152,AGENT,9:57:54,9:59:00,66,YIFAT
AA0209,47528,0,0,PS,990923,10:05:34,10:05:43,9,0:00:00,0:00:00,0,AGENT,10:05:42,10:08:48,186,BASCH
AA0209,47529,69020915,2,PS,990923,10:12:25,10:12:30,5,10:12:30,10:12:50,20,AGENT,10:12:49,10:14:56,127,BASCH
AA0209,47530,40716193,1,NE,990923,10:20:51,10:20:56,5,10:20:56,10:22:08,72,AGENT,10:22:07,10:25:12,185,ANAT
AA0209,47531,25496316,1,PS,990923,10:28:28,10:28:33,5,10:28:33,10:29:40,67,AGENT,10:29:39,10:34:10,271,VICKY
AA0209,47532,15671118,2,PS,990923,10:34:28,10:34:33,5,10:34:33,10:36:01,88,AGENT,10:36:00,10:41:57,357,BASCH
AA0209,47533,0,0,PS,990923,10:43:48,10:43:58,10,0:00:00,0:00:00,0,AGENT,10:43:56,10:46:08,132,DORIT
AA0209,47534,0,0,PS,990923,10:51:03,10:51:15,12,0:00:00,0:00:00,0,AGENT,10:51:13,10:53:45,152,ANAT
AA0209,47535,28743763,1,PS,990923,10:58:21,10:58:27,6,10:58:27,10:59:37,70,AGENT,10:59:36,11:00:32,56,BASCH
AA0209,47536,0,0,PS,990923,11:07:48,11:07:58,10,0:00:00,0:00:00,0,AGENT,11:07:57,11:09:35,98,BASCH
AA0209,47537,24327207,2,PS,990923,11:17:24,11:17:30,6,11:17:30,11:17:59,29,AGENT,11:17:58,11:18:34,36,BASCH
AA0209,47538,59669259,1,PS,990923,11:26:54,11:26:59,5,11:26:59,11:28:27,88,HANG,0:00:00,0:00:00,0,NO_SERVER
AA0209,47539,56781255,1,PS,990923,11:36:18,11:36:24,6,11:36:24,11:36:49,25,AGENT,11:36:47,11:38:00,73,DORIT
AA0209,47540,69952356,2,PS,990923,11:46:05,11:46:11,6,11:46:11,11:46:31,20,AGENT,11:46:30,11:47:49,79,YIFAT
AA0209,47541,0,0,PS,990923,12:01:17,12:01:29,12,0:00:00,0:00:00,0,AGENT,12:01:28,12:04:04,156,DORIT
AA0209,47542,0,0,PS,990923,12:12:21,12:12:30,9,0:00:00,0:00:00,0,AGENT,12:12:29,12:13:04,35,AVI
AA0209,47543,0,0,NE,990923,12:22:06,12:22:21,15,0:00:00,0:00:00,0,AGENT,12:22:15,12:23:48,93,AVI
AA0209,47544,0,0,NW,990923,12:41:49,12:42:02,13,0:00:00,0:00:00,0,AGENT,12:42:01,12:44:43,162,VICKY
AA0209,47545,23721897,1,PS,990923,12:55:27,12:55:33,6,12:55:33,12:56:02,29,AGENT,12:56:01,12:59:21,200,AVI
AA0209,47546,0,0,PS,990923,13:10:08,13:10:20,12,0:00:00,0:00:00,0,AGENT,13:10:19,13:11:52,93,YIFAT
AA0209,47547,0,0,NE,990923,13:20:32,13:20:42,10,0:00:00,0:00:00,0,AGENT,13:20:41,13:27:35,414,AVI
AA0209,47548,0,0,PS,990923,13:37:56,13:38:06,10,0:00:00,0:00:00,0,AGENT,13:38:05,13:38:07,2,YIFAT
AA0209,47549,22263115,2,PS,990923,13:49:54,13:50:01,7,13:50:01,13:50:28,27,AGENT,13:50:27,13:52:21,114,DORIT
AA0209,47550,24927717,1,PS,990923,13:57:39,13:57:45,6,13:57:45,13:57:54,9,HANG,0:00:00,0:00:00,0,NO_SERVER
AA0209,47551,0,0,PS,990923,14:09:26,14:09:35,9,0:00:00,0:00:00,0,AGENT,14:09:34,14:17:57,503,AVI
AA0209,47552,31940935,1,PS,990923,14:19:27,14:19:32,5,14:19:32,14:20:34,62,HANG,0:00:00,0:00:00,0,NO_SERVER
AA0209,47553,0,0,NW,990923,14:31:02,14:31:11,9,14:31:11,14:31:30,19,HANG,0:00:00,0:00:00,0,NO_SERVER
AA0209,47554,0,0,PS,990923,14:46:32,14:46:45,13,0:00:00,0:00:00,0,AGENT,14:46:44,14:47:41,57,AVI
AA0209,47555,57307381,2,PS,990923,15:05:11,15:05:17,6,15:05:17,15:06:04,47,AGENT,15:06:03,15:06:21,18,BASCH
AA0209,47556,0,0,PS,990923,15:18:15,15:18:25,10,0:00:00,0:00:00,0,AGENT,15:18:24,15:18:43,19,BASCH
AA0209,47557,0,0,PS,990923,15:32:13,15:32:22,9,0:00:00,0:00:00,0,AGENT,15:32:22,15:33:23,61,YIFAT
AA0209,47558,0,0,PS,990923,15:47:13,15:47:25,12,0:00:00,0:00:00,0,AGENT,15:47:24,15:48:04,40,BASCH
AA0209,47559,59056556,2,PS,990923,16:05:22,16:05:28,6,16:05:28,16:07:06,98,AGENT,16:07:05,16:08:55,110,SHARON
AA0209,47560,0,0,PS,990923,16:23:05,16:23:17,12,0:00:00,0:00:00,0,AGENT,16:23:15,16:26:21,186,ZOHARI
AA0209,47561,0,0,PS,990923,16:38:44,16:38:53,9,0:00:00,0:00:00,0,AGENT,16:38:52,16:40:33,101,AVNI
AA0209,47562,12649133,2,PS,990923,17:00:22,17:00:27,5,17:00:27,17:01:04,37,AGENT,17:01:03,17:10:24,561,STEREN
AA0209,47563,0,0,PS,990923,17:18:05,17:18:14,9,0:00:00,0:00:00,0,AGENT,17:18:14,17:19:11,57,SHARON
AA0209,47564,0,0,PS,990923,17:44:50,17:45:00,10,0:00:00,0:00:00,0,AGENT,17:45:00,17:45:51,51,SHARON
AA0209,47565,58859752,2,PS,990923,18:11:56,18:12:01,5,18:12:01,18:13:01,60,AGENT,18:13:00,18:14:54,114,SHARON
AA0209,47566,0,0,PS,990923,18:34:11,18:34:21,10,0:00:00,0:00:00,0,AGENT,18:34:21,18:35:24,63,GILI
AA0209,47567,0,0,PS,990923,18:59:35,18:59:50,15,0:00:00,0:00:00,0,AGENT,18:59:50,19:02:08,138,ZOHARI
AA0209,47568,0,0,PS,990923,19:28:06,19:28:15,9,0:00:00,0:00:00,0,AGENT,19:28:14,19:34:00,346,AVNI
AA0209,47569,0,0,PS,990923,19:53:02,19:53:11,9,0:00:00,0:00:00,0,AGENT,19:53:11,19:55:16,125,SHARON
AA0209,47570,0,0,PS,990923,20:20:00,20:20:12,12,0:00:00,0:00:00,0,AGENT,20:20:11,20:22:49,158,STEREN
AA0209,47571,0,0,NE,990923,21:04:45,21:04:53,8,0:00:00,0:00:00,0,AGENT,21:04:52,21:06:21,89,AVNI
AA0209,47572,0,0,NW,990923,22:03:15,22:03:31,16,0:00:00,0:00:00,0,AGENT,22:03:30,22:04:36,66,YITZ
AA0209,47573,0,0,PS,990923,22:26:50,22:26:58,8,0:00:00,0:00:00,0,AGENT,22:26:57,22:30:02,185,STEREN
AA0209,47574,0,0,PS,990923,23:19:08,23:19:20,12,0:00:00,0:00:00,0,AGENT,23:19:19,23:21:02,103,YITZ
AA0209,47575,0,0,PS,990923,23:53:56,23:54:07,11,0:00:00,0:00:00,0,AGENT,23:54:07,23:54:37,30,SHARON
AA0209,47576,0,0,PS,990924,7:16:51,7:17:02,11,0:00:00,0:00:00,0,AGENT,7:17:01,7:19:49,168,DORIT
AA0209,47577,0,0,PS,990924,7:59:41,7:59:51,10,0:00:00,0:00:00,0,AGENT,7:59:51,7:59:57,6,NO_SERVER
AA0209,47578,0,0,NW,990924,8:24:28,8:24:37,9,8:24:37,8:26:47,130,AGENT,8:26:46,8:27:13,27,SHARON
AA0209,47579,0,0,NW,990924,8:47:47,8:47:56,9,8:47:56,8:49:30,94,AGENT,8:49:29,8:52:14,165,SHARON
AA0209,47580,0,0,PS,990924,9:10:12,9:10:23,11,0:00:00,0:00:00,0,AGENT,9:10:22,9:10:56,34,ANAT
AA0209,47581,56573264,2,PS,990924,9:32:35,9:32:41,6,9:32:41,9:34:02,81,AGENT,9:34:02,9:42:43,521,ANAT
AA0209,47582,71520779,1,PS,990924,9:48:34,9:48:40,6,9:48:40,9:51:24,164,AGENT,9:51:22,9:53:14,112,DORIT
AA0209,47583,0,0,PS,990924,10:10:30,10:10:41,11,0:00:00,0:00:00,0,AGENT,10:10:40,10:12:30,110,ANAT
AA0209,47584,0,0,PS,990924,10:31:38,10:31:47,9,0:00:00,0:00:00,0,AGENT,10:31:47,10:31:51,4,NO_SERVER
AA0209,47585,24283707,1,PS,990924,10:49:44,10:49:50,6,10:49:50,10:50:59,69,AGENT,10:50:58,10:52:06,68,BASCH
AA0209,47586,27770932,2,PS,990924,11:01:59,11:02:05,6,11:02:05,11:02:33,28,AGENT,11:02:32,11:03:51,79,DORIT
AA0209,47587,0,0,PS,990924,11:24:58,11:25:13,15,0:00:00,0:00:00,0,AGENT,11:25:12,11:31:25,373,ANAT
AA0209,47588,0,0,PS,990924,12:00:12,12:00:28,16,0:00:00,0:00:00,0,AGENT,12:00:27,12:04:09,222,SHARON
AA0209,47589,0,0,NW,990924,12:14:05,12:14:14,9,12:14:14,12:14:20,6,AGENT,12:14:19,12:14:57,38,SHARON
AA0209,47590,0,0,PS,990924,12:37:39,12:37:49,10,0:00:00,0:00:00,0,AGENT,12:37:48,12:38:37,49,SHARON
AA0209,47591,0,0,PS,990924,13:11:58,13:12:11,13,0:00:00,0:00:00,0,AGENT,13:12:11,13:13:47,96,BASCH
AA0209,47592,0,0,PS,990924,13:42:03,13:42:13,10,0:00:00,0:00:00,0,AGENT,13:42:12,13:42:41,29,BASCH
AA0209,47593,0,0,NW,990924,14:59:18,14:59:42,24,0:00:00,0:00:00,0,HANG,0:00:00,0:00:00,0,NO_SERVER
AA0209,47595,0,0,PS,990924,18:25:37,18:25:37,0,0:00:00,0:00:00,0,HANG,0:00:00,0:00:00,0,NO_SERVER
AA0209,47596,0,0,NE,990925,19:52:11,19:52:26,15,0:00:00,0:00:00,0,AGENT,19:52:25,19:58:13,348,AVI
AA0209,47597,0,0,PS,990925,20:31:44,20:31:52,8,0:00:00,0:00:00,0,AGENT,20:31:52,20:32:44,52,BASCH
AA0209,47598,0,0,PS,990925,21:31:17,21:31:27,10,0:00:00,0:00:00,0,AGENT,21:31:26,21:35:18,232,ZOHARI
AA0209,47599,0,0,PS,990925,22:32:01,22:32:11,10,0:00:00,0:00:00,0,AGENT,22:32:10,22:34:11,121,ZOHARI
AA0209,47600,0,0,PS,990925,23:50:07,23:50:23,16,0:00:00,0:00:00,0,AGENT,23:50:22,23:51:22,60,BASCH
AA0209,47601,0,0,PS,990926,7:45:23,7:45:32,9,0:00:00,0:00:00,0,AGENT,7:45:32,7:47:53,141,YIFAT
AA0209,47602,0,0,PS,990926,8:18:08,8:18:19,11,0:00:00,0:00:00,0,AGENT,8:18:18,8:31:05,767,ZOHARI
AA0209,47603,0,0,NW,990926,8:47:59,8:48:11,12,0:00:00,0:00:00,0,AGENT,8:48:11,8:49:21,70,DORIT
AA0209,47604,0,0,PS,990926,9:06:16,9:06:28,12,0:00:00,0:00:00,0,AGENT,9:06:27,9:08:40,133,DORIT
AA0209,47605,0,0,PS,990926,9:20:33,9:20:42,9,0:00:00,0:00:00,0,AGENT,9:20:41,9:22:41,120,YIFAT
AA0209,47606,0,0,PS,990926,9:32:46,9:32:54,8,0:00:00,0:00:00,0,AGENT,9:32:54,9:34:14,80,ZOHARI
AA0209,47607,0,0,PS,990926,9:46:26,9:46:35,9,0:00:00,0:00:00,0,AGENT,9:46:34,9:47:24,50,YITZ
AA0209,47608,58029430,1,PS,990926,9:54:08,9:54:14,6,9:54:14,9:55:56,102,AGENT,9:55:55,9:56:17,22,DORIT
AA0209,47609,0,0,NW,990926,10:08:45,10:08:55,10,10:08:55,10:09:18,23,AGENT,10:09:18,10:10:07,49,DORIT
AA0209,47610,0,0,PS,990926,10:22:36,10:22:45,9,0:00:00,0:00:00,0,AGENT,10:22:44,10:24:13,89,BASCH
AA0209,47611,30442495,2,PS,990926,10:37:14,10:37:20,6,10:37:20,10:38:46,86,AGENT,10:38:45,11:02:05,1400,YIFAT
AA0209,47612,23577406,1,PS,990926,10:51:19,10:51:25,6,10:51:25,10:52:00,35,HANG,0:00:00,0:00:00,0,NO_SERVER
AA0209,47613,0,0,NW,990926,10:59:31,10:59:41,10,10:59:41,10:59:45,4,HANG,0:00:00,0:00:00,0,NO_SERVER
AA0209,47614,0,0,NW,990926,11:07:40,11:07:49,9,11:07:49,11:07:52,3,HANG,0:00:00,0:00:00,0,NO_SERVER
AA0209,47615,32350720,2,PS,990926,11:20:26,11:20:31,5,11:20:31,11:21:04,33,AGENT,11:21:03,11:21:52,49,BASCH
AA0209,47616,0,0,PS,990926,11:32:19,11:32:28,9,0:00:00,0:00:00,0,AGENT,11:32:27,11:33:23,56,YITZ
AA0209,47617,59858928,2,PS,990926,11:43:42,11:43:48,6,11:43:48,11:44:02,14,AGENT,11:44:01,11:48:53,292,YITZ
AA0209,47618,0,0,PS,990926,11:59:49,11:59:58,9,0:00:00,0:00:00,0,AGENT,11:59:57,12:04:17,260,AVNI
AA0209,47619,0,0,NW,990926,12:18:03,12:18:15,12,0:00:00,0:00:00,0,AGENT,12:18:14,12:24:32,378,VICKY
AA0209,47620,0,0,NW,990926,12:37:48,12:38:01,13,0:00:00,0:00:00,0,AGENT,12:38:01,12:39:13,72,VICKY
AA0209,47621,0,0,PS,990926,12:59:14,12:59:25,11,0:00:00,0:00:00,0,AGENT,12:59:23,13:01:08,105,ZOHARI
AA0209,47622,0,0,PS,990926,13:21:41,13:21:51,10,0:00:00,0:00:00,0,AGENT,13:21:49,13:26:35,286,ZOHARI
AA0209,47623,0,0,PS,990926,13:34:04,13:34:15,11,0:00:00,0:00:00,0,AGENT,13:34:15,13:34:15,0,VICKY
AA0209,47624,0,0,PS,990926,13:49:24,13:49:34,10,0:00:00,0:00:00,0,AGENT,13:49:33,13:50:01,28,YITZ
AA0209,47625,0,0,PS,990926,14:06:50,14:07:03,13,0:00:00,0:00:00,0,AGENT,14:07:02,14:07:04,2,TOVA
AA0209,47626,0,0,PS,990926,14:17:38,14:17:47,9,0:00:00,0:00:00,0,AGENT,14:17:45,14:18:57,72,YITZ
AA0209,47627,0,0,PS,990926,14:41:18,14:41:28,10,0:00:00,0:00:00,0,AGENT,14:41:28,14:44:15,167,VICKY
AA0209,47628,32083115,1,PS,990926,15:01:36,15:01:42,6,15:01:42,15:02:03,21,AGENT,15:02:02,15:05:56,234,ZOHARI
AA0209,47629,9682923,2,PS,990926,15:21:00,15:21:05,5,15:21:05,15:21:10,5,AGENT,15:21:09,15:22:59,110,YITZ
AA0209,47630,0,0,PS,990926,15:53:09,15:53:17,8,0:00:00,0:00:00,0,AGENT,15:53:17,15:54:37,80,YITZ
AA0209,47631,0,0,PS,990926,16:18:05,16:18:18,13,0:00:00,0:00:00,0,AGENT,16:18:18,16:19:54,96,BENSION
AA0209,47632,0,0,PS,990926,16:26:07,16:26:29,22,0:00:00,0:00:00,0,HANG,0:00:00,0:00:00,0,NO_SERVER
AA0209,47633,0,0,PS,990926,17:12:36,17:12:44,8,0:00:00,0:00:00,0,AGENT,17:12:44,17:12:55,11,SHARON
AA0209,47634,0,0,NE,990926,17:52:40,17:52:52,12,0:00:00,0:00:00,0,AGENT,17:52:51,17:55:10,139,MORIAH
AA0209,47635,0,0,PS,990926,18:27:05,18:27:21,16,0:00:00,0:00:00,0,AGENT,18:27:20,18:29:02,102,TOVA
AA0209,47636,0,0,PS,990926,19:01:56,19:02:07,11,0:00:00,0:00:00,0,AGENT,19:02:06,19:04:31,145,TOVA
AA0209,47637,0,0,PS,990926,19:43:10,19:43:19,9,0:00:00,0:00:00,0,AGENT,19:43:18,19:45:51,153,SHARON
AA0209,47638,0,0,PS,990926,20:39:26,20:39:36,10,0:00:00,0:00:00,0,AGENT,20:39:35,20:41:52,137,TOVA
AA0209,47639,0,0,PS,990926,21:40:01,21:40:23,22,0:00:00,0:00:00,0,AGENT,21:40:22,21:43:21,179,DARMON
AA0209,47640,0,0,PS,990926,22:56:35,22:56:49,14,0:00:00,0:00:00,0,AGENT,22:56:48,22:57:33,45,SHARON
AA0209,47641,0,0,PS,990927,6:38:47,6:39:06,19,0:00:00,0:00:00,0,HANG,0:00:00,0:00:00,0,NO_SERVER
AA0209,47642,0,0,PS,990927,8:07:09,8:07:21,12,0:00:00,0:00:00,0,AGENT,8:07:20,8:09:32,132,TOVA
AA0209,47643,0,0,PS,990927,8:28:05,8:28:15,10,0:00:00,0:00:00,0,AGENT,8:28:14,8:29:29,75,BASCH
AA0209,47644,0,0,PS,990927,8:52:27,8:52:39,12,0:00:00,0:00:00,0,AGENT,8:52:39,8:54:05,86,YITZ
AA0209,47645,54011614,2,PS,990927,9:06:38,9:06:43,5,9:06:43,9:06:59,16,AGENT,9:06:58,9:08:46,108,BASCH
AA0209,47646,24342644,1,PS,990927,9:25:02,9:25:08,6,9:25:08,9:26:46,98,PHANTOM,9:26:45,9:26:59,14,NO_SERVER
AA0209,47647,54539366,1,PS,990927,9:39:23,9:39:29,6,9:39:29,9:46:39,430,AGENT,9:46:37,9:47:28,51,TOVA
AA0209,47648,54613724,2,NE,990927,9:54:57,9:55:02,5,9:55:02,9:56:31,89,AGENT,9:56:31,10:17:27,1256,TOVA
AA0209,47650,0,0,PS,990927,10:07:53,10:07:53,0,0:00:00,0:00:00,0,HANG,0:00:00,0:00:00,0,NO_SERVER
AA0209,47651,0,0,PS,990927,10:22:02,10:22:11,9,0:00:00,0:00:00,0,AGENT,10:22:10,10:27:39,329,BENSION
AA0209,47652,0,0,PS,990927,10:36:46,10:36:59,13,0:00:00,0:00:00,0,AGENT,10:36:58,10:38:22,84,YITZ
AA0209,47653,0,0,PS,990927,10:50:09,10:50:19,10,0:00:00,0:00:00,0,AGENT,10:50:18,10:55:47,329,TOVA
AA0209,47654,33906777,1,PS,990927,11:01:05,11:01:11,6,11:01:11,11:01:54,43,HANG,0:00:00,0:00:00,0,NO_SERVER
AA0209,47655,52867744,2,PS,990927,11:10:18,11:10:24,6,11:10:24,11:12:29,125,AGENT,11:12:28,11:23:39,671,ZOHARI
AA0209,47656,0,0,PS,990927,11:27:29,11:27:39,10,0:00:00,0:00:00,0,AGENT,11:27:39,11:27:55,16,YITZ
AA0209,47657,0,0,PS,990927,11:41:01,11:41:13,12,0:00:00,0:00:00,0,AGENT,11:41:12,11:50:58,586,TOVA
AA0209,47658,53585345,2,PS,990927,11:52:07,11:52:12,5,11:52:12,11:53:09,57,HANG,0:00:00,0:00:00,0,NO_SERVER
AA0209,47659,0,0,PS,990927,12:08:38,12:08:48,10,0:00:00,0:00:00,0,AGENT,12:08:46,12:34:32,1546,BASCH
AA0209,47660,67158097,2,PS,990927,12:24:58,12:25:03,5,12:25:03,12:25:19,16,AGENT,12:25:18,12:28:15,177,YITZ
AA0209,47661,0,0,NW,990927,12:40:27,12:40:37,10,12:40:37,12:41:50,73,HANG,0:00:00,0:00:00,0,NO_SERVER
AA0209,47662,58029620,2,PS,990927,12:54:48,12:54:54,6,12:54:54,12:55:03,9,AGENT,12:55:02,12:57:17,135,PINHAS
AA0209,47663,23822679,2,PS,990927,13:07:50,13:07:55,5,13:07:55,13:08:41,46,AGENT,13:08:40,13:12:35,235,TOVA
AA0209,47664,0,0,PS,990927,13:26:11,13:26:20,9,0:00:00,0:00:00,0,AGENT,13:26:19,13:29:07,168,YITZ
AA0209,47665,53636924,2,PS,990927,13:41:43,13:41:49,6,13:41:49,13:42:38,49,AGENT,13:42:38,13:42:46,8,TOVA
AA0209,47666,0,0,NW,990927,13:56:06,13:56:15,9,13:56:15,13:56:51,36,AGENT,13:56:50,13:57:21,31,BENSION
AA0209,47667,0,0,NE,990927,14:11:26,14:11:36,10,0:00:00,0:00:00,0,AGENT,14:11:35,14:14:37,182,ZOHARI
AA0209,47668,0,0,NE,990927,14:23:17,14:23:28,11,0:00:00,0:00:00,0,AGENT,14:23:27,14:25:52,145,ZOHARI
AA0209,47669,10604577,2,PS,990927,14:38:41,14:38:47,6,14:38:47,14:39:14,27,AGENT,14:39:13,14:40:32,79,BASCH
AA0209,47670,0,0,PS,990927,14:53:56,14:54:05,9,0:00:00,0:00:00,0,AGENT,14:54:05,14:58:15,250,YITZ
AA0209,47671,0,0,PS,990927,15:17:29,15:17:43,14,0:00:00,0:00:00,0,AGENT,15:17:42,15:19:26,104,ANAT
AA0209,47672,0,0,NE,990927,16:07:52,16:08:01,9,0:00:00,0:00:00,0,AGENT,16:08:00,16:17:05,545,AVNI
AA0209,47673,38238598,2,PS,990927,16:31:24,16:31:30,6,16:31:30,16:32:12,42,AGENT,16:32:11,16:34:42,151,SHARON
AA0209,47674,0,0,PS,990927,16:53:10,16:53:20,10,0:00:00,0:00:00,0,AGENT,16:53:19,16:57:30,251,AVNI
AA0209,47675,0,0,NW,990927,17:36:55,17:37:04,9,17:37:04,17:39:54,170,AGENT,17:39:53,17:42:04,131,MORIAH
AA0209,47676,0,0,PS,990927,18:05:58,18:06:10,12,0:00:00,0:00:00,0,AGENT,18:06:09,18:07:39,90,MORIAH
AA0209,47677,0,0,PS,990927,18:45:51,18:46:12,21,0:00:00,0:00:00,0,AGENT,18:46:10,18:47:20,70,SHARON
AA0209,47678,0,0,NW,990927,19:26:22,19:26:36,14,0:00:00,0:00:00,0,AGENT,19:26:35,19:28:35,120,MORIAH
AA0209,47679,29354024,1,PS,990927,20:05:45,20:05:51,6,20:05:51,20:06:43,52,AGENT,20:06:42,20:06:55,13,AVNI
AA0209,47680,0,0,NE,990927,20:52:12,20:52:24,12,0:00:00,0:00:00,0,AGENT,20:52:24,21:00:43,499,AVNI
AA0209,47681,0,0,PS,990927,21:46:59,21:47:08,9,0:00:00,0:00:00,0,AGENT,21:47:07,21:48:55,108,MORIAH
AA0209,47682,0,0,NE,990927,22:13:38,22:13:47,9,0:00:00,0:00:00,0,AGENT,22:13:46,22:13:50,4,MORIAH
AA0209,47683,0,0,PS,990927,23:16:31,23:16:42,11,0:00:00,0:00:00,0,AGENT,23:16:44,23:16:48,4,NO_SERVER
AA0209,47684,0,0,PS,990928,0:25:05,0:25:20,15,0:00:00,0:00:00,0,HANG,0:00:00,0:00:00,0,NO_SERVER
AA0209,47685,0,0,PS,990928,7:34:59,7:35:11,12,0:00:00,0:00:00,0,AGENT,7:35:10,7:37:58,168,ANAT
AA0209,47686,0,0,NW,990928,8:19:15,8:19:24,9,8:19:24,8:21:20,116,HANG,0:00:00,0:00:00,0,NO_SERVER
AA0209,47687,0,0,PS,990928,8:44:26,8:44:35,9,0:00:00,0:00:00,0,AGENT,8:44:35,8:49:17,282,YIFAT
AA0209,47688,304673403,2,PS,990928,8:58:37,8:58:42,5,8:58:42,8:59:28,46,AGENT,8:59:27,9:00:26,59,ANAT
AA0209,47689,24927717,1,PS,990928,9:19:47,9:19:52,5,9:19:52,9:23:05,193,AGENT,9:23:05,9:23:37,32,AVNI
AA0209,47690,0,0,NW,990928,9:32:59,9:33:08,9,9:33:08,9:33:56,48,HANG,0:00:00,0:00:00,0,NO_SERVER
AA0209,47691,703074,2,PS,990928,9:47:26,9:47:32,6,9:47:32,9:50:18,166,AGENT,9:50:17,9:52:28,131,ANAT
AA0209,47692,0,0,NW,990928,10:01:19,10:01:29,10,10:01:29,10:01:54,25,HANG,0:00:00,0:00:00,0,NO_SERVER
AA0209,47693,71520779,1,PS,990928,10:10:03,10:10:09,6,10:10:09,10:14:50,281,AGENT,10:14:48,10:17:22,154,AVNI
AA0209,47694,0,0,PS,990928,10:20:14,10:21:53,99,0:00:00,0:00:00,0,HANG,0:00:00,0:00:00,0,NO_SERVER
AA0209,47695,8091860,2,PS,990928,10:31:09,10:31:15,6,10:31:15,10:31:56,41,AGENT,10:31:55,10:32:55,60,ANAT
AA0209,47696,0,0,NW,990928,10:40:07,10:40:17,10,10:40:17,10:41:11,54,AGENT,10:41:10,10:41:27,17,PINHAS
AA0209,47697,16511388,2,PS,990928,10:52:32,10:52:37,5,10:52:37,10:55:35,178,AGENT,10:55:35,10:57:27,112,YIFAT
AA0209,47698,4227880,2,PS,990928,11:04:21,11:04:26,5,11:04:26,11:06:27,121,AGENT,11:06:26,11:10:46,260,ANAT
AA0209,47699,22612071,2,PS,990928,11:17:11,11:17:16,5,11:17:16,11:18:35,79,AGENT,11:18:35,11:24:27,352,ANAT
AA0209,47700,56497902,1,PS,990928,11:27:57,11:28:03,6,11:28:03,11:30:19,136,HANG,0:00:00,0:00:00,0,NO_SERVER
AA0209,47701,27885011,2,PS,990928,11:38:50,11:38:56,6,11:38:56,11:39:02,6,AGENT,11:39:01,11:44:54,353,ANAT
AA0209,47702,47148739,2,NE,990928,11:50:24,11:50:30,6,11:50:30,11:51:25,55,AGENT,11:51:25,11:59:03,458,AVNI
AA0209,47703,33104670,2,PS,990928,12:02:42,12:02:47,5,12:02:47,12:06:38,231,AGENT,12:06:37,12:16:36,599,AVNI
AA0209,47704,74780917,2,NE,990928,12:15:08,12:15:14,6,12:15:14,12:18:35,201,AGENT,12:18:34,12:25:57,443,ZOHARI
AA0209,47705,24192759,2,PS,990928,12:26:01,12:26:06,5,12:26:06,12:27:36,90,HANG,0:00:00,0:00:00,0,NO_SERVER
AA0209,47706,522631,2,PS,990928,12:36:04,12:36:09,5,12:36:09,12:37:53,104,AGENT,12:37:53,12:40:48,175,YIFAT
AA0209,47707,1426659,2,NE,990928,12:49:32,12:49:38,6,12:49:38,12:50:48,70,AGENT,12:50:48,12:53:28,160,ANAT
AA0209,47708,0,0,PS,990928,13:01:32,13:01:42,10,0:00:00,0:00:00,0,AGENT,13:01:40,13:02:45,65,AVNI
AA0209,47709,9478181,2,PS,990928,13:14:33,13:14:39,6,13:14:39,13:15:31,52,AGENT,13:15:31,13:16:19,48,ZOHARI
AA0209,47710,0,0,PS,990928,13:35:34,13:35:45,11,0:00:00,0:00:00,0,AGENT,13:35:43,13:37:48,125,YIFAT
AA0209,47711,58894601,2,PS,990928,13:48:14,13:48:20,6,13:48:20,13:49:30,70,AGENT,13:49:28,13:52:11,163,BASCH
AA0209,47712,22263115,2,PS,990928,13:59:20,13:59:31,11,13:59:31,13:59:55,24,AGENT,13:59:31,14:03:10,219,BASCH
AA0209,47713,58076621,1,PS,990928,14:11:15,14:11:20,5,14:11:20,14:11:46,26,HANG,0:00:00,0:00:00,0,NO_SERVER
AA0209,47714,0,0,PS,990928,14:24:21,14:24:32,11,0:00:00,0:00:00,0,AGENT,14:24:30,14:28:42,252,AVNI
AA0209,47715,0,0,NE,990928,14:45:00,14:45:11,11,0:00:00,0:00:00,0,AGENT,14:45:11,14:47:10,119,BASCH
AA0209,47716,74780917,2,NE,990928,15:00:42,15:00:48,6,15:00:48,15:02:39,111,AGENT,15:02:38,15:12:36,598,AVNI
AA0209,47717,0,0,NW,990928,15:40:09,15:40:22,13,0:00:00,0:00:00,0,AGENT,15:40:22,15:44:06,224,YITZ
AA0209,47718,0,0,PS,990928,16:08:04,16:08:14,10,0:00:00,0:00:00,0,AGENT,16:08:13,16:12:52,279,YITZ
AA0209,47719,0,0,PS,990928,16:37:29,16:37:38,9,0:00:00,0:00:00,0,AGENT,16:37:37,16:40:06,149,AVNI
AA0209,47720,0,0,PS,990928,17:06:49,17:06:59,10,0:00:00,0:00:00,0,AGENT,17:06:58,17:08:30,92,VICKY
AA0209,47721,0,0,PS,990928,17:33:13,17:33:21,8,0:00:00,0:00:00,0,AGENT,17:33:21,17:34:52,91,BASCH
AA0209,47722,0,0,PS,990928,17:53:53,17:54:04,11,0:00:00,0:00:00,0,AGENT,17:54:03,17:56:27,144,BASCH
AA0209,47723,34402115,1,PS,990928,18:18:47,18:18:52,5,18:18:52,18:19:22,30,AGENT,18:19:21,18:20:00,39,DORIT
AA0209,47724,0,0,NW,990928,19:02:48,19:02:57,9,19:02:57,19:03:49,52,AGENT,19:03:49,19:08:48,299,VICKY
AA0209,47725,0,0,PS,990928,20:11:57,20:12:07,10,0:00:00,0:00:00,0,AGENT,20:12:06,20:13:21,75,YITZ
AA0209,47726,0,0,PS,990928,20:43:52,20:44:01,9,0:00:00,0:00:00,0,AGENT,20:44:01,20:50:16,375,DORIT
AA0209,47727,0,0,PS,990928,21:19:03,21:19:13,10,0:00:00,0:00:00,0,AGENT,21:19:12,21:27:20,488,BASCH
AA0209,47728,0,0,PS,990928,21:45:01,21:45:14,13,0:00:00,0:00:00,0,AGENT,21:45:14,21:47:44,150,SHARON
AA0209,47729,0,0,PS,990928,22:13:23,22:13:33,10,0:00:00,0:00:00,0,AGENT,22:13:32,22:18:01,269,DORIT
AA0209,47730,0,0,PS,990928,23:08:26,23:08:39,13,0:00:00,0:00:00,0,AGENT,23:08:38,23:09:31,53,DORIT
AA0209,47731,0,0,PS,990929,2:25:20,2:25:57,37,0:00:00,0:00:00,0,HANG,0:00:00,0:00:00,0,NO_SERVER
AA0209,47732,0,0,PS,990929,7:33:12,7:33:22,10,0:00:00,0:00:00,0,AGENT,7:33:21,7:38:55,334,ANAT
AA0209,47733,0,0,PS,990929,8:22:27,8:22:41,14,0:00:00,0:00:00,0,AGENT,8:22:40,8:25:31,171,ANAT
AA0209,47734,0,0,PS,990929,8:39:00,8:39:10,10,0:00:00,0:00:00,0,AGENT,8:39:09,8:40:37,88,ZOHARI
AA0209,47735,0,0,PS,990929,8:52:42,8:52:52,10,0:00:00,0:00:00,0,AGENT,8:52:51,8:52:57,6,NO_SERVER
AA0209,47736,31909146,2,PS,990929,9:12:55,9:13:00,5,9:13:00,9:13:31,31,AGENT,9:13:31,9:17:31,240,AVNI
AA0209,47737,0,0,PS,990929,9:28:53,9:29:01,8,0:00:00,0:00:00,0,AGENT,9:29:00,9:29:17,17,SHARON
AA0209,47738,0,0,PS,990929,9:40:33,9:40:43,10,0:00:00,0:00:00,0,AGENT,9:40:42,9:42:59,137,ANAT
AA0209,47739,63730469,1,PS,990929,9:50:16,9:50:22,6,9:50:22,9:51:32,70,HANG,0:00:00,0:00:00,0,NO_SERVER
AA0209,47740,53919213,2,PS,990929,9:59:17,9:59:22,5,9:59:22,10:02:20,178,AGENT,10:02:19,10:04:36,137,ZOHARI
AA0209,47741,0,0,PS,990929,10:12:51,10:13:02,11,0:00:00,0:00:00,0,AGENT,10:13:01,10:13:46,45,ANAT
AA0209,47742,32156499,1,PS,990929,10:22:26,10:22:32,6,10:22:32,10:22:36,4,AGENT,10:22:35,10:23:38,63,DORIT
AA0209,47743,74780917,2,NE,990929,10:34:28,10:34:33,5,10:34:33,10:35:25,52,AGENT,10:35:24,10:39:28,244,SHARON
AA0209,47744,27141399,1,PS,990929,10:41:16,10:41:22,6,10:41:22,10:41:56,34,AGENT,10:41:55,10:45:16,201,DORIT
AA0209,47745,29641727,2,PS,990929,10:55:35,10:55:40,5,10:55:40,10:57:06,86,AGENT,10:57:06,10:58:09,63,SHARON
AA0209,47746,25370842,1,PS,990929,11:05:03,11:05:09,6,11:05:09,11:07:50,161,AGENT,11:07:50,11:13:12,322,AVNI
AA0209,47747,59604355,1,PS,990929,11:18:41,11:18:46,5,11:18:46,11:20:46,120,AGENT,11:20:45,11:21:12,27,ANAT
AA0209,47748,0,0,PS,990929,11:33:11,11:33:19,8,0:00:00,0:00:00,0,AGENT,11:33:19,11:34:43,84,ANAT
AA0209,47749,0,0,PS,990929,11:46:31,11:46:44,13,0:00:00,0:00:00,0,AGENT,11:46:44,11:51:01,257,ZOHARI
AA0209,47750,58704610,2,PS,990929,11:56:36,11:56:41,5,11:56:41,11:57:44,63,AGENT,11:57:43,11:59:21,98,SHARON
AA0209,47751,51565273,2,PS,990929,12:07:32,12:07:37,5,12:07:37,12:08:14,37,AGENT,12:08:14,12:16:00,466,DORIT
AA0209,47752,67702712,2,PS,990929,12:14:42,12:14:48,6,12:14:48,12:16:52,124,AGENT,12:16:52,12:17:02,10,ANAT
AA0209,47753,55499289,2,PS,990929,12:27:07,12:27:12,5,12:27:12,12:27:29,17,HANG,0:00:00,0:00:00,0,NO_SERVER
AA0209,47754,25236241,1,PS,990929,12:34:13,12:34:18,5,12:34:18,12:34:34,16,HANG,0:00:00,0:00:00,0,NO_SERVER
AA0209,47755,25236241,1,PS,990929,12:45:49,12:45:54,5,12:45:54,12:49:44,230,AGENT,12:49:43,12:49:45,2,YIFAT
AA0209,47756,430934,2,PS,990929,13:01:49,13:01:54,5,13:01:54,13:03:17,83,AGENT,13:03:16,13:04:58,102,ZOHARI
AA0209,47757,305896409,2,PS,990929,13:21:32,13:21:37,5,13:21:37,13:23:32,115,AGENT,13:23:31,13:23:48,17,ANAT
AA0209,47758,26834044,2,NE,990929,13:35:05,13:35:11,6,13:35:11,13:38:42,211,AGENT,13:38:41,13:42:16,215,ANAT
AA0209,47759,65032120,2,PS,990929,13:49:52,13:49:57,5,13:49:57,13:52:21,144,AGENT,13:52:19,13:52:21,2,ANAT
AA0209,47760,10858884,2,NE,990929,13:59:41,13:59:47,6,13:59:47,14:00:56,69,AGENT,14:00:54,14:01:56,62,SHARON
AA0209,47761,57758013,2,PS,990929,14:12:50,14:12:55,5,14:12:55,14:13:47,52,AGENT,14:13:46,14:18:17,271,ZOHARI
AA0209,47762,50850429,2,PS,990929,14:22:29,14:22:34,5,14:22:34,14:23:36,62,AGENT,14:23:35,14:26:06,151,DORIT
AA0209,47763,0,0,PS,990929,14:35:39,14:35:49,10,0:00:00,0:00:00,0,AGENT,14:35:48,14:37:55,127,SHARON
AA0209,47764,27885011,2,PS,990929,14:57:31,14:57:37,6,14:57:37,15:02:10,273,AGENT,15:02:09,15:05:00,171,BASCH
AA0209,47765,0,0,PS,990929,15:31:46,15:31:56,10,0:00:00,0:00:00,0,AGENT,15:31:55,15:33:08,73,AVNI
AA0209,47766,58076621,1,PS,990929,16:02:25,16:02:30,5,16:02:30,16:02:47,17,AGENT,16:02:46,16:04:03,77,VICKY
AA0209,47767,221148802,2,PS,990929,16:25:53,16:25:59,6,16:25:59,16:26:52,53,AGENT,16:26:51,16:27:49,58,AVNI
AA0209,47768,0,0,NW,990929,17:08:03,17:08:24,21,0:00:00,0:00:00,0,AGENT,17:08:23,17:11:26,183,BASCH
AA0209,47769,0,0,PS,990929,17:36:41,17:36:52,11,0:00:00,0:00:00,0,AGENT,17:36:51,17:37:25,34,DARMON
AA0209,47770,0,0,PS,990929,18:00:16,18:00:26,10,0:00:00,0:00:00,0,AGENT,18:00:25,18:01:34,69,BASCH
AA0209,47771,24087934,2,PS,990929,18:32:57,18:33:04,7,18:33:04,18:33:30,26,AGENT,18:33:29,18:35:19,110,MEIR
AA0209,47772,0,0,PS,990929,18:54:48,18:55:01,13,0:00:00,0:00:00,0,AGENT,18:55:00,18:57:08,128,STEREN
AA0209,47773,0,0,NW,990929,19:22:23,19:22:34,11,0:00:00,0:00:00,0,AGENT,19:22:37,19:22:41,4,NO_SERVER
AA0209,47774,0,0,NW,990929,19:48:39,19:48:55,16,0:00:00,0:00:00,0,AGENT,19:48:54,19:49:42,48,VICKY
AA0209,47775,0,0,PS,990929,20:33:14,20:33:24,10,0:00:00,0:00:00,0,AGENT,20:33:24,20:34:41,77,BASCH
AA0209,47776,0,0,NW,990929,21:03:56,21:04:09,13,0:00:00,0:00:00,0,AGENT,21:04:09,21:04:09,0,NO_SERVER
AA0209,47777,0,0,PS,990929,21:37:46,21:37:54,8,0:00:00,0:00:00,0,AGENT,21:37:54,21:40:12,138,VICKY
AA0209,47778,27931559,1,PS,990929,22:08:42,22:08:47,5,22:08:47,22:09:09,22,AGENT,22:09:08,22:10:03,55,GILI
AA0209,47779,0,0,PS,990929,23:08:40,23:08:50,10,0:00:00,0:00:00,0,AGENT,23:08:49,23:11:38,169,VICKY
AA0209,47780,0,0,NW,990929,23:52:50,23:53:05,15,0:00:00,0:00:00,0,AGENT,23:53:02,23:53:12,10,NO_SERVER
AA0209,47781,0,0,PE,990930,7:04:19,7:04:45,26,0:00:00,0:00:00,0,HANG,0:00:00,0:00:00,0,NO_SERVER
AA0209,47782,0,0,NW,990930,7:53:55,7:54:04,9,7:54:04,7:54:06,2,HANG,0:00:00,0:00:00,0,NO_SERVER
AA0209,47783,0,0,PS,990930,8:33:32,8:33:43,11,0:00:00,0:00:00,0,AGENT,8:33:42,8:34:22,40,ANAT
AA0209,47784,0,0,NE,990930,8:49:32,8:49:43,11,0:00:00,0:00:00,0,AGENT,8:49:42,8:51:46,124,ZOHARI
AA0209,47785,0,0,PS,990930,9:05:37,9:05:49,12,0:00:00,0:00:00,0,AGENT,9:05:48,9:06:49,61,ANAT
AA0209,47786,57368698,2,PS,990930,9:16:28,9:16:34,6,9:16:34,9:17:17,43,HANG,0:00:00,0:00:00,0,NO_SERVER
AA0209,47787,51876209,2,PS,990930,9:31:15,9:31:20,5,9:31:20,9:32:00,40,AGENT,9:31:59,9:33:14,75,YIFAT
AA0209,47788,0,0,PS,990930,9:44:14,9:44:22,8,0:00:00,0:00:00,0,AGENT,9:44:21,9:46:08,107,ROTH
AA0209,47789,38731493,2,PS,990930,9:54:09,9:54:15,6,9:54:15,9:55:09,54,AGENT,9:55:08,9:56:07,59,YIFAT
AA0209,47790,23530603,2,PS,990930,9:59:41,9:59:47,6,9:59:47,10:02:53,186,AGENT,10:02:52,10:05:42,170,ROTH
AA0209,47791,10858884,2,NE,990930,10:17:16,10:17:22,6,10:17:22,10:18:01,39,AGENT,10:18:00,10:20:35,155,ROTH
AA0209,47792,0,0,PS,990930,10:29:25,10:29:33,8,0:00:00,0:00:00,0,AGENT,10:29:32,10:35:46,374,ROTH
AA0209,47793,16686354,2,NE,990930,10:44:29,10:44:35,6,10:44:35,10:44:56,21,AGENT,10:44:56,10:49:27,271,ROTH
AA0209,47794,37547924,2,PS,990930,11:00:03,11:00:09,6,11:00:09,11:01:04,55,AGENT,11:01:04,11:02:40,96,ANAT
AA0209,47796,0,0,PS,990930,11:06:58,11:06:58,0,0:00:00,0:00:00,0,HANG,0:00:00,0:00:00,0,NO_SERVER
AA0209,47797,57918849,1,NE,990930,11:14:56,11:15:02,6,11:15:02,11:19:10,248,AGENT,11:19:09,11:21:50,161,ANAT
AA0209,47799,0,0,PS,990930,11:23:15,11:23:15,0,0:00:00,0:00:00,0,HANG,0:00:00,0:00:00,0,NO_SERVER
AA0209,47800,0,0,PS,990930,11:26:35,11:27:49,74,0:00:00,0:00:00,0,HANG,0:00:00,0:00:00,0,NO_SERVER
AA0209,47801,27957448,2,PS,990930,11:36:47,11:36:53,6,11:36:53,11:38:16,83,AGENT,11:38:15,11:39:02,47,TOVA
AA0209,47802,13191655,2,PS,990930,11:44:29,11:44:34,5,11:44:34,11:46:44,130,HANG,0:00:00,0:00:00,0,NO_SERVER
AA0209,47803,703074,2,PS,990930,11:52:15,11:52:21,6,11:52:21,11:53:28,67,AGENT,11:53:27,11:59:03,336,ROTH
AA0209,47804,58029430,1,PS,990930,12:02:23,12:02:28,5,12:02:28,12:03:48,80,AGENT,12:03:47,12:06:03,136,TOVA
AA0209,47805,58859752,2,PS,990930,12:13:18,12:13:23,5,12:13:23,12:13:44,21,AGENT,12:13:43,12:15:21,98,ROTH
AA0209,47806,0,0,NW,990930,12:23:22,12:23:31,9,12:23:31,12:25:06,95,AGENT,12:25:06,12:25:48,42,ROTH
AA0209,47807,0,0,PS,990930,12:46:59,12:47:10,11,0:00:00,0:00:00,0,AGENT,12:47:08,12:50:30,202,YIFAT
AA0209,47808,0,0,NW,990930,13:00:50,13:01:03,13,0:00:00,0:00:00,0,AGENT,13:01:02,13:01:11,9,YIFAT
AA0209,47809,0,0,PS,990930,13:21:18,13:21:28,10,0:00:00,0:00:00,0,AGENT,13:21:26,13:22:59,93,YIFAT
AA0209,47810,58704610,2,PS,990930,13:35:30,13:35:35,5,13:35:35,13:36:09,34,AGENT,13:36:09,13:41:00,291,ROTH
AA0209,47811,10473262,2,PS,990930,13:51:53,13:51:59,6,13:51:59,13:55:52,233,AGENT,13:55:51,13:59:51,240,SHARON
AA0209,47812,31507361,1,PS,990930,14:06:16,14:06:21,5,14:06:21,14:06:35,14,HANG,0:00:00,0:00:00,0,NO_SERVER
AA0209,47813,0,0,NW,990930,14:17:45,14:17:54,9,14:17:54,14:19:39,105,AGENT,14:19:38,14:20:59,81,PINHAS
AA0209,47814,8216657,1,PS,990930,14:26:42,14:26:48,6,14:26:48,14:28:37,109,HANG,0:00:00,0:00:00,0,NO_SERVER
AA0209,47815,0,0,NW,990930,14:39:43,14:39:52,9,14:39:52,14:42:27,155,AGENT,14:42:26,14:43:21,55,SHARON
AA0209,47816,38683538,1,PS,990930,15:00:25,15:00:31,6,15:00:31,15:02:11,100,HANG,0:00:00,0:00:00,0,NO_SERVER
AA0209,47817,0,0,NW,990930,15:28:52,15:29:01,9,15:29:01,15:29:50,49,AGENT,15:29:49,15:30:03,14,SHARON
AA0209,47818,0,0,PS,990930,16:05:36,16:05:46,10,0:00:00,0:00:00,0,AGENT,16:05:46,16:09:02,196,VICKY
AA0209,47819,962908463,2,PS,990930,16:26:26,16:26:32,6,16:26:32,16:27:01,29,HANG,0:00:00,0:00:00,0,NO_SERVER
AA0209,47820,0,0,PS,990930,16:45:14,16:45:23,9,0:00:00,0:00:00,0,AGENT,16:45:23,16:49:21,238,VICKY
AA0209,47821,27179662,1,PS,990930,17:03:20,17:03:25,5,17:03:25,17:04:52,87,PHANTOM,17:04:51,17:04:54,3,NO_SERVER
AA0209,47822,0,0,PS,990930,17:39:03,17:39:14,11,0:00:00,0:00:00,0,AGENT,17:39:13,17:52:54,821,VICKY
AA0209,47823,0,0,PS,990930,18:29:02,18:29:12,10,0:00:00,0:00:00,0,AGENT,18:29:12,18:29:18,6,VICKY
AA0209,47824,0,0,PS,990930,18:54:41,18:54:53,12,0:00:00,0:00:00,0,AGENT,18:54:52,18:56:06,74,STEREN
AA0209,47825,0,0,PS,990930,19:49:56,19:50:05,9,0:00:00,0:00:00,0,AGENT,19:50:05,19:52:48,163,AVNI
AA0209,47826,0,0,PS,990930,20:15:50,20:15:59,9,0:00:00,0:00:00,0,AGENT,20:15:58,20:18:09,131,STEREN
AA0209,47827,0,0,PS,990930,20:57:03,20:57:12,9,0:00:00,0:00:00,0,AGENT,20:57:11,21:14:01,1010,STEREN
AA0209,47828,0,0,NE,990930,21:31:48,21:31:58,10,0:00:00,0:00:00,0,AGENT,21:31:57,21:34:08,131,AVNI
AA0209,47829,52049087,2,PS,990930,22:30:56,22:31:02,6,22:31:02,22:31:08,6,AGENT,22:31:07,22:32:46,99,YITZ
AA0209,47830,0,0,PS,990930,23:46:57,23:47:11,14,0:00:00,0:00:00,0,AGENT,23:47:10,23:48:46,96,AVNI
AA0210,44523,0,0,PS,990901,1:51:26,1:51:39,13,0:00:00,0:00:00,0,HANG,0:00:00,0:00:00,0,NO_SERVER
AA0210,44524,0,0,NW,990901,7:12:10,7:12:34,24,0:00:00,0:00:00,0,HANG,0:00:00,0:00:00,0,NO_SERVER
AA0210,44525,0,0,PS,990901,7:43:57,7:44:07,10,0:00:00,0:00:00,0,AGENT,7:44:06,7:45:04,58,DORIT
AA0210,44526,32283681,1,PS,990901,8:05:52,8:05:58,6,8:05:58,8:06:14,16,AGENT,8:06:13,8:10:43,270,SHARON
AA0210,44527,0,0,NW,990901,8:20:53,8:21:06,13,0:00:00,0:00:00,0,AGENT,8:21:05,8:22:38,93,BASCH
AA0210,44528,0,0,NW,990901,8:34:46,8:35:01,15,0:00:00,0:00:00,0,AGENT,8:35:00,8:35:16,16,SHARON
AA0210,44529,0,0,PS,990901,8:48:45,8:48:58,13,0:00:00,0:00:00,0,AGENT,8:48:57,8:49:09,12,NO_SERVER
AA0210,44530,0,0,PS,990901,9:03:24,9:03:33,9,0:00:00,0:00:00,0,AGENT,9:03:32,9:09:09,337,NAAMA
AA0210,44531,0,0,PS,990901,9:12:18,9:12:27,9,0:00:00,0:00:00,0,AGENT,9:12:27,9:13:20,53,ROTH
AA0210,44532,0,0,PS,990901,9:24:29,9:24:39,10,0:00:00,0:00:00,0,AGENT,9:24:39,9:28:00,201,ROTH
AA0210,44533,0,0,PS,990901,9:35:53,9:36:01,8,0:00:00,0:00:00,0,AGENT,9:36:00,9:37:00,60,NAAMA
AA0210,44534,1601491,2,PS,990901,9:44:10,9:44:15,5,9:44:15,9:45:02,47,AGENT,9:45:01,9:51:37,396,BASCH
AA0210,44535,0,0,NW,990901,9:55:19,9:55:31,12,0:00:00,0:00:00,0,AGENT,9:55:30,9:57:17,107,ROTH
AA0210,44536,0,0,PS,990901,10:06:26,10:06:36,10,0:00:00,0:00:00,0,AGENT,10:06:35,10:07:16,41,SHARON
AA0210,44537,0,0,NW,990901,10:15:08,10:15:18,10,10:15:18,10:17:01,103,AGENT,10:17:00,10:18:27,87,SHARON
AA0210,44538,12383824,2,PS,990901,10:26:47,10:26:53,6,10:26:53,10:27:13,20,AGENT,10:27:12,10:28:05,53,BASCH
AA0210,44539,0,0,NE,990901,10:37:13,10:37:23,10,0:00:00,0:00:00,0,AGENT,10:37:23,10:43:42,379,ZOHARI
AA0210,44540,0,0,PS,990901,10:49:14,10:49:27,13,0:00:00,0:00:00,0,AGENT,10:49:26,10:50:06,40,BASCH
AA0210,44541,64852437,2,PS,990901,11:01:35,11:01:41,6,11:01:41,11:02:05,24,AGENT,11:02:05,11:03:28,83,BASCH
AA0210,44542,53186953,2,PS,990901,11:13:35,11:13:41,6,11:13:41,11:14:05,24,AGENT,11:14:04,11:31:10,1026,DORIT
AA0210,44543,0,0,PS,990901,11:26:45,11:26:55,10,0:00:00,0:00:00,0,AGENT,11:26:54,11:30:14,200,YITZ
AA0210,44544,0,0,PS,990901,11:41:16,11:41:25,9,0:00:00,0:00:00,0,AGENT,11:41:24,11:42:07,43,SHARON
AA0210,44545,0,0,NW,990901,11:54:12,11:54:26,14,0:00:00,0:00:00,0,AGENT,11:54:25,11:56:57,152,BASCH
AA0210,44546,0,0,PS,990901,12:05:22,12:05:31,9,0:00:00,0:00:00,0,AGENT,12:05:30,12:08:20,170,AVNI
AA0210,44547,0,0,PS,990901,12:18:18,12:18:26,8,0:00:00,0:00:00,0,AGENT,12:18:25,12:19:38,73,STEREN
AA0210,44548,0,0,NE,990901,12:31:58,12:32:10,12,0:00:00,0:00:00,0,AGENT,12:32:10,12:38:01,351,NAAMA
AA0210,44549,0,0,PS,990901,12:47:33,12:47:42,9,0:00:00,0:00:00,0,AGENT,12:47:41,12:48:19,38,BASCH
AA0210,44550,0,0,PS,990901,12:56:50,12:57:01,11,0:00:00,0:00:00,0,AGENT,12:57:01,13:02:30,329,DORIT
AA0210,44551,0,0,PS,990901,13:12:45,13:12:57,12,0:00:00,0:00:00,0,AGENT,13:12:56,13:14:16,80,ZOHARI
AA0210,44552,0,0,NW,990901,13:30:00,13:30:16,16,0:00:00,0:00:00,0,AGENT,13:30:15,13:31:43,88,ZOHARI
AA0210,44553,313657785,1,NW,990901,13:42:47,13:42:53,6,13:42:53,13:44:57,124,PHANTOM,13:44:56,13:45:00,4,NO_SERVER
AA0210,44554,0,0,PS,990901,13:57:32,13:57:41,9,0:00:00,0:00:00,0,AGENT,13:57:41,14:01:02,201,AVNI
AA0210,44555,0,0,PS,990901,14:08:22,14:08:31,9,0:00:00,0:00:00,0,AGENT,14:08:30,14:09:25,55,NAAMA
AA0210,44556,48820351,2,NE,990901,14:22:57,14:23:03,6,14:23:03,14:23:23,20,AGENT,14:23:22,14:28:32,310,ANAT
AA0210,44557,0,0,NE,990901,14:33:51,14:34:00,9,0:00:00,0:00:00,0,AGENT,14:33:59,14:35:02,63,STEREN
AA0210,44558,0,0,NE,990901,14:42:40,14:42:58,18,0:00:00,0:00:00,0,AGENT,14:42:57,14:43:53,56,SHARON
AA0210,44559,0,0,NW,990901,14:56:17,14:56:32,15,0:00:00,0:00:00,0,AGENT,14:56:31,14:56:53,22,BENSION
AA0210,44560,58859752,2,PS,990901,15:08:13,15:08:19,6,15:08:19,15:08:54,35,AGENT,15:08:53,15:16:01,428,TOVA
AA0210,44561,71520779,1,PS,990901,15:19:20,15:19:26,6,15:19:26,15:19:31,5,AGENT,15:19:30,15:22:52,202,SHARON
AA0210,44562,0,0,NW,990901,15:29:40,15:29:50,10,15:29:50,15:30:44,54,HANG,0:00:00,0:00:00,0,NO_SERVER
AA0210,44563,0,0,PS,990901,15:40:28,15:40:39,11,0:00:00,0:00:00,0,AGENT,15:40:38,15:43:56,198,TOVA
AA0210,44564,22283477,2,PS,990901,15:50:04,15:50:10,6,15:50:10,15:51:02,52,PHANTOM,15:51:01,15:51:12,11,NO_SERVER
AA0210,44565,0,0,PS,990901,16:06:56,16:07:04,8,0:00:00,0:00:00,0,AGENT,16:07:04,16:08:15,71,TOVA
AA0210,44566,0,0,PS,990901,16:24:21,16:24:32,11,0:00:00,0:00:00,0,AGENT,16:24:31,16:27:09,158,VICKY
AA0210,44567,0,0,NE,990901,16:46:24,16:46:32,8,0:00:00,0:00:00,0,AGENT,16:46:32,16:48:57,145,VICKY
AA0210,44568,0,0,PS,990901,16:55:19,16:55:32,13,0:00:00,0:00:00,0,AGENT,16:55:31,16:58:07,156,TOVA
AA0210,44569,0,0,PS,990901,17:08:47,17:09:01,14,0:00:00,0:00:00,0,AGENT,17:09:00,17:10:32,92,BENSION
AA0210,44570,0,0,PS,990901,17:31:16,17:31:28,12,0:00:00,0:00:00,0,AGENT,17:31:27,17:33:13,106,ANAT
AA0210,44571,0,0,PS,990901,17:45:26,17:45:42,16,0:00:00,0:00:00,0,AGENT,17:45:41,17:46:54,73,BENSION
AA0210,44572,0,0,PS,990901,18:03:08,18:03:18,10,0:00:00,0:00:00,0,AGENT,18:03:18,18:04:37,79,ANAT
AA0210,44573,0,0,PS,990901,18:21:32,18:22:04,32,0:00:00,0:00:00,0,AGENT,18:22:03,18:23:20,77,AVI
AA0210,44574,0,0,PS,990901,18:40:02,18:40:12,10,0:00:00,0:00:00,0,AGENT,18:40:11,18:47:10,419,VICKY
AA0210,44575,0,0,PS,990901,19:00:45,19:00:59,14,0:00:00,0:00:00,0,AGENT,19:00:58,19:02:11,73,BENSION
AA0210,44576,0,0,PS,990901,19:28:49,19:29:01,12,0:00:00,0:00:00,0,AGENT,19:29:00,19:29:49,49,BENSION
AA0210,44577,0,0,PS,990901,19:48:16,19:48:28,12,0:00:00,0:00:00,0,AGENT,19:48:27,19:49:05,38,MEIR
AA0210,44578,0,0,PS,990901,20:13:11,20:13:22,11,0:00:00,0:00:00,0,AGENT,20:13:20,20:14:38,78,BENSION
AA0210,44579,0,0,NE,990901,20:29:30,20:29:43,13,0:00:00,0:00:00,0,AGENT,20:29:43,20:30:23,40,AVI
AA0210,44580,0,0,PS,990901,20:44:34,20:44:48,14,0:00:00,0:00:00,0,AGENT,20:44:47,20:45:24,37,AVI
AA0210,44581,0,0,PS,990901,20:57:49,20:58:00,11,0:00:00,0:00:00,0,AGENT,20:57:58,21:01:57,239,VICKY
AA0210,44582,0,0,PS,990901,21:12:29,21:12:42,13,0:00:00,0:00:00,0,AGENT,21:12:42,21:14:13,91,AVI
AA0210,44583,0,0,PS,990901,21:38:01,21:38:11,10,0:00:00,0:00:00,0,AGENT,21:38:10,21:38:59,49,VICKY
AA0210,44584,15696776,2,PS,990901,21:54:43,21:54:48,5,21:54:48,21:55:55,67,AGENT,21:55:54,21:56:26,32,BENSION
AA0210,44585,37507621,2,PS,990901,22:11:17,22:11:23,6,22:11:23,22:13:56,153,AGENT,22:13:55,22:17:07,192,VICKY
AA0210,44586,0,0,PS,990901,22:32:55,22:33:05,10,0:00:00,0:00:00,0,AGENT,22:33:05,22:35:56,171,VICKY
AA0210,44587,44461135,2,PS,990901,22:51:10,22:51:15,5,22:51:15,22:53:14,119,AGENT,22:53:14,22:54:29,75,DARMON
AA0210,44588,32340168,1,PS,990901,23:19:01,23:19:06,5,23:19:06,23:19:19,13,AGENT,23:19:19,23:20:56,97,VICKY
AA0210,44589,0,0,NE,990901,23:39:29,23:39:38,9,0:00:00,0:00:00,0,AGENT,23:39:37,23:49:41,604,AVI
AA0210,44590,0,0,PS,990902,6:39:26,6:39:51,25,0:00:00,0:00:00,0,HANG,0:00:00,0:00:00,0,NO_SERVER
AA0210,44591,0,0,PS,990902,7:16:26,7:16:35,9,0:00:00,0:00:00,0,AGENT,7:16:34,7:18:18,104,YIFAT
AA0210,44592,0,0,PS,990902,7:48:36,7:48:53,17,0:00:00,0:00:00,0,AGENT,7:48:52,7:50:42,110,ANAT
AA0210,44593,0,0,NW,990902,8:17:08,8:17:24,16,0:00:00,0:00:00,0,AGENT,8:17:23,8:17:43,20,ZOHARI
AA0210,44594,0,0,NE,990902,8:28:48,8:29:04,16,0:00:00,0:00:00,0,AGENT,8:29:03,8:34:22,319,ELI
AA0210,44595,52150810,2,PS,990902,8:40:23,8:40:29,6,8:40:29,8:42:25,116,HANG,0:00:00,0:00:00,0,NO_SERVER
AA0210,44596,0,0,NW,990902,8:48:36,8:48:45,9,8:48:45,8:51:36,171,HANG,0:00:00,0:00:00,0,NO_SERVER
AA0210,44597,32389629,2,PS,990902,8:58:52,8:58:58,6,8:58:58,8:59:05,7,HANG,0:00:00,0:00:00,0,NO_SERVER
AA0210,44598,3074432,2,PS,990902,9:08:14,9:08:20,6,9:08:20,9:09:06,46,AGENT,9:09:05,9:17:06,481,STEREN
AA0210,44599,0,0,PS,990902,9:20:21,9:20:30,9,0:00:00,0:00:00,0,AGENT,9:20:30,9:23:06,156,ROTH
AA0210,44600,33493701,2,PS,990902,9:33:01,9:33:06,5,9:33:06,9:34:20,74,AGENT,9:34:19,9:35:53,94,MORIAH
AA0210,44601,50606276,1,PS,990902,9:43:20,9:43:25,5,9:43:25,9:47:02,217,AGENT,9:47:00,9:55:45,525,ROTH
AA0210,44602,56091879,1,PS,990902,9:56:03,9:56:09,6,9:56:09,9:56:50,41,AGENT,9:56:49,9:57:39,50,ROTH
AA0210,44603,14995666,2,PS,990902,10:04:09,10:04:15,6,10:04:15,10:05:32,77,AGENT,10:05:32,10:09:59,267,MORIAH
AA0210,44604,35796002,1,PS,990902,10:12:49,10:12:55,6,10:12:55,10:17:16,261,AGENT,10:17:15,10:18:00,45,ANAT
AA0210,44605,32141301,1,PS,990902,10:22:02,10:22:08,6,10:22:08,10:22:53,45,HANG,0:00:00,0:00:00,0,NO_SERVER
AA0210,44606,0,0,NW,990902,10:27:05,10:27:14,9,10:27:14,10:28:28,74,HANG,0:00:00,0:00:00,0,NO_SERVER
AA0210,44607,0,0,NW,990902,10:33:26,10:33:35,9,10:33:35,10:39:04,329,AGENT,10:39:03,10:42:02,179,STEREN
AA0210,44608,28431336,2,PS,990902,10:41:58,10:42:04,6,10:42:04,10:46:22,258,AGENT,10:46:21,10:49:32,191,DARMON
AA0210,44609,25434457,2,PS,990902,10:50:59,10:51:05,6,10:51:05,10:51:30,25,AGENT,10:51:29,10:57:59,390,STEREN
AA0210,44610,25684036,1,PS,990902,10:59:17,10:59:23,6,10:59:23,10:59:33,10,HANG,0:00:00,0:00:00,0,NO_SERVER
AA0210,44611,43288190,2,PS,990902,11:06:10,11:06:15,5,11:06:15,11:07:57,102,AGENT,11:07:56,11:11:38,222,ANAT
AA0210,44613,0,0,PS,990902,11:13:52,11:13:52,0,0:00:00,0:00:00,0,HANG,0:00:00,0:00:00,0,NO_SERVER
AA0210,44614,68192285,1,PS,990902,11:19:36,11:19:42,6,11:19:42,11:24:06,264,AGENT,11:24:05,11:26:31,146,MORIAH
AA0210,44615,25219700,2,PS,990902,11:27:34,11:27:40,6,11:27:40,11:29:46,126,AGENT,11:29:45,11:31:03,78,ZOHARI
AA0210,44616,52131323,2,PS,990902,11:35:44,11:35:49,5,11:35:49,11:36:59,70,AGENT,11:36:58,11:38:51,113,TOVA
AA0210,44617,14534705,1,PS,990902,11:44:21,11:44:26,5,11:44:26,11:44:49,23,AGENT,11:44:48,11:45:42,54,STEREN
AA0210,44618,14995666,2,NE,990902,11:50:32,11:50:38,6,11:50:38,11:51:31,53,AGENT,11:51:30,11:55:57,267,ANAT
AA0210,44619,4312914,2,PS,990902,12:00:21,12:00:27,6,12:00:27,12:01:28,61,AGENT,12:01:28,12:02:29,61,ANAT
AA0210,44620,0,0,NW,990902,12:10:16,12:10:26,10,12:10:26,12:11:29,63,HANG,0:00:00,0:00:00,0,NO_SERVER
AA0210,44621,535419,2,PS,990902,12:20:51,12:20:57,6,12:20:57,12:21:06,9,AGENT,12:21:05,12:21:51,46,ANAT
AA0210,44622,0,0,PS,990902,12:31:21,12:31:29,8,0:00:00,0:00:00,0,AGENT,12:31:29,12:36:05,276,TOVA
AA0210,44623,0,0,PS,990902,12:42:43,12:42:52,9,0:00:00,0:00:00,0,AGENT,12:42:51,12:42:56,5,STEREN
AA0210,44624,563189,2,NE,990902,12:47:13,12:47:19,6,12:47:19,12:47:50,31,AGENT,12:47:49,12:51:53,244,ZOHARI
AA0210,44625,0,0,NW,990902,12:59:52,13:00:01,9,13:00:01,13:01:27,86,AGENT,13:01:25,13:02:24,59,ROTH
AA0210,44626,12154001,2,PS,990902,13:09:57,13:10:02,5,13:10:02,13:11:03,61,AGENT,13:11:01,13:11:41,40,ANAT
AA0210,44627,0,0,PS,990902,13:20:03,13:20:12,9,0:00:00,0:00:00,0,AGENT,13:20:12,13:20:19,7,MORIAH
AA0210,44628,0,0,NW,990902,13:27:48,13:28:01,13,0:00:00,0:00:00,0,AGENT,13:28:00,13:28:01,1,MORIAH
AA0210,44629,0,0,PS,990902,13:41:37,13:41:47,10,0:00:00,0:00:00,0,AGENT,13:41:46,13:50:12,506,YIFAT
AA0210,44630,29474020,2,PS,990902,13:56:06,13:56:12,6,13:56:12,13:56:45,33,AGENT,13:56:44,13:58:08,84,ZOHARI
AA0210,44631,65470825,2,PS,990902,14:04:37,14:04:43,6,14:04:43,14:06:08,85,AGENT,14:06:08,14:08:32,144,ZOHARI
AA0210,44632,69701654,1,PS,990902,14:15:08,14:15:13,5,14:15:13,14:15:59,46,AGENT,14:15:59,14:24:23,504,STEREN
AA0210,44633,33474602,2,PS,990902,14:25:16,14:25:21,5,14:25:21,14:30:10,289,AGENT,14:30:09,14:31:51,102,KAZAV
AA0210,44634,0,0,NW,990902,14:37:39,14:37:45,6,0:00:00,0:00:00,0,HANG,0:00:00,0:00:00,0,NO_SERVER
AA0210,44635,0,0,PS,990902,14:45:29,14:45:38,9,0:00:00,0:00:00,0,AGENT,14:45:37,14:47:37,120,KAZAV
AA0210,44636,58704610,2,PS,990902,14:55:44,14:55:49,5,14:55:49,14:58:30,161,AGENT,14:58:28,15:00:10,102,STEREN
AA0210,44637,0,0,NW,990902,15:05:16,15:05:26,10,15:05:26,15:06:14,48,HANG,0:00:00,0:00:00,0,NO_SERVER
AA0210,44638,28086924,1,PS,990902,15:16:19,15:16:24,5,15:16:24,15:19:48,204,AGENT,15:19:47,15:23:01,194,ROTH
AA0210,44639,57831356,2,NE,990902,15:29:58,15:30:04,6,15:30:04,15:34:14,250,AGENT,15:34:14,15:36:34,140,KAZAV
AA0210,44640,59197178,2,PS,990902,15:41:02,15:41:08,6,15:41:08,15:45:19,251,AGENT,15:45:18,15:46:12,54,BASCH
AA0210,44641,28626448,1,PS,990902,15:50:12,15:50:18,6,15:50:18,15:53:26,188,AGENT,15:53:25,15:54:09,44,KAZAV
AA0210,44642,8968455,2,PS,990902,16:02:37,16:02:43,6,16:02:43,16:03:33,50,AGENT,16:03:31,16:05:12,101,VICKY
AA0210,44643,15745508,2,PS,990902,16:10:02,16:10:07,5,16:10:07,16:12:43,156,AGENT,16:12:42,16:13:21,39,AVI
AA0210,44644,0,0,NW,990902,16:20:13,16:20:23,10,16:20:23,16:21:30,67,HANG,0:00:00,0:00:00,0,NO_SERVER
AA0210,44645,0,0,NW,990902,16:27:08,16:27:17,9,16:27:17,16:27:40,23,HANG,0:00:00,0:00:00,0,NO_SERVER
AA0210,44646,37598539,1,PS,990902,16:33:03,16:33:09,6,16:33:09,16:34:22,73,HANG,0:00:00,0:00:00,0,NO_SERVER
AA0210,44647,65607277,2,PS,990902,16:43:36,16:43:41,5,16:43:41,16:44:30,49,AGENT,16:44:29,16:47:21,172,BASCH
AA0210,44648,51458594,2,PS,990902,16:54:17,16:54:22,5,16:54:22,16:54:35,13,AGENT,16:54:35,16:56:43,128,YITZ
AA0210,44649,56768120,1,PS,990902,17:05:26,17:05:32,6,17:05:32,17:08:05,153,AGENT,17:08:04,17:09:17,73,YITZ
AA0210,44650,0,0,NW,990902,17:16:46,17:16:56,10,17:16:56,17:19:10,134,HANG,0:00:00,0:00:00,0,NO_SERVER
AA0210,44651,0,0,NW,990902,17:25:08,17:25:17,9,17:25:17,17:27:29,132,HANG,0:00:00,0:00:00,0,NO_SERVER
AA0210,44652,1426659,2,NE,990902,17:37:39,17:37:44,5,17:37:44,17:39:07,83,AGENT,17:39:06,17:39:53,47,VICKY
AA0210,44653,0,0,NW,990902,17:48:12,17:48:25,13,0:00:00,0:00:00,0,AGENT,17:48:24,17:49:04,40,AVI
AA0210,44654,0,0,PS,990902,18:00:29,18:00:38,9,0:00:00,0:00:00,0,AGENT,18:00:37,18:02:38,121,AVI
AA0210,44655,0,0,NW,990902,18:07:16,18:07:25,9,18:07:25,18:08:20,55,HANG,0:00:00,0:00:00,0,NO_SERVER
AA0210,44656,33474602,2,PS,990902,18:22:27,18:22:32,5,18:22:32,18:23:50,78,AGENT,18:23:49,18:25:43,114,AVI
AA0210,44657,0,0,PS,990902,18:32:28,18:32:36,8,0:00:00,0:00:00,0,AGENT,18:32:36,18:33:38,62,VICKY
AA0210,44658,51002343,2,PS,990902,18:45:06,18:45:11,5,18:45:11,18:45:15,4,AGENT,18:45:15,18:50:05,290,MEIR
AA0210,44659,24288581,1,PS,990902,18:54:00,18:54:05,5,18:54:05,18:55:28,83,AGENT,18:55:27,18:55:39,12,YITZ
AA0210,44660,63193346,2,PS,990902,19:00:29,19:00:35,6,19:00:35,19:06:00,325,AGENT,19:05:59,19:07:30,91,MEIR
AA0210,44661,0,0,PS,990902,19:23:23,19:23:36,13,0:00:00,0:00:00,0,AGENT,19:23:34,19:25:34,120,AVI
AA0210,44662,0,0,PS,990902,19:35:20,19:35:30,10,0:00:00,0:00:00,0,AGENT,19:35:29,19:37:27,118,YITZ
AA0210,44663,0,0,PS,990902,19:49:24,19:49:33,9,0:00:00,0:00:00,0,AGENT,19:49:33,19:50:35,62,VICKY
AA0210,44664,60280260,2,NE,990902,20:02:09,20:02:15,6,20:02:15,20:02:32,17,AGENT,20:02:31,20:08:02,331,BASCH
AA0210,44665,0,0,PS,990902,20:25:29,20:25:37,8,0:00:00,0:00:00,0,AGENT,20:25:37,20:29:09,212,MEIR
AA0210,44666,27924307,1,PS,990902,20:42:45,20:42:51,6,20:42:51,20:43:37,46,AGENT,20:43:36,20:45:31,115,AVI
AA0210,44667,15239874,2,PS,990902,20:55:09,20:55:14,5,20:55:14,20:57:38,144,AGENT,20:57:37,20:58:24,47,VICKY
AA0210,44668,0,0,PS,990902,21:24:25,21:24:38,13,0:00:00,0:00:00,0,AGENT,21:24:37,21:26:50,133,MEIR
AA0210,44669,0,0,NW,990902,21:50:55,21:50:56,1,0:00:00,0:00:00,0,HANG,0:00:00,0:00:00,0,NO_SERVER
AA0210,44670,0,0,PS,990902,22:37:21,22:37:30,9,0:00:00,0:00:00,0,AGENT,22:37:29,22:39:27,118,AVI
AA0210,44671,0,0,PS,990902,23:01:05,23:01:16,11,0:00:00,0:00:00,0,AGENT,23:01:15,23:03:05,110,BASCH
AA0210,44673,0,0,PS,990902,23:25:07,23:25:07,0,0:00:00,0:00:00,0,HANG,0:00:00,0:00:00,0,NO_SERVER
AA0210,44674,0,0,PS,990902,23:54:32,23:54:42,10,0:00:00,0:00:00,0,AGENT,23:54:41,23:55:02,21,BASCH
AA0210,44675,0,0,NW,990903,5:46:02,5:46:39,37,0:00:00,0:00:00,0,HANG,0:00:00,0:00:00,0,NO_SERVER
AA0210,44676,0,0,PS,990903,7:04:12,7:04:37,25,0:00:00,0:00:00,0,HANG,0:00:00,0:00:00,0,NO_SERVER
AA0210,44677,0,0,PS,990903,7:04:44,7:04:50,6,7:04:50,7:05:15,25,HANG,0:00:00,0:00:00,0,NO_SERVER
AA0210,44678,0,0,PS,990903,7:17:31,7:17:47,16,0:00:00,0:00:00,0,AGENT,7:17:45,7:17:53,8,NO_SERVER
AA0210,44679,0,0,PS,990903,7:18:09,7:18:22,13,0:00:00,0:00:00,0,AGENT,7:18:21,7:18:28,7,NO_SERVER
AA0210,44680,0,0,PS,990903,7:37:14,7:37:28,14,0:00:00,0:00:00,0,AGENT,7:37:27,7:37:33,6,NO_SERVER
AA0210,44681,0,0,NW,990903,7:50:48,7:51:03,15,0:00:00,0:00:00,0,AGENT,7:51:02,7:51:47,45,BENSION
AA0210,44682,0,0,NW,990903,8:03:32,8:03:45,13,0:00:00,0:00:00,0,AGENT,8:03:44,8:10:08,384,ZOHARI
AA0210,44683,0,0,NW,990903,8:15:09,8:15:19,10,8:15:19,8:17:53,154,AGENT,8:17:14,8:23:16,362,STEREN
AA0210,44684,0,0,PS,990903,8:32:44,8:32:58,14,0:00:00,0:00:00,0,AGENT,8:32:57,8:38:58,361,ELI
AA0210,44685,0,0,NW,990903,8:43:47,8:43:56,9,8:43:56,8:44:01,5,HANG,0:00:00,0:00:00,0,NO_SERVER
AA0210,44686,12734174,2,PS,990903,8:51:51,8:51:56,5,8:51:56,8:52:57,61,AGENT,8:52:56,8:56:00,184,BENSION
AA0210,44687,0,0,NW,990903,9:00:34,9:00:44,10,9:00:44,9:01:23,39,AGENT,9:01:22,9:02:33,71,ZOHARI
AA0210,44688,0,0,PS,990903,9:16:01,9:16:10,9,0:00:00,0:00:00,0,AGENT,9:16:10,9:17:07,57,BASCH
AA0210,44689,0,0,NW,990903,9:25:01,9:25:10,9,9:25:10,9:25:16,6,HANG,0:00:00,0:00:00,0,NO_SERVER
AA0210,44690,59617316,2,PS,990903,9:33:24,9:33:29,5,9:33:29,9:34:10,41,AGENT,9:34:08,9:35:59,111,BASCH
AA0210,44691,0,0,PS,990903,9:50:10,9:50:22,12,0:00:00,0:00:00,0,AGENT,9:50:22,9:53:44,202,BENSION
AA0210,44692,22181796,2,PS,990903,10:00:08,10:00:14,6,10:00:14,10:00:38,24,AGENT,10:00:37,10:02:45,128,BASCH
AA0210,44693,0,0,PS,990903,10:12:18,10:12:27,9,0:00:00,0:00:00,0,AGENT,10:12:26,10:13:23,57,ROTH
AA0210,44694,7671241,1,PS,990903,10:25:53,10:25:58,5,10:25:58,10:28:16,138,AGENT,10:28:15,10:42:03,828,BASCH
AA0210,44695,22814164,2,PS,990903,10:34:38,10:34:44,6,10:34:44,10:35:05,21,AGENT,10:35:05,10:39:02,237,MORIAH
AA0210,44696,59264788,1,PS,990903,10:42:52,10:42:57,5,10:42:57,10:43:20,23,HANG,10:43:21,10:43:26,5,NO_SERVER
AA0210,44697,0,0,NW,990903,10:53:30,10:53:39,9,10:53:39,10:56:50,191,AGENT,10:56:48,10:58:12,84,ROTH
AA0210,44698,24653081,2,PS,990903,11:13:13,11:13:19,6,11:13:19,11:13:45,26,AGENT,11:13:45,11:18:43,298,ROTH
AA0210,44699,25638008,1,PS,990903,11:26:13,11:26:18,5,11:26:18,11:26:53,35,AGENT,11:26:52,11:27:54,62,BENSION
AA0210,44700,0,0,PS,990903,11:38:43,11:38:58,15,0:00:00,0:00:00,0,AGENT,11:38:58,11:41:26,148,BASCH
AA0210,44701,0,0,PS,990903,12:01:19,12:01:29,10,0:00:00,0:00:00,0,AGENT,12:01:28,12:05:32,244,STEREN
AA0210,44702,0,0,NW,990903,12:13:09,12:13:19,10,12:13:19,12:13:27,8,AGENT,12:13:26,12:14:12,46,BENSION
AA0210,44703,38591798,1,PS,990903,12:27:44,12:27:50,6,12:27:50,12:28:22,32,AGENT,12:28:21,12:29:21,60,BASCH
AA0210,44704,0,0,PS,990903,12:44:49,12:44:58,9,0:00:00,0:00:00,0,AGENT,12:44:57,12:46:54,117,BASCH
AA0210,44705,29685674,1,PS,990903,12:58:14,12:58:20,6,12:58:20,12:59:00,40,AGENT,12:59:00,13:16:26,1046,ELI
AA0210,44706,0,0,NW,990903,13:23:40,13:23:50,10,13:23:50,13:23:51,1,HANG,0:00:00,0:00:00,0,NO_SERVER
AA0210,44707,0,0,PS,990903,13:54:26,13:54:36,10,0:00:00,0:00:00,0,AGENT,13:54:36,13:57:12,156,ELI
AA0210,44708,0,0,PS,990903,14:29:21,14:29:38,17,0:00:00,0:00:00,0,HANG,0:00:00,0:00:00,0,NO_SERVER
AA0210,44709,0,0,PS,990903,15:00:16,15:00:26,10,0:00:00,0:00:00,0,HANG,0:00:00,0:00:00,0,NO_SERVER
AA0210,44710,0,0,PS,990903,16:10:20,16:10:44,24,0:00:00,0:00:00,0,HANG,0:00:00,0:00:00,0,NO_SERVER
AA0210,44711,0,0,PS,990903,17:46:43,17:47:08,25,0:00:00,0:00:00,0,HANG,0:00:00,0:00:00,0,NO_SERVER
AA0210,44712,0,0,NW,990904,14:08:40,14:09:04,24,0:00:00,0:00:00,0,HANG,0:00:00,0:00:00,0,NO_SERVER
AA0210,44713,0,0,PS,990904,19:43:10,19:43:27,17,0:00:00,0:00:00,0,HANG,0:00:00,0:00:00,0,NO_SERVER
AA0210,44714,22715197,2,PS,990904,20:08:44,20:08:50,6,20:08:50,20:10:15,85,AGENT,20:10:14,20:12:31,137,ZOHARI
AA0210,44715,67404525,2,PS,990904,20:23:19,20:23:25,6,20:23:25,20:24:24,59,AGENT,20:24:24,20:27:24,180,SHARON
AA0210,44716,24291445,2,PS,990904,20:37:19,20:37:25,6,20:37:25,20:37:59,34,AGENT,20:37:58,20:39:16,78,SHARON
AA0210,44717,0,0,PS,990904,20:52:39,20:52:48,9,0:00:00,0:00:00,0,AGENT,20:52:47,20:56:54,247,BASCH
AA0210,44718,0,0,PS,990904,21:17:41,21:17:51,10,0:00:00,0:00:00,0,AGENT,21:17:50,21:19:36,106,MORIAH
AA0210,44719,0,0,PS,990904,21:47:22,21:47:35,13,0:00:00,0:00:00,0,AGENT,21:47:34,21:48:46,72,MORIAH
AA0210,44720,0,0,PS,990904,22:20:35,22:20:44,9,0:00:00,0:00:00,0,AGENT,22:20:43,22:21:09,26,BASCH
AA0210,44721,0,0,PS,990904,22:46:01,22:46:32,31,0:00:00,0:00:00,0,AGENT,22:46:32,22:48:42,130,ZOHARI
AA0210,44722,0,0,NW,990904,23:26:16,23:26:32,16,0:00:00,0:00:00,0,AGENT,23:26:31,23:26:42,11,MORIAH
AA0210,44723,0,0,NW,990905,1:26:37,1:26:45,8,0:00:00,0:00:00,0,HANG,0:00:00,0:00:00,0,NO_SERVER
AA0210,44724,0,0,NW,990905,7:01:20,7:01:35,15,0:00:00,0:00:00,0,AGENT,7:01:35,7:03:22,107,AVI
AA0210,44725,28081438,2,PS,990905,7:20:31,7:20:36,5,7:20:36,7:26:23,347,AGENT,7:26:22,7:32:39,377,DARMON
AA0210,44726,0,0,NE,990905,7:43:23,7:43:31,8,0:00:00,0:00:00,0,AGENT,7:43:31,7:43:34,3,NO_SERVER
AA0210,44727,0,0,PS,990905,8:07:43,8:07:58,15,0:00:00,0:00:00,0,AGENT,8:07:57,8:09:59,122,NAAMA
AA0210,44728,0,0,NW,990905,8:20:26,8:20:39,13,0:00:00,0:00:00,0,AGENT,8:20:38,8:23:48,190,AVI
AA0210,44729,0,0,NW,990905,8:34:20,8:34:34,14,0:00:00,0:00:00,0,AGENT,8:34:33,8:35:19,46,STEREN
AA0210,44730,0,0,NW,990905,8:47:38,8:47:47,9,8:47:47,8:48:28,41,HANG,0:00:00,0:00:00,0,NO_SERVER
AA0210,44731,0,0,NW,990905,8:56:47,8:56:56,9,8:56:56,8:58:21,85,AGENT,8:58:20,8:59:42,82,AVI
AA0210,44732,30442495,2,PS,990905,9:12:41,9:12:47,6,9:12:47,9:12:56,9,AGENT,9:12:56,9:16:57,241,DORIT
AA0210,44733,15239874,2,PS,990905,9:19:05,9:19:11,6,9:19:11,9:19:51,40,AGENT,9:19:50,9:24:59,309,NAAMA
AA0210,44734,16447203,2,PS,990905,9:28:49,9:28:55,6,9:28:55,9:28:58,3,AGENT,9:28:58,9:29:17,19,NAAMA
AA0210,44735,54045646,2,PS,990905,9:36:58,9:37:03,5,9:37:03,9:37:57,54,AGENT,9:37:57,9:39:59,122,DORIT
AA0210,44736,0,0,NW,990905,9:47:22,9:47:31,9,9:47:31,9:47:56,25,AGENT,9:47:55,9:48:54,59,DORIT
AA0210,44737,22681993,2,NE,990905,9:53:58,9:54:04,6,9:54:04,9:55:06,62,AGENT,9:55:04,9:57:59,175,ELI
AA0210,44738,54665682,2,PS,990905,10:02:07,10:02:13,6,10:02:13,10:03:04,51,AGENT,10:03:03,10:04:45,102,STEREN
AA0210,44739,58114869,2,PS,990905,10:09:08,10:09:14,6,10:09:14,10:13:21,247,AGENT,10:13:20,10:14:12,52,AVI
AA0210,44740,22479612,2,PS,990905,10:19:23,10:19:28,5,10:19:28,10:20:18,50,AGENT,10:20:17,10:22:41,144,AVI
AA0210,44741,59048777,1,PS,990905,10:26:34,10:26:39,5,10:26:39,10:27:44,65,HANG,0:00:00,0:00:00,0,NO_SERVER
AA0210,44742,57948051,2,PS,990905,10:33:44,10:33:49,5,10:33:49,10:35:31,102,AGENT,10:35:29,10:36:16,47,DORIT
AA0210,44743,25719790,2,PS,990905,10:39:55,10:40:01,6,10:40:01,10:40:44,43,HANG,0:00:00,0:00:00,0,NO_SERVER
AA0210,44744,961433,2,PS,990905,10:44:31,10:44:36,5,10:44:36,10:45:42,66,HANG,0:00:00,0:00:00,0,NO_SERVER
AA0210,44745,41630443,2,PS,990905,10:50:36,10:50:42,6,10:50:42,10:50:54,12,AGENT,10:50:52,10:53:47,175,AVI
AA0210,44746,29685161,1,PS,990905,10:55:44,10:55:50,6,10:55:50,10:57:37,107,AGENT,10:57:36,11:01:39,243,ANAT
AA0210,44747,9730748,1,PS,990905,11:03:30,11:03:35,5,11:03:35,11:05:06,91,HANG,0:00:00,0:00:00,0,NO_SERVER
AA0210,44748,22263115,2,PS,990905,11:09:58,11:10:03,5,11:10:03,11:10:13,10,HANG,0:00:00,0:00:00,0,NO_SERVER
AA0210,44750,0,0,PS,990905,11:16:00,11:16:00,0,0:00:00,0:00:00,0,HANG,0:00:00,0:00:00,0,NO_SERVER
AA0210,44751,0,0,NW,990905,11:23:59,11:24:08,9,11:24:08,11:26:39,151,HANG,0:00:00,0:00:00,0,NO_SERVER
AA0210,44752,32357816,2,PS,990905,11:33:40,11:33:46,6,11:33:46,11:36:07,141,HANG,0:00:00,0:00:00,0,NO_SERVER
AA0210,44753,0,0,PS,990905,11:44:05,11:51:17,432,0:00:00,0:00:00,0,HANG,0:00:00,0:00:00,0,NO_SERVER
AA0210,44754,5897137,2,PS,990905,12:02:23,12:02:28,5,12:02:28,12:03:19,51,AGENT,12:03:19,12:09:40,381,ANAT
AA0210,44755,0,0,PS,990905,12:10:35,12:10:44,9,0:00:00,0:00:00,0,AGENT,12:10:44,12:12:02,78,ANAT
AA0210,44756,0,0,PS,990905,12:23:10,12:23:21,11,0:00:00,0:00:00,0,AGENT,12:23:21,12:25:17,116,ZOHARI
AA0210,44757,0,0,NW,990905,12:33:47,12:33:56,9,12:33:56,12:34:09,13,HANG,0:00:00,0:00:00,0,NO_SERVER
AA0210,44758,0,0,PS,990905,12:44:43,12:44:55,12,0:00:00,0:00:00,0,AGENT,12:44:54,12:44:56,2,ANAT
AA0210,44759,50347749,1,NE,990905,12:53:12,12:53:17,5,12:53:17,12:55:10,113,AGENT,12:55:10,13:01:10,360,STEREN
AA0210,44760,37698669,2,PS,990905,13:06:32,13:06:38,6,13:06:38,13:08:35,117,AGENT,13:08:34,13:09:51,77,STEREN
AA0210,44761,55387302,1,PS,990905,13:15:17,13:15:23,6,13:15:23,13:18:17,174,AGENT,13:18:16,13:18:18,2,TOVA
AA0210,44762,0,0,NW,990905,13:27:04,13:27:18,14,0:00:00,0:00:00,0,AGENT,13:27:17,13:28:23,66,YIFAT
AA0210,44763,0,0,PS,990905,13:39:00,13:39:09,9,0:00:00,0:00:00,0,AGENT,13:39:08,13:42:03,175,NAAMA
AA0210,44764,0,0,PS,990905,13:53:23,13:53:32,9,0:00:00,0:00:00,0,AGENT,13:53:31,13:56:09,158,ROTH
AA0210,44765,59165621,2,PS,990905,14:01:12,14:01:18,6,14:01:18,14:02:05,47,HANG,0:00:00,0:00:00,0,NO_SERVER
AA0210,44766,0,0,PS,990905,14:12:17,14:12:27,10,0:00:00,0:00:00,0,AGENT,14:12:27,14:20:16,469,ZOHARI
AA0210,44767,0,0,PS,990905,14:20:14,14:20:25,11,0:00:00,0:00:00,0,AGENT,14:20:24,14:21:28,64,ZOHARI
AA0210,44768,0,0,NW,990905,14:25:31,14:25:40,9,14:25:40,14:26:40,60,HANG,0:00:00,0:00:00,0,NO_SERVER
AA0210,44769,0,0,NW,990905,14:35:32,14:35:41,9,14:35:41,14:37:28,107,AGENT,14:37:27,14:43:17,350,STEREN
AA0210,44770,55476253,2,NE,990905,14:46:54,14:46:59,5,14:46:59,14:50:59,240,AGENT,14:50:59,14:52:55,116,ROTH
AA0210,44771,54128681,2,PS,990905,14:55:48,14:55:54,6,14:55:54,14:59:56,242,AGENT,14:59:55,15:01:57,122,MORIAH
AA0210,44772,0,0,NW,990905,15:05:53,15:06:02,9,15:06:02,15:07:19,77,HANG,0:00:00,0:00:00,0,NO_SERVER
AA0210,44773,27008085,1,PS,990905,15:16:25,15:16:31,6,15:16:31,15:18:59,148,AGENT,15:18:58,15:19:41,43,BASCH
AA0210,44774,60731130,1,PS,990905,15:25:06,15:25:11,5,15:25:11,15:25:30,19,AGENT,15:25:30,15:26:10,40,STEREN
AA0210,44775,41565995,2,PS,990905,15:33:53,15:33:59,6,15:33:59,15:35:12,73,PHANTOM,15:35:11,15:35:21,10,NO_SERVER
AA0210,44776,0,0,NW,990905,15:39:35,15:39:44,9,15:39:44,15:42:36,172,HANG,0:00:00,0:00:00,0,NO_SERVER
AA0210,44777,57379505,2,PS,990905,15:46:29,15:46:34,5,15:46:34,15:49:04,150,AGENT,15:49:03,16:02:21,798,BASCH
AA0210,44778,24207532,2,PS,990905,15:54:06,15:54:12,6,15:54:12,15:54:46,34,HANG,0:00:00,0:00:00,0,NO_SERVER
AA0210,44779,0,0,NW,990905,15:58:05,15:58:15,10,15:58:15,15:58:20,5,HANG,0:00:00,0:00:00,0,NO_SERVER
AA0210,44780,67158097,2,PS,990905,16:02:16,16:02:22,6,16:02:22,16:07:22,300,AGENT,16:07:21,16:07:25,4,MORIAH
AA0210,44781,0,0,NW,990905,16:10:59,16:11:08,9,16:11:08,16:16:55,347,AGENT,16:16:54,16:19:51,177,MORIAH
AA0210,44782,22715197,2,PS,990905,16:22:10,16:22:16,6,16:22:16,16:24:26,130,AGENT,16:24:26,16:27:08,162,VICKY
AA0210,44783,0,0,NW,990905,16:29:28,16:29:37,9,16:29:37,16:34:58,321,AGENT,16:34:58,16:36:35,97,BASCH
AA0210,44784,25370842,1,PS,990905,16:46:00,16:46:06,6,16:46:06,16:46:16,10,AGENT,16:46:14,16:53:52,458,VICKY
AA0210,44785,0,0,NW,990905,16:54:39,16:54:49,10,16:54:49,16:59:47,298,HANG,0:00:00,0:00:00,0,NO_SERVER
AA0210,44786,22384234,1,PS,990905,17:10:54,17:11:00,6,17:11:00,17:11:14,14,AGENT,17:11:13,17:13:05,112,TOVA
AA0210,44787,0,0,NW,990905,17:23:53,17:24:19,26,17:24:19,17:26:15,116,AGENT,17:26:14,17:26:46,32,BASCH
AA0210,44788,0,0,NW,990905,17:36:14,17:36:23,9,17:36:23,17:38:23,120,AGENT,17:38:22,17:40:28,126,PINHAS
AA0210,44789,0,0,PS,990905,17:47:44,17:47:54,10,0:00:00,0:00:00,0,AGENT,17:47:52,17:48:46,54,VICKY
AA0210,44790,32387482,1,PS,990905,18:06:13,18:06:19,6,18:06:19,18:07:01,42,AGENT,18:07:01,18:07:26,25,VICKY
AA0210,44791,0,0,NW,990905,18:34:51,18:35:06,15,0:00:00,0:00:00,0,AGENT,18:35:06,18:42:17,431,VICKY
AA0210,44792,37669413,1,PS,990905,18:51:55,18:52:01,6,18:52:01,18:53:51,110,HANG,0:00:00,0:00:00,0,NO_SERVER
AA0210,44793,0,0,NW,990905,19:15:05,19:15:14,9,19:15:14,19:15:47,33,HANG,19:15:51,19:15:58,7,NO_SERVER
AA0210,44794,313663411,1,PS,990905,19:35:20,19:35:25,5,19:35:25,19:35:29,4,AGENT,19:35:27,19:35:29,2,MORIAH
AA0210,44795,25514449,1,PS,990905,19:55:35,19:55:40,5,19:55:40,19:55:54,14,AGENT,19:55:53,20:01:25,332,TOVA
AA0210,44796,0,0,PS,990905,20:04:09,20:04:18,9,0:00:00,0:00:00,0,AGENT,20:04:17,20:09:43,326,TOVA
AA0210,44797,0,0,NW,990905,20:28:43,20:28:53,10,20:28:53,20:29:25,32,AGENT,20:29:24,20:31:17,113,BASCH
AA0210,44798,0,0,NW,990905,21:01:24,21:01:38,14,0:00:00,0:00:00,0,AGENT,21:01:38,21:02:36,58,VICKY
AA0210,44799,0,0,NW,990905,21:34:01,21:34:16,15,0:00:00,0:00:00,0,AGENT,21:34:15,21:34:29,14,VICKY
AA0210,44800,53496139,2,PS,990905,21:46:34,21:46:39,5,21:46:39,21:46:46,7,AGENT,21:46:45,21:48:40,115,BENSION
AA0210,44801,1084789,2,PS,990905,21:57:19,21:57:25,6,21:57:25,21:57:33,8,AGENT,21:57:32,21:58:15,43,VICKY
AA0210,44802,13000567,2,PS,990905,22:16:40,22:16:46,6,22:16:46,22:18:03,77,AGENT,22:18:03,22:19:28,85,VICKY
AA0210,44803,0,0,PS,990905,22:51:10,22:51:23,13,0:00:00,0:00:00,0,AGENT,22:51:22,22:53:42,140,BENSION
AA0210,44804,15192297,1,PS,990905,23:17:54,23:17:59,5,23:17:59,23:18:08,9,AGENT,23:18:07,23:25:53,466,BENSION
AA0210,44805,0,0,NE,990906,2:47:55,2:48:22,27,0:00:00,0:00:00,0,HANG,0:00:00,0:00:00,0,NO_SERVER
AA0210,44806,0,0,PS,990906,7:05:06,7:05:19,13,0:00:00,0:00:00,0,AGENT,7:05:18,7:06:17,59,TOVA
AA0210,44807,0,0,NE,990906,7:31:25,7:31:34,9,0:00:00,0:00:00,0,AGENT,7:31:33,7:33:35,122,TOVA
AA0210,44808,0,0,PS,990906,7:57:58,7:58:14,16,0:00:00,0:00:00,0,AGENT,7:58:13,7:59:12,59,SHARON
AA0210,44809,0,0,PS,990906,8:11:21,8:11:33,12,0:00:00,0:00:00,0,AGENT,8:11:31,8:12:29,58,SHARON
AA0210,44810,0,0,NW,990906,8:27:53,8:28:09,16,0:00:00,0:00:00,0,AGENT,8:28:08,8:31:03,175,MORIAH
AA0210,44811,0,0,NW,990906,8:41:22,8:41:35,13,0:00:00,0:00:00,0,AGENT,8:41:34,8:43:23,109,SHARON
AA0210,44812,0,0,PS,990906,8:53:09,8:53:18,9,0:00:00,0:00:00,0,AGENT,8:53:17,8:55:43,146,DORIT
AA0210,44813,27008085,1,PS,990906,9:02:15,9:02:21,6,9:02:21,9:02:44,23,AGENT,9:02:43,9:03:37,54,SHARON
AA0210,44814,0,0,NW,990906,9:13:01,9:13:10,9,9:13:10,9:13:38,28,HANG,0:00:00,0:00:00,0,NO_SERVER
AA0210,44815,0,0,NW,990906,9:20:34,9:20:43,9,9:20:43,9:22:00,77,AGENT,9:21:59,9:23:32,93,MORIAH
AA0210,44816,24551178,1,PS,990906,9:27:01,9:27:07,6,9:27:07,9:27:12,5,AGENT,9:27:10,9:28:45,95,YITZ
AA0210,44817,0,0,NW,990906,9:35:14,9:35:23,9,9:35:23,9:37:07,104,AGENT,9:37:07,9:37:42,35,SHARON
AA0210,44818,55279970,2,NE,990906,9:47:05,9:47:10,5,9:47:10,9:48:00,50,HANG,0:00:00,0:00:00,0,NO_SERVER
AA0210,44819,22507081,1,PS,990906,9:53:49,9:53:55,6,9:53:55,9:56:41,166,AGENT,9:56:39,10:01:52,313,SHARON
AA0210,44820,30442495,2,PS,990906,10:04:02,10:04:07,5,10:04:07,10:06:48,161,AGENT,10:06:46,10:12:38,352,DORIT
AA0210,44821,10858884,2,NE,990906,10:10:51,10:10:57,6,10:10:57,10:14:00,183,AGENT,10:13:59,10:19:08,309,ELI
AA0210,44822,0,0,NE,990906,10:19:46,10:19:57,11,0:00:00,0:00:00,0,AGENT,10:19:56,10:20:54,58,ELI
AA0210,44823,59761403,1,PS,990906,10:24:49,10:24:55,6,10:24:55,10:25:07,12,HANG,0:00:00,0:00:00,0,NO_SERVER
AA0210,44824,0,0,PS,990906,10:32:41,10:32:49,8,0:00:00,0:00:00,0,AGENT,10:32:48,10:35:17,149,ROTH
AA0210,44825,0,0,PS,990906,10:41:33,10:41:42,9,0:00:00,0:00:00,0,AGENT,10:41:42,10:46:01,259,YIFAT
AA0210,44826,0,0,NE,990906,10:51:03,10:51:12,9,0:00:00,0:00:00,0,AGENT,10:51:11,10:54:20,189,ZOHARI
AA0210,44827,317209633,1,PS,990906,10:59:45,10:59:51,6,10:59:51,11:02:34,163,PHANTOM,11:02:33,11:02:39,6,NO_SERVER
AA0210,44828,22315766,1,PS,990906,11:12:38,11:12:44,6,11:12:44,11:13:42,58,HANG,0:00:00,0:00:00,0,NO_SERVER
AA0210,44829,0,0,PS,990906,11:25:34,11:25:44,10,0:00:00,0:00:00,0,AGENT,11:25:43,11:27:00,77,YIFAT
AA0210,44830,0,0,NW,990906,11:36:16,11:36:26,10,11:36:26,11:39:06,160,AGENT,11:39:05,11:39:56,51,MORIAH
AA0210,44831,23755499,1,PS,990906,11:45:46,11:45:51,5,11:45:51,11:46:07,16,AGENT,11:46:06,11:49:46,220,ROTH
AA0210,44832,58704610,2,PS,990906,11:55:24,11:55:30,6,11:55:30,11:55:33,3,HANG,0:00:00,0:00:00,0,NO_SERVER
AA0210,44833,24578502,1,PS,990906,12:04:31,12:04:37,6,12:04:37,12:04:45,8,HANG,0:00:00,0:00:00,0,NO_SERVER
AA0210,44834,0,0,PS,990906,12:13:19,12:13:33,14,0:00:00,0:00:00,0,AGENT,12:13:32,12:14:53,81,YIFAT
AA0210,44835,0,0,NW,990906,12:29:01,12:29:18,17,0:00:00,0:00:00,0,AGENT,12:29:17,12:39:34,617,MORIAH
AA0210,44836,0,0,PS,990906,12:43:02,12:43:11,9,0:00:00,0:00:00,0,AGENT,12:43:10,12:47:16,246,ROTH
AA0210,44837,0,0,PS,990906,12:58:07,12:58:18,11,0:00:00,0:00:00,0,AGENT,12:58:17,13:04:04,347,ROTH
AA0210,44838,0,0,PS,990906,13:12:34,13:12:47,13,0:00:00,0:00:00,0,AGENT,13:12:46,13:13:19,33,SHARON
AA0210,44839,0,0,NE,990906,13:25:39,13:25:51,12,0:00:00,0:00:00,0,AGENT,13:25:50,13:28:37,167,ZOHARI
AA0210,44840,0,0,NE,990906,13:39:44,13:39:57,13,0:00:00,0:00:00,0,AGENT,13:39:57,13:41:40,103,TOVA
AA0210,44841,0,0,NW,990906,13:55:21,13:55:30,9,13:55:30,13:55:40,10,HANG,0:00:00,0:00:00,0,NO_SERVER
AA0210,44842,0,0,PS,990906,14:05:31,14:05:39,8,0:00:00,0:00:00,0,AGENT,14:05:38,14:07:31,113,MORIAH
AA0210,44843,24947061,2,PS,990906,14:18:24,14:18:30,6,14:18:30,14:18:37,7,AGENT,14:18:37,14:21:15,158,MORIAH
AA0210,44844,0,0,NW,990906,14:31:56,14:32:05,9,14:32:05,14:32:51,46,AGENT,14:32:50,14:33:20,30,SHARON
AA0210,44845,0,0,NW,990906,14:42:31,14:42:41,10,14:42:41,14:42:49,8,AGENT,14:42:48,14:43:10,22,SHARON
AA0210,44846,0,0,PS,990906,14:53:18,14:53:27,9,0:00:00,0:00:00,0,AGENT,14:53:26,14:54:35,69,ROTH
AA0210,44847,29474020,2,PS,990906,15:05:12,15:05:17,5,15:05:17,15:07:47,150,AGENT,15:07:47,15:08:49,62,ANAT
AA0210,44848,11283090,1,PS,990906,15:23:23,15:23:29,6,15:23:29,15:25:58,149,AGENT,15:25:57,15:26:36,39,SHARON
AA0210,44849,23076185,2,PS,990906,15:36:19,15:36:25,6,15:36:25,15:38:00,95,AGENT,15:37:59,15:38:35,36,STEREN
AA0210,44850,0,0,PS,990906,15:47:33,15:47:44,11,0:00:00,0:00:00,0,AGENT,15:47:43,15:50:32,169,ZOHARI
AA0210,44851,0,0,NE,990906,16:03:27,16:03:36,9,0:00:00,0:00:00,0,AGENT,16:03:35,16:06:14,159,ROTH
AA0210,44852,0,0,NW,990906,16:16:47,16:16:57,10,16:16:57,16:17:43,46,AGENT,16:17:42,16:19:42,120,STEREN
AA0210,44853,0,0,PS,990906,16:32:57,16:33:13,16,0:00:00,0:00:00,0,AGENT,16:33:12,16:34:21,69,DARMON
AA0210,44854,6891105,2,PS,990906,16:50:19,16:50:25,6,16:50:25,16:50:37,12,HANG,0:00:00,0:00:00,0,NO_SERVER
AA0210,44855,0,0,NW,990906,17:09:17,17:09:27,10,17:09:27,17:13:33,246,HANG,0:00:00,0:00:00,0,NO_SERVER
AA0210,44856,0,0,NW,990906,17:29:05,17:29:14,9,17:29:14,17:31:31,137,AGENT,17:31:30,17:35:02,212,STEREN
AA0210,44857,0,0,PS,990906,17:55:42,17:55:51,9,0:00:00,0:00:00,0,AGENT,17:55:50,17:58:49,179,STEREN
AA0210,44858,0,0,NW,990906,18:23:49,18:23:58,9,18:23:58,18:24:27,29,AGENT,18:24:26,18:24:48,22,VICKY
AA0210,44859,25291774,2,PS,990906,18:38:33,18:38:38,5,18:38:38,18:39:22,44,AGENT,18:39:21,18:42:02,161,VICKY
AA0210,44860,0,0,PS,990906,19:03:21,19:04:04,43,0:00:00,0:00:00,0,AGENT,19:04:03,19:05:23,80,STEREN
AA0210,44861,0,0,PS,990906,19:29:35,19:29:44,9,0:00:00,0:00:00,0,AGENT,19:29:44,19:35:35,351,STEREN
AA0210,44862,0,0,PS,990906,20:04:44,20:04:58,14,0:00:00,0:00:00,0,AGENT,20:04:57,20:07:13,136,ANAT
AA0210,44863,0,0,PS,990906,20:35:29,20:35:38,9,0:00:00,0:00:00,0,AGENT,20:35:37,20:36:44,67,VICKY
AA0210,44864,0,0,PS,990906,20:55:14,20:55:22,8,0:00:00,0:00:00,0,AGENT,20:55:22,20:57:40,138,VICKY
AA0210,44865,0,0,PS,990906,21:15:03,21:15:12,9,0:00:00,0:00:00,0,AGENT,21:15:11,21:16:51,100,STEREN
AA0210,44866,11457769,2,PS,990906,21:39:45,21:39:51,6,21:39:51,21:40:13,22,AGENT,21:40:13,21:48:07,474,VICKY
AA0210,44867,0,0,NW,990906,22:08:50,22:08:59,9,22:08:59,22:11:06,127,AGENT,22:11:05,22:12:03,58,STEREN
AA0210,44868,27187301,1,PS,990906,22:43:44,22:43:49,5,22:43:49,22:44:27,38,HANG,0:00:00,0:00:00,0,NO_SERVER
AA0210,44869,0,0,PS,990906,23:22:06,23:22:15,9,0:00:00,0:00:00,0,AGENT,23:22:15,23:27:32,317,GILI
AA0210,44870,0,0,PS,990907,6:28:05,6:28:15,10,0:00:00,0:00:00,0,HANG,0:00:00,0:00:00,0,NO_SERVER
AA0210,44871,33464561,2,PS,990907,7:36:55,7:37:01,6,7:37:01,7:37:24,23,AGENT,7:37:23,7:38:05,42,TOVA
AA0210,44872,0,0,PS,990907,8:07:44,8:07:54,10,0:00:00,0:00:00,0,AGENT,8:07:53,8:08:33,40,TOVA
AA0210,44873,0,0,PS,990907,8:28:51,8:29:00,9,0:00:00,0:00:00,0,AGENT,8:28:59,8:30:30,91,ROTH
AA0210,44874,0,0,NW,990907,8:44:06,8:44:19,13,0:00:00,0:00:00,0,AGENT,8:44:19,8:44:58,39,TOVA
AA0210,44875,0,0,PS,990907,8:54:20,8:54:30,10,0:00:00,0:00:00,0,AGENT,8:54:29,8:55:28,59,ROTH
AA0210,44876,25217183,1,PS,990907,9:01:42,9:01:47,5,9:01:47,9:02:54,67,AGENT,9:02:53,9:03:59,66,ROTH
AA0210,44877,0,0,NW,990907,9:16:46,9:16:46,0,0:00:00,0:00:00,0,HANG,0:00:00,0:00:00,0,NO_SERVER
AA0210,44878,25408329,2,PS,990907,9:30:24,9:30:29,5,9:30:29,9:31:50,81,AGENT,9:31:49,9:33:34,105,BASCH
AA0210,44879,0,0,PS,990907,9:43:11,9:43:20,9,0:00:00,0:00:00,0,AGENT,9:43:19,9:44:26,67,ROTH
AA0210,44880,57074585,2,PS,990907,9:58:14,9:58:19,5,9:58:19,9:58:44,25,AGENT,9:58:43,9:58:45,2,MORIAH
AA0210,44881,303991798,1,PS,990907,10:09:20,10:09:26,6,10:09:26,10:09:48,22,AGENT,10:09:48,10:11:58,130,BASCH
AA0210,44882,28531465,1,PS,990907,10:21:04,10:21:10,6,10:21:10,10:22:11,61,AGENT,10:22:10,10:23:05,55,BASCH
AA0210,44883,53186953,2,PS,990907,10:30:53,10:30:59,6,10:30:59,10:31:47,48,AGENT,10:31:46,10:33:20,94,TOVA
AA0210,44884,0,0,NW,990907,10:46:52,10:47:02,10,10:47:02,10:47:29,27,AGENT,10:47:29,10:48:31,62,AVI
AA0210,44885,58029430,1,PS,990907,10:56:22,10:56:28,6,10:56:28,10:57:20,52,AGENT,10:57:20,10:58:29,69,ROTH
AA0210,44886,302424502,1,PS,990907,11:10:02,11:10:08,6,11:10:08,11:13:36,208,AGENT,11:13:34,11:18:06,272,AVI
AA0210,44887,0,0,NW,990907,11:21:01,11:21:10,9,11:21:10,11:22:15,65,HANG,0:00:00,0:00:00,0,NO_SERVER
AA0210,44888,24144305,1,PS,990907,11:30:35,11:30:40,5,11:30:40,11:34:26,226,AGENT,11:34:25,11:38:43,258,ROTH
AA0210,44889,0,0,NW,990907,11:41:44,11:41:53,9,11:41:53,11:48:58,425,AGENT,11:48:57,11:50:22,85,AVI
AA0210,44890,53186953,2,PS,990907,11:58:19,11:58:25,6,11:58:25,12:00:36,131,AGENT,12:00:35,12:01:57,82,ROTH
AA0210,44891,0,0,PS,990907,12:11:40,12:11:52,12,0:00:00,0:00:00,0,AGENT,12:11:51,12:13:14,83,VICKY
AA0210,44892,0,0,NW,990907,12:25:50,12:26:00,10,12:26:00,12:27:46,106,AGENT,12:27:45,12:30:43,178,AVI
AA0210,44893,0,0,PS,990907,12:44:15,12:44:26,11,0:00:00,0:00:00,0,AGENT,12:44:25,12:46:59,154,TOVA
AA0210,44894,0,0,PS,990907,13:00:49,13:01:00,11,0:00:00,0:00:00,0,AGENT,13:00:59,13:06:48,349,MORIAH
AA0210,44895,53616900,2,PS,990907,13:14:13,13:14:19,6,13:14:19,13:15:36,77,AGENT,13:15:36,13:15:49,13,VICKY
AA0210,44896,0,0,NW,990907,13:33:19,13:33:34,15,0:00:00,0:00:00,0,AGENT,13:33:33,13:33:51,18,AVI
AA0210,44897,0,0,NE,990907,13:53:10,13:53:21,11,0:00:00,0:00:00,0,AGENT,13:53:20,13:54:14,54,MORIAH
AA0210,44898,59624346,1,PS,990907,14:06:59,14:07:05,6,14:07:05,14:07:19,14,AGENT,14:07:18,14:08:37,79,AVI
AA0210,44899,0,0,PS,990907,14:21:13,14:21:22,9,0:00:00,0:00:00,0,AGENT,14:21:21,14:25:34,253,ROTH
AA0210,44900,63193346,2,PS,990907,14:32:55,14:33:00,5,14:33:00,14:35:12,132,AGENT,14:35:11,14:35:12,1,VICKY
AA0210,44901,54241443,2,NE,990907,14:42:26,14:42:32,6,14:42:32,14:43:06,34,AGENT,14:43:05,14:45:43,158,ELI
AA0210,44902,258152,2,PS,990907,14:52:24,14:52:30,6,14:52:30,14:53:20,50,AGENT,14:53:19,14:54:27,68,ROTH
AA0210,44903,57460131,2,PS,990907,15:04:33,15:04:39,6,15:04:39,15:07:12,153,AGENT,15:07:12,15:13:22,370,ROTH
AA0210,44904,0,0,NW,990907,15:16:52,15:17:01,9,15:17:01,15:20:56,235,AGENT,15:20:54,15:21:23,29,STEREN
AA0210,44905,27013549,1,PS,990907,15:30:50,15:30:56,6,15:30:56,15:31:30,34,AGENT,15:31:29,15:43:30,721,ZOHARI
AA0210,44906,0,0,PS,990907,15:39:48,15:39:57,9,0:00:00,0:00:00,0,AGENT,15:39:57,15:42:37,160,DORIT
AA0210,44907,0,0,NW,990907,15:53:17,15:53:26,9,15:53:26,15:53:51,25,AGENT,15:53:50,15:56:10,140,VICKY
AA0210,44908,0,0,NW,990907,16:05:02,16:05:12,10,16:05:12,16:07:40,148,AGENT,16:07:39,16:08:17,38,VICKY
AA0210,44909,0,0,NW,990907,16:19:59,16:20:12,13,0:00:00,0:00:00,0,AGENT,16:20:11,16:21:22,71,STEREN
AA0210,44910,0,0,NW,990907,16:30:51,16:31:00,9,16:31:00,16:31:58,58,HANG,0:00:00,0:00:00,0,NO_SERVER
AA0210,44911,0,0,NW,990907,16:47:06,16:47:15,9,16:47:15,16:47:16,1,HANG,0:00:00,0:00:00,0,NO_SERVER
AA0210,44912,0,0,NW,990907,16:55:39,16:55:48,9,16:55:48,16:56:02,14,AGENT,16:56:01,16:56:08,7,STEREN
AA0210,44913,59197178,2,PS,990907,17:10:37,17:10:43,6,17:10:43,17:12:38,115,AGENT,17:12:38,17:14:15,97,SHARON
AA0210,44914,0,0,PS,990907,17:22:31,17:22:42,11,0:00:00,0:00:00,0,AGENT,17:22:41,17:23:57,76,ZOHARI
AA0210,44915,0,0,NE,990907,17:38:41,17:38:56,15,0:00:00,0:00:00,0,AGENT,17:38:55,17:39:53,58,ZOHARI
AA0210,44916,0,0,PS,990907,17:47:30,17:47:43,13,0:00:00,0:00:00,0,AGENT,17:47:42,17:51:29,227,BENSION
AA0210,44917,0,0,PS,990907,17:59:45,17:59:55,10,0:00:00,0:00:00,0,AGENT,17:59:53,18:02:02,129,DORIT
AA0210,44918,0,0,PS,990907,18:14:03,18:14:14,11,0:00:00,0:00:00,0,AGENT,18:14:13,18:14:16,3,NO_SERVER
AA0210,44919,0,0,PS,990907,18:40:57,18:41:06,9,0:00:00,0:00:00,0,AGENT,18:41:05,18:52:22,677,DORIT
AA0210,44920,0,0,PS,990907,19:12:16,19:12:25,9,0:00:00,0:00:00,0,AGENT,19:12:23,19:13:30,67,VICKY
AA0210,44921,0,0,NW,990907,19:30:59,19:31:08,9,19:31:08,19:31:09,1,HANG,0:00:00,0:00:00,0,NO_SERVER
AA0210,44922,0,0,PS,990907,20:01:49,20:01:58,9,0:00:00,0:00:00,0,AGENT,20:01:58,20:03:04,66,STEREN
AA0210,44923,0,0,PS,990907,20:27:17,20:27:29,12,0:00:00,0:00:00,0,AGENT,20:27:28,20:35:47,499,BENSION
AA0210,44924,0,0,NW,990907,20:48:36,20:48:49,13,0:00:00,0:00:00,0,AGENT,20:48:48,20:49:05,17,SHARON
AA0210,44925,72600836,2,PS,990907,21:04:45,21:04:51,6,21:04:51,21:05:10,19,AGENT,21:05:09,21:05:42,33,BENSION
AA0210,44926,0,0,NE,990907,21:27:53,21:28:04,11,0:00:00,0:00:00,0,AGENT,21:28:03,21:31:55,232,ZOHARI
AA0210,44927,0,0,PS,990907,21:52:49,21:52:59,10,0:00:00,0:00:00,0,AGENT,21:52:58,21:57:15,257,STEREN
AA0210,44928,23588304,2,PS,990907,22:17:33,22:17:38,5,22:17:38,22:19:47,129,AGENT,22:18:28,22:22:09,221,ZOHARI
AA0210,44929,31439177,1,PS,990907,22:38:32,22:38:38,6,22:38:38,22:38:49,11,HANG,0:00:00,0:00:00,0,NO_SERVER
AA0210,44930,34196410,1,PS,990907,23:01:35,23:01:40,5,23:01:40,23:01:56,16,AGENT,23:01:56,23:04:58,182,DARMON
AA0210,44931,0,0,PS,990907,23:50:53,23:51:03,10,0:00:00,0:00:00,0,AGENT,23:51:02,23:51:59,57,BENSION
AA0210,44932,0,0,PS,990908,6:31:18,6:31:34,16,0:00:00,0:00:00,0,HANG,0:00:00,0:00:00,0,NO_SERVER
AA0210,44933,33237728,2,PS,990908,7:23:08,7:23:13,5,7:23:13,7:24:28,75,AGENT,7:24:28,7:29:10,282,DORIT
AA0210,44934,0,0,NW,990908,7:57:57,7:58:06,9,7:58:06,7:59:17,71,HANG,0:00:00,0:00:00,0,NO_SERVER
AA0210,44935,0,0,NW,990908,8:16:23,8:16:32,9,8:16:32,8:17:02,30,AGENT,8:17:01,8:20:05,184,DORIT
AA0210,44936,0,0,PS,990908,8:38:46,8:39:03,17,0:00:00,0:00:00,0,AGENT,8:39:02,8:39:49,47,ZOHARI
AA0210,44937,0,0,PS,990908,8:48:02,8:48:15,13,0:00:00,0:00:00,0,AGENT,8:48:13,8:52:01,228,ZOHARI
AA0210,44938,24032575,2,PS,990908,8:58:49,8:58:54,5,8:58:54,8:59:56,62,AGENT,8:59:56,9:01:01,65,ROTH
AA0210,44939,0,0,NW,990908,9:11:03,9:11:13,10,9:11:13,9:11:42,29,AGENT,9:11:42,9:11:47,5,SHARON
AA0210,44940,14991483,2,PS,990908,9:22:03,9:22:09,6,9:22:09,9:22:21,12,AGENT,9:22:20,9:24:31,131,STEREN
AA0210,44941,34472258,2,PS,990908,9:35:26,9:35:32,6,9:35:32,9:36:03,31,AGENT,9:36:01,9:37:02,61,DORIT
AA0210,44942,0,0,NE,990908,9:46:41,9:46:51,10,0:00:00,0:00:00,0,AGENT,9:46:50,9:58:58,728,ZOHARI
AA0210,44943,56127699,1,PS,990908,9:55:32,9:55:38,6,9:55:38,9:59:23,225,AGENT,9:59:22,10:01:39,137,DORIT
AA0210,44944,28733004,1,PS,990908,10:07:45,10:07:51,6,10:07:51,10:11:30,219,AGENT,10:11:28,10:12:57,89,ROTH
AA0210,44945,42548396,2,PS,990908,10:18:01,10:18:07,6,10:18:07,10:18:26,19,AGENT,10:18:24,10:19:37,73,STEREN
AA0210,44946,308922806,2,PS,990908,10:26:04,10:26:10,6,10:26:10,10:28:03,113,AGENT,10:28:02,10:43:06,904,DORIT
AA0210,44947,30442495,2,PS,990908,10:39:35,10:39:41,6,10:39:41,10:43:11,210,AGENT,10:43:10,10:47:05,235,DORIT
AA0210,44948,40716193,1,NE,990908,10:57:46,10:57:52,6,10:57:52,10:58:12,20,AGENT,10:58:11,11:00:03,112,SHARON
AA0210,44949,45447547,2,PS,990908,11:11:31,11:11:37,6,11:11:37,11:13:00,83,AGENT,11:12:59,11:15:39,160,ROTH
AA0210,44950,0,0,PS,990908,11:28:01,11:28:09,8,0:00:00,0:00:00,0,AGENT,11:28:08,11:41:30,802,STEREN
AA0210,44951,55387302,1,PS,990908,11:40:21,11:40:27,6,11:40:27,11:41:06,39,AGENT,11:41:05,11:43:20,135,SHARON
AA0210,44952,0,0,NW,990908,11:53:12,11:53:22,10,11:53:22,11:53:40,18,HANG,0:00:00,0:00:00,0,NO_SERVER
AA0210,44953,34180737,1,PS,990908,12:03:23,12:03:28,5,12:03:28,12:05:53,145,HANG,0:00:00,0:00:00,0,NO_SERVER
AA0210,44954,51929339,2,PS,990908,12:16:26,12:16:31,5,12:16:31,12:17:22,51,AGENT,12:17:21,12:19:56,155,BASCH
AA0210,44955,0,0,NE,990908,12:31:57,12:32:11,14,0:00:00,0:00:00,0,AGENT,12:32:11,12:33:25,74,SHARON
AA0210,44956,0,0,PS,990908,12:45:28,12:45:38,10,0:00:00,0:00:00,0,AGENT,12:45:37,12:46:48,71,DORIT
AA0210,44957,57918849,1,NE,990908,13:01:19,13:01:24,5,13:01:24,13:03:08,104,AGENT,13:03:07,13:04:55,108,SHARON
AA0210,44958,33474602,2,PS,990908,13:17:28,13:17:34,6,13:17:34,13:18:53,79,AGENT,13:18:52,13:20:14,82,KAZAV
AA0210,44959,22874192,2,PS,990908,13:30:05,13:30:10,5,13:30:10,13:30:49,39,AGENT,13:30:48,13:32:22,94,SHARON
AA0210,44960,51893436,1,PS,990908,13:43:05,13:43:10,5,13:43:10,13:45:15,125,AGENT,13:45:15,13:50:44,329,KAZAV
AA0210,44961,0,0,NW,990908,13:53:39,13:53:52,13,0:00:00,0:00:00,0,AGENT,13:53:51,13:54:14,23,MORIAH
AA0210,44962,0,0,NE,990908,14:04:51,14:05:03,12,0:00:00,0:00:00,0,AGENT,14:05:03,14:06:19,76,ZOHARI
AA0210,44963,0,0,PS,990908,14:18:07,14:18:17,10,0:00:00,0:00:00,0,AGENT,14:18:17,14:20:10,113,MORIAH
AA0210,44964,0,0,PS,990908,14:33:28,14:33:37,9,0:00:00,0:00:00,0,AGENT,14:33:36,14:34:32,56,ROTH
AA0210,44965,0,0,PS,990908,14:43:14,14:43:23,9,0:00:00,0:00:00,0,AGENT,14:43:23,14:45:26,123,STEREN
AA0210,44966,0,0,PE,990908,14:57:14,14:57:28,14,0:00:00,0:00:00,0,AGENT,14:57:28,15:01:09,221,MORIAH
AA0210,44967,32813594,1,PS,990908,15:08:16,15:08:22,6,15:08:22,15:12:45,263,AGENT,15:12:43,15:14:42,119,KAZAV
AA0210,44968,0,0,NW,990908,15:24:45,15:24:54,9,15:24:54,15:36:27,693,HANG,15:36:28,15:36:49,21,NO_SERVER
AA0210,44969,52867744,2,NE,990908,15:40:12,15:40:18,6,15:40:18,15:41:53,95,AGENT,15:41:53,15:46:18,265,ANAT
AA0210,44970,67158097,2,PS,990908,15:49:45,15:49:51,6,15:49:51,15:50:37,46,AGENT,15:50:36,15:57:54,438,ANAT
AA0210,44971,0,0,PS,990908,15:58:42,15:58:57,15,0:00:00,0:00:00,0,AGENT,15:58:56,16:01:03,127,ANAT
AA0210,44972,55920755,2,PS,990908,16:12:35,16:12:40,5,16:12:40,16:13:20,40,AGENT,16:13:19,16:16:32,193,BENSION
AA0210,44973,0,0,PS,990908,16:24:22,16:24:33,11,0:00:00,0:00:00,0,AGENT,16:24:32,16:26:33,121,DARMON
AA0210,44974,22263115,2,PS,990908,16:37:35,16:37:40,5,16:37:40,16:37:51,11,AGENT,16:37:50,16:41:16,206,AVI
AA0210,44975,0,0,PS,990908,16:52:21,16:52:31,10,0:00:00,0:00:00,0,AGENT,16:52:30,16:57:56,326,ANAT
AA0210,44976,0,0,PS,990908,17:14:24,17:14:33,9,0:00:00,0:00:00,0,AGENT,17:14:33,17:16:15,102,ANAT
AA0210,44977,31435076,1,PS,990908,17:31:22,17:31:27,5,17:31:27,17:33:01,94,AGENT,17:33:01,17:38:48,347,MORIAH
AA0210,44978,30442495,2,PS,990908,17:44:03,17:44:09,6,17:44:09,17:45:46,97,AGENT,17:45:45,17:47:35,110,BENSION
AA0210,44979,0,0,NW,990908,18:02:46,18:03:02,16,0:00:00,0:00:00,0,AGENT,18:03:01,18:05:58,177,BENSION
AA0210,44980,0,0,PS,990908,18:24:48,18:25:00,12,0:00:00,0:00:00,0,AGENT,18:24:59,18:26:23,84,AVI
AA0210,44981,41546904,2,NE,990908,18:39:39,18:39:52,13,18:39:52,18:40:01,9,AGENT,18:39:52,18:42:06,134,AVI
AA0210,44982,0,0,NW,990908,18:59:14,18:59:24,10,18:59:24,19:00:43,79,HANG,0:00:00,0:00:00,0,NO_SERVER
AA0210,44983,0,0,PS,990908,19:16:11,19:16:24,13,0:00:00,0:00:00,0,AGENT,19:16:24,19:24:20,476,ANAT
AA0210,44984,31439177,1,PS,990908,19:28:06,19:28:12,6,19:28:12,19:28:53,41,AGENT,19:28:52,19:29:46,54,ANAT
AA0210,44985,0,0,PS,990908,19:55:54,19:56:06,12,0:00:00,0:00:00,0,AGENT,19:56:05,19:56:09,4,NO_SERVER
AA0210,44986,0,0,PS,990908,20:20:59,20:21:12,13,0:00:00,0:00:00,0,AGENT,20:21:11,20:22:30,79,MEIR
AA0210,44987,0,0,NE,990908,20:46:12,20:46:22,10,0:00:00,0:00:00,0,AGENT,20:46:21,20:54:28,487,AVI
AA0210,44988,0,0,PS,990908,21:09:11,21:09:22,11,0:00:00,0:00:00,0,AGENT,21:09:22,21:10:26,64,AVI
AA0210,44989,0,0,PS,990908,21:24:29,21:24:42,13,0:00:00,0:00:00,0,AGENT,21:24:41,21:28:32,231,BENSION
AA0210,44990,0,0,PS,990908,21:44:04,21:44:14,10,0:00:00,0:00:00,0,AGENT,21:44:13,21:45:38,85,MEIR
AA0210,44991,29037082,1,PS,990908,22:05:00,22:05:06,6,22:05:06,22:07:08,122,AGENT,22:07:06,22:07:46,40,BENSION
AA0210,44992,52867744,2,PS,990908,22:30:28,22:30:33,5,22:30:33,22:31:12,39,AGENT,22:31:11,22:32:16,65,DARMON
AA0210,44993,42474882,2,PS,990908,22:55:18,22:55:24,6,22:55:24,22:55:39,15,AGENT,22:55:38,22:59:20,222,BENSION
AA0210,44994,57070534,2,PS,990908,23:31:21,23:31:26,5,23:31:26,23:31:36,10,AGENT,23:31:35,23:33:04,89,AVI
AA0210,44995,0,0,PS,990909,6:35:52,6:36:10,18,0:00:00,0:00:00,0,HANG,0:00:00,0:00:00,0,NO_SERVER
AA0210,44996,0,0,PS,990909,7:24:06,7:24:24,18,0:00:00,0:00:00,0,AGENT,7:24:22,7:25:25,63,ANAT
AA0210,44997,0,0,PS,990909,7:59:31,7:59:44,13,0:00:00,0:00:00,0,AGENT,7:59:43,8:02:11,148,SHARON
AA0210,44998,0,0,PS,990909,8:29:11,8:29:19,8,0:00:00,0:00:00,0,AGENT,8:29:19,8:34:43,324,KAZAV
AA0210,44999,0,0,NW,990909,8:43:45,8:43:57,12,0:00:00,0:00:00,0,AGENT,8:43:56,8:44:56,60,BASCH
AA0210,45000,0,0,PS,990909,9:00:14,9:00:24,10,0:00:00,0:00:00,0,AGENT,9:00:24,9:08:22,478,ROTH
AA0210,45001,0,0,NW,990909,9:11:11,9:11:25,14,0:00:00,0:00:00,0,AGENT,9:11:24,9:11:56,32,ROTH
AA0210,45002,0,0,PS,990909,9:24:12,9:24:20,8,0:00:00,0:00:00,0,AGENT,9:24:20,9:27:18,178,DORIT
AA0210,45003,0,0,PS,990909,9:43:09,9:43:19,10,0:00:00,0:00:00,0,AGENT,9:43:18,9:45:38,140,ANAT
AA0210,45004,0,0,PS,990909,9:59:59,10:00:09,10,0:00:00,0:00:00,0,AGENT,10:00:08,10:01:13,65,SHARON
AA0210,45005,0,0,PS,990909,10:11:41,10:11:49,8,0:00:00,0:00:00,0,AGENT,10:11:48,10:13:23,95,DORIT
AA0210,45006,0,0,NE,990909,10:23:05,10:23:15,10,0:00:00,0:00:00,0,AGENT,10:23:14,10:23:52,38,BASCH
AA0210,45007,0,0,PS,990909,10:38:23,10:38:33,10,0:00:00,0:00:00,0,AGENT,10:38:31,10:43:46,315,ROTH
AA0210,45008,314014135,2,PS,990909,10:50:33,10:50:38,5,10:50:38,10:51:03,25,HANG,10:51:04,10:51:13,9,NO_SERVER
AA0210,45009,0,0,PS,990909,11:07:25,11:07:37,12,0:00:00,0:00:00,0,AGENT,11:07:36,11:08:39,63,NAAMA
AA0210,45010,56765985,2,PS,990909,11:22:14,11:22:19,5,11:22:19,11:23:03,44,AGENT,11:23:02,11:23:04,2,YIFAT
AA0210,45011,0,0,PS,990909,11:36:54,11:37:06,12,0:00:00,0:00:00,0,AGENT,11:37:05,11:42:33,328,NAAMA
AA0210,45012,0,0,NE,990909,11:53:30,11:53:39,9,0:00:00,0:00:00,0,AGENT,11:53:38,11:54:22,44,KAZAV
AA0210,45013,0,0,PS,990909,12:05:40,12:05:51,11,0:00:00,0:00:00,0,AGENT,12:05:50,12:06:55,65,DORIT
AA0210,45014,0,0,PS,990909,12:31:01,12:31:12,11,0:00:00,0:00:00,0,AGENT,12:31:11,12:39:50,519,DORIT
AA0210,45015,0,0,PS,990909,12:43:00,12:43:11,11,0:00:00,0:00:00,0,AGENT,12:43:10,12:44:41,91,YIFAT
AA0210,45016,0,0,NW,990909,12:56:09,12:56:19,10,12:56:19,13:00:01,222,AGENT,13:00:00,13:00:51,51,BASCH
AA0210,45017,24927717,1,PS,990909,13:14:04,13:14:10,6,13:14:10,13:14:23,13,HANG,0:00:00,0:00:00,0,NO_SERVER
AA0210,45018,0,0,PS,990909,13:31:39,13:31:51,12,0:00:00,0:00:00,0,AGENT,13:31:51,13:33:40,109,NAAMA
AA0210,45019,0,0,PS,990909,13:46:23,13:46:36,13,0:00:00,0:00:00,0,AGENT,13:46:35,13:50:55,260,SHARON
AA0210,45020,31451099,1,PS,990909,14:06:52,14:06:57,5,14:06:57,14:08:11,74,AGENT,14:08:10,14:09:03,53,YIFAT
AA0210,45021,22814164,2,PS,990909,14:19:06,14:19:11,5,14:19:11,14:20:29,78,AGENT,14:20:28,14:24:17,229,KAZAV
AA0210,45022,33721408,1,PS,990909,14:30:21,14:30:27,6,14:30:27,14:32:26,119,AGENT,14:32:24,14:33:53,89,SHARON
AA0210,45023,0,0,PS,990909,14:47:01,14:47:10,9,0:00:00,0:00:00,0,AGENT,14:47:09,14:50:31,202,KAZAV
AA0210,45024,0,0,NW,990909,14:58:16,14:58:25,9,14:58:25,14:59:46,81,HANG,0:00:00,0:00:00,0,NO_SERVER
AA0210,45025,57460131,2,PS,990909,15:11:52,15:11:57,5,15:11:57,15:12:38,41,AGENT,15:12:37,15:18:34,357,DORIT
AA0210,45026,0,0,NW,990909,15:22:44,15:22:53,9,15:22:53,15:24:31,98,HANG,0:00:00,0:00:00,0,NO_SERVER
AA0210,45027,28466399,1,PS,990909,15:35:41,15:35:47,6,15:35:47,15:36:27,40,AGENT,15:36:27,15:47:12,645,DORIT
AA0210,45028,52146842,1,PS,990909,15:44:55,15:45:00,5,15:45:00,15:47:17,137,PHANTOM,15:47:17,15:47:21,4,NO_SERVER
AA0210,45029,0,0,NE,990909,15:59:35,15:59:44,9,0:00:00,0:00:00,0,AGENT,15:59:44,16:01:29,105,ZOHARI
AA0210,45030,0,0,NW,990909,16:10:59,16:11:08,9,16:11:08,16:11:17,9,AGENT,16:11:17,16:12:10,53,YITZ
AA0210,45031,53494142,2,PS,990909,16:25:09,16:25:15,6,16:25:15,16:25:27,12,AGENT,16:25:25,16:25:54,29,STEREN
AA0210,45032,0,0,PS,990909,16:34:45,16:35:15,30,0:00:00,0:00:00,0,AGENT,16:35:13,16:36:39,86,AVI
AA0210,45033,59054486,1,PS,990909,16:47:01,16:47:07,6,16:47:07,16:48:05,58,AGENT,16:48:05,16:48:06,1,AVI
AA0210,45034,0,0,PS,990909,16:57:30,16:57:42,12,0:00:00,0:00:00,0,AGENT,16:57:41,16:59:28,107,ZOHARI
AA0210,45035,0,0,NW,990909,17:09:05,17:09:14,9,17:09:14,17:10:03,49,HANG,0:00:00,0:00:00,0,NO_SERVER
AA0210,45036,0,0,NW,990909,17:22:33,17:22:48,15,0:00:00,0:00:00,0,AGENT,17:22:47,17:24:02,75,YITZ
AA0210,45037,0,0,NW,990909,17:41:56,17:42:05,9,17:42:05,17:46:43,278,AGENT,17:46:43,17:47:45,62,PINHAS
AA0210,45038,0,0,NW,990909,17:57:17,17:57:27,10,17:57:27,18:01:12,225,AGENT,18:01:12,18:02:57,105,STEREN
AA0210,45039,26982165,2,PS,990909,18:21:44,18:21:50,6,18:21:50,18:24:03,133,AGENT,18:24:02,18:26:00,118,YITZ
AA0210,45040,0,0,PS,990909,18:38:51,18:39:02,11,0:00:00,0:00:00,0,AGENT,18:39:01,18:40:46,105,YITZ
AA0210,45041,0,0,NW,990909,19:01:56,19:02:05,9,19:02:05,19:04:37,152,AGENT,19:04:36,19:05:15,39,STEREN
AA0210,45042,0,0,PS,990909,19:26:30,19:26:40,10,0:00:00,0:00:00,0,AGENT,19:26:38,19:27:20,42,AVI
AA0210,45043,306278797,1,PS,990909,19:46:28,19:46:33,5,19:46:33,19:46:41,8,AGENT,19:46:41,19:47:36,55,AVI
AA0210,45044,0,0,NW,990909,20:08:00,20:08:09,9,20:08:09,20:09:14,65,AGENT,20:09:13,20:11:16,123,STEREN
AA0210,45045,0,0,PS,990909,20:38:50,20:39:02,12,0:00:00,0:00:00,0,AGENT,20:39:01,20:40:47,106,AVI
AA0210,45046,58859752,2,PS,990909,21:03:04,21:03:10,6,21:03:10,21:04:06,56,AGENT,21:04:05,21:05:52,107,STEREN
AA0210,45047,0,0,PS,990909,21:27:52,21:28:00,8,0:00:00,0:00:00,0,AGENT,21:28:00,21:30:06,126,STEREN
AA0210,45048,0,0,NW,990909,21:53:14,21:53:24,10,21:53:24,21:59:04,340,AGENT,21:59:03,22:01:10,127,AVI
AA0210,45049,0,0,PS,990909,22:32:49,22:33:05,16,0:00:00,0:00:00,0,AGENT,22:33:04,22:35:14,130,AVI
AA0210,45050,0,0,PS,990909,22:56:41,22:56:51,10,0:00:00,0:00:00,0,AGENT,22:56:50,23:01:22,272,ZOHARI
AA0210,45051,0,0,NE,990909,23:27:03,23:27:12,9,0:00:00,0:00:00,0,AGENT,23:27:11,23:31:06,235,STEREN
AA0210,45052,0,0,PS,990910,5:46:03,5:46:30,27,0:00:00,0:00:00,0,HANG,0:00:00,0:00:00,0,NO_SERVER
AA0210,45053,0,0,PS,990910,7:45:06,7:45:15,9,0:00:00,0:00:00,0,AGENT,7:45:14,7:46:31,77,VICKY
AA0210,45054,0,0,PS,990910,8:10:00,8:10:09,9,0:00:00,0:00:00,0,AGENT,8:10:08,8:11:33,85,DORIT
AA0210,45055,0,0,PS,990910,8:31:40,8:31:57,17,0:00:00,0:00:00,0,AGENT,8:31:56,8:35:37,221,BASCH
AA0210,45056,0,0,PS,990910,8:50:52,8:51:01,9,0:00:00,0:00:00,0,AGENT,8:51:00,8:54:50,230,VICKY
AA0210,45057,0,0,NW,990910,9:02:19,9:02:28,9,9:02:28,9:03:38,70,AGENT,9:03:37,9:04:33,56,BENSION
AA0210,45058,0,0,NW,990910,9:19:01,9:19:13,12,0:00:00,0:00:00,0,AGENT,9:19:12,9:21:07,115,BASCH
AA0210,45059,54133277,2,PS,990910,9:29:14,9:29:20,6,9:29:20,9:29:49,29,AGENT,9:29:48,9:32:39,171,VICKY
AA0210,45060,51569507,1,PS,990910,9:42:52,9:42:58,6,9:42:58,9:45:13,135,AGENT,9:45:13,9:47:04,111,AVNI
AA0210,45061,28927341,1,PS,990910,9:58:06,9:58:12,6,9:58:12,10:00:02,110,AGENT,10:00:01,10:04:13,252,AVNI
AA0210,45062,0,0,PS,990910,10:12:07,10:12:17,10,0:00:00,0:00:00,0,AGENT,10:12:15,10:20:38,503,BASCH
AA0210,45063,0,0,PS,990910,10:31:14,10:31:28,14,0:00:00,0:00:00,0,AGENT,10:31:27,10:32:53,86,BASCH
AA0210,45064,0,0,PS,990910,10:44:12,10:44:23,11,0:00:00,0:00:00,0,AGENT,10:44:22,10:49:34,312,AVNI
AA0210,45065,0,0,PS,990910,11:02:31,11:02:48,17,0:00:00,0:00:00,0,AGENT,11:02:48,11:04:41,113,SHARON
AA0210,45066,0,0,PS,990910,11:18:17,11:18:26,9,0:00:00,0:00:00,0,AGENT,11:18:25,11:21:57,212,VICKY
AA0210,45067,0,0,NW,990910,11:44:17,11:44:31,14,0:00:00,0:00:00,0,AGENT,11:44:30,11:44:49,19,VICKY
AA0210,45068,0,0,PS,990910,12:11:49,12:12:01,12,0:00:00,0:00:00,0,AGENT,12:12:01,12:13:40,99,SHARON
AA0210,45069,0,0,PS,990910,12:44:02,12:44:14,12,0:00:00,0:00:00,0,AGENT,12:44:13,12:45:38,85,BASCH
AA0210,45070,0,0,NW,990910,13:12:18,13:12:55,37,0:00:00,0:00:00,0,HANG,0:00:00,0:00:00,0,NO_SERVER
AA0210,45071,0,0,NW,990910,13:48:24,13:48:44,20,0:00:00,0:00:00,0,HANG,0:00:00,0:00:00,0,NO_SERVER
AA0210,45072,0,0,PS,990910,15:23:49,15:24:16,27,0:00:00,0:00:00,0,HANG,0:00:00,0:00:00,0,NO_SERVER
AA0210,45073,0,0,NW,990910,19:45:46,19:46:36,50,0:00:00,0:00:00,0,HANG,0:00:00,0:00:00,0,NO_SERVER
AA0210,45074,0,0,PS,990911,18:22:01,18:22:21,20,0:00:00,0:00:00,0,HANG,0:00:00,0:00:00,0,NO_SERVER
AA0210,45075,0,0,PS,990912,11:45:41,11:45:59,18,0:00:00,0:00:00,0,HANG,0:00:00,0:00:00,0,NO_SERVER
AA0210,45076,0,0,PS,990912,19:21:40,19:21:52,12,0:00:00,0:00:00,0,HANG,0:00:00,0:00:00,0,NO_SERVER
AA0210,45077,0,0,PS,990912,19:56:54,19:57:20,26,0:00:00,0:00:00,0,HANG,0:00:00,0:00:00,0,NO_SERVER
AA0210,45078,0,0,PS,990912,20:20:32,20:20:41,9,0:00:00,0:00:00,0,AGENT,20:20:40,20:22:40,120,ZOHARI
AA0210,45079,0,0,NE,990912,20:37:33,20:37:43,10,0:00:00,0:00:00,0,AGENT,20:37:42,20:38:57,75,ZOHARI
AA0210,45080,0,0,PS,990912,21:06:23,21:06:33,10,0:00:00,0:00:00,0,AGENT,21:06:33,21:07:11,38,SHARON
AA0210,45081,25499047,2,PS,990912,21:35:29,21:35:34,5,21:35:34,21:36:25,51,AGENT,21:36:25,21:37:29,64,SHARON
AA0210,45082,0,0,PS,990912,22:15:06,22:15:16,10,0:00:00,0:00:00,0,AGENT,22:15:15,22:16:09,54,AVNI
AA0210,45083,0,0,PS,990912,22:59:40,22:59:51,11,0:00:00,0:00:00,0,AGENT,22:59:51,23:00:30,39,SHARON
AA0210,45085,0,0,PS,990913,0:41:20,0:41:20,0,0:00:00,0:00:00,0,HANG,0:00:00,0:00:00,0,NO_SERVER
AA0210,45086,0,0,PS,990913,7:26:22,7:26:31,9,0:00:00,0:00:00,0,AGENT,7:26:31,7:29:56,205,VICKY
AA0210,45087,0,0,PS,990913,7:54:16,7:54:24,8,0:00:00,0:00:00,0,AGENT,7:54:23,7:56:23,120,STEREN
AA0210,45088,0,0,PS,990913,8:13:30,8:13:44,14,0:00:00,0:00:00,0,AGENT,8:13:43,8:14:53,70,VICKY
AA0210,45089,69455475,2,PE,990913,8:27:50,8:27:55,5,8:27:55,8:29:56,121,AGENT,8:29:54,8:38:49,535,GILI
AA0210,45090,0,0,PS,990913,8:40:05,8:40:14,9,0:00:00,0:00:00,0,AGENT,8:40:13,8:40:52,39,SHARON
AA0210,45091,0,0,PS,990913,8:48:11,8:48:21,10,0:00:00,0:00:00,0,AGENT,8:48:20,8:50:33,133,YIFAT
AA0210,45092,0,0,PS,990913,8:59:48,8:59:58,10,0:00:00,0:00:00,0,AGENT,8:59:56,9:05:40,344,KAZAV
AA0210,45093,0,0,PS,990913,9:09:28,9:09:41,13,0:00:00,0:00:00,0,AGENT,9:09:39,9:10:09,30,TOVA
AA0210,45094,0,0,PS,990913,9:19:33,9:19:45,12,0:00:00,0:00:00,0,AGENT,9:19:44,9:20:43,59,GILI
AA0210,45095,0,0,PS,990913,9:32:18,9:32:30,12,0:00:00,0:00:00,0,AGENT,9:32:30,9:34:57,147,GILI
AA0210,45096,0,0,NW,990913,9:38:59,9:39:08,9,9:39:08,9:42:50,222,HANG,0:00:00,0:00:00,0,NO_SERVER
AA0210,45097,0,0,PS,990913,9:51:23,9:51:36,13,0:00:00,0:00:00,0,AGENT,9:51:35,9:52:50,75,TOVA
AA0210,45098,0,0,PS,990913,10:01:51,10:02:00,9,0:00:00,0:00:00,0,AGENT,10:01:59,10:10:50,531,ROTH
AA0210,45099,0,0,NW,990913,10:10:58,10:11:11,13,0:00:00,0:00:00,0,AGENT,10:11:10,10:12:30,80,ROTH
AA0210,45100,0,0,NE,990913,10:21:36,10:21:49,13,0:00:00,0:00:00,0,AGENT,10:21:47,10:25:54,247,ELI
AA0210,45101,0,0,PS,990913,10:31:49,10:31:59,10,0:00:00,0:00:00,0,AGENT,10:31:58,10:33:52,114,ZOHARI
AA0210,45102,56028,2,PS,990913,10:38:26,10:38:32,6,10:38:32,10:39:25,53,AGENT,10:39:24,10:41:32,128,STEREN
AA0210,45103,0,0,PS,990913,10:45:48,10:46:02,14,0:00:00,0:00:00,0,AGENT,10:46:01,10:48:44,163,ZOHARI
AA0210,45104,0,0,PS,990913,10:57:13,10:57:26,13,0:00:00,0:00:00,0,AGENT,10:57:25,10:59:07,102,GILI
AA0210,45105,0,0,NW,990913,11:06:41,11:06:51,10,11:06:51,11:09:02,131,AGENT,11:09:01,11:10:10,69,VICKY
AA0210,45106,0,0,PS,990913,11:18:03,11:18:12,9,0:00:00,0:00:00,0,AGENT,11:18:10,11:19:56,106,ROTH
AA0210,45107,0,0,PS,990913,11:25:20,11:25:29,9,0:00:00,0:00:00,0,AGENT,11:25:28,11:30:53,325,KAZAV
AA0210,45108,0,0,NW,990913,11:34:58,11:35:07,9,11:35:07,11:36:12,65,AGENT,11:36:11,11:38:23,132,SHARON
AA0210,45109,0,0,PS,990913,11:46:04,11:46:15,11,0:00:00,0:00:00,0,AGENT,11:46:14,11:48:22,128,ZOHARI
AA0210,45110,0,0,NW,990913,11:53:08,11:53:17,9,11:53:17,11:55:32,135,AGENT,11:55:31,11:57:15,104,VICKY
AA0210,45111,0,0,PS,990913,12:02:02,12:02:10,8,0:00:00,0:00:00,0,AGENT,12:02:09,12:04:00,111,GILI
AA0210,45112,0,0,PS,990913,12:12:51,12:13:02,11,0:00:00,0:00:00,0,AGENT,12:13:00,12:13:39,39,STEREN
AA0210,45113,54271564,1,NE,990913,12:24:14,12:24:19,5,12:24:19,12:24:34,15,AGENT,12:24:33,12:24:43,10,ROTH
AA0210,45114,0,0,PS,990913,12:36:26,12:36:37,11,0:00:00,0:00:00,0,AGENT,12:36:36,12:39:00,144,GILI
AA0210,45115,0,0,PS,990913,12:48:52,12:49:05,13,0:00:00,0:00:00,0,AGENT,12:49:04,12:50:23,79,SHARON
AA0210,45116,32287286,1,PS,990913,13:04:55,13:05:01,6,13:05:01,13:05:47,46,AGENT,13:05:46,13:06:48,62,TOVA
AA0210,45117,0,0,PS,990913,13:12:56,13:13:05,9,0:00:00,0:00:00,0,AGENT,13:13:05,13:15:55,170,TOVA
AA0210,45118,0,0,PS,990913,13:23:34,13:23:43,9,0:00:00,0:00:00,0,AGENT,13:23:42,13:24:49,67,TOVA
AA0210,45119,0,0,NW,990913,13:34:45,13:34:58,13,0:00:00,0:00:00,0,AGENT,13:34:57,13:35:37,40,ROTH
AA0210,45120,27901198,2,PS,990913,13:45:18,13:45:23,5,13:45:23,13:46:26,63,AGENT,13:46:26,13:50:35,249,VICKY
AA0210,45121,42358408,2,PS,990913,13:51:02,13:51:08,6,13:51:08,13:55:17,249,AGENT,13:55:16,14:07:57,761,SHARON
AA0210,45122,0,0,NW,990913,14:03:13,14:03:22,9,14:03:22,14:04:47,85,HANG,0:00:00,0:00:00,0,NO_SERVER
AA0210,45123,37698669,2,PS,990913,14:09:24,14:09:30,6,14:09:30,14:10:34,64,AGENT,14:10:32,14:15:30,298,BASCH
AA0210,45124,33643867,1,PS,990913,14:13:59,14:14:05,6,14:14:05,14:18:25,260,AGENT,14:18:24,14:21:40,196,BASCH
AA0210,45125,7044944,2,PS,990913,14:23:09,14:23:14,5,14:23:14,14:23:20,6,AGENT,14:23:19,14:23:23,4,MORIAH
AA0210,45127,0,0,PS,990913,14:30:06,14:30:06,0,0:00:00,0:00:00,0,HANG,0:00:00,0:00:00,0,NO_SERVER
AA0210,45128,77624039,2,PS,990913,14:36:50,14:36:56,6,14:36:56,14:38:41,105,AGENT,14:38:40,14:40:54,134,SHARON
AA0210,45129,53186953,2,PS,990913,14:46:34,14:46:40,6,14:46:40,14:47:52,72,AGENT,14:47:51,14:48:32,41,ROTH
AA0210,45130,27383116,1,PS,990913,14:53:44,14:53:50,6,14:53:50,14:58:24,274,AGENT,14:58:23,15:00:09,106,SHARON
AA0210,45131,51929339,2,PS,990913,15:05:46,15:05:52,6,15:05:52,15:07:17,85,AGENT,15:07:16,15:15:27,491,SHARON
AA0210,45132,24505992,1,PS,990913,15:14:46,15:14:52,6,15:14:52,15:18:12,200,AGENT,15:18:11,15:19:50,99,ANAT
AA0210,45133,56771355,2,NE,990913,15:25:36,15:25:42,6,15:25:42,15:25:51,9,HANG,0:00:00,0:00:00,0,NO_SERVER
AA0210,45135,0,0,PS,990913,15:35:51,15:35:51,0,0:00:00,0:00:00,0,HANG,0:00:00,0:00:00,0,NO_SERVER
AA0210,45136,50888668,1,PS,990913,15:45:19,15:45:25,6,15:45:25,15:47:13,108,AGENT,15:47:12,15:47:25,13,SHARON
AA0210,45137,25643123,1,PS,990913,15:59:18,15:59:23,5,15:59:23,15:59:29,6,AGENT,15:59:28,16:01:33,125,MORIAH
AA0210,45138,52031556,2,PS,990913,16:08:28,16:08:33,5,16:08:33,16:09:28,55,AGENT,16:09:27,16:12:19,172,ANAT
AA0210,45139,0,0,PS,990913,16:24:22,16:24:33,11,0:00:00,0:00:00,0,AGENT,16:24:32,16:27:59,207,MORIAH
AA0210,45140,29340080,2,PS,990913,16:35:24,16:35:29,5,16:35:29,16:36:33,64,AGENT,16:36:32,16:40:08,216,BASCH
AA0210,45141,61770335,1,PS,990913,16:45:57,16:46:02,5,16:46:02,16:48:16,134,AGENT,16:48:15,16:54:53,398,AVNI
AA0210,45142,313788879,1,NW,990913,16:54:11,16:54:17,6,16:54:17,16:54:24,7,HANG,0:00:00,0:00:00,0,NO_SERVER
AA0210,45143,0,0,PS,990913,17:00:45,17:00:55,10,0:00:00,0:00:00,0,AGENT,17:00:54,17:07:53,419,BASCH
AA0210,45144,0,0,PS,990913,17:16:28,17:16:39,11,0:00:00,0:00:00,0,AGENT,17:16:38,17:16:40,2,ANAT
AA0210,45145,0,0,NW,990913,17:34:29,17:34:42,13,0:00:00,0:00:00,0,AGENT,17:34:41,17:34:54,13,NO_SERVER
AA0210,45146,23782725,1,PS,990913,17:49:30,17:49:35,5,17:49:35,17:53:04,209,AGENT,17:53:04,17:55:44,160,AVNI
AA0210,45147,0,0,PS,990913,18:07:34,18:07:44,10,0:00:00,0:00:00,0,AGENT,18:07:43,18:09:32,109,AVNI
AA0210,45148,58007352,2,PS,990913,18:18:38,18:18:43,5,18:18:43,18:18:58,15,AGENT,18:18:58,18:20:38,100,BASCH
AA0210,45149,0,0,NE,990913,18:38:34,18:38:43,9,0:00:00,0:00:00,0,AGENT,18:38:42,18:38:44,2,MORIAH
AA0210,45150,10473262,2,PS,990913,18:51:12,18:51:18,6,18:51:18,18:52:04,46,AGENT,18:52:03,18:55:33,210,BASCH
AA0210,45151,54128681,2,PS,990913,19:02:00,19:02:04,4,19:02:04,19:02:07,3,AGENT,19:02:07,19:02:59,52,BASCH
AA0210,45153,0,0,PS,990913,19:13:59,19:13:59,0,0:00:00,0:00:00,0,HANG,0:00:00,0:00:00,0,NO_SERVER
AA0210,45154,58859752,2,PS,990913,19:23:16,19:23:22,6,19:23:22,19:23:34,12,AGENT,19:23:33,19:25:44,131,BASCH
AA0210,45156,0,0,PS,990913,19:33:27,19:33:27,0,0:00:00,0:00:00,0,HANG,0:00:00,0:00:00,0,NO_SERVER
AA0210,45157,0,0,PS,990913,19:50:36,19:50:49,13,0:00:00,0:00:00,0,AGENT,19:50:48,19:52:49,121,ANAT
AA0210,45158,0,0,PS,990913,20:07:40,20:07:49,9,0:00:00,0:00:00,0,AGENT,20:07:48,20:09:08,80,ANAT
AA0210,45159,31504384,1,PS,990913,20:19:19,20:19:24,5,20:19:24,20:19:31,7,AGENT,20:19:30,20:20:31,61,BASCH
AA0210,45160,0,0,PS,990913,20:33:33,20:33:46,13,0:00:00,0:00:00,0,AGENT,20:33:45,20:36:20,155,ANAT
AA0210,45161,0,0,NW,990913,20:52:02,20:52:12,10,20:52:12,20:53:25,73,HANG,0:00:00,0:00:00,0,NO_SERVER
AA0210,45162,4553749,2,PS,990913,21:12:18,21:12:24,6,21:12:24,21:13:57,93,AGENT,21:13:56,21:16:18,142,MORIAH
AA0210,45163,0,0,PS,990913,21:31:54,21:32:04,10,0:00:00,0:00:00,0,AGENT,21:32:03,21:33:03,60,AVNI
AA0210,45164,0,0,PS,990913,21:43:57,21:44:05,8,0:00:00,0:00:00,0,AGENT,21:44:04,21:57:27,803,MORIAH
AA0210,45165,24393688,1,PS,990913,22:08:23,22:08:29,6,22:08:29,22:12:59,270,AGENT,22:12:58,22:14:38,100,AVI
AA0210,45166,0,0,NW,990913,22:24:21,22:24:30,9,22:24:30,22:26:42,132,AGENT,22:26:42,22:31:41,299,AVNI
AA0210,45167,0,0,NW,990913,22:53:04,22:53:17,13,0:00:00,0:00:00,0,AGENT,22:53:17,22:53:26,9,NO_SERVER
AA0210,45168,0,0,PS,990913,23:30:00,23:30:12,12,0:00:00,0:00:00,0,AGENT,23:30:11,23:30:13,2,AVI
AA0210,45169,13811666,1,PS,990913,23:56:20,23:56:26,6,23:56:26,23:56:38,12,AGENT,23:56:37,23:58:24,107,AVI
AA0210,45170,0,0,PS,990914,5:57:21,5:57:57,36,0:00:00,0:00:00,0,HANG,0:00:00,0:00:00,0,NO_SERVER
AA0210,45171,0,0,NW,990914,7:25:55,7:26:04,9,7:26:04,7:28:53,169,AGENT,7:28:51,7:28:52,1,MORIAH
AA0210,45172,0,0,PS,990914,7:46:27,7:46:35,8,0:00:00,0:00:00,0,AGENT,7:46:36,7:46:42,6,NO_SERVER
AA0210,45173,0,0,NW,990914,8:07:27,8:07:37,10,8:07:37,8:09:01,84,HANG,0:00:00,0:00:00,0,NO_SERVER
AA0210,45174,0,0,NW,990914,8:22:43,8:22:52,9,8:22:52,8:26:50,238,HANG,0:00:00,0:00:00,0,NO_SERVER
AA0210,45175,0,0,PS,990914,8:33:13,8:33:24,11,0:00:00,0:00:00,0,AGENT,8:33:23,8:42:00,517,MORIAH
AA0210,45176,0,0,NW,990914,8:43:00,8:43:09,9,8:43:09,8:53:01,592,AGENT,8:53:01,8:57:20,259,GOLDIE
AA0210,45177,0,0,PS,990914,9:00:15,9:00:23,8,0:00:00,0:00:00,0,AGENT,9:00:23,9:06:20,357,TOVA
AA0210,45178,0,0,NW,990914,9:10:16,9:10:26,10,9:10:26,9:10:50,24,AGENT,9:10:48,9:13:39,171,GOLDIE
AA0210,45179,23721897,1,PS,990914,9:20:00,9:20:06,6,9:20:06,9:20:26,20,AGENT,9:20:24,9:21:23,59,ANAT
AA0210,45180,0,0,PS,990914,9:29:14,9:29:28,14,0:00:00,0:00:00,0,AGENT,9:29:27,9:32:33,186,ANAT
AA0210,45181,0,0,NW,990914,9:37:56,9:38:06,10,9:38:06,9:38:44,38,HANG,0:00:00,0:00:00,0,NO_SERVER
AA0210,45182,0,0,PS,990914,9:47:03,9:47:11,8,0:00:00,0:00:00,0,AGENT,9:47:11,9:49:48,157,BASCH
AA0210,45183,69687275,2,PS,990914,9:57:45,9:57:51,6,9:57:51,9:58:02,11,AGENT,9:58:00,9:59:46,106,ANAT
AA0210,45184,0,0,PS,990914,10:07:55,10:08:06,11,0:00:00,0:00:00,0,AGENT,10:08:04,10:09:55,111,ANAT
AA0210,45185,29373164,2,PS,990914,10:15:48,10:15:54,6,10:15:54,10:17:18,84,AGENT,10:17:17,10:18:29,72,ANAT
AA0210,45186,74780917,2,NE,990914,10:23:49,10:23:55,6,10:23:55,10:24:22,27,AGENT,10:24:20,10:28:37,257,KAZAV
AA0210,45187,9827106,2,PS,990914,10:30:39,10:30:45,6,10:30:45,10:30:56,11,AGENT,10:30:55,10:40:04,549,ANAT
AA0210,45188,58029620,2,PS,990914,10:36:03,10:36:09,6,10:36:09,10:38:19,130,AGENT,10:38:19,10:39:17,58,BASCH
AA0210,45189,59818120,2,PS,990914,10:41:48,10:41:54,6,10:41:54,10:42:24,30,AGENT,10:42:23,10:43:27,64,ANAT
AA0210,45190,0,0,PS,990914,10:49:17,10:49:27,10,0:00:00,0:00:00,0,AGENT,10:49:27,10:51:58,151,TOVA
AA0210,45191,1178565,2,PS,990914,11:00:56,11:01:01,5,11:01:01,11:02:07,66,AGENT,11:02:06,11:04:25,139,ANAT
AA0210,45192,12482634,2,NE,990914,11:08:02,11:08:08,6,11:08:08,11:10:08,120,AGENT,11:10:07,11:13:48,221,AVNI
AA0210,45193,10473262,2,PS,990914,11:17:21,11:17:27,6,11:17:27,11:17:35,8,AGENT,11:17:34,11:19:04,90,TOVA
AA0210,45194,0,0,PS,990914,11:29:54,11:30:03,9,0:00:00,0:00:00,0,AGENT,11:30:03,11:31:53,110,MORIAH
AA0210,45195,0,0,NW,990914,11:41:40,11:41:49,9,11:41:49,11:46:07,258,AGENT,11:46:06,11:49:49,223,BASCH
AA0210,45196,74780917,2,NE,990914,11:52:11,11:52:17,6,11:52:17,11:54:25,128,AGENT,11:54:23,12:00:11,348,TOVA
AA0210,45197,59294736,2,PS,990914,12:02:53,12:02:58,5,12:02:58,12:03:07,9,AGENT,12:03:06,12:04:45,99,GOLDIE
AA0210,45198,0,0,PS,990914,12:12:16,12:12:27,11,0:00:00,0:00:00,0,AGENT,12:12:25,12:13:26,61,KAZAV
AA0210,45199,0,0,NW,990914,12:22:24,12:22:33,9,12:22:33,12:23:27,54,AGENT,12:23:26,12:29:39,373,AVNI
AA0210,45200,52031556,2,PS,990914,12:32:48,12:32:53,5,12:32:53,12:33:11,18,AGENT,12:33:10,12:37:23,253,ANAT
AA0210,45201,74007444,2,PS,990914,12:40:05,12:40:10,5,12:40:10,12:40:38,28,AGENT,12:40:37,12:43:00,143,TOVA
AA0210,45202,0,0,PS,990914,12:53:02,12:53:11,9,0:00:00,0:00:00,0,AGENT,12:53:10,12:57:40,270,AVNI
AA0210,45203,55257992,2,PS,990914,13:05:27,13:05:33,6,13:05:33,13:05:35,2,AGENT,13:05:35,13:06:36,61,ANAT
AA0210,45204,0,0,PS,990914,13:19:34,13:19:46,12,0:00:00,0:00:00,0,AGENT,13:19:46,13:21:45,119,TOVA
AA0210,45205,57432775,1,PS,990914,13:31:54,13:32:00,6,13:32:00,13:32:03,3,AGENT,13:32:02,13:35:35,213,AVNI
AA0210,45206,317760924,2,PS,990914,13:42:03,13:42:09,6,13:42:09,13:42:49,40,AGENT,13:42:49,13:46:11,202,MORIAH
AA0210,45207,56552474,2,PS,990914,13:50:25,13:50:31,6,13:50:31,13:50:48,17,AGENT,13:50:47,13:51:12,25,KAZAV
AA0210,45208,27901198,2,PS,990914,13:59:02,13:59:07,5,13:59:07,13:59:42,35,AGENT,13:59:41,13:59:43,2,MORIAH
AA0210,45209,0,0,NW,990914,14:08:58,14:09:08,10,14:09:08,14:11:59,171,HANG,0:00:00,0:00:00,0,NO_SERVER
AA0210,45210,0,0,NE,990914,14:19:53,14:20:09,16,0:00:00,0:00:00,0,AGENT,14:20:08,14:22:34,146,ELI
AA0210,45211,0,0,NW,990914,14:27:35,14:27:44,9,14:27:44,14:28:12,28,AGENT,14:28:11,14:29:58,107,AVNI
AA0210,45212,4133674,2,NE,990914,14:37:37,14:37:43,6,14:37:43,14:38:34,51,AGENT,14:38:33,15:31:59,3206,ELI
AA0210,45213,312648843,1,PS,990914,14:44:05,14:44:11,6,14:44:11,14:47:31,200,AGENT,14:47:29,14:50:49,200,KAZAV
AA0210,45214,0,0,NW,990914,14:58:45,14:58:55,10,14:58:55,15:00:23,88,HANG,0:00:00,0:00:00,0,NO_SERVER
AA0210,45215,23822679,2,PS,990914,15:10:45,15:10:51,6,15:10:51,15:15:15,264,AGENT,15:15:15,15:21:46,391,BASCH
AA0210,45216,0,0,NW,990914,15:26:51,15:27:00,9,15:27:00,15:27:11,11,AGENT,15:27:10,15:27:34,24,KAZAV
AA0210,45217,27885011,2,PS,990914,15:36:35,15:36:41,6,15:36:41,15:38:45,124,AGENT,15:38:45,15:43:15,270,ZOHARI
AA0210,45218,59630624,1,NE,990914,15:47:35,15:47:40,5,15:47:40,15:50:01,141,AGENT,15:50:00,15:50:38,38,BASCH
AA0210,45219,52120771,1,NE,990914,15:59:44,15:59:50,6,15:59:50,16:02:14,144,AGENT,16:02:13,16:03:49,96,SHARON
AA0210,45220,0,0,NW,990914,16:11:33,16:11:43,10,16:11:43,16:12:15,32,HANG,0:00:00,0:00:00,0,NO_SERVER
AA0210,45221,30466387,2,PS,990914,16:21:10,16:21:16,6,16:21:16,16:21:56,40,AGENT,16:21:55,16:22:30,35,SHARON
AA0210,45222,67899906,1,PS,990914,16:34:34,16:34:39,5,16:34:39,16:36:48,129,AGENT,16:36:47,16:39:37,170,YITZ
AA0210,45223,0,0,NE,990914,16:49:03,16:49:21,18,0:00:00,0:00:00,0,AGENT,16:49:20,16:51:06,106,SHARON
AA0210,45224,0,0,PS,990914,16:56:47,16:56:58,11,0:00:00,0:00:00,0,AGENT,16:56:58,16:57:49,51,SHARON
AA0210,45225,41543000,2,PS,990914,17:09:48,17:09:54,6,17:09:54,17:10:08,14,AGENT,17:10:08,17:12:58,170,SHARON
AA0210,45226,0,0,NE,990914,17:22:22,17:22:36,14,0:00:00,0:00:00,0,AGENT,17:22:35,17:24:24,109,NAAMA
AA0210,45227,52867744,2,PS,990914,17:38:50,17:38:56,6,17:38:56,17:39:09,13,AGENT,17:39:08,17:42:23,195,STEREN
AA0210,45228,53986741,2,PS,990914,17:52:41,17:53:03,22,17:53:03,17:54:00,57,AGENT,17:53:59,17:58:05,246,ZOHARI
AA0210,45229,0,0,NW,990914,18:10:39,18:10:52,13,0:00:00,0:00:00,0,AGENT,18:10:51,18:11:31,40,YITZ
AA0210,45230,0,0,PS,990914,18:23:45,18:23:59,14,0:00:00,0:00:00,0,AGENT,18:23:58,18:25:30,92,NAAMA
AA0210,45231,0,0,NW,990914,18:42:30,18:42:45,15,0:00:00,0:00:00,0,AGENT,18:42:44,18:44:31,107,YITZ
AA0210,45232,0,0,NW,990914,18:56:17,18:56:34,17,0:00:00,0:00:00,0,AGENT,18:56:34,18:57:39,65,BENSION
AA0210,45233,0,0,PS,990914,19:15:33,19:15:44,11,0:00:00,0:00:00,0,AGENT,19:15:43,19:17:51,128,BENSION
AA0210,45234,0,0,PS,990914,19:36:46,19:36:57,11,0:00:00,0:00:00,0,AGENT,19:36:57,19:38:32,95,NAAMA
AA0210,45235,0,0,PS,990914,19:55:24,19:55:37,13,0:00:00,0:00:00,0,AGENT,19:55:36,19:58:19,163,YITZ
AA0210,45236,0,0,NW,990914,20:13:10,20:13:19,9,20:13:19,20:14:18,59,AGENT,20:14:18,20:15:25,67,SHARON
AA0210,45237,0,0,PS,990914,20:37:11,20:37:31,20,0:00:00,0:00:00,0,AGENT,20:37:30,20:38:59,89,SHARON
AA0210,45238,17878737,2,PE,990914,20:58:49,20:58:53,4,20:58:53,21:03:11,258,AGENT,21:03:10,21:11:16,486,YITZ
AA0210,45239,0,0,PS,990914,21:28:09,21:28:21,12,0:00:00,0:00:00,0,AGENT,21:28:21,21:30:37,136,ZOHARI
AA0210,45240,0,0,PS,990914,21:45:01,21:45:10,9,0:00:00,0:00:00,0,AGENT,21:45:09,21:46:17,68,SHARON
AA0210,45241,0,0,PS,990914,22:00:40,22:00:53,13,0:00:00,0:00:00,0,AGENT,22:00:52,22:06:21,329,ZOHARI
AA0210,45242,17631193,2,PS,990914,22:28:36,22:28:42,6,22:28:42,22:28:53,11,AGENT,22:28:52,22:30:20,88,SHARON
AA0210,45243,0,0,PS,990914,23:03:58,23:04:07,9,0:00:00,0:00:00,0,AGENT,23:04:06,23:06:31,145,SHARON
AA0210,45244,0,0,PS,990914,23:29:35,23:29:48,13,0:00:00,0:00:00,0,AGENT,23:29:47,23:32:22,155,BENSION
AA0210,45245,0,0,PS,990915,0:43:23,0:43:45,22,0:00:00,0:00:00,0,HANG,0:00:00,0:00:00,0,NO_SERVER
AA0210,45246,0,0,PS,990915,7:22:20,7:22:30,10,0:00:00,0:00:00,0,AGENT,7:22:29,7:24:32,123,DORIT
AA0210,45247,0,0,PS,990915,7:53:03,7:53:14,11,0:00:00,0:00:00,0,AGENT,7:53:13,7:57:54,281,DORIT
AA0210,45248,0,0,NW,990915,8:13:19,8:13:32,13,0:00:00,0:00:00,0,AGENT,8:13:31,8:14:05,34,VICKY
AA0210,45249,27400290,2,PS,990915,8:28:28,8:28:33,5,8:28:33,8:29:05,32,AGENT,8:29:04,8:30:22,78,ZOHARI
AA0210,45250,0,0,NW,990915,8:44:08,8:44:17,9,8:44:17,8:44:51,34,AGENT,8:44:49,8:51:32,403,VICKY
AA0210,45251,69687275,2,PS,990915,8:53:26,8:53:32,6,8:53:32,8:53:56,24,AGENT,8:53:55,9:08:41,886,ROTH
AA0210,45252,55898720,2,PS,990915,9:05:30,9:05:36,6,9:05:36,9:06:14,38,AGENT,9:06:13,9:09:31,198,DORIT
AA0210,45253,7191646,2,NE,990915,9:11:52,9:11:57,5,9:11:57,9:12:47,50,AGENT,9:12:46,9:19:33,407,ZOHARI
AA0210,45254,0,0,NW,990915,9:23:47,9:24:03,16,0:00:00,0:00:00,0,AGENT,9:24:02,9:25:44,102,STEREN
AA0210,45255,0,0,PE,990915,9:36:50,9:37:00,10,0:00:00,0:00:00,0,AGENT,9:36:59,9:46:11,552,DORIT
AA0210,45256,0,0,PS,990915,9:47:18,9:47:28,10,0:00:00,0:00:00,0,AGENT,9:47:27,9:50:06,159,GOLDIE
AA0210,45257,0,0,PS,990915,9:55:28,9:55:38,10,0:00:00,0:00:00,0,AGENT,9:55:36,9:57:31,115,KAZAV
AA0210,45258,52120771,1,NE,990915,10:04:58,10:05:04,6,10:05:04,10:05:50,46,AGENT,10:05:49,10:06:15,26,AVNI
AA0210,45259,52867744,2,NE,990915,10:14:55,10:15:01,6,10:15:01,10:15:28,27,AGENT,10:15:27,10:20:17,290,STEREN
AA0210,45260,55290571,1,PS,990915,10:21:51,10:21:56,5,10:21:56,10:23:48,112,HANG,0:00:00,0:00:00,0,NO_SERVER
AA0210,45261,0,0,PS,990915,10:30:55,10:31:05,10,0:00:00,0:00:00,0,AGENT,10:31:05,10:32:09,64,KAZAV
AA0210,45262,0,0,PS,990915,10:38:55,10:39:04,9,0:00:00,0:00:00,0,AGENT,10:39:03,10:40:04,61,NO_SERVER
AA0210,45263,0,0,PS,990915,10:47:11,10:47:20,9,0:00:00,0:00:00,0,AGENT,10:47:19,10:48:21,62,KAZAV
AA0210,45264,51294858,2,PS,990915,10:54:53,10:54:59,6,10:54:59,10:56:09,70,AGENT,10:56:07,10:57:37,90,AVNI
AA0210,45265,55319123,2,PS,990915,11:06:16,11:06:22,6,11:06:22,11:06:50,28,AGENT,11:06:49,11:08:23,94,STEREN
AA0210,45266,0,0,PS,990915,11:14:57,11:15:06,9,0:00:00,0:00:00,0,AGENT,11:15:05,11:17:33,148,KAZAV
AA0210,45267,0,0,NE,990915,11:27:10,11:27:20,10,0:00:00,0:00:00,0,AGENT,11:27:19,11:29:13,114,AVNI
AA0210,45268,63730469,1,PS,990915,11:33:59,11:34:05,6,11:34:05,11:35:00,55,AGENT,11:34:59,11:36:56,117,DORIT
AA0210,45269,0,0,PS,990915,11:51:04,11:51:12,8,0:00:00,0:00:00,0,AGENT,11:51:11,11:51:50,39,DORIT
AA0210,45270,0,0,PS,990915,12:02:31,12:02:43,12,0:00:00,0:00:00,0,AGENT,12:02:42,12:03:36,54,ZOHARI
AA0210,45271,0,0,PS,990915,12:15:41,12:16:07,26,0:00:00,0:00:00,0,AGENT,12:16:06,12:20:12,246,VICKY
AA0210,45272,28777209,2,PS,990915,12:24:46,12:24:51,5,12:24:51,12:25:13,22,AGENT,12:25:12,12:26:55,103,STEREN
AA0210,45273,0,0,NW,990915,12:39:25,12:39:47,22,0:00:00,0:00:00,0,AGENT,12:39:46,12:41:35,109,GOLDIE
AA0210,45274,0,0,PS,990915,12:52:58,12:53:07,9,0:00:00,0:00:00,0,AGENT,12:53:06,12:54:16,70,YIFAT
AA0210,45275,74780917,2,NE,990915,13:06:41,13:06:47,6,13:06:47,13:07:06,19,HANG,0:00:00,0:00:00,0,NO_SERVER
AA0210,45276,55279970,2,NE,990915,13:16:21,13:16:26,5,13:16:26,13:17:15,49,HANG,0:00:00,0:00:00,0,NO_SERVER
AA0210,45277,51294858,2,PS,990915,13:26:50,13:26:55,5,13:26:55,13:28:03,68,AGENT,13:28:02,13:30:09,127,ROTH
AA0210,45278,0,0,NW,990915,13:43:20,13:43:31,11,0:00:00,0:00:00,0,AGENT,13:43:31,13:43:56,25,STEREN
AA0210,45279,0,0,NE,990915,13:56:55,13:57:08,13,0:00:00,0:00:00,0,AGENT,13:57:07,14:08:48,701,ELI
AA0210,45280,0,0,PS,990915,14:05:44,14:05:55,11,0:00:00,0:00:00,0,AGENT,14:05:54,14:06:41,47,DORIT
AA0210,45281,41854969,1,PS,990915,14:17:28,14:17:34,6,14:17:34,14:17:44,10,AGENT,14:17:43,14:18:47,64,VICKY
AA0210,45282,0,0,PS,990915,14:30:08,14:30:18,10,0:00:00,0:00:00,0,AGENT,14:30:18,14:33:17,179,BASCH
AA0210,45283,0,0,PS,990915,14:40:00,14:40:12,12,0:00:00,0:00:00,0,AGENT,14:40:11,14:42:59,168,ZOHARI
AA0210,45284,10858884,2,NE,990915,14:46:21,14:46:27,6,14:46:27,14:46:31,4,AGENT,14:46:30,14:47:16,46,ZOHARI
AA0210,45285,22263115,2,PS,990915,14:55:27,14:55:33,6,14:55:33,14:55:55,22,AGENT,14:55:54,14:57:17,83,VICKY
AA0210,45286,4133674,2,NE,990915,15:08:50,15:08:56,6,15:08:56,15:09:04,8,AGENT,15:09:02,15:09:49,47,KAZAV
AA0210,45287,69858181,2,PS,990915,15:14:03,15:14:08,5,15:14:08,15:15:03,55,AGENT,15:15:03,15:16:07,64,KAZAV
AA0210,45288,0,0,PS,990915,15:23:59,15:24:08,9,0:00:00,0:00:00,0,AGENT,15:24:07,15:25:29,82,SHARON
AA0210,45289,63193346,2,PS,990915,15:30:40,15:30:46,6,15:30:46,15:31:46,60,AGENT,15:31:45,15:31:51,6,ROTH
AA0210,45290,25779315,1,PS,990915,15:35:45,15:35:51,6,15:35:51,15:36:02,11,AGENT,15:36:01,15:38:34,153,STEREN
AA0210,45291,10858884,2,NE,990915,15:41:28,15:41:34,6,15:41:34,15:42:01,27,AGENT,15:42:00,15:42:55,55,ROTH
AA0210,45292,0,0,PS,990915,15:50:07,15:50:16,9,0:00:00,0:00:00,0,AGENT,15:50:16,15:50:23,7,ANAT
AA0210,45293,15239874,2,PS,990915,16:01:59,16:02:04,5,16:02:04,16:02:12,8,AGENT,16:02:11,16:02:13,2,MORIAH
AA0210,45294,0,0,PS,990915,16:12:42,16:12:55,13,0:00:00,0:00:00,0,AGENT,16:12:54,16:14:34,100,AVI
AA0210,45295,0,0,NW,990915,16:27:20,16:27:34,14,0:00:00,0:00:00,0,AGENT,16:27:33,16:28:37,64,BENSION
AA0210,45296,0,0,PS,990915,16:41:14,16:41:23,9,0:00:00,0:00:00,0,AGENT,16:41:22,16:42:16,54,BASCH
AA0210,45297,0,0,NE,990915,16:51:28,16:51:36,8,0:00:00,0:00:00,0,AGENT,16:51:35,16:51:38,3,STEREN
AA0210,45298,0,0,NE,990915,17:09:22,17:09:31,9,0:00:00,0:00:00,0,AGENT,17:09:30,17:10:50,80,MORIAH
AA0210,45299,0,0,NW,990915,17:22:34,17:22:48,14,0:00:00,0:00:00,0,AGENT,17:22:46,17:24:05,79,YITZ
AA0210,45300,0,0,PS,990915,17:37:20,17:37:31,11,0:00:00,0:00:00,0,AGENT,17:37:30,17:38:09,39,TOVA
AA0210,45301,0,0,PS,990915,18:03:38,18:03:48,10,0:00:00,0:00:00,0,AGENT,18:03:47,18:11:48,481,YITZ
AA0210,45302,0,0,PS,990915,18:24:48,18:24:58,10,0:00:00,0:00:00,0,AGENT,18:24:57,18:27:00,123,BASCH
AA0210,45303,0,0,PS,990915,18:40:10,18:40:20,10,0:00:00,0:00:00,0,AGENT,18:40:19,18:46:46,387,ANAT
AA0210,45304,0,0,PS,990915,18:53:38,18:53:53,15,0:00:00,0:00:00,0,AGENT,18:53:51,18:54:48,57,BENSION
AA0210,45305,0,0,PS,990915,19:12:22,19:12:43,21,0:00:00,0:00:00,0,AGENT,19:12:43,19:13:57,74,BASCH
AA0210,45306,22612071,2,PS,990915,19:36:03,19:36:09,6,19:36:09,19:36:25,16,AGENT,19:36:24,19:41:58,334,YITZ
AA0210,45307,0,0,NW,990915,19:56:16,19:56:30,14,0:00:00,0:00:00,0,AGENT,19:56:28,19:56:59,31,YITZ
AA0210,45308,0,0,PS,990915,20:21:51,20:22:04,13,0:00:00,0:00:00,0,AGENT,20:22:03,20:23:15,72,TOVA
AA0210,45309,0,0,PS,990915,20:42:03,20:42:11,8,0:00:00,0:00:00,0,AGENT,20:42:11,20:44:26,135,AVI
AA0210,45310,0,0,PS,990915,20:55:28,20:55:47,19,0:00:00,0:00:00,0,AGENT,20:55:46,20:56:40,54,MORIAH
AA0210,45311,0,0,NW,990915,21:17:56,21:18:10,14,0:00:00,0:00:00,0,AGENT,21:18:09,21:20:52,163,YITZ
AA0210,45312,67621961,2,NE,990915,21:32:05,21:32:11,6,21:32:11,21:33:59,108,AGENT,21:33:59,21:34:38,39,BENSION
AA0210,45313,0,0,PS,990915,21:53:08,21:53:17,9,0:00:00,0:00:00,0,AGENT,21:53:16,21:53:20,4,AVI
AA0210,45314,0,0,PS,990915,22:08:50,22:09:05,15,0:00:00,0:00:00,0,AGENT,22:09:05,22:09:52,47,AVI
AA0210,45315,3968047,2,PS,990915,22:30:17,22:30:22,5,22:30:22,22:31:13,51,AGENT,22:31:12,22:32:45,93,BENSION
AA0210,45316,0,0,PS,990915,23:00:07,23:00:17,10,0:00:00,0:00:00,0,AGENT,23:00:17,23:01:35,78,AVI
AA0210,45317,58704610,2,PS,990915,23:46:05,23:46:11,6,23:46:11,23:46:32,21,AGENT,23:46:31,23:48:15,104,AVI
AA0210,45318,0,0,NW,990916,1:26:21,1:26:44,23,0:00:00,0:00:00,0,HANG,0:00:00,0:00:00,0,NO_SERVER
AA0210,45319,0,0,PS,990916,7:32:24,7:32:37,13,0:00:00,0:00:00,0,AGENT,7:32:35,7:37:26,291,ZOHARI
AA0210,45320,0,0,PS,990916,7:54:27,7:54:39,12,0:00:00,0:00:00,0,AGENT,7:54:38,7:56:41,123,MORIAH
AA0210,45321,0,0,PS,990916,8:13:11,8:13:20,9,0:00:00,0:00:00,0,AGENT,8:13:19,8:20:49,450,YIFAT
AA0210,45322,0,0,PS,990916,8:26:57,8:27:07,10,0:00:00,0:00:00,0,AGENT,8:27:05,8:28:17,72,ANAT
AA0210,45323,0,0,PS,990916,8:43:58,8:44:07,9,0:00:00,0:00:00,0,AGENT,8:44:07,8:45:26,79,MORIAH
AA0210,45324,0,0,PS,990916,8:52:22,8:52:31,9,0:00:00,0:00:00,0,AGENT,8:52:30,8:55:06,156,KAZAV
AA0210,45325,0,0,PS,990916,9:05:15,9:05:28,13,0:00:00,0:00:00,0,AGENT,9:05:26,9:08:18,172,ZOHARI
AA0210,45326,0,0,PS,990916,9:14:49,9:14:59,10,0:00:00,0:00:00,0,AGENT,9:14:58,9:17:11,133,TOVA
AA0210,45327,0,0,NW,990916,9:23:56,9:24:06,10,9:24:06,9:24:54,48,AGENT,9:24:53,9:27:51,178,ROTH
AA0210,45328,0,0,PS,990916,9:45:39,9:45:47,8,0:00:00,0:00:00,0,AGENT,9:45:47,9:47:11,84,ANAT
AA0210,45329,53919213,2,PS,990916,9:54:19,9:54:25,6,9:54:25,9:54:33,8,AGENT,9:54:33,9:56:27,114,TOVA
AA0210,45330,0,0,PS,990916,10:05:40,10:05:50,10,0:00:00,0:00:00,0,AGENT,10:05:50,10:19:56,846,ANAT
AA0210,45331,2043974,1,NE,990916,10:14:39,10:14:44,5,10:14:44,10:16:05,81,HANG,0:00:00,0:00:00,0,NO_SERVER
AA0210,45332,67158097,2,PS,990916,10:22:46,10:22:52,6,10:22:52,10:24:13,81,AGENT,10:24:12,10:25:51,99,ROTH
AA0210,45333,58007352,2,PS,990916,10:27:47,10:27:53,6,10:27:53,10:28:28,35,HANG,0:00:00,0:00:00,0,NO_SERVER
AA0210,45334,5871843,2,PS,990916,10:35:55,10:36:00,5,10:36:00,10:37:10,70,AGENT,10:37:09,10:37:11,2,TOVA
AA0210,45335,24947061,2,PS,990916,10:44:33,10:44:40,7,10:44:40,10:44:51,11,AGENT,10:44:49,10:47:13,144,KAZAV
AA0210,45336,50347749,1,NE,990916,10:58:46,10:58:52,6,10:58:52,10:59:56,64,AGENT,10:59:55,11:14:03,848,KAZAV
AA0210,45337,25388687,1,PS,990916,11:12:04,11:12:10,6,11:12:10,11:15:02,172,AGENT,11:15:02,11:15:55,53,KAZAV
AA0210,45338,58704610,2,PS,990916,11:24:11,11:24:16,5,11:24:16,11:24:33,17,AGENT,11:24:31,11:26:26,115,ROTH
AA0210,45339,0,0,NW,990916,11:34:32,11:34:41,9,11:34:41,11:38:24,223,AGENT,11:38:23,11:43:48,325,ROTH
AA0210,45340,0,0,PS,990916,11:54:05,11:54:14,9,0:00:00,0:00:00,0,AGENT,11:54:13,11:55:10,57,KAZAV
AA0210,45341,0,0,NW,990916,12:01:43,12:01:45,2,0:00:00,0:00:00,0,HANG,0:00:00,0:00:00,0,NO_SERVER
AA0210,45342,25361189,1,PS,990916,12:14:46,12:14:51,5,12:14:51,12:16:25,94,HANG,0:00:00,0:00:00,0,NO_SERVER
AA0210,45343,24851511,2,PS,990916,12:23:37,12:23:43,6,12:23:43,12:24:07,24,AGENT,12:24:06,12:31:20,434,ZOHARI
AA0210,45344,25596073,1,PS,990916,12:39:11,12:39:17,6,12:39:17,12:39:24,7,PHANTOM,12:39:24,12:39:28,4,NO_SERVER
AA0210,45345,56666571,2,PS,990916,12:54:34,12:54:39,5,12:54:39,12:54:44,5,AGENT,12:54:43,12:55:59,76,MORIAH
AA0210,45346,27885011,2,PS,990916,13:04:58,13:05:03,5,13:05:03,13:05:37,34,AGENT,13:05:35,13:10:58,323,DORIT
AA0210,45347,55921597,1,NE,990916,13:16:40,13:16:45,5,13:16:45,13:19:00,135,AGENT,13:18:59,13:20:28,89,ZOHARI
AA0210,45348,58704610,2,PS,990916,13:27:03,13:27:08,5,13:27:08,13:28:44,96,AGENT,13:28:43,13:30:45,122,ANAT
AA0210,45349,0,0,PS,990916,13:38:29,13:38:43,14,0:00:00,0:00:00,0,AGENT,13:38:42,13:38:44,2,ANAT
AA0210,45350,32000101,2,PS,990916,13:50:20,13:50:26,6,13:50:26,13:50:45,19,AGENT,13:50:45,13:50:52,7,ROTH
AA0210,45351,71520779,1,PS,990916,14:01:17,14:01:23,6,14:01:23,14:01:58,35,AGENT,14:01:57,14:30:40,1723,MORIAH
AA0210,45352,0,0,NW,990916,14:08:57,14:09:07,10,14:09:07,14:11:59,172,HANG,0:00:00,0:00:00,0,NO_SERVER
AA0210,45353,0,0,PS,990916,14:20:46,14:20:55,9,0:00:00,0:00:00,0,AGENT,14:20:54,14:22:03,69,ROTH
AA0210,45354,176156,1,PS,990916,14:31:02,14:31:08,6,14:31:08,14:31:29,21,AGENT,14:31:29,14:34:14,165,STEREN
AA0210,45355,0,0,PS,990916,14:44:21,14:44:30,9,0:00:00,0:00:00,0,AGENT,14:44:29,14:45:43,74,DORIT
AA0210,45356,0,0,PS,990916,14:59:39,14:59:49,10,14:59:49,15:08:53,544,PHANTOM,15:08:52,15:09:01,9,NO_SERVER
AA0210,45357,41630443,2,PS,990916,15:15:01,15:15:06,5,15:15:06,15:23:37,511,AGENT,15:23:37,15:25:12,95,DORIT
AA0210,45358,48820351,2,NE,990916,15:30:37,15:30:43,6,15:30:43,15:34:07,204,AGENT,15:34:06,15:35:58,112,ELI
AA0210,45359,1426659,2,NE,990916,15:37:55,15:38:01,6,15:38:01,15:39:40,99,HANG,0:00:00,0:00:00,0,NO_SERVER
AA0210,45360,68741495,2,NE,990916,15:47:24,15:47:30,6,15:47:30,15:52:45,315,AGENT,15:52:44,15:53:31,47,ZOHARI
AA0210,45361,78191137,2,PS,990916,15:58:44,15:58:50,6,15:58:50,16:03:14,264,AGENT,16:03:12,16:05:17,125,GILI
AA0210,45362,0,0,PS,990916,16:12:23,16:12:31,8,0:00:00,0:00:00,0,AGENT,16:12:30,16:14:20,110,NO_SERVER
AA0210,45363,27008085,1,PS,990916,16:27:12,16:27:16,4,16:27:16,16:27:37,21,AGENT,16:27:36,16:28:27,51,VICKY
AA0210,45364,29640042,2,PS,990916,16:40:28,16:40:35,7,16:40:35,16:42:14,99,AGENT,16:42:13,16:45:07,174,ROTH
AA0210,45366,0,0,PS,990916,16:51:36,16:51:36,0,0:00:00,0:00:00,0,HANG,0:00:00,0:00:00,0,NO_SERVER
AA0210,45367,0,0,PS,990916,17:07:42,17:07:54,12,0:00:00,0:00:00,0,AGENT,17:07:52,17:08:03,11,AVI
AA0210,45368,0,0,NW,990916,17:22:45,17:22:54,9,17:22:54,17:23:57,63,HANG,0:00:00,0:00:00,0,NO_SERVER
AA0210,45369,0,0,NW,990916,17:42:54,17:43:09,15,0:00:00,0:00:00,0,AGENT,17:43:08,17:43:43,35,AVI
AA0210,45370,0,0,PS,990916,18:08:13,18:08:26,13,0:00:00,0:00:00,0,AGENT,18:08:25,18:13:01,276,GILI
AA0210,45371,0,0,PS,990916,18:26:29,18:26:42,13,0:00:00,0:00:00,0,AGENT,18:26:41,18:27:44,63,AVI
AA0210,45372,0,0,PS,990916,18:53:06,18:53:19,13,0:00:00,0:00:00,0,AGENT,18:53:18,18:55:59,161,VICKY
AA0210,45373,0,0,PS,990916,19:14:08,19:14:21,13,0:00:00,0:00:00,0,AGENT,19:14:20,19:15:43,83,STEREN
AA0210,45374,0,0,PS,990916,19:29:18,19:29:29,11,0:00:00,0:00:00,0,AGENT,19:29:29,19:33:32,243,STEREN
AA0210,45375,0,0,PS,990916,19:53:35,19:53:46,11,0:00:00,0:00:00,0,AGENT,19:53:45,19:54:07,22,MEIR
AA0210,45376,0,0,PS,990916,20:24:22,20:24:37,15,0:00:00,0:00:00,0,AGENT,20:24:36,20:46:14,1298,AVI
AA0210,45377,15239874,2,PS,990916,20:56:29,20:56:34,5,20:56:34,20:58:21,107,AGENT,20:58:20,21:01:23,183,STEREN
AA0210,45378,0,0,PS,990916,21:36:13,21:36:22,9,0:00:00,0:00:00,0,AGENT,21:36:21,21:40:01,220,AVNI
AA0210,45379,55557060,2,PS,990916,22:00:42,22:00:47,5,22:00:47,22:05:52,305,AGENT,22:05:51,22:07:55,124,VICKY
AA0210,45380,27281617,2,PS,990916,22:20:06,22:20:12,6,22:20:12,22:23:34,202,AGENT,22:23:33,22:26:22,169,GELBER
AA0210,45381,0,0,PS,990916,22:54:16,22:54:25,9,0:00:00,0:00:00,0,AGENT,22:54:24,22:56:09,105,AVNI
AA0210,45382,0,0,PS,990916,23:27:55,23:28:06,11,0:00:00,0:00:00,0,AGENT,23:28:05,23:31:52,227,AVNI
AA0210,45383,0,0,PS,990917,0:34:45,0:35:47,62,0:00:00,0:00:00,0,HANG,0:00:00,0:00:00,0,NO_SERVER
AA0210,45384,0,0,PS,990917,7:26:04,7:26:13,9,0:00:00,0:00:00,0,AGENT,7:26:13,7:36:40,627,STEREN
AA0210,45385,0,0,PS,990917,8:03:32,8:03:44,12,0:00:00,0:00:00,0,AGENT,8:03:43,8:06:36,173,BENSION
AA0210,45386,51971661,2,PS,990917,8:21:12,8:21:17,5,8:21:17,8:22:30,73,AGENT,8:22:30,8:22:31,1,MORIAH
AA0210,45387,0,0,PS,990917,8:41:41,8:41:57,16,0:00:00,0:00:00,0,AGENT,8:41:56,8:44:20,144,BENSION
AA0210,45388,0,0,PS,990917,8:49:04,8:49:37,33,0:00:00,0:00:00,0,AGENT,8:49:36,8:49:38,2,NO_SERVER
AA0210,45389,13801683,2,PS,990917,8:59:36,8:59:42,6,8:59:42,9:03:03,201,AGENT,9:03:02,9:03:04,2,MORIAH
AA0210,45390,641902,1,PS,990917,9:17:40,9:17:46,6,9:17:46,9:18:54,68,AGENT,9:18:53,9:20:09,76,BENSION
AA0210,45391,28146124,1,PS,990917,9:34:05,9:34:10,5,9:34:10,9:34:19,9,AGENT,9:34:18,9:34:20,2,MORIAH
AA0210,45392,5685433,2,PS,990917,9:43:59,9:44:05,6,9:44:05,9:45:19,74,AGENT,9:45:19,9:46:54,95,MORIAH
AA0210,45393,55719041,2,PS,990917,9:55:39,9:55:45,6,9:55:45,9:56:33,48,AGENT,9:56:32,9:57:57,85,BENSION
AA0210,45394,22522361,2,PS,990917,10:09:07,10:09:13,6,10:09:13,10:09:36,23,AGENT,10:09:34,10:09:35,1,BENSION
AA0210,45395,0,0,NW,990917,10:21:48,10:22:01,13,0:00:00,0:00:00,0,AGENT,10:22:00,10:23:43,103,DORIT
AA0210,45396,0,0,PS,990917,10:42:11,10:42:20,9,0:00:00,0:00:00,0,AGENT,10:42:20,10:44:58,158,SHARON
AA0210,45397,0,0,PS,990917,11:01:28,11:01:42,14,0:00:00,0:00:00,0,AGENT,11:01:41,11:04:35,174,BENSION
AA0210,45398,38362620,2,PS,990917,11:18:14,11:18:19,5,11:18:19,11:18:53,34,AGENT,11:18:52,11:19:51,59,DORIT
AA0210,45399,0,0,NW,990917,11:34:52,11:35:05,13,0:00:00,0:00:00,0,AGENT,11:35:04,11:37:08,124,SHARON
AA0210,45400,0,0,PS,990917,11:54:46,11:54:56,10,0:00:00,0:00:00,0,AGENT,11:54:55,11:56:40,105,DORIT
AA0210,45401,53343729,2,PS,990917,12:17:36,12:17:41,5,12:17:41,12:18:01,20,AGENT,12:18:01,12:20:47,166,DORIT
AA0210,45402,0,0,PS,990917,12:40:33,12:40:42,9,0:00:00,0:00:00,0,AGENT,12:40:41,12:42:45,124,SHARON
AA0210,45403,0,0,PS,990917,13:11:09,13:11:18,9,0:00:00,0:00:00,0,AGENT,13:11:17,13:14:11,174,SHARON
AA0210,45404,0,0,PS,990917,13:42:28,13:42:38,10,0:00:00,0:00:00,0,AGENT,13:42:37,13:43:34,57,DORIT
AA0210,45405,0,0,PS,990917,14:30:07,14:30:27,20,0:00:00,0:00:00,0,HANG,0:00:00,0:00:00,0,NO_SERVER
AA0210,45406,0,0,PS,990917,15:43:32,15:43:43,11,0:00:00,0:00:00,0,HANG,0:00:00,0:00:00,0,NO_SERVER
AA0210,45407,0,0,NW,990918,6:52:03,6:52:40,37,0:00:00,0:00:00,0,HANG,0:00:00,0:00:00,0,NO_SERVER
AA0210,45408,0,0,PS,990918,19:25:37,19:25:49,12,0:00:00,0:00:00,0,HANG,0:00:00,0:00:00,0,NO_SERVER
AA0210,45409,0,0,PS,990918,20:12:36,20:12:49,13,0:00:00,0:00:00,0,AGENT,20:12:48,20:15:29,161,DORIT
AA0210,45410,58704610,2,PS,990918,20:40:32,20:40:38,6,20:40:38,20:41:39,61,AGENT,20:41:37,20:45:28,231,ROTH
AA0210,45411,30164461,2,NE,990918,21:08:51,21:08:57,6,21:08:57,21:09:40,43,AGENT,21:09:39,21:10:40,61,SHARON
AA0210,45412,0,0,NW,990918,21:53:11,21:53:26,15,0:00:00,0:00:00,0,AGENT,21:53:25,21:54:50,85,ROTH
AA0210,45413,0,0,PS,990918,22:29:14,22:29:26,12,0:00:00,0:00:00,0,AGENT,22:29:25,22:34:25,300,AVI
AA0210,45414,0,0,PS,990918,23:42:12,23:42:21,9,0:00:00,0:00:00,0,AGENT,23:42:21,23:49:19,418,ROTH
AA0210,45415,0,0,NW,990919,7:05:40,7:05:56,16,0:00:00,0:00:00,0,AGENT,7:05:56,7:07:11,75,SHARON
AA0210,45416,0,0,PS,990919,7:43:58,7:44:09,11,0:00:00,0:00:00,0,AGENT,7:44:09,7:46:59,170,TOVA
AA0210,45417,0,0,NW,990919,8:04:18,8:04:36,18,0:00:00,0:00:00,0,AGENT,0:00:00,0:00:00,0,SHARON
AA0210,45418,0,0,PS,990919,8:25:22,8:25:30,8,0:00:00,0:00:00,0,AGENT,8:25:30,8:28:24,174,YIFAT
AA0210,45419,0,0,PS,990919,8:38:01,8:38:11,10,0:00:00,0:00:00,0,AGENT,8:38:09,8:38:50,41,MORIAH
AA0210,45420,0,0,PS,990919,8:48:36,8:48:48,12,0:00:00,0:00:00,0,AGENT,8:48:47,8:57:20,513,ANAT
AA0210,45421,0,0,NW,990919,8:55:17,8:55:26,9,8:55:26,8:55:53,27,AGENT,8:55:52,8:57:16,84,MORIAH
AA0210,45422,0,0,PS,990919,9:13:05,9:13:21,16,0:00:00,0:00:00,0,AGENT,9:13:20,9:15:13,113,ANAT
AA0210,45423,0,0,PS,990919,9:31:42,9:31:53,11,0:00:00,0:00:00,0,AGENT,9:31:52,9:32:28,36,TOVA
AA0210,45424,0,0,PS,990919,9:46:31,9:46:42,11,0:00:00,0:00:00,0,AGENT,9:46:41,9:49:37,176,YIFAT
AA0210,45425,0,0,PS,990919,10:07:27,10:07:36,9,0:00:00,0:00:00,0,AGENT,10:07:36,10:08:26,50,SHARON
AA0210,45426,0,0,PS,990919,10:35:12,10:35:21,9,0:00:00,0:00:00,0,AGENT,10:35:21,10:36:40,79,SHARON
AA0210,45427,0,0,PS,990919,11:05:11,11:05:21,10,0:00:00,0:00:00,0,AGENT,11:05:20,11:10:20,300,GELBER
AA0210,45428,0,0,NW,990919,12:02:21,12:02:58,37,0:00:00,0:00:00,0,HANG,0:00:00,0:00:00,0,NO_SERVER
AA0210,45429,0,0,NW,990920,19:36:42,19:37:19,37,0:00:00,0:00:00,0,HANG,0:00:00,0:00:00,0,NO_SERVER
AA0210,45430,0,0,NW,990920,21:00:17,21:00:37,20,0:00:00,0:00:00,0,AGENT,21:00:36,21:03:40,184,PINHAS
AA0210,45431,0,0,PS,990920,21:31:34,21:31:52,18,0:00:00,0:00:00,0,AGENT,21:31:52,21:32:44,52,SHARON
AA0210,45432,0,0,PS,990920,21:59:56,22:00:08,12,0:00:00,0:00:00,0,AGENT,22:00:07,22:03:42,215,DORIT
AA0210,45433,0,0,PS,990920,22:34:51,22:35:00,9,0:00:00,0:00:00,0,AGENT,22:34:59,22:40:46,347,ZOHARI
AA0210,45434,535419,2,PS,990920,22:59:12,22:59:18,6,22:59:18,22:59:49,31,AGENT,22:59:49,23:00:48,59,SHARON
AA0210,45435,0,0,NW,990920,23:43:25,23:43:34,9,23:43:34,23:43:38,4,HANG,0:00:00,0:00:00,0,NO_SERVER
AA0210,45436,0,0,NW,990921,4:22:30,4:22:53,23,0:00:00,0:00:00,0,HANG,0:00:00,0:00:00,0,NO_SERVER
AA0210,45437,0,0,PS,990921,7:10:00,7:10:12,12,0:00:00,0:00:00,0,AGENT,7:10:12,7:12:17,125,AVI
AA0210,45438,11730801,2,PS,990921,7:30:02,7:30:07,5,7:30:07,7:30:17,10,AGENT,7:30:17,7:31:28,71,AVI
AA0210,45439,0,0,PS,990921,7:52:59,7:53:10,11,0:00:00,0:00:00,0,AGENT,7:53:09,7:55:42,153,AVI
AA0210,45440,0,0,PS,990921,8:09:56,8:10:05,9,0:00:00,0:00:00,0,AGENT,8:10:05,8:12:14,129,KAZAV
AA0210,45441,0,0,NW,990921,8:31:35,8:31:47,12,0:00:00,0:00:00,0,AGENT,8:31:48,8:32:07,19,NO_SERVER
AA0210,45442,25022625,2,PS,990921,8:42:10,8:42:15,5,8:42:15,8:42:21,6,HANG,8:42:21,8:42:24,3,NO_SERVER
AA0210,45443,0,0,PS,990921,8:53:21,8:53:39,18,0:00:00,0:00:00,0,AGENT,8:53:38,8:55:25,107,AVI
AA0210,45444,0,0,PS,990921,9:06:03,9:06:15,12,0:00:00,0:00:00,0,AGENT,9:06:13,9:06:21,8,MORIAH
AA0210,45445,0,0,PS,990921,9:19:05,9:19:26,21,0:00:00,0:00:00,0,AGENT,9:19:24,9:22:49,205,BASCH
AA0210,45446,0,0,NE,990921,9:29:12,9:29:21,9,0:00:00,0:00:00,0,AGENT,9:29:20,9:31:31,131,KAZAV
AA0210,45447,0,0,PS,990921,9:38:48,9:38:56,8,0:00:00,0:00:00,0,AGENT,9:38:56,9:39:43,47,BASCH
AA0210,45448,0,0,PS,990921,9:48:03,9:48:12,9,0:00:00,0:00:00,0,AGENT,9:48:11,9:48:12,1,AVI
AA0210,45449,703074,2,PS,990921,9:53:36,9:53:41,5,9:53:41,9:53:49,8,AGENT,9:53:48,9:58:36,288,DORIT
AA0210,45450,32382673,1,PS,990921,9:59:02,9:59:08,6,9:59:08,9:59:24,16,AGENT,9:59:23,10:00:45,82,DORIT
AA0210,45451,57062671,1,PS,990921,10:07:06,10:07:11,5,10:07:11,10:10:57,226,AGENT,10:10:56,10:11:43,47,ANAT
AA0210,45452,16686354,2,NE,990921,10:16:05,10:16:11,6,10:16:11,10:16:40,29,AGENT,10:16:39,10:23:53,434,AVNI
AA0210,45453,0,0,NE,990921,10:22:50,10:22:59,9,0:00:00,0:00:00,0,AGENT,10:22:58,10:22:59,1,MORIAH
AA0210,45454,22856181,2,PS,990921,10:31:32,10:31:38,6,10:31:38,10:31:52,14,AGENT,10:31:51,10:36:17,266,AVNI
AA0210,45455,33474602,2,PS,990921,10:38:26,10:38:31,5,10:38:31,10:39:20,49,AGENT,10:39:19,10:41:25,126,ANAT
AA0210,45456,29328358,1,PS,990921,10:47:05,10:47:10,5,10:47:10,10:47:23,13,AGENT,10:47:22,10:52:13,291,MORIAH
AA0210,45457,0,0,PS,990921,10:55:59,10:56:07,8,0:00:00,0:00:00,0,AGENT,10:56:07,11:00:21,254,MORIAH
AA0210,45458,0,0,PS,990921,11:02:10,11:02:18,8,0:00:00,0:00:00,0,AGENT,11:02:17,11:03:10,53,AVI
AA0210,45459,24935199,2,PS,990921,11:11:05,11:11:11,6,11:11:11,11:11:44,33,AGENT,11:11:43,11:13:11,88,MORIAH
AA0210,45460,0,0,PE,990921,11:21:36,11:21:45,9,0:00:00,0:00:00,0,AGENT,11:21:44,11:27:01,317,YIFAT
AA0210,45461,0,0,PS,990921,11:30:25,11:30:35,10,0:00:00,0:00:00,0,AGENT,11:30:33,11:33:23,170,AVI
AA0210,45462,0,0,NW,990921,11:45:20,11:45:29,9,11:45:29,11:46:12,43,AGENT,11:46:11,11:46:34,23,AVI
AA0210,45463,0,0,PS,990921,11:52:25,11:52:34,9,0:00:00,0:00:00,0,AGENT,11:52:33,11:53:22,49,DORIT
AA0210,45464,0,0,PS,990921,12:04:59,12:05:09,10,0:00:00,0:00:00,0,AGENT,12:05:08,12:06:33,85,YIFAT
AA0210,45465,14991483,2,PS,990921,12:14:44,12:14:50,6,12:14:50,12:15:45,55,AGENT,12:15:44,12:19:42,238,ROTH
AA0210,45466,0,0,PS,990921,12:28:30,12:28:41,11,0:00:00,0:00:00,0,AGENT,12:28:40,12:29:18,38,BASCH
AA0210,45467,0,0,NW,990921,12:40:34,12:40:50,16,0:00:00,0:00:00,0,AGENT,12:40:49,12:41:35,46,AVI
AA0210,45468,0,0,PS,990921,12:57:12,12:57:28,16,0:00:00,0:00:00,0,AGENT,12:57:28,12:57:53,25,ANAT
AA0210,45469,0,0,NW,990921,13:08:23,13:08:32,9,13:08:32,13:08:58,26,HANG,0:00:00,0:00:00,0,NO_SERVER
AA0210,45470,0,0,PS,990921,13:23:58,13:24:11,13,0:00:00,0:00:00,0,AGENT,13:24:10,13:43:51,1181,AVNI
AA0210,45471,0,0,PS,990921,13:36:36,13:36:45,9,0:00:00,0:00:00,0,AGENT,13:36:44,13:38:09,85,AVI
AA0210,45472,0,0,NW,990921,13:42:27,13:42:37,10,13:42:37,13:42:55,18,HANG,0:00:00,0:00:00,0,NO_SERVER
AA0210,45473,29459021,1,PS,990921,13:49:16,13:49:22,6,13:49:22,13:52:13,171,AGENT,13:52:12,13:52:50,38,YIFAT
AA0210,45474,58029430,1,PS,990921,13:59:52,13:59:58,6,13:59:58,14:00:30,32,AGENT,14:00:30,14:02:24,114,VICKY
AA0210,45475,0,0,PS,990921,14:10:11,14:10:24,13,0:00:00,0:00:00,0,AGENT,14:10:23,14:11:35,72,YIFAT
AA0210,45476,0,0,NE,990921,14:20:37,14:20:46,9,0:00:00,0:00:00,0,AGENT,14:20:45,14:23:15,150,KAZAV
AA0210,45477,0,0,NW,990921,14:36:32,14:36:46,14,0:00:00,0:00:00,0,AGENT,14:36:45,14:37:13,28,AVI
AA0210,45478,0,0,PS,990921,14:47:22,14:47:38,16,0:00:00,0:00:00,0,AGENT,14:47:36,14:48:55,79,VICKY
AA0210,45479,28776136,2,PS,990921,15:01:06,15:01:11,5,15:01:11,15:02:54,103,AGENT,15:02:53,15:08:55,362,KAZAV
AA0210,45480,52120771,1,NE,990921,15:12:20,15:12:25,5,15:12:25,15:13:54,89,AGENT,15:13:53,15:19:46,353,ZOHARI
AA0210,45481,31697261,1,PS,990921,15:22:55,15:23:01,6,15:23:01,15:26:13,192,HANG,0:00:00,0:00:00,0,NO_SERVER
AA0210,45482,40612806,1,PS,990921,15:34:11,15:34:17,6,15:34:17,15:34:59,42,HANG,0:00:00,0:00:00,0,NO_SERVER
AA0210,45483,54665682,2,PS,990921,15:43:34,15:43:39,5,15:43:39,15:46:44,185,AGENT,15:46:43,15:48:52,129,ROTH
AA0210,45484,69565307,1,PS,990921,15:54:59,15:55:05,6,15:55:05,15:59:28,263,AGENT,15:59:27,15:59:27,0,BENSION
AA0210,45485,57425308,1,PS,990921,16:06:34,16:06:40,6,16:06:40,16:07:29,49,AGENT,16:07:28,16:09:40,132,YITZ
AA0210,45486,0,0,PS,990921,16:19:22,16:19:31,9,0:00:00,0:00:00,0,AGENT,16:19:30,16:21:25,115,AVNI
AA0210,45487,0,0,PS,990921,16:30:59,16:31:09,10,0:00:00,0:00:00,0,AGENT,16:31:08,16:36:41,333,GOLDIE
AA0210,45488,10555233,1,PS,990921,16:40:24,16:40:30,6,16:40:30,16:41:23,53,AGENT,16:41:22,16:49:47,505,YITZ
AA0210,45489,0,0,PS,990921,17:02:57,17:03:07,10,0:00:00,0:00:00,0,AGENT,17:03:07,17:04:00,53,STEREN
AA0210,45490,0,0,NW,990921,17:18:32,17:18:45,13,0:00:00,0:00:00,0,AGENT,17:18:44,17:21:45,181,YITZ
AA0210,45491,24210932,2,PS,990921,17:33:49,17:33:55,6,17:33:55,17:34:06,11,AGENT,17:34:05,17:34:46,41,STEREN
AA0210,45492,0,0,PS,990921,17:56:57,17:57:08,11,0:00:00,0:00:00,0,AGENT,17:57:07,17:58:21,74,TOVA
AA0210,45493,0,0,PS,990921,18:14:43,18:14:52,9,0:00:00,0:00:00,0,AGENT,18:14:51,18:16:48,117,VICKY
AA0210,45494,0,0,PS,990921,18:31:14,18:31:26,12,0:00:00,0:00:00,0,AGENT,18:31:25,18:32:05,40,VICKY
AA0210,45495,0,0,PS,990921,18:55:17,18:55:26,9,0:00:00,0:00:00,0,AGENT,18:55:26,18:57:23,117,STEREN
AA0210,45496,0,0,PS,990921,19:21:29,19:21:39,10,0:00:00,0:00:00,0,AGENT,19:21:37,19:24:15,158,YITZ
AA0210,45497,53494142,2,PS,990921,19:42:11,19:42:16,5,19:42:16,19:43:55,99,AGENT,19:43:54,19:45:41,107,YITZ
AA0210,45498,0,0,PS,990921,19:59:34,19:59:44,10,0:00:00,0:00:00,0,AGENT,19:59:43,20:01:13,90,VICKY
AA0210,45499,0,0,PS,990921,20:27:01,20:27:12,11,0:00:00,0:00:00,0,AGENT,20:27:11,20:28:53,102,GOLDIE
AA0210,45500,0,0,NE,990921,20:49:38,20:49:48,10,0:00:00,0:00:00,0,AGENT,20:49:47,20:52:08,141,ZOHARI
AA0210,45501,0,0,PS,990921,21:04:52,21:05:00,8,0:00:00,0:00:00,0,AGENT,21:05:00,21:07:01,121,YITZ
AA0210,45502,0,0,PS,990921,21:21:14,21:21:23,9,0:00:00,0:00:00,0,AGENT,21:21:22,21:28:25,423,TOVA
AA0210,45503,0,0,PS,990921,21:44:25,21:44:38,13,0:00:00,0:00:00,0,AGENT,21:44:38,21:44:40,2,TOVA
AA0210,45504,0,0,PS,990921,22:02:34,22:02:48,14,0:00:00,0:00:00,0,AGENT,22:02:48,22:04:02,74,BENSION
AA0210,45505,0,0,PS,990921,22:25:56,22:26:05,9,0:00:00,0:00:00,0,AGENT,22:26:04,22:29:45,221,STEREN
AA0210,45506,0,0,NW,990921,22:58:39,22:58:50,11,0:00:00,0:00:00,0,AGENT,22:58:54,22:59:14,20,NO_SERVER
AA0210,45507,67325910,2,PS,990921,23:16:41,23:16:47,6,23:16:47,23:16:53,6,AGENT,23:16:52,23:22:05,313,YITZ
AA0210,45508,0,0,NW,990921,23:54:07,23:54:24,17,0:00:00,0:00:00,0,AGENT,23:54:22,23:55:18,56,YITZ
AA0210,45509,0,0,NE,990922,7:01:01,7:01:13,12,0:00:00,0:00:00,0,AGENT,7:01:13,7:03:48,155,TOVA
AA0210,45510,0,0,PS,990922,7:30:57,7:31:07,10,0:00:00,0:00:00,0,AGENT,7:31:06,7:31:48,42,VICKY
AA0210,45511,0,0,PS,990922,7:56:48,7:57:00,12,0:00:00,0:00:00,0,AGENT,7:57:00,8:01:35,275,TOVA
AA0210,45512,0,0,NW,990922,8:14:09,8:14:25,16,0:00:00,0:00:00,0,AGENT,8:14:25,8:15:04,39,GOLDIE
AA0210,45513,0,0,PS,990922,8:29:10,8:29:25,15,0:00:00,0:00:00,0,AGENT,8:29:24,8:30:43,79,ZOHARI
AA0210,45514,0,0,PS,990922,8:41:44,8:41:54,10,0:00:00,0:00:00,0,AGENT,8:41:52,8:47:41,349,ROTH
AA0210,45515,0,0,NW,990922,8:54:40,8:54:53,13,0:00:00,0:00:00,0,AGENT,8:54:52,9:02:25,453,STEREN
AA0210,45516,0,0,PS,990922,9:04:24,9:04:33,9,0:00:00,0:00:00,0,AGENT,9:04:32,9:05:33,61,KAZAV
AA0210,45517,0,0,PS,990922,9:11:56,9:12:06,10,0:00:00,0:00:00,0,AGENT,9:12:05,9:14:54,169,AVNI
AA0210,45518,34818641,1,NE,990922,9:20:52,9:20:57,5,9:20:57,9:21:51,54,AGENT,9:21:51,9:37:31,940,TOVA
AA0210,45519,0,0,PS,990922,9:32:32,9:32:41,9,0:00:00,0:00:00,0,AGENT,9:32:40,9:33:45,65,AVNI
AA0210,45520,0,0,PS,990922,9:44:00,9:44:08,8,0:00:00,0:00:00,0,AGENT,9:44:07,9:48:25,258,TOVA
AA0210,45521,0,0,PS,990922,9:51:18,9:51:28,10,0:00:00,0:00:00,0,AGENT,9:51:27,9:52:47,80,YIFAT
AA0210,45522,0,0,NE,990922,10:01:15,10:01:24,9,0:00:00,0:00:00,0,AGENT,10:01:23,10:01:57,34,KAZAV
AA0210,45523,0,0,PS,990922,10:08:04,10:08:15,11,0:00:00,0:00:00,0,AGENT,10:08:13,10:12:08,235,KAZAV
AA0210,45524,54565064,1,PS,990922,10:17:57,10:18:03,6,10:18:03,10:18:32,29,AGENT,10:18:31,10:19:30,59,TOVA
AA0210,45525,0,0,NW,990922,10:25:58,10:26:07,9,10:26:07,10:27:48,101,AGENT,10:27:46,10:28:50,64,VICKY
AA0210,45526,24927717,1,PS,990922,10:33:11,10:33:16,5,10:33:16,10:33:26,10,HANG,10:33:25,10:33:32,7,NO_SERVER
AA0210,45527,0,0,NE,990922,10:40:43,10:40:54,11,0:00:00,0:00:00,0,AGENT,10:40:53,10:45:36,283,ELI
AA0210,45528,0,0,PS,990922,10:49:25,10:49:35,10,0:00:00,0:00:00,0,AGENT,10:49:35,10:52:36,181,VICKY
AA0210,45529,59101873,2,PS,990922,10:56:22,10:56:28,6,10:56:28,10:56:55,27,AGENT,10:56:53,11:07:27,634,STEREN
AA0210,45530,24456543,2,PS,990922,11:04:04,11:04:10,6,11:04:10,11:05:16,66,AGENT,11:05:16,11:08:25,189,ROTH
AA0210,45531,0,0,NW,990922,11:11:59,11:12:14,15,0:00:00,0:00:00,0,AGENT,11:12:13,11:12:49,36,AVNI
AA0210,45532,10473262,2,PS,990922,11:21:59,11:22:04,5,11:22:04,11:22:44,40,AGENT,11:22:43,11:24:01,78,VICKY
AA0210,45533,26682237,1,PS,990922,11:27:18,11:27:24,6,11:27:24,11:30:54,210,AGENT,11:30:53,11:33:22,149,TOVA
AA0210,45534,31764384,1,PS,990922,11:38:47,11:38:53,6,11:38:53,11:38:58,5,AGENT,11:38:57,11:40:25,88,VICKY
AA0210,45535,0,0,NW,990922,11:47:23,11:47:32,9,11:47:32,11:48:40,68,AGENT,11:48:39,11:50:02,83,STEREN
AA0210,45536,67178970,2,PS,990922,11:56:40,11:56:47,7,11:56:47,11:57:08,21,AGENT,11:57:07,12:00:16,189,VICKY
AA0210,45537,0,0,PS,990922,12:11:29,12:11:39,10,0:00:00,0:00:00,0,AGENT,12:11:38,12:12:53,75,AVNI
AA0210,45538,0,0,PS,990922,12:19:15,12:19:25,10,0:00:00,0:00:00,0,AGENT,12:19:24,12:20:47,83,TOVA
AA0210,45539,22263115,2,PS,990922,12:32:19,12:32:25,6,12:32:25,12:32:57,32,AGENT,12:32:56,12:35:35,159,KAZAV
AA0210,45540,56020092,2,PS,990922,12:46:46,12:46:52,6,12:46:52,12:47:27,35,AGENT,12:47:27,12:58:21,654,AVNI
AA0210,45541,0,0,PS,990922,13:02:49,13:02:58,9,0:00:00,0:00:00,0,AGENT,13:02:56,13:09:57,421,STEREN
AA0210,45542,55279970,2,NE,990922,13:14:53,13:14:58,5,13:14:58,13:15:27,29,AGENT,13:15:27,13:23:09,462,TOVA
AA0210,45543,0,0,PS,990922,13:29:20,13:29:28,8,0:00:00,0:00:00,0,AGENT,13:29:28,13:31:20,112,TOVA
AA0210,45544,0,0,NE,990922,13:44:34,13:44:45,11,0:00:00,0:00:00,0,AGENT,13:44:44,13:48:41,237,TOVA
AA0210,45545,0,0,PS,990922,13:58:43,13:58:52,9,0:00:00,0:00:00,0,AGENT,13:58:51,14:06:13,442,AVNI
AA0210,45546,0,0,PS,990922,14:14:03,14:14:13,10,0:00:00,0:00:00,0,AGENT,14:14:12,14:18:48,276,ROTH
AA0210,45547,0,0,PS,990922,14:26:32,14:26:41,9,0:00:00,0:00:00,0,AGENT,14:26:40,14:28:21,101,ROTH
AA0210,45548,0,0,PS,990922,14:42:59,14:43:08,9,0:00:00,0:00:00,0,AGENT,14:43:07,14:46:53,226,DORIT
AA0210,45549,0,0,NE,990922,14:53:28,14:53:38,10,0:00:00,0:00:00,0,AGENT,14:53:38,14:54:29,51,ELI
AA0210,45550,0,0,PS,990922,15:03:04,15:03:13,9,0:00:00,0:00:00,0,AGENT,15:03:12,15:09:59,407,ANAT
AA0210,45551,0,0,PS,990922,15:13:45,15:13:54,9,0:00:00,0:00:00,0,AGENT,15:13:54,15:14:22,28,BASCH
AA0210,45552,59249862,2,PS,990922,15:22:02,15:22:08,6,15:22:08,15:23:30,82,AGENT,15:23:29,15:25:18,109,DORIT
AA0210,45553,30663462,2,PS,990922,15:32:28,15:32:34,6,15:32:34,15:33:06,32,AGENT,15:33:05,15:41:03,478,ROTH
AA0210,45554,0,0,PS,990922,15:40:39,15:40:51,12,0:00:00,0:00:00,0,AGENT,15:40:50,15:41:47,57,ANAT
AA0210,45555,0,0,PS,990922,15:52:27,15:52:36,9,0:00:00,0:00:00,0,AGENT,15:52:35,15:57:31,296,YITZ
AA0210,45556,0,0,PS,990922,16:13:38,16:13:48,10,0:00:00,0:00:00,0,AGENT,16:13:46,16:13:48,2,ANAT
AA0210,45557,0,0,NW,990922,16:23:03,16:23:15,12,0:00:00,0:00:00,0,AGENT,16:23:15,16:24:54,99,MORIAH
AA0210,45558,0,0,NW,990922,16:33:52,16:34:06,14,0:00:00,0:00:00,0,AGENT,16:34:05,16:35:13,68,STEREN
AA0210,45559,0,0,NW,990922,16:51:33,16:51:45,12,0:00:00,0:00:00,0,AGENT,16:51:44,16:52:26,42,STEREN
AA0210,45560,0,0,PS,990922,17:04:08,17:04:37,29,0:00:00,0:00:00,0,AGENT,17:04:36,17:05:18,42,AVI
AA0210,45561,0,0,PS,990922,17:23:38,17:23:51,13,0:00:00,0:00:00,0,AGENT,17:23:50,17:24:51,61,BASCH
AA0210,45562,0,0,NE,990922,17:47:15,17:47:34,19,0:00:00,0:00:00,0,AGENT,17:47:33,17:48:11,38,SHARON
AA0210,45563,0,0,PS,990922,18:07:47,18:07:58,11,0:00:00,0:00:00,0,AGENT,18:07:58,18:09:10,72,SHARON
AA0210,45564,0,0,PS,990922,18:23:17,18:23:28,11,0:00:00,0:00:00,0,AGENT,18:23:28,18:24:41,73,SHARON
AA0210,45565,0,0,PS,990922,18:45:12,18:45:28,16,0:00:00,0:00:00,0,AGENT,18:45:27,18:46:31,64,ANAT
AA0210,45566,0,0,NW,990922,19:15:18,19:15:34,16,0:00:00,0:00:00,0,AGENT,19:15:33,19:16:55,82,ANAT
AA0210,45567,0,0,NW,990922,19:36:16,19:36:31,15,0:00:00,0:00:00,0,AGENT,19:36:30,19:41:15,285,MORIAH
AA0210,45568,0,0,NW,990922,19:59:39,19:59:54,15,0:00:00,0:00:00,0,AGENT,19:59:53,20:02:23,150,ANAT
AA0210,45569,0,0,NE,990922,20:28:00,20:28:13,13,0:00:00,0:00:00,0,AGENT,20:28:12,20:30:04,112,MORIAH
AA0210,45570,0,0,PS,990922,20:55:47,20:55:59,12,0:00:00,0:00:00,0,AGENT,20:55:58,20:56:46,48,DORIT
AA0210,45571,0,0,PS,990922,21:19:26,21:19:39,13,0:00:00,0:00:00,0,AGENT,21:19:38,21:23:18,220,AVI
AA0210,45572,0,0,NW,990922,21:46:12,21:46:25,13,0:00:00,0:00:00,0,AGENT,21:46:25,21:47:20,55,SHARON
AA0210,45573,0,0,NE,990922,22:11:45,22:12:01,16,0:00:00,0:00:00,0,AGENT,22:12:00,22:12:09,9,AVI
AA0210,45574,0,0,NW,990922,22:43:03,22:43:13,10,22:43:13,22:44:02,49,HANG,0:00:00,0:00:00,0,NO_SERVER
AA0210,45575,0,0,PS,990922,23:22:43,23:22:56,13,0:00:00,0:00:00,0,AGENT,23:22:55,23:23:50,55,AVI
AA0210,45576,0,0,NW,990923,2:39:26,2:39:48,22,0:00:00,0:00:00,0,HANG,0:00:00,0:00:00,0,NO_SERVER
AA0210,45577,0,0,PS,990923,7:18:07,7:18:18,11,0:00:00,0:00:00,0,AGENT,7:18:18,7:19:17,59,ANAT
AA0210,45578,0,0,PS,990923,7:45:25,7:45:42,17,0:00:00,0:00:00,0,AGENT,7:45:41,7:46:47,66,VICKY
AA0210,45579,57648370,1,PS,990923,8:08:57,8:09:03,6,8:09:03,8:09:37,34,AGENT,8:09:36,8:10:41,65,DORIT
AA0210,45580,0,0,NW,990923,8:29:47,8:30:00,13,0:00:00,0:00:00,0,AGENT,8:30:00,8:32:23,143,ANAT
AA0210,45581,0,0,PS,990923,8:42:14,8:42:26,12,0:00:00,0:00:00,0,AGENT,8:42:24,8:43:00,36,TOVA
AA0210,45582,34375766,2,PS,990923,8:56:21,8:56:27,6,8:56:27,8:56:46,19,HANG,0:00:00,0:00:00,0,NO_SERVER
AA0210,45583,0,0,PS,990923,9:08:25,9:08:42,17,0:00:00,0:00:00,0,AGENT,9:08:40,9:10:51,131,VICKY
AA0210,45584,6891105,2,PS,990923,9:18:21,9:18:26,5,9:18:26,9:19:33,67,AGENT,9:19:33,9:22:01,148,DORIT
AA0210,45585,0,0,PS,990923,9:29:52,9:30:07,15,0:00:00,0:00:00,0,AGENT,9:30:07,9:30:54,47,BASCH
AA0210,45586,30442495,2,PS,990923,9:40:35,9:40:40,5,9:40:40,9:41:16,36,AGENT,9:41:15,10:07:36,1581,DORIT
AA0210,45587,27443696,1,PS,990923,9:50:06,9:50:12,6,9:50:12,9:50:53,41,AGENT,9:50:52,9:51:46,54,AVI
AA0210,45588,10858884,2,NE,990923,9:57:36,9:57:43,7,9:57:43,9:58:42,59,AGENT,9:58:41,10:00:05,84,VICKY
AA0210,45589,68458348,2,PS,990923,10:06:16,10:06:21,5,10:06:21,10:07:02,41,AGENT,10:07:01,10:07:56,55,AVI
AA0210,45590,0,0,NE,990923,10:14:01,10:14:12,11,0:00:00,0:00:00,0,AGENT,10:14:11,10:17:02,171,ANAT
AA0210,45591,50530039,1,PS,990923,10:21:18,10:21:24,6,10:21:24,10:22:18,54,AGENT,10:22:18,10:23:01,43,VICKY
AA0210,45592,33902875,1,PS,990923,10:28:39,10:28:44,5,10:28:44,10:30:52,128,AGENT,10:30:51,10:31:27,36,YIFAT
AA0210,45593,10587137,2,NE,990923,10:35:46,10:35:51,5,10:35:51,10:36:10,19,AGENT,10:36:09,10:37:53,104,VICKY
AA0210,45594,0,0,PS,990923,10:43:57,10:44:07,10,0:00:00,0:00:00,0,AGENT,10:44:06,10:44:07,1,VICKY
AA0210,45595,0,0,PS,990923,10:51:34,10:51:50,16,0:00:00,0:00:00,0,AGENT,10:51:50,11:04:17,747,TOVA
AA0210,45596,15231905,2,PS,990923,10:58:49,10:58:55,6,10:58:55,10:59:29,34,AGENT,10:59:27,11:03:12,225,ANAT
AA0210,45597,33942699,1,PS,990923,11:06:31,11:06:37,6,11:06:37,11:06:42,5,AGENT,11:06:42,11:08:00,78,ANAT
AA0210,45598,22424360,2,PS,990923,11:16:24,11:16:29,5,11:16:29,11:16:38,9,AGENT,11:16:37,11:16:38,1,YIFAT
AA0210,45599,28531465,1,PS,990923,11:26:45,11:26:50,5,11:26:50,11:29:12,142,AGENT,11:29:11,11:30:02,51,VICKY
AA0210,45600,0,0,PS,990923,11:37:46,11:37:54,8,0:00:00,0:00:00,0,AGENT,11:37:54,11:39:23,89,AVI
AA0210,45601,0,0,NE,990923,11:48:13,11:48:26,13,0:00:00,0:00:00,0,AGENT,11:48:25,11:49:32,67,VICKY
AA0210,45602,12226239,2,PS,990923,12:02:49,12:02:55,6,12:02:55,12:03:16,21,AGENT,12:03:15,12:05:55,160,TOVA
AA0210,45603,0,0,PS,990923,12:13:38,12:13:47,9,0:00:00,0:00:00,0,AGENT,12:13:46,12:15:56,130,AVI
AA0210,45604,0,0,PS,990923,12:23:05,12:23:13,8,0:00:00,0:00:00,0,AGENT,12:23:13,12:25:00,107,TOVA
AA0210,45605,0,0,PS,990923,12:43:03,12:43:15,12,0:00:00,0:00:00,0,AGENT,12:43:14,12:51:00,466,DORIT
AA0210,45606,0,0,PS,990923,12:56:21,12:56:31,10,0:00:00,0:00:00,0,AGENT,12:56:31,12:57:52,81,TOVA
AA0210,45607,0,0,PS,990923,13:11:01,13:11:13,12,0:00:00,0:00:00,0,AGENT,13:11:12,13:11:48,36,ANAT
AA0210,45608,0,0,PS,990923,13:21:40,13:21:49,9,0:00:00,0:00:00,0,AGENT,13:21:48,13:22:18,30,DORIT
AA0210,45609,1130871,2,PS,990923,13:38:04,13:38:10,6,13:38:10,13:38:21,11,AGENT,13:38:20,13:44:09,349,BASCH
AA0210,45610,22216535,2,PS,990923,13:49:55,13:50:01,6,13:50:01,13:50:45,44,AGENT,13:50:44,13:50:45,1,YIFAT
AA0210,45611,24851511,2,PS,990923,13:57:43,13:57:48,5,13:57:48,13:59:36,108,AGENT,13:59:36,13:59:37,1,TOVA
AA0210,45612,6581441,2,PS,990923,14:10:20,14:10:26,6,14:10:26,14:12:11,105,AGENT,14:12:09,14:14:43,154,DORIT
AA0210,45613,0,0,PS,990923,14:25:09,14:25:20,11,0:00:00,0:00:00,0,AGENT,14:25:19,14:28:44,205,DORIT
AA0210,45614,43745652,2,PS,990923,14:40:22,14:40:27,5,14:40:27,14:40:56,29,AGENT,14:40:55,14:41:37,42,AVI
AA0210,45615,703074,2,PS,990923,14:55:01,14:55:07,6,14:55:07,14:55:13,6,AGENT,14:55:11,14:55:15,4,YIFAT
AA0210,45616,16426967,2,PS,990923,15:12:19,15:12:25,6,15:12:25,15:12:51,26,AGENT,15:12:51,15:14:34,103,DORIT
AA0210,45617,0,0,PS,990923,15:24:44,15:24:55,11,0:00:00,0:00:00,0,AGENT,15:24:53,15:25:39,46,AVI
AA0210,45618,0,0,PS,990923,15:38:06,15:38:19,13,0:00:00,0:00:00,0,AGENT,15:38:18,15:42:27,249,ZOHARI
AA0210,45619,25241167,1,PS,990923,15:55:40,15:55:45,5,15:55:45,15:56:53,68,AGENT,15:56:52,16:03:06,374,AVNI
AA0210,45620,0,0,PS,990923,16:13:31,16:13:43,12,0:00:00,0:00:00,0,AGENT,16:13:42,16:14:54,72,DARMON
AA0210,45621,0,0,PS,990923,16:26:36,16:26:44,8,0:00:00,0:00:00,0,AGENT,16:26:44,16:29:40,176,ZOHARI
AA0210,45622,0,0,PS,990923,16:46:33,16:46:42,9,0:00:00,0:00:00,0,AGENT,16:46:42,16:47:05,23,NO_SERVER
AA0210,45623,57074585,2,PS,990923,17:07:43,17:07:49,6,17:07:49,17:10:26,157,AGENT,17:10:25,17:11:02,37,SHARON
AA0210,45624,0,0,PS,990923,17:32:01,17:32:19,18,0:00:00,0:00:00,0,AGENT,17:32:18,18:03:19,1861,DARMON
AA0210,45625,0,0,PS,990923,17:41:04,17:41:19,15,0:00:00,0:00:00,0,HANG,0:00:00,0:00:00,0,NO_SERVER
AA0210,45626,0,0,PS,990923,18:08:56,18:09:04,8,0:00:00,0:00:00,0,AGENT,18:09:03,18:09:16,13,AVNI
AA0210,45627,0,0,NE,990923,18:33:14,18:33:24,10,0:00:00,0:00:00,0,AGENT,18:33:24,18:34:55,91,ZOHARI
AA0210,45628,0,0,PS,990923,18:56:10,18:56:22,12,0:00:00,0:00:00,0,AGENT,18:56:22,18:57:48,86,MEIR
AA0210,45629,25679481,2,PS,990923,19:26:21,19:26:27,6,19:26:27,19:26:48,21,AGENT,19:26:47,19:28:44,117,MEIR
AA0210,45630,0,0,NW,990923,19:51:50,19:52:04,14,0:00:00,0:00:00,0,AGENT,19:52:03,19:53:05,62,YITZ
AA0210,45631,0,0,PS,990923,20:14:01,20:14:10,9,0:00:00,0:00:00,0,AGENT,20:14:09,20:16:01,112,AVNI
AA0210,45632,0,0,PS,990923,21:03:44,21:03:54,10,0:00:00,0:00:00,0,AGENT,21:03:53,21:05:03,70,STEREN
AA0210,45633,0,0,NE,990923,22:01:10,22:01:21,11,0:00:00,0:00:00,0,AGENT,22:01:20,22:05:41,261,GILI
AA0210,45634,0,0,PS,990923,22:25:28,22:25:36,8,0:00:00,0:00:00,0,AGENT,22:25:35,22:31:15,340,GILI
AA0210,45635,0,0,PS,990923,23:16:56,23:17:08,12,0:00:00,0:00:00,0,AGENT,23:17:07,23:20:16,189,GILI
AA0210,45637,0,0,PS,990923,23:53:09,23:53:09,0,0:00:00,0:00:00,0,HANG,0:00:00,0:00:00,0,NO_SERVER
AA0210,45638,0,0,PS,990924,7:21:28,7:21:42,14,0:00:00,0:00:00,0,AGENT,7:21:41,7:23:01,80,ANAT
AA0210,45639,0,0,PS,990924,8:00:11,8:00:25,14,0:00:00,0:00:00,0,AGENT,8:00:24,8:01:22,58,ANAT
AA0210,45640,0,0,NE,990924,8:24:50,8:25:01,11,0:00:00,0:00:00,0,AGENT,8:25:01,8:25:25,24,NO_SERVER
AA0210,45641,0,0,NW,990924,8:45:11,8:45:20,9,8:45:20,8:47:24,124,AGENT,8:47:23,8:49:12,109,SHARON
AA0210,45642,0,0,PS,990924,9:03:13,9:03:22,9,0:00:00,0:00:00,0,AGENT,9:03:21,9:05:45,144,ANAT
AA0210,45643,0,0,NW,990924,9:31:53,9:32:08,15,0:00:00,0:00:00,0,AGENT,9:32:07,9:34:35,148,SHARON
AA0210,45644,0,0,NW,990924,9:48:00,9:48:09,9,9:48:09,9:54:01,352,HANG,0:00:00,0:00:00,0,NO_SERVER
AA0210,45645,0,0,PS,990924,10:16:57,10:17:07,10,0:00:00,0:00:00,0,AGENT,10:17:07,10:18:12,65,BASCH
AA0210,45646,5593470,1,PS,990924,10:37:22,10:37:27,5,10:37:27,10:38:44,77,PHANTOM,10:38:43,10:38:46,3,NO_SERVER
AA0210,45647,5871843,2,PS,990924,10:52:23,10:52:29,6,10:52:29,10:52:33,4,AGENT,10:52:32,10:53:33,61,ANAT
AA0210,45648,58638107,2,NE,990924,11:06:12,11:06:18,6,11:06:18,11:07:12,54,AGENT,11:07:11,11:07:48,37,SHARON
AA0210,45649,0,0,PS,990924,11:37:27,11:37:37,10,0:00:00,0:00:00,0,AGENT,11:37:36,11:38:09,33,BASCH
AA0210,45650,0,0,PS,990924,12:05:21,12:05:33,12,0:00:00,0:00:00,0,AGENT,12:05:33,12:05:46,13,BASCH
AA0210,45651,0,0,NE,990924,12:20:15,12:20:27,12,0:00:00,0:00:00,0,AGENT,12:20:27,12:23:22,175,BASCH
AA0210,45652,0,0,PS,990924,12:45:07,12:45:17,10,0:00:00,0:00:00,0,AGENT,12:45:17,12:46:07,50,BASCH
AA0210,45653,0,0,PS,990924,13:20:05,13:20:22,17,0:00:00,0:00:00,0,AGENT,13:20:22,13:21:17,55,BASCH
AA0210,45654,0,0,PS,990924,13:49:46,13:50:00,14,0:00:00,0:00:00,0,AGENT,13:49:59,13:53:08,189,BASCH
AA0210,45655,0,0,PS,990924,15:29:15,15:29:29,14,0:00:00,0:00:00,0,HANG,0:00:00,0:00:00,0,NO_SERVER
AA0210,45656,0,0,PS,990925,12:46:34,12:46:40,6,0:00:00,0:00:00,0,HANG,0:00:00,0:00:00,0,NO_SERVER
AA0210,45657,0,0,PS,990925,20:14:43,20:14:55,12,0:00:00,0:00:00,0,AGENT,20:14:54,20:16:02,68,AVI
AA0210,45658,0,0,PS,990925,20:44:25,20:44:36,11,0:00:00,0:00:00,0,AGENT,20:44:35,20:45:24,49,BASCH
AA0210,45659,0,0,NE,990925,21:38:50,21:39:00,10,0:00:00,0:00:00,0,AGENT,21:38:59,21:39:41,42,ZOHARI
AA0210,45660,0,0,PS,990925,22:51:34,22:51:44,10,0:00:00,0:00:00,0,AGENT,22:51:43,22:57:57,374,ZOHARI
AA0210,45661,0,0,PS,990926,7:06:29,7:06:41,12,0:00:00,0:00:00,0,AGENT,7:06:40,7:06:50,10,DORIT
AA0210,45662,7428345,2,PS,990926,7:49:03,7:49:09,6,7:49:09,7:50:07,58,AGENT,7:50:07,7:53:37,210,BASCH
AA0210,45663,0,0,PS,990926,8:30:26,8:30:35,9,0:00:00,0:00:00,0,AGENT,8:30:35,8:33:38,183,YITZ
AA0210,45664,0,0,PS,990926,8:50:47,8:50:57,10,0:00:00,0:00:00,0,AGENT,8:50:55,8:51:58,63,VICKY
AA0210,45665,0,0,PS,990926,9:10:50,9:11:01,11,0:00:00,0:00:00,0,AGENT,9:11:00,9:13:56,176,ZOHARI
AA0210,45666,0,0,PS,990926,9:25:00,9:25:12,12,0:00:00,0:00:00,0,AGENT,9:25:11,9:25:53,42,ZOHARI
AA0210,45667,0,0,PS,990926,9:36:12,9:36:22,10,0:00:00,0:00:00,0,AGENT,9:36:20,9:37:51,91,AVNI
AA0210,45668,23762909,2,PS,990926,9:48:09,9:48:15,6,9:48:15,9:48:37,22,AGENT,9:48:35,10:01:57,802,YIFAT
AA0210,45669,58448895,2,PS,990926,9:56:53,9:56:59,6,9:56:59,9:57:50,51,AGENT,9:57:49,10:00:09,140,BASCH
AA0210,45670,7191646,2,NE,990926,10:11:50,10:11:55,5,10:11:55,10:12:26,31,AGENT,10:12:25,10:18:26,361,VICKY
AA0210,45671,0,0,PS,990926,10:26:07,10:26:16,9,0:00:00,0:00:00,0,AGENT,10:26:15,10:28:57,162,VICKY
AA0210,45672,0,0,PS,990926,10:43:05,10:43:15,10,0:00:00,0:00:00,0,AGENT,10:43:14,10:45:05,111,ZOHARI
AA0210,45673,0,0,PS,990926,10:54:39,10:54:48,9,0:00:00,0:00:00,0,AGENT,10:54:47,10:58:14,207,YITZ
AA0210,45674,12887816,1,PS,990926,11:01:31,11:01:36,5,11:01:36,11:03:24,108,AGENT,11:03:23,11:07:45,262,AVNI
AA0210,45675,0,0,PS,990926,11:13:06,11:13:17,11,0:00:00,0:00:00,0,AGENT,11:13:16,11:18:24,308,YIFAT
AA0210,45676,0,0,PS,990926,11:24:33,11:24:42,9,0:00:00,0:00:00,0,AGENT,11:24:41,11:24:57,16,BASCH
AA0210,45677,29035417,1,PS,990926,11:35:20,11:35:26,6,11:35:26,11:35:37,11,AGENT,11:35:36,11:39:58,262,AVNI
AA0210,45678,0,0,PS,990926,11:47:54,11:48:03,9,0:00:00,0:00:00,0,AGENT,11:48:03,11:49:06,63,YIFAT
AA0210,45679,0,0,NE,990926,12:06:15,12:06:25,10,0:00:00,0:00:00,0,AGENT,12:06:24,12:09:31,187,ZOHARI
AA0210,45680,54146154,2,NE,990926,12:22:16,12:22:22,6,12:22:22,12:23:20,58,AGENT,12:23:20,12:24:39,79,VICKY
AA0210,45681,0,0,PS,990926,12:46:23,12:46:34,11,0:00:00,0:00:00,0,AGENT,12:46:33,12:48:26,113,YIFAT
AA0210,45682,0,0,PS,990926,13:11:48,13:12:01,13,0:00:00,0:00:00,0,AGENT,13:12:00,13:13:32,92,VICKY
AA0210,45683,54128681,2,PS,990926,13:25:36,13:25:42,6,13:25:42,13:26:14,32,AGENT,13:26:13,13:28:36,143,YIFAT
AA0210,45684,0,0,NW,990926,13:38:51,13:39:08,17,0:00:00,0:00:00,0,AGENT,13:39:07,13:41:53,166,DORIT
AA0210,45685,14504765,2,PS,990926,13:55:08,13:55:14,6,13:55:14,13:56:03,49,AGENT,13:56:02,13:59:03,181,VICKY
AA0210,45686,30442495,2,PS,990926,14:08:50,14:08:55,5,14:08:55,14:09:46,51,AGENT,14:09:45,14:15:40,355,ZOHARI
AA0210,45687,0,0,PS,990926,14:28:13,14:28:25,12,0:00:00,0:00:00,0,AGENT,14:28:24,14:31:25,181,VICKY
AA0210,45688,0,0,PS,990926,14:47:07,14:47:17,10,0:00:00,0:00:00,0,AGENT,14:47:16,14:48:06,50,VICKY
AA0210,45689,27008077,1,PS,990926,15:07:59,15:08:05,6,15:08:05,15:08:15,10,AGENT,15:08:14,15:08:21,7,VICKY
AA0210,45690,0,0,PS,990926,15:40:38,15:40:53,15,0:00:00,0:00:00,0,AGENT,15:40:52,15:42:12,80,TOVA
AA0210,45691,0,0,NW,990926,16:02:08,16:02:21,13,0:00:00,0:00:00,0,AGENT,16:02:20,16:06:04,224,AVNI
AA0210,45692,0,0,PS,990926,16:28:04,16:28:20,16,0:00:00,0:00:00,0,AGENT,16:28:19,16:32:20,241,AVNI
AA0210,45693,0,0,PS,990926,17:17:50,17:18:03,13,0:00:00,0:00:00,0,AGENT,17:18:02,17:20:34,152,DARMON
AA0210,45694,0,0,PS,990926,17:58:37,17:58:48,11,0:00:00,0:00:00,0,AGENT,17:58:48,17:59:31,43,SHARON
AA0210,45695,0,0,NW,990926,18:29:55,18:30:09,14,0:00:00,0:00:00,0,AGENT,18:30:08,18:31:08,60,MORIAH
AA0210,45696,0,0,PS,990926,19:03:49,19:03:58,9,0:00:00,0:00:00,0,AGENT,19:03:57,19:04:33,36,SHARON
AA0210,45697,0,0,PS,990926,19:49:08,19:49:18,10,0:00:00,0:00:00,0,AGENT,19:49:17,19:51:45,148,SHARON
AA0210,45698,0,0,PS,990926,20:44:03,20:44:17,14,0:00:00,0:00:00,0,AGENT,20:44:16,20:46:34,138,BENSION
AA0210,45699,0,0,PS,990926,21:45:26,21:45:41,15,0:00:00,0:00:00,0,AGENT,21:45:40,21:47:50,130,BENSION
AA0210,45700,0,0,NW,990926,23:00:56,23:01:10,14,0:00:00,0:00:00,0,AGENT,23:01:10,23:01:44,34,BENSION
AA0210,45701,0,0,PS,990927,7:05:45,7:05:57,12,0:00:00,0:00:00,0,AGENT,7:05:55,7:11:44,349,ZOHARI
AA0210,45702,0,0,NW,990927,8:09:17,8:09:29,12,0:00:00,0:00:00,0,AGENT,8:09:29,8:11:02,93,YITZ
AA0210,45703,0,0,PS,990927,8:30:21,8:30:30,9,0:00:00,0:00:00,0,AGENT,8:30:29,8:31:40,71,BASCH
AA0210,45704,0,0,NW,990927,8:53:06,8:53:16,10,8:53:16,8:55:06,110,AGENT,8:55:05,8:55:20,15,BENSION
AA0210,45705,0,0,PS,990927,9:10:13,9:10:23,10,0:00:00,0:00:00,0,AGENT,9:10:22,9:10:32,10,YITZ
AA0210,45706,0,0,NE,990927,9:28:54,9:29:03,9,0:00:00,0:00:00,0,AGENT,9:29:02,9:35:13,371,TOVA
AA0210,45707,51895019,2,PS,990927,9:40:24,9:40:30,6,9:40:30,9:41:06,36,AGENT,9:41:05,9:43:00,115,BASCH
AA0210,45708,0,0,PS,990927,9:54:19,9:54:29,10,0:00:00,0:00:00,0,AGENT,9:54:28,9:57:30,182,YITZ
AA0210,45709,33906777,1,PS,990927,10:02:41,10:02:47,6,10:02:47,10:03:47,60,HANG,0:00:00,0:00:00,0,NO_SERVER
AA0210,45710,57918849,1,NE,990927,10:12:19,10:12:25,6,10:12:25,10:13:21,56,AGENT,10:13:20,10:14:36,76,VICKY
AA0210,45711,0,0,PS,990927,10:28:03,10:28:11,8,0:00:00,0:00:00,0,AGENT,10:28:10,10:29:23,73,YITZ
AA0210,45712,52867744,2,PS,990927,10:40:52,10:40:57,5,10:40:57,10:42:55,118,AGENT,10:42:54,10:45:44,170,YITZ
AA0210,45713,50498013,2,PS,990927,10:55:59,10:56:04,5,10:56:04,10:56:51,47,AGENT,10:56:49,10:58:39,110,BENSION
AA0210,45714,17938986,2,PS,990927,11:06:02,11:06:08,6,11:06:08,11:09:19,191,AGENT,11:09:18,11:10:29,71,BASCH
AA0210,45715,0,0,PS,990927,11:21:19,11:21:30,11,0:00:00,0:00:00,0,AGENT,11:21:29,11:23:56,147,YITZ
AA0210,45716,52184413,2,PS,990927,11:36:39,11:36:44,5,11:36:44,11:37:55,71,AGENT,11:37:54,11:40:05,131,VICKY
AA0210,45717,59567479,0,PS,990927,11:47:10,11:47:16,6,11:47:16,11:49:26,130,HANG,0:00:00,0:00:00,0,NO_SERVER
AA0210,45718,0,0,NW,990927,12:02:54,12:03:09,15,0:00:00,0:00:00,0,AGENT,12:03:08,12:03:16,8,VICKY
AA0210,45719,0,0,PS,990927,12:20:16,12:20:28,12,0:00:00,0:00:00,0,AGENT,12:20:27,12:22:51,144,PINHAS
AA0210,45720,0,0,NW,990927,12:37:02,12:37:11,9,12:37:11,12:38:08,57,AGENT,12:38:08,12:38:36,28,VICKY
AA0210,45721,0,0,PS,990927,12:51:58,12:52:09,11,0:00:00,0:00:00,0,AGENT,12:52:08,12:55:45,217,ZOHARI
AA0210,45722,0,0,NW,990927,13:04:56,13:05:05,9,13:05:05,13:10:03,298,AGENT,13:10:02,13:11:36,94,PINHAS
AA0210,45723,0,0,PS,990927,13:28:15,13:28:26,11,0:00:00,0:00:00,0,AGENT,13:28:25,13:30:33,128,ZOHARI
AA0210,45724,0,0,NW,990927,13:42:52,13:43:01,9,13:43:01,13:51:09,488,AGENT,13:51:08,13:51:52,44,BENSION
AA0210,45725,50850429,2,PS,990927,14:04:45,14:04:50,5,14:04:50,14:05:51,61,AGENT,14:05:50,14:07:41,111,YITZ
AA0210,45726,55279970,2,NE,990927,14:18:42,14:18:48,6,14:18:48,14:19:57,69,AGENT,14:19:56,14:23:22,206,SHARON
AA0210,45727,67158097,2,PS,990927,14:34:43,14:34:49,6,14:34:49,14:35:59,70,AGENT,14:35:59,14:40:17,258,YITZ
AA0210,45728,0,0,PS,990927,14:50:15,14:50:26,11,0:00:00,0:00:00,0,AGENT,14:50:25,14:50:28,3,NO_SERVER
AA0210,45729,0,0,NE,990927,15:14:05,15:14:16,11,0:00:00,0:00:00,0,AGENT,15:14:15,15:17:08,173,ELI
AA0210,45730,0,0,PS,990927,15:54:00,15:54:10,10,0:00:00,0:00:00,0,AGENT,15:54:09,15:55:39,90,ANAT
AA0210,45731,58859752,2,PS,990927,16:27:40,16:27:45,5,16:27:45,16:29:50,125,AGENT,16:29:49,16:29:52,3,MORIAH
AA0210,45732,0,0,NW,990927,16:42:38,16:42:41,3,0:00:00,0:00:00,0,HANG,0:00:00,0:00:00,0,NO_SERVER
AA0210,45733,28064335,2,PS,990927,17:30:28,17:30:38,10,17:30:38,17:30:50,12,AGENT,17:30:37,17:33:53,196,AVNI
AA0210,45734,0,0,PS,990927,17:50:25,17:50:38,13,0:00:00,0:00:00,0,AGENT,17:50:37,17:52:16,99,ANAT
AA0210,45735,0,0,PS,990927,18:35:49,18:36:01,12,0:00:00,0:00:00,0,AGENT,18:36:00,18:36:37,37,SHARON
AA0210,45736,0,0,PS,990927,19:02:58,19:03:10,12,0:00:00,0:00:00,0,AGENT,19:03:10,19:03:41,31,ANAT
AA0210,45737,0,0,PS,990927,19:46:09,19:46:20,11,0:00:00,0:00:00,0,AGENT,19:46:19,19:48:19,120,GILI
AA0210,45738,0,0,PS,990927,20:31:03,20:31:16,13,0:00:00,0:00:00,0,AGENT,20:31:15,20:35:13,238,SHARON
AA0210,45739,0,0,NW,990927,21:30:34,21:30:48,14,0:00:00,0:00:00,0,AGENT,21:30:47,21:31:48,61,MORIAH
AA0210,45740,0,0,NE,990927,22:00:26,22:00:35,9,0:00:00,0:00:00,0,AGENT,22:00:34,22:03:23,169,MORIAH
AA0210,45741,0,0,PS,990927,22:44:54,22:45:03,9,0:00:00,0:00:00,0,AGENT,22:45:03,22:46:29,86,GILI
AA0210,45742,0,0,PS,990928,0:00:40,0:01:01,21,0:00:00,0:00:00,0,HANG,0:00:00,0:00:00,0,NO_SERVER
AA0210,45743,0,0,PE,990928,7:08:44,7:08:51,7,0:00:00,0:00:00,0,AGENT,7:08:51,7:13:39,288,YIFAT
AA0210,45744,0,0,PS,990928,8:04:13,8:04:22,9,0:00:00,0:00:00,0,AGENT,8:04:21,8:04:54,33,YIFAT
AA0210,45745,55984678,1,PS,990928,8:34:23,8:34:29,6,8:34:29,8:38:52,263,AGENT,8:38:51,8:40:31,100,ANAT
AA0210,45746,0,0,NW,990928,8:56:11,8:56:20,9,8:56:20,8:57:31,71,AGENT,8:57:30,8:57:36,6,PINHAS
AA0210,45747,22263669,1,PS,990928,9:16:13,9:16:22,9,9:16:22,9:17:11,49,AGENT,9:16:22,9:17:33,71,ANAT
AA0210,45748,0,0,PS,990928,9:28:37,9:28:47,10,0:00:00,0:00:00,0,AGENT,9:28:45,9:31:41,176,AVNI
AA0210,45749,36284263,1,PS,990928,9:40:11,9:40:16,5,9:40:16,9:40:31,15,HANG,0:00:00,0:00:00,0,NO_SERVER
AA0210,45750,54128681,2,PS,990928,9:54:46,9:54:51,5,9:54:51,9:57:50,179,AGENT,9:57:49,10:00:06,137,YIFAT
AA0210,45751,1432657,2,PS,990928,10:06:04,10:06:09,5,10:06:09,10:09:56,227,AGENT,10:09:55,10:13:10,195,AVNI
AA0210,45752,54539366,1,PS,990928,10:16:03,10:16:09,6,10:16:09,10:21:18,309,AGENT,10:21:17,10:23:27,130,YIFAT
AA0210,45753,34908988,1,PS,990928,10:29:40,10:29:46,6,10:29:46,10:30:25,39,HANG,0:00:00,0:00:00,0,NO_SERVER
AA0210,45754,0,0,NW,990928,10:37:54,10:38:03,9,10:38:03,10:39:52,109,AGENT,10:39:51,10:41:00,69,PINHAS
AA0210,45755,27856186,2,PS,990928,10:52:31,10:52:36,5,10:52:36,10:54:31,115,HANG,0:00:00,0:00:00,0,NO_SERVER
AA0210,45756,25124181,2,NE,990928,11:02:02,11:02:08,6,11:02:08,11:05:48,220,AGENT,11:05:47,11:10:02,255,AVNI
AA0210,45757,0,0,NW,990928,11:17:05,11:17:15,10,11:17:15,11:19:38,143,HANG,0:00:00,0:00:00,0,NO_SERVER
AA0210,45758,29738572,1,PS,990928,11:29:29,11:29:35,6,11:29:35,11:32:14,159,AGENT,11:32:12,11:33:25,73,YIFAT
AA0210,45759,52120771,1,NE,990928,11:40:16,11:40:22,6,11:40:22,11:47:21,419,AGENT,11:47:20,11:49:53,153,ANAT
AA0210,45760,25219700,2,PS,990928,11:56:46,11:56:52,6,11:56:52,12:05:32,520,AGENT,12:05:31,12:06:33,62,AVNI
AA0210,45761,14820047,2,PS,990928,12:12:12,12:12:18,6,12:12:18,12:22:06,588,AGENT,12:22:05,12:26:13,248,YIFAT
AA0210,45762,0,0,PS,990928,12:29:39,12:41:41,722,0:00:00,0:00:00,0,HANG,0:00:00,0:00:00,0,NO_SERVER
AA0210,45763,25421769,2,PS,990928,12:58:49,12:58:55,6,12:58:55,12:59:03,8,AGENT,12:59:02,13:00:45,103,VICKY
AA0210,45764,0,0,PS,990928,13:13:41,13:13:50,9,0:00:00,0:00:00,0,AGENT,13:13:50,13:15:27,97,ZOHARI
AA0210,45765,0,0,PS,990928,13:31:21,13:31:29,8,0:00:00,0:00:00,0,AGENT,13:31:28,13:33:20,112,YIFAT
AA0210,45766,16426967,2,PS,990928,13:46:50,13:46:55,5,13:46:55,13:47:14,19,AGENT,13:47:13,13:52:05,292,AVNI
AA0210,45767,22519995,2,PS,990928,13:55:45,13:55:51,6,13:55:51,13:57:17,86,AGENT,13:57:16,14:09:49,753,AVNI
AA0210,45768,56497902,1,PS,990928,14:08:45,14:08:51,6,14:08:51,14:10:09,78,HANG,0:00:00,0:00:00,0,NO_SERVER
AA0210,45769,43288190,2,PS,990928,14:19:14,14:19:19,5,14:19:19,14:20:00,41,AGENT,14:19:59,14:23:19,200,AVNI
AA0210,45770,24192759,2,PS,990928,14:33:57,14:34:03,6,14:34:03,14:34:58,55,AGENT,14:34:57,14:35:40,43,ZOHARI
AA0210,45771,69303097,1,PS,990928,14:53:23,14:53:29,6,14:53:29,14:54:44,75,AGENT,14:54:43,14:59:22,279,VICKY
AA0210,45772,0,0,PS,990928,15:28:43,15:28:53,10,0:00:00,0:00:00,0,AGENT,15:28:52,15:32:18,206,ZOHARI
AA0210,45773,0,0,PS,990928,16:01:47,16:02:00,13,0:00:00,0:00:00,0,AGENT,16:02:00,16:05:09,189,SHARON
AA0210,45774,0,0,NE,990928,16:30:49,16:30:58,9,0:00:00,0:00:00,0,AGENT,16:30:57,16:32:21,84,VICKY
AA0210,45775,0,0,PS,990928,17:01:44,17:01:53,9,0:00:00,0:00:00,0,AGENT,17:01:52,17:02:44,52,SHARON
AA0210,45776,0,0,PS,990928,17:24:31,17:24:41,10,0:00:00,0:00:00,0,AGENT,17:24:41,17:24:44,3,NO_SERVER
AA0210,45778,0,0,PS,990928,17:47:51,17:47:51,0,0:00:00,0:00:00,0,HANG,0:00:00,0:00:00,0,NO_SERVER
AA0210,45779,0,0,PS,990928,18:10:06,18:10:16,10,0:00:00,0:00:00,0,AGENT,18:10:16,18:12:28,132,BASCH
AA0210,45780,0,0,PS,990928,18:46:06,18:46:16,10,0:00:00,0:00:00,0,AGENT,18:46:15,18:47:29,74,YITZ
AA0210,45781,0,0,PS,990928,19:44:57,19:45:06,9,0:00:00,0:00:00,0,AGENT,19:45:06,19:47:24,138,SHARON
AA0210,45782,0,0,NE,990928,20:35:44,20:35:55,11,0:00:00,0:00:00,0,AGENT,20:35:54,20:37:46,112,SHARON
AA0210,45783,0,0,PS,990928,21:07:51,21:08:03,12,0:00:00,0:00:00,0,AGENT,21:08:02,21:09:50,108,BASCH
AA0210,45784,0,0,NE,990928,21:40:15,21:40:27,12,0:00:00,0:00:00,0,AGENT,21:40:26,21:40:51,25,BASCH
AA0210,45785,0,0,PS,990928,22:07:38,22:07:50,12,0:00:00,0:00:00,0,AGENT,22:07:49,22:12:07,258,GILI
AA0210,45786,0,0,PS,990928,22:59:26,22:59:37,11,0:00:00,0:00:00,0,AGENT,22:59:37,23:00:23,46,SHARON
AA0210,45787,0,0,PS,990928,23:59:26,23:59:50,24,0:00:00,0:00:00,0,AGENT,23:59:49,23:59:52,3,GILI
AA0210,45788,0,0,PS,990929,7:25:47,7:25:58,11,0:00:00,0:00:00,0,AGENT,7:25:57,7:27:20,83,YIFAT
AA0210,45789,0,0,PS,990929,8:16:06,8:16:16,10,0:00:00,0:00:00,0,AGENT,8:16:15,8:16:32,17,SHARON
AA0210,45790,0,0,PS,990929,8:33:53,8:34:02,9,0:00:00,0:00:00,0,AGENT,8:34:01,8:36:02,121,DORIT
AA0210,45791,53942926,2,PS,990929,8:50:13,8:50:19,6,8:50:19,8:50:37,18,HANG,0:00:00,0:00:00,0,NO_SERVER
AA0210,45792,24069940,1,PS,990929,9:08:33,9:08:38,5,9:08:38,9:09:50,72,HANG,0:00:00,0:00:00,0,NO_SERVER
AA0210,45793,0,0,PS,990929,9:24:18,9:24:28,10,0:00:00,0:00:00,0,AGENT,9:24:27,9:26:27,120,SHARON
AA0210,45794,21477385,1,PS,990929,9:35:46,9:35:51,5,9:35:51,9:37:22,91,AGENT,9:37:21,9:40:29,188,ANAT
AA0210,45795,0,0,PS,990929,9:48:58,9:50:09,71,0:00:00,0:00:00,0,HANG,0:00:00,0:00:00,0,NO_SERVER
AA0210,45796,10858884,2,NE,990929,9:56:29,9:56:34,5,9:56:34,9:59:11,157,AGENT,9:59:10,9:59:54,44,ZOHARI
AA0210,45797,54613724,2,NE,990929,10:11:00,10:11:06,6,10:11:06,10:11:21,15,AGENT,10:11:21,10:12:36,75,ZOHARI
AA0210,45798,33485640,1,PS,990929,10:21:12,10:21:18,6,10:21:18,10:21:54,36,AGENT,10:21:53,10:23:05,72,SHARON
AA0210,45799,0,0,PS,990929,10:34:12,10:34:23,11,0:00:00,0:00:00,0,AGENT,10:34:23,10:35:05,42,YIFAT
AA0210,45800,57948051,2,PS,990929,10:39:46,10:39:52,6,10:39:52,10:40:52,60,AGENT,10:40:51,10:41:51,60,DORIT
AA0210,45801,34399295,1,PS,990929,10:54:11,10:54:17,6,10:54:17,10:57:28,191,AGENT,10:57:27,10:59:08,101,AVNI
AA0210,45802,71820039,2,PS,990929,11:05:25,11:05:31,6,11:05:31,11:06:13,42,AGENT,11:06:12,11:08:49,157,SHARON
AA0210,45803,25246380,2,PS,990929,11:15:05,11:15:11,6,11:15:11,11:16:52,101,AGENT,11:16:51,11:20:00,189,YIFAT
AA0210,45804,0,0,PS,990929,11:29:38,11:29:48,10,0:00:00,0:00:00,0,AGENT,11:29:47,11:32:59,192,ZOHARI
AA0210,45805,36025112,2,PS,990929,11:41:21,11:41:26,5,11:41:26,11:42:10,44,AGENT,11:42:09,11:42:55,46,SHARON
AA0210,45806,0,0,PS,990929,11:56:09,11:56:21,12,0:00:00,0:00:00,0,AGENT,11:56:21,11:58:11,110,ANAT
AA0210,45807,69008423,1,PS,990929,12:05:18,12:05:23,5,12:05:23,12:06:48,85,HANG,0:00:00,0:00:00,0,NO_SERVER
AA0210,45808,74780917,2,NE,990929,12:12:41,12:12:46,5,12:12:46,12:15:10,144,AGENT,12:15:09,12:21:28,379,SHARON
AA0210,45809,58859752,2,PS,990929,12:25:05,12:25:10,5,12:25:10,12:28:42,212,AGENT,12:28:42,12:30:48,126,ZOHARI
AA0210,45810,0,0,PS,990929,12:40:59,12:41:09,10,0:00:00,0:00:00,0,AGENT,12:41:07,12:47:29,382,ZOHARI
AA0210,45811,0,0,NW,990929,12:56:04,12:56:13,9,12:56:13,12:59:05,172,HANG,0:00:00,0:00:00,0,NO_SERVER
AA0210,45812,0,0,NE,990929,13:14:40,13:14:49,9,0:00:00,0:00:00,0,AGENT,13:14:49,13:28:25,816,ZOHARI
AA0210,45813,38249587,1,PS,990929,13:27:42,13:27:48,6,13:27:48,13:29:03,75,AGENT,13:29:02,13:31:45,163,ZOHARI
AA0210,45814,0,0,PS,990929,13:44:01,13:44:11,10,0:00:00,0:00:00,0,AGENT,13:44:10,13:48:05,235,ANAT
AA0210,45815,0,0,NW,990929,13:55:11,13:55:20,9,13:55:20,13:56:02,42,HANG,0:00:00,0:00:00,0,NO_SERVER
AA0210,45816,703074,2,PS,990929,14:08:22,14:08:28,6,14:08:28,14:09:13,45,AGENT,14:09:12,14:09:15,3,YIFAT
AA0210,45817,22543664,2,PS,990929,14:18:27,14:18:33,6,14:18:33,14:18:53,20,AGENT,14:18:52,14:20:47,115,ZOHARI
AA0210,45818,29641727,2,PS,990929,14:28:59,14:29:04,5,14:29:04,14:29:51,47,AGENT,14:29:50,14:30:26,36,BASCH
AA0210,45819,0,0,PS,990929,14:48:25,14:48:32,7,0:00:00,0:00:00,0,AGENT,14:48:32,14:49:32,60,BASCH
AA0210,45820,10858884,2,NE,990929,15:22:40,15:22:46,6,15:22:46,15:23:02,16,AGENT,15:23:02,15:25:19,137,BASCH
AA0210,45821,0,0,NE,990929,15:48:16,15:48:25,9,0:00:00,0:00:00,0,AGENT,15:48:25,15:49:45,80,BASCH
AA0210,45822,27644400,2,PS,990929,16:16:04,16:16:10,6,16:16:10,16:17:06,56,AGENT,16:17:05,16:18:14,69,VICKY
AA0210,45823,0,0,NW,990929,16:41:34,16:41:48,14,0:00:00,0:00:00,0,AGENT,16:41:47,16:44:21,154,STEREN
AA0210,45824,0,0,PS,990929,17:28:17,17:28:27,10,0:00:00,0:00:00,0,AGENT,17:28:26,17:29:01,35,BASCH
AA0210,45825,51293231,2,PS,990929,17:54:55,17:55:01,6,17:55:01,17:55:27,26,AGENT,17:55:26,17:57:13,107,STEREN
AA0210,45826,0,0,PS,990929,18:18:35,18:19:01,26,0:00:00,0:00:00,0,AGENT,18:19:00,18:20:22,82,MEIR
AA0210,45827,0,0,PS,990929,18:48:15,18:48:45,30,0:00:00,0:00:00,0,AGENT,18:48:44,18:52:00,196,MEIR
AA0210,45828,0,0,NW,990929,19:13:27,19:13:40,13,0:00:00,0:00:00,0,AGENT,19:13:39,19:16:31,172,VICKY
AA0210,45829,55279970,2,NE,990929,19:33:54,19:34:00,6,19:34:00,19:35:25,85,AGENT,19:35:24,19:48:07,763,GILI
AA0210,45830,0,0,PS,990929,20:20:57,20:21:11,14,0:00:00,0:00:00,0,AGENT,20:21:10,20:22:48,98,MEIR
AA0210,45831,0,0,PS,990929,20:43:49,20:44:00,11,0:00:00,0:00:00,0,AGENT,20:43:59,20:44:24,25,MEIR
AA0210,45832,0,0,PS,990929,21:25:43,21:25:53,10,0:00:00,0:00:00,0,AGENT,21:25:52,21:26:36,44,GILI
AA0210,45833,35796002,1,PS,990929,21:59:19,21:59:25,6,21:59:25,22:01:40,135,AGENT,22:01:39,22:02:16,37,GILI
AA0210,45834,0,0,PS,990929,22:44:27,22:44:36,9,0:00:00,0:00:00,0,AGENT,22:44:35,22:50:06,331,STEREN
AA0210,45835,0,0,PS,990929,23:39:02,23:39:11,9,0:00:00,0:00:00,0,AGENT,23:39:10,23:40:16,66,VICKY
AA0210,45836,0,0,PS,990930,5:04:15,5:04:25,10,0:00:00,0:00:00,0,HANG,0:00:00,0:00:00,0,NO_SERVER
AA0210,45837,0,0,PS,990930,7:39:34,7:39:49,15,0:00:00,0:00:00,0,AGENT,7:39:49,7:49:35,586,YIFAT
AA0210,45838,0,0,PS,990930,8:18:21,8:18:30,9,0:00:00,0:00:00,0,AGENT,8:18:29,8:19:45,76,YIFAT
AA0210,45839,0,0,NW,990930,8:45:41,8:45:56,15,0:00:00,0:00:00,0,AGENT,8:45:55,8:46:36,41,ANAT
AA0210,45840,0,0,PS,990930,8:57:39,8:57:48,9,0:00:00,0:00:00,0,AGENT,8:57:47,9:00:41,174,YIFAT
AA0210,45841,58029620,2,PS,990930,9:13:31,9:13:37,6,9:13:37,9:15:14,97,AGENT,9:15:13,9:15:58,45,TOVA
AA0210,45842,0,0,NW,990930,9:27:55,9:28:05,10,9:28:05,9:32:08,243,HANG,0:00:00,0:00:00,0,NO_SERVER
AA0210,45843,23065295,1,PS,990930,9:44:27,9:44:32,5,9:44:32,9:46:14,102,AGENT,9:46:12,10:02:41,989,ROTH
AA0210,45844,32810103,1,PS,990930,9:54:36,9:54:42,6,9:54:42,9:55:12,30,HANG,0:00:00,0:00:00,0,NO_SERVER
AA0210,45845,25673815,1,PS,990930,10:00:05,10:00:11,6,10:00:11,10:04:39,268,AGENT,10:04:39,10:06:23,104,TOVA
AA0210,45846,57918849,1,NE,990930,10:18:30,10:18:36,6,10:18:36,10:20:02,86,AGENT,10:20:01,10:20:40,39,SHARON
AA0210,45847,0,0,PS,990930,10:35:15,10:35:33,18,0:00:00,0:00:00,0,AGENT,10:35:32,10:37:34,122,ANAT
AA0210,45848,0,0,PS,990930,10:47:10,10:47:19,9,0:00:00,0:00:00,0,AGENT,10:47:18,10:51:43,265,ANAT
AA0210,45849,703074,2,PS,990930,11:00:26,11:00:31,5,11:00:31,11:02:19,108,AGENT,11:02:17,11:02:19,2,TOVA
AA0210,45850,24654626,1,PS,990930,11:05:33,11:05:38,5,11:05:38,11:07:31,113,HANG,0:00:00,0:00:00,0,NO_SERVER
AA0210,45851,23515968,1,PS,990930,11:16:03,11:16:09,6,11:16:09,11:17:22,73,HANG,0:00:00,0:00:00,0,NO_SERVER
AA0210,45852,59630624,1,NE,990930,11:20:28,11:20:34,6,11:20:34,11:25:16,282,AGENT,11:25:15,11:25:48,33,ZOHARI
AA0210,45853,25243262,2,PS,990930,11:28:42,11:28:48,6,11:28:48,11:31:02,134,AGENT,11:31:01,11:33:05,124,TOVA
AA0210,45854,58859752,2,PS,990930,11:39:30,11:39:36,6,11:39:36,11:44:51,315,AGENT,11:44:50,11:44:54,4,YIFAT
AA0210,45855,58704610,2,PS,990930,11:48:51,11:48:57,6,11:48:57,11:50:59,122,AGENT,11:50:58,11:52:32,94,YIFAT
AA0210,45856,23383607,2,PS,990930,11:59:21,11:59:26,5,11:59:26,11:59:37,11,AGENT,11:59:36,12:01:44,128,ROTH
AA0210,45857,0,0,NW,990930,12:09:37,12:09:46,9,12:09:46,12:10:39,53,AGENT,12:10:39,12:10:56,17,SHARON
AA0210,45858,0,0,PS,990930,12:20:44,12:20:53,9,0:00:00,0:00:00,0,AGENT,12:20:52,12:23:11,139,ANAT
AA0210,45859,0,0,PS,990930,12:39:21,12:39:33,12,0:00:00,0:00:00,0,AGENT,12:39:32,12:40:27,55,TOVA
AA0210,45860,58704610,2,PS,990930,12:57:09,12:57:15,6,12:57:15,12:57:34,19,AGENT,12:57:33,12:58:44,71,ROTH
AA0210,45861,57074585,2,PS,990930,13:11:18,13:11:23,5,13:11:23,13:12:03,40,AGENT,13:12:02,13:12:17,15,SHARON
AA0210,45862,24633968,2,PS,990930,13:28:36,13:28:41,5,13:28:41,13:30:31,110,AGENT,13:30:30,13:31:13,43,SHARON
AA0210,45863,0,0,NW,990930,13:48:38,13:48:47,9,13:48:47,13:50:19,92,HANG,0:00:00,0:00:00,0,NO_SERVER
AA0210,45864,703074,2,PS,990930,13:59:01,13:59:07,6,13:59:07,14:02:36,209,AGENT,14:02:34,14:08:09,335,SHARON
AA0210,45865,0,0,NE,990930,14:10:28,14:10:40,12,0:00:00,0:00:00,0,AGENT,14:10:39,14:27:28,1009,ELI
AA0210,45866,43288190,2,PS,990930,14:22:18,14:22:23,5,14:22:23,14:27:18,295,AGENT,14:27:17,14:28:27,70,SHARON
AA0210,45868,0,0,PS,990930,14:40:02,14:40:02,0,0:00:00,0:00:00,0,HANG,0:00:00,0:00:00,0,NO_SERVER
AA0210,45869,7086275,2,PS,990930,14:56:44,14:56:48,4,14:56:48,14:57:53,65,AGENT,14:57:52,15:00:01,129,SHARON
AA0210,45870,0,0,NW,990930,15:23:00,15:23:10,10,15:23:10,15:23:46,36,AGENT,15:23:46,16:40:45,4619,PINHAS
AA0210,45871,0,0,PS,990930,15:59:29,15:59:39,10,0:00:00,0:00:00,0,AGENT,15:59:38,16:00:46,68,ROTH
AA0210,45872,792036,2,PS,990930,16:23:58,16:24:03,5,16:24:03,16:24:46,43,AGENT,16:24:45,16:27:54,189,ROTH
AA0210,45873,50395938,2,PS,990930,16:40:52,16:40:57,5,16:40:57,16:40:57,0,HANG,0:00:00,0:00:00,0,NO_SERVER
AA0210,45874,0,0,PS,990930,16:57:47,16:57:56,9,0:00:00,0:00:00,0,AGENT,16:57:56,16:59:19,83,YITZ
AA0210,45875,0,0,PS,990930,17:29:38,17:29:50,12,0:00:00,0:00:00,0,AGENT,17:29:49,17:33:41,232,STEREN
AA0210,45876,0,0,NE,990930,18:12:02,18:12:12,10,0:00:00,0:00:00,0,AGENT,18:12:11,18:13:32,81,VICKY
AA0210,45877,0,0,NW,990930,18:45:45,18:45:59,14,0:00:00,0:00:00,0,AGENT,18:45:58,18:46:34,36,YITZ
AA0210,45878,0,0,NW,990930,19:38:46,19:39:00,14,0:00:00,0:00:00,0,AGENT,19:38:58,19:39:44,46,VICKY
AA0210,45879,0,0,NE,990930,20:12:15,20:12:30,15,0:00:00,0:00:00,0,AGENT,20:12:29,20:13:45,76,MEIR
AA0210,45880,0,0,NE,990930,20:50:17,20:50:27,10,0:00:00,0:00:00,0,AGENT,20:50:26,20:53:31,185,MEIR
AA0210,45881,0,0,PS,990930,21:27:00,21:27:10,10,0:00:00,0:00:00,0,AGENT,21:27:09,21:28:23,74,AVNI
AA0210,45882,0,0,PS,990930,22:19:50,22:20:02,12,0:00:00,0:00:00,0,AGENT,22:20:01,22:24:17,256,AVNI
AA0210,45883,0,0,PS,990930,23:13:20,23:13:32,12,0:00:00,0:00:00,0,AGENT,23:13:31,23:17:20,229,AVNI
AA0213,26553,0,0,NW,990901,0:29:24,0:30:02,38,0:00:00,0:00:00,0,HANG,0:00:00,0:00:00,0,NO_SERVER
AA0213,26554,0,0,PS,990901,6:47:20,6:48:23,63,0:00:00,0:00:00,0,HANG,0:00:00,0:00:00,0,NO_SERVER
AA0213,26555,2805893,2,PS,990901,7:34:21,7:34:26,5,7:34:26,7:34:43,17,HANG,0:00:00,0:00:00,0,NO_SERVER
AA0213,26556,0,0,PS,990901,7:56:18,7:56:30,12,0:00:00,0:00:00,0,AGENT,7:56:29,7:59:27,178,DORIT
AA0213,26557,0,0,PS,990901,8:12:52,8:13:04,12,0:00:00,0:00:00,0,AGENT,8:13:03,8:16:10,187,BASCH
AA0213,26558,0,0,PS,990901,8:29:33,8:29:46,13,0:00:00,0:00:00,0,AGENT,8:29:44,8:31:04,80,SHARON
AA0213,26559,0,0,PS,990901,8:41:52,8:42:01,9,0:00:00,0:00:00,0,AGENT,8:42:01,8:44:28,147,DORIT
AA0213,26560,0,0,NW,990901,8:56:07,8:56:22,15,0:00:00,0:00:00,0,AGENT,8:56:21,8:57:30,69,ROTH
AA0213,26561,38658449,1,PS,990901,9:07:01,9:07:06,5,9:07:06,9:09:22,136,AGENT,9:09:21,9:10:49,88,STEREN
AA0213,26562,0,0,NW,990901,9:19:37,9:19:47,10,9:19:47,9:20:07,20,AGENT,9:20:06,9:20:46,40,BASCH
AA0213,26563,0,0,PS,990901,9:31:34,9:31:42,8,0:00:00,0:00:00,0,AGENT,9:31:41,9:32:19,38,YITZ
AA0213,26564,0,0,NE,990901,9:41:57,9:42:06,9,0:00:00,0:00:00,0,AGENT,9:42:05,9:46:15,250,AVNI
AA0213,26565,0,0,PS,990901,9:49:06,9:49:14,8,0:00:00,0:00:00,0,AGENT,9:49:14,9:51:44,150,YITZ
AA0213,26566,69687275,2,PS,990901,9:58:39,9:58:45,6,9:58:45,9:59:13,28,AGENT,9:59:13,10:02:18,185,ROTH
AA0213,26567,78191137,2,PS,990901,10:09:56,10:10:01,5,10:10:01,10:11:58,117,AGENT,10:11:57,10:15:39,222,NAAMA
AA0213,26568,0,0,PS,990901,10:20:10,10:20:18,8,0:00:00,0:00:00,0,AGENT,10:20:17,10:21:20,63,ROTH
AA0213,26569,24896078,1,PS,990901,10:27:57,10:28:03,6,10:28:03,10:29:10,67,AGENT,10:29:09,10:29:43,34,NAAMA
AA0213,26570,11081551,2,PS,990901,10:38:47,10:38:52,5,10:38:52,10:40:01,69,AGENT,10:40:01,10:40:37,36,BASCH
AA0213,26571,0,0,PS,990901,10:54:32,10:54:43,11,0:00:00,0:00:00,0,AGENT,10:54:43,10:56:11,88,BASCH
AA0213,26572,52867744,2,PS,990901,11:04:47,11:04:53,6,11:04:53,11:05:08,15,AGENT,11:05:07,11:09:05,238,ROTH
AA0213,26573,7191646,2,NE,990901,11:15:49,11:15:55,6,11:15:55,11:19:15,200,AGENT,11:19:15,11:32:34,799,ZOHARI
AA0213,26574,0,0,PS,990901,11:30:37,11:30:49,12,0:00:00,0:00:00,0,AGENT,11:30:48,11:32:02,74,YITZ
AA0213,26575,56765985,2,PS,990901,11:42:19,11:42:25,6,11:42:25,11:42:31,6,AGENT,11:42:30,11:49:37,427,AVNI
AA0213,26576,57918849,1,NE,990901,11:56:06,11:56:12,6,11:56:12,11:57:29,77,AGENT,11:57:28,12:02:38,310,NAAMA
AA0213,26577,22263115,2,PS,990901,12:08:44,12:08:49,5,12:08:49,12:08:53,4,AGENT,12:08:51,12:10:00,69,SHARON
AA0213,26578,0,0,PS,990901,12:21:58,12:22:06,8,0:00:00,0:00:00,0,AGENT,12:22:05,12:23:07,62,ROTH
AA0213,26579,0,0,PS,990901,12:39:34,12:39:44,10,0:00:00,0:00:00,0,AGENT,12:39:43,12:40:56,73,DORIT
AA0213,26580,69687275,2,PS,990901,12:50:01,12:50:07,6,12:50:07,12:50:15,8,AGENT,12:50:15,12:53:33,198,DORIT
AA0213,26581,0,0,PS,990901,13:03:47,13:03:56,9,0:00:00,0:00:00,0,AGENT,13:03:55,13:06:09,134,DORIT
AA0213,26582,0,0,NW,990901,13:19:47,13:20:00,13,0:00:00,0:00:00,0,AGENT,13:19:59,13:21:32,93,ROTH
AA0213,26583,0,0,PS,990901,13:35:44,13:35:53,9,0:00:00,0:00:00,0,AGENT,13:35:52,13:41:21,329,STEREN
AA0213,26584,0,0,NW,990901,13:48:44,13:48:58,14,0:00:00,0:00:00,0,AGENT,13:48:57,13:50:23,86,MORIAH
AA0213,26585,0,0,PS,990901,14:02:24,14:02:43,19,0:00:00,0:00:00,0,AGENT,14:02:42,14:05:14,152,SHARON
AA0213,26586,0,0,PS,990901,14:13:49,14:14:03,14,0:00:00,0:00:00,0,AGENT,14:14:02,14:19:20,318,ANAT
AA0213,26587,0,0,NE,990901,14:27:03,14:27:13,10,0:00:00,0:00:00,0,AGENT,14:27:12,14:33:53,401,STEREN
AA0213,26588,0,0,PS,990901,14:36:50,14:37:08,18,0:00:00,0:00:00,0,AGENT,14:37:06,14:39:45,159,BENSION
AA0213,26589,0,0,PS,990901,14:45:14,14:45:29,15,0:00:00,0:00:00,0,AGENT,14:45:28,14:47:14,106,SHARON
AA0213,26590,0,0,NE,990901,14:59:37,14:59:48,11,0:00:00,0:00:00,0,AGENT,14:59:47,15:02:51,184,ANAT
AA0213,26591,0,0,PS,990901,15:13:41,15:13:54,13,0:00:00,0:00:00,0,AGENT,15:13:53,15:14:53,60,SHARON
AA0213,26592,0,0,PS,990901,15:22:23,15:22:34,11,0:00:00,0:00:00,0,AGENT,15:22:33,15:24:56,143,ZOHARI
AA0213,26593,0,0,PS,990901,15:33:24,15:33:38,14,0:00:00,0:00:00,0,AGENT,15:33:37,15:35:25,108,SHARON
AA0213,26594,0,0,PS,990901,15:44:02,15:44:12,10,0:00:00,0:00:00,0,AGENT,15:44:11,15:48:54,283,STEREN
AA0213,26595,27770932,2,PS,990901,15:54:36,15:54:41,5,15:54:41,15:54:48,7,AGENT,15:54:46,15:56:54,128,BENSION
AA0213,26596,0,0,NE,990901,16:11:32,16:11:44,12,0:00:00,0:00:00,0,AGENT,16:11:43,16:12:44,61,ELI
AA0213,26597,0,0,NW,990901,16:33:14,16:33:29,15,0:00:00,0:00:00,0,AGENT,16:33:28,16:34:49,81,MORIAH
AA0213,26598,31786395,1,PS,990901,16:48:41,16:48:47,6,16:48:47,16:49:13,26,AGENT,16:49:12,16:49:58,46,AVNI
AA0213,26599,33474602,2,PS,990901,16:59:37,16:59:43,6,16:59:43,17:00:15,32,AGENT,17:00:14,17:03:28,194,TOVA
AA0213,26600,63193346,2,PS,990901,17:14:44,17:14:50,6,17:14:50,17:15:33,43,AGENT,17:15:31,17:17:35,124,ANAT
AA0213,26601,47148739,2,NE,990901,17:34:42,17:34:47,5,17:34:47,17:35:18,31,AGENT,17:35:17,17:38:31,194,DARMON
AA0213,26602,0,0,PS,990901,17:50:39,17:50:53,14,0:00:00,0:00:00,0,AGENT,17:50:52,17:53:19,147,TOVA
AA0213,26603,0,0,PS,990901,18:11:31,18:11:51,20,0:00:00,0:00:00,0,AGENT,18:11:44,18:11:51,7,MORIAH
AA0213,26604,0,0,PS,990901,18:26:57,18:27:06,9,0:00:00,0:00:00,0,AGENT,18:27:05,18:33:32,387,DARMON
AA0213,26605,0,0,PS,990901,18:47:44,18:47:57,13,0:00:00,0:00:00,0,AGENT,18:47:56,18:50:50,174,TOVA
AA0213,26606,0,0,NW,990901,19:13:27,19:13:44,17,0:00:00,0:00:00,0,AGENT,19:13:43,19:15:49,126,VICKY
AA0213,26607,0,0,NW,990901,19:36:52,19:37:06,14,0:00:00,0:00:00,0,AGENT,19:37:05,19:38:04,59,VICKY
AA0213,26608,0,0,NE,990901,20:00:52,20:01:03,11,0:00:00,0:00:00,0,AGENT,20:01:02,20:02:05,63,MEIR
AA0213,26609,0,0,PS,990901,20:17:59,20:18:09,10,0:00:00,0:00:00,0,AGENT,20:18:08,20:23:03,295,TOVA
AA0213,26610,0,0,NW,990901,20:32:29,20:32:39,10,20:32:39,20:35:36,177,AGENT,20:35:35,20:35:53,18,BENSION
AA0213,26611,42672089,2,PS,990901,20:49:28,20:49:33,5,20:49:33,20:49:39,6,AGENT,20:49:38,21:15:28,1550,MORIAH
AA0213,26612,0,0,PS,990901,21:03:27,21:03:39,12,0:00:00,0:00:00,0,AGENT,21:03:38,21:05:22,104,BENSION
AA0213,26613,0,0,NE,990901,21:23:47,21:24:03,16,0:00:00,0:00:00,0,AGENT,21:24:02,21:24:07,5,MORIAH
AA0213,26614,0,0,PS,990901,21:46:54,21:47:06,12,0:00:00,0:00:00,0,AGENT,21:47:05,21:57:30,625,MEIR
AA0213,26615,0,0,NW,990901,22:04:59,22:05:08,9,22:05:08,22:08:10,182,HANG,0:00:00,0:00:00,0,NO_SERVER
AA0213,26616,0,0,PS,990901,22:19:28,22:19:41,13,0:00:00,0:00:00,0,AGENT,22:19:40,22:21:05,85,AVI
AA0213,26617,54241443,2,NE,990901,22:42:38,22:42:44,6,22:42:44,22:44:06,82,AGENT,22:44:05,22:45:37,92,DARMON
AA0213,26618,54780721,2,PS,990901,23:00:04,23:00:10,6,23:00:10,23:01:55,105,AGENT,23:01:55,23:05:24,209,VICKY
AA0213,26619,25219411,1,PS,990901,23:26:13,23:26:18,5,23:26:18,23:26:30,12,HANG,0:00:00,0:00:00,0,NO_SERVER
AA0213,26620,25246380,2,PS,990901,23:52:46,23:52:52,6,23:52:52,23:53:37,45,AGENT,23:53:36,23:54:59,83,VICKY
AA0213,26621,0,0,PS,990902,7:02:36,7:02:46,10,0:00:00,0:00:00,0,AGENT,7:02:46,7:04:32,106,TOVA
AA0213,26622,0,0,NW,990902,7:38:11,7:38:20,9,7:38:20,7:39:51,91,HANG,0:00:00,0:00:00,0,NO_SERVER
AA0213,26623,24217887,2,PS,990902,8:00:53,8:00:58,5,8:00:58,8:01:30,32,AGENT,8:01:29,8:02:51,82,STEREN
AA0213,26624,3074432,2,PS,990902,8:23:05,8:23:11,6,8:23:11,8:23:49,38,AGENT,8:23:48,8:28:06,258,TOVA
AA0213,26625,5850011,2,PS,990902,8:34:32,8:34:38,6,8:34:38,8:38:46,248,AGENT,8:38:45,8:42:34,229,STEREN
AA0213,26626,0,0,PS,990902,8:45:35,8:45:46,11,0:00:00,0:00:00,0,AGENT,8:45:46,9:13:54,1688,YIFAT
AA0213,26627,30059463,2,PS,990902,8:52:56,8:53:01,5,8:53:01,8:53:10,9,HANG,0:00:00,0:00:00,0,NO_SERVER
AA0213,26628,12183380,1,PS,990902,8:59:29,8:59:35,6,8:59:35,9:00:10,35,AGENT,9:00:09,9:00:36,27,ANAT
AA0213,26629,24819179,1,PS,990902,9:10:24,9:10:29,5,9:10:29,9:13:11,162,HANG,0:00:00,0:00:00,0,NO_SERVER
AA0213,26630,0,0,PS,990902,9:26:42,9:26:51,9,0:00:00,0:00:00,0,AGENT,9:26:49,9:26:56,7,NO_SERVER
AA0213,26631,0,0,PS,990902,9:38:06,9:38:18,12,0:00:00,0:00:00,0,AGENT,9:38:17,9:39:12,55,TOVA
AA0213,26632,0,0,NE,990902,9:45:26,9:45:37,11,0:00:00,0:00:00,0,AGENT,9:45:35,9:49:58,263,ELI
AA0213,26633,58134990,2,PS,990902,9:54:18,9:54:24,6,9:54:24,9:54:56,32,AGENT,9:54:55,10:00:54,359,ANAT
AA0213,26634,55921597,1,NE,990902,10:02:12,10:02:17,5,10:02:17,10:02:51,34,AGENT,10:02:50,10:02:53,3,MORIAH
AA0213,26635,14264295,2,PS,990902,10:11:28,10:11:34,6,10:11:34,10:12:07,33,AGENT,10:12:07,10:13:48,101,ANAT
AA0213,26636,28904522,2,PS,990902,10:18:44,10:18:50,6,10:18:50,10:20:22,92,HANG,0:00:00,0:00:00,0,NO_SERVER
AA0213,26637,50323468,2,PS,990902,10:24:14,10:24:19,5,10:24:19,10:24:34,15,HANG,0:00:00,0:00:00,0,NO_SERVER
AA0213,26638,904078,1,PS,990902,10:27:59,10:28:05,6,10:28:05,10:30:35,150,HANG,0:00:00,0:00:00,0,NO_SERVER
AA0213,26639,65032120,2,PS,990902,10:35:04,10:35:10,6,10:35:10,10:36:35,85,AGENT,10:36:34,10:47:21,647,ZOHARI
AA0213,26640,54613724,2,NE,990902,10:40:26,10:40:32,6,10:40:32,10:43:38,186,AGENT,10:43:37,10:44:59,82,ROTH
AA0213,26641,8767790,2,PS,990902,10:46:59,10:47:05,6,10:47:05,10:49:34,149,AGENT,10:49:34,10:54:56,322,TOVA
AA0213,26642,0,0,PS,990902,10:55:04,10:55:14,10,0:00:00,0:00:00,0,AGENT,10:55:13,11:04:01,528,TOVA
AA0213,26643,54539366,1,PS,990902,11:02:46,11:02:52,6,11:02:52,11:07:21,269,AGENT,11:07:21,11:08:37,76,ZOHARI
AA0213,26644,57074585,2,PS,990902,11:11:53,11:11:58,5,11:11:58,11:15:35,217,AGENT,11:15:34,11:29:40,846,ZOHARI
AA0213,26646,0,0,PS,990902,11:21:56,11:21:56,0,0:00:00,0:00:00,0,HANG,0:00:00,0:00:00,0,NO_SERVER
AA0213,26647,13937958,2,PS,990902,11:27:08,11:27:14,6,11:27:14,11:27:23,9,AGENT,11:27:23,11:33:13,350,MORIAH
AA0213,26648,25534462,2,PS,990902,11:33:28,11:33:34,6,11:33:34,11:34:36,62,HANG,0:00:00,0:00:00,0,NO_SERVER
AA0213,26649,58421306,1,PS,990902,11:42:52,11:42:57,5,11:42:57,11:43:23,26,AGENT,11:43:22,11:46:15,173,TOVA
AA0213,26650,38388948,2,PS,990902,11:49:09,11:49:15,6,11:49:15,11:49:32,17,AGENT,11:49:31,11:52:39,188,STEREN
AA0213,26651,0,0,NW,990902,11:59:20,11:59:32,12,0:00:00,0:00:00,0,AGENT,11:59:31,11:59:36,5,NO_SERVER
AA0213,26652,0,0,NW,990902,12:08:40,12:08:49,9,12:08:49,12:12:18,209,AGENT,12:12:17,12:13:18,61,STEREN
AA0213,26653,0,0,PS,990902,12:22:57,12:23:12,15,0:00:00,0:00:00,0,AGENT,12:23:11,12:26:39,208,ZOHARI
AA0213,26654,0,0,PS,990902,12:33:09,12:33:19,10,0:00:00,0:00:00,0,AGENT,12:33:18,12:36:41,203,ANAT
AA0213,26655,0,0,PS,990902,12:43:15,12:43:23,8,0:00:00,0:00:00,0,AGENT,12:43:23,12:46:29,186,STEREN
AA0213,26657,0,0,PS,990902,12:49:50,12:49:50,0,0:00:00,0:00:00,0,HANG,0:00:00,0:00:00,0,NO_SERVER
AA0213,26658,0,0,PS,990902,12:59:59,13:00:08,9,0:00:00,0:00:00,0,AGENT,13:00:07,13:00:11,4,NO_SERVER
AA0213,26659,73597874,2,PS,990902,13:08:53,13:08:58,5,13:08:58,13:10:51,113,AGENT,13:10:51,13:13:57,186,ZOHARI
AA0213,26660,59111880,2,PS,990902,13:17:53,13:17:59,6,13:17:59,13:18:08,9,AGENT,13:18:07,13:20:21,134,TOVA
AA0213,26661,32000150,1,PS,990902,13:25:32,13:25:37,5,13:25:37,13:26:04,27,AGENT,13:26:04,13:32:02,358,TOVA
AA0213,26662,0,0,NW,990902,13:37:22,13:37:31,9,13:37:31,13:37:54,23,AGENT,13:37:53,13:38:46,53,STEREN
AA0213,26663,0,0,PS,990902,13:52:58,13:53:12,14,0:00:00,0:00:00,0,AGENT,13:53:11,13:55:34,143,ANAT
AA0213,26664,65032120,2,NE,990902,14:01:36,14:01:42,6,14:01:42,14:01:46,4,AGENT,14:01:45,14:04:11,146,KAZAV
AA0213,26665,0,0,PS,990902,14:12:41,14:12:49,8,0:00:00,0:00:00,0,AGENT,14:12:48,14:13:24,36,ROTH
AA0213,26666,25124181,2,NE,990902,14:23:08,14:23:14,6,14:23:14,14:25:18,124,AGENT,14:25:17,14:29:29,252,ROTH
AA0213,26667,55126338,1,PS,990902,14:33:43,14:33:48,5,14:33:48,14:34:05,17,HANG,0:00:00,0:00:00,0,NO_SERVER
AA0213,26668,57996985,1,PS,990902,14:41:05,14:41:10,5,14:41:10,14:42:21,71,AGENT,14:42:20,14:47:42,322,STEREN
AA0213,26669,0,0,NW,990902,14:52:02,14:52:12,10,14:52:12,14:52:43,31,HANG,0:00:00,0:00:00,0,NO_SERVER
AA0213,26670,55279970,2,NE,990902,15:00:55,15:01:01,6,15:01:01,15:01:39,38,HANG,0:00:00,0:00:00,0,NO_SERVER
AA0213,26671,25124181,2,NE,990902,15:07:57,15:08:02,5,15:08:02,15:13:48,346,AGENT,15:13:48,15:20:47,419,KAZAV
AA0213,26673,0,0,PS,990902,15:22:45,15:22:45,0,0:00:00,0:00:00,0,HANG,0:00:00,0:00:00,0,NO_SERVER
AA0213,26674,304253453,1,PS,990902,15:32:30,15:32:36,6,15:32:36,15:36:48,252,AGENT,15:36:48,15:38:20,92,DARMON
AA0213,26675,59630624,1,NE,990902,15:44:22,15:44:28,6,15:44:28,15:49:04,276,AGENT,15:49:03,15:50:46,103,DARMON
AA0213,26676,0,0,PS,990902,15:58:44,15:58:52,8,0:00:00,0:00:00,0,AGENT,15:58:52,16:00:07,75,BASCH
AA0213,26677,22839104,2,PS,990902,16:05:32,16:05:37,5,16:05:37,16:08:58,201,AGENT,16:08:57,16:08:58,1,VICKY
AA0213,26678,6692800,2,PS,990902,16:15:08,16:15:14,6,16:15:14,16:21:03,349,AGENT,16:21:02,16:21:54,52,BASCH
AA0213,26679,0,0,NW,990902,16:25:38,16:25:47,9,16:25:47,16:30:10,263,AGENT,16:30:09,16:32:03,114,BASCH
AA0213,26680,306839960,2,PS,990902,16:37:42,16:37:48,6,16:37:48,16:38:52,64,AGENT,16:38:52,16:42:42,230,VICKY
AA0213,26681,0,0,NW,990902,16:46:40,16:46:49,9,16:46:49,16:48:49,120,AGENT,16:48:49,16:52:04,195,PINHAS
AA0213,26682,560292,1,PS,990902,17:00:41,17:00:46,5,17:00:46,17:03:44,178,AGENT,17:03:43,17:06:05,142,DARMON
AA0213,26683,52867744,2,PS,990902,17:11:53,17:11:59,6,17:11:59,17:12:38,39,AGENT,17:12:37,17:15:08,151,YITZ
AA0213,26684,12770798,2,PS,990902,17:20:09,17:20:15,6,17:20:15,17:20:24,9,HANG,0:00:00,0:00:00,0,NO_SERVER
AA0213,26685,57718637,1,PS,990902,17:27:17,17:27:23,6,17:27:23,17:34:30,427,AGENT,17:34:29,17:36:08,99,AVI
AA0213,26686,8083842,2,PS,990902,17:41:20,17:41:25,5,17:41:25,17:41:48,23,AGENT,17:41:47,17:43:14,87,YITZ
AA0213,26687,0,0,NW,990902,17:57:02,17:57:11,9,17:57:11,17:57:45,34,HANG,0:00:00,0:00:00,0,NO_SERVER
AA0213,26688,0,0,NW,990902,18:03:25,18:03:34,9,18:03:34,18:03:56,22,HANG,0:00:00,0:00:00,0,NO_SERVER
AA0213,26689,0,0,NW,990902,18:13:46,18:13:55,9,18:13:55,18:16:12,137,HANG,0:00:00,0:00:00,0,NO_SERVER
AA0213,26690,0,0,NW,990902,18:27:35,18:27:44,9,18:27:44,18:28:21,37,AGENT,18:28:20,18:29:17,57,BASCH
AA0213,26691,0,0,PS,990902,18:41:20,18:41:29,9,0:00:00,0:00:00,0,AGENT,18:41:28,18:42:15,47,AVI
AA0213,26692,7191646,2,NE,990902,18:48:41,18:48:47,6,18:48:47,18:50:13,86,AGENT,18:50:11,18:52:56,165,MEIR
AA0213,26693,67158097,2,PS,990902,18:57:58,18:58:04,6,18:58:04,19:03:11,307,AGENT,19:03:10,19:05:54,164,MEIR
AA0213,26694,0,0,PS,990902,19:18:38,19:18:47,9,0:00:00,0:00:00,0,AGENT,19:18:46,19:25:21,395,VICKY
AA0213,26695,0,0,PS,990902,19:31:50,19:32:00,10,0:00:00,0:00:00,0,AGENT,19:31:59,19:34:34,155,YITZ
AA0213,26696,14013809,1,PS,990902,19:44:37,19:44:42,5,19:44:42,19:45:34,52,AGENT,19:45:34,19:49:49,255,BASCH
AA0213,26697,1018456,2,PS,990902,19:58:52,19:58:58,6,19:58:58,20:00:28,90,AGENT,20:00:27,20:04:11,224,YITZ
AA0213,26698,0,0,PS,990902,20:19:53,20:20:07,14,0:00:00,0:00:00,0,AGENT,20:20:07,20:21:15,68,BASCH
AA0213,26700,0,0,PS,990902,20:42:14,20:42:14,0,0:00:00,0:00:00,0,HANG,0:00:00,0:00:00,0,NO_SERVER
AA0213,26701,54128681,2,PS,990902,20:54:45,20:54:51,6,20:54:51,20:56:48,117,AGENT,20:56:47,21:00:12,205,AVI
AA0213,26702,0,0,PS,990902,21:22:15,21:22:27,12,0:00:00,0:00:00,0,AGENT,21:22:26,21:23:59,93,AVI
AA0213,26703,59630624,1,NE,990902,21:40:51,21:40:57,6,21:40:57,21:41:26,29,AGENT,21:41:25,21:42:18,53,AVI
AA0213,26704,0,0,PS,990902,22:28:07,22:28:24,17,0:00:00,0:00:00,0,AGENT,22:28:23,22:29:54,91,VICKY
AA0213,26705,3749561,2,PS,990902,22:56:26,22:56:31,5,22:56:31,22:58:06,95,AGENT,22:58:04,23:00:18,134,PINHAS
AA0213,26706,0,0,PS,990902,23:23:46,23:23:58,12,0:00:00,0:00:00,0,AGENT,23:23:56,23:24:57,61,AVI
AA0213,26707,0,0,PS,990902,23:47:03,23:47:13,10,0:00:00,0:00:00,0,AGENT,23:47:11,23:50:16,185,AVI
AA0213,26708,0,0,PS,990903,1:51:08,1:51:31,23,0:00:00,0:00:00,0,HANG,0:00:00,0:00:00,0,NO_SERVER
AA0213,26709,0,0,PS,990903,7:04:10,7:04:15,5,7:04:15,7:04:33,18,HANG,0:00:00,0:00:00,0,NO_SERVER
AA0213,26710,30154942,2,PS,990903,7:04:37,7:04:42,5,7:04:42,7:04:48,6,AGENT,7:04:46,7:04:56,10,MORIAH
AA0213,26711,0,0,NW,990903,7:33:10,7:33:32,22,0:00:00,0:00:00,0,AGENT,7:33:31,7:36:52,201,MORIAH
AA0213,26712,0,0,NW,990903,7:43:47,7:44:01,14,0:00:00,0:00:00,0,AGENT,7:44:00,7:45:07,67,ZOHARI
AA0213,26713,0,0,PS,990903,7:57:30,7:57:40,10,0:00:00,0:00:00,0,AGENT,7:57:39,7:58:52,73,ZOHARI
AA0213,26714,17642224,2,PS,990903,8:15:34,8:15:40,6,8:15:40,8:15:47,7,AGENT,8:15:47,8:16:38,51,BASCH
AA0213,26715,0,0,PS,990903,8:24:21,8:24:31,10,0:00:00,0:00:00,0,AGENT,8:24:31,8:32:11,460,MORIAH
AA0213,26716,0,0,NW,990903,8:40:06,8:40:16,10,8:40:16,8:40:21,5,AGENT,8:40:20,8:41:34,74,ROTH
AA0213,26717,29421799,1,PS,990903,8:49:50,8:49:55,5,8:49:55,8:50:41,46,AGENT,8:50:40,8:50:45,5,MORIAH
AA0213,26718,28117638,2,NW,990903,9:00:05,9:00:14,9,9:00:14,9:00:18,4,AGENT,9:00:17,9:00:50,33,BASCH
AA0213,26719,0,0,PS,990903,9:10:04,9:10:16,12,0:00:00,0:00:00,0,AGENT,9:10:15,9:10:20,5,NO_SERVER
AA0213,26720,0,0,NW,990903,9:22:55,9:23:04,9,9:23:04,9:24:45,101,HANG,0:00:00,0:00:00,0,NO_SERVER
AA0213,26721,50015429,2,PS,990903,9:33:18,9:33:23,5,9:33:23,9:33:28,5,AGENT,9:33:28,9:34:24,56,ROTH
AA0213,26722,0,0,PS,990903,9:50:00,9:50:11,11,0:00:00,0:00:00,0,AGENT,9:50:09,9:51:34,85,STEREN
AA0213,26723,57938508,2,PS,990903,9:59:38,9:59:44,6,9:59:44,10:00:02,18,AGENT,10:00:01,10:02:38,157,ROTH
AA0213,26724,0,0,PS,990903,10:10:48,10:11:04,16,0:00:00,0:00:00,0,AGENT,10:11:03,10:12:21,78,BENSION
AA0213,26725,29694486,1,PS,990903,10:25:01,10:25:07,6,10:25:07,10:25:28,21,AGENT,10:25:27,10:26:42,75,ZOHARI
AA0213,26726,24144628,1,PS,990903,10:33:54,10:33:59,5,10:33:59,10:34:13,14,AGENT,10:34:12,10:34:14,2,MORIAH
AA0213,26727,24144628,1,PS,990903,10:42:11,10:42:17,6,10:42:17,10:42:29,12,HANG,0:00:00,0:00:00,0,NO_SERVER
AA0213,26728,25684036,1,PS,990903,10:50:56,10:51:02,6,10:51:02,10:52:03,61,AGENT,10:52:03,10:55:12,189,MORIAH
AA0213,26729,0,0,PS,990903,11:09:19,11:09:29,10,0:00:00,0:00:00,0,AGENT,11:09:28,11:11:15,107,STEREN
AA0213,26730,31952286,1,PS,990903,11:21:49,11:21:55,6,11:21:55,11:21:59,4,AGENT,11:21:58,11:22:34,36,BASCH
AA0213,26731,71520779,1,PS,990903,11:34:54,11:35:00,6,11:35:00,11:35:23,23,AGENT,11:35:21,11:36:22,61,BASCH
AA0213,26732,0,0,PS,990903,11:55:25,11:55:39,14,0:00:00,0:00:00,0,AGENT,11:55:38,12:00:45,307,MORIAH
AA0213,26733,0,0,NW,990903,12:10:15,12:10:24,9,12:10:24,12:10:31,7,AGENT,12:10:30,12:11:15,45,MORIAH
AA0213,26734,0,0,PS,990903,12:25:34,12:25:47,13,0:00:00,0:00:00,0,AGENT,12:25:45,12:28:18,153,BASCH
AA0213,26735,0,0,NW,990903,12:42:58,12:43:22,24,0:00:00,0:00:00,0,AGENT,12:43:17,12:44:03,46,ROTH
AA0213,26736,0,0,NW,990903,12:57:51,12:58:00,9,12:58:00,13:00:20,140,HANG,0:00:00,0:00:00,0,NO_SERVER
AA0213,26737,25539222,2,PS,990903,13:25:55,13:26:00,5,13:26:00,13:26:20,20,AGENT,13:26:19,13:27:29,70,BENSION
AA0213,26738,29052784,2,PS,990903,13:57:21,13:57:26,5,13:57:26,13:59:17,111,AGENT,13:59:16,14:01:55,159,ZOHARI
AA0213,26739,0,0,PS,990903,14:31:42,14:31:54,12,0:00:00,0:00:00,0,HANG,0:00:00,0:00:00,0,NO_SERVER
AA0213,26740,0,0,PS,990903,15:19:57,15:20:17,20,0:00:00,0:00:00,0,HANG,0:00:00,0:00:00,0,NO_SERVER
AA0213,26741,0,0,NW,990903,16:30:44,16:31:22,38,0:00:00,0:00:00,0,HANG,0:00:00,0:00:00,0,NO_SERVER
AA0213,26742,0,0,NW,990903,19:01:10,19:02:03,53,0:00:00,0:00:00,0,HANG,0:00:00,0:00:00,0,NO_SERVER
AA0213,26743,0,0,NW,990904,17:05:31,17:05:41,10,0:00:00,0:00:00,0,HANG,0:00:00,0:00:00,0,NO_SERVER
AA0213,26744,0,0,PS,990904,19:46:20,19:46:56,36,0:00:00,0:00:00,0,HANG,0:00:00,0:00:00,0,NO_SERVER
AA0213,26745,38338257,1,PS,990904,20:10:27,20:10:33,6,20:10:33,20:12:34,121,AGENT,20:12:33,20:14:08,95,SHARON
AA0213,26746,55483390,2,PS,990904,20:26:37,20:26:42,5,20:26:42,20:26:52,10,AGENT,20:26:51,20:28:21,90,ZOHARI
AA0213,26747,51095461,1,PS,990904,20:38:28,20:38:33,5,20:38:33,20:39:08,35,AGENT,20:39:07,20:44:02,295,MORIAH
AA0213,26748,0,0,PS,990904,20:57:57,20:58:07,10,0:00:00,0:00:00,0,AGENT,20:58:07,21:02:16,249,BASCH
AA0213,26749,0,0,PS,990904,21:23:48,21:23:56,8,0:00:00,0:00:00,0,AGENT,21:23:56,21:24:38,42,BASCH
AA0213,26750,0,0,PS,990904,21:53:40,21:53:50,10,0:00:00,0:00:00,0,AGENT,21:53:49,21:56:46,177,BASCH
AA0213,26751,55279970,2,NE,990904,22:25:38,22:25:43,5,22:25:43,22:26:55,72,AGENT,22:26:55,22:30:59,244,SHARON
AA0213,26752,56136427,1,PS,990904,22:50:54,22:51:00,6,22:51:00,22:51:12,12,AGENT,22:51:11,22:56:38,327,SHARON
AA0213,26753,0,0,PS,990904,23:37:15,23:37:24,9,0:00:00,0:00:00,0,AGENT,23:37:24,23:39:12,108,BASCH
AA0213,26754,0,0,PS,990905,2:48:31,2:48:53,22,0:00:00,0:00:00,0,HANG,0:00:00,0:00:00,0,NO_SERVER
AA0213,26755,5283429,1,PS,990905,7:04:31,7:04:37,6,7:04:37,7:05:32,55,AGENT,7:05:31,7:06:58,87,AVI
AA0213,26756,0,0,PS,990905,7:27:16,7:27:32,16,0:00:00,0:00:00,0,AGENT,7:27:31,7:30:00,149,YIFAT
AA0213,26757,0,0,NW,990905,7:45:13,7:45:27,14,0:00:00,0:00:00,0,AGENT,7:45:25,7:46:28,63,ZOHARI
AA0213,26758,0,0,PS,990905,8:11:39,8:11:53,14,0:00:00,0:00:00,0,AGENT,8:11:52,8:14:01,129,ANAT
AA0213,26759,57972531,1,PS,990905,8:20:58,8:21:04,6,8:21:04,8:21:25,21,AGENT,8:21:24,8:22:47,83,ROTH
AA0213,26760,0,0,PS,990905,8:34:30,8:34:39,9,0:00:00,0:00:00,0,AGENT,8:34:38,8:36:10,92,NAAMA
AA0213,26761,69687275,2,PS,990905,8:47:58,8:48:03,5,8:48:03,8:48:46,43,AGENT,8:48:45,9:12:13,1408,NAAMA
AA0213,26762,0,0,PS,990905,8:59:11,8:59:44,33,0:00:00,0:00:00,0,AGENT,8:59:43,9:00:27,44,NAAMA
AA0213,26763,50856467,2,PS,990905,9:13:47,9:13:53,6,9:13:53,9:14:07,14,PHANTOM,9:14:05,9:14:11,6,NO_SERVER
AA0213,26764,78191137,2,PS,990905,9:21:16,9:21:21,5,9:21:21,9:21:57,36,AGENT,9:21:56,9:27:19,323,ANAT
AA0213,26765,9238858,1,PS,990905,9:29:58,9:30:04,6,9:30:04,9:30:54,50,HANG,0:00:00,0:00:00,0,NO_SERVER
AA0213,26766,50347749,1,NE,990905,9:38:18,9:38:24,6,9:38:24,9:41:24,180,AGENT,9:41:23,9:43:47,144,NAAMA
AA0213,26767,0,0,PS,990905,9:50:26,9:50:35,9,0:00:00,0:00:00,0,AGENT,9:50:35,9:51:41,66,ANAT
AA0213,26768,0,0,NW,990905,9:56:34,9:56:43,9,9:56:43,9:59:31,168,AGENT,9:59:30,10:00:32,62,AVI
AA0213,26769,52867744,2,PS,990905,10:05:51,10:05:57,6,10:05:57,10:08:44,167,AGENT,10:08:43,10:15:31,408,STEREN
AA0213,26770,42647446,2,NE,990905,10:15:25,10:15:30,5,10:15:30,10:17:07,97,AGENT,10:17:05,10:17:37,32,ANAT
AA0213,26771,25207523,1,PS,990905,10:24:07,10:24:13,6,10:24:13,10:25:07,54,AGENT,10:25:06,10:27:18,132,AVI
AA0213,26772,12482634,2,NE,990905,10:30:25,10:30:31,6,10:30:31,10:32:57,146,AGENT,10:32:56,10:45:12,736,ROTH
AA0213,26773,0,0,PS,990905,10:37:45,10:37:56,11,0:00:00,0:00:00,0,AGENT,10:37:54,10:52:56,902,ZOHARI
AA0213,26774,317237527,1,PE,990905,10:41:50,10:41:54,4,10:41:54,10:46:12,258,HANG,0:00:00,0:00:00,0,NO_SERVER
AA0213,26775,16686354,2,NE,990905,10:51:18,10:51:25,7,10:51:25,10:53:06,101,AGENT,10:53:06,10:54:39,93,ZOHARI
AA0213,26776,54687371,2,PS,990905,10:57:41,10:57:46,5,10:57:46,10:58:30,44,AGENT,10:58:28,11:00:18,110,AVI
AA0213,26777,0,0,PS,990905,11:03:59,11:04:09,10,0:00:00,0:00:00,0,AGENT,11:04:08,11:08:26,258,DARMON
AA0213,26778,12146908,2,PS,990905,11:07:55,11:08:01,6,11:08:01,11:11:29,208,AGENT,11:11:27,11:12:26,59,AVI
AA0213,26779,14264295,2,PS,990905,11:18:41,11:18:47,6,11:18:47,11:19:34,47,AGENT,11:19:33,11:22:29,176,DORIT
AA0213,26780,10473262,2,PS,990905,11:28:34,11:28:40,6,11:28:40,11:29:45,65,AGENT,11:29:44,11:30:38,54,DORIT
AA0213,26781,28142222,2,PS,990905,11:37:47,11:37:52,5,11:37:52,11:38:21,29,AGENT,11:38:20,11:38:22,2,AVI
AA0213,26782,15239874,2,PS,990905,11:47:05,11:47:11,6,11:47:11,11:49:54,163,AGENT,11:49:53,11:50:09,16,ROTH
AA0213,26783,0,0,PS,990905,11:58:56,11:59:05,9,0:00:00,0:00:00,0,AGENT,11:59:04,12:02:23,199,AVI
AA0213,26784,74780917,2,NE,990905,12:06:08,12:06:14,6,12:06:14,12:06:18,4,AGENT,12:06:17,12:06:18,1,AVI
AA0213,26785,24193781,1,PS,990905,12:11:24,12:11:29,5,12:11:29,12:12:45,76,HANG,0:00:00,0:00:00,0,NO_SERVER
AA0213,26786,0,0,PS,990905,12:25:56,12:26:07,11,0:00:00,0:00:00,0,AGENT,12:26:06,12:27:02,56,DORIT
AA0213,26787,7621337,1,PS,990905,12:35:48,12:35:53,5,12:35:53,12:37:00,67,AGENT,12:36:59,12:38:12,73,NAAMA
AA0213,26788,0,0,PS,990905,12:47:29,12:47:40,11,0:00:00,0:00:00,0,AGENT,12:47:39,12:47:41,2,ANAT
AA0213,26789,33409210,1,PS,990905,12:55:35,12:55:41,6,12:55:41,12:56:55,74,AGENT,12:56:54,12:58:35,101,DORIT
AA0213,26790,56058019,1,PS,990905,13:08:37,13:08:43,6,13:08:43,13:09:09,26,HANG,0:00:00,0:00:00,0,NO_SERVER
AA0213,26791,306485608,2,PS,990905,13:16:06,13:16:12,6,13:16:12,13:18:24,132,AGENT,13:18:23,13:18:25,2,TOVA
AA0213,26792,26680769,1,PS,990905,13:27:45,13:27:51,6,13:27:51,13:28:35,44,AGENT,13:28:33,13:41:19,766,YIFAT
AA0213,26793,0,0,PS,990905,13:40:07,13:40:16,9,0:00:00,0:00:00,0,AGENT,13:40:15,13:41:53,98,ROTH
AA0213,26794,0,0,PS,990905,13:54:08,13:54:17,9,0:00:00,0:00:00,0,AGENT,13:54:16,13:54:18,2,MORIAH
AA0213,26795,53911442,2,PS,990905,14:01:53,14:01:58,5,14:01:58,14:05:10,192,AGENT,14:05:10,14:08:18,188,DORIT
AA0213,26796,0,0,NW,990905,14:16:45,14:16:58,13,0:00:00,0:00:00,0,AGENT,14:16:57,14:17:48,51,STEREN
AA0213,26797,0,0,NW,990905,14:23:48,14:23:58,10,14:23:58,14:32:22,504,AGENT,14:32:22,14:32:54,32,ROTH
AA0213,26798,0,0,NE,990905,14:39:46,14:39:55,9,0:00:00,0:00:00,0,AGENT,14:39:54,14:42:29,155,TOVA
AA0213,26799,67841486,2,PS,990905,14:50:06,14:50:12,6,14:50:12,14:51:11,59,HANG,0:00:00,0:00:00,0,NO_SERVER
AA0213,26800,55279970,2,NE,990905,14:56:15,14:56:21,6,14:56:21,14:56:54,33,HANG,0:00:00,0:00:00,0,NO_SERVER
AA0213,26801,467282,2,PS,990905,15:03:27,15:03:33,6,15:03:33,15:07:05,212,AGENT,15:07:04,15:15:14,490,ROTH
AA0213,26802,14779,2,NE,990905,15:14:44,15:14:50,6,15:14:50,15:15:18,28,AGENT,15:15:17,15:16:14,57,ROTH
AA0213,26803,0,0,NW,990905,15:23:36,15:23:45,9,15:23:45,15:26:46,181,AGENT,15:26:44,15:28:14,90,ROTH
AA0213,26804,56765985,2,PS,990905,15:34:45,15:34:50,5,15:34:50,15:35:35,45,AGENT,15:35:34,15:37:31,117,ZOHARI
AA0213,26805,59197178,2,PS,990905,15:41:25,15:41:31,6,15:41:31,15:43:52,141,AGENT,15:43:51,15:43:54,3,MORIAH
AA0213,26806,0,0,NW,990905,15:49:16,15:49:26,10,15:49:26,15:50:45,79,HANG,0:00:00,0:00:00,0,NO_SERVER
AA0213,26807,0,0,NW,990905,15:56:03,15:56:11,8,15:56:11,16:03:56,465,AGENT,16:03:55,16:04:38,43,BASCH
AA0213,26808,24530693,2,PS,990905,16:08:23,16:08:29,6,16:08:29,16:08:40,11,HANG,0:00:00,0:00:00,0,NO_SERVER
AA0213,26809,51729994,2,PS,990905,16:11:54,16:12:00,6,16:12:00,16:14:43,163,AGENT,16:14:42,16:15:58,76,ZOHARI
AA0213,26810,0,0,NW,990905,16:18:38,16:18:47,9,16:18:47,16:24:36,349,AGENT,16:24:35,16:26:50,135,BASCH
AA0213,26811,54723853,2,PS,990905,16:29:51,16:29:56,5,16:29:56,16:30:31,35,AGENT,16:30:29,16:31:18,49,BASCH
AA0213,26812,51440469,2,PS,990905,16:39:32,16:39:38,6,16:39:38,16:40:00,22,HANG,0:00:00,0:00:00,0,NO_SERVER
AA0213,26813,15239874,2,PS,990905,16:47:27,16:47:33,6,16:47:33,16:48:05,32,AGENT,16:48:04,16:48:06,2,MORIAH
AA0213,26814,78191137,2,PS,990905,16:55:19,16:55:24,5,16:55:24,16:58:01,157,AGENT,16:58:00,17:03:44,344,ZOHARI
AA0213,26815,0,0,PS,990905,17:07:18,17:07:27,9,0:00:00,0:00:00,0,AGENT,17:07:27,17:10:57,210,TOVA
AA0213,26816,0,0,NW,990905,17:20:48,17:20:57,9,17:20:57,17:21:05,8,AGENT,17:21:04,17:23:27,143,MORIAH
AA0213,26817,59129924,1,PS,990905,17:31:34,17:31:40,6,17:31:40,17:31:51,11,AGENT,17:31:49,17:36:43,294,TOVA
AA0213,26818,0,0,NW,990905,17:40:52,17:41:06,14,0:00:00,0:00:00,0,AGENT,17:41:05,17:41:42,37,VICKY
AA0213,26819,22013551,2,NE,990905,17:52:42,17:52:48,6,17:52:48,17:53:01,13,AGENT,17:53:00,17:55:02,122,VICKY
AA0213,26820,0,0,NE,990905,18:16:18,18:16:26,8,0:00:00,0:00:00,0,AGENT,18:16:26,18:16:30,4,MORIAH
AA0213,26821,25219700,2,PS,990905,18:41:39,18:41:45,6,18:41:45,18:42:06,21,AGENT,18:42:05,18:42:08,3,MORIAH
AA0213,26822,0,0,NW,990905,19:00:08,19:00:21,13,0:00:00,0:00:00,0,AGENT,19:00:20,19:01:37,77,BASCH
AA0213,26823,0,0,PS,990905,19:27:34,19:27:43,9,0:00:00,0:00:00,0,AGENT,19:27:43,19:28:04,21,BASCH
AA0213,26824,0,0,PS,990905,19:44:17,19:44:25,8,0:00:00,0:00:00,0,AGENT,19:44:25,19:45:31,66,TOVA
AA0213,26825,14504765,2,PS,990905,19:59:55,20:00:00,5,20:00:00,20:01:29,89,AGENT,20:01:28,20:01:30,2,TOVA
AA0213,26826,0,0,NW,990905,20:17:36,20:17:49,13,0:00:00,0:00:00,0,AGENT,20:17:48,20:17:57,9,VICKY
AA0213,26827,0,0,PS,990905,20:48:58,20:49:08,10,0:00:00,0:00:00,0,AGENT,20:49:07,20:53:48,281,BASCH
AA0213,26828,0,0,NW,990905,21:09:45,21:09:59,14,0:00:00,0:00:00,0,AGENT,21:09:58,21:13:07,189,MORIAH
AA0213,26829,56579055,2,PS,990905,21:39:04,21:39:10,6,21:39:10,21:39:52,42,AGENT,21:39:51,21:42:33,162,MORIAH
AA0213,26830,12530663,2,PS,990905,21:49:13,21:49:18,5,21:49:18,21:49:41,23,AGENT,21:49:39,21:51:08,89,BENSION
AA0213,26831,34478214,1,PS,990905,22:00:18,22:00:24,6,22:00:24,22:02:16,112,AGENT,22:02:15,22:08:52,397,BENSION
AA0213,26832,33350778,1,PS,990905,22:26:06,22:26:11,5,22:26:11,22:26:51,40,HANG,0:00:00,0:00:00,0,NO_SERVER
AA0213,26833,50457233,1,PS,990905,23:04:11,23:04:17,6,23:04:17,23:04:49,32,AGENT,23:04:49,23:15:46,657,PINHAS
AA0213,26834,0,0,NW,990905,23:31:27,23:31:40,13,0:00:00,0:00:00,0,AGENT,23:31:39,23:32:09,30,VICKY
AA0213,26835,0,0,PS,990906,6:24:31,6:24:44,13,0:00:00,0:00:00,0,HANG,0:00:00,0:00:00,0,NO_SERVER
AA0213,26836,0,0,PS,990906,7:19:07,7:19:19,12,0:00:00,0:00:00,0,AGENT,7:19:18,7:20:10,52,DORIT
AA0213,26837,0,0,PS,990906,7:41:52,7:42:02,10,0:00:00,0:00:00,0,AGENT,7:42:01,7:43:36,95,MORIAH
AA0213,26838,0,0,PS,990906,7:59:19,7:59:29,10,0:00:00,0:00:00,0,AGENT,7:59:28,7:59:39,11,SHARON
AA0213,26839,0,0,PS,990906,8:16:14,8:16:27,13,0:00:00,0:00:00,0,AGENT,8:16:25,8:17:07,42,DORIT
AA0213,26840,0,0,NW,990906,8:32:15,8:32:29,14,0:00:00,0:00:00,0,AGENT,8:32:28,8:36:09,221,SHARON
AA0213,26841,0,0,NW,990906,8:45:58,8:46:08,10,8:46:08,8:46:19,11,AGENT,8:46:18,8:47:24,66,SHARON
AA0213,26842,0,0,NW,990906,8:57:04,8:57:13,9,8:57:13,8:57:39,26,AGENT,8:57:38,8:58:21,43,MORIAH
AA0213,26843,0,0,PS,990906,9:06:27,9:06:37,10,0:00:00,0:00:00,0,AGENT,9:06:35,9:20:29,834,ZOHARI
AA0213,26844,0,0,PS,990906,9:15:50,9:16:01,11,0:00:00,0:00:00,0,AGENT,9:16:00,9:16:11,11,NO_SERVER
AA0213,26845,0,0,PS,990906,9:23:02,9:23:12,10,0:00:00,0:00:00,0,AGENT,9:23:10,9:25:01,111,YITZ
AA0213,26846,0,0,PS,990906,9:28:50,9:29:01,11,0:00:00,0:00:00,0,AGENT,9:28:59,9:34:06,307,YITZ
AA0213,26847,0,0,PS,990906,9:37:33,9:37:42,9,0:00:00,0:00:00,0,AGENT,9:37:40,9:39:42,122,YITZ
AA0213,26848,52867744,2,PS,990906,9:47:06,9:47:11,5,9:47:11,9:49:09,118,AGENT,9:49:09,9:51:33,144,SHARON
AA0213,26849,0,0,NW,990906,9:55:09,9:55:18,9,9:55:18,10:07:17,719,AGENT,10:07:16,10:09:30,134,SHARON
AA0213,26850,430934,2,PS,990906,10:12:58,10:13:04,6,10:13:04,10:14:33,89,AGENT,10:14:33,10:16:50,137,ROTH
AA0213,26851,3374691,2,PS,990906,10:19:51,10:19:57,6,10:19:57,10:21:41,104,AGENT,10:21:41,10:23:38,117,BASCH
AA0213,26852,24947061,2,PS,990906,10:25:59,10:26:05,6,10:26:05,10:28:10,125,AGENT,10:28:09,10:30:36,147,YIFAT
AA0213,26853,0,0,PS,990906,10:36:46,10:36:56,10,0:00:00,0:00:00,0,AGENT,10:36:55,10:39:06,131,YIFAT
AA0213,26854,67841486,2,PS,990906,10:44:10,10:44:16,6,10:44:16,10:45:26,70,HANG,0:00:00,0:00:00,0,NO_SERVER
AA0213,26855,0,0,PS,990906,10:53:16,10:53:29,13,0:00:00,0:00:00,0,AGENT,10:53:29,10:54:54,85,DORIT
AA0213,26856,52867744,2,PS,990906,11:02:41,11:02:47,6,11:02:47,11:02:59,12,AGENT,11:02:58,11:04:50,112,MORIAH
AA0213,26857,42477224,2,PS,990906,11:13:09,11:13:15,6,11:13:15,11:13:36,21,AGENT,11:13:36,11:15:04,88,SHARON
AA0213,26858,0,0,PS,990906,11:25:07,11:25:16,9,0:00:00,0:00:00,0,AGENT,11:25:15,11:27:32,137,DORIT
AA0213,26859,0,0,NW,990906,11:36:04,11:36:14,10,11:36:14,11:37:32,78,AGENT,11:37:31,11:38:41,70,MORIAH
AA0213,26860,0,0,PS,990906,11:43:21,11:43:30,9,0:00:00,0:00:00,0,AGENT,11:43:29,11:45:55,146,ZOHARI
AA0213,26861,22778559,1,PS,990906,11:52:50,11:52:56,6,11:52:56,11:53:03,7,AGENT,11:53:02,11:57:12,250,SHARON
AA0213,26862,0,0,PS,990906,12:03:13,12:03:23,10,0:00:00,0:00:00,0,AGENT,12:03:21,12:07:33,252,YITZ
AA0213,26863,0,0,PS,990906,12:11:48,12:11:59,11,0:00:00,0:00:00,0,AGENT,12:11:58,12:14:14,136,ROTH
AA0213,26864,0,0,PS,990906,12:28:33,12:28:43,10,0:00:00,0:00:00,0,AGENT,12:28:42,12:29:23,41,YITZ
AA0213,26865,0,0,PS,990906,12:41:46,12:41:55,9,0:00:00,0:00:00,0,AGENT,12:41:54,12:45:20,206,YITZ
AA0213,26866,0,0,NW,990906,12:57:08,12:57:20,12,0:00:00,0:00:00,0,AGENT,12:57:20,12:57:36,16,SHARON
AA0213,26867,0,0,PS,990906,13:10:34,13:10:46,12,0:00:00,0:00:00,0,AGENT,13:10:45,13:11:48,63,TOVA
AA0213,26868,0,0,PS,990906,13:23:51,13:24:04,13,0:00:00,0:00:00,0,AGENT,13:24:04,13:25:13,69,DORIT
AA0213,26869,0,0,PS,990906,13:39:09,13:39:21,12,0:00:00,0:00:00,0,AGENT,13:39:19,13:43:37,258,ZOHARI
AA0213,26870,69687275,2,PS,990906,13:54:06,13:54:12,6,13:54:12,13:55:29,77,AGENT,13:55:28,13:58:12,164,SHARON
AA0213,26871,0,0,PS,990906,14:05:16,14:05:26,10,0:00:00,0:00:00,0,AGENT,14:05:25,14:08:58,213,ROTH
AA0213,26872,0,0,PS,990906,14:17:45,14:17:56,11,0:00:00,0:00:00,0,AGENT,14:17:55,14:19:18,83,ZOHARI
AA0213,26873,52777687,2,PS,990906,14:29:39,14:29:45,6,14:29:45,14:30:52,67,AGENT,14:30:52,14:34:16,204,ROTH
AA0213,26874,0,0,NW,990906,14:41:28,14:41:37,9,14:41:37,14:42:45,68,AGENT,14:42:45,14:42:46,1,MORIAH
AA0213,26875,0,0,NE,990906,14:52:51,14:53:02,11,0:00:00,0:00:00,0,AGENT,14:53:01,14:57:41,280,ANAT
AA0213,26876,52761673,2,PS,990906,15:05:06,15:05:12,6,15:05:12,15:07:25,133,AGENT,15:07:24,15:08:29,65,ROTH
AA0213,26877,0,0,NE,990906,15:23:05,15:23:16,11,0:00:00,0:00:00,0,AGENT,15:23:15,15:24:32,77,SHARON
AA0213,26878,0,0,NW,990906,15:31:25,15:31:34,9,15:31:34,15:31:49,15,AGENT,15:31:48,15:32:54,66,STEREN
AA0213,26879,38350203,1,PS,990906,15:43:33,15:43:39,6,15:43:39,15:45:34,115,AGENT,15:45:33,15:47:35,122,SHARON
AA0213,26880,23817067,2,PS,990906,16:00:23,16:00:28,5,16:00:28,16:00:43,15,AGENT,16:00:43,16:00:46,3,SHARON
AA0213,26881,12482634,2,NE,990906,16:11:48,16:11:53,5,16:11:53,16:13:26,93,AGENT,16:13:25,16:20:00,395,DARMON
AA0213,26882,23798507,1,PS,990906,16:30:45,16:30:50,5,16:30:50,16:31:31,41,AGENT,16:31:30,16:32:55,85,VICKY
AA0213,26883,0,0,PS,990906,16:46:54,16:47:04,10,0:00:00,0:00:00,0,AGENT,16:47:03,16:47:04,1,ANAT
AA0213,26884,0,0,NW,990906,17:07:02,17:07:12,10,17:07:12,17:08:32,80,HANG,0:00:00,0:00:00,0,NO_SERVER
AA0213,26885,0,0,NW,990906,17:20:10,17:20:20,10,17:20:20,17:20:32,12,HANG,0:00:00,0:00:00,0,NO_SERVER
AA0213,26886,314561119,1,PS,990906,17:41:48,17:41:53,5,17:41:53,17:42:04,11,AGENT,17:42:02,17:42:47,45,STEREN
AA0213,26887,0,0,NW,990906,18:03:15,18:03:31,16,0:00:00,0:00:00,0,AGENT,18:03:30,18:06:28,178,MEIR
AA0213,26888,32332397,2,PS,990906,18:27:20,18:27:26,6,18:27:26,18:27:46,20,AGENT,18:27:45,18:29:59,134,ANAT
AA0213,26889,0,0,PS,990906,18:43:27,18:43:37,10,0:00:00,0:00:00,0,AGENT,18:43:36,18:44:26,50,STEREN
AA0213,26890,0,0,NW,990906,19:08:10,19:08:25,15,0:00:00,0:00:00,0,AGENT,19:08:24,19:09:13,49,VICKY
AA0213,26891,10473262,2,PS,990906,19:32:39,19:32:44,5,19:32:44,19:33:01,17,AGENT,19:33:00,19:36:19,199,VICKY
AA0213,26892,0,0,PS,990906,20:11:36,20:11:48,12,0:00:00,0:00:00,0,AGENT,20:11:47,20:13:05,78,MEIR
AA0213,26893,0,0,PS,990906,20:36:40,20:36:49,9,0:00:00,0:00:00,0,AGENT,20:36:48,20:39:30,162,STEREN
AA0213,26894,32370108,1,PS,990906,20:56:16,20:56:21,5,20:56:21,20:57:06,45,AGENT,20:57:05,20:59:18,133,STEREN
AA0213,26895,0,0,PS,990906,21:17:48,21:18:09,21,0:00:00,0:00:00,0,AGENT,21:18:02,21:20:45,163,MEIR
AA0213,26896,303264253,1,PS,990906,21:39:48,21:39:53,5,21:39:53,21:40:44,51,AGENT,21:40:43,21:43:00,137,STEREN
AA0213,26897,54128681,2,PS,990906,22:09:39,22:09:45,6,22:09:45,22:10:09,24,AGENT,22:10:09,22:13:29,200,VICKY
AA0213,26898,24963282,1,PS,990906,22:42:33,22:42:39,6,22:42:39,22:47:53,314,AGENT,22:47:53,22:48:21,28,GILI
AA0213,26899,0,0,PS,990906,23:28:03,23:28:16,13,0:00:00,0:00:00,0,AGENT,23:28:15,23:30:17,122,DARMON
AA0213,26900,0,0,PS,990907,6:44:54,6:45:14,20,0:00:00,0:00:00,0,HANG,0:00:00,0:00:00,0,NO_SERVER
AA0213,26901,0,0,PS,990907,7:40:13,7:40:25,12,0:00:00,0:00:00,0,AGENT,7:40:24,7:41:13,49,YIFAT
AA0213,26902,52086576,1,PS,990907,8:09:14,8:09:19,5,8:09:19,8:09:25,6,AGENT,8:09:25,8:10:58,93,MORIAH
AA0213,26903,0,0,NW,990907,8:30:21,8:30:34,13,0:00:00,0:00:00,0,AGENT,8:30:34,8:32:05,91,TOVA
AA0213,26904,0,0,PS,990907,8:45:25,8:45:34,9,0:00:00,0:00:00,0,AGENT,8:45:33,8:47:13,100,TOVA
AA0213,26905,50530039,1,PS,990907,8:54:56,8:55:02,6,8:55:02,8:55:38,36,AGENT,8:55:37,8:57:45,128,TOVA
AA0213,26906,6387088,2,PS,990907,9:02:03,9:02:08,5,9:02:08,9:02:20,12,AGENT,9:02:19,9:04:28,129,AVI
AA0213,26907,0,0,PS,990907,9:14:53,9:15:01,8,0:00:00,0:00:00,0,AGENT,9:15:01,9:15:41,40,ROTH
AA0213,26908,69687275,2,PS,990907,9:29:51,9:29:57,6,9:29:57,9:31:02,65,AGENT,9:31:01,9:33:07,126,ROTH
AA0213,26909,42477224,2,PS,990907,9:40:24,9:40:30,6,9:40:30,9:41:29,59,AGENT,9:41:29,9:42:47,78,ROTH
AA0213,26910,10858884,2,NE,990907,9:57:35,9:57:41,6,9:57:41,9:57:54,13,AGENT,9:57:54,9:58:37,43,MORIAH
AA0213,26911,0,0,NE,990907,10:08:09,10:08:19,10,0:00:00,0:00:00,0,AGENT,10:08:19,10:09:52,93,ROTH
AA0213,26912,31792260,1,PS,990907,10:20:33,10:20:39,6,10:20:39,10:20:57,18,AGENT,10:20:56,10:21:43,47,AVI
AA0213,26913,50062082,2,PS,990907,10:29:10,10:29:16,6,10:29:16,10:30:44,88,AGENT,10:30:44,10:35:01,257,AVI
AA0213,26914,51728574,2,PS,990907,10:44:02,10:44:08,6,10:44:08,10:44:44,36,AGENT,10:44:43,10:47:04,141,ROTH
AA0213,26915,57770133,2,PS,990907,10:54:18,10:54:24,6,10:54:24,10:55:11,47,AGENT,10:55:09,10:57:16,127,ROTH
AA0213,26916,10473262,2,PS,990907,11:05:58,11:06:04,6,11:06:04,11:07:00,56,AGENT,11:06:59,11:08:23,84,TOVA
AA0213,26917,52031556,2,PS,990907,11:17:54,11:18:00,6,11:18:00,11:18:15,15,AGENT,11:18:14,11:21:55,221,AVI
AA0213,26918,74780917,2,NE,990907,11:28:39,11:28:45,6,11:28:45,11:30:29,104,AGENT,11:30:28,11:34:37,249,AVI
AA0213,26919,28632164,2,PS,990907,11:39:37,11:39:43,6,11:39:43,11:42:30,167,AGENT,11:42:30,11:43:25,55,ROTH
AA0213,26920,0,0,NW,990907,11:48:25,11:48:34,9,11:48:34,11:58:58,624,AGENT,11:58:57,12:02:45,228,AVI
AA0213,26921,32086225,1,PS,990907,12:08:48,12:08:53,5,12:08:53,12:09:04,11,AGENT,12:09:03,12:11:30,147,ROTH
AA0213,26922,0,0,PS,990907,12:25:09,12:25:19,10,0:00:00,0:00:00,0,AGENT,12:25:18,12:32:25,427,TOVA
AA0213,26923,0,0,PS,990907,12:36:55,12:37:05,10,0:00:00,0:00:00,0,AGENT,12:37:04,12:40:30,206,AVI
AA0213,26924,0,0,PS,990907,12:54:45,12:54:56,11,0:00:00,0:00:00,0,AGENT,12:54:56,12:55:55,59,AVI
AA0213,26925,313963811,1,PS,990907,13:11:03,13:11:09,6,13:11:09,13:11:14,5,AGENT,13:11:13,13:12:22,69,VICKY
AA0213,26926,0,0,NW,990907,13:23:31,13:23:40,9,13:23:40,13:26:35,175,AGENT,13:26:34,13:27:03,29,AVI
AA0213,26927,0,0,NE,990907,13:42:01,13:42:11,10,0:00:00,0:00:00,0,AGENT,13:42:10,13:45:08,178,MORIAH
AA0213,26928,0,0,PS,990907,14:02:46,14:02:56,10,0:00:00,0:00:00,0,AGENT,14:02:55,14:04:13,78,BASCH
AA0213,26929,0,0,PS,990907,14:14:26,14:14:35,9,0:00:00,0:00:00,0,AGENT,14:14:34,14:14:35,1,VICKY
AA0213,26930,0,0,NW,990907,14:30:18,14:30:37,19,0:00:00,0:00:00,0,AGENT,14:30:36,14:35:16,280,STEREN
AA0213,26931,0,0,NE,990907,14:38:44,14:38:55,11,0:00:00,0:00:00,0,AGENT,14:38:55,14:40:45,110,ELI
AA0213,26932,28544401,1,PS,990907,14:48:16,14:48:22,6,14:48:22,14:50:45,143,AGENT,14:50:44,14:54:49,245,DORIT
AA0213,26933,0,0,NE,990907,15:01:21,15:01:31,10,0:00:00,0:00:00,0,AGENT,15:01:30,15:14:36,786,ELI
AA0213,26934,52131323,2,PS,990907,15:13:22,15:13:28,6,15:13:28,15:16:19,171,AGENT,15:16:18,15:17:17,59,STEREN
AA0213,26935,0,0,NW,990907,15:26:27,15:26:37,10,15:26:37,15:26:59,22,HANG,0:00:00,0:00:00,0,NO_SERVER
AA0213,26936,0,0,NE,990907,15:33:30,15:33:41,11,0:00:00,0:00:00,0,AGENT,15:33:40,15:37:49,249,ELI
AA0213,26937,0,0,NE,990907,15:44:53,15:45:06,13,0:00:00,0:00:00,0,AGENT,15:45:05,15:47:34,149,ZOHARI
AA0213,26938,0,0,PS,990907,15:55:37,15:55:48,11,0:00:00,0:00:00,0,AGENT,15:55:47,16:00:28,281,DARMON
AA0213,26939,0,0,NW,990907,16:06:26,16:06:36,10,16:06:36,16:09:21,165,AGENT,16:09:20,16:10:35,75,VICKY
AA0213,26940,0,0,PS,990907,16:23:46,16:23:54,8,0:00:00,0:00:00,0,AGENT,16:23:53,16:25:14,81,SHARON
AA0213,26941,0,0,NW,990907,16:34:51,16:35:04,13,0:00:00,0:00:00,0,AGENT,16:35:03,16:36:14,71,STEREN
AA0213,26942,0,0,NW,990907,16:48:46,16:48:56,10,16:48:56,16:49:41,45,AGENT,16:49:40,16:50:19,39,VICKY
AA0213,26943,0,0,NW,990907,16:56:17,16:56:26,9,16:56:26,16:56:32,6,HANG,0:00:00,0:00:00,0,NO_SERVER
AA0213,26944,52031556,2,PS,990907,17:12:47,17:12:52,5,17:12:52,17:13:45,53,AGENT,17:13:45,17:17:20,215,DORIT
AA0213,26945,0,0,PS,990907,17:25:50,17:25:56,6,0:00:00,0:00:00,0,AGENT,17:26:00,17:26:04,4,NO_SERVER
AA0213,26946,0,0,NW,990907,17:39:03,17:39:12,9,17:39:12,17:39:39,27,HANG,0:00:00,0:00:00,0,NO_SERVER
AA0213,26947,0,0,PS,990907,17:51:42,17:51:50,8,0:00:00,0:00:00,0,AGENT,17:51:50,17:53:16,86,SHARON
AA0213,26948,0,0,PS,990907,18:05:29,18:05:38,9,0:00:00,0:00:00,0,AGENT,18:05:37,18:06:55,78,DORIT
AA0213,26949,0,0,NE,990907,18:21:13,18:21:23,10,0:00:00,0:00:00,0,AGENT,18:21:22,18:24:45,203,ZOHARI
AA0213,26950,0,0,PS,990907,18:54:01,18:54:16,15,0:00:00,0:00:00,0,AGENT,18:54:15,18:54:57,42,BENSION
AA0213,26951,0,0,PS,990907,19:17:35,19:17:52,17,0:00:00,0:00:00,0,AGENT,19:17:51,19:19:01,70,BENSION
AA0213,26952,0,0,NW,990907,19:44:02,19:44:12,10,19:44:12,19:44:52,40,HANG,0:00:00,0:00:00,0,NO_SERVER
AA0213,26953,0,0,NE,990907,20:13:43,20:13:58,15,0:00:00,0:00:00,0,AGENT,20:13:57,20:16:11,134,ZOHARI
AA0213,26954,0,0,PS,990907,20:35:31,20:35:39,8,0:00:00,0:00:00,0,AGENT,20:35:38,20:38:01,143,STEREN
AA0213,26955,57678187,2,PS,990907,20:55:39,20:55:45,6,20:55:45,20:56:24,39,AGENT,20:56:23,20:58:45,142,ZOHARI
AA0213,26956,0,0,NW,990907,21:11:59,21:12:08,9,21:12:08,21:14:12,124,AGENT,21:14:10,21:15:53,103,SHARON
AA0213,26957,0,0,PS,990907,21:39:56,21:40:09,13,0:00:00,0:00:00,0,AGENT,21:40:08,21:41:16,68,STEREN
AA0213,26958,0,0,PS,990907,22:03:13,22:03:25,12,0:00:00,0:00:00,0,AGENT,22:03:24,22:04:32,68,BENSION
AA0213,26959,0,0,PS,990907,22:31:56,22:32:08,12,0:00:00,0:00:00,0,AGENT,22:32:07,22:32:46,39,ZOHARI
AA0213,26960,0,0,PS,990907,22:50:08,22:50:19,11,0:00:00,0:00:00,0,AGENT,22:50:18,22:53:25,187,BENSION
AA0213,26961,57070534,2,PS,990907,23:19:02,23:19:07,5,23:19:07,23:19:42,35,AGENT,23:19:41,23:20:23,42,SHARON
AA0213,26962,0,0,NW,990908,2:13:49,2:14:11,22,0:00:00,0:00:00,0,HANG,0:00:00,0:00:00,0,NO_SERVER
AA0213,26963,0,0,PS,990908,7:09:14,7:09:26,12,0:00:00,0:00:00,0,AGENT,7:09:24,7:10:13,49,BASCH
AA0213,26964,0,0,PS,990908,7:39:36,7:39:48,12,0:00:00,0:00:00,0,AGENT,7:39:48,7:40:54,66,STEREN
AA0213,26965,0,0,NW,990908,8:09:06,8:09:16,10,8:09:16,8:11:48,152,AGENT,8:11:47,8:15:34,227,ROTH
AA0213,26966,0,0,PS,990908,8:30:06,8:30:15,9,0:00:00,0:00:00,0,AGENT,8:30:14,8:31:10,56,BASCH
AA0213,26967,0,0,NW,990908,8:43:55,8:44:05,10,8:44:05,8:44:40,35,HANG,0:00:00,0:00:00,0,NO_SERVER
AA0213,26968,28770071,1,PS,990908,8:53:18,8:53:24,6,8:53:24,8:53:41,17,AGENT,8:53:40,8:54:25,45,ROTH
AA0213,26969,0,0,NW,990908,9:07:03,9:07:12,9,9:07:12,9:08:18,66,HANG,0:00:00,0:00:00,0,NO_SERVER
AA0213,26970,69687275,2,PS,990908,9:17:28,9:17:33,5,9:17:33,9:17:42,9,AGENT,9:17:42,9:21:03,201,STEREN
AA0213,26971,27791037,2,PS,990908,9:28:26,9:28:32,6,9:28:32,9:28:47,15,AGENT,9:28:47,9:29:48,61,DORIT
AA0213,26972,55628358,2,PS,990908,9:41:03,9:41:09,6,9:41:09,9:42:24,75,AGENT,9:42:23,9:46:47,264,BASCH
AA0213,26973,51650745,1,PS,990908,9:50:24,9:50:30,6,9:50:30,9:51:39,69,AGENT,9:51:38,9:55:47,249,BASCH
AA0213,26974,13803580,2,PS,990908,10:01:29,10:01:35,6,10:01:35,10:01:50,15,HANG,0:00:00,0:00:00,0,NO_SERVER
AA0213,26975,67946459,1,PS,990908,10:08:40,10:08:46,6,10:08:46,10:12:33,227,AGENT,10:12:32,10:14:20,108,STEREN
AA0213,26976,24415614,2,PS,990908,10:18:43,10:18:48,5,10:18:48,10:20:35,107,AGENT,10:20:33,10:22:28,115,DORIT
AA0213,26977,0,0,NE,990908,10:30:59,10:31:11,12,0:00:00,0:00:00,0,AGENT,10:31:10,10:34:08,178,ELI
AA0213,26978,0,0,NW,990908,10:42:58,10:43:08,10,10:43:08,10:43:18,10,HANG,0:00:00,0:00:00,0,NO_SERVER
AA0213,26979,0,0,NW,990908,10:58:14,10:58:20,6,0:00:00,0:00:00,0,HANG,0:00:00,0:00:00,0,NO_SERVER
AA0213,26980,23895501,2,PS,990908,11:12:27,11:12:32,5,11:12:32,11:13:59,87,AGENT,11:13:57,11:15:14,77,YITZ
AA0213,26981,0,0,PS,990908,11:28:54,11:29:04,10,0:00:00,0:00:00,0,AGENT,11:29:04,11:30:52,108,ROTH
AA0213,26982,0,0,PS,990908,11:43:13,11:43:23,10,0:00:00,0:00:00,0,AGENT,11:43:22,11:46:57,215,STEREN
AA0213,26983,16784068,2,PS,990908,11:58:13,11:58:19,6,11:58:19,11:58:31,12,AGENT,11:58:30,11:59:52,82,BASCH
AA0213,26984,0,0,NE,990908,12:05:37,12:05:49,12,0:00:00,0:00:00,0,AGENT,12:05:49,12:15:05,556,ZOHARI
AA0213,26985,34472258,2,PS,990908,12:16:15,12:16:20,5,12:16:20,12:17:11,51,AGENT,12:17:10,12:29:32,742,STEREN
AA0213,26986,0,0,PS,990908,12:31:14,12:31:23,9,0:00:00,0:00:00,0,AGENT,12:31:22,12:40:08,526,ROTH
AA0213,26987,0,0,NE,990908,12:45:18,12:45:32,14,0:00:00,0:00:00,0,AGENT,12:45:31,12:47:09,98,ELI
AA0213,26988,0,0,NW,990908,13:01:15,13:01:24,9,13:01:24,13:01:35,11,HANG,0:00:00,0:00:00,0,NO_SERVER
AA0213,26989,0,0,NE,990908,13:14:48,13:14:59,11,0:00:00,0:00:00,0,AGENT,13:14:57,13:15:44,47,ZOHARI
AA0213,26990,0,0,PS,990908,13:26:55,13:27:04,9,0:00:00,0:00:00,0,AGENT,13:27:03,13:27:06,3,NO_SERVER
AA0213,26991,0,0,NW,990908,13:39:21,13:39:31,10,13:39:31,13:39:39,8,HANG,0:00:00,0:00:00,0,NO_SERVER
AA0213,26992,53659942,2,PS,990908,13:47:10,13:47:16,6,13:47:16,13:49:10,114,AGENT,13:49:09,13:49:15,6,MORIAH
AA0213,26993,0,0,PS,990908,13:59:14,13:59:23,9,0:00:00,0:00:00,0,AGENT,13:59:22,14:00:15,53,STEREN
AA0213,26994,0,0,PS,990908,14:12:55,14:13:06,11,0:00:00,0:00:00,0,AGENT,14:13:05,14:14:07,62,ANAT
AA0213,26995,0,0,NE,990908,14:27:46,14:27:59,13,0:00:00,0:00:00,0,AGENT,14:27:58,14:30:48,170,STEREN
AA0213,26996,0,0,PS,990908,14:40:18,14:40:27,9,0:00:00,0:00:00,0,AGENT,14:40:25,14:42:43,138,STEREN
AA0213,26997,0,0,PS,990908,14:50:10,14:50:20,10,0:00:00,0:00:00,0,AGENT,14:50:19,14:51:39,80,KAZAV
AA0213,26998,24328296,1,PS,990908,15:05:32,15:05:38,6,15:05:38,15:05:47,9,HANG,0:00:00,0:00:00,0,NO_SERVER
AA0213,26999,306485608,2,PS,990908,15:14:28,15:14:35,7,15:14:35,15:17:27,172,AGENT,15:17:26,15:18:44,78,ROTH
AA0213,27000,57379505,2,PS,990908,15:28:34,15:28:39,5,15:28:39,15:30:36,117,AGENT,15:30:36,15:30:37,1,MORIAH
AA0213,27001,0,0,NW,990908,15:36:17,15:36:26,9,15:36:26,15:36:49,23,HANG,0:00:00,0:00:00,0,NO_SERVER
AA0213,27002,30271852,2,PS,990908,15:40:23,15:40:29,6,15:40:29,15:42:21,112,AGENT,15:42:20,15:45:41,201,MORIAH
AA0213,27003,0,0,NW,990908,15:50:01,15:50:10,9,15:50:10,15:50:28,18,HANG,0:00:00,0:00:00,0,NO_SERVER
AA0213,27004,0,0,NW,990908,15:57:53,15:58:03,10,15:58:03,16:03:54,351,AGENT,16:03:53,16:05:15,82,BENSION
AA0213,27005,0,0,NW,990908,16:17:10,16:17:20,10,16:17:20,16:17:56,36,HANG,0:00:00,0:00:00,0,NO_SERVER
AA0213,27006,24359085,2,PS,990908,16:30:23,16:30:28,5,16:30:28,16:30:50,22,AGENT,16:30:49,16:32:57,128,ANAT
AA0213,27007,74780917,2,NE,990908,16:39:05,16:39:10,5,16:39:10,16:40:49,99,AGENT,16:40:48,16:43:39,171,ELI
AA0213,27008,0,0,NW,990908,16:58:29,16:58:38,9,16:58:38,16:59:40,62,AGENT,16:59:39,17:00:03,24,BENSION
AA0213,27009,0,0,PS,990908,17:18:03,17:18:14,11,0:00:00,0:00:00,0,AGENT,17:18:13,17:19:32,79,MORIAH
AA0213,27010,57202111,2,PS,990908,17:34:54,17:35:00,6,17:35:00,17:37:29,149,AGENT,17:37:27,17:41:29,242,ANAT
AA0213,27011,0,0,PS,990908,17:50:44,17:50:57,13,0:00:00,0:00:00,0,AGENT,17:50:56,17:54:10,194,BENSION
AA0213,27012,0,0,NW,990908,18:14:35,18:14:49,14,0:00:00,0:00:00,0,AGENT,18:14:52,18:14:57,5,NO_SERVER
AA0213,27013,0,0,PS,990908,18:29:49,18:30:02,13,0:00:00,0:00:00,0,AGENT,18:30:01,18:33:08,187,BENSION
AA0213,27014,0,0,PS,990908,18:50:02,18:50:16,14,0:00:00,0:00:00,0,AGENT,18:50:14,18:51:55,101,BENSION
AA0213,27015,0,0,PS,990908,19:06:54,19:07:04,10,0:00:00,0:00:00,0,AGENT,19:07:04,19:08:32,88,MEIR
AA0213,27016,0,0,NW,990908,19:20:17,19:20:38,21,0:00:00,0:00:00,0,AGENT,19:20:39,19:20:44,5,NO_SERVER
AA0213,27017,0,0,PS,990908,19:34:54,19:35:07,13,0:00:00,0:00:00,0,AGENT,19:35:05,19:36:42,97,BENSION
AA0213,27018,0,0,NE,990908,20:00:58,20:01:08,10,0:00:00,0:00:00,0,AGENT,20:01:07,20:03:22,135,ANAT
AA0213,27019,0,0,PS,990908,20:30:33,20:30:43,10,0:00:00,0:00:00,0,AGENT,20:30:43,20:31:39,56,AVI
AA0213,27020,0,0,PS,990908,20:55:05,20:55:17,12,0:00:00,0:00:00,0,AGENT,20:55:16,20:55:17,1,ANAT
AA0213,27021,29474020,2,PS,990908,21:11:09,21:11:15,6,21:11:15,21:12:20,65,AGENT,21:12:18,21:13:53,95,MORIAH
AA0213,27022,0,0,PS,990908,21:29:32,21:29:41,9,0:00:00,0:00:00,0,AGENT,21:29:40,21:29:41,1,MORIAH
AA0213,27023,0,0,PS,990908,21:48:40,21:48:52,12,0:00:00,0:00:00,0,AGENT,21:48:52,21:51:51,179,MORIAH
AA0213,27024,0,0,PS,990908,22:14:32,22:14:45,13,0:00:00,0:00:00,0,AGENT,22:14:45,22:15:54,69,DARMON
AA0213,27025,0,0,PS,990908,22:38:51,22:39:02,11,0:00:00,0:00:00,0,AGENT,22:39:02,22:40:31,89,DARMON
AA0213,27026,0,0,NW,990908,23:06:07,23:06:17,10,23:06:17,23:06:35,18,AGENT,23:06:35,23:06:44,9,BENSION
AA0213,27027,0,0,PS,990908,23:46:21,23:46:32,11,0:00:00,0:00:00,0,AGENT,23:46:32,23:46:37,5,NO_SERVER
AA0213,27028,0,0,PS,990909,6:59:23,6:59:39,16,0:00:00,0:00:00,0,AGENT,6:59:39,7:01:28,109,SHARON
AA0213,27029,60539053,2,PS,990909,7:33:25,7:33:31,6,7:33:31,7:33:43,12,AGENT,7:33:42,7:36:44,182,SHARON
AA0213,27030,0,0,PS,990909,8:11:56,8:12:06,10,0:00:00,0:00:00,0,AGENT,8:12:05,8:15:28,203,YIFAT
AA0213,27031,0,0,NW,990909,8:33:43,8:33:52,9,8:33:52,8:33:57,5,AGENT,8:33:57,8:34:21,24,BASCH
AA0213,27032,0,0,PS,990909,8:47:23,8:47:32,9,0:00:00,0:00:00,0,AGENT,8:47:32,8:49:38,126,DORIT
AA0213,27033,0,0,PS,990909,9:03:06,9:03:15,9,0:00:00,0:00:00,0,AGENT,9:03:14,9:04:47,93,DORIT
AA0213,27034,0,0,NE,990909,9:15:23,9:15:33,10,0:00:00,0:00:00,0,AGENT,9:15:32,9:24:29,537,SHARON
AA0213,27035,0,0,PE,990909,9:27:32,9:27:39,7,0:00:00,0:00:00,0,AGENT,9:27:38,9:27:42,4,NO_SERVER
AA0213,27036,0,0,PS,990909,9:48:24,9:48:35,11,0:00:00,0:00:00,0,AGENT,9:48:34,9:54:50,376,ANAT
AA0213,27037,0,0,NE,990909,10:01:51,10:01:59,8,0:00:00,0:00:00,0,AGENT,10:01:59,10:11:14,555,ROTH
AA0213,27038,0,0,PS,990909,10:15:58,10:16:09,11,0:00:00,0:00:00,0,AGENT,10:16:08,10:17:15,67,ANAT
AA0213,27039,0,0,NW,990909,10:28:21,10:28:34,13,0:00:00,0:00:00,0,AGENT,10:28:32,10:29:02,30,ROTH
AA0213,27040,0,0,PS,990909,10:42:40,10:42:49,9,0:00:00,0:00:00,0,AGENT,10:42:48,10:46:21,213,DORIT
AA0213,27041,0,0,NW,990909,10:56:08,10:56:17,9,10:56:17,10:56:41,24,HANG,0:00:00,0:00:00,0,NO_SERVER
AA0213,27042,0,0,PS,990909,11:09:53,11:10:05,12,0:00:00,0:00:00,0,AGENT,11:10:04,11:11:09,65,NAAMA
AA0213,27043,0,0,PS,990909,11:28:37,11:28:45,8,0:00:00,0:00:00,0,AGENT,11:28:45,11:30:17,92,BASCH
AA0213,27044,0,0,NE,990909,11:43:33,11:43:44,11,0:00:00,0:00:00,0,AGENT,11:43:44,11:44:42,58,NAAMA
AA0213,27045,0,0,PS,990909,11:57:13,11:57:22,9,0:00:00,0:00:00,0,AGENT,11:57:22,11:59:07,105,DORIT
AA0213,27046,0,0,NW,990909,12:12:10,12:12:23,13,0:00:00,0:00:00,0,AGENT,12:12:21,12:16:26,245,SHARON
AA0213,27047,0,0,PS,990909,12:34:58,12:35:10,12,0:00:00,0:00:00,0,AGENT,12:35:08,12:37:05,117,SHARON
AA0213,27048,0,0,PS,990909,12:47:29,12:47:38,9,0:00:00,0:00:00,0,AGENT,12:47:37,12:50:50,193,BASCH
AA0213,27049,0,0,NW,990909,13:02:18,13:02:34,16,0:00:00,0:00:00,0,AGENT,13:02:33,13:03:24,51,ROTH
AA0213,27050,0,0,PS,990909,13:16:07,13:16:18,11,0:00:00,0:00:00,0,AGENT,13:16:17,13:18:15,118,SHARON
AA0213,27051,0,0,NE,990909,13:34:39,13:35:08,29,0:00:00,0:00:00,0,AGENT,13:35:07,13:37:17,130,BASCH
AA0213,27052,0,0,PS,990909,13:50:58,13:51:10,12,0:00:00,0:00:00,0,AGENT,13:51:08,13:53:26,138,DORIT
AA0213,27053,29503323,1,PS,990909,14:07:54,14:07:59,5,14:07:59,14:09:36,97,AGENT,14:09:34,14:18:37,543,ROTH
AA0213,27054,59249862,2,PS,990909,14:21:28,14:21:33,5,14:21:33,14:21:45,12,AGENT,14:21:44,14:23:22,98,YIFAT
AA0213,27055,33771833,1,PS,990909,14:33:15,14:33:21,6,14:33:21,14:33:37,16,AGENT,14:33:36,14:35:18,102,ROTH
AA0213,27056,0,0,PS,990909,14:47:18,14:47:37,19,0:00:00,0:00:00,0,AGENT,14:47:36,14:49:57,141,ZOHARI
AA0213,27057,29474020,2,PS,990909,14:59:08,14:59:13,5,14:59:13,15:02:26,193,AGENT,15:02:25,15:03:05,40,DORIT
AA0213,27058,64185333,2,PS,990909,15:12:38,15:12:44,6,15:12:44,15:13:53,69,AGENT,15:13:52,15:16:08,136,KAZAV
AA0213,27059,0,0,NW,990909,15:23:05,15:23:14,9,15:23:14,15:26:06,172,HANG,0:00:00,0:00:00,0,NO_SERVER
AA0213,27060,33516006,1,PS,990909,15:35:46,15:35:52,6,15:35:52,15:39:16,204,AGENT,15:39:15,15:41:19,124,ROTH
AA0213,27061,59270009,2,PS,990909,15:48:25,15:48:30,5,15:48:30,15:49:17,47,AGENT,15:49:16,15:50:18,62,ROTH
AA0213,27062,0,0,PS,990909,16:02:03,16:02:14,11,0:00:00,0:00:00,0,AGENT,16:02:13,16:05:17,184,ZOHARI
AA0213,27063,29646247,2,PS,990909,16:13:12,16:13:18,6,16:13:18,16:14:55,97,AGENT,16:14:55,16:18:56,241,STEREN
AA0213,27065,0,0,PS,990909,16:28:13,16:28:13,0,0:00:00,0:00:00,0,HANG,0:00:00,0:00:00,0,NO_SERVER
AA0213,27066,0,0,NW,990909,16:37:37,16:37:49,12,0:00:00,0:00:00,0,AGENT,16:37:49,16:38:37,48,AVI
AA0213,27067,0,0,NW,990909,16:49:35,16:49:45,10,16:49:45,16:51:57,132,HANG,0:00:00,0:00:00,0,NO_SERVER
AA0213,27068,0,0,NW,990909,17:02:48,17:02:58,10,17:02:58,17:07:53,295,AGENT,17:07:52,17:08:53,61,PINHAS
AA0213,27069,0,0,PS,990909,17:20:19,17:20:29,10,0:00:00,0:00:00,0,AGENT,17:20:28,17:20:50,22,AVI
AA0213,27070,0,0,PS,990909,17:37:00,17:37:09,9,0:00:00,0:00:00,0,AGENT,17:37:08,17:37:23,15,STEREN
AA0213,27071,65607277,2,PS,990909,17:54:24,17:54:29,5,17:54:29,17:58:19,230,AGENT,17:58:17,17:59:49,92,YITZ
AA0213,27072,0,0,PS,990909,18:18:20,18:18:30,10,0:00:00,0:00:00,0,AGENT,18:18:29,18:19:11,42,STEREN
AA0213,27073,0,0,NW,990909,18:36:13,18:36:22,9,18:36:22,18:36:27,5,AGENT,18:36:26,18:37:29,63,STEREN
AA0213,27074,0,0,NW,990909,19:00:51,19:01:00,9,0:00:00,0:00:00,0,HANG,0:00:00,0:00:00,0,NO_SERVER
AA0213,27075,0,0,PS,990909,19:18:40,19:18:54,14,0:00:00,0:00:00,0,AGENT,19:18:53,19:21:42,169,AVI
AA0213,27076,24927717,1,PS,990909,19:41:55,19:42:01,6,19:42:01,19:43:45,104,AGENT,19:43:44,19:45:59,135,AVI
AA0213,27077,0,0,NE,990909,20:03:13,20:03:23,10,0:00:00,0:00:00,0,AGENT,20:03:22,20:04:32,70,AVI
AA0213,27078,59112078,1,PS,990909,20:27:20,20:27:26,6,20:27:26,20:27:38,12,AGENT,20:27:37,20:28:20,43,AVI
AA0213,27079,7191646,2,NE,990909,20:57:54,20:58:00,6,20:58:00,20:58:17,17,AGENT,20:58:16,21:18:40,1224,AVI
AA0213,27080,25696725,1,PS,990909,21:21:46,21:21:52,6,21:21:52,21:22:15,23,AGENT,21:22:14,21:24:17,123,ZOHARI
AA0213,27081,0,0,PS,990909,21:44:10,21:44:21,11,0:00:00,0:00:00,0,AGENT,21:44:20,21:44:21,1,AVI
AA0213,27082,0,0,PS,990909,22:17:52,22:18:11,19,0:00:00,0:00:00,0,AGENT,22:18:10,22:19:43,93,ZOHARI
AA0213,27083,27133917,2,PS,990909,22:47:38,22:47:43,5,22:47:43,22:47:53,10,AGENT,22:47:53,22:50:09,136,ZOHARI
AA0213,27084,0,0,NE,990909,23:13:42,23:13:52,10,0:00:00,0:00:00,0,AGENT,23:13:51,23:17:44,233,AVI
AA0213,27085,0,0,NW,990910,0:25:15,0:25:39,24,0:00:00,0:00:00,0,HANG,0:00:00,0:00:00,0,NO_SERVER
AA0213,27086,0,0,PS,990910,7:25:54,7:26:05,11,0:00:00,0:00:00,0,AGENT,7:26:04,7:27:23,79,VICKY
AA0213,27087,0,0,PS,990910,8:01:42,8:01:53,11,0:00:00,0:00:00,0,AGENT,8:01:51,8:03:14,83,BASCH
AA0213,27088,0,0,PS,990910,8:23:22,8:23:31,9,0:00:00,0:00:00,0,AGENT,8:23:30,8:27:51,261,AVNI
AA0213,27089,0,0,PS,990910,8:45:14,8:45:29,15,0:00:00,0:00:00,0,AGENT,8:45:27,8:46:44,77,SHARON
AA0213,27090,0,0,PS,990910,8:56:55,8:57:06,11,0:00:00,0:00:00,0,AGENT,8:57:05,9:01:49,284,VICKY
AA0213,27091,0,0,PS,990910,9:13:59,9:14:09,10,0:00:00,0:00:00,0,AGENT,9:14:08,9:16:33,145,VICKY
AA0213,27092,0,0,PS,990910,9:24:16,9:24:26,10,0:00:00,0:00:00,0,AGENT,9:24:25,9:26:40,135,BASCH
AA0213,27093,0,0,PS,990910,9:36:11,9:36:25,14,0:00:00,0:00:00,0,AGENT,9:36:24,9:40:42,258,BENSION
AA0213,27094,47555438,1,PS,990910,9:50:39,9:50:45,6,9:50:45,9:51:16,31,HANG,0:00:00,0:00:00,0,NO_SERVER
AA0213,27095,0,0,PS,990910,10:03:17,10:03:30,13,0:00:00,0:00:00,0,AGENT,10:03:29,10:05:37,128,BENSION
AA0213,27096,0,0,PS,990910,10:18:32,10:18:47,15,0:00:00,0:00:00,0,AGENT,10:18:46,10:19:35,49,BENSION
AA0213,27097,0,0,PS,990910,10:33:58,10:34:14,16,0:00:00,0:00:00,0,AGENT,10:34:13,10:37:37,204,DORIT
AA0213,27098,0,0,PS,990910,10:51:10,10:51:21,11,0:00:00,0:00:00,0,AGENT,10:51:20,10:53:37,137,BASCH
AA0213,27099,0,0,NW,990910,11:07:09,11:07:18,9,11:07:18,11:07:50,32,AGENT,11:07:50,11:08:11,21,VICKY
AA0213,27100,0,0,PS,990910,11:27:21,11:27:35,14,0:00:00,0:00:00,0,AGENT,11:27:35,11:27:38,3,NO_SERVER
AA0213,27101,31921737,1,PS,990910,11:54:03,11:54:24,21,11:54:24,11:54:38,14,AGENT,11:54:37,11:57:15,158,SHARON
AA0213,27102,0,0,PS,990910,12:24:02,12:24:15,13,0:00:00,0:00:00,0,AGENT,12:24:15,12:25:27,72,BASCH
AA0213,27103,0,0,PS,990910,12:57:08,12:57:19,11,0:00:00,0:00:00,0,AGENT,12:57:19,12:59:18,119,SHARON
AA0213,27104,0,0,NW,990910,13:23:46,13:24:24,38,0:00:00,0:00:00,0,HANG,0:00:00,0:00:00,0,NO_SERVER
AA0213,27105,0,0,PS,990910,14:15:51,14:16:16,25,0:00:00,0:00:00,0,HANG,0:00:00,0:00:00,0,NO_SERVER
AA0213,27106,0,0,PS,990910,16:23:16,16:24:05,49,0:00:00,0:00:00,0,HANG,0:00:00,0:00:00,0,NO_SERVER
AA0213,27107,0,0,NW,990911,11:07:54,11:08:32,38,0:00:00,0:00:00,0,HANG,0:00:00,0:00:00,0,NO_SERVER
AA0213,27108,0,0,PS,990911,20:03:13,20:03:22,9,0:00:00,0:00:00,0,HANG,0:00:00,0:00:00,0,NO_SERVER
AA0213,27109,0,0,NW,990912,16:01:29,16:01:30,1,0:00:00,0:00:00,0,HANG,0:00:00,0:00:00,0,NO_SERVER
AA0213,27111,0,0,PS,990912,19:36:06,19:36:06,0,0:00:00,0:00:00,0,HANG,0:00:00,0:00:00,0,NO_SERVER
AA0213,27112,0,0,PS,990912,20:03:49,20:03:57,8,0:00:00,0:00:00,0,AGENT,20:03:57,20:05:58,121,AVNI
AA0213,27113,0,0,PS,990912,20:27:44,20:27:54,10,0:00:00,0:00:00,0,AGENT,20:27:52,20:28:46,54,ZOHARI
AA0213,27114,0,0,PS,990912,20:44:20,20:44:33,13,0:00:00,0:00:00,0,AGENT,20:44:32,20:46:01,89,SHARON
AA0213,27115,0,0,PS,990912,21:16:25,21:16:36,11,0:00:00,0:00:00,0,AGENT,21:16:35,21:17:39,64,ELI
AA0213,27116,0,0,PS,990912,21:51:08,21:51:20,12,0:00:00,0:00:00,0,AGENT,21:51:20,21:55:07,227,ELI
AA0213,27117,0,0,NE,990912,22:32:58,22:33:10,12,0:00:00,0:00:00,0,AGENT,22:33:09,22:34:53,104,ZOHARI
AA0213,27118,0,0,PS,990912,23:13:11,23:13:26,15,0:00:00,0:00:00,0,AGENT,23:13:25,23:21:03,458,ELI
AA0213,27119,0,0,PS,990913,6:48:54,6:49:21,27,0:00:00,0:00:00,0,HANG,0:00:00,0:00:00,0,NO_SERVER
AA0213,27120,0,0,PS,990913,7:33:47,7:33:55,8,0:00:00,0:00:00,0,AGENT,7:33:54,7:40:03,369,YIFAT
AA0213,27121,0,0,PS,990913,8:01:37,8:01:48,11,0:00:00,0:00:00,0,AGENT,8:01:47,8:04:14,147,TOVA
AA0213,27122,0,0,NW,990913,8:15:55,8:16:04,9,8:16:04,8:17:02,58,AGENT,8:17:01,8:17:52,51,STEREN
AA0213,27123,0,0,NW,990913,8:32:21,8:32:33,12,0:00:00,0:00:00,0,AGENT,8:32:32,8:33:50,78,STEREN
AA0213,27124,43141639,1,PS,990913,8:42:30,8:42:36,6,8:42:36,8:43:19,43,AGENT,8:43:17,8:44:48,91,KAZAV
AA0213,27125,0,0,NW,990913,8:49:12,8:49:21,9,8:49:21,8:50:19,58,AGENT,8:50:18,8:50:48,30,SHARON
AA0213,27126,27443696,1,PS,990913,9:02:54,9:03:00,6,9:03:00,9:03:14,14,AGENT,9:03:13,9:04:00,47,GILI
AA0213,27127,0,0,PS,990913,9:11:42,9:11:51,9,0:00:00,0:00:00,0,AGENT,9:11:50,9:12:40,50,GILI
AA0213,27128,0,0,NE,990913,9:24:56,9:25:08,12,0:00:00,0:00:00,0,AGENT,9:25:06,9:27:48,162,ZOHARI
AA0213,27129,0,0,PS,990913,9:35:06,9:35:19,13,0:00:00,0:00:00,0,AGENT,9:35:18,9:36:07,49,SHARON
AA0213,27130,0,0,PS,990913,9:41:05,9:41:15,10,0:00:00,0:00:00,0,AGENT,9:41:14,9:42:31,77,GILI
AA0213,27131,0,0,NW,990913,9:49:14,9:49:24,10,9:49:24,9:49:31,7,AGENT,9:49:29,9:51:51,142,STEREN
AA0213,27132,0,0,PS,990913,10:01:06,10:01:19,13,0:00:00,0:00:00,0,AGENT,10:01:18,10:02:37,79,SHARON
AA0213,27133,0,0,NE,990913,10:10:55,10:11:06,11,0:00:00,0:00:00,0,AGENT,10:11:05,10:16:33,328,ZOHARI
AA0213,27134,0,0,PS,990913,10:20:53,10:21:07,14,0:00:00,0:00:00,0,AGENT,10:21:06,10:23:26,140,GILI
AA0213,27135,0,0,PS,990913,10:30:42,10:30:52,10,0:00:00,0:00:00,0,AGENT,10:30:51,10:32:55,124,VICKY
AA0213,27136,0,0,PS,990913,10:37:20,10:37:32,12,0:00:00,0:00:00,0,AGENT,10:37:31,10:40:53,202,VICKY
AA0213,27137,0,0,NW,990913,10:45:02,10:45:11,9,10:45:11,10:46:43,92,AGENT,10:46:42,10:50:00,198,SHARON
AA0213,27138,12482634,2,NE,990913,10:58:24,10:58:30,6,10:58:30,10:59:12,42,AGENT,10:59:11,11:03:25,254,GILI
AA0213,27139,30243364,2,PS,990913,11:08:10,11:08:16,6,11:08:16,11:08:19,3,AGENT,11:08:18,11:09:34,76,SHARON
AA0213,27140,0,0,PS,990913,11:18:01,11:18:11,10,0:00:00,0:00:00,0,AGENT,11:18:10,11:19:09,59,SHARON
AA0213,27141,0,0,PS,990913,11:25:14,11:25:22,8,0:00:00,0:00:00,0,AGENT,11:25:21,11:27:26,125,SHARON
AA0213,27142,0,0,PS,990913,11:34:57,11:35:08,11,0:00:00,0:00:00,0,AGENT,11:35:06,11:38:40,214,VICKY
AA0213,27143,23075062,2,PS,990913,11:43:21,11:43:26,5,11:43:26,11:43:35,9,AGENT,11:43:34,11:46:35,181,KAZAV
AA0213,27144,34492579,1,PS,990913,11:52:44,11:52:49,5,11:52:49,11:53:08,19,AGENT,11:53:06,11:57:37,271,GILI
AA0213,27145,31382021,1,PS,990913,12:00:47,12:00:52,5,12:00:52,12:01:05,13,AGENT,12:01:04,12:12:12,668,ROTH
AA0213,27146,0,0,PS,990913,12:09:35,12:09:49,14,0:00:00,0:00:00,0,AGENT,12:09:48,12:10:42,54,SHARON
AA0213,27147,0,0,PS,990913,12:22:39,12:22:48,9,0:00:00,0:00:00,0,AGENT,12:22:47,12:27:06,259,KAZAV
AA0213,27148,23895501,2,PS,990913,12:31:41,12:31:46,5,12:31:46,12:31:54,8,AGENT,12:31:53,12:34:07,134,GILI
AA0213,27149,0,0,NW,990913,12:45:51,12:46:05,14,0:00:00,0:00:00,0,AGENT,12:46:03,12:49:11,188,ROTH
AA0213,27150,0,0,PS,990913,13:02:54,13:03:03,9,0:00:00,0:00:00,0,AGENT,13:03:02,13:08:02,300,STEREN
AA0213,27151,0,0,NW,990913,13:10:48,13:10:57,9,13:10:57,13:13:43,166,AGENT,13:13:42,13:17:07,205,SHARON
AA0213,27152,0,0,NW,990913,13:23:39,13:23:51,12,0:00:00,0:00:00,0,AGENT,13:23:50,13:25:45,115,ROTH
AA0213,27153,0,0,PS,990913,13:35:28,13:35:37,9,0:00:00,0:00:00,0,AGENT,13:35:36,13:39:22,226,STEREN
AA0213,27154,78191137,2,PS,990913,13:46:53,13:46:58,5,13:46:58,13:47:03,5,AGENT,13:47:02,13:53:56,414,TOVA
AA0213,27155,563189,2,NE,990913,13:51:09,13:51:14,5,13:51:14,13:53:47,153,HANG,0:00:00,0:00:00,0,NO_SERVER
AA0213,27156,49996945,2,PS,990913,14:00:01,14:00:06,5,14:00:06,14:00:39,33,AGENT,14:00:38,14:04:40,242,BASCH
AA0213,27157,57460131,2,PS,990913,14:07:11,14:07:16,5,14:07:16,14:09:07,111,AGENT,14:09:06,14:18:59,593,ANAT
AA0213,27158,58029430,1,PS,990913,14:11:53,14:11:59,6,14:11:59,14:17:25,326,AGENT,14:17:24,14:17:57,33,BASCH
AA0213,27159,0,0,NW,990913,14:20:24,14:20:33,9,14:20:33,14:23:48,195,AGENT,14:23:48,14:27:10,202,MORIAH
AA0213,27160,30442495,2,PS,990913,14:29:30,14:29:36,6,14:29:36,14:30:15,39,AGENT,14:30:14,14:30:20,6,STEREN
AA0213,27161,10473262,2,PS,990913,14:37:25,14:37:31,6,14:37:31,14:39:19,108,AGENT,14:39:18,14:40:50,92,ROTH
AA0213,27162,35796002,1,PS,990913,14:47:21,14:47:26,5,14:47:26,14:48:45,79,AGENT,14:48:44,14:49:25,41,SHARON
AA0213,27163,0,0,NW,990913,14:55:48,14:55:58,10,14:55:58,14:57:04,66,HANG,0:00:00,0:00:00,0,NO_SERVER
AA0213,27164,22612071,2,PS,990913,15:05:17,15:05:22,5,15:05:22,15:05:29,7,AGENT,15:05:28,15:11:02,334,ZOHARI
AA0213,27165,27901198,2,PS,990913,15:13:13,15:13:19,6,15:13:19,15:17:06,227,AGENT,15:17:05,15:28:06,661,BASCH
AA0213,27166,68741495,2,NE,990913,15:25:19,15:25:25,6,15:25:25,15:29:22,237,AGENT,15:29:22,15:29:25,3,MORIAH
AA0213,27167,30442495,2,PS,990913,15:35:38,15:35:44,6,15:35:44,15:36:30,46,AGENT,15:36:29,15:40:40,251,ANAT
AA0213,27168,0,0,PS,990913,15:47:19,15:47:27,8,0:00:00,0:00:00,0,AGENT,15:47:26,15:47:30,4,MORIAH
AA0213,27169,0,0,NE,990913,16:00:28,16:00:37,9,0:00:00,0:00:00,0,AGENT,16:00:36,16:03:25,169,ROTH
AA0213,27170,0,0,NW,990913,16:08:53,16:09:03,10,16:09:03,16:11:59,176,AGENT,16:11:58,16:11:59,1,AVI
AA0213,27171,0,0,PS,990913,16:25:36,16:25:45,9,0:00:00,0:00:00,0,AGENT,16:25:45,16:26:57,72,ROTH
AA0213,27172,30442495,2,PS,990913,16:37:01,16:37:06,5,16:37:06,16:39:40,154,AGENT,16:39:40,16:44:02,262,MORIAH
AA0213,27173,56648843,2,PS,990913,16:47:38,16:47:44,6,16:47:44,16:48:28,44,AGENT,16:48:26,16:52:04,218,BASCH
AA0213,27174,30647457,1,PS,990913,16:54:35,16:54:41,6,16:54:41,16:55:56,75,HANG,0:00:00,0:00:00,0,NO_SERVER
AA0213,27175,13742374,2,PS,990913,17:01:18,17:01:23,5,17:01:23,17:01:41,18,AGENT,17:01:40,17:03:28,108,ANAT
AA0213,27176,0,0,PS,990913,17:16:50,17:17:02,12,0:00:00,0:00:00,0,AGENT,17:17:01,17:17:03,2,MORIAH
AA0213,27177,0,0,PS,990913,17:34:51,17:35:05,14,0:00:00,0:00:00,0,AGENT,17:35:04,17:37:24,140,AVI
AA0213,27178,22066302,2,PS,990913,17:50:57,17:51:02,5,17:51:02,17:51:18,16,HANG,0:00:00,0:00:00,0,NO_SERVER
AA0213,27179,0,0,PS,990913,18:06:39,18:06:55,16,0:00:00,0:00:00,0,AGENT,18:06:54,18:09:54,180,ANAT
AA0213,27180,0,0,NW,990913,18:18:07,18:18:17,10,18:18:17,18:21:46,209,AGENT,18:21:44,18:23:40,116,AVNI
AA0213,27181,0,0,NW,990913,18:41:20,18:41:33,13,0:00:00,0:00:00,0,AGENT,18:41:32,18:41:41,9,AVNI
AA0213,27182,0,0,NW,990913,18:54:32,18:54:42,10,18:54:42,18:55:03,21,AGENT,18:55:02,18:55:03,1,AVI
AA0213,27183,23867245,2,PS,990913,19:07:37,19:07:43,6,19:07:43,19:08:16,33,AGENT,19:08:15,19:12:32,257,AVI
AA0213,27184,7191646,2,NE,990913,19:14:26,19:14:32,6,19:14:32,19:15:16,44,AGENT,19:15:15,19:23:17,482,AVI
AA0213,27185,0,0,PS,990913,19:23:57,19:24:06,9,0:00:00,0:00:00,0,AGENT,19:24:05,19:25:27,82,AVI
AA0213,27186,24639601,1,PS,990913,19:33:46,19:33:52,6,19:33:52,19:34:33,41,AGENT,19:34:32,19:36:37,125,MORIAH
AA0213,27187,0,0,NE,990913,19:55:08,19:55:16,8,0:00:00,0:00:00,0,AGENT,19:55:16,19:56:03,47,BASCH
AA0213,27188,0,0,PS,990913,20:11:11,20:11:25,14,0:00:00,0:00:00,0,AGENT,20:11:24,20:15:40,256,ANAT
AA0213,27189,0,0,PS,990913,20:22:14,20:22:32,18,0:00:00,0:00:00,0,AGENT,20:22:31,20:24:13,102,ANAT
AA0213,27190,0,0,PS,990913,20:40:30,20:40:42,12,0:00:00,0:00:00,0,AGENT,20:40:41,20:42:38,117,ANAT
AA0213,27191,27008077,1,PS,990913,20:54:00,20:54:05,5,20:54:05,20:54:26,21,AGENT,20:54:25,20:55:12,47,BASCH
AA0213,27192,54145529,2,PS,990913,21:14:44,21:14:49,5,21:14:49,21:17:56,187,AGENT,21:17:55,21:18:44,49,MEIR
AA0213,27193,0,0,PS,990913,21:35:03,21:35:13,10,0:00:00,0:00:00,0,AGENT,21:35:12,21:35:12,0,AVI
AA0213,27194,0,0,PS,990913,21:50:54,21:51:08,14,0:00:00,0:00:00,0,AGENT,21:51:07,21:52:03,56,MEIR
AA0213,27195,0,0,NW,990913,22:12:29,22:12:38,9,22:12:38,22:17:32,294,AGENT,22:17:31,22:20:40,189,AVI
AA0213,27196,0,0,PS,990913,22:32:16,22:32:28,12,0:00:00,0:00:00,0,AGENT,22:32:27,22:34:01,94,AVNI
AA0213,27197,0,0,PS,990913,23:08:00,23:08:09,9,0:00:00,0:00:00,0,AGENT,23:08:09,23:09:40,91,AVI
AA0213,27198,0,0,PS,990913,23:36:31,23:36:39,8,0:00:00,0:00:00,0,AGENT,23:36:38,23:36:43,5,AVI
AA0213,27200,0,0,PS,990914,1:13:31,1:13:31,0,0:00:00,0:00:00,0,HANG,0:00:00,0:00:00,0,NO_SERVER
AA0213,27201,0,0,PS,990914,7:04:01,7:04:14,13,0:00:00,0:00:00,0,AGENT,7:04:13,7:05:25,72,ANAT
AA0213,27202,0,0,NW,990914,7:30:21,7:30:30,9,7:30:30,7:31:22,52,HANG,0:00:00,0:00:00,0,NO_SERVER
AA0213,27203,0,0,PS,990914,7:51:37,7:51:46,9,0:00:00,0:00:00,0,AGENT,7:51:46,7:51:55,9,MORIAH
AA0213,27204,0,0,PS,990914,8:12:46,8:12:57,11,0:00:00,0:00:00,0,AGENT,8:12:56,8:13:31,35,YIFAT
AA0213,27205,12461729,2,PS,990914,8:23:13,8:23:18,5,8:23:18,8:24:37,79,AGENT,8:24:36,8:26:05,89,MORIAH
AA0213,27206,0,0,NW,990914,8:29:45,8:29:54,9,8:29:54,8:30:27,33,HANG,0:00:00,0:00:00,0,NO_SERVER
AA0213,27207,0,0,NW,990914,8:40:40,8:40:50,10,8:40:50,8:41:13,23,HANG,0:00:00,0:00:00,0,NO_SERVER
AA0213,27208,0,0,PS,990914,8:49:26,8:49:38,12,0:00:00,0:00:00,0,AGENT,8:49:37,8:51:46,129,YIFAT
AA0213,27209,48820351,2,NE,990914,8:58:11,8:58:16,5,8:58:16,8:58:38,22,AGENT,8:58:37,9:07:07,510,MORIAH
AA0213,27210,0,0,PS,990914,9:06:40,9:06:56,16,0:00:00,0:00:00,0,AGENT,9:06:56,9:11:09,253,TOVA
AA0213,27211,0,0,PS,990914,9:17:11,9:17:29,18,0:00:00,0:00:00,0,AGENT,9:17:29,9:18:34,65,ANAT
AA0213,27212,29412566,2,PS,990914,9:24:10,9:24:16,6,9:24:16,9:24:21,5,AGENT,9:24:20,9:26:14,114,TOVA
AA0213,27213,0,0,PS,990914,9:35:51,9:36:02,11,0:00:00,0:00:00,0,AGENT,9:36:02,9:37:37,95,YIFAT
AA0213,27214,0,0,PS,990914,9:43:35,9:43:44,9,0:00:00,0:00:00,0,AGENT,9:43:43,9:51:36,473,TOVA
AA0213,27215,30442495,2,PS,990914,9:55:15,9:55:21,6,9:55:21,9:55:31,10,AGENT,9:55:30,10:02:27,417,GOLDIE
AA0213,27216,0,0,PS,990914,10:06:22,10:06:33,11,0:00:00,0:00:00,0,AGENT,10:06:32,10:10:43,251,TOVA
AA0213,27217,51929339,2,PS,990914,10:13:27,10:13:33,6,10:13:33,10:13:46,13,AGENT,10:13:45,10:25:40,715,AVNI
AA0213,27218,22263115,2,PS,990914,10:20:39,10:20:45,6,10:20:45,10:20:55,10,AGENT,10:20:55,10:24:39,224,BASCH
AA0213,27219,0,0,NW,990914,10:27:27,10:27:36,9,10:27:36,10:28:07,31,AGENT,10:28:06,10:29:59,113,GOLDIE
AA0213,27220,0,0,PS,990914,10:34:12,10:34:20,8,0:00:00,0:00:00,0,AGENT,10:34:20,10:42:18,478,GOLDIE
AA0213,27221,15286958,2,PS,990914,10:39:19,10:39:25,6,10:39:25,10:42:18,173,AGENT,10:42:17,10:44:12,115,KAZAV
AA0213,27222,17628579,1,PS,990914,10:48:18,10:48:23,5,10:48:23,10:48:32,9,AGENT,10:48:31,10:48:57,26,YIFAT
AA0213,27223,33474602,2,PS,990914,11:00:36,11:00:42,6,11:00:42,11:01:34,52,AGENT,11:01:34,11:04:08,154,KAZAV
AA0213,27224,56574460,1,PS,990914,11:07:36,11:07:42,6,11:07:42,11:08:46,64,AGENT,11:08:45,11:09:04,19,YIFAT
AA0213,27225,14971980,2,PS,990914,11:16:41,11:16:47,6,11:16:47,11:17:03,16,AGENT,11:17:02,11:19:05,123,BASCH
AA0213,27226,0,0,PS,990914,11:28:09,11:28:19,10,0:00:00,0:00:00,0,AGENT,11:28:17,11:33:37,320,BASCH
AA0213,27227,55643456,1,PS,990914,11:40:52,11:40:57,5,11:40:57,11:42:45,108,AGENT,11:42:44,11:44:40,116,TOVA
AA0213,27228,9682923,2,PS,990914,11:50:00,11:50:05,5,11:50:05,11:51:35,90,AGENT,11:51:34,11:51:36,2,MORIAH
AA0213,27229,0,0,PS,990914,11:59:48,11:59:56,8,0:00:00,0:00:00,0,AGENT,11:59:55,12:00:59,64,YIFAT
AA0213,27230,0,0,PS,990914,12:08:59,12:09:09,10,0:00:00,0:00:00,0,AGENT,12:09:07,12:10:32,85,BASCH
AA0213,27231,0,0,PS,990914,12:17:05,12:17:15,10,0:00:00,0:00:00,0,AGENT,12:17:14,12:18:11,57,KAZAV
AA0213,27232,0,0,PS,990914,12:27:43,12:27:55,12,0:00:00,0:00:00,0,AGENT,12:27:54,12:29:27,93,TOVA
AA0213,27233,69560852,2,PS,990914,12:36:24,12:36:30,6,12:36:30,12:37:06,36,HANG,0:00:00,0:00:00,0,NO_SERVER
AA0213,27234,0,0,PS,990914,12:45:44,12:45:52,8,0:00:00,0:00:00,0,AGENT,12:45:52,12:47:30,98,BASCH
AA0213,27235,0,0,PS,990914,13:02:41,13:02:51,10,0:00:00,0:00:00,0,AGENT,13:02:50,13:04:38,108,BASCH
AA0213,27236,0,0,PS,990914,13:11:10,13:11:25,15,0:00:00,0:00:00,0,AGENT,13:11:24,13:14:01,157,ANAT
AA0213,27237,0,0,PS,990914,13:27:16,13:27:26,10,0:00:00,0:00:00,0,AGENT,13:27:24,13:34:33,429,BASCH
AA0213,27238,29075363,1,PS,990914,13:38:29,13:38:35,6,13:38:35,13:38:42,7,AGENT,13:38:41,13:39:35,54,TOVA
AA0213,27239,0,0,NW,990914,13:48:02,13:48:11,9,13:48:11,13:52:43,272,HANG,0:00:00,0:00:00,0,NO_SERVER
AA0213,27240,27901198,2,PS,990914,14:00:26,14:00:31,5,14:00:31,14:03:56,205,AGENT,14:03:55,14:10:23,388,DARMON
AA0213,27242,0,0,PS,990914,14:12:48,14:12:48,0,0:00:00,0:00:00,0,HANG,0:00:00,0:00:00,0,NO_SERVER
AA0213,27243,31498827,1,PS,990914,14:20:29,14:20:35,6,14:20:35,14:21:44,69,AGENT,14:21:43,14:25:04,201,KAZAV
AA0213,27244,48820351,2,NE,990914,14:30:05,14:30:10,5,14:30:10,14:31:04,54,AGENT,14:31:03,14:37:33,390,ROTH
AA0213,27245,22167936,0,PS,990914,14:38:02,14:38:08,6,14:38:08,14:40:21,133,HANG,0:00:00,0:00:00,0,NO_SERVER
AA0213,27246,0,0,NW,990914,14:46:03,14:46:13,10,14:46:13,14:50:38,265,AGENT,14:50:37,14:52:13,96,AVNI
AA0213,27247,50850429,2,PS,990914,15:01:48,15:01:54,6,15:01:54,15:09:59,485,AGENT,15:09:58,15:16:37,399,AVNI
AA0213,27248,13846134,1,PS,990914,15:15:29,15:15:34,5,15:15:34,15:19:36,242,AGENT,15:19:35,15:19:59,24,KAZAV
AA0213,27249,23791668,1,PS,990914,15:29:47,15:29:53,6,15:29:53,15:30:59,66,HANG,0:00:00,0:00:00,0,NO_SERVER
AA0213,27250,38887121,1,PS,990914,15:41:32,15:41:37,5,15:41:37,15:43:05,88,AGENT,15:43:04,15:49:44,400,STEREN
AA0213,27251,0,0,PS,990914,15:53:39,15:53:49,10,0:00:00,0:00:00,0,AGENT,15:53:48,15:57:51,243,AVNI
AA0213,27252,9682923,2,PS,990914,16:03:10,16:03:15,5,16:03:15,16:05:19,124,AGENT,16:05:19,16:16:20,661,NAAMA
AA0213,27253,0,0,PS,990914,16:13:55,16:14:04,9,0:00:00,0:00:00,0,AGENT,16:14:03,16:14:53,50,YITZ
AA0213,27254,0,0,PS,990914,16:25:59,16:26:07,8,0:00:00,0:00:00,0,AGENT,16:26:07,16:26:12,5,NO_SERVER
AA0213,27255,42813816,1,NE,990914,16:38:22,16:38:27,5,16:38:27,16:39:28,61,AGENT,16:39:28,16:41:48,140,STEREN
AA0213,27256,0,0,PS,990914,16:52:16,16:52:26,10,0:00:00,0:00:00,0,AGENT,16:52:25,17:00:21,476,ZOHARI
AA0213,27257,0,0,PS,990914,17:01:00,17:01:14,14,0:00:00,0:00:00,0,AGENT,17:01:13,17:02:37,84,SHARON
AA0213,27258,14264295,2,PS,990914,17:13:24,17:13:30,6,17:13:30,17:14:31,61,AGENT,17:14:30,17:18:23,233,ROTH
AA0213,27259,0,0,NW,990914,17:28:21,17:28:38,17,0:00:00,0:00:00,0,AGENT,17:28:37,17:32:48,251,YITZ
AA0213,27260,0,0,PS,990914,17:41:34,17:41:48,14,0:00:00,0:00:00,0,AGENT,17:41:47,17:44:16,149,NAAMA
AA0213,27261,0,0,PS,990914,18:00:15,18:00:25,10,0:00:00,0:00:00,0,AGENT,18:00:24,18:04:41,257,STEREN
AA0213,27262,0,0,NW,990914,18:16:25,18:16:40,15,0:00:00,0:00:00,0,AGENT,18:16:39,18:19:03,144,YITZ
AA0213,27263,0,0,PE,990914,18:33:48,18:33:58,10,0:00:00,0:00:00,0,AGENT,18:33:57,18:38:39,282,YITZ
AA0213,27264,0,0,PS,990914,18:45:44,18:45:57,13,0:00:00,0:00:00,0,AGENT,18:45:56,18:47:16,80,BENSION
AA0213,27265,0,0,NW,990914,19:04:26,19:04:47,21,0:00:00,0:00:00,0,AGENT,19:04:46,19:07:13,147,BENSION
AA0213,27266,0,0,NE,990914,19:23:53,19:24:09,16,0:00:00,0:00:00,0,AGENT,19:24:07,19:27:07,180,ZOHARI
AA0213,27267,306278797,1,PS,990914,19:40:12,19:40:18,6,19:40:18,19:41:12,54,AGENT,19:41:11,19:42:16,65,ROTH
AA0213,27268,22217491,1,PS,990914,20:01:07,20:01:12,5,20:01:12,20:01:37,25,AGENT,20:01:37,20:02:24,47,BENSION
AA0213,27269,0,0,PS,990914,20:23:59,20:24:08,9,0:00:00,0:00:00,0,AGENT,20:24:07,20:26:54,167,STEREN
AA0213,27270,0,0,NE,990914,20:47:12,20:47:21,9,0:00:00,0:00:00,0,AGENT,20:47:21,20:51:17,236,ROTH
AA0213,27271,0,0,PS,990914,21:07:39,21:07:48,9,0:00:00,0:00:00,0,AGENT,21:07:47,21:22:06,859,ROTH
AA0213,27272,0,0,PS,990914,21:32:13,21:32:22,9,0:00:00,0:00:00,0,AGENT,21:32:21,21:33:59,98,ROTH
AA0213,27273,57202111,2,PS,990914,21:47:05,21:47:10,5,21:47:10,21:47:31,21,AGENT,21:47:31,21:50:27,176,ZOHARI
AA0213,27274,1084789,2,PS,990914,22:04:12,22:04:18,6,22:04:18,22:04:39,21,AGENT,22:04:38,22:06:41,123,BENSION
AA0213,27275,0,0,PS,990914,22:31:12,22:31:22,10,0:00:00,0:00:00,0,AGENT,22:31:21,22:32:30,69,SHARON
AA0213,27276,32426637,1,PS,990914,23:07:57,23:08:03,6,23:08:03,23:08:32,29,AGENT,23:08:31,23:09:58,87,BENSION
AA0213,27277,0,0,PS,990914,23:37:17,23:37:33,16,0:00:00,0:00:00,0,AGENT,23:37:32,23:38:53,81,BENSION
AA0213,27278,0,0,PS,990915,0:58:06,0:58:18,12,0:00:00,0:00:00,0,HANG,0:00:00,0:00:00,0,NO_SERVER
AA0213,27279,0,0,NW,990915,7:25:01,7:25:39,38,0:00:00,0:00:00,0,HANG,0:00:00,0:00:00,0,NO_SERVER
AA0213,27280,0,0,PS,990915,7:54:14,7:54:24,10,0:00:00,0:00:00,0,AGENT,7:54:23,7:56:31,128,SHARON
AA0213,27281,0,0,PS,990915,8:17:16,8:17:26,10,0:00:00,0:00:00,0,AGENT,8:17:25,8:17:29,4,NO_SERVER
AA0213,27282,67628024,1,PS,990915,8:30:56,8:31:02,6,8:31:02,8:34:19,197,AGENT,8:34:18,8:34:45,27,SHARON
AA0213,27283,0,0,NW,990915,8:45:32,8:45:41,9,8:45:41,8:46:53,72,HANG,0:00:00,0:00:00,0,NO_SERVER
AA0213,27284,2189579,2,PS,990915,8:57:14,8:57:20,6,8:57:20,8:57:44,24,AGENT,8:57:42,8:59:45,123,STEREN
AA0213,27285,50684737,2,PS,990915,9:08:29,9:08:35,6,9:08:35,9:08:47,12,AGENT,9:08:46,9:19:00,614,ROTH
AA0213,27286,23583586,2,PS,990915,9:14:44,9:14:49,5,9:14:49,9:14:59,10,AGENT,9:14:58,9:16:20,82,KAZAV
AA0213,27287,58029620,2,PS,990915,9:26:44,9:26:49,5,9:26:49,9:27:15,26,AGENT,9:27:15,9:28:18,63,ZOHARI
AA0213,27288,0,0,PS,990915,9:41:07,9:41:18,11,0:00:00,0:00:00,0,AGENT,9:41:17,10:00:29,1152,STEREN
AA0213,27289,50835032,2,PS,990915,9:49:25,9:49:31,6,9:49:31,9:50:09,38,AGENT,9:50:08,9:51:31,83,KAZAV
AA0213,27290,0,0,NW,990915,9:58:22,9:58:31,9,9:58:31,9:59:01,30,AGENT,9:59:01,10:02:38,217,ROTH
AA0213,27291,25268624,2,PS,990915,10:09:55,10:10:00,5,10:10:00,10:10:13,13,AGENT,10:10:12,10:10:55,43,KAZAV
AA0213,27292,25334251,2,PS,990915,10:16:54,10:17:00,6,10:17:00,10:18:13,73,AGENT,10:18:12,10:20:35,143,AVNI
AA0213,27293,41630443,2,PS,990915,10:25:31,10:25:37,6,10:25:37,10:26:01,24,AGENT,10:26:01,10:27:33,92,AVNI
AA0213,27294,52031556,2,PS,990915,10:32:35,10:32:41,6,10:32:41,10:32:47,6,AGENT,10:32:46,10:37:01,255,ROTH
AA0213,27295,0,0,PS,990915,10:42:04,10:42:15,11,0:00:00,0:00:00,0,AGENT,10:42:14,10:43:45,91,STEREN
AA0213,27296,0,0,PS,990915,10:51:47,10:51:56,9,0:00:00,0:00:00,0,AGENT,10:51:55,10:52:41,46,KAZAV
AA0213,27297,0,0,PS,990915,10:59:05,10:59:14,9,0:00:00,0:00:00,0,AGENT,10:59:13,11:05:55,402,KAZAV
AA0213,27298,0,0,PS,990915,11:09:50,11:10:17,27,0:00:00,0:00:00,0,AGENT,11:10:17,11:12:42,145,AVNI
AA0213,27299,0,0,NW,990915,11:18:47,11:19:01,14,0:00:00,0:00:00,0,AGENT,11:19:01,11:20:23,82,VICKY
AA0213,27300,0,0,PS,990915,11:30:13,11:30:23,10,0:00:00,0:00:00,0,AGENT,11:30:22,11:33:12,170,AVNI
AA0213,27301,55476253,2,NE,990915,11:37:09,11:37:14,5,11:37:14,11:37:30,16,AGENT,11:37:29,11:38:49,80,VICKY
AA0213,27302,0,0,PS,990915,11:55:27,11:55:38,11,0:00:00,0:00:00,0,AGENT,11:55:37,11:56:41,64,YIFAT
AA0213,27303,0,0,PS,990915,12:05:17,12:05:26,9,0:00:00,0:00:00,0,AGENT,12:05:25,12:08:22,177,ROTH
AA0213,27304,0,0,NW,990915,12:17:37,12:17:49,12,0:00:00,0:00:00,0,AGENT,12:17:48,12:19:20,92,ROTH
AA0213,27305,0,0,PS,990915,12:28:26,12:28:37,11,0:00:00,0:00:00,0,AGENT,12:28:36,12:34:44,368,GOLDIE
AA0213,27306,0,0,PS,990915,12:44:18,12:44:30,12,0:00:00,0:00:00,0,AGENT,12:44:28,12:46:10,102,STEREN
AA0213,27307,0,0,NE,990915,12:56:48,12:56:57,9,0:00:00,0:00:00,0,AGENT,0:00:00,0:00:00,0,ZOHARI
AA0213,27308,69687275,2,PS,990915,13:08:03,13:08:09,6,13:08:09,13:08:33,24,AGENT,13:08:32,13:09:50,78,ROTH
AA0213,27309,0,0,PS,990915,13:19:41,13:19:49,8,0:00:00,0:00:00,0,AGENT,13:19:49,13:20:54,65,GOLDIE
AA0213,27310,0,0,NW,990915,13:34:20,13:34:34,14,0:00:00,0:00:00,0,AGENT,13:34:34,13:35:24,50,GOLDIE
AA0213,27311,0,0,NE,990915,13:48:35,13:48:45,10,0:00:00,0:00:00,0,AGENT,13:48:43,13:49:53,70,KAZAV
AA0213,27312,0,0,NE,990915,13:59:19,13:59:31,12,0:00:00,0:00:00,0,AGENT,13:59:29,14:02:04,155,VICKY
AA0213,27313,0,0,PS,990915,14:10:23,14:10:32,9,0:00:00,0:00:00,0,AGENT,14:10:31,14:11:26,55,DORIT
AA0213,27314,15398027,2,PS,990915,14:18:53,14:18:59,6,14:18:59,14:19:12,13,AGENT,14:19:11,14:20:10,59,VICKY
AA0213,27315,4283172,1,PS,990915,14:33:23,14:33:28,5,14:33:28,14:34:58,90,AGENT,14:34:57,14:39:37,280,AVNI
AA0213,27317,0,0,PS,990915,14:43:09,14:43:10,1,0:00:00,0:00:00,0,HANG,0:00:00,0:00:00,0,NO_SERVER
AA0213,27318,0,0,PS,990915,14:48:33,14:48:41,8,0:00:00,0:00:00,0,AGENT,14:48:40,14:55:11,391,ROTH
AA0213,27319,31700206,1,PS,990915,15:02:37,15:02:42,5,15:02:42,15:04:51,129,AGENT,15:04:50,15:08:59,249,KAZAV
AA0213,27320,23383607,2,PS,990915,15:11:41,15:11:47,6,15:11:47,15:12:04,17,AGENT,15:12:03,15:15:37,214,BASCH
AA0213,27321,33474602,2,PS,990915,15:17:19,15:17:25,6,15:17:25,15:18:45,80,AGENT,15:18:44,15:25:22,398,BASCH
AA0213,27322,0,0,PS,990915,15:28:10,15:28:19,9,0:00:00,0:00:00,0,AGENT,15:28:18,15:30:24,126,STEREN
AA0213,27323,29474020,2,PS,990915,15:33:12,15:33:18,6,15:33:18,15:33:55,37,AGENT,15:33:55,15:35:02,67,STEREN
AA0213,27324,4992103,2,PS,990915,15:39:42,15:39:47,5,15:39:47,15:40:16,29,AGENT,15:40:15,15:41:01,46,ROTH
AA0213,27325,0,0,PS,990915,15:47:35,15:47:46,11,0:00:00,0:00:00,0,AGENT,15:47:45,15:54:18,393,SHARON
AA0213,27326,24410680,1,PS,990915,15:59:45,15:59:51,6,15:59:51,15:59:57,6,AGENT,15:59:56,16:02:16,140,ANAT
AA0213,27327,0,0,PS,990915,16:07:54,16:08:03,9,0:00:00,0:00:00,0,AGENT,16:08:03,16:12:50,287,AVNI
AA0213,27328,0,0,PS,990915,16:23:10,16:23:19,9,0:00:00,0:00:00,0,AGENT,16:23:18,16:24:34,76,STEREN
AA0213,27329,0,0,PS,990915,16:38:20,16:38:29,9,0:00:00,0:00:00,0,AGENT,16:38:28,16:39:28,60,BASCH
AA0213,27330,0,0,NW,990915,16:49:31,16:49:44,13,0:00:00,0:00:00,0,AGENT,16:49:44,16:50:10,26,AVNI
AA0213,27331,0,0,PS,990915,17:03:41,17:03:51,10,0:00:00,0:00:00,0,AGENT,17:03:50,17:04:54,64,BASCH
AA0213,27332,0,0,NW,990915,17:19:02,17:19:15,13,0:00:00,0:00:00,0,AGENT,17:19:14,17:21:21,127,YITZ
AA0213,27333,78768348,2,PS,990915,17:34:12,17:34:18,6,17:34:18,17:35:11,53,AGENT,17:35:10,17:38:13,183,BENSION
AA0213,27334,0,0,PS,990915,17:56:16,17:56:28,12,0:00:00,0:00:00,0,AGENT,17:56:28,17:57:01,33,BENSION
AA0213,27335,0,0,NW,990915,18:18:01,18:18:15,14,0:00:00,0:00:00,0,AGENT,18:18:14,18:18:48,34,MORIAH
AA0213,27336,0,0,PS,990915,18:33:50,18:34:01,11,0:00:00,0:00:00,0,AGENT,18:34:00,18:35:00,60,BASCH
AA0213,27337,0,0,NW,990915,18:50:39,18:50:55,16,0:00:00,0:00:00,0,AGENT,18:50:55,18:51:36,41,AVI
AA0213,27338,0,0,NW,990915,19:03:23,19:03:35,12,0:00:00,0:00:00,0,AGENT,19:03:35,19:03:57,22,MORIAH
AA0213,27339,0,0,PS,990915,19:29:27,19:29:57,30,0:00:00,0:00:00,0,AGENT,19:29:56,19:34:35,279,AVI
AA0213,27340,0,0,NE,990915,19:49:14,19:49:24,10,0:00:00,0:00:00,0,AGENT,19:49:23,19:50:25,62,MORIAH
AA0213,27341,0,0,PS,990915,20:15:30,20:15:42,12,0:00:00,0:00:00,0,AGENT,20:15:41,20:19:12,211,YITZ
AA0213,27342,0,0,PS,990915,20:35:40,20:35:50,10,0:00:00,0:00:00,0,AGENT,20:35:49,20:37:01,72,ANAT
AA0213,27343,0,0,NE,990915,20:53:20,20:53:34,14,0:00:00,0:00:00,0,AGENT,20:53:33,20:55:48,135,TOVA
AA0213,27344,0,0,PS,990915,21:11:32,21:11:40,8,0:00:00,0:00:00,0,AGENT,21:11:40,21:17:34,354,MORIAH
AA0213,27345,7191646,2,NE,990915,21:28:01,21:28:07,6,21:28:07,21:29:08,61,AGENT,21:29:07,21:29:08,1,AVI
AA0213,27346,0,0,PS,990915,21:47:55,21:48:09,14,0:00:00,0:00:00,0,AGENT,21:48:09,21:51:10,181,BENSION
AA0213,27347,0,0,PS,990915,22:02:20,22:02:30,10,0:00:00,0:00:00,0,AGENT,22:02:29,22:03:38,69,AVI
AA0213,27348,58909524,2,PS,990915,22:21:12,22:21:18,6,22:21:18,22:21:59,41,AGENT,22:21:58,22:21:59,1,AVI
AA0213,27349,0,0,PS,990915,22:48:51,22:49:02,11,0:00:00,0:00:00,0,AGENT,22:49:02,22:50:54,112,AVI
AA0213,27350,0,0,PS,990915,23:22:07,23:22:18,11,0:00:00,0:00:00,0,AGENT,23:22:17,23:22:56,39,AVI
AA0213,27351,0,0,PS,990916,0:13:03,0:13:28,25,0:00:00,0:00:00,0,HANG,0:00:00,0:00:00,0,NO_SERVER
AA0213,27352,0,0,NW,990916,7:36:18,7:36:33,15,0:00:00,0:00:00,0,AGENT,7:36:31,7:40:50,259,MORIAH
AA0213,27353,59650556,2,PS,990916,7:54:28,7:54:34,6,7:54:34,7:55:50,76,AGENT,7:55:48,7:57:18,90,YIFAT
AA0213,27354,0,0,PS,990916,8:13:27,8:13:45,18,0:00:00,0:00:00,0,AGENT,8:13:43,8:16:30,167,ANAT
AA0213,27355,0,0,PS,990916,8:27:35,8:27:44,9,0:00:00,0:00:00,0,AGENT,8:27:44,8:29:04,80,TOVA
AA0213,27356,0,0,PS,990916,8:44:37,8:44:47,10,0:00:00,0:00:00,0,AGENT,8:44:46,8:45:36,50,DORIT
AA0213,27357,0,0,PS,990916,8:53:00,8:53:11,11,0:00:00,0:00:00,0,AGENT,8:53:09,8:54:37,88,MORIAH
AA0213,27358,69008423,1,PS,990916,9:05:16,9:05:22,6,9:05:22,9:08:04,162,AGENT,9:08:03,9:09:06,63,YIFAT
AA0213,27359,0,0,PS,990916,9:17:18,9:17:28,10,0:00:00,0:00:00,0,AGENT,9:17:27,9:21:19,232,TOVA
AA0213,27360,0,0,PS,990916,9:26:01,9:26:14,13,0:00:00,0:00:00,0,AGENT,9:26:13,9:28:15,122,ZOHARI
AA0213,27361,0,0,PS,990916,9:46:29,9:46:43,14,0:00:00,0:00:00,0,AGENT,9:46:42,9:48:23,101,MORIAH
AA0213,27362,57464265,2,PS,990916,9:54:44,9:54:50,6,9:54:50,9:56:31,101,AGENT,9:56:30,9:56:40,10,MORIAH
AA0213,27363,0,0,PS,990916,10:05:47,10:05:57,10,0:00:00,0:00:00,0,AGENT,10:05:55,10:05:59,4,MORIAH
AA0213,27364,17942244,1,PS,990916,10:15:33,10:15:38,5,10:15:38,10:16:02,24,AGENT,10:16:02,10:17:04,62,DORIT
AA0213,27365,0,0,NW,990916,10:22:43,10:22:52,9,10:22:52,10:23:00,8,HANG,0:00:00,0:00:00,0,NO_SERVER
AA0213,27366,8258329,2,NE,990916,10:27:14,10:27:19,5,10:27:19,10:28:20,61,AGENT,10:28:19,10:28:21,2,MORIAH
AA0213,27367,52867744,2,PS,990916,10:33:47,10:33:53,6,10:33:53,10:34:02,9,AGENT,10:34:01,10:37:05,184,TOVA
AA0213,27368,0,0,PS,990916,10:43:43,10:43:55,12,0:00:00,0:00:00,0,AGENT,10:43:53,10:43:55,2,MORIAH
AA0213,27369,57918849,1,NE,990916,10:55:41,10:55:47,6,10:55:47,10:55:53,6,AGENT,10:55:52,11:01:39,347,ZOHARI
AA0213,27370,0,0,PS,990916,11:10:42,11:10:55,13,0:00:00,0:00:00,0,AGENT,11:10:55,11:11:26,31,ANAT
AA0213,27371,0,0,PS,990916,11:21:10,11:21:19,9,0:00:00,0:00:00,0,AGENT,11:21:18,11:23:04,106,YIFAT
AA0213,27372,0,0,PS,990916,11:31:33,11:31:46,13,0:00:00,0:00:00,0,AGENT,11:31:45,11:32:39,54,ANAT
AA0213,27373,0,0,PS,990916,11:46:59,11:47:12,13,0:00:00,0:00:00,0,AGENT,11:47:10,11:50:20,190,ANAT
AA0213,27374,0,0,PS,990916,11:58:32,11:58:43,11,0:00:00,0:00:00,0,AGENT,11:58:42,12:01:33,171,YIFAT
AA0213,27375,0,0,PS,990916,12:06:01,12:06:09,8,0:00:00,0:00:00,0,AGENT,12:06:08,12:19:19,791,ZOHARI
AA0213,27376,24903643,1,PS,990916,12:17:41,12:17:47,6,12:17:47,12:20:30,163,AGENT,12:20:29,12:21:36,67,DORIT
AA0213,27377,0,0,PS,990916,12:33:59,12:34:09,10,0:00:00,0:00:00,0,AGENT,12:34:08,12:35:39,91,DORIT
AA0213,27378,0,0,PS,990916,12:51:54,12:52:07,13,0:00:00,0:00:00,0,AGENT,12:52:03,12:54:20,137,ROTH
AA0213,27379,0,0,NW,990916,13:00:45,13:00:59,14,0:00:00,0:00:00,0,HANG,0:00:00,0:00:00,0,NO_SERVER
AA0213,27380,14779,2,NE,990916,13:10:11,13:10:16,5,13:10:16,13:13:23,187,AGENT,13:13:23,13:18:50,327,ZOHARI
AA0213,27381,55476253,2,NE,990916,13:23:07,13:23:13,6,13:23:13,13:25:33,140,AGENT,13:25:33,13:25:36,3,MORIAH
AA0213,27382,71520779,1,NE,990916,13:32:56,13:33:02,6,13:33:02,13:33:54,52,AGENT,13:33:53,13:38:26,273,ANAT
AA0213,27383,0,0,NW,990916,13:42:29,13:42:39,10,13:42:39,13:44:45,126,AGENT,13:44:45,13:47:29,164,MORIAH
AA0213,27384,0,0,PS,990916,13:56:10,13:56:21,11,0:00:00,0:00:00,0,AGENT,13:56:20,14:01:50,330,GOLDIE
AA0213,27385,28673101,1,PS,990916,14:06:29,14:06:35,6,14:06:35,14:09:54,199,AGENT,14:09:52,14:10:50,58,STEREN
AA0213,27386,58638107,2,NE,990916,14:14:58,14:15:04,6,14:15:04,14:16:27,83,AGENT,14:16:26,14:19:06,160,STEREN
AA0213,27387,0,0,PS,990916,14:28:29,14:28:38,9,0:00:00,0:00:00,0,AGENT,14:28:37,14:33:34,297,ZOHARI
AA0213,27388,0,0,NW,990916,14:37:31,14:37:41,10,14:37:41,14:39:48,127,AGENT,14:39:47,14:41:08,81,STEREN
AA0213,27389,63193346,2,PS,990916,14:59:10,14:59:16,6,14:59:16,15:07:54,518,AGENT,15:07:52,15:08:48,56,KAZAV
AA0213,27390,58704610,2,PS,990916,15:13:21,15:13:28,7,15:13:28,15:21:42,494,AGENT,15:21:41,15:23:30,109,DORIT
AA0213,27391,54145529,2,PS,990916,15:28:27,15:28:33,6,15:28:33,15:31:46,193,AGENT,15:31:46,15:35:38,232,STEREN
AA0213,27392,0,0,NW,990916,15:34:56,15:35:05,9,15:35:05,15:35:25,20,HANG,0:00:00,0:00:00,0,NO_SERVER
AA0213,27393,0,0,NW,990916,15:39:37,15:39:46,9,15:39:46,15:42:58,192,HANG,0:00:00,0:00:00,0,NO_SERVER
AA0213,27394,23793540,1,PS,990916,15:51:46,15:51:52,6,15:51:52,15:57:43,351,AGENT,15:57:42,15:58:04,22,STEREN
AA0213,27395,28117505,2,PS,990916,16:06:03,16:06:10,7,16:06:10,16:07:18,68,AGENT,16:07:17,16:08:56,99,STEREN
AA0213,27396,0,0,PS,990916,16:16:40,16:16:50,10,0:00:00,0:00:00,0,AGENT,16:16:49,16:17:51,62,GILI
AA0213,27397,0,0,PS,990916,16:31:44,16:31:53,9,0:00:00,0:00:00,0,AGENT,16:31:52,16:33:13,81,STEREN
AA0213,27398,0,0,PS,990916,16:35:22,16:35:31,9,16:35:31,16:35:33,2,PHANTOM,16:35:33,16:35:35,2,NO_SERVER
AA0213,27399,0,0,NW,990916,16:44:31,16:44:40,9,16:44:40,16:47:10,150,HANG,0:00:00,0:00:00,0,NO_SERVER
AA0213,27400,15906050,1,PS,990916,16:59:31,16:59:36,5,16:59:36,17:00:15,39,HANG,0:00:00,0:00:00,0,NO_SERVER
AA0213,27401,0,0,PS,990916,17:18:00,17:18:11,11,0:00:00,0:00:00,0,AGENT,17:18:10,17:18:51,41,VICKY
AA0213,27402,22814164,2,PS,990916,17:29:13,17:29:19,6,17:29:19,17:29:52,33,AGENT,17:29:51,17:34:04,253,GILI
AA0213,27403,0,0,PS,990916,17:51:47,17:52:12,25,0:00:00,0:00:00,0,AGENT,17:52:11,17:54:03,112,VICKY
AA0213,27404,40716193,1,NE,990916,18:12:51,18:12:56,5,18:12:56,18:13:06,10,AGENT,18:13:05,18:14:51,106,GILI
AA0213,27405,0,0,PS,990916,18:37:32,18:37:44,12,0:00:00,0:00:00,0,AGENT,18:37:44,18:43:24,340,VICKY
AA0213,27406,0,0,PS,990916,19:04:28,19:04:40,12,0:00:00,0:00:00,0,AGENT,19:04:40,19:07:46,186,AVI
AA0213,27407,0,0,PS,990916,19:18:27,19:18:37,10,0:00:00,0:00:00,0,AGENT,19:18:36,19:20:04,88,AVNI
AA0213,27408,0,0,NW,990916,19:37:12,19:37:21,9,19:37:21,19:37:27,6,AGENT,19:37:26,19:38:31,65,STEREN
AA0213,27409,0,0,PS,990916,20:06:18,20:06:33,15,0:00:00,0:00:00,0,AGENT,20:06:32,20:08:25,113,AVI
AA0213,27410,0,0,PS,990916,20:42:06,20:42:14,8,0:00:00,0:00:00,0,AGENT,20:42:14,20:47:56,342,GOLDIE
AA0213,27411,0,0,PS,990916,21:11:50,21:12:04,14,0:00:00,0:00:00,0,AGENT,21:12:03,21:13:10,67,AVI
AA0213,27412,0,0,PS,990916,21:44:43,21:45:00,17,0:00:00,0:00:00,0,AGENT,21:45:00,21:46:21,81,VICKY
AA0213,27413,25556895,1,PS,990916,22:05:52,22:05:58,6,22:05:58,22:11:47,349,AGENT,22:11:46,22:14:18,152,AVI
AA0213,27414,28922383,1,PS,990916,22:28:10,22:28:15,5,22:28:15,22:29:25,70,AGENT,22:29:24,22:30:51,87,VICKY
AA0213,27415,29409281,1,PS,990916,23:02:15,23:02:20,5,23:02:20,23:03:18,58,AGENT,23:03:17,23:04:22,65,VICKY
AA0213,27416,25246380,2,PS,990916,23:48:05,23:48:11,6,23:48:11,23:48:29,18,AGENT,23:48:28,23:50:38,130,GELBER
AA0213,27417,0,0,PS,990917,5:15:52,5:16:15,23,0:00:00,0:00:00,0,HANG,0:00:00,0:00:00,0,NO_SERVER
AA0213,27418,0,0,PS,990917,7:40:02,7:40:14,12,0:00:00,0:00:00,0,AGENT,7:40:13,7:41:13,60,STEREN
AA0213,27419,0,0,NW,990917,8:10:53,8:11:10,17,0:00:00,0:00:00,0,AGENT,8:11:09,8:11:18,9,BENSION
AA0213,27420,0,0,PS,990917,8:27:42,8:27:51,9,0:00:00,0:00:00,0,AGENT,8:27:51,8:29:18,87,MORIAH
AA0213,27421,0,0,NW,990917,8:44:43,8:44:52,9,8:44:52,8:46:56,124,AGENT,8:46:55,8:48:54,119,BENSION
AA0213,27422,56776388,1,PS,990917,8:56:02,8:56:07,5,8:56:07,8:56:23,16,AGENT,8:56:22,8:56:25,3,MORIAH
AA0213,27423,12482634,2,NE,990917,9:08:11,9:08:17,6,9:08:17,9:09:57,100,AGENT,9:09:56,9:32:31,1355,MORIAH
AA0213,27424,7044944,2,PS,990917,9:26:32,9:26:37,5,9:26:37,9:27:11,34,AGENT,9:27:10,9:29:03,113,DORIT
AA0213,27425,5317672,2,PS,990917,9:39:58,9:40:03,5,9:40:03,9:40:58,55,AGENT,9:40:57,9:43:10,133,SHARON
AA0213,27426,0,0,PS,990917,9:52:46,9:53:02,16,0:00:00,0:00:00,0,AGENT,9:53:01,9:53:51,50,BENSION
AA0213,27427,68726413,2,PS,990917,10:04:03,10:04:09,6,10:04:09,10:04:31,22,AGENT,10:04:30,10:06:14,104,SHARON
AA0213,27428,33413659,2,PS,990917,10:16:15,10:16:20,5,10:16:20,10:16:51,31,AGENT,10:16:25,10:20:35,250,STEREN
AA0213,27429,41546904,2,NE,990917,10:35:34,10:35:40,6,10:35:40,10:36:43,63,AGENT,10:36:42,10:37:49,67,BENSION
AA0213,27430,0,0,PS,990917,10:54:48,10:55:06,18,0:00:00,0:00:00,0,AGENT,10:55:05,10:58:52,227,BENSION
AA0213,27431,0,0,PS,990917,11:11:27,11:11:37,10,0:00:00,0:00:00,0,AGENT,11:11:36,11:14:46,190,MORIAH
AA0213,27432,0,0,PS,990917,11:27:56,11:28:07,11,0:00:00,0:00:00,0,AGENT,11:28:06,11:29:25,79,DARMON
AA0213,27433,0,0,PS,990917,11:47:16,11:47:26,10,0:00:00,0:00:00,0,AGENT,11:47:25,11:47:29,4,MORIAH
AA0213,27434,0,0,PS,990917,12:11:23,12:11:35,12,0:00:00,0:00:00,0,AGENT,12:11:34,12:13:10,96,BENSION
AA0213,27435,0,0,PS,990917,12:29:48,12:29:57,9,0:00:00,0:00:00,0,AGENT,12:29:56,12:31:08,72,DORIT
AA0213,27436,0,0,NW,990917,13:00:03,13:00:16,13,0:00:00,0:00:00,0,AGENT,13:00:15,13:01:22,67,SHARON
AA0213,27437,0,0,NW,990917,13:24:57,13:25:08,11,0:00:00,0:00:00,0,AGENT,13:25:08,13:25:12,4,MORIAH
AA0213,27438,0,0,PS,990917,14:05:59,14:06:22,23,0:00:00,0:00:00,0,HANG,0:00:00,0:00:00,0,NO_SERVER
AA0213,27439,0,0,PS,990917,15:03:24,15:03:42,18,0:00:00,0:00:00,0,HANG,0:00:00,0:00:00,0,NO_SERVER
AA0213,27440,0,0,PS,990917,17:23:39,17:24:05,26,0:00:00,0:00:00,0,HANG,0:00:00,0:00:00,0,NO_SERVER
AA0213,27441,0,0,NW,990918,17:59:07,17:59:24,17,0:00:00,0:00:00,0,HANG,0:00:00,0:00:00,0,NO_SERVER
AA0213,27442,0,0,PS,990918,19:50:19,19:50:29,10,0:00:00,0:00:00,0,AGENT,19:50:28,20:00:07,579,ROTH
AA0213,27443,0,0,PS,990918,20:30:19,20:30:30,11,0:00:00,0:00:00,0,AGENT,20:30:29,20:31:29,60,AVI
AA0213,27444,0,0,PS,990918,20:55:53,20:56:02,9,0:00:00,0:00:00,0,AGENT,20:56:01,20:58:47,166,ROTH
AA0213,27445,0,0,PS,990918,21:39:58,21:40:07,9,0:00:00,0:00:00,0,AGENT,21:40:06,21:42:59,173,ROTH
AA0213,27446,0,0,NE,990918,22:10:36,22:10:49,13,0:00:00,0:00:00,0,AGENT,22:10:48,22:12:49,121,AVI
AA0213,27447,0,0,PS,990918,23:10:42,23:10:52,10,0:00:00,0:00:00,0,AGENT,23:10:51,23:22:23,692,AVI
AA0213,27448,0,0,PS,990919,3:10:13,3:10:23,10,0:00:00,0:00:00,0,HANG,0:00:00,0:00:00,0,NO_SERVER
AA0213,27449,0,0,PS,990919,7:31:19,7:31:32,13,0:00:00,0:00:00,0,AGENT,7:31:31,7:32:41,70,TOVA
AA0213,27450,0,0,PS,990919,7:54:36,7:54:48,12,0:00:00,0:00:00,0,AGENT,7:54:47,7:56:22,95,TOVA
AA0213,27451,0,0,NW,990919,8:12:43,8:12:52,9,8:12:52,8:13:28,36,HANG,0:00:00,0:00:00,0,NO_SERVER
AA0213,27452,0,0,PS,990919,8:29:16,8:29:29,13,0:00:00,0:00:00,0,AGENT,8:29:29,8:36:59,450,GILI
AA0213,27453,0,0,NW,990919,8:41:38,8:41:47,9,8:41:47,8:41:52,5,AGENT,8:41:51,8:42:11,20,MORIAH
AA0213,27454,27314913,1,PS,990919,8:53:06,8:53:11,5,8:53:11,8:53:18,7,AGENT,8:53:17,8:56:13,176,YIFAT
AA0213,27455,0,0,PS,990919,9:02:07,9:02:16,9,0:00:00,0:00:00,0,AGENT,9:02:16,9:03:19,63,TOVA
AA0213,27456,0,0,PS,990919,9:20:56,9:21:06,10,0:00:00,0:00:00,0,AGENT,9:21:05,9:22:40,95,ROTH
AA0213,27457,0,0,PS,990919,9:37:42,9:37:55,13,0:00:00,0:00:00,0,AGENT,9:37:53,9:39:15,82,YIFAT
AA0213,27458,0,0,PS,990919,9:52:57,9:53:11,14,0:00:00,0:00:00,0,AGENT,9:53:09,9:54:35,86,TOVA
AA0213,27459,0,0,PS,990919,10:14:16,10:14:26,10,0:00:00,0:00:00,0,AGENT,10:14:25,10:17:03,158,AVNI
AA0213,27460,0,0,PS,990919,10:50:48,10:51:01,13,0:00:00,0:00:00,0,AGENT,10:51:00,10:52:43,103,GILI
AA0213,27461,0,0,PS,990919,11:20:07,11:20:17,10,0:00:00,0:00:00,0,AGENT,11:20:16,11:21:13,57,SHARON
AA0213,27462,0,0,PS,990919,11:50:55,11:51:00,5,0:00:00,0:00:00,0,HANG,0:00:00,0:00:00,0,NO_SERVER
AA0213,27463,0,0,NW,990920,19:14:28,19:14:44,16,0:00:00,0:00:00,0,HANG,0:00:00,0:00:00,0,NO_SERVER
AA0213,27464,0,0,PS,990920,20:51:06,20:51:19,13,0:00:00,0:00:00,0,HANG,0:00:00,0:00:00,0,NO_SERVER
AA0213,27465,0,0,PS,990920,21:29:19,21:29:33,14,0:00:00,0:00:00,0,AGENT,21:29:32,21:30:02,30,SHARON
AA0213,27466,58704610,2,PS,990920,21:54:30,21:54:35,5,21:54:35,21:55:08,33,AGENT,21:55:06,21:56:17,71,DORIT
AA0213,27467,0,0,PS,990920,22:27:51,22:28:01,10,0:00:00,0:00:00,0,AGENT,22:28:00,22:28:50,50,DORIT
AA0213,27468,0,0,PS,990920,22:55:59,22:56:09,10,0:00:00,0:00:00,0,AGENT,22:56:08,23:00:42,274,DORIT
AA0213,27469,0,0,NE,990920,23:34:12,23:34:22,10,0:00:00,0:00:00,0,AGENT,23:34:21,23:40:16,355,ZOHARI
AA0213,27470,0,0,NW,990921,4:17:24,4:18:31,67,0:00:00,0:00:00,0,HANG,0:00:00,0:00:00,0,NO_SERVER
AA0213,27471,0,0,NE,990921,6:53:42,6:53:53,11,0:00:00,0:00:00,0,HANG,0:00:00,0:00:00,0,NO_SERVER
AA0213,27472,0,0,PS,990921,7:28:01,7:28:09,8,0:00:00,0:00:00,0,AGENT,7:28:09,7:31:00,171,MORIAH
AA0213,27473,3816253,2,PS,990921,7:50:01,7:50:06,5,7:50:06,7:51:09,63,AGENT,7:51:08,7:53:25,137,DORIT
AA0213,27474,0,0,NW,990921,8:06:28,8:06:40,12,0:00:00,0:00:00,0,AGENT,8:06:39,8:07:35,56,MORIAH
AA0213,27475,0,0,PS,990921,8:27:35,8:27:46,11,0:00:00,0:00:00,0,AGENT,8:27:45,8:30:53,188,DORIT
AA0213,27476,0,0,NE,990921,8:41:25,8:41:36,11,0:00:00,0:00:00,0,AGENT,8:41:35,8:46:26,291,ELI
AA0213,27477,0,0,PS,990921,8:50:59,8:51:12,13,0:00:00,0:00:00,0,AGENT,8:51:12,8:55:00,228,MORIAH
AA0213,27478,0,0,PS,990921,9:04:42,9:04:52,10,0:00:00,0:00:00,0,AGENT,9:04:51,9:04:55,4,NO_SERVER
AA0213,27479,0,0,PS,990921,9:18:03,9:18:13,10,0:00:00,0:00:00,0,AGENT,9:18:12,9:18:20,8,AVI
AA0213,27480,0,0,NW,990921,9:27:27,9:27:39,12,0:00:00,0:00:00,0,AGENT,9:27:39,9:29:59,140,AVNI
AA0213,27481,0,0,PS,990921,9:38:20,9:38:30,10,0:00:00,0:00:00,0,AGENT,9:38:30,9:38:33,3,NO_SERVER
AA0213,27482,64445208,2,PS,990921,9:47:07,9:47:13,6,9:47:13,9:47:31,18,AGENT,9:47:30,9:59:22,712,BASCH
AA0213,27483,25639188,2,PS,990921,9:52:39,9:52:44,5,9:52:44,9:52:55,11,PHANTOM,9:52:54,9:53:00,6,NO_SERVER
AA0213,27484,56406804,2,PS,990921,9:58:10,9:58:15,5,9:58:15,9:58:48,33,AGENT,9:58:47,9:59:45,58,YIFAT
AA0213,27485,0,0,NW,990921,10:05:44,10:05:54,10,10:05:54,10:06:21,27,AGENT,10:06:20,10:08:17,117,AVNI
AA0213,27486,25087743,1,PS,990921,10:13:17,10:13:23,6,10:13:23,10:14:34,71,AGENT,10:14:33,10:16:12,99,YIFAT
AA0213,27487,0,0,NW,990921,10:19:38,10:19:47,9,10:19:47,10:23:01,194,AGENT,10:22:59,10:23:42,43,AVI
AA0213,27488,0,0,PS,990921,10:32:30,10:32:39,9,0:00:00,0:00:00,0,AGENT,10:32:38,10:35:08,150,KAZAV
AA0213,27489,56727357,2,PS,990921,10:38:49,10:38:54,5,10:38:54,10:40:18,84,AGENT,10:40:16,10:40:58,42,YIFAT
AA0213,27490,65032120,2,PS,990921,10:47:47,10:47:52,5,10:47:52,10:48:25,33,AGENT,10:48:24,10:59:44,680,ROTH
AA0213,27491,0,0,PS,990921,10:56:33,10:56:43,10,0:00:00,0:00:00,0,AGENT,10:56:41,11:01:25,284,AVNI
AA0213,27492,22190029,2,PS,990921,11:02:35,11:02:41,6,11:02:41,11:03:49,68,AGENT,11:03:47,11:05:11,84,DORIT
AA0213,27493,54539366,1,PS,990921,11:13:12,11:13:18,6,11:13:18,11:13:22,4,AGENT,11:13:20,11:14:53,93,MORIAH
AA0213,27494,31386261,1,PS,990921,11:22:18,11:22:24,6,11:22:24,11:22:50,26,PHANTOM,11:22:49,11:22:52,3,NO_SERVER
AA0213,27495,0,0,NE,990921,11:33:11,11:33:21,10,0:00:00,0:00:00,0,AGENT,11:33:20,11:34:33,73,KAZAV
AA0213,27496,0,0,PS,990921,11:45:56,11:46:05,9,0:00:00,0:00:00,0,AGENT,11:46:05,11:46:08,3,MORIAH
AA0213,27497,0,0,NE,990921,11:52:02,11:52:11,9,0:00:00,0:00:00,0,AGENT,11:52:10,11:52:44,34,ANAT
AA0213,27498,0,0,PS,990921,12:04:58,12:05:07,9,0:00:00,0:00:00,0,AGENT,12:05:07,12:05:59,52,ROTH
AA0213,27499,6692800,2,PS,990921,12:14:21,12:14:26,5,12:14:26,12:15:15,49,AGENT,12:15:13,12:16:15,62,ANAT
AA0213,27500,0,0,PS,990921,12:27:46,12:27:56,10,0:00:00,0:00:00,0,AGENT,12:27:55,12:29:40,105,AVNI
AA0213,27501,0,0,NW,990921,12:38:45,12:39:01,16,0:00:00,0:00:00,0,AGENT,12:39:00,12:39:43,43,AVI
AA0213,27502,0,0,PS,990921,12:54:09,12:54:20,11,0:00:00,0:00:00,0,AGENT,12:54:19,12:54:21,2,ANAT
AA0213,27503,10858884,2,NE,990921,13:06:14,13:06:19,5,13:06:19,13:06:52,33,AGENT,13:06:50,13:14:27,457,MORIAH
AA0213,27504,0,0,PS,990921,13:21:05,13:21:17,12,0:00:00,0:00:00,0,AGENT,13:21:16,13:22:05,49,ANAT
AA0213,27505,25022625,2,PS,990921,13:32:20,13:32:25,5,13:32:25,13:33:07,42,HANG,0:00:00,0:00:00,0,NO_SERVER
AA0213,27506,34953836,1,PS,990921,13:40:18,13:40:23,5,13:40:23,13:40:32,9,HANG,0:00:00,0:00:00,0,NO_SERVER
AA0213,27507,58029620,2,PS,990921,13:46:18,13:46:24,6,13:46:24,13:48:00,96,AGENT,13:47:58,13:58:50,652,KAZAV
AA0213,27508,57074585,2,PS,990921,13:55:44,13:55:50,6,13:55:50,13:55:58,8,AGENT,13:55:57,13:57:46,109,YIFAT
AA0213,27509,0,0,NE,990921,14:05:30,14:05:41,11,0:00:00,0:00:00,0,AGENT,14:05:40,14:10:42,302,BASCH
AA0213,27510,0,0,PS,990921,14:17:07,14:17:16,9,0:00:00,0:00:00,0,AGENT,14:17:15,14:18:17,62,BASCH
AA0213,27511,0,0,PS,990921,14:28:52,14:29:07,15,0:00:00,0:00:00,0,AGENT,14:29:07,14:30:33,86,TOVA
AA0213,27512,0,0,PS,990921,14:44:06,14:44:15,9,0:00:00,0:00:00,0,AGENT,14:44:15,14:44:24,9,VICKY
AA0213,27513,0,0,PS,990921,14:56:08,14:56:17,9,0:00:00,0:00:00,0,AGENT,14:56:16,14:59:20,184,BASCH
AA0213,27514,0,0,NW,990921,15:08:55,15:09:04,9,15:09:04,15:09:08,4,HANG,0:00:00,0:00:00,0,NO_SERVER
AA0213,27515,27324128,1,PS,990921,15:18:04,15:18:10,6,15:18:10,15:18:59,49,AGENT,15:18:59,15:21:12,133,TOVA
AA0213,27516,0,0,PS,990921,15:29:17,15:29:25,8,0:00:00,0:00:00,0,AGENT,15:29:25,15:41:05,700,ZOHARI
AA0213,27517,14504765,2,PS,990921,15:36:44,15:36:50,6,15:36:50,15:37:11,21,AGENT,15:37:10,15:43:41,391,TOVA
AA0213,27518,0,0,NW,990921,15:48:42,15:48:51,9,15:48:51,15:49:10,19,HANG,0:00:00,0:00:00,0,NO_SERVER
AA0213,27519,0,0,PS,990921,16:00:18,16:00:27,9,0:00:00,0:00:00,0,AGENT,16:00:26,16:06:23,357,AVNI
AA0213,27520,13089362,2,PS,990921,16:07:08,16:07:14,6,16:07:14,16:07:18,4,HANG,0:00:00,0:00:00,0,NO_SERVER
AA0213,27521,0,0,PS,990921,16:18:23,16:18:32,9,0:00:00,0:00:00,0,AGENT,16:18:31,16:20:27,116,STEREN
AA0213,27522,0,0,PS,990921,16:28:57,16:29:06,9,0:00:00,0:00:00,0,AGENT,16:29:06,16:31:28,142,STEREN
AA0213,27523,0,0,PS,990921,16:39:49,16:39:58,9,0:00:00,0:00:00,0,AGENT,16:39:57,16:44:57,300,STEREN
AA0213,27524,0,0,PS,990921,16:59:24,16:59:37,13,0:00:00,0:00:00,0,AGENT,16:59:36,17:00:57,81,STEREN
AA0213,27525,0,0,PS,990921,17:14:01,17:14:10,9,0:00:00,0:00:00,0,AGENT,17:14:09,17:15:03,54,VICKY
AA0213,27526,0,0,PS,990921,17:32:55,17:33:08,13,0:00:00,0:00:00,0,AGENT,17:33:07,17:33:41,34,VICKY
AA0213,27527,0,0,NW,990921,17:54:30,17:54:45,15,0:00:00,0:00:00,0,AGENT,17:54:43,17:56:34,111,YITZ
AA0213,27528,0,0,PS,990921,18:10:45,18:10:58,13,0:00:00,0:00:00,0,AGENT,18:10:56,18:11:49,53,VICKY
AA0213,27529,0,0,PS,990921,18:29:04,18:29:23,19,0:00:00,0:00:00,0,AGENT,18:29:16,18:33:06,230,TOVA
AA0213,27530,0,0,PS,990921,18:51:14,18:51:22,8,0:00:00,0:00:00,0,AGENT,18:51:21,18:54:10,169,YITZ
AA0213,27531,58859752,2,PS,990921,19:11:07,19:11:13,6,19:11:13,19:11:29,16,AGENT,19:11:28,19:12:30,62,VICKY
AA0213,27532,58704610,2,PS,990921,19:38:33,19:38:39,6,19:38:39,19:41:23,164,AGENT,19:41:22,19:41:25,3,TOVA
AA0213,27533,0,0,PS,990921,19:53:03,19:53:13,10,0:00:00,0:00:00,0,AGENT,19:53:12,20:02:42,570,YITZ
AA0213,27534,0,0,PS,990921,20:23:47,20:23:57,10,0:00:00,0:00:00,0,AGENT,20:23:55,20:25:36,101,GOLDIE
AA0213,27535,0,0,PS,990921,20:41:06,20:41:17,11,0:00:00,0:00:00,0,AGENT,20:41:17,20:41:23,6,NO_SERVER
AA0213,27536,0,0,PS,990921,21:03:28,21:03:41,13,0:00:00,0:00:00,0,AGENT,21:03:40,21:03:40,0,VICKY
AA0213,27537,0,0,PS,990921,21:16:37,21:16:49,12,0:00:00,0:00:00,0,AGENT,21:16:49,21:18:55,126,TOVA
AA0213,27538,3374691,2,PS,990921,21:39:46,21:39:52,6,21:39:52,21:40:14,22,AGENT,21:40:13,21:41:34,81,YITZ
AA0213,27539,0,0,NE,990921,21:59:18,21:59:28,10,0:00:00,0:00:00,0,AGENT,21:59:27,21:59:29,2,TOVA
AA0213,27540,10634848,1,NE,990921,22:21:43,22:21:49,6,22:21:49,22:22:17,28,AGENT,22:22:16,22:24:15,119,ZOHARI
AA0213,27541,0,0,PS,990921,22:51:50,22:52:03,13,0:00:00,0:00:00,0,AGENT,22:52:03,22:53:12,69,BENSION
AA0213,27542,0,0,NW,990921,23:15:24,23:15:38,14,0:00:00,0:00:00,0,AGENT,23:15:37,23:19:31,234,BENSION
AA0213,27543,29503323,1,PS,990921,23:46:08,23:46:13,5,23:46:13,23:50:23,250,AGENT,23:50:23,23:53:08,165,YITZ
AA0213,27544,0,0,PS,990922,6:57:42,6:57:55,13,0:00:00,0:00:00,0,AGENT,6:57:54,7:02:17,263,VICKY
AA0213,27545,23653512,1,PS,990922,7:29:38,7:29:43,5,7:29:43,7:29:54,11,AGENT,7:29:52,7:30:41,49,TOVA
AA0213,27546,0,0,PS,990922,7:52:07,7:52:19,12,0:00:00,0:00:00,0,AGENT,7:52:18,7:54:01,103,VICKY
AA0213,27547,0,0,NW,990922,8:11:27,8:11:40,13,0:00:00,0:00:00,0,AGENT,8:11:40,8:12:40,60,ROTH
AA0213,27548,0,0,PS,990922,8:27:44,8:27:54,10,0:00:00,0:00:00,0,AGENT,8:27:53,8:28:53,60,KAZAV
AA0213,27549,0,0,NW,990922,8:41:37,8:41:56,19,0:00:00,0:00:00,0,AGENT,8:41:55,8:43:18,83,GOLDIE
AA0213,27550,28104354,1,PS,990922,8:54:56,8:55:02,6,8:55:02,8:55:20,18,AGENT,8:55:18,8:57:25,127,YIFAT
AA0213,27551,28104354,1,PS,990922,9:04:40,9:04:46,6,9:04:46,9:05:59,73,AGENT,9:05:58,9:06:35,37,TOVA
AA0213,27552,0,0,PS,990922,9:13:57,9:14:10,13,0:00:00,0:00:00,0,AGENT,9:14:10,9:15:08,58,VICKY
AA0213,27553,57047615,1,PS,990922,9:21:28,9:21:33,5,9:21:33,9:23:36,123,AGENT,9:23:35,9:23:42,7,YIFAT
AA0213,27554,0,0,NW,990922,9:36:07,9:36:20,13,0:00:00,0:00:00,0,AGENT,9:36:19,9:38:44,145,GOLDIE
AA0213,27555,0,0,PS,990922,9:45:27,9:45:36,9,0:00:00,0:00:00,0,AGENT,9:45:36,9:48:33,177,KAZAV
AA0213,27556,50347749,1,NE,990922,9:53:25,9:53:31,6,9:53:31,9:53:46,15,AGENT,9:53:45,10:15:13,1288,STEREN
AA0213,27557,0,0,PS,990922,10:04:25,10:04:38,13,0:00:00,0:00:00,0,AGENT,10:04:38,10:05:14,36,VICKY
AA0213,27558,0,0,PS,990922,10:11:48,10:11:57,9,0:00:00,0:00:00,0,AGENT,10:11:56,10:12:40,44,VICKY
AA0213,27559,0,0,NW,990922,10:20:36,10:20:52,16,0:00:00,0:00:00,0,AGENT,10:20:50,10:27:30,400,YIFAT
AA0213,27560,0,0,NW,990922,10:27:37,10:27:47,10,10:27:47,10:28:32,45,HANG,0:00:00,0:00:00,0,NO_SERVER
AA0213,27561,1574243,2,NE,990922,10:33:32,10:33:38,6,10:33:38,10:33:40,2,HANG,0:00:00,0:00:00,0,NO_SERVER
AA0213,27562,58040718,1,PS,990922,10:41:37,10:41:42,5,10:41:42,10:41:50,8,AGENT,10:41:49,10:42:56,67,VICKY
AA0213,27563,0,0,PS,990922,10:51:10,10:51:28,18,0:00:00,0:00:00,0,AGENT,10:51:27,10:54:33,186,GOLDIE
AA0213,27564,0,0,NW,990922,10:58:46,10:58:55,9,10:58:55,10:59:48,53,AGENT,10:59:46,11:00:47,61,VICKY
AA0213,27565,0,0,PS,990922,11:06:34,11:16:43,609,0:00:00,0:00:00,0,HANG,0:00:00,0:00:00,0,NO_SERVER
AA0213,27566,25499047,2,PS,990922,11:27:06,11:27:12,6,11:27:12,11:29:52,160,AGENT,11:29:52,11:32:48,176,ZOHARI
AA0213,27567,22407019,2,PS,990922,11:37:12,11:37:18,6,11:37:18,11:37:49,31,AGENT,11:37:48,11:42:29,281,ZOHARI
AA0213,27568,63730469,1,PS,990922,11:46:25,11:46:31,6,11:46:31,11:47:58,87,AGENT,11:47:57,11:48:48,51,YIFAT
AA0213,27569,0,0,PS,990922,11:55:10,11:55:18,8,0:00:00,0:00:00,0,AGENT,11:55:17,11:57:22,125,STEREN
AA0213,27570,0,0,PS,990922,12:06:02,12:06:12,10,0:00:00,0:00:00,0,AGENT,12:06:11,12:08:24,133,AVNI
AA0213,27571,0,0,PS,990922,12:16:57,12:17:09,12,0:00:00,0:00:00,0,AGENT,12:17:08,12:17:17,9,VICKY
AA0213,27572,52867744,2,PS,990922,12:30:24,12:30:29,5,12:30:29,12:30:59,30,AGENT,12:30:59,12:34:11,192,VICKY
AA0213,27573,0,0,PS,990922,12:45:42,12:45:51,9,0:00:00,0:00:00,0,AGENT,12:45:51,12:53:28,457,TOVA
AA0213,27574,54128681,2,PS,990922,12:59:01,12:59:08,7,12:59:08,12:59:23,15,AGENT,12:59:21,13:03:07,226,TOVA
AA0213,27575,0,0,NE,990922,13:12:55,13:13:04,9,0:00:00,0:00:00,0,AGENT,13:13:03,13:15:22,139,TOVA
AA0213,27576,0,0,PS,990922,13:27:14,13:27:23,9,0:00:00,0:00:00,0,AGENT,13:27:22,13:29:07,105,ROTH
AA0213,27577,0,0,PS,990922,13:43:04,13:43:13,9,0:00:00,0:00:00,0,AGENT,13:43:12,13:44:39,87,STEREN
AA0213,27578,0,0,PS,990922,13:56:17,13:56:27,10,0:00:00,0:00:00,0,AGENT,13:56:27,14:00:46,259,ROTH
AA0213,27579,0,0,PS,990922,14:12:59,14:13:12,13,0:00:00,0:00:00,0,AGENT,14:13:12,14:15:14,122,YIFAT
AA0213,27580,0,0,PS,990922,14:23:22,14:23:32,10,0:00:00,0:00:00,0,AGENT,14:23:31,14:26:18,167,KAZAV
AA0213,27581,0,0,NW,990922,14:40:13,14:40:26,13,0:00:00,0:00:00,0,AGENT,14:40:25,14:40:31,6,NO_SERVER
AA0213,27582,0,0,PS,990922,14:51:31,14:51:42,11,0:00:00,0:00:00,0,AGENT,14:51:41,14:52:31,50,YIFAT
AA0213,27583,1574243,2,NE,990922,15:01:04,15:01:10,6,15:01:10,15:01:36,26,AGENT,15:01:35,15:01:37,2,MORIAH
AA0213,27584,0,0,PS,990922,15:12:44,15:12:54,10,0:00:00,0:00:00,0,AGENT,15:12:53,15:18:13,320,ROTH
AA0213,27585,52867744,2,PS,990922,15:21:00,15:21:06,6,15:21:06,15:21:11,5,AGENT,15:21:11,15:25:56,285,AVNI
AA0213,27586,0,0,PS,990922,15:30:21,15:30:30,9,0:00:00,0:00:00,0,AGENT,15:30:30,15:32:36,126,KAZAV
AA0213,27587,0,0,PS,990922,15:37:25,15:37:34,9,0:00:00,0:00:00,0,AGENT,15:37:34,15:38:08,34,YITZ
AA0213,27588,0,0,PS,990922,15:46:34,15:46:42,8,0:00:00,0:00:00,0,AGENT,15:46:42,15:59:54,792,AVNI
AA0213,27589,0,0,NW,990922,16:09:54,16:10:10,16,0:00:00,0:00:00,0,AGENT,16:10:09,16:12:57,168,BENSION
AA0213,27590,0,0,PS,990922,16:20:49,16:20:59,10,0:00:00,0:00:00,0,AGENT,16:20:58,16:22:17,79,DORIT
AA0213,27591,0,0,PS,990922,16:29:30,16:29:41,11,0:00:00,0:00:00,0,AGENT,16:29:39,16:32:27,168,STEREN
AA0213,27592,0,0,PS,990922,16:50:02,16:50:15,13,0:00:00,0:00:00,0,AGENT,16:50:14,16:51:01,47,DORIT
AA0213,27593,0,0,NE,990922,16:59:31,16:59:41,10,0:00:00,0:00:00,0,AGENT,16:59:40,17:02:02,142,AVI
AA0213,27594,0,0,PS,990922,17:17:29,17:17:39,10,0:00:00,0:00:00,0,AGENT,17:17:38,17:18:22,44,DORIT
AA0213,27595,0,0,PS,990922,17:41:24,17:41:37,13,0:00:00,0:00:00,0,AGENT,17:41:36,17:43:54,138,SHARON
AA0213,27596,0,0,PS,990922,18:02:01,18:02:20,19,0:00:00,0:00:00,0,AGENT,18:02:19,18:04:03,104,BENSION
AA0213,27597,0,0,PS,990922,18:20:31,18:20:43,12,0:00:00,0:00:00,0,AGENT,18:20:43,18:21:22,39,SHARON
AA0213,27598,0,0,NE,990922,18:37:32,18:37:42,10,0:00:00,0:00:00,0,AGENT,18:37:41,18:41:08,207,MEIR
AA0213,27599,0,0,NE,990922,19:05:53,19:06:08,15,0:00:00,0:00:00,0,AGENT,19:06:07,19:12:21,374,BASCH
AA0213,27600,0,0,PS,990922,19:32:55,19:33:06,11,0:00:00,0:00:00,0,AGENT,19:33:06,19:34:20,74,DORIT
AA0213,27601,0,0,PS,990922,19:52:12,19:52:24,12,0:00:00,0:00:00,0,AGENT,19:52:24,19:55:35,191,ANAT
AA0213,27602,0,0,PS,990922,20:17:59,20:18:18,19,0:00:00,0:00:00,0,AGENT,20:18:17,20:19:24,67,MEIR
AA0213,27603,0,0,PS,990922,20:48:01,20:48:10,9,0:00:00,0:00:00,0,AGENT,20:48:09,21:01:47,818,AVI
AA0213,27604,0,0,PS,990922,21:16:34,21:16:45,11,0:00:00,0:00:00,0,AGENT,21:16:44,21:18:00,76,AVI
AA0213,27605,0,0,NE,990922,21:39:55,21:40:04,9,0:00:00,0:00:00,0,AGENT,21:40:03,21:47:03,420,MORIAH
AA0213,27606,0,0,PS,990922,22:07:25,22:07:39,14,0:00:00,0:00:00,0,AGENT,22:07:38,22:08:36,58,AVI
AA0213,27607,0,0,PS,990922,22:33:51,22:34:02,11,0:00:00,0:00:00,0,AGENT,22:34:01,22:36:31,150,AVI
AA0213,27608,0,0,PS,990922,23:11:40,23:11:50,10,0:00:00,0:00:00,0,AGENT,23:11:49,23:15:27,218,SHARON
AA0213,27609,0,0,NE,990922,23:48:56,23:49:12,16,0:00:00,0:00:00,0,AGENT,23:49:11,23:49:54,43,SHARON
AA0213,27610,0,0,NE,990923,7:05:10,7:05:20,10,0:00:00,0:00:00,0,AGENT,7:05:19,7:10:39,320,TOVA
AA0213,27611,12143772,1,PS,990923,7:39:10,7:39:16,6,7:39:16,7:39:26,10,AGENT,7:39:25,7:41:06,101,VICKY
AA0213,27612,0,0,PS,990923,8:03:50,8:03:59,9,0:00:00,0:00:00,0,AGENT,8:03:58,8:13:30,572,BASCH
AA0213,27613,0,0,PS,990923,8:25:14,8:25:26,12,0:00:00,0:00:00,0,AGENT,8:25:25,8:27:20,115,BASCH
AA0213,27614,0,0,PS,990923,8:38:44,8:38:53,9,0:00:00,0:00:00,0,AGENT,8:38:51,8:39:42,51,DORIT
AA0213,27615,0,0,PS,990923,8:51:31,8:51:41,10,0:00:00,0:00:00,0,AGENT,8:51:40,8:57:31,351,AVI
AA0213,27616,38388948,2,PS,990923,9:03:23,9:03:29,6,9:03:29,9:03:47,18,AGENT,9:03:46,9:06:23,157,BASCH
AA0213,27617,3968047,2,PS,990923,9:13:48,9:13:54,6,9:13:54,9:14:38,44,AGENT,9:14:38,9:19:10,272,BASCH
AA0213,27618,27885011,2,PS,990923,9:25:05,9:25:10,5,9:25:10,9:25:33,23,AGENT,9:25:32,9:26:56,84,ANAT
AA0213,27619,0,0,NW,990923,9:38:12,9:38:24,12,0:00:00,0:00:00,0,AGENT,9:38:23,9:39:25,62,ANAT
AA0213,27620,40716193,1,NE,990923,9:46:54,9:47:00,6,9:47:00,9:50:26,206,AGENT,9:50:26,9:52:40,134,TOVA
AA0213,27621,0,0,NW,990923,9:57:14,9:57:23,9,9:57:23,9:58:56,93,AGENT,9:58:55,9:59:30,35,AVI
AA0213,27622,13000567,2,PS,990923,10:06:46,10:06:52,6,10:06:52,10:07:43,51,AGENT,10:07:42,10:08:57,75,DORIT
AA0213,27623,1574243,2,NE,990923,10:14:30,10:14:36,6,10:14:36,10:14:46,10,AGENT,10:14:44,10:17:19,155,VICKY
AA0213,27624,49996945,2,PS,990923,10:21:19,10:21:25,6,10:21:25,10:21:59,34,AGENT,10:21:57,10:24:17,140,DORIT
AA0213,27625,0,0,PS,990923,10:28:25,10:28:33,8,0:00:00,0:00:00,0,AGENT,10:28:32,10:29:10,38,AVI
AA0213,27626,1187707,2,PS,990923,10:34:15,10:34:20,5,10:34:20,10:35:17,57,AGENT,10:35:16,10:36:50,94,DORIT
AA0213,27627,0,0,PS,990923,10:43:42,10:43:52,10,0:00:00,0:00:00,0,AGENT,10:43:52,10:43:54,2,TOVA
AA0213,27628,0,0,NE,990923,10:50:17,10:50:30,13,0:00:00,0:00:00,0,AGENT,10:50:29,10:52:41,132,ELI
AA0213,27629,55476253,2,NE,990923,10:57:50,10:57:56,6,10:57:56,10:59:20,84,AGENT,10:59:20,10:59:29,9,AVI
AA0213,27630,57074585,2,PS,990923,11:06:21,11:06:27,6,11:06:27,11:06:39,12,AGENT,11:06:38,11:08:02,84,AVI
AA0213,27631,0,0,PS,990923,11:16:14,11:16:24,10,0:00:00,0:00:00,0,AGENT,11:16:23,11:19:51,208,TOVA
AA0213,27632,65032120,2,NE,990923,11:26:30,11:26:36,6,11:26:36,11:27:28,52,AGENT,11:27:27,11:45:22,1075,TOVA
AA0213,27633,316690981,2,PS,990923,11:35:03,11:35:09,6,11:35:09,11:35:31,22,AGENT,11:35:30,11:36:43,73,DORIT
AA0213,27634,9085838,1,PS,990923,11:44:38,11:44:44,6,11:44:44,11:45:53,69,AGENT,11:45:52,11:47:07,75,ANAT
AA0213,27635,0,0,PS,990923,12:01:10,12:01:23,13,0:00:00,0:00:00,0,AGENT,12:01:22,12:03:27,125,ANAT
AA0213,27636,0,0,PS,990923,12:11:34,12:11:47,13,0:00:00,0:00:00,0,AGENT,12:11:46,12:20:51,545,DORIT
AA0213,27637,0,0,PS,990923,12:21:29,12:21:45,16,0:00:00,0:00:00,0,AGENT,12:21:44,12:25:45,241,ANAT
AA0213,27638,0,0,PS,990923,12:41:34,12:41:46,12,0:00:00,0:00:00,0,AGENT,12:41:45,12:43:11,86,TOVA
AA0213,27639,0,0,PS,990923,12:54:40,12:54:49,9,0:00:00,0:00:00,0,AGENT,12:54:48,13:02:10,442,YIFAT
AA0213,27640,0,0,PS,990923,13:09:42,13:09:53,11,0:00:00,0:00:00,0,AGENT,13:09:52,13:10:45,53,BASCH
AA0213,27641,0,0,PS,990923,13:20:23,13:20:36,13,0:00:00,0:00:00,0,AGENT,13:20:35,13:21:02,27,ANAT
AA0213,27642,57074585,2,PS,990923,13:37:17,13:37:23,6,13:37:23,13:37:33,10,AGENT,13:37:33,13:39:01,88,DORIT
AA0213,27643,74780917,2,NE,990923,13:49:05,13:49:10,5,13:49:10,13:51:17,127,AGENT,13:51:16,13:51:18,2,ANAT
AA0213,27644,0,0,NW,990923,13:59:19,13:59:29,10,13:59:29,13:59:43,14,HANG,0:00:00,0:00:00,0,NO_SERVER
AA0213,27645,0,0,NE,990923,14:11:22,14:11:33,11,0:00:00,0:00:00,0,AGENT,14:11:32,14:15:04,212,ELI
AA0213,27646,31107923,1,PS,990923,14:21:27,14:21:33,6,14:21:33,14:21:54,21,AGENT,14:21:53,14:23:36,103,AVI
AA0213,27647,0,0,NW,990923,14:37:55,14:38:04,9,14:38:04,14:40:57,173,HANG,0:00:00,0:00:00,0,NO_SERVER
AA0213,27648,0,0,PS,990923,14:55:57,14:56:10,13,0:00:00,0:00:00,0,AGENT,14:56:09,15:05:42,573,YIFAT
AA0213,27649,57831356,2,NE,990923,15:12:29,15:12:35,6,15:12:35,15:14:39,124,AGENT,15:14:38,15:14:57,19,DORIT
AA0213,27650,0,0,PS,990923,15:28:19,15:28:35,16,0:00:00,0:00:00,0,AGENT,15:28:34,15:29:52,78,BASCH
AA0213,27651,54128681,2,PS,990923,15:40:23,15:40:29,6,15:40:29,15:41:42,73,AGENT,15:41:41,15:44:32,171,AVI
AA0213,27652,25105115,1,PS,990923,15:59:12,15:59:18,6,15:59:18,16:01:35,137,PHANTOM,16:01:34,16:01:37,3,NO_SERVER
AA0213,27653,0,0,PS,990923,16:17:16,16:17:26,10,0:00:00,0:00:00,0,AGENT,16:17:25,16:20:11,166,AVNI
AA0213,27654,0,0,NE,990923,16:31:06,16:31:15,9,0:00:00,0:00:00,0,AGENT,16:31:14,16:34:45,211,ZOHARI
AA0213,27655,23039415,2,PS,990923,16:55:28,16:55:34,6,16:55:34,16:56:07,33,AGENT,16:56:06,16:57:14,68,AVNI
AA0213,27656,42672089,2,PS,990923,17:10:40,17:10:45,5,17:10:45,17:11:58,73,AGENT,17:11:57,17:21:48,591,STEREN
AA0213,27657,0,0,NW,990923,17:36:14,17:36:30,16,0:00:00,0:00:00,0,AGENT,17:36:29,17:37:14,45,YITZ
AA0213,27658,0,0,PS,990923,17:58:40,17:58:50,10,0:00:00,0:00:00,0,AGENT,17:58:49,18:03:02,253,AVNI
AA0213,27659,0,0,PS,990923,18:29:42,18:29:51,9,0:00:00,0:00:00,0,AGENT,18:29:50,18:31:41,111,DARMON
AA0213,27660,0,0,NE,990923,18:52:42,18:52:51,9,0:00:00,0:00:00,0,AGENT,18:52:51,19:03:00,609,STEREN
AA0213,27661,0,0,PS,990923,19:21:49,19:22:05,16,0:00:00,0:00:00,0,AGENT,19:22:05,19:28:32,387,SHARON
AA0213,27662,0,0,NE,990923,19:48:25,19:48:35,10,0:00:00,0:00:00,0,AGENT,19:48:34,19:50:24,110,GILI
AA0213,27663,0,0,NW,990923,20:12:15,20:12:29,14,0:00:00,0:00:00,0,AGENT,20:12:29,20:14:14,105,YITZ
AA0213,27664,0,0,PS,990923,21:02:05,21:02:17,12,0:00:00,0:00:00,0,AGENT,21:02:16,21:03:27,71,GILI
AA0213,27665,0,0,PS,990923,21:53:46,21:54:05,19,0:00:00,0:00:00,0,AGENT,21:54:05,21:56:20,135,MEIR
AA0213,27666,0,0,NE,990923,22:22:27,22:22:38,11,0:00:00,0:00:00,0,AGENT,22:22:37,22:23:33,56,ZOHARI
AA0213,27667,0,0,PS,990923,23:14:45,23:14:58,13,0:00:00,0:00:00,0,AGENT,23:14:57,23:16:04,67,SHARON
AA0213,27668,53318796,2,PS,990923,23:49:28,23:49:34,6,23:49:34,23:51:19,105,AGENT,23:51:18,23:53:48,150,SHARON
AA0213,27669,0,0,PS,990924,7:25:39,7:25:54,15,0:00:00,0:00:00,0,AGENT,7:25:53,7:27:43,110,ELI
AA0213,27670,0,0,PS,990924,8:03:16,8:03:30,14,0:00:00,0:00:00,0,AGENT,8:03:30,8:04:38,68,ANAT
AA0213,27671,0,0,NW,990924,8:31:38,8:31:58,20,0:00:00,0:00:00,0,AGENT,8:31:57,8:32:13,16,SHARON
AA0213,27672,56765985,2,PS,990924,8:49:46,8:49:52,6,8:49:52,8:51:06,74,AGENT,8:51:05,8:51:38,33,BASCH
AA0213,27673,0,0,NW,990924,9:12:46,9:12:59,13,0:00:00,0:00:00,0,AGENT,9:12:58,9:17:45,287,SHARON
AA0213,27674,24806440,1,PS,990924,9:36:33,9:36:38,5,9:36:38,9:38:23,105,AGENT,9:38:22,9:41:00,158,SHARON
AA0213,27675,24333940,2,PS,990924,9:49:55,9:50:01,6,9:50:01,9:51:06,65,HANG,0:00:00,0:00:00,0,NO_SERVER
AA0213,27676,0,0,PS,990924,10:09:05,10:09:14,9,0:00:00,0:00:00,0,AGENT,10:09:14,10:11:23,129,SHARON
AA0213,27677,0,0,PS,990924,10:29:59,10:30:12,13,0:00:00,0:00:00,0,AGENT,10:30:12,10:31:17,65,BASCH
AA0213,27678,306655705,1,PS,990924,10:48:19,10:48:24,5,10:48:24,10:48:45,21,AGENT,10:48:44,10:51:10,146,SHARON
AA0213,27679,52583986,2,PS,990924,11:00:40,11:00:46,6,11:00:46,11:01:16,30,AGENT,11:01:15,11:01:56,41,SHARON
AA0213,27680,0,0,PS,990924,11:13:49,11:13:58,9,0:00:00,0:00:00,0,AGENT,11:13:58,11:15:55,117,BASCH
AA0213,27681,0,0,PS,990924,11:56:35,11:56:45,10,0:00:00,0:00:00,0,AGENT,11:56:44,11:57:21,37,SHARON
AA0213,27682,51642247,2,PS,990924,12:11:40,12:11:46,6,12:11:46,12:11:51,5,AGENT,12:11:50,12:14:24,154,DORIT
AA0213,27683,0,0,PS,990924,12:33:28,12:33:37,9,0:00:00,0:00:00,0,AGENT,12:33:36,12:47:20,824,ELI
AA0213,27684,0,0,PS,990924,12:59:35,12:59:49,14,0:00:00,0:00:00,0,AGENT,12:59:48,13:01:09,81,SHARON
AA0213,27685,0,0,NW,990924,13:35:58,13:36:13,15,0:00:00,0:00:00,0,AGENT,13:36:12,13:36:44,32,SHARON
AA0213,27686,0,0,PS,990924,14:42:10,14:42:25,15,0:00:00,0:00:00,0,HANG,0:00:00,0:00:00,0,NO_SERVER
AA0213,27687,0,0,NW,990924,16:50:26,16:50:48,22,0:00:00,0:00:00,0,HANG,0:00:00,0:00:00,0,NO_SERVER
AA0213,27688,0,0,NE,990925,19:28:38,19:28:48,10,0:00:00,0:00:00,0,HANG,0:00:00,0:00:00,0,NO_SERVER
AA0213,27689,38610499,1,PS,990925,20:27:28,20:27:34,6,20:27:34,20:27:39,5,HANG,0:00:00,0:00:00,0,NO_SERVER
AA0213,27690,0,0,PS,990925,21:20:29,21:20:38,9,0:00:00,0:00:00,0,AGENT,21:20:37,21:22:41,124,BASCH
AA0213,27691,0,0,PS,990925,22:20:02,22:20:16,14,0:00:00,0:00:00,0,AGENT,22:20:16,22:25:45,329,AVI
AA0213,27692,0,0,PS,990925,23:38:10,23:38:24,14,0:00:00,0:00:00,0,AGENT,23:38:23,23:39:55,92,AVI
AA0213,27693,0,0,NW,990926,7:38:44,7:38:58,14,0:00:00,0:00:00,0,AGENT,7:38:57,7:39:24,27,YIFAT
AA0213,27694,304673403,2,PS,990926,8:15:21,8:15:27,6,8:15:27,8:15:34,7,AGENT,8:15:33,8:33:06,1053,DORIT
AA0213,27695,0,0,PS,990926,8:43:42,8:43:50,8,0:00:00,0:00:00,0,AGENT,8:43:49,8:44:37,48,DORIT
AA0213,27696,0,0,PS,990926,9:04:56,9:05:07,11,0:00:00,0:00:00,0,AGENT,9:05:05,9:07:15,130,YITZ
AA0213,27697,0,0,PS,990926,9:19:24,9:19:33,9,0:00:00,0:00:00,0,AGENT,9:19:33,9:21:46,133,DORIT
AA0213,27698,1161660,2,PS,990926,9:31:20,9:31:25,5,9:31:25,9:31:37,12,AGENT,9:31:36,9:33:25,109,VICKY
AA0213,27699,0,0,PS,990926,9:45:25,9:45:38,13,0:00:00,0:00:00,0,AGENT,9:45:36,9:46:02,26,YIFAT
AA0213,27700,29068244,2,PS,990926,9:53:47,9:53:53,6,9:53:53,9:55:29,96,AGENT,9:55:27,9:58:11,164,ZOHARI
AA0213,27701,0,0,PS,990926,10:07:53,10:08:04,11,0:00:00,0:00:00,0,AGENT,10:08:03,10:10:32,149,YITZ
AA0213,27702,0,0,PS,990926,10:20:09,10:20:17,8,0:00:00,0:00:00,0,AGENT,10:20:16,10:22:53,157,VICKY
AA0213,27703,0,0,PS,990926,10:34:53,10:35:03,10,0:00:00,0:00:00,0,AGENT,10:35:01,10:38:57,236,YITZ
AA0213,27704,0,0,PS,990926,10:50:19,10:50:27,8,0:00:00,0:00:00,0,AGENT,10:50:27,10:52:40,133,DORIT
AA0213,27705,0,0,NW,990926,10:58:19,10:58:27,8,10:58:27,11:02:32,245,AGENT,11:02:31,11:02:54,23,PINHAS
AA0213,27706,0,0,PS,990926,11:12:59,11:13:09,10,0:00:00,0:00:00,0,AGENT,11:13:07,11:13:54,47,AVNI
AA0213,27707,0,0,NE,990926,11:23:45,11:23:56,11,0:00:00,0:00:00,0,AGENT,11:23:56,11:24:38,42,VICKY
AA0213,27708,0,0,PS,990926,11:34:50,11:34:58,8,0:00:00,0:00:00,0,AGENT,11:34:58,11:36:34,96,YIFAT
AA0213,27709,0,0,NE,990926,11:47:38,11:47:48,10,0:00:00,0:00:00,0,AGENT,11:47:48,12:05:57,1089,ELI
AA0213,27710,0,0,PS,990926,12:05:13,12:05:23,10,0:00:00,0:00:00,0,AGENT,12:05:22,12:07:44,142,BASCH
AA0213,27711,58029430,1,PS,990926,12:20:25,12:20:31,6,12:20:31,12:21:03,32,AGENT,12:21:02,12:21:17,15,VICKY
AA0213,27712,0,0,PS,990926,12:44:38,12:44:48,10,0:00:00,0:00:00,0,AGENT,12:44:48,12:46:39,111,DORIT
AA0213,27713,0,0,NW,990926,13:09:22,13:09:34,12,0:00:00,0:00:00,0,AGENT,13:09:34,13:12:13,159,YIFAT
AA0213,27714,0,0,PS,990926,13:24:56,13:25:05,9,0:00:00,0:00:00,0,AGENT,13:25:04,13:30:06,302,AVNI
AA0213,27715,0,0,PS,990926,13:36:57,13:37:08,11,0:00:00,0:00:00,0,AGENT,13:37:07,13:39:29,142,YIFAT
AA0213,27716,0,0,PS,990926,13:54:02,13:54:17,15,0:00:00,0:00:00,0,AGENT,13:54:16,13:56:00,104,YITZ
AA0213,27717,310599469,2,PS,990926,14:08:17,14:08:23,6,14:08:23,14:08:34,11,AGENT,14:08:33,14:11:01,148,TOVA
AA0213,27718,0,0,PS,990926,14:24:12,14:24:21,9,0:00:00,0:00:00,0,AGENT,14:24:20,14:27:25,185,AVNI
AA0213,27719,0,0,NW,990926,14:45:22,14:45:35,13,0:00:00,0:00:00,0,AGENT,14:45:34,14:46:05,31,VICKY
AA0213,27720,0,0,NW,990926,15:06:13,15:06:23,10,15:06:23,15:07:15,52,HANG,0:00:00,0:00:00,0,NO_SERVER
AA0213,27721,0,0,PS,990926,15:35:35,15:35:45,10,0:00:00,0:00:00,0,AGENT,15:35:44,15:36:20,36,YITZ
AA0213,27722,0,0,NW,990926,16:00:03,16:00:16,13,0:00:00,0:00:00,0,AGENT,16:00:16,16:02:16,120,MORIAH
AA0213,27723,0,0,PS,990926,16:26:03,16:26:16,13,0:00:00,0:00:00,0,AGENT,16:26:16,16:27:55,99,TOVA
AA0213,27724,0,0,NW,990926,17:12:02,17:12:14,12,0:00:00,0:00:00,0,AGENT,17:12:14,17:12:38,24,MORIAH
AA0213,27725,0,0,PS,990926,17:51:07,17:51:27,20,0:00:00,0:00:00,0,AGENT,17:51:26,17:52:06,40,BENSION
AA0213,27726,0,0,PS,990926,18:24:54,18:25:00,6,0:00:00,0:00:00,0,AGENT,18:25:03,18:25:06,3,NO_SERVER
AA0213,27727,0,0,NW,990926,19:01:50,19:02:03,13,0:00:00,0:00:00,0,AGENT,19:02:03,19:02:07,4,MORIAH
AA0213,27728,0,0,PS,990926,19:42:14,19:42:24,10,0:00:00,0:00:00,0,AGENT,19:42:23,19:47:42,319,TOVA
AA0213,27729,0,0,PS,990926,20:27:00,20:27:17,17,0:00:00,0:00:00,0,AGENT,20:27:16,20:28:04,48,BENSION
AA0213,27730,0,0,PS,990926,21:38:18,21:38:31,13,0:00:00,0:00:00,0,AGENT,21:38:30,21:39:45,75,BENSION
AA0213,27731,0,0,PS,990926,22:48:27,22:48:38,11,0:00:00,0:00:00,0,AGENT,22:48:37,22:57:36,539,MORIAH
AA0213,27732,0,0,PS,990927,5:33:16,5:33:59,43,0:00:00,0:00:00,0,HANG,0:00:00,0:00:00,0,NO_SERVER
AA0213,27733,0,0,NW,990927,8:05:13,8:05:27,14,0:00:00,0:00:00,0,AGENT,8:05:26,8:06:58,92,YITZ
AA0213,27734,0,0,PS,990927,8:28:03,8:28:13,10,0:00:00,0:00:00,0,AGENT,8:28:13,8:29:24,71,ZOHARI
AA0213,27735,0,0,PS,990927,8:52:08,8:52:20,12,0:00:00,0:00:00,0,AGENT,8:52:20,8:54:39,139,BENSION
AA0213,27736,52867744,2,PS,990927,9:06:14,9:06:20,6,9:06:20,9:06:28,8,AGENT,9:06:28,9:11:08,280,TOVA
AA0213,27737,0,0,PS,990927,9:24:57,9:25:08,11,0:00:00,0:00:00,0,AGENT,9:25:07,9:26:29,82,YITZ
AA0213,27738,0,0,NW,990927,9:38:00,9:38:09,9,9:38:09,9:40:19,130,HANG,0:00:00,0:00:00,0,NO_SERVER
AA0213,27739,4620050,2,PS,990927,9:51:37,9:51:42,5,9:51:42,9:52:11,29,AGENT,9:52:11,9:54:26,135,BENSION
AA0213,27740,63730469,1,PS,990927,10:01:44,10:01:49,5,10:01:49,10:04:10,141,AGENT,10:04:09,10:04:51,42,ZOHARI
AA0213,27741,33730805,2,PS,990927,10:14:23,10:14:29,6,10:14:29,10:14:41,12,AGENT,10:14:40,10:19:41,301,VICKY
AA0213,27742,0,0,PS,990927,10:30:43,10:30:52,9,0:00:00,0:00:00,0,AGENT,10:30:51,10:34:05,194,YITZ
AA0213,27743,28744530,1,PS,990927,10:42:07,10:42:13,6,10:42:13,10:45:17,184,AGENT,10:45:16,10:47:53,157,ZOHARI
AA0213,27744,57513418,2,PS,990927,10:56:37,10:56:43,6,10:56:43,10:56:56,13,AGENT,10:56:55,10:57:03,8,BASCH
AA0213,27745,52867744,2,PS,990927,11:06:04,11:06:10,6,11:06:10,11:09:22,192,AGENT,11:09:21,11:09:23,2,TOVA
AA0213,27746,0,0,NW,990927,11:22:00,11:22:09,9,11:22:09,11:22:25,16,HANG,0:00:00,0:00:00,0,NO_SERVER
AA0213,27747,23952021,2,PS,990927,11:36:53,11:36:58,5,11:36:58,11:38:06,68,AGENT,11:38:05,11:38:34,29,BENSION
AA0213,27748,56773153,2,PS,990927,11:47:27,11:47:33,6,11:47:33,11:49:03,90,AGENT,11:48:53,11:49:16,23,BENSION
AA0213,27749,54556444,1,PS,990927,12:00:05,12:00:11,6,12:00:11,12:01:04,53,AGENT,12:01:03,12:06:05,302,TOVA
AA0213,27750,0,0,PS,990927,12:18:09,12:18:20,11,0:00:00,0:00:00,0,AGENT,12:18:19,12:25:50,451,TOVA
AA0213,27751,0,0,PS,990927,12:35:13,12:35:26,13,0:00:00,0:00:00,0,AGENT,12:35:25,12:36:41,76,TOVA
AA0213,27752,0,0,PS,990927,12:50:03,12:50:13,10,0:00:00,0:00:00,0,AGENT,12:50:11,12:52:50,159,BASCH
AA0213,27753,0,0,PS,990927,12:59:59,13:00:10,11,0:00:00,0:00:00,0,AGENT,13:00:09,13:03:19,190,YITZ
AA0213,27754,10473262,2,PS,990927,13:16:25,13:16:36,11,13:16:36,13:17:24,48,AGENT,13:16:35,13:20:39,244,TOVA
AA0213,27755,0,0,NW,990927,13:35:50,13:35:59,9,13:35:59,13:37:11,72,HANG,0:00:00,0:00:00,0,NO_SERVER
AA0213,27756,0,0,PS,990927,13:50:05,13:50:15,10,0:00:00,0:00:00,0,AGENT,13:50:14,13:50:16,2,TOVA
AA0213,27757,703074,2,PS,990927,14:02:49,14:02:55,6,14:02:55,14:03:24,29,AGENT,14:03:23,14:09:35,372,SHARON
AA0213,27758,68059401,1,PS,990927,14:18:21,14:18:27,6,14:18:27,14:19:45,78,HANG,0:00:00,0:00:00,0,NO_SERVER
AA0213,27759,58201484,1,PS,990927,14:33:31,14:33:36,5,14:33:36,14:36:20,164,AGENT,14:36:19,14:36:50,31,BASCH
AA0213,27760,0,0,PS,990927,14:52:44,14:53:02,18,0:00:00,0:00:00,0,AGENT,14:53:02,14:56:09,187,BASCH
AA0213,27761,10587137,2,NE,990927,15:15:06,15:15:12,6,15:15:12,15:16:28,76,AGENT,15:16:27,15:17:05,38,ANAT
AA0213,27762,0,0,PS,990927,15:59:27,15:59:36,9,0:00:00,0:00:00,0,AGENT,15:59:35,16:05:14,339,AVNI
AA0213,27763,0,0,NW,990927,16:30:10,16:30:23,13,0:00:00,0:00:00,0,AGENT,16:30:22,16:38:49,507,AVNI
AA0213,27764,0,0,PS,990927,16:44:04,16:44:13,9,0:00:00,0:00:00,0,AGENT,16:44:13,16:49:52,339,MORIAH
AA0213,27765,0,0,PS,990927,17:33:48,17:33:57,9,0:00:00,0:00:00,0,AGENT,17:33:56,17:39:13,317,DARMON
AA0213,27766,0,0,PS,990927,17:52:11,17:52:28,17,0:00:00,0:00:00,0,AGENT,17:52:27,18:01:37,550,DARMON
AA0213,27767,0,0,PS,990927,18:38:01,18:38:12,11,0:00:00,0:00:00,0,AGENT,18:38:11,18:38:45,34,SHARON
AA0213,27768,0,0,PS,990927,19:06:01,19:06:15,14,0:00:00,0:00:00,0,AGENT,19:06:14,19:10:16,242,GILI
AA0213,27769,0,0,PS,990927,19:50:57,19:51:12,15,0:00:00,0:00:00,0,AGENT,19:51:11,19:52:25,74,GILI
AA0213,27770,0,0,PS,990927,20:32:47,20:32:58,11,0:00:00,0:00:00,0,AGENT,20:32:56,20:37:48,292,AVNI
AA0213,27771,0,0,PS,990927,21:31:10,21:31:23,13,0:00:00,0:00:00,0,AGENT,21:31:22,21:32:35,73,GILI
AA0213,27772,56051360,2,NE,990927,22:02:02,22:02:08,6,22:02:08,22:03:33,85,AGENT,22:03:32,22:09:50,378,MORIAH
AA0213,27773,0,0,PS,990927,22:49:48,22:49:57,9,0:00:00,0:00:00,0,AGENT,22:49:57,22:51:00,63,SHARON
AA0213,27775,0,0,PS,990928,0:11:04,0:11:05,1,0:00:00,0:00:00,0,HANG,0:00:00,0:00:00,0,NO_SERVER
AA0213,27776,0,0,PS,990928,7:24:40,7:24:52,12,0:00:00,0:00:00,0,AGENT,7:24:51,7:26:34,103,ANAT
AA0213,27777,0,0,PS,990928,8:14:13,8:14:21,8,0:00:00,0:00:00,0,AGENT,8:14:21,8:15:39,78,YIFAT
AA0213,27778,0,0,NW,990928,8:40:10,8:40:19,9,8:40:19,8:51:58,699,HANG,0:00:00,0:00:00,0,NO_SERVER
AA0213,27779,0,0,PS,990928,9:07:14,9:07:23,9,0:00:00,0:00:00,0,AGENT,9:07:22,9:10:54,212,AVNI
AA0213,27780,22263115,2,PS,990928,9:25:57,9:26:03,6,9:26:03,9:26:30,27,AGENT,9:26:29,9:27:32,63,YIFAT
AA0213,27781,65330961,2,PS,990928,9:38:12,9:38:18,6,9:38:18,9:39:05,47,AGENT,9:39:04,9:43:52,288,ANAT
AA0213,27782,703074,2,PS,990928,9:54:08,9:54:14,6,9:54:14,9:55:33,79,AGENT,9:55:32,10:04:43,551,AVNI
AA0213,27783,37635950,2,PS,990928,10:05:00,10:05:05,5,10:05:05,10:06:29,84,AGENT,10:06:28,10:07:50,82,YIFAT
AA0213,27785,0,0,PS,990928,10:13:51,10:13:51,0,0:00:00,0:00:00,0,HANG,0:00:00,0:00:00,0,NO_SERVER
AA0213,27786,34487280,1,PS,990928,10:19:53,10:19:59,6,10:19:59,10:25:27,328,AGENT,10:25:26,10:26:14,48,YIFAT
AA0213,27787,29641727,2,PS,990928,10:33:38,10:33:44,6,10:33:44,10:33:56,12,HANG,0:00:00,0:00:00,0,NO_SERVER
AA0213,27788,43288190,2,PS,990928,10:41:52,10:41:58,6,10:41:58,10:42:40,42,AGENT,10:42:39,10:48:56,377,AVNI
AA0213,27789,31822364,2,PS,990928,10:55:07,10:55:13,6,10:55:13,10:56:23,70,HANG,0:00:00,0:00:00,0,NO_SERVER
AA0213,27790,74780917,2,NE,990928,11:06:50,11:06:56,6,11:06:56,11:07:41,45,AGENT,11:07:40,11:10:11,151,ZOHARI
AA0213,27791,16686354,2,NE,990928,11:18:11,11:18:17,6,11:18:17,11:18:31,14,AGENT,11:18:30,11:19:29,59,ZOHARI
AA0213,27792,7191646,2,NE,990928,11:27:39,11:27:45,6,11:27:45,11:32:13,268,AGENT,11:32:12,11:37:31,319,ANAT
AA0213,27793,22251797,2,PS,990928,11:40:15,11:40:21,6,11:40:21,11:41:35,74,AGENT,11:41:33,11:47:05,332,YIFAT
AA0213,27794,48820351,2,NE,990928,11:52:41,11:52:46,5,11:52:46,11:55:49,183,AGENT,11:55:48,11:55:51,3,ANAT
AA0213,27795,22263115,2,PS,990928,12:04:22,12:04:28,6,12:04:28,12:04:39,11,HANG,0:00:00,0:00:00,0,NO_SERVER
AA0213,27796,50696350,1,PS,990928,12:09:26,12:09:32,6,12:09:32,12:18:25,533,AGENT,12:18:25,12:21:33,188,YIFAT
AA0213,27797,37635950,2,PS,990928,12:25:53,12:25:58,5,12:25:58,12:36:07,609,AGENT,12:36:07,12:37:42,95,AVNI
AA0213,27798,57379505,2,PS,990928,12:47:30,12:47:35,5,12:47:35,12:48:00,25,AGENT,12:47:59,12:48:46,47,AVNI
AA0213,27799,58076621,1,PS,990928,12:58:09,12:58:14,5,12:58:14,12:58:38,24,AGENT,12:58:37,12:59:59,82,ANAT
AA0213,27800,54034376,1,PS,990928,13:10:57,13:11:03,6,13:11:03,13:11:03,0,HANG,0:00:00,0:00:00,0,NO_SERVER
AA0213,27801,0,0,PS,990928,13:28:16,13:28:26,10,0:00:00,0:00:00,0,AGENT,13:28:25,13:30:52,147,ANAT
AA0213,27802,0,0,PS,990928,13:43:58,13:44:18,20,0:00:00,0:00:00,0,AGENT,13:44:17,13:47:09,172,AVNI
AA0213,27803,72600836,2,PS,990928,13:53:04,13:53:10,6,13:53:10,13:55:09,119,AGENT,13:55:09,13:55:30,21,VICKY
AA0213,27804,32354888,1,PS,990928,14:07:02,14:07:08,6,14:07:08,14:10:48,220,AGENT,14:10:47,14:11:38,51,YIFAT
AA0213,27805,23793540,1,PS,990928,14:22:18,14:22:23,5,14:22:23,14:23:37,74,HANG,0:00:00,0:00:00,0,NO_SERVER
AA0213,27806,68297498,2,PS,990928,14:41:05,14:41:11,6,14:41:11,14:41:41,30,AGENT,14:41:41,14:42:56,75,BASCH
AA0213,27807,34143529,1,PS,990928,14:56:58,14:57:03,5,14:57:03,14:59:51,168,HANG,0:00:00,0:00:00,0,NO_SERVER
AA0213,27808,0,0,PS,990928,15:34:09,15:34:20,11,0:00:00,0:00:00,0,AGENT,15:34:19,15:35:31,72,ZOHARI
AA0213,27809,0,0,PS,990928,16:07:21,16:07:30,9,0:00:00,0:00:00,0,AGENT,16:07:30,16:09:04,94,AVNI
AA0213,27810,0,0,PS,990928,16:35:33,16:35:43,10,0:00:00,0:00:00,0,AGENT,16:35:43,16:35:55,12,VICKY
AA0213,27811,0,0,PS,990928,17:04:38,17:04:47,9,0:00:00,0:00:00,0,AGENT,17:04:46,17:05:39,53,SHARON
AA0213,27812,0,0,PS,990928,17:31:17,17:31:25,8,0:00:00,0:00:00,0,AGENT,17:31:25,17:33:51,146,SHARON
AA0213,27813,29503323,1,PS,990928,17:52:16,17:52:22,6,17:52:22,17:52:54,32,AGENT,17:52:53,17:53:44,51,SHARON
AA0213,27814,0,0,PS,990928,18:13:39,18:13:49,10,0:00:00,0:00:00,0,AGENT,18:13:49,18:15:35,106,YITZ
AA0213,27815,0,0,NW,990928,18:53:51,18:54:09,18,0:00:00,0:00:00,0,AGENT,18:54:09,18:54:21,12,YITZ
AA0213,27816,0,0,NE,990928,19:57:03,19:57:12,9,0:00:00,0:00:00,0,AGENT,19:57:11,19:57:39,28,BASCH
AA0213,27817,0,0,PS,990928,20:42:57,20:43:07,10,0:00:00,0:00:00,0,AGENT,20:43:07,20:44:30,83,BASCH
AA0213,27818,0,0,PS,990928,21:11:43,21:12:00,17,0:00:00,0:00:00,0,AGENT,21:12:00,21:14:59,179,BASCH
AA0213,27819,0,0,PS,990928,21:44:02,21:44:19,17,0:00:00,0:00:00,0,AGENT,21:44:17,21:44:57,40,DARMON
AA0213,27820,0,0,PS,990928,22:11:08,22:11:21,13,0:00:00,0:00:00,0,AGENT,22:11:21,22:12:14,53,DORIT
AA0213,27821,0,0,PS,990928,23:04:29,23:04:42,13,0:00:00,0:00:00,0,AGENT,23:04:41,23:07:07,146,SHARON
AA0213,27822,0,0,NW,990929,0:34:25,0:35:03,38,0:00:00,0:00:00,0,HANG,0:00:00,0:00:00,0,NO_SERVER
AA0213,27823,0,0,PS,990929,7:30:18,7:30:27,9,0:00:00,0:00:00,0,AGENT,7:30:26,7:31:23,57,ANAT
AA0213,27824,0,0,PS,990929,8:18:23,8:18:38,15,0:00:00,0:00:00,0,AGENT,8:18:37,8:20:27,110,ANAT
AA0213,27825,0,0,PS,990929,8:35:03,8:35:12,9,0:00:00,0:00:00,0,AGENT,8:35:11,8:40:17,306,ANAT
AA0213,27826,0,0,PS,990929,8:51:30,8:51:41,11,0:00:00,0:00:00,0,AGENT,8:51:40,8:54:18,158,DORIT
AA0213,27827,54145529,2,PS,990929,9:11:08,9:11:13,5,9:11:13,9:12:29,76,HANG,0:00:00,0:00:00,0,NO_SERVER
AA0213,27828,0,0,PS,990929,9:27:27,9:27:36,9,0:00:00,0:00:00,0,AGENT,9:27:36,9:33:52,376,AVNI
AA0213,27829,0,0,PS,990929,9:39:11,9:39:20,9,0:00:00,0:00:00,0,AGENT,9:39:19,9:44:11,292,AVNI
AA0213,27830,65281537,1,PS,990929,9:49:40,9:49:46,6,9:49:46,9:50:56,70,HANG,0:00:00,0:00:00,0,NO_SERVER
AA0213,27831,63730469,1,PS,990929,9:56:57,9:57:03,6,9:57:03,10:00:03,180,AGENT,10:00:02,10:01:39,97,ZOHARI
AA0213,27832,57253494,1,PS,990929,10:11:18,10:11:24,6,10:11:24,10:11:41,17,AGENT,10:11:40,10:13:12,92,SHARON
AA0213,27833,33843210,1,PS,990929,10:21:43,10:21:49,6,10:21:49,10:22:27,38,AGENT,10:22:25,10:23:55,90,YIFAT
AA0213,27834,57379505,2,PS,990929,10:34:26,10:34:32,6,10:34:32,10:35:10,38,AGENT,10:35:10,10:36:22,72,YIFAT
AA0213,27835,38719860,2,PS,990929,10:40:40,10:40:46,6,10:40:46,10:41:21,35,AGENT,10:41:20,10:42:41,81,ANAT
AA0213,27836,56765985,2,PS,990929,10:54:46,10:54:52,6,10:54:52,10:55:53,61,AGENT,10:55:52,10:58:59,187,ANAT
AA0213,27837,57918849,1,NE,990929,11:03:25,11:03:31,6,11:03:31,11:04:56,85,AGENT,11:04:55,11:06:08,73,SHARON
AA0213,27838,0,0,NW,990929,11:14:38,11:14:47,9,11:14:47,11:15:44,57,HANG,0:00:00,0:00:00,0,NO_SERVER
AA0213,27839,0,0,PS,990929,11:28:48,11:29:02,14,0:00:00,0:00:00,0,AGENT,11:28:56,11:31:48,172,DORIT
AA0213,27840,0,0,PS,990929,11:40:52,11:41:04,12,0:00:00,0:00:00,0,AGENT,11:41:03,11:42:47,104,ANAT
AA0213,27841,0,0,NW,990929,11:56:04,11:56:14,10,11:56:14,11:58:57,163,AGENT,11:58:57,11:59:21,24,ANAT
AA0213,27842,69498921,2,PS,990929,12:07:39,12:07:44,5,12:07:44,12:08:32,48,AGENT,12:08:31,12:10:22,111,YIFAT
AA0213,27843,14872279,2,PS,990929,12:16:09,12:16:14,5,12:16:14,12:17:13,59,HANG,0:00:00,0:00:00,0,NO_SERVER
AA0213,27844,43745652,2,PS,990929,12:27:15,12:27:20,5,12:27:20,12:28:31,71,HANG,0:00:00,0:00:00,0,NO_SERVER
AA0213,27845,33689787,2,PS,990929,12:39:07,12:39:12,5,12:39:12,12:39:42,30,AGENT,12:39:42,12:42:42,180,YIFAT
AA0213,27846,25236241,1,PS,990929,12:51:30,12:51:36,6,12:51:36,12:52:29,53,AGENT,12:52:28,12:54:47,139,ANAT
AA0213,27847,0,0,PS,990929,13:07:23,13:07:33,10,0:00:00,0:00:00,0,AGENT,13:07:32,13:08:28,56,YIFAT
AA0213,27848,63611537,2,PS,990929,13:24:46,13:24:51,5,13:24:51,13:27:00,129,AGENT,13:26:58,13:29:28,150,ANAT
AA0213,27849,54676242,2,PS,990929,13:41:12,13:41:17,5,13:41:17,13:41:30,13,AGENT,13:41:29,13:41:32,3,YIFAT
AA0213,27850,56018013,1,PS,990929,13:53:41,13:53:47,6,13:53:47,13:54:17,30,AGENT,13:54:16,14:01:20,424,YIFAT
AA0213,27851,28457521,2,PS,990929,14:05:21,14:05:27,6,14:05:27,14:06:37,70,AGENT,14:06:37,14:31:15,1478,AVNI
AA0213,27852,57316622,2,PS,990929,14:14:23,14:14:29,6,14:14:29,14:14:48,19,AGENT,14:14:48,14:15:00,12,YIFAT
AA0213,27853,33965351,1,PS,990929,14:23:16,14:23:21,5,14:23:21,14:26:31,190,AGENT,14:26:30,14:26:35,5,YIFAT
AA0213,27854,306485608,2,PS,990929,14:38:48,14:38:56,8,14:38:56,14:42:34,218,AGENT,14:42:33,14:44:45,132,BASCH
AA0213,27855,61870333,2,PS,990929,15:08:19,15:08:24,5,15:08:24,15:08:54,30,AGENT,15:08:54,15:11:27,153,BASCH
AA0213,27856,0,0,PS,990929,15:38:38,15:38:48,10,0:00:00,0:00:00,0,AGENT,15:38:47,15:41:19,152,DORIT
AA0213,27857,14254312,1,PS,990929,16:06:26,16:06:31,5,16:06:31,16:07:44,73,AGENT,16:07:43,16:09:24,101,STEREN
AA0213,27858,0,0,PS,990929,16:30:51,16:31:00,9,0:00:00,0:00:00,0,AGENT,16:30:59,16:33:04,125,STEREN
AA0213,27859,28043800,2,PS,990929,17:10:46,17:10:51,5,17:10:51,17:11:57,66,AGENT,17:11:56,17:13:01,65,STEREN
AA0213,27860,0,0,PS,990929,17:42:10,17:42:21,11,0:00:00,0:00:00,0,AGENT,17:42:20,17:42:58,38,BASCH
AA0213,27861,0,0,NE,990929,18:05:22,18:05:50,28,0:00:00,0:00:00,0,AGENT,18:05:49,18:06:13,24,BASCH
AA0213,27862,0,0,PS,990929,18:38:17,18:38:25,8,0:00:00,0:00:00,0,AGENT,18:38:24,18:39:27,63,BASCH
AA0213,27863,0,0,PS,990929,19:05:56,19:06:05,9,0:00:00,0:00:00,0,AGENT,19:06:04,19:07:54,110,STEREN
AA0213,27864,0,0,NW,990929,19:28:34,19:28:47,13,0:00:00,0:00:00,0,AGENT,19:28:46,19:31:30,164,BASCH
AA0213,27865,0,0,PS,990929,20:02:20,20:02:34,14,0:00:00,0:00:00,0,AGENT,20:02:34,20:03:11,37,MEIR
AA0213,27866,0,0,PS,990929,20:38:08,20:38:26,18,0:00:00,0:00:00,0,AGENT,20:38:26,20:39:49,83,STEREN
AA0213,27867,24069940,1,PS,990929,21:10:09,21:10:14,5,21:10:14,21:10:26,12,AGENT,21:10:25,21:13:31,186,STEREN
AA0213,27868,0,0,PS,990929,21:46:58,21:47:15,17,0:00:00,0:00:00,0,AGENT,21:47:13,21:48:34,81,GILI
AA0213,27869,0,0,NE,990929,22:19:49,22:19:58,9,0:00:00,0:00:00,0,AGENT,22:19:57,22:22:42,165,STEREN
AA0213,27870,0,0,NW,990929,23:19:13,23:19:23,10,23:19:23,23:19:35,12,AGENT,23:19:34,23:22:34,180,STEREN
AA0213,27871,0,0,PS,990930,0:49:37,0:49:55,18,0:00:00,0:00:00,0,HANG,0:00:00,0:00:00,0,NO_SERVER
AA0213,27872,0,0,PS,990930,7:17:52,7:18:22,30,0:00:00,0:00:00,0,HANG,0:00:00,0:00:00,0,NO_SERVER
AA0213,27873,0,0,PS,990930,8:04:41,8:04:50,9,0:00:00,0:00:00,0,AGENT,8:04:49,8:06:28,99,YIFAT
AA0213,27874,69008423,1,PS,990930,8:35:22,8:35:28,6,8:35:28,8:38:51,203,AGENT,8:38:50,8:39:38,48,YIFAT
AA0213,27875,0,0,PS,990930,8:53:10,8:53:19,9,0:00:00,0:00:00,0,AGENT,8:53:18,8:56:14,176,ANAT
AA0213,27876,23085137,1,PS,990930,9:09:53,9:09:58,5,9:09:58,9:13:14,196,AGENT,9:13:13,9:22:53,580,ROTH
AA0213,27877,7872609,2,PS,990930,9:22:31,9:22:36,5,9:22:36,9:22:51,15,AGENT,9:22:50,9:24:38,108,SHARON
AA0213,27878,63730469,1,PS,990930,9:39:50,9:39:55,5,9:39:55,9:40:07,12,AGENT,9:40:06,9:40:54,48,SHARON
AA0213,27879,23560261,2,PS,990930,9:52:52,9:52:58,6,9:52:58,9:53:07,9,AGENT,9:53:06,9:54:39,93,ANAT
AA0213,27880,0,0,NE,990930,9:56:47,9:57:00,13,0:00:00,0:00:00,0,AGENT,9:56:58,9:59:10,132,ZOHARI
AA0213,27881,0,0,NW,990930,10:04:16,10:04:26,10,10:04:26,10:07:14,168,HANG,0:00:00,0:00:00,0,NO_SERVER
AA0213,27882,0,0,PS,990930,10:22:35,10:22:44,9,0:00:00,0:00:00,0,AGENT,10:22:43,10:23:43,60,ROTH
AA0213,27883,56147150,1,PS,990930,10:37:05,10:37:11,6,10:37:11,10:37:42,31,AGENT,10:37:41,10:39:08,87,ANAT
AA0213,27884,0,0,NW,990930,10:50:24,10:50:34,10,10:50:34,10:52:20,106,AGENT,10:52:20,10:54:36,136,ROTH
AA0213,27885,56765985,2,PS,990930,11:02:18,11:02:24,6,11:02:24,11:03:21,57,AGENT,11:03:20,11:03:48,28,YIFAT
AA0213,27886,12543039,1,PS,990930,11:08:30,11:08:35,5,11:08:35,11:15:22,407,AGENT,11:15:21,11:16:56,95,ANAT
AA0213,27887,33474602,2,PS,990930,11:19:54,11:20:00,6,11:20:00,11:22:27,147,AGENT,11:22:25,11:22:27,2,YIFAT
AA0213,27888,55290571,1,PS,990930,11:26:26,11:26:32,6,11:26:32,11:27:10,38,HANG,0:00:00,0:00:00,0,NO_SERVER
AA0213,27889,8258329,2,NE,990930,11:34:30,11:34:36,6,11:34:36,11:36:05,89,AGENT,11:36:04,11:45:41,577,ZOHARI
AA0213,27890,56765985,2,PS,990930,11:42:25,11:42:31,6,11:42:31,11:42:42,11,HANG,0:00:00,0:00:00,0,NO_SERVER
AA0213,27891,34375766,2,PS,990930,11:46:15,11:46:20,5,11:46:20,11:47:34,74,AGENT,11:47:33,11:48:17,44,TOVA
AA0213,27892,430934,2,PS,990930,11:53:11,11:53:17,6,11:53:17,11:53:54,37,AGENT,11:53:53,11:57:50,237,ZOHARI
AA0213,27893,0,0,NW,990930,12:02:40,12:02:49,9,12:02:49,12:03:01,12,HANG,0:00:00,0:00:00,0,NO_SERVER
AA0213,27894,74780917,2,NE,990930,12:12:26,12:12:31,5,12:12:31,12:12:54,23,AGENT,12:12:53,12:18:10,317,ANAT
AA0213,27895,0,0,PS,990930,12:23:17,12:23:30,13,0:00:00,0:00:00,0,AGENT,12:23:29,12:30:26,417,TOVA
AA0213,27896,0,0,PS,990930,12:43:31,12:43:40,9,0:00:00,0:00:00,0,AGENT,12:43:39,12:44:51,72,SHARON
AA0213,27897,0,0,NE,990930,12:59:39,12:59:49,10,0:00:00,0:00:00,0,AGENT,12:59:48,13:00:46,58,ZOHARI
AA0213,27898,58029430,1,PS,990930,13:13:17,13:13:23,6,13:13:23,13:15:04,101,AGENT,13:15:03,13:20:03,300,ZOHARI
AA0213,27899,0,0,PS,990930,13:32:40,13:32:48,8,0:00:00,0:00:00,0,AGENT,13:32:47,13:34:52,125,ROTH
AA0213,27900,74780917,2,NE,990930,13:50:08,13:50:13,5,13:50:13,13:53:33,200,AGENT,13:53:32,13:55:48,136,SHARON
AA0213,27901,0,0,PS,990930,14:03:51,14:04:01,10,0:00:00,0:00:00,0,AGENT,14:04:00,14:07:57,237,ZOHARI
AA0213,27902,0,0,NW,990930,14:14:32,14:14:41,9,14:14:41,14:15:57,76,AGENT,14:15:56,14:17:21,85,PINHAS
AA0213,27903,65032120,2,NE,990930,14:24:58,14:25:03,5,14:25:03,14:31:15,372,AGENT,14:31:15,14:36:14,299,ELI
AA0213,27904,0,0,PS,990930,14:43:31,14:43:44,13,0:00:00,0:00:00,0,AGENT,14:43:43,14:45:06,83,SHARON
AA0213,27905,31507361,1,PS,990930,15:00:41,15:00:47,6,15:00:47,15:03:56,189,HANG,0:00:00,0:00:00,0,NO_SERVER
AA0213,27906,0,0,NW,990930,15:31:30,15:31:43,13,0:00:00,0:00:00,0,AGENT,15:31:43,15:34:29,166,YITZ
AA0213,27907,0,0,PS,990930,16:11:28,16:11:36,8,0:00:00,0:00:00,0,AGENT,16:11:35,16:17:53,378,ROTH
AA0213,27908,32279671,1,PS,990930,16:27:11,16:27:16,5,16:27:16,16:28:18,62,AGENT,16:28:17,16:30:00,103,YITZ
AA0213,27909,0,0,PS,990930,16:46:54,16:47:07,13,0:00:00,0:00:00,0,AGENT,16:47:07,16:49:50,163,YITZ
AA0213,27910,51305340,1,PS,990930,17:06:05,17:06:10,5,17:06:10,17:06:29,19,AGENT,17:06:28,17:08:03,95,STEREN
AA0213,27911,0,0,PS,990930,17:40:18,17:40:27,9,0:00:00,0:00:00,0,AGENT,17:40:27,17:41:32,65,AVNI
AA0213,27912,0,0,PS,990930,18:29:07,18:29:16,9,0:00:00,0:00:00,0,AGENT,18:29:15,18:31:21,126,YITZ
AA0213,27913,0,0,PS,990930,18:55:03,18:55:12,9,0:00:00,0:00:00,0,AGENT,18:55:11,18:58:02,171,AVNI
AA0213,27914,0,0,PS,990930,19:50:34,19:50:43,9,0:00:00,0:00:00,0,AGENT,19:50:42,19:51:24,42,STEREN
AA0213,27915,0,0,NE,990930,20:17:08,20:17:16,8,0:00:00,0:00:00,0,AGENT,20:17:15,20:18:47,92,AVNI
AA0213,27916,0,0,PS,990930,20:58:01,20:58:20,19,0:00:00,0:00:00,0,AGENT,20:58:19,21:00:45,146,YITZ
AA0213,27917,0,0,PS,990930,21:34:26,21:34:35,9,0:00:00,0:00:00,0,AGENT,21:34:34,21:35:27,53,VICKY
AA0213,27918,0,0,PS,990930,22:33:53,22:34:03,10,0:00:00,0:00:00,0,AGENT,22:34:03,22:35:47,104,YITZ
AA0213,27919,0,0,NW,990930,23:56:43,23:56:56,13,0:00:00,0:00:00,0,AGENT,23:56:55,23:58:43,108,VICKY
AA0214,26093,0,0,PS,990901,1:03:42,1:03:58,16,0:00:00,0:00:00,0,HANG,0:00:00,0:00:00,0,NO_SERVER
AA0214,26094,0,0,PS,990901,7:03:53,7:04:02,9,0:00:00,0:00:00,0,AGENT,7:04:02,7:05:22,80,DORIT
AA0214,26095,10858884,2,NE,990901,7:39:15,7:39:21,6,7:39:21,7:39:45,24,AGENT,7:39:44,7:40:43,59,BASCH
AA0214,26096,0,0,PS,990901,8:03:23,8:03:35,12,0:00:00,0:00:00,0,AGENT,8:03:35,8:06:29,174,STEREN
AA0214,26097,0,0,PS,990901,8:15:11,8:15:22,11,0:00:00,0:00:00,0,AGENT,8:15:21,8:19:07,226,ZOHARI
AA0214,26098,0,0,NW,990901,8:32:15,8:32:28,13,0:00:00,0:00:00,0,AGENT,8:32:27,8:32:56,29,BASCH
AA0214,26099,0,0,PS,990901,8:44:49,8:44:59,10,0:00:00,0:00:00,0,AGENT,8:44:57,8:48:07,190,DORIT
AA0214,26100,0,0,NW,990901,9:00:36,9:00:44,8,0:00:00,0:00:00,0,HANG,0:00:00,0:00:00,0,NO_SERVER
AA0214,26101,12078457,1,PS,990901,9:08:53,9:08:58,5,9:08:58,9:09:19,21,HANG,0:00:00,0:00:00,0,NO_SERVER
AA0214,26102,53541983,2,PS,990901,9:19:35,9:19:41,6,9:19:41,9:19:55,14,AGENT,9:19:54,9:21:21,87,DORIT
AA0214,26103,13645650,2,PS,990901,9:30:54,9:31:00,6,9:31:00,9:31:31,31,AGENT,9:31:30,9:34:06,156,BASCH
AA0214,26104,0,0,NW,990901,9:41:55,9:42:04,9,9:42:04,9:43:01,57,HANG,0:00:00,0:00:00,0,NO_SERVER
AA0214,26105,0,0,PS,990901,9:51:09,9:51:18,9,0:00:00,0:00:00,0,AGENT,9:51:17,10:15:42,1465,SHARON
AA0214,26106,0,0,NW,990901,10:00:51,10:00:56,5,0:00:00,0:00:00,0,HANG,0:00:00,0:00:00,0,NO_SERVER
AA0214,26107,0,0,PS,990901,10:11:51,10:12:02,11,0:00:00,0:00:00,0,AGENT,10:12:01,10:13:24,83,YITZ
AA0214,26108,0,0,NW,990901,10:20:27,10:20:41,14,0:00:00,0:00:00,0,AGENT,10:20:40,10:20:59,19,ZOHARI
AA0214,26109,51569507,1,PS,990901,10:28:07,10:28:14,7,10:28:14,10:28:30,16,HANG,0:00:00,0:00:00,0,NO_SERVER
AA0214,26110,27885011,2,PS,990901,10:38:43,10:38:48,5,10:38:48,10:39:25,37,AGENT,10:39:24,10:41:44,140,SHARON
AA0214,26111,0,0,NW,990901,10:52:44,10:53:09,25,0:00:00,0:00:00,0,AGENT,10:53:08,10:55:36,148,STEREN
AA0214,26112,0,0,PS,990901,11:04:18,11:04:28,10,0:00:00,0:00:00,0,AGENT,11:04:26,11:06:16,110,ZOHARI
AA0214,26113,78191137,2,PS,990901,11:15:48,11:15:54,6,11:15:54,11:19:41,227,AGENT,11:19:40,11:25:27,347,NAAMA
AA0214,26114,0,0,PS,990901,11:33:03,11:33:13,10,0:00:00,0:00:00,0,AGENT,11:33:11,11:36:40,209,SHARON
AA0214,26115,7191646,2,NE,990901,11:43:19,11:43:25,6,11:43:25,11:44:18,53,AGENT,11:44:17,11:51:13,416,STEREN
AA0214,26116,33730805,2,PS,990901,11:56:48,11:56:54,6,11:56:54,11:56:58,4,AGENT,11:56:57,11:59:20,143,SHARON
AA0214,26117,41630443,2,PS,990901,12:07:10,12:07:15,5,12:07:15,12:08:25,70,AGENT,12:08:24,12:12:58,274,AVNI
AA0214,26118,0,0,PS,990901,12:21:38,12:21:51,13,0:00:00,0:00:00,0,AGENT,12:21:51,12:22:34,43,DORIT
AA0214,26119,0,0,PS,990901,12:37:02,12:37:12,10,0:00:00,0:00:00,0,AGENT,12:37:11,12:38:14,63,BASCH
AA0214,26120,0,0,NE,990901,12:49:41,12:49:53,12,0:00:00,0:00:00,0,AGENT,12:49:52,12:54:22,270,AVNI
AA0214,26121,0,0,PS,990901,13:02:40,13:02:48,8,0:00:00,0:00:00,0,AGENT,13:02:48,13:04:48,120,AVNI
AA0214,26122,0,0,PS,990901,13:19:24,13:19:34,10,0:00:00,0:00:00,0,AGENT,13:19:32,13:21:39,127,DORIT
AA0214,26123,0,0,PS,990901,13:35:38,13:35:46,8,0:00:00,0:00:00,0,AGENT,13:35:46,13:39:22,216,ROTH
AA0214,26124,0,0,PS,990901,13:48:32,13:48:41,9,0:00:00,0:00:00,0,AGENT,13:48:40,13:50:11,91,ROTH
AA0214,26125,0,0,PS,990901,14:01:43,14:01:52,9,0:00:00,0:00:00,0,AGENT,14:01:51,14:03:22,91,AVNI
AA0214,26126,0,0,NE,990901,14:12:04,14:12:12,8,0:00:00,0:00:00,0,AGENT,14:12:12,14:12:28,16,MORIAH
AA0214,26127,0,0,PS,990901,14:25:20,14:25:29,9,0:00:00,0:00:00,0,AGENT,14:25:28,14:27:52,144,MORIAH
AA0214,26128,0,0,PS,990901,14:35:44,14:35:54,10,0:00:00,0:00:00,0,AGENT,14:35:53,14:36:59,66,ROTH
AA0214,26129,0,0,PS,990901,14:44:24,14:44:38,14,0:00:00,0:00:00,0,AGENT,14:44:37,14:45:23,46,NAAMA
AA0214,26130,0,0,NE,990901,14:58:47,14:58:57,10,0:00:00,0:00:00,0,AGENT,14:58:56,15:08:09,553,MORIAH
AA0214,26131,304229115,2,PS,990901,15:10:40,15:10:45,5,15:10:45,15:11:32,47,AGENT,15:11:31,15:11:46,15,BENSION
AA0214,26132,0,0,PS,990901,15:20:49,15:20:58,9,0:00:00,0:00:00,0,AGENT,15:20:57,15:23:34,157,ANAT
AA0214,26133,25124181,2,NE,990901,15:30:28,15:30:34,6,15:30:34,15:32:32,118,AGENT,15:32:31,15:32:34,3,TOVA
AA0214,26134,0,0,NW,990901,15:41:15,15:41:33,18,0:00:00,0:00:00,0,AGENT,15:41:32,15:41:57,25,BENSION
AA0214,26135,0,0,NE,990901,15:51:16,15:51:27,11,0:00:00,0:00:00,0,AGENT,15:51:26,15:52:56,90,ELI
AA0214,26136,0,0,PS,990901,16:08:23,16:08:38,15,0:00:00,0:00:00,0,AGENT,16:08:37,16:10:01,84,BENSION
AA0214,26137,0,0,PS,990901,16:25:48,16:25:59,11,0:00:00,0:00:00,0,AGENT,16:25:58,16:31:16,318,BENSION
AA0214,26138,0,0,PS,990901,16:46:52,16:47:03,11,0:00:00,0:00:00,0,AGENT,16:47:02,16:47:03,1,AVI
AA0214,26139,0,0,NW,990901,16:55:41,16:55:51,10,16:55:51,16:56:10,19,AGENT,16:56:10,16:57:27,77,AVNI
AA0214,26140,27997683,2,PS,990901,17:10:03,17:10:08,5,17:10:08,17:11:06,58,AGENT,17:11:05,17:13:01,116,VICKY
AA0214,26141,0,0,PS,990901,17:32:09,17:32:19,10,0:00:00,0:00:00,0,AGENT,17:32:18,17:35:21,183,VICKY
AA0214,26142,0,0,NW,990901,17:46:11,17:46:21,10,17:46:21,17:46:53,32,AGENT,17:46:53,17:52:13,320,MORIAH
AA0214,26143,0,0,PS,990901,18:04:10,18:04:19,9,0:00:00,0:00:00,0,AGENT,18:04:19,18:09:52,333,TOVA
AA0214,26144,0,0,NE,990901,18:22:32,18:22:41,9,0:00:00,0:00:00,0,AGENT,18:22:40,18:23:41,61,VICKY
AA0214,26145,0,0,NE,990901,18:41:14,18:41:23,9,0:00:00,0:00:00,0,AGENT,18:41:23,18:44:03,160,TOVA
AA0214,26146,0,0,PS,990901,19:03:17,19:03:31,14,0:00:00,0:00:00,0,AGENT,19:03:30,19:08:05,275,TOVA
AA0214,26147,0,0,PS,990901,19:30:12,19:30:25,13,0:00:00,0:00:00,0,AGENT,19:30:24,19:32:22,118,MEIR
AA0214,26148,0,0,PS,990901,19:50:56,19:51:11,15,0:00:00,0:00:00,0,AGENT,19:51:10,19:52:04,54,BENSION
AA0214,26149,0,0,PS,990901,20:15:10,20:15:23,13,0:00:00,0:00:00,0,AGENT,20:15:21,20:24:33,552,AVI
AA0214,26150,0,0,PS,990901,20:30:03,20:30:16,13,0:00:00,0:00:00,0,AGENT,0:00:00,0:00:00,0,MORIAH
AA0214,26151,0,0,PS,990901,20:45:29,20:45:38,9,0:00:00,0:00:00,0,AGENT,20:45:37,20:45:38,1,ANAT
AA0214,26152,0,0,PS,990901,20:57:53,20:58:05,12,0:00:00,0:00:00,0,AGENT,20:58:04,21:01:57,233,MEIR
AA0214,26153,0,0,PS,990901,21:16:06,21:16:15,9,0:00:00,0:00:00,0,AGENT,21:16:14,21:17:09,55,VICKY
AA0214,26154,0,0,PS,990901,21:38:02,21:38:12,10,0:00:00,0:00:00,0,AGENT,21:38:11,21:38:13,2,TOVA
AA0214,26155,38335204,1,PS,990901,21:55:19,21:55:25,6,21:55:25,21:56:29,64,AGENT,21:56:28,21:57:32,64,BENSION
AA0214,26156,0,0,NW,990901,22:13:17,22:13:32,15,0:00:00,0:00:00,0,HANG,0:00:00,0:00:00,0,NO_SERVER
AA0214,26157,15614282,1,PS,990901,22:28:54,22:29:00,6,22:29:00,22:29:45,45,AGENT,22:29:45,22:32:51,186,AVI
AA0214,26158,57379505,2,PS,990901,22:50:32,22:50:38,6,22:50:38,22:52:55,137,AGENT,22:52:55,22:53:30,35,AVI
AA0214,26159,33780560,2,PS,990901,23:17:08,23:17:13,5,23:17:13,23:18:34,81,AGENT,23:18:33,23:19:15,42,VICKY
AA0214,26160,3374691,2,PS,990901,23:35:54,23:36:00,6,23:36:00,23:37:11,71,AGENT,23:37:10,23:38:05,55,AVI
AA0214,26161,0,0,PS,990902,6:31:22,6:31:31,9,0:00:00,0:00:00,0,HANG,0:00:00,0:00:00,0,NO_SERVER
AA0214,26162,0,0,PS,990902,7:15:53,7:16:05,12,0:00:00,0:00:00,0,AGENT,7:16:05,7:18:33,148,TOVA
AA0214,26163,0,0,NW,990902,7:47:39,7:47:54,15,0:00:00,0:00:00,0,AGENT,7:47:53,7:49:06,73,ZOHARI
AA0214,26164,0,0,NW,990902,8:12:53,8:13:06,13,0:00:00,0:00:00,0,AGENT,8:13:06,8:15:51,165,STEREN
AA0214,26165,0,0,PS,990902,8:28:40,8:28:56,16,0:00:00,0:00:00,0,AGENT,8:28:55,8:30:59,124,TOVA
AA0214,26166,24819179,1,PS,990902,8:40:17,8:40:23,6,8:40:23,8:41:13,50,HANG,0:00:00,0:00:00,0,NO_SERVER
AA0214,26167,52031556,2,NE,990902,8:46:58,8:47:04,6,8:47:04,8:48:25,81,AGENT,8:48:24,8:48:27,3,MORIAH
AA0214,26168,64441306,2,PS,990902,8:56:47,8:56:52,5,8:56:52,8:58:21,89,AGENT,8:58:21,8:59:29,68,ZOHARI
AA0214,26169,25519216,1,PS,990902,9:06:51,9:06:56,5,9:06:56,9:09:45,169,AGENT,9:09:44,9:13:58,254,TOVA
AA0214,26170,0,0,NW,990902,9:23:29,9:23:42,13,0:00:00,0:00:00,0,AGENT,9:23:40,9:24:25,45,ROTH
AA0214,26171,0,0,NE,990902,9:33:29,9:33:43,14,0:00:00,0:00:00,0,AGENT,9:33:41,9:38:25,284,ELI
AA0214,26172,33474602,2,PS,990902,9:42:55,9:43:01,6,9:43:01,9:43:39,38,HANG,0:00:00,0:00:00,0,NO_SERVER
AA0214,26173,51897452,2,PS,990902,9:49:42,9:49:47,5,9:49:47,9:51:50,123,AGENT,9:51:50,9:53:07,77,TOVA
AA0214,26174,14971980,2,PS,990902,9:59:52,9:59:57,5,9:59:57,10:00:46,49,AGENT,10:00:45,10:05:59,314,ROTH
AA0214,26175,25370842,1,PS,990902,10:10:10,10:10:16,6,10:10:16,10:10:36,20,AGENT,10:10:36,10:19:16,520,MORIAH
AA0214,26176,57831349,2,NE,990902,10:18:31,10:18:37,6,10:18:37,10:21:29,172,AGENT,10:21:28,10:24:33,185,STEREN
AA0214,26177,22263115,2,PS,990902,10:25:45,10:25:51,6,10:25:51,10:26:19,28,AGENT,10:26:19,10:29:23,184,MORIAH
AA0214,26178,65032120,2,PS,990902,10:32:09,10:32:15,6,10:32:15,10:33:49,94,AGENT,10:33:49,10:33:51,2,MORIAH
AA0214,26179,8767790,2,PS,990902,10:37:47,10:37:52,5,10:37:52,10:42:09,257,AGENT,10:42:08,10:42:28,20,STEREN
AA0214,26180,52031556,2,PS,990902,10:45:12,10:45:18,6,10:45:18,10:45:30,12,HANG,0:00:00,0:00:00,0,NO_SERVER
AA0214,26181,27957448,2,PS,990902,10:48:50,10:48:55,5,10:48:55,10:50:41,106,AGENT,10:50:40,10:51:54,74,ZOHARI
AA0214,26182,52623048,2,PS,990902,10:57:32,10:57:38,6,10:57:38,10:59:38,120,AGENT,10:59:37,11:00:49,72,ZOHARI
AA0214,26183,54267661,2,PS,990902,11:06:10,11:06:16,6,11:06:16,11:06:25,9,HANG,0:00:00,0:00:00,0,NO_SERVER
AA0214,26184,38388948,2,PS,990902,11:10:40,11:10:46,6,11:10:46,11:11:12,26,HANG,0:00:00,0:00:00,0,NO_SERVER
AA0214,26185,0,0,PS,990902,11:14:54,11:24:13,559,0:00:00,0:00:00,0,HANG,0:00:00,0:00:00,0,NO_SERVER
AA0214,26186,24927717,1,PS,990902,11:35:41,11:35:46,5,11:35:46,11:36:35,49,HANG,0:00:00,0:00:00,0,NO_SERVER
AA0214,26187,0,0,PS,990902,11:44:11,11:44:20,9,0:00:00,0:00:00,0,AGENT,11:44:19,11:44:44,25,STEREN
AA0214,26188,11437209,2,PE,990902,11:50:09,11:50:14,5,11:50:14,11:52:15,121,HANG,0:00:00,0:00:00,0,NO_SERVER
AA0214,26189,25246380,2,PS,990902,12:02:40,12:02:45,5,12:02:45,12:02:55,10,AGENT,12:02:55,12:02:57,2,MORIAH
AA0214,26190,32322950,1,PS,990902,12:11:34,12:11:40,6,12:11:40,12:13:25,105,AGENT,12:13:24,12:14:12,48,STEREN
AA0214,26191,58029430,1,PS,990902,12:23:40,12:23:46,6,12:23:46,12:23:51,5,AGENT,12:23:50,12:24:51,61,TOVA
AA0214,26192,51929339,2,PS,990902,12:35:33,12:35:39,6,12:35:39,12:36:10,31,AGENT,12:36:09,12:36:11,2,TOVA
AA0214,26193,22874192,2,PS,990902,12:43:31,12:43:36,5,12:43:36,12:43:45,9,AGENT,12:43:44,12:43:47,3,MORIAH
AA0214,26194,0,0,NE,990902,12:50:15,12:50:32,17,0:00:00,0:00:00,0,AGENT,12:50:32,13:10:46,1214,ELI
AA0214,26195,16793861,1,PS,990902,13:01:38,13:01:44,6,13:01:44,13:01:58,14,AGENT,13:01:58,13:05:00,182,KAZAV
AA0214,26196,43288190,2,PS,990902,13:10:28,13:10:33,5,13:10:33,13:11:07,34,AGENT,13:11:07,13:21:23,616,ROTH
AA0214,26197,0,0,PS,990902,13:20:43,13:21:00,17,0:00:00,0:00:00,0,AGENT,13:20:58,13:24:28,210,TOVA
AA0214,26198,0,0,NW,990902,13:28:31,13:28:43,12,0:00:00,0:00:00,0,AGENT,13:28:42,13:39:48,666,MORIAH
AA0214,26199,0,0,NW,990902,13:44:26,13:44:38,12,0:00:00,0:00:00,0,AGENT,13:44:37,13:49:57,320,MORIAH
AA0214,26200,0,0,NW,990902,13:56:16,13:56:25,9,13:56:25,13:57:35,70,AGENT,13:57:33,14:01:29,236,STEREN
AA0214,26202,0,0,PS,990902,14:07:08,14:07:08,0,0:00:00,0:00:00,0,HANG,0:00:00,0:00:00,0,NO_SERVER
AA0214,26203,31794381,1,PS,990902,14:16:56,14:17:01,5,14:17:01,14:23:49,408,AGENT,14:23:48,14:24:43,55,KAZAV
AA0214,26204,33146341,1,PS,990902,14:31:10,14:31:15,5,14:31:15,14:34:12,177,AGENT,14:34:11,14:34:44,33,ROTH
AA0214,26205,0,0,NW,990902,14:42:36,14:42:40,4,14:42:40,14:42:55,15,HANG,0:00:00,0:00:00,0,NO_SERVER
AA0214,26206,0,0,PS,990902,14:52:33,14:52:45,12,0:00:00,0:00:00,0,AGENT,14:52:43,14:54:40,117,DARMON
AA0214,26207,0,0,NW,990902,15:02:17,15:02:27,10,15:02:27,15:03:27,60,HANG,0:00:00,0:00:00,0,NO_SERVER
AA0214,26208,14504765,2,PS,990902,15:11:03,15:11:09,6,15:11:09,15:15:16,247,AGENT,15:15:15,15:18:59,224,STEREN
AA0214,26209,0,0,NW,990902,15:24:46,15:24:53,7,15:24:53,15:35:34,641,AGENT,15:35:33,15:35:51,18,STEREN
AA0214,26211,0,0,PS,990902,15:42:20,15:42:20,0,0:00:00,0:00:00,0,HANG,0:00:00,0:00:00,0,NO_SERVER
AA0214,26212,13171178,2,PS,990902,15:47:00,15:47:06,6,15:47:06,15:49:39,153,AGENT,15:49:38,15:53:22,224,KAZAV
AA0214,26213,0,0,NW,990902,15:59:12,15:59:22,10,15:59:22,16:00:05,43,HANG,0:00:00,0:00:00,0,NO_SERVER
AA0214,26214,33730805,2,PS,990902,16:06:07,16:06:13,6,16:06:13,16:09:26,193,AGENT,16:09:25,16:12:52,207,BASCH
AA0214,26215,43745652,2,PS,990902,16:16:38,16:16:44,6,16:16:44,16:18:58,134,HANG,0:00:00,0:00:00,0,NO_SERVER
AA0214,26216,54042171,2,NE,990902,16:22:59,16:23:04,5,16:23:04,16:25:34,150,AGENT,16:25:34,16:28:50,196,AVI
AA0214,26217,22076251,2,PS,990902,16:31:45,16:31:51,6,16:31:51,16:33:39,108,AGENT,16:33:38,16:36:10,152,AVI
AA0214,26218,0,0,NW,990902,16:42:04,16:42:14,10,16:42:14,16:42:15,1,HANG,0:00:00,0:00:00,0,NO_SERVER
AA0214,26219,58704610,2,PS,990902,16:49:34,16:49:39,5,16:49:39,16:49:47,8,AGENT,16:49:46,16:58:36,530,BASCH
AA0214,26220,0,0,NW,990902,17:02:29,17:02:38,9,17:02:38,17:04:10,92,AGENT,17:04:09,17:05:01,52,YITZ
AA0214,26221,0,0,NW,990902,17:13:28,17:13:36,8,17:13:36,17:16:56,200,AGENT,17:16:55,17:18:20,85,BASCH
AA0214,26222,50731694,2,PS,990902,17:24:13,17:24:19,6,17:24:19,17:24:57,38,AGENT,17:24:56,17:26:53,117,DARMON
AA0214,26223,32183709,1,PS,990902,17:36:30,17:36:36,6,17:36:36,17:36:47,11,HANG,0:00:00,0:00:00,0,NO_SERVER
AA0214,26224,0,0,NW,990902,17:45:08,17:45:19,11,0:00:00,0:00:00,0,AGENT,17:45:18,17:46:39,81,AVI
AA0214,26225,4477097,2,NW,990902,17:58:53,17:58:58,5,17:58:58,17:59:17,19,PHANTOM,17:59:16,17:59:19,3,NO_SERVER
AA0214,26226,27329242,1,PS,990902,18:04:59,18:05:04,5,18:05:04,18:05:41,37,AGENT,18:05:40,18:12:54,434,YITZ
AA0214,26227,28767283,1,PS,990902,18:20:07,18:20:13,6,18:20:13,18:20:51,38,AGENT,18:20:50,18:24:03,193,VICKY
AA0214,26228,0,0,PS,990902,18:29:39,18:29:57,18,0:00:00,0:00:00,0,AGENT,18:29:57,18:35:20,323,MEIR
AA0214,26229,0,0,NW,990902,18:44:29,18:44:38,9,18:44:38,18:47:25,167,AGENT,18:47:24,19:10:16,1372,PINHAS
AA0214,26230,24087934,2,PS,990902,18:55:26,18:55:31,5,18:55:31,18:55:47,16,AGENT,18:55:46,19:01:51,365,YITZ
AA0214,26231,0,0,NW,990902,19:03:50,19:04:00,10,19:04:00,19:06:06,126,AGENT,19:06:05,19:07:59,114,VICKY
AA0214,26232,0,0,PS,990902,19:24:08,19:24:19,11,0:00:00,0:00:00,0,AGENT,19:24:19,19:26:57,158,MEIR
AA0214,26233,0,0,NW,990902,19:35:26,19:35:42,16,0:00:00,0:00:00,0,AGENT,19:35:41,19:38:01,140,VICKY
AA0214,26234,0,0,PS,990902,19:49:31,19:49:42,11,0:00:00,0:00:00,0,AGENT,19:49:41,19:52:37,176,AVI
AA0214,26235,0,0,PS,990902,20:05:04,20:05:14,10,0:00:00,0:00:00,0,AGENT,20:05:13,20:05:19,6,NO_SERVER
AA0214,26236,0,0,PS,990902,20:27:25,20:27:38,13,0:00:00,0:00:00,0,AGENT,20:27:37,20:30:18,161,BASCH
AA0214,26237,304377120,2,PS,990902,20:43:49,20:43:54,5,20:43:54,20:44:48,54,AGENT,20:44:47,20:49:00,253,BASCH
AA0214,26238,0,0,PS,990902,21:00:04,21:00:14,10,0:00:00,0:00:00,0,AGENT,21:00:13,21:03:16,183,VICKY
AA0214,26239,0,0,PS,990902,21:30:09,21:30:24,15,0:00:00,0:00:00,0,AGENT,21:30:24,21:30:47,23,VICKY
AA0214,26240,0,0,PS,990902,21:56:26,21:56:53,27,0:00:00,0:00:00,0,AGENT,21:56:52,21:58:34,102,AVI
AA0214,26241,0,0,NW,990902,22:39:15,22:39:24,9,22:39:24,22:39:55,31,AGENT,22:39:54,22:40:47,53,PINHAS
AA0214,26242,0,0,PS,990902,23:07:55,23:08:05,10,0:00:00,0:00:00,0,AGENT,23:08:04,23:08:56,52,BASCH
AA0214,26243,3699154,2,NE,990902,23:26:15,23:26:21,6,23:26:21,23:26:59,38,AGENT,23:26:59,23:29:49,170,AVI
AA0214,26244,0,0,NW,990903,0:07:38,0:08:16,38,0:00:00,0:00:00,0,HANG,0:00:00,0:00:00,0,NO_SERVER
AA0214,26245,0,0,NW,990903,6:25:29,6:26:07,38,0:00:00,0:00:00,0,HANG,0:00:00,0:00:00,0,NO_SERVER
AA0214,26246,0,0,PS,990903,7:04:18,7:04:28,10,7:04:28,7:04:39,11,HANG,0:00:00,0:00:00,0,NO_SERVER
AA0214,26247,0,0,PS,990903,7:04:44,7:04:51,7,7:04:51,7:04:59,8,HANG,0:00:00,0:00:00,0,NO_SERVER
AA0214,26248,0,0,PS,990903,7:34:38,7:34:49,11,0:00:00,0:00:00,0,AGENT,7:34:48,7:35:52,64,ZOHARI
AA0214,26249,0,0,PS,990903,7:45:50,7:46:05,15,0:00:00,0:00:00,0,AGENT,7:46:04,7:50:23,259,BENSION
AA0214,26250,0,0,PS,990903,7:59:52,8:00:06,14,0:00:00,0:00:00,0,AGENT,8:00:04,8:01:02,58,BASCH
AA0214,26251,24290983,2,PS,990903,8:15:37,8:15:43,6,8:15:43,8:15:57,14,AGENT,8:15:56,8:17:37,101,STEREN
AA0214,26252,0,0,NW,990903,8:27:46,8:27:59,13,0:00:00,0:00:00,0,AGENT,8:27:58,8:28:32,34,BENSION
AA0214,26253,50078823,2,PS,990903,8:40:55,8:41:01,6,8:41:01,8:41:38,37,AGENT,8:41:38,8:48:37,419,ROTH
AA0214,26254,0,0,PS,990903,8:51:06,8:51:18,12,0:00:00,0:00:00,0,AGENT,8:51:18,9:11:32,1214,ELI
AA0214,26255,0,0,PS,990903,9:00:08,9:00:17,9,0:00:00,0:00:00,0,AGENT,9:00:16,9:00:19,3,MORIAH
AA0214,26256,0,0,PS,990903,9:09:38,9:09:46,8,0:00:00,0:00:00,0,AGENT,9:09:46,9:12:38,172,ROTH
AA0214,26257,57747453,1,PS,990903,9:22:45,9:22:50,5,9:22:50,9:25:46,176,AGENT,9:25:45,9:28:07,142,STEREN
AA0214,26258,0,0,NW,990903,9:35:10,9:35:22,12,0:00:00,0:00:00,0,AGENT,9:35:26,9:35:31,5,NO_SERVER
AA0214,26259,28117638,2,PS,990903,9:51:10,9:51:16,6,9:51:16,9:51:41,25,AGENT,9:51:40,9:53:51,131,STEREN
AA0214,26260,31915382,1,NE,990903,10:00:55,10:01:01,6,10:01:01,10:01:47,46,HANG,0:00:00,0:00:00,0,NO_SERVER
AA0214,26261,0,0,PS,990903,10:13:13,10:13:22,9,0:00:00,0:00:00,0,AGENT,10:13:21,10:20:56,455,BASCH
AA0214,26262,53909412,2,PS,990903,10:26:30,10:26:36,6,10:26:36,10:26:48,12,AGENT,10:26:47,10:29:49,182,ZOHARI
AA0214,26263,3744216,2,PS,990903,10:34:27,10:34:33,6,10:34:33,10:34:50,17,AGENT,10:34:49,10:34:54,5,MORIAH
AA0214,26264,0,0,PS,990903,10:42:47,10:44:00,73,0:00:00,0:00:00,0,HANG,0:00:00,0:00:00,0,NO_SERVER
AA0214,26265,17709940,1,PS,990903,10:56:54,10:57:00,6,10:57:00,11:00:05,185,AGENT,11:00:04,11:04:45,281,ROTH
AA0214,26266,37699295,1,PS,990903,11:15:46,11:15:52,6,11:15:52,11:17:20,88,AGENT,11:17:20,11:19:19,119,BENSION
AA0214,26267,0,0,PS,990903,11:28:52,11:29:00,8,0:00:00,0:00:00,0,AGENT,11:29:00,11:30:45,105,STEREN
AA0214,26268,0,0,PS,990903,11:45:40,11:45:50,10,0:00:00,0:00:00,0,AGENT,11:45:50,11:48:15,145,ZOHARI
AA0214,26269,65032120,2,PS,990903,12:03:04,12:03:09,5,12:03:09,12:03:50,41,HANG,0:00:00,0:00:00,0,NO_SERVER
AA0214,26270,0,0,PS,990903,12:20:20,12:20:29,9,0:00:00,0:00:00,0,AGENT,12:20:28,12:21:40,72,ROTH
AA0214,26271,0,0,NW,990903,12:33:16,12:33:34,18,0:00:00,0:00:00,0,AGENT,12:33:33,12:38:40,307,BENSION
AA0214,26272,5318985,2,PS,990903,12:53:41,12:53:46,5,12:53:46,12:53:59,13,AGENT,12:53:58,12:53:59,1,BENSION
AA0214,26273,0,0,PS,990903,13:13:19,13:13:29,10,0:00:00,0:00:00,0,AGENT,13:13:28,13:13:31,3,MORIAH
AA0214,26274,0,0,NW,990903,13:33:08,13:33:26,18,0:00:00,0:00:00,0,AGENT,13:33:24,13:33:41,17,BENSION
AA0214,26275,0,0,PS,990903,14:08:54,14:09:21,27,0:00:00,0:00:00,0,HANG,0:00:00,0:00:00,0,NO_SERVER
AA0214,26276,0,0,NW,990903,14:38:57,14:39:35,38,0:00:00,0:00:00,0,HANG,0:00:00,0:00:00,0,NO_SERVER
AA0214,26277,0,0,NW,990903,15:35:31,15:35:53,22,0:00:00,0:00:00,0,HANG,0:00:00,0:00:00,0,NO_SERVER
AA0214,26278,0,0,PS,990903,16:58:38,16:59:15,37,0:00:00,0:00:00,0,HANG,0:00:00,0:00:00,0,NO_SERVER
AA0214,26279,0,0,PS,990904,2:15:10,2:15:48,38,0:00:00,0:00:00,0,HANG,0:00:00,0:00:00,0,NO_SERVER
AA0214,26280,0,0,PS,990904,19:08:38,19:09:19,41,0:00:00,0:00:00,0,HANG,0:00:00,0:00:00,0,NO_SERVER
AA0214,26281,0,0,NE,990904,19:54:18,19:54:31,13,0:00:00,0:00:00,0,HANG,0:00:00,0:00:00,0,NO_SERVER
AA0214,26282,54160056,2,PS,990904,20:14:08,20:14:13,5,20:14:13,20:14:44,31,PHANTOM,20:14:43,20:14:46,3,NO_SERVER
AA0214,26283,59630624,1,NE,990904,20:27:52,20:27:58,6,20:27:58,20:31:19,201,AGENT,20:31:18,20:31:22,4,MORIAH
AA0214,26284,71520779,1,PS,990904,20:43:40,20:43:45,5,20:43:45,20:44:01,16,AGENT,20:44:00,20:45:15,75,SHARON
AA0214,26285,55279970,2,NE,990904,20:59:54,21:00:00,6,21:00:00,21:02:44,164,HANG,0:00:00,0:00:00,0,NO_SERVER
AA0214,26286,0,0,PS,990904,21:31:45,21:31:54,9,0:00:00,0:00:00,0,AGENT,21:31:53,21:35:51,238,ZOHARI
AA0214,26287,0,0,PS,990904,21:58:33,21:58:44,11,0:00:00,0:00:00,0,AGENT,21:58:42,22:00:14,92,BASCH
AA0214,26288,0,0,PS,990904,22:32:20,22:32:32,12,0:00:00,0:00:00,0,AGENT,22:32:31,22:34:05,94,SHARON
AA0214,26289,0,0,PS,990904,23:01:29,23:01:43,14,0:00:00,0:00:00,0,AGENT,23:01:42,23:03:14,92,SHARON
AA0214,26290,0,0,PS,990904,23:56:03,23:56:16,13,0:00:00,0:00:00,0,AGENT,23:56:15,23:57:39,84,BASCH
AA0214,26291,0,0,PS,990905,6:36:58,6:37:13,15,0:00:00,0:00:00,0,HANG,0:00:00,0:00:00,0,NO_SERVER
AA0214,26292,27792779,2,PS,990905,7:16:50,7:16:55,5,7:16:55,7:18:21,86,AGENT,7:18:21,7:19:42,81,AVI
AA0214,26293,0,0,PS,990905,7:37:48,7:37:58,10,0:00:00,0:00:00,0,AGENT,7:37:57,7:39:04,67,ANAT
AA0214,26294,0,0,PS,990905,8:01:57,8:02:09,12,0:00:00,0:00:00,0,AGENT,8:02:09,8:03:34,85,AVI
AA0214,26295,0,0,NW,990905,8:17:56,8:18:05,9,8:18:05,8:19:59,114,AGENT,8:19:58,8:28:28,510,STEREN
AA0214,26296,0,0,PS,990905,8:29:30,8:29:40,10,0:00:00,0:00:00,0,AGENT,8:29:39,8:34:49,310,DORIT
AA0214,26297,0,0,PS,990905,8:47:33,8:47:43,10,0:00:00,0:00:00,0,AGENT,8:47:41,8:50:37,176,STEREN
AA0214,26298,59228114,2,PS,990905,8:56:19,8:56:25,6,8:56:25,8:56:59,34,AGENT,8:56:58,8:58:24,86,STEREN
AA0214,26299,10603553,2,PS,990905,9:11:29,9:11:35,6,9:11:35,9:12:03,28,AGENT,9:12:01,9:12:52,51,DORIT
AA0214,26300,33630393,2,PS,990905,9:18:06,9:18:12,6,9:18:12,9:18:48,36,AGENT,9:18:47,9:22:10,203,AVI
AA0214,26301,14940571,1,PS,990905,9:27:38,9:27:43,5,9:27:43,9:28:02,19,HANG,0:00:00,0:00:00,0,NO_SERVER
AA0214,26302,0,0,PS,990905,9:36:23,9:36:35,12,0:00:00,0:00:00,0,AGENT,9:36:34,9:41:18,284,NAAMA
AA0214,26303,309890010,1,NW,990905,9:46:49,9:46:53,4,9:46:53,9:47:07,14,HANG,0:00:00,0:00:00,0,NO_SERVER
AA0214,26304,32214983,1,PS,990905,9:53:10,9:53:16,6,9:53:16,9:54:44,88,HANG,0:00:00,0:00:00,0,NO_SERVER
AA0214,26305,58013293,1,PS,990905,10:00:56,10:01:02,6,10:01:02,10:03:30,148,PHANTOM,10:03:29,10:03:32,3,NO_SERVER
AA0214,26306,27929884,2,PS,990905,10:09:48,10:09:54,6,10:09:54,10:14:18,264,AGENT,10:14:16,10:17:46,210,AVI
AA0214,26307,54676242,2,PS,990905,10:21:00,10:21:05,5,10:21:05,10:21:33,28,AGENT,10:21:32,10:24:00,148,ROTH
AA0214,26308,0,0,NW,990905,10:26:47,10:26:56,9,10:26:56,10:31:35,279,HANG,0:00:00,0:00:00,0,NO_SERVER
AA0214,26309,56839194,1,PS,990905,10:36:28,10:36:34,6,10:36:34,10:44:20,466,AGENT,10:44:19,10:49:48,329,AVI
AA0214,26310,0,0,NW,990905,10:45:27,10:45:36,9,10:45:36,10:45:58,22,HANG,0:00:00,0:00:00,0,NO_SERVER
AA0214,26311,56768120,1,PS,990905,10:51:01,10:51:06,5,10:51:06,10:54:04,178,AGENT,10:54:04,10:54:46,42,ANAT
AA0214,26312,53616900,2,PS,990905,10:58:42,10:58:48,6,10:58:48,11:02:50,242,AGENT,11:02:49,11:03:15,26,AVI
AA0214,26313,31469174,1,PS,990905,11:05:34,11:05:39,5,11:05:39,11:07:23,104,HANG,0:00:00,0:00:00,0,NO_SERVER
AA0214,26314,25388687,1,PS,990905,11:12:57,11:13:02,5,11:13:02,11:15:43,161,AGENT,11:15:42,11:17:36,114,AVI
AA0214,26315,75560649,2,PS,990905,11:23:38,11:23:43,5,11:23:43,11:25:25,102,AGENT,11:25:25,11:26:30,65,ANAT
AA0214,26316,0,0,NW,990905,11:33:06,11:33:15,9,11:33:15,11:36:06,171,HANG,0:00:00,0:00:00,0,NO_SERVER
AA0214,26317,57074585,2,PS,990905,11:42:28,11:42:33,5,11:42:33,11:43:07,34,AGENT,11:43:07,11:47:19,252,ANAT
AA0214,26318,0,0,NW,990905,11:56:19,11:56:34,15,0:00:00,0:00:00,0,AGENT,11:56:33,11:57:45,72,ROTH
AA0214,26319,5373469,1,PS,990905,12:02:24,12:02:29,5,12:02:29,12:03:42,73,AGENT,12:03:42,12:05:32,110,NAAMA
AA0214,26320,0,0,PS,990905,12:10:38,12:10:47,9,0:00:00,0:00:00,0,AGENT,12:10:46,12:21:57,671,DORIT
AA0214,26321,24927717,1,PS,990905,12:23:29,12:23:35,6,12:23:35,12:23:47,12,AGENT,12:23:46,12:26:04,138,GELBER
AA0214,26322,32991440,2,PS,990905,12:33:57,12:34:03,6,12:34:03,12:35:10,67,AGENT,12:35:09,12:35:12,3,AVI
AA0214,26323,0,0,PS,990905,12:45:43,12:45:58,15,0:00:00,0:00:00,0,AGENT,12:45:58,12:46:00,2,ANAT
AA0214,26324,27323427,1,PS,990905,12:54:15,12:54:21,6,12:54:21,12:56:21,120,AGENT,12:56:20,12:59:09,169,ROTH
AA0214,26325,9730748,1,PS,990905,13:07:57,13:08:02,5,13:08:02,13:10:34,152,AGENT,13:10:33,13:15:56,323,NAAMA
AA0214,26326,25719790,2,PS,990905,13:17:26,13:17:32,6,13:17:32,13:18:51,79,AGENT,13:18:49,13:20:46,117,STEREN
AA0214,26327,0,0,NW,990905,13:28:39,13:28:49,10,13:28:49,13:29:20,31,AGENT,13:29:19,13:31:53,154,DORIT
AA0214,26328,0,0,PS,990905,13:43:54,13:44:05,11,0:00:00,0:00:00,0,AGENT,13:44:04,13:48:43,279,ZOHARI
AA0214,26329,0,0,PS,990905,13:55:52,13:56:03,11,0:00:00,0:00:00,0,AGENT,13:56:03,13:57:19,76,DORIT
AA0214,26330,0,0,NE,990905,14:03:38,14:03:50,12,0:00:00,0:00:00,0,AGENT,14:03:49,14:05:38,109,ELI
AA0214,26331,0,0,PS,990905,14:15:34,14:15:44,10,0:00:00,0:00:00,0,AGENT,14:15:43,14:24:20,517,NAAMA
AA0214,26332,22116537,2,PS,990905,14:23:04,14:23:10,6,14:23:10,14:25:57,167,AGENT,14:25:56,14:32:47,411,TOVA
AA0214,26333,49979370,2,PS,990905,14:33:04,14:33:10,6,14:33:10,14:34:32,82,AGENT,14:34:31,14:37:02,151,YIFAT
AA0214,26334,23640485,2,PS,990905,14:44:58,14:45:04,6,14:45:04,14:45:11,7,AGENT,14:45:10,14:54:47,577,AVI
AA0214,26335,54134291,2,PS,990905,14:53:02,14:53:08,6,14:53:08,14:57:13,245,AGENT,14:57:12,15:02:27,315,ROTH
AA0214,26336,58704610,2,PS,990905,15:03:52,15:03:58,6,15:03:58,15:07:41,223,AGENT,15:07:39,15:09:04,85,BASCH
AA0214,26337,59197178,2,PS,990905,15:16:29,15:16:35,6,15:16:35,15:16:51,16,AGENT,15:16:50,15:18:55,125,BASCH
AA0214,26338,58308636,2,PS,990905,15:23:59,15:24:05,6,15:24:05,15:24:28,23,HANG,0:00:00,0:00:00,0,NO_SERVER
AA0214,26339,22085120,1,PS,990905,15:32:29,15:32:35,6,15:32:35,15:35:17,162,AGENT,15:35:17,15:37:54,157,ROTH
AA0214,26340,64185333,2,PS,990905,15:40:40,15:40:45,5,15:40:45,15:43:37,172,AGENT,15:43:36,15:43:38,2,MORIAH
AA0214,26341,0,0,NW,990905,15:47:47,15:47:56,9,15:47:56,15:48:27,31,HANG,0:00:00,0:00:00,0,NO_SERVER
AA0214,26342,25297086,1,PS,990905,15:54:03,15:54:09,6,15:54:09,15:56:53,164,AGENT,15:56:52,15:58:40,108,STEREN
AA0214,26343,0,0,NW,990905,15:59:58,16:00:08,10,16:00:08,16:00:12,4,HANG,0:00:00,0:00:00,0,NO_SERVER
AA0214,26344,13337936,2,PS,990905,16:04:04,16:04:09,5,16:04:09,16:04:18,9,HANG,0:00:00,0:00:00,0,NO_SERVER
AA0214,26345,55921597,1,NE,990905,16:08:56,16:09:02,6,16:09:02,16:12:32,210,AGENT,16:12:30,16:12:56,26,VICKY
AA0214,26346,0,0,NW,990905,16:15:01,16:15:11,10,16:15:11,16:17:58,167,HANG,0:00:00,0:00:00,0,NO_SERVER
AA0214,26347,30712699,2,NE,990905,16:24:01,16:24:06,5,16:24:06,16:24:46,40,AGENT,16:24:46,16:28:11,205,MORIAH
AA0214,26348,313656142,1,PS,990905,16:31:28,16:31:33,5,16:31:33,16:35:39,246,AGENT,16:35:38,16:39:08,210,VICKY
AA0214,26349,73597874,2,PS,990905,16:48:14,16:48:19,5,16:48:19,16:48:51,32,AGENT,16:48:50,16:50:44,114,MORIAH
AA0214,26350,10587137,2,NE,990905,16:56:02,16:56:07,5,16:56:07,16:59:09,182,AGENT,16:59:08,16:59:26,18,BASCH
AA0214,26351,0,0,NW,990905,17:09:28,17:09:44,16,0:00:00,0:00:00,0,AGENT,17:09:43,17:09:55,12,BASCH
AA0214,26352,0,0,NW,990905,17:21:17,17:21:27,10,17:21:27,17:25:09,222,AGENT,17:25:08,17:26:09,61,VICKY
AA0214,26353,17932443,1,PS,990905,17:34:06,17:34:12,6,17:34:12,17:36:48,156,AGENT,17:36:47,17:38:19,92,TOVA
AA0214,26354,50850429,2,PS,990905,17:44:20,17:44:26,6,17:44:26,17:45:06,40,AGENT,17:44:59,17:46:02,63,BASCH
AA0214,26355,0,0,NW,990905,17:59:59,18:00:14,15,0:00:00,0:00:00,0,AGENT,18:00:13,18:03:03,170,VICKY
AA0214,26356,54128681,2,PS,990905,18:23:35,18:23:41,6,18:23:41,18:23:50,9,AGENT,18:23:50,18:26:56,186,TOVA
AA0214,26357,29641727,2,PS,990905,18:46:06,18:46:12,6,18:46:12,18:47:03,51,AGENT,18:47:01,18:47:49,48,MORIAH
AA0214,26358,0,0,PS,990905,19:05:50,19:06:01,11,0:00:00,0:00:00,0,AGENT,19:06:00,19:09:46,226,BASCH
AA0214,26359,313663411,1,PS,990905,19:31:37,19:31:42,5,19:31:42,19:31:53,11,AGENT,19:31:52,19:34:48,176,MORIAH
AA0214,26360,0,0,PS,990905,19:49:48,19:49:58,10,0:00:00,0:00:00,0,AGENT,19:49:57,19:49:59,2,MORIAH
AA0214,26361,0,0,NW,990905,20:02:11,20:02:21,10,20:02:21,20:02:28,7,AGENT,20:02:27,20:04:26,119,VICKY
AA0214,26362,0,0,NE,990905,20:20:36,20:20:46,10,0:00:00,0:00:00,0,AGENT,20:20:46,20:22:26,100,MORIAH
AA0214,26363,0,0,PS,990905,20:53:18,20:53:27,9,0:00:00,0:00:00,0,AGENT,20:53:27,20:53:28,1,TOVA
AA0214,26364,24405672,2,PS,990905,21:19:52,21:19:57,5,21:19:57,21:21:32,95,AGENT,21:21:31,21:22:08,37,VICKY
AA0214,26365,25429325,2,PS,990905,21:44:25,21:44:30,5,21:44:30,21:44:56,26,AGENT,21:44:55,21:46:43,108,VICKY
AA0214,26366,24246902,1,PS,990905,21:55:42,21:55:48,6,21:55:48,21:57:04,76,AGENT,21:57:03,21:57:16,13,VICKY
AA0214,26367,8141616,2,PS,990905,22:14:46,22:14:52,6,22:14:52,22:15:29,37,AGENT,22:15:28,22:16:41,73,BENSION
AA0214,26368,0,0,PS,990905,22:49:10,22:49:25,15,0:00:00,0:00:00,0,AGENT,22:49:24,22:55:41,377,BASCH
AA0214,26369,10634848,1,NE,990905,23:16:06,23:16:11,5,23:16:11,23:17:19,68,AGENT,23:17:18,23:19:49,151,VICKY
AA0214,26370,0,0,NW,990906,2:16:45,2:17:09,24,0:00:00,0:00:00,0,HANG,0:00:00,0:00:00,0,NO_SERVER
AA0214,26371,0,0,PS,990906,7:04:30,7:04:41,11,0:00:00,0:00:00,0,AGENT,7:04:39,7:08:12,213,SHARON
AA0214,26372,0,0,NE,990906,7:30:25,7:30:34,9,0:00:00,0:00:00,0,AGENT,7:30:33,7:30:37,4,MORIAH
AA0214,26373,0,0,PS,990906,7:57:46,7:58:00,14,0:00:00,0:00:00,0,AGENT,7:57:59,8:00:21,142,TOVA
AA0214,26374,0,0,NW,990906,8:10:08,8:10:21,13,0:00:00,0:00:00,0,AGENT,8:10:20,8:10:49,29,BASCH
AA0214,26375,0,0,PS,990906,8:25:51,8:25:59,8,0:00:00,0:00:00,0,AGENT,8:25:58,8:27:31,93,DORIT
AA0214,26376,0,0,PS,990906,8:40:39,8:40:50,11,0:00:00,0:00:00,0,AGENT,8:40:49,8:41:41,52,DORIT
AA0214,26377,0,0,NW,990906,8:53:05,8:53:19,14,0:00:00,0:00:00,0,AGENT,8:53:18,8:55:23,125,SHARON
AA0214,26378,0,0,PS,990906,9:02:32,9:02:42,10,0:00:00,0:00:00,0,AGENT,9:02:42,9:04:38,116,ZOHARI
AA0214,26379,0,0,NW,990906,9:12:55,9:13:05,10,9:13:05,9:14:07,62,AGENT,9:14:06,9:14:36,30,SHARON
AA0214,26380,0,0,PS,990906,9:21:09,9:21:20,11,0:00:00,0:00:00,0,AGENT,9:21:19,9:22:29,70,BASCH
AA0214,26381,56765985,2,PS,990906,9:26:35,9:26:41,6,9:26:41,9:27:06,25,AGENT,9:27:05,9:31:52,287,ROTH
AA0214,26382,0,0,PS,990906,9:35:10,9:35:20,10,0:00:00,0:00:00,0,AGENT,9:35:19,9:37:02,103,YITZ
AA0214,26383,0,0,NW,990906,9:45:44,9:45:46,2,0:00:00,0:00:00,0,HANG,0:00:00,0:00:00,0,NO_SERVER
AA0214,26384,43288190,2,PS,990906,9:52:35,9:52:40,5,9:52:40,9:53:10,30,AGENT,9:53:09,10:00:14,425,TOVA
AA0214,26385,0,0,PS,990906,10:01:34,10:01:45,11,0:00:00,0:00:00,0,AGENT,10:01:44,10:05:45,241,YITZ
AA0214,26386,51294858,2,PS,990906,10:07:09,10:07:14,5,10:07:14,10:10:24,190,AGENT,10:10:23,10:14:26,243,ROTH
AA0214,26387,3374691,2,PS,990906,10:14:51,10:14:57,6,10:14:57,10:17:15,138,AGENT,10:17:14,10:17:53,39,TOVA
AA0214,26388,33474602,2,PS,990906,10:22:47,10:22:53,6,10:22:53,10:24:15,82,AGENT,10:24:14,10:28:55,281,SHARON
AA0214,26389,38719860,2,PS,990906,10:31:57,10:32:02,5,10:32:02,10:32:14,12,AGENT,10:32:13,10:34:25,132,YIFAT
AA0214,26390,0,0,PS,990906,10:41:10,10:41:26,16,0:00:00,0:00:00,0,AGENT,10:41:25,10:46:44,319,TOVA
AA0214,26391,0,0,PS,990906,10:48:53,10:49:08,15,0:00:00,0:00:00,0,AGENT,10:49:07,10:52:17,190,BASCH
AA0214,26392,0,0,PS,990906,10:58:23,10:58:33,10,0:00:00,0:00:00,0,AGENT,10:58:32,11:01:07,155,TOVA
AA0214,26393,0,0,PS,990906,11:09:02,11:09:12,10,0:00:00,0:00:00,0,AGENT,11:09:11,11:18:47,576,ZOHARI
AA0214,26394,13190756,2,PS,990906,11:19:00,11:19:05,5,11:19:05,11:19:46,41,AGENT,11:19:45,11:22:47,182,BASCH
AA0214,26395,0,0,NW,990906,11:31:48,11:31:57,9,11:31:57,11:32:38,41,AGENT,11:32:37,11:33:57,80,MORIAH
AA0214,26396,0,0,NW,990906,11:39:59,11:40:08,9,11:40:08,11:40:41,33,AGENT,11:40:41,11:41:50,69,MORIAH
AA0214,26397,0,0,NW,990906,11:47:58,11:48:07,9,11:48:07,11:50:18,131,AGENT,11:50:17,11:52:58,161,SHARON
AA0214,26398,0,0,PS,990906,12:01:33,12:01:42,9,0:00:00,0:00:00,0,AGENT,12:01:41,12:07:08,327,ROTH
AA0214,26399,0,0,PS,990906,12:10:28,12:10:38,10,0:00:00,0:00:00,0,AGENT,12:10:37,12:11:30,53,ROTH
AA0214,26400,0,0,PS,990906,12:25:28,12:25:40,12,0:00:00,0:00:00,0,AGENT,12:25:39,12:28:13,154,MORIAH
AA0214,26401,0,0,PS,990906,12:38:26,12:38:35,9,0:00:00,0:00:00,0,AGENT,12:38:34,12:41:23,169,YITZ
AA0214,26402,0,0,NW,990906,12:53:41,12:53:51,10,12:53:51,12:56:28,157,HANG,0:00:00,0:00:00,0,NO_SERVER
AA0214,26403,0,0,NW,990906,13:10:10,13:10:30,20,0:00:00,0:00:00,0,AGENT,13:10:30,13:11:25,55,SHARON
AA0214,26404,0,0,NW,990906,13:23:33,13:23:53,20,0:00:00,0:00:00,0,AGENT,13:23:52,13:27:41,229,SHARON
AA0214,26405,0,0,PS,990906,13:38:45,13:39:01,16,0:00:00,0:00:00,0,AGENT,13:39:00,13:41:06,126,BASCH
AA0214,26406,0,0,PS,990906,13:53:47,13:53:57,10,0:00:00,0:00:00,0,AGENT,13:53:56,13:54:33,37,ZOHARI
AA0214,26407,0,0,NE,990906,14:03:23,14:03:37,14,0:00:00,0:00:00,0,AGENT,14:03:37,14:16:18,761,ELI
AA0214,26408,53911442,2,PS,990906,14:16:18,14:16:24,6,14:16:24,14:18:00,96,AGENT,14:17:59,14:30:39,760,ROTH
AA0214,26409,53928594,2,PS,990906,14:31:03,14:31:09,6,14:31:09,14:31:39,30,AGENT,14:31:39,14:32:44,65,SHARON
AA0214,26410,24304800,1,PS,990906,14:41:46,14:41:52,6,14:41:52,14:41:56,4,AGENT,14:41:55,14:43:32,97,ANAT
AA0214,26411,0,0,NW,990906,14:50:37,14:50:51,14,0:00:00,0:00:00,0,AGENT,14:50:50,14:51:17,27,BASCH
AA0214,26412,0,0,NW,990906,15:03:04,15:03:14,10,15:03:14,15:05:43,149,HANG,0:00:00,0:00:00,0,NO_SERVER
AA0214,26413,29738572,1,PS,990906,15:20:49,15:20:54,5,15:20:54,15:21:07,13,AGENT,15:21:06,15:21:59,53,SHARON
AA0214,26414,48820351,2,NE,990906,15:29:49,15:29:55,6,15:29:55,15:30:04,9,AGENT,15:30:03,15:32:17,134,SHARON
AA0214,26415,12251724,1,PS,990906,15:41:04,15:41:10,6,15:41:10,15:44:18,188,AGENT,15:44:17,15:53:12,535,STEREN
AA0214,26416,0,0,PS,990906,15:57:16,15:57:25,9,0:00:00,0:00:00,0,AGENT,15:57:24,15:58:14,50,ROTH
AA0214,26417,69604411,2,NE,990906,16:09:17,16:09:23,6,16:09:23,16:10:13,50,AGENT,16:10:12,16:12:00,108,DARMON
AA0214,26418,65607277,2,PS,990906,16:24:28,16:24:34,6,16:24:34,16:25:47,73,AGENT,16:25:45,16:27:56,131,DARMON
AA0214,26419,0,0,PS,990906,16:40:04,16:40:13,9,0:00:00,0:00:00,0,AGENT,16:40:12,16:42:41,149,ROTH
AA0214,26420,0,0,PS,990906,16:59:59,17:00:09,10,0:00:00,0:00:00,0,AGENT,17:00:09,17:00:59,50,VICKY
AA0214,26421,32294357,2,PS,990906,17:15:30,17:15:35,5,17:15:35,17:16:36,61,AGENT,17:16:36,17:25:01,505,GELBER
AA0214,26422,0,0,PS,990906,17:38:45,17:38:51,6,0:00:00,0:00:00,0,AGENT,17:38:52,17:38:59,7,NO_SERVER
AA0214,26423,0,0,NW,990906,17:59:35,17:59:54,19,0:00:00,0:00:00,0,AGENT,17:59:53,18:02:08,135,VICKY
AA0214,26424,65032120,2,PS,990906,18:25:21,18:25:27,6,18:25:27,18:26:27,60,AGENT,18:26:27,18:29:43,196,STEREN
AA0214,26425,0,0,PS,990906,18:42:45,18:43:00,15,0:00:00,0:00:00,0,AGENT,18:42:59,18:51:41,522,ANAT
AA0214,26426,0,0,PS,990906,19:06:50,19:07:04,14,0:00:00,0:00:00,0,AGENT,19:07:03,19:08:55,112,ANAT
AA0214,26427,0,0,PS,990906,19:32:37,19:32:54,17,0:00:00,0:00:00,0,AGENT,19:32:54,19:36:29,215,ANAT
AA0214,26428,0,0,PS,990906,20:14:17,20:14:27,10,0:00:00,0:00:00,0,AGENT,20:14:26,20:20:35,369,STEREN
AA0214,26429,0,0,PS,990906,20:37:53,20:38:03,10,0:00:00,0:00:00,0,AGENT,20:38:02,20:38:40,38,VICKY
AA0214,26430,0,0,PS,990906,20:59:23,20:59:35,12,0:00:00,0:00:00,0,AGENT,20:59:34,21:03:27,233,MEIR
AA0214,26431,0,0,PS,990906,21:18:19,21:18:28,9,0:00:00,0:00:00,0,AGENT,21:18:27,21:19:50,83,STEREN
AA0214,26432,34372334,1,PS,990906,21:39:52,21:39:58,6,21:39:58,21:40:59,61,AGENT,21:40:58,21:52:56,718,DARMON
AA0214,26433,0,0,PS,990906,22:11:03,22:11:14,11,0:00:00,0:00:00,0,AGENT,22:11:13,22:12:40,87,GILI
AA0214,26434,57274383,1,PS,990906,22:46:46,22:46:51,5,22:46:51,22:47:00,9,HANG,0:00:00,0:00:00,0,NO_SERVER
AA0214,26435,0,0,PS,990906,23:27:46,23:27:55,9,0:00:00,0:00:00,0,AGENT,23:27:55,23:30:23,148,STEREN
AA0214,26436,0,0,PS,990907,6:41:24,6:41:43,19,0:00:00,0:00:00,0,HANG,0:00:00,0:00:00,0,NO_SERVER
AA0214,26437,0,0,NE,990907,7:39:31,7:39:41,10,0:00:00,0:00:00,0,AGENT,7:39:40,7:41:14,94,TOVA
AA0214,26438,16941817,1,PS,990907,8:08:00,8:08:05,5,8:08:05,8:08:38,33,AGENT,8:08:37,8:10:59,142,TOVA
AA0214,26439,14738793,2,PS,990907,8:28:58,8:29:04,6,8:29:04,8:29:19,15,AGENT,8:29:18,8:31:53,155,AVI
AA0214,26440,0,0,PS,990907,8:44:35,8:44:43,8,0:00:00,0:00:00,0,AGENT,8:44:43,8:46:51,128,MORIAH
AA0214,26441,4970810,2,PS,990907,8:54:41,8:54:47,6,8:54:47,8:55:34,47,AGENT,8:55:33,8:58:53,200,ROTH
AA0214,26442,0,0,NW,990907,9:01:58,9:02:07,9,9:02:07,9:02:33,26,HANG,0:00:00,0:00:00,0,NO_SERVER
AA0214,26443,0,0,PS,990907,9:15:29,9:15:38,9,0:00:00,0:00:00,0,AGENT,9:15:37,9:17:04,87,AVI
AA0214,26444,30442495,2,PS,990907,9:30:07,9:30:13,6,9:30:13,9:31:40,87,AGENT,9:31:39,9:31:50,11,YIFAT
AA0214,26445,54142708,1,PS,990907,9:41:05,9:41:11,6,9:41:11,9:41:57,46,AGENT,9:41:56,9:42:01,5,MORIAH
AA0214,26446,14312995,1,PS,990907,9:57:40,9:57:46,6,9:57:46,9:58:50,64,AGENT,9:58:49,10:00:56,127,MORIAH
AA0214,26447,0,0,PS,990907,10:09:57,10:10:06,9,0:00:00,0:00:00,0,AGENT,10:10:05,10:24:57,892,ROTH
AA0214,26448,59656280,1,PS,990907,10:21:08,10:21:13,5,10:21:13,10:22:31,78,HANG,0:00:00,0:00:00,0,NO_SERVER
AA0214,26449,50598325,2,PS,990907,10:32:38,10:32:44,6,10:32:44,10:33:27,43,AGENT,10:33:26,10:35:05,99,TOVA
AA0214,26450,0,0,PS,990907,10:47:56,10:48:09,13,0:00:00,0:00:00,0,AGENT,10:48:08,10:49:43,95,BASCH
AA0214,26451,59583963,1,PS,990907,10:57:04,10:57:10,6,10:57:10,10:57:41,31,AGENT,10:57:40,10:58:10,30,BASCH
AA0214,26452,0,0,NW,990907,11:10:43,11:10:52,9,11:10:52,11:14:48,236,HANG,0:00:00,0:00:00,0,NO_SERVER
AA0214,26453,41546904,2,NE,990907,11:23:28,11:23:34,6,11:23:34,11:24:22,48,AGENT,11:24:21,11:25:24,63,AVI
AA0214,26454,0,0,NW,990907,11:35:15,11:35:24,9,11:35:24,11:43:31,487,AGENT,11:43:29,11:48:53,324,AVI
AA0214,26455,0,0,NW,990907,11:51:14,11:51:23,9,11:51:23,11:51:25,2,HANG,0:00:00,0:00:00,0,NO_SERVER
AA0214,26456,55469225,1,PS,990907,12:01:53,12:01:58,5,12:01:58,12:03:23,85,AGENT,12:03:23,12:03:59,36,AVI
AA0214,26457,0,0,PS,990907,12:14:42,12:14:50,8,0:00:00,0:00:00,0,AGENT,12:14:49,12:14:52,3,MORIAH
AA0214,26458,0,0,NE,990907,12:27:05,12:27:13,8,0:00:00,0:00:00,0,AGENT,12:27:13,12:34:09,416,ROTH
AA0214,26459,0,0,PS,990907,12:41:56,12:42:07,11,0:00:00,0:00:00,0,AGENT,12:42:06,12:46:11,245,MORIAH
AA0214,26460,0,0,NW,990907,13:00:28,13:00:38,10,13:00:38,13:03:40,182,AGENT,13:03:39,13:03:40,1,AVI
AA0214,26461,0,0,NW,990907,13:15:33,13:15:42,9,13:15:42,13:16:20,38,HANG,0:00:00,0:00:00,0,NO_SERVER
AA0214,26462,0,0,PS,990907,13:34:42,13:34:51,9,0:00:00,0:00:00,0,AGENT,13:34:50,13:41:38,408,TOVA
AA0214,26463,0,0,PS,990907,13:53:51,13:54:04,13,0:00:00,0:00:00,0,AGENT,13:54:03,13:56:12,129,AVI
AA0214,26464,53973707,2,PS,990907,14:07:15,14:07:21,6,14:07:21,14:07:26,5,AGENT,14:07:26,14:08:37,71,BASCH
AA0214,26465,0,0,NW,990907,14:21:52,14:22:02,10,14:22:02,14:22:35,33,AGENT,14:22:34,14:23:19,45,STEREN
AA0214,26466,12727947,2,PS,990907,14:34:12,14:34:18,6,14:34:18,14:35:22,64,AGENT,14:35:21,14:42:03,402,VICKY
AA0214,26467,22534309,1,PS,990907,14:43:28,14:43:34,6,14:43:34,14:46:07,153,HANG,0:00:00,0:00:00,0,NO_SERVER
AA0214,26468,33771833,1,PS,990907,14:53:41,14:53:47,6,14:53:47,14:55:11,84,AGENT,14:55:11,14:56:11,60,VICKY
AA0214,26469,27791037,2,PS,990907,15:09:00,15:09:05,5,15:09:05,15:12:28,203,PHANTOM,15:12:05,15:12:41,36,NO_SERVER
AA0214,26470,48820351,2,NE,990907,15:22:22,15:22:27,5,15:22:27,15:25:51,204,AGENT,15:25:50,15:29:55,245,VICKY
AA0214,26471,0,0,NW,990907,15:32:04,15:32:13,9,15:32:13,15:34:21,128,AGENT,15:34:19,15:35:26,67,VICKY
AA0214,26472,0,0,PS,990907,15:45:04,15:45:13,9,0:00:00,0:00:00,0,AGENT,15:45:12,15:47:24,132,DORIT
AA0214,26473,0,0,PS,990907,15:59:50,16:00:03,13,0:00:00,0:00:00,0,AGENT,16:00:02,16:00:56,54,VICKY
AA0214,26474,0,0,NW,990907,16:09:28,16:09:35,7,0:00:00,0:00:00,0,HANG,0:00:00,0:00:00,0,NO_SERVER
AA0214,26475,0,0,NW,990907,16:23:57,16:24:07,10,16:24:07,16:30:28,381,AGENT,16:30:27,16:31:04,37,STEREN
AA0214,26476,0,0,PS,990907,16:45:23,16:45:32,9,0:00:00,0:00:00,0,AGENT,16:45:31,16:49:31,240,VICKY
AA0214,26477,0,0,NW,990907,16:50:37,16:50:46,9,16:50:46,16:53:25,159,AGENT,16:53:25,16:54:46,81,VICKY
AA0214,26478,0,0,NW,990907,17:03:44,17:03:53,9,17:03:53,17:04:48,55,AGENT,17:04:47,17:05:31,44,VICKY
AA0214,26479,0,0,NW,990907,17:19:08,17:19:17,9,17:19:17,17:19:24,7,AGENT,17:19:23,17:20:59,96,VICKY
AA0214,26480,0,0,PS,990907,17:31:55,17:32:08,13,0:00:00,0:00:00,0,AGENT,17:32:07,17:36:59,292,DORIT
AA0214,26481,74780917,2,NE,990907,17:43:05,17:43:10,5,17:43:10,17:43:28,18,AGENT,17:43:27,17:47:48,261,VICKY
AA0214,26482,0,0,NW,990907,17:58:09,17:58:22,13,0:00:00,0:00:00,0,AGENT,17:58:21,17:58:51,30,VICKY
AA0214,26483,0,0,PS,990907,18:12:14,18:12:23,9,0:00:00,0:00:00,0,AGENT,18:12:22,18:14:03,101,VICKY
AA0214,26484,0,0,PS,990907,18:36:52,18:37:05,13,0:00:00,0:00:00,0,AGENT,18:37:04,18:37:58,54,BENSION
AA0214,26485,0,0,PS,990907,19:09:28,19:09:37,9,0:00:00,0:00:00,0,AGENT,19:09:36,19:10:21,45,VICKY
AA0214,26486,7191646,2,NE,990907,19:27:37,19:27:42,5,19:27:42,19:28:59,77,AGENT,19:28:58,19:28:59,1,BENSION
AA0214,26487,0,0,PS,990907,19:59:52,20:00:02,10,0:00:00,0:00:00,0,AGENT,20:00:02,20:01:13,71,SHARON
AA0214,26488,0,0,PS,990907,20:26:08,20:26:17,9,0:00:00,0:00:00,0,AGENT,20:26:16,20:27:35,79,SHARON
AA0214,26489,0,0,PS,990907,20:46:16,20:46:28,12,0:00:00,0:00:00,0,AGENT,20:46:27,20:47:19,52,ZOHARI
AA0214,26490,55088132,1,PS,990907,21:02:57,21:03:03,6,21:03:03,21:03:15,12,AGENT,21:03:14,21:05:27,133,STEREN
AA0214,26491,0,0,NW,990907,21:25:39,21:25:49,10,0:00:00,0:00:00,0,AGENT,21:26:35,21:26:46,11,NO_SERVER
AA0214,26492,0,0,NW,990907,21:51:12,21:51:22,10,0:00:00,0:00:00,0,AGENT,21:51:25,21:51:27,2,NO_SERVER
AA0214,26493,0,0,PS,990907,22:15:45,22:16:01,16,0:00:00,0:00:00,0,AGENT,22:15:59,22:17:35,96,BENSION
AA0214,26494,56184369,1,PS,990907,22:37:11,22:37:17,6,22:37:17,22:37:20,3,AGENT,22:37:19,22:38:33,74,SHARON
AA0214,26495,0,0,NE,990907,23:00:45,23:00:56,11,0:00:00,0:00:00,0,AGENT,23:00:55,23:03:01,126,ZOHARI
AA0214,26496,0,0,NE,990907,23:41:52,23:42:03,11,0:00:00,0:00:00,0,AGENT,23:42:02,23:45:33,211,SHARON
AA0214,26497,0,0,NW,990908,6:27:34,6:27:57,23,0:00:00,0:00:00,0,HANG,0:00:00,0:00:00,0,NO_SERVER
AA0214,26498,0,0,PS,990908,7:21:02,7:21:57,55,0:00:00,0:00:00,0,AGENT,7:21:56,7:24:31,155,TOVA
AA0214,26499,0,0,PS,990908,7:56:52,7:57:59,67,0:00:00,0:00:00,0,AGENT,7:57:58,8:02:52,294,DORIT
AA0214,26500,0,0,NE,990908,8:16:03,8:16:13,10,0:00:00,0:00:00,0,AGENT,8:16:11,8:20:15,244,ROTH
AA0214,26501,0,0,NW,990908,8:37:39,8:37:52,13,0:00:00,0:00:00,0,AGENT,8:37:51,8:38:37,46,ROTH
AA0214,26502,0,0,PS,990908,8:47:22,8:47:36,14,0:00:00,0:00:00,0,AGENT,8:47:35,8:48:25,50,BASCH
AA0214,26503,0,0,NW,990908,8:57:21,8:57:31,10,8:57:31,8:58:52,81,AGENT,8:58:51,8:59:51,60,ROTH
AA0214,26504,303767461,1,PS,990908,9:10:52,9:10:58,6,9:10:58,9:11:38,40,AGENT,9:11:38,9:13:08,90,BASCH
AA0214,26505,0,0,NW,990908,9:21:58,9:22:08,10,9:22:08,9:23:20,72,AGENT,9:23:19,9:24:26,67,ROTH
AA0214,26506,0,0,NW,990908,9:37:44,9:37:57,13,0:00:00,0:00:00,0,AGENT,9:37:56,9:41:08,192,DORIT
AA0214,26507,0,0,PS,990908,9:48:13,9:48:24,11,0:00:00,0:00:00,0,AGENT,9:48:22,9:49:16,54,STEREN
AA0214,26508,55279970,2,NE,990908,9:56:38,9:56:44,6,9:56:44,9:58:54,130,AGENT,9:58:53,10:08:10,557,STEREN
AA0214,26509,0,0,NW,990908,10:07:28,10:07:38,10,10:07:38,10:07:54,16,HANG,0:00:00,0:00:00,0,NO_SERVER
AA0214,26510,31556384,1,PS,990908,10:11:45,10:11:50,5,10:11:50,10:13:12,82,HANG,0:00:00,0:00:00,0,NO_SERVER
AA0214,26511,0,0,NE,990908,10:19:20,10:19:30,10,0:00:00,0:00:00,0,AGENT,10:19:30,10:22:17,167,ELI
AA0214,26512,52146842,1,PS,990908,10:26:36,10:26:42,6,10:26:42,10:28:07,85,AGENT,10:28:06,10:32:45,279,ROTH
AA0214,26513,0,0,NW,990908,10:39:50,10:39:59,9,10:39:59,10:40:50,51,HANG,10:40:47,10:43:18,151,NO_SERVER
AA0214,26514,0,0,NW,990908,10:54:28,10:54:36,8,10:54:36,10:54:59,23,AGENT,10:54:58,10:56:14,76,DORIT
AA0214,26515,65607277,2,PS,990908,11:06:50,11:06:55,5,11:06:55,11:09:35,160,AGENT,11:09:34,11:10:36,62,BASCH
AA0214,26516,0,0,PS,990908,11:23:11,11:23:27,16,0:00:00,0:00:00,0,AGENT,11:23:26,11:24:06,40,SHARON
AA0214,26517,13722194,1,PS,990908,11:37:01,11:37:06,5,11:37:06,11:38:55,109,AGENT,11:38:54,11:39:44,50,DORIT
AA0214,26518,0,0,NW,990908,11:47:36,11:47:49,13,0:00:00,0:00:00,0,AGENT,11:47:48,11:48:41,53,STEREN
AA0214,26519,467282,2,PS,990908,12:00:26,12:00:31,5,12:00:31,12:00:34,3,AGENT,12:00:33,12:01:53,80,DORIT
AA0214,26520,0,0,NW,990908,12:14:14,12:14:23,9,12:14:23,12:15:01,38,AGENT,12:15:00,12:15:36,36,STEREN
AA0214,26521,78768348,2,PS,990908,12:23:09,12:23:14,5,12:23:14,12:24:19,65,AGENT,12:24:18,12:26:17,119,BASCH
AA0214,26522,0,0,PS,990908,12:39:11,12:39:18,7,0:00:00,0:00:00,0,AGENT,12:39:17,12:40:16,59,STEREN
AA0214,26523,0,0,PS,990908,12:56:36,12:56:44,8,0:00:00,0:00:00,0,AGENT,12:56:44,12:57:37,53,ROTH
AA0214,26524,0,0,PS,990908,13:12:27,13:12:36,9,0:00:00,0:00:00,0,AGENT,13:12:35,13:15:06,151,SHARON
AA0214,26525,0,0,PS,990908,13:23:52,13:24:01,9,0:00:00,0:00:00,0,AGENT,13:24:00,13:26:24,144,KAZAV
AA0214,26526,0,0,PS,990908,13:37:51,13:38:02,11,0:00:00,0:00:00,0,AGENT,13:38:01,13:39:58,117,SHARON
AA0214,26527,29566940,1,PS,990908,13:46:55,13:47:00,5,13:47:00,13:49:56,176,AGENT,13:49:55,13:53:12,197,MORIAH
AA0214,26528,0,0,PS,990908,13:59:52,14:00:03,11,0:00:00,0:00:00,0,AGENT,14:00:03,14:12:12,729,MORIAH
AA0214,26529,0,0,PS,990908,14:13:23,14:13:31,8,0:00:00,0:00:00,0,AGENT,14:13:30,14:16:13,163,STEREN
AA0214,26530,28765956,2,PS,990908,14:28:57,14:29:02,5,14:29:02,14:29:41,39,AGENT,14:29:40,14:30:08,28,KAZAV
AA0214,26531,22111066,1,PS,990908,14:41:59,14:42:05,6,14:42:05,14:42:26,21,AGENT,14:42:26,14:48:45,379,BASCH
AA0214,26532,0,0,PS,990908,14:54:38,14:54:49,11,0:00:00,0:00:00,0,AGENT,14:54:49,14:56:02,73,STEREN
AA0214,26533,0,0,NW,990908,15:06:24,15:06:33,9,15:06:33,15:12:58,385,AGENT,15:12:57,15:14:07,70,ROTH
AA0214,26534,0,0,PS,990908,15:24:45,15:24:53,8,0:00:00,0:00:00,0,AGENT,15:24:53,15:26:51,118,MORIAH
AA0214,26535,56152374,2,PS,990908,15:33:33,15:33:38,5,15:33:38,15:35:13,95,HANG,0:00:00,0:00:00,0,NO_SERVER
AA0214,26536,25124181,2,NE,990908,15:38:29,15:38:34,5,15:38:34,15:39:18,44,HANG,0:00:00,0:00:00,0,NO_SERVER
AA0214,26537,0,0,PS,990908,15:46:23,15:46:33,10,0:00:00,0:00:00,0,AGENT,15:46:31,15:49:27,176,KAZAV
AA0214,26538,25627027,2,PS,990908,15:53:51,15:53:56,5,15:53:56,15:55:50,114,AGENT,15:55:50,15:58:48,178,ZOHARI
AA0214,26539,0,0,NW,990908,16:08:34,16:08:43,9,16:08:43,16:09:15,32,AGENT,16:09:14,16:10:13,59,AVI
AA0214,26540,56765985,2,PS,990908,16:20:09,16:20:14,5,16:20:14,16:22:18,124,AGENT,16:22:17,16:22:18,1,MORIAH
AA0214,26541,31889199,1,PS,990908,16:36:00,16:36:05,5,16:36:05,16:36:45,40,AGENT,16:36:44,16:38:53,129,BENSION
AA0214,26542,0,0,PS,990908,16:49:36,16:49:45,9,0:00:00,0:00:00,0,AGENT,16:49:44,16:50:36,52,AVI
AA0214,26543,0,0,PS,990908,17:09:25,17:09:37,12,0:00:00,0:00:00,0,AGENT,17:09:37,17:11:05,88,BENSION
AA0214,26544,28510667,1,PS,990908,17:29:47,17:29:52,5,17:29:52,17:31:09,77,AGENT,17:31:08,17:32:15,67,BENSION
AA0214,26545,50316827,1,PS,990908,17:40:34,17:40:40,6,17:40:40,17:41:49,69,AGENT,17:41:48,17:43:30,102,BENSION
AA0214,26546,0,0,NW,990908,17:54:23,17:54:36,13,0:00:00,0:00:00,0,AGENT,17:54:35,17:55:20,45,AVI
AA0214,26547,0,0,PS,990908,18:20:26,18:20:35,9,0:00:00,0:00:00,0,AGENT,18:20:34,18:23:58,204,MORIAH
AA0214,26548,29437829,2,PS,990908,18:33:48,18:33:54,6,18:33:54,18:34:25,31,AGENT,18:34:25,18:35:45,80,ANAT
AA0214,26549,12770798,2,PS,990908,18:55:52,18:55:57,5,18:55:57,18:56:25,28,AGENT,18:56:25,18:57:07,42,MORIAH
AA0214,26550,0,0,PS,990908,19:13:15,19:13:25,10,0:00:00,0:00:00,0,AGENT,19:13:24,19:13:31,7,NO_SERVER
AA0214,26551,0,0,PS,990908,19:24:25,19:24:37,12,0:00:00,0:00:00,0,AGENT,19:24:36,19:25:49,73,AVI
AA0214,26552,0,0,NE,990908,19:46:00,19:46:13,13,0:00:00,0:00:00,0,AGENT,19:46:12,19:49:24,192,MEIR
AA0214,26553,0,0,NW,990908,20:09:07,20:09:22,15,0:00:00,0:00:00,0,AGENT,20:09:21,20:10:11,50,BENSION
AA0214,26554,0,0,PS,990908,20:37:12,20:37:31,19,0:00:00,0:00:00,0,AGENT,20:37:26,20:37:48,22,ANAT
AA0214,26555,0,0,PS,990908,21:00:36,21:00:49,13,0:00:00,0:00:00,0,AGENT,21:00:45,21:07:28,403,MEIR
AA0214,26556,59630624,1,NE,990908,21:16:32,21:16:38,6,21:16:38,21:16:53,15,AGENT,21:16:53,21:18:03,70,MEIR
AA0214,26557,0,0,PS,990908,21:40:10,21:40:21,11,0:00:00,0:00:00,0,AGENT,21:40:20,21:40:29,9,BENSION
AA0214,26558,0,0,NW,990908,21:55:52,21:56:01,9,21:56:01,21:59:38,217,HANG,0:00:00,0:00:00,0,NO_SERVER
AA0214,26559,32296899,2,PS,990908,22:27:32,22:27:53,21,22:27:53,22:28:42,49,AGENT,22:28:41,22:29:08,27,AVI
AA0214,26560,0,0,NE,990908,22:50:23,22:50:35,12,0:00:00,0:00:00,0,AGENT,22:50:34,22:57:50,436,AVI
AA0214,26561,0,0,NW,990908,23:22:11,23:22:23,12,0:00:00,0:00:00,0,AGENT,23:22:23,23:22:45,22,NO_SERVER
AA0214,26563,0,0,PS,990909,1:30:09,1:30:09,0,0:00:00,0:00:00,0,HANG,0:00:00,0:00:00,0,NO_SERVER
AA0214,26564,0,0,PS,990909,7:13:32,7:13:43,11,0:00:00,0:00:00,0,AGENT,7:13:42,7:15:22,100,NAAMA
AA0214,26565,0,0,NW,990909,7:50:29,7:50:39,10,7:50:39,7:52:06,87,AGENT,7:52:05,7:52:35,30,SHARON
AA0214,26566,0,0,PS,990909,8:25:14,8:25:25,11,0:00:00,0:00:00,0,AGENT,8:25:24,8:26:26,62,YIFAT
AA0214,26567,0,0,NW,990909,8:41:28,8:41:40,12,0:00:00,0:00:00,0,AGENT,8:41:39,8:43:07,88,BASCH
AA0214,26568,0,0,NW,990909,8:55:34,8:55:50,16,0:00:00,0:00:00,0,AGENT,8:55:49,8:55:59,10,SHARON
AA0214,26569,0,0,NE,990909,9:09:48,9:09:58,10,0:00:00,0:00:00,0,AGENT,9:09:58,9:12:54,176,NAAMA
AA0214,26570,11050135,1,PS,990909,9:21:12,9:21:18,6,9:21:18,9:21:42,24,AGENT,9:21:42,9:26:04,262,ROTH
AA0214,26571,0,0,PS,990909,9:38:42,9:38:50,8,0:00:00,0:00:00,0,AGENT,9:38:50,9:40:36,106,KAZAV
AA0214,26572,0,0,NW,990909,9:58:10,9:58:20,10,9:58:20,9:58:36,16,AGENT,9:58:35,9:59:07,32,SHARON
AA0214,26573,0,0,PS,990909,10:09:33,10:09:42,9,0:00:00,0:00:00,0,AGENT,10:09:41,10:11:48,127,ANAT
AA0214,26574,0,0,PS,990909,10:21:33,10:21:44,11,0:00:00,0:00:00,0,AGENT,10:21:43,10:22:12,29,BASCH
AA0214,26575,0,0,PS,990909,10:37:27,10:37:36,9,0:00:00,0:00:00,0,AGENT,10:37:35,10:41:57,262,ANAT
AA0214,26576,0,0,NE,990909,10:50:04,10:50:13,9,0:00:00,0:00:00,0,AGENT,10:50:12,10:57:51,459,SHARON
AA0214,26577,0,0,NE,990909,11:05:12,11:05:20,8,0:00:00,0:00:00,0,AGENT,11:05:19,11:06:11,52,ROTH
AA0214,26578,0,0,PS,990909,11:20:48,11:20:57,9,0:00:00,0:00:00,0,AGENT,11:20:56,11:21:34,38,KAZAV
AA0214,26579,0,0,PS,990909,11:35:25,11:35:33,8,0:00:00,0:00:00,0,AGENT,11:35:32,11:37:01,89,DORIT
AA0214,26580,0,0,PS,990909,11:50:37,11:50:46,9,0:00:00,0:00:00,0,AGENT,11:50:45,11:51:54,69,KAZAV
AA0214,26581,0,0,PS,990909,12:04:56,12:05:14,18,0:00:00,0:00:00,0,AGENT,12:05:14,12:06:13,59,NAAMA
AA0214,26582,0,0,PS,990909,12:27:00,12:27:14,14,0:00:00,0:00:00,0,AGENT,12:27:13,12:28:50,97,BASCH
AA0214,26583,0,0,PS,990909,12:42:08,12:42:18,10,0:00:00,0:00:00,0,AGENT,12:42:16,12:44:02,106,SHARON
AA0214,26584,0,0,PS,990909,12:55:00,12:55:26,26,0:00:00,0:00:00,0,AGENT,12:55:26,13:00:23,297,ROTH
AA0214,26585,74780917,2,NE,990909,13:09:02,13:09:08,6,13:09:08,13:10:16,68,AGENT,13:10:15,13:10:43,28,VICKY
AA0214,26586,0,0,PS,990909,13:27:49,13:28:04,15,0:00:00,0:00:00,0,AGENT,13:28:03,13:29:01,58,BASCH
AA0214,26587,0,0,PS,990909,13:43:22,13:43:37,15,0:00:00,0:00:00,0,AGENT,13:43:36,13:45:01,85,SHARON
AA0214,26588,0,0,NW,990909,14:04:07,14:04:22,15,0:00:00,0:00:00,0,AGENT,14:04:21,14:05:20,59,ROTH
AA0214,26589,29437548,1,PS,990909,14:14:59,14:15:04,5,14:15:04,14:16:35,91,HANG,0:00:00,0:00:00,0,NO_SERVER
AA0214,26590,25674631,1,PS,990909,14:26:21,14:26:27,6,14:26:27,14:30:05,218,AGENT,14:30:04,14:34:01,237,KAZAV
AA0214,26591,0,0,PS,990909,14:44:13,14:44:24,11,0:00:00,0:00:00,0,AGENT,14:44:23,14:45:10,47,DORIT
AA0214,26592,56765985,2,PS,990909,14:54:41,14:54:46,5,14:54:46,14:55:21,35,AGENT,14:55:20,14:58:02,162,SHARON
AA0214,26593,38397964,2,PS,990909,15:08:41,15:08:46,5,15:08:46,15:10:44,118,AGENT,15:10:43,15:13:48,185,KAZAV
AA0214,26594,52120771,1,NE,990909,15:21:34,15:21:40,6,15:21:40,15:21:52,12,AGENT,15:21:51,15:26:14,263,ELI
AA0214,26595,0,0,NE,990909,15:33:41,15:33:54,13,0:00:00,0:00:00,0,AGENT,15:33:53,15:35:06,73,ELI
AA0214,26596,25124181,2,NE,990909,15:40:54,15:41:00,6,15:41:00,15:44:16,196,AGENT,15:44:15,15:47:40,205,ELI
AA0214,26597,13000567,2,PS,990909,15:53:19,15:53:25,6,15:53:25,15:55:13,108,AGENT,15:55:12,15:56:43,91,STEREN
AA0214,26598,0,0,NW,990909,16:09:21,16:09:31,10,16:09:31,16:09:45,14,AGENT,16:09:44,16:10:34,50,AVI
AA0214,26599,0,0,PS,990909,16:22:06,16:22:15,9,0:00:00,0:00:00,0,AGENT,16:22:14,16:32:31,617,YITZ
AA0214,26600,0,0,PS,990909,16:33:06,16:33:14,8,0:00:00,0:00:00,0,AGENT,16:33:14,16:35:03,109,ZOHARI
AA0214,26601,27725860,1,PS,990909,16:46:20,16:46:25,5,16:46:25,16:48:01,96,AGENT,16:48:00,16:48:01,1,AVI
AA0214,26602,74450255,1,PS,990909,16:56:52,16:56:58,6,16:56:58,16:59:24,146,AGENT,16:59:23,17:02:43,200,YITZ
AA0214,26603,33769464,1,PS,990909,17:10:36,17:10:41,5,17:10:41,17:13:21,160,AGENT,17:13:20,17:15:57,157,STEREN
AA0214,26604,0,0,NW,990909,17:28:43,17:28:57,14,0:00:00,0:00:00,0,AGENT,17:28:57,17:29:19,22,AVI
AA0214,26605,29530920,2,PS,990909,17:49:19,17:49:24,5,17:49:24,17:50:29,65,AGENT,17:50:28,17:51:24,56,STEREN
AA0214,26606,0,0,NW,990909,18:05:04,18:05:13,9,18:05:13,18:05:34,21,HANG,0:00:00,0:00:00,0,NO_SERVER
AA0214,26607,28516169,1,PS,990909,18:23:37,18:23:42,5,18:23:42,18:24:37,55,HANG,0:00:00,0:00:00,0,NO_SERVER
AA0214,26608,54145529,2,PS,990909,18:39:07,18:39:13,6,18:39:13,18:40:23,70,AGENT,18:40:23,18:40:59,36,STEREN
AA0214,26609,25496316,1,PS,990909,19:02:22,19:02:28,6,19:02:28,19:03:47,79,AGENT,19:03:46,19:06:08,142,ZOHARI
AA0214,26610,0,0,PS,990909,19:24:32,19:24:41,9,0:00:00,0:00:00,0,AGENT,19:24:40,19:27:38,178,STEREN
AA0214,26611,0,0,NW,990909,19:45:46,19:45:55,9,19:45:55,19:46:09,14,AGENT,19:46:08,19:46:37,29,AVI
AA0214,26612,29037082,1,PS,990909,20:07:31,20:07:37,6,20:07:37,20:07:52,15,AGENT,20:07:51,20:09:04,73,STEREN
AA0214,26613,0,0,PS,990909,20:36:32,20:36:42,10,0:00:00,0:00:00,0,AGENT,20:36:41,20:36:46,5,NO_SERVER
AA0214,26614,21357561,2,PS,990909,20:59:52,20:59:58,6,20:59:58,21:02:30,152,AGENT,21:02:29,21:03:39,70,STEREN
AA0214,26615,0,0,PS,990909,21:25:05,21:25:17,12,0:00:00,0:00:00,0,AGENT,21:25:15,21:32:50,455,ZOHARI
AA0214,26616,0,0,PS,990909,21:51:53,21:52:03,10,0:00:00,0:00:00,0,AGENT,21:52:03,21:53:24,81,ZOHARI
AA0214,26617,56771355,2,NE,990909,22:19:02,22:19:07,5,22:19:07,22:19:52,45,AGENT,22:19:51,22:23:04,193,STEREN
AA0214,26618,0,0,NW,990909,22:48:43,22:48:52,9,22:48:52,22:50:21,89,AGENT,22:50:20,22:51:20,60,AVI
AA0214,26619,40661456,1,PS,990909,23:15:07,23:15:13,6,23:15:13,23:16:44,91,AGENT,23:16:44,23:19:12,148,STEREN
AA0214,26621,0,0,PS,990910,0:43:47,0:43:47,0,0:00:00,0:00:00,0,HANG,0:00:00,0:00:00,0,NO_SERVER
AA0214,26622,0,0,NW,990910,7:34:24,7:34:39,15,0:00:00,0:00:00,0,AGENT,7:34:38,7:35:27,49,BASCH
AA0214,26623,0,0,PE,990910,8:04:47,8:04:57,10,0:00:00,0:00:00,0,AGENT,8:04:56,8:07:13,137,DORIT
AA0214,26624,0,0,NW,990910,8:23:46,8:24:06,20,0:00:00,0:00:00,0,AGENT,8:24:05,8:24:17,12,SHARON
AA0214,26625,0,0,PS,990910,8:45:24,8:45:34,10,0:00:00,0:00:00,0,AGENT,8:45:33,8:47:54,141,AVNI
AA0214,26626,0,0,PS,990910,8:58:28,8:58:41,13,0:00:00,0:00:00,0,AGENT,8:58:39,9:00:27,108,DORIT
AA0214,26627,0,0,PS,990910,9:14:58,9:15:07,9,0:00:00,0:00:00,0,AGENT,9:15:07,9:16:36,89,DORIT
AA0214,26628,15441082,2,PS,990910,9:24:51,9:24:57,6,9:24:57,9:26:33,96,AGENT,9:26:33,9:30:24,231,DORIT
AA0214,26629,0,0,NW,990910,9:38:27,9:38:42,15,0:00:00,0:00:00,0,AGENT,9:38:41,9:39:05,24,BASCH
AA0214,26630,0,0,PS,990910,9:53:05,9:53:16,11,0:00:00,0:00:00,0,AGENT,9:53:15,9:53:32,17,BASCH
AA0214,26631,24197428,2,PS,990910,10:03:34,10:03:40,6,10:03:40,10:04:09,29,AGENT,10:04:08,10:05:06,58,BASCH
AA0214,26632,0,0,PS,990910,10:21:25,10:21:34,9,0:00:00,0:00:00,0,AGENT,10:21:33,10:23:30,117,AVNI
AA0214,26633,0,0,NW,990910,10:34:55,10:35:09,14,0:00:00,0:00:00,0,AGENT,10:35:07,10:41:50,403,VICKY
AA0214,26634,0,0,PS,990910,10:51:36,10:51:48,12,0:00:00,0:00:00,0,AGENT,10:51:47,10:53:47,120,DORIT
AA0214,26635,779066,1,PS,990910,11:07:58,11:08:04,6,11:08:04,11:08:14,10,AGENT,11:08:13,11:09:57,104,VICKY
AA0214,26636,0,0,PS,990910,11:29:19,11:29:34,15,0:00:00,0:00:00,0,AGENT,11:29:33,11:31:08,95,SHARON
AA0214,26637,0,0,PS,990910,11:54:19,11:54:28,9,0:00:00,0:00:00,0,AGENT,11:54:27,11:55:39,72,AVNI
AA0214,26638,0,0,NW,990910,12:18:22,12:18:35,13,0:00:00,0:00:00,0,AGENT,12:18:35,12:20:39,124,BASCH
AA0214,26639,0,0,PS,990910,12:55:29,12:55:39,10,0:00:00,0:00:00,0,AGENT,12:55:38,12:56:31,53,BASCH
AA0214,26640,0,0,PS,990910,13:23:26,13:23:39,13,0:00:00,0:00:00,0,HANG,0:00:00,0:00:00,0,NO_SERVER
AA0214,26641,0,0,PE,990910,14:10:02,14:10:30,28,0:00:00,0:00:00,0,HANG,0:00:00,0:00:00,0,NO_SERVER
AA0214,26642,0,0,PS,990910,16:15:30,16:15:40,10,0:00:00,0:00:00,0,HANG,0:00:00,0:00:00,0,NO_SERVER
AA0214,26643,0,0,NW,990911,9:43:58,9:44:13,15,0:00:00,0:00:00,0,HANG,0:00:00,0:00:00,0,NO_SERVER
AA0214,26644,0,0,PS,990911,20:01:52,20:02:06,14,0:00:00,0:00:00,0,HANG,0:00:00,0:00:00,0,NO_SERVER
AA0214,26645,0,0,PS,990912,14:10:22,14:10:45,23,0:00:00,0:00:00,0,HANG,0:00:00,0:00:00,0,NO_SERVER
AA0214,26646,0,0,PS,990912,19:32:56,19:33:07,11,0:00:00,0:00:00,0,HANG,0:00:00,0:00:00,0,NO_SERVER
AA0214,26647,25742347,1,PS,990912,20:01:26,20:01:32,6,20:01:32,20:01:41,9,HANG,0:00:00,0:00:00,0,NO_SERVER
AA0214,26648,0,0,PS,990912,20:27:12,20:27:26,14,0:00:00,0:00:00,0,AGENT,20:27:24,20:28:55,91,SHARON
AA0214,26649,1426659,2,NE,990912,20:41:37,20:41:42,5,20:41:42,20:41:53,11,AGENT,20:41:53,20:48:23,390,ZOHARI
AA0214,26650,0,0,PS,990912,21:11:48,21:11:59,11,0:00:00,0:00:00,0,AGENT,21:11:58,21:13:01,63,SHARON
AA0214,26651,0,0,PS,990912,21:40:56,21:41:05,9,0:00:00,0:00:00,0,AGENT,21:41:04,21:43:12,128,AVNI
AA0214,26652,0,0,PS,990912,22:19:46,22:20:00,14,0:00:00,0:00:00,0,AGENT,22:19:59,22:20:03,4,NO_SERVER
AA0214,26653,58704610,2,PS,990912,23:04:57,23:05:53,56,23:05:53,23:08:47,174,HANG,0:00:00,0:00:00,0,NO_SERVER
AA0214,26654,0,0,NW,990913,1:28:03,1:28:27,24,0:00:00,0:00:00,0,HANG,0:00:00,0:00:00,0,NO_SERVER
AA0214,26655,0,0,PS,990913,7:28:06,7:28:14,8,0:00:00,0:00:00,0,AGENT,7:28:14,7:28:47,33,GILI
AA0214,26656,0,0,PS,990913,7:57:39,7:57:51,12,0:00:00,0:00:00,0,AGENT,7:57:50,7:59:50,120,TOVA
AA0214,26657,0,0,PS,990913,8:14:24,8:14:34,10,0:00:00,0:00:00,0,AGENT,8:14:33,8:15:51,78,ZOHARI
AA0214,26658,0,0,PS,990913,8:29:50,8:30:00,10,0:00:00,0:00:00,0,AGENT,8:29:58,8:31:00,62,KAZAV
AA0214,26659,0,0,PS,990913,8:40:16,8:40:28,12,0:00:00,0:00:00,0,AGENT,8:40:27,8:42:14,107,STEREN
AA0214,26660,0,0,NW,990913,8:48:36,8:48:48,12,0:00:00,0:00:00,0,AGENT,8:48:48,8:50:36,108,STEREN
AA0214,26661,0,0,PS,990913,9:00:29,9:00:38,9,0:00:00,0:00:00,0,AGENT,9:00:37,9:01:35,58,VICKY
AA0214,26662,0,0,PS,990913,9:09:37,9:09:45,8,0:00:00,0:00:00,0,AGENT,9:09:44,9:10:45,61,YIFAT
AA0214,26663,0,0,PS,990913,9:19:42,9:19:51,9,0:00:00,0:00:00,0,AGENT,9:19:50,9:26:20,390,KAZAV
AA0214,26664,0,0,NW,990913,9:32:45,9:32:52,7,0:00:00,0:00:00,0,HANG,0:00:00,0:00:00,0,NO_SERVER
AA0214,26665,25219700,2,PS,990913,9:39:08,9:39:13,5,9:39:13,9:39:19,6,AGENT,9:39:18,9:40:42,84,STEREN
AA0214,26666,0,0,NW,990913,9:47:32,9:47:50,18,0:00:00,0:00:00,0,AGENT,9:47:49,9:48:30,41,SHARON
AA0214,26667,0,0,PS,990913,9:56:48,9:56:57,9,0:00:00,0:00:00,0,AGENT,9:56:57,10:01:27,270,YIFAT
AA0214,26668,50835032,2,PS,990913,10:08:29,10:08:35,6,10:08:35,10:09:42,67,AGENT,10:09:41,10:13:07,206,TOVA
AA0214,26669,0,0,PS,990913,10:17:48,10:18:03,15,0:00:00,0:00:00,0,AGENT,10:18:02,10:22:49,287,TOVA
AA0214,26670,0,0,NW,990913,10:28:39,10:28:49,10,10:28:49,10:31:01,132,AGENT,10:30:59,10:32:03,64,SHARON
AA0214,26671,0,0,PS,990913,10:37:43,10:37:51,8,0:00:00,0:00:00,0,AGENT,10:37:50,10:39:18,88,STEREN
AA0214,26672,0,0,PS,990913,10:45:06,10:45:17,11,0:00:00,0:00:00,0,AGENT,10:45:17,10:46:49,92,GILI
AA0214,26673,0,0,NW,990913,10:56:26,10:56:36,10,10:56:36,10:59:41,185,PHANTOM,10:59:40,10:59:57,17,NO_SERVER
AA0214,26674,22150197,2,PS,990913,11:08:25,11:08:30,5,11:08:30,11:09:38,68,PHANTOM,11:09:37,11:09:41,4,NO_SERVER
AA0214,26675,0,0,PS,990913,11:19:08,11:19:17,9,0:00:00,0:00:00,0,AGENT,11:19:17,11:23:35,258,STEREN
AA0214,26676,28966091,1,PS,990913,11:26:32,11:26:37,5,11:26:37,11:27:37,60,AGENT,11:27:36,11:29:37,121,VICKY
AA0214,26677,0,0,NW,990913,11:37:13,11:37:22,9,11:37:22,11:38:30,68,AGENT,11:38:29,11:40:31,122,SHARON
AA0214,26678,0,0,NE,990913,11:48:47,11:49:00,13,0:00:00,0:00:00,0,AGENT,11:48:59,11:52:21,202,ZOHARI
AA0214,26679,0,0,NW,990913,11:57:04,11:57:14,10,11:57:14,11:57:22,8,AGENT,11:57:21,11:58:40,79,VICKY
AA0214,26680,0,0,PS,990913,12:05:55,12:06:03,8,0:00:00,0:00:00,0,AGENT,12:06:02,12:10:10,248,STEREN
AA0214,26681,0,0,NW,990913,12:15:34,12:15:47,13,0:00:00,0:00:00,0,AGENT,12:15:46,12:16:25,39,VICKY
AA0214,26682,0,0,PS,990913,12:28:06,12:28:15,9,0:00:00,0:00:00,0,AGENT,12:28:14,12:34:34,380,ROTH
AA0214,26683,0,0,PS,990913,12:40:26,12:40:37,11,0:00:00,0:00:00,0,AGENT,12:40:36,12:41:47,71,SHARON
AA0214,26684,0,0,NW,990913,12:53:28,12:53:41,13,0:00:00,0:00:00,0,AGENT,12:53:40,12:56:34,174,STEREN
AA0214,26685,71820039,2,PS,990913,13:06:51,13:06:57,6,13:06:57,13:07:53,56,AGENT,13:07:52,13:11:01,189,BASCH
AA0214,26686,0,0,PS,990913,13:17:36,13:17:55,19,0:00:00,0:00:00,0,AGENT,13:17:54,13:19:53,119,SHARON
AA0214,26687,0,0,PS,990913,13:25:44,13:25:55,11,0:00:00,0:00:00,0,AGENT,13:25:54,13:26:59,65,BASCH
AA0214,26688,0,0,PS,990913,13:37:37,13:37:47,10,0:00:00,0:00:00,0,AGENT,13:37:46,13:38:07,21,ROTH
AA0214,26689,41546904,2,NE,990913,13:47:55,13:48:01,6,13:48:01,13:48:11,10,AGENT,13:48:11,13:52:02,231,SHARON
AA0214,26690,31982333,1,PS,990913,13:54:30,13:54:35,5,13:54:35,13:54:58,23,HANG,0:00:00,0:00:00,0,NO_SERVER
AA0214,26692,0,0,PS,990913,14:03:57,14:03:57,0,0:00:00,0:00:00,0,HANG,0:00:00,0:00:00,0,NO_SERVER
AA0214,26693,0,0,NE,990913,14:08:29,14:08:40,11,0:00:00,0:00:00,0,AGENT,14:08:39,14:11:30,171,ELI
AA0214,26694,54128681,2,PS,990913,14:11:50,14:11:56,6,14:11:56,14:16:11,255,AGENT,14:16:09,14:18:21,132,SHARON
AA0214,26695,57918849,1,NE,990913,14:19:12,14:19:17,5,14:19:17,14:21:22,125,AGENT,14:21:21,14:23:52,151,SHARON
AA0214,26696,59728865,1,PS,990913,14:28:00,14:28:06,6,14:28:06,14:29:48,102,AGENT,14:29:47,14:31:12,85,ANAT
AA0214,26697,27644400,2,PS,990913,14:36:41,14:36:47,6,14:36:47,14:37:58,71,AGENT,14:37:57,14:42:30,273,BASCH
AA0214,26698,79727962,2,PS,990913,14:46:17,14:46:22,5,14:46:22,14:47:10,48,AGENT,14:47:09,14:47:47,38,ROTH
AA0214,26699,50347749,1,NE,990913,14:52:50,14:52:55,5,14:52:55,14:54:19,84,AGENT,14:54:18,14:58:32,254,STEREN
AA0214,26700,3652195,2,PS,990913,15:03:41,15:03:47,6,15:03:47,15:04:12,25,AGENT,15:04:12,15:04:15,3,MORIAH
AA0214,26701,27329697,1,PS,990913,15:10:46,15:10:52,6,15:10:52,15:12:29,97,HANG,0:00:00,0:00:00,0,NO_SERVER
AA0214,26702,57476988,1,PS,990913,15:19:08,15:19:13,5,15:19:13,15:20:31,78,HANG,0:00:00,0:00:00,0,NO_SERVER
AA0214,26703,31470065,1,PS,990913,15:27:31,15:27:37,6,15:27:37,15:31:09,212,AGENT,15:31:07,15:32:36,89,ANAT
AA0214,26704,22847040,1,PS,990913,15:38:29,15:38:34,5,15:38:34,15:39:07,33,AGENT,15:39:06,15:41:22,136,MORIAH
AA0214,26705,0,0,PS,990913,15:50:50,15:50:58,8,0:00:00,0:00:00,0,AGENT,15:50:57,15:51:37,40,SHARON
AA0214,26706,0,0,PS,990913,16:02:23,16:02:35,12,0:00:00,0:00:00,0,AGENT,16:02:34,16:02:37,3,MORIAH
AA0214,26707,0,0,PS,990913,16:12:44,16:13:01,17,0:00:00,0:00:00,0,AGENT,16:13:00,16:13:02,2,ANAT
AA0214,26708,0,0,PS,990913,16:27:34,16:27:44,10,0:00:00,0:00:00,0,AGENT,16:27:44,16:28:59,75,ANAT
AA0214,26709,30164461,2,NE,990913,16:38:06,16:38:11,5,16:38:11,16:41:02,171,AGENT,16:41:01,16:41:01,0,AVI
AA0214,26710,0,0,NW,990913,16:48:12,16:48:21,9,16:48:21,16:52:13,232,HANG,0:00:00,0:00:00,0,NO_SERVER
AA0214,26711,24940553,2,PS,990913,16:57:51,16:57:57,6,16:57:57,16:58:10,13,HANG,0:00:00,0:00:00,0,NO_SERVER
AA0214,26712,0,0,PS,990913,17:06:17,17:06:25,8,0:00:00,0:00:00,0,AGENT,17:06:25,17:08:11,106,MORIAH
AA0214,26713,0,0,PS,990913,17:20:49,17:20:58,9,0:00:00,0:00:00,0,AGENT,17:20:58,17:21:43,45,MORIAH
AA0214,26714,0,0,PS,990913,17:41:49,17:42:03,14,0:00:00,0:00:00,0,AGENT,17:42:02,17:56:31,869,AVI
AA0214,26715,31836083,2,PS,990913,17:58:51,17:59:13,22,17:59:13,17:59:26,13,AGENT,17:59:25,18:01:13,108,BASCH
AA0214,26716,0,0,PS,990913,18:13:04,18:13:17,13,0:00:00,0:00:00,0,AGENT,18:13:16,18:14:23,67,ANAT
AA0214,26717,4586186,2,PS,990913,18:23:25,18:23:30,5,18:23:30,18:23:46,16,AGENT,18:23:45,18:35:42,717,AVNI
AA0214,26718,0,0,PS,990913,18:42:54,18:43:05,11,0:00:00,0:00:00,0,AGENT,18:43:04,18:43:55,51,ANAT
AA0214,26719,0,0,PS,990913,18:55:44,18:55:54,10,0:00:00,0:00:00,0,AGENT,18:55:52,18:57:04,72,BASCH
AA0214,26720,26109496,1,PS,990913,19:08:02,19:08:09,7,19:08:09,19:11:28,199,AGENT,19:11:27,19:11:29,2,MORIAH
AA0214,26721,32389629,2,PS,990913,19:16:29,19:16:35,6,19:16:35,19:17:24,49,HANG,0:00:00,0:00:00,0,NO_SERVER
AA0214,26722,0,0,NE,990913,19:26:18,19:26:30,12,0:00:00,0:00:00,0,AGENT,19:26:29,19:47:04,1235,MEIR
AA0214,26723,0,0,PS,990913,19:37:11,19:37:20,9,0:00:00,0:00:00,0,AGENT,19:37:20,19:39:52,152,MORIAH
AA0214,26724,0,0,PS,990913,19:59:11,19:59:22,11,0:00:00,0:00:00,0,AGENT,19:59:21,20:02:33,192,MEIR
AA0214,26725,0,0,PS,990913,20:14:41,20:14:51,10,0:00:00,0:00:00,0,AGENT,20:14:49,20:16:14,85,MORIAH
AA0214,26726,0,0,PS,990913,20:27:49,20:27:57,8,0:00:00,0:00:00,0,AGENT,20:27:57,20:30:05,128,MORIAH
AA0214,26727,0,0,PS,990913,20:44:46,20:44:59,13,0:00:00,0:00:00,0,AGENT,20:44:58,20:45:31,33,AVI
AA0214,26728,0,0,NW,990913,20:58:21,20:58:40,19,0:00:00,0:00:00,0,AGENT,20:58:39,20:59:27,48,AVI
AA0214,26729,0,0,NW,990913,21:15:58,21:16:08,10,21:16:08,21:18:53,165,AGENT,21:18:51,21:21:08,137,MEIR
AA0214,26730,71520779,1,PS,990913,21:36:13,21:36:19,6,21:36:19,21:37:14,55,AGENT,21:37:13,21:41:22,249,MEIR
AA0214,26731,0,0,PS,990913,21:52:47,21:52:57,10,0:00:00,0:00:00,0,AGENT,21:52:55,21:53:42,47,AVI
AA0214,26732,24251217,1,PS,990913,22:15:27,22:15:32,5,22:15:32,22:15:46,14,HANG,0:00:00,0:00:00,0,NO_SERVER
AA0214,26733,56660699,2,PS,990913,22:26:59,22:27:04,5,22:27:04,22:28:54,110,AGENT,22:28:53,22:29:55,62,AVI
AA0214,26734,0,0,PS,990913,22:53:27,22:53:36,9,0:00:00,0:00:00,0,AGENT,22:53:35,22:53:40,5,NO_SERVER
AA0214,26735,30271852,2,PS,990913,23:30:41,23:30:47,6,23:30:47,23:31:46,59,AGENT,23:31:45,23:33:15,90,AVI
AA0214,26736,28517043,1,PS,990914,0:00:25,0:00:30,5,0:00:30,0:02:37,127,AGENT,0:02:37,0:04:03,86,GELBER
AA0214,26737,0,0,PS,990914,6:30:06,6:30:15,9,0:00:00,0:00:00,0,HANG,0:00:00,0:00:00,0,NO_SERVER
AA0214,26738,0,0,PS,990914,7:26:16,7:26:26,10,0:00:00,0:00:00,0,AGENT,7:26:25,7:31:30,305,ANAT
AA0214,26739,29605961,1,PS,990914,7:42:40,7:42:45,5,7:42:45,7:44:57,132,AGENT,7:44:56,7:46:03,67,TOVA
AA0214,26740,0,0,PS,990914,8:07:26,8:07:37,11,0:00:00,0:00:00,0,AGENT,8:07:36,8:23:53,977,MORIAH
AA0214,26741,38719860,2,PS,990914,8:22:17,8:22:23,6,8:22:23,8:23:25,62,AGENT,8:23:24,8:24:43,79,ANAT
AA0214,26742,22612071,2,PS,990914,8:28:43,8:28:48,5,8:28:48,8:29:10,22,HANG,0:00:00,0:00:00,0,NO_SERVER
AA0214,26743,0,0,NW,990914,8:39:07,8:39:16,9,8:39:16,8:41:11,115,AGENT,8:41:10,8:42:51,101,GOLDIE
AA0214,26744,0,0,PS,990914,8:48:15,8:48:23,8,0:00:00,0:00:00,0,AGENT,8:48:23,8:50:50,147,ANAT
AA0214,26745,28841617,2,PS,990914,8:57:56,8:58:01,5,8:58:01,8:58:26,25,AGENT,8:58:24,8:59:48,84,KAZAV
AA0214,26746,0,0,NW,990914,9:06:35,9:06:48,13,0:00:00,0:00:00,0,AGENT,9:06:48,9:08:01,73,AVNI
AA0214,26747,0,0,NW,990914,9:17:09,9:17:19,10,9:17:19,9:20:17,178,HANG,0:00:00,0:00:00,0,NO_SERVER
AA0214,26748,0,0,NW,990914,9:28:20,9:28:30,10,9:28:30,9:30:44,134,HANG,0:00:00,0:00:00,0,NO_SERVER
AA0214,26749,0,0,PS,990914,9:39:44,9:39:54,10,0:00:00,0:00:00,0,AGENT,9:39:53,9:41:24,91,GOLDIE
AA0214,26750,0,0,PS,990914,9:49:06,9:49:16,10,0:00:00,0:00:00,0,AGENT,9:49:14,9:49:18,4,NO_SERVER
AA0214,26751,0,0,PS,990914,9:59:34,9:59:45,11,0:00:00,0:00:00,0,AGENT,9:59:44,10:01:27,103,YIFAT
AA0214,26752,4654307,2,PS,990914,10:09:34,10:09:40,6,10:09:40,10:10:00,20,AGENT,10:09:59,10:12:31,152,ANAT
AA0214,26753,55921597,1,NE,990914,10:16:46,10:16:52,6,10:16:52,10:17:29,37,AGENT,10:17:28,10:18:56,88,ELI
AA0214,26754,58027632,2,PS,990914,10:24:16,10:24:22,6,10:24:22,10:24:44,22,AGENT,10:24:43,10:29:10,267,BASCH
AA0214,26755,56078892,2,PS,990914,10:31:04,10:31:10,6,10:31:10,10:31:37,27,AGENT,10:31:36,10:42:47,671,AVNI
AA0214,26756,22663710,1,PS,990914,10:36:24,10:36:29,5,10:36:29,10:40:45,256,AGENT,10:40:44,10:42:00,76,KAZAV
AA0214,26757,0,0,NE,990914,10:45:01,10:45:09,8,0:00:00,0:00:00,0,AGENT,10:45:08,10:45:18,10,MORIAH
AA0214,26758,0,0,NE,990914,10:56:22,10:56:31,9,0:00:00,0:00:00,0,AGENT,10:56:30,10:59:50,200,MORIAH
AA0214,26759,8258329,2,NE,990914,11:04:08,11:04:14,6,11:04:14,11:05:04,50,AGENT,11:05:02,11:06:58,116,BASCH
AA0214,26760,36398758,1,PS,990914,11:12:42,11:12:48,6,11:12:48,11:13:03,15,AGENT,11:13:02,11:17:59,297,MORIAH
AA0214,26761,0,0,PS,990914,11:24:27,11:24:36,9,0:00:00,0:00:00,0,AGENT,11:24:35,11:26:13,98,ANAT
AA0214,26762,0,0,PS,990914,11:35:36,11:35:45,9,0:00:00,0:00:00,0,AGENT,11:35:44,11:37:11,87,KAZAV
AA0214,26763,10587137,2,NE,990914,11:45:48,11:45:54,6,11:45:54,11:48:57,183,AGENT,11:48:57,11:52:35,218,AVNI
AA0214,26764,38708160,1,PS,990914,11:54:02,11:54:07,5,11:54:07,11:55:11,64,HANG,0:00:00,0:00:00,0,NO_SERVER
AA0214,26765,27139807,2,PS,990914,12:03:45,12:03:51,6,12:03:51,12:04:41,50,AGENT,12:04:40,12:08:35,235,ANAT
AA0214,26766,0,0,PS,990914,12:12:48,12:12:57,9,0:00:00,0:00:00,0,AGENT,12:12:56,12:14:36,100,MORIAH
AA0214,26767,0,0,NE,990914,12:23:28,12:23:37,9,0:00:00,0:00:00,0,AGENT,12:23:36,12:24:09,33,KAZAV
AA0214,26768,24839128,2,PS,990914,12:33:30,12:33:36,6,12:33:36,12:33:41,5,AGENT,12:33:40,12:34:29,49,MORIAH
AA0214,26769,0,0,NW,990914,12:41:29,12:41:38,9,12:41:38,12:43:48,130,HANG,0:00:00,0:00:00,0,NO_SERVER
AA0214,26770,0,0,NE,990914,12:57:15,12:57:28,13,0:00:00,0:00:00,0,AGENT,12:57:27,13:03:00,333,ELI
AA0214,26771,23684186,1,PS,990914,13:09:24,13:09:29,5,13:09:29,13:09:33,4,AGENT,13:09:32,13:12:56,204,MORIAH
AA0214,26772,0,0,PS,990914,13:25:13,13:25:21,8,0:00:00,0:00:00,0,AGENT,13:25:21,13:26:28,67,ANAT
AA0214,26773,0,0,PS,990914,13:26:30,13:26:42,12,0:00:00,0:00:00,0,AGENT,13:26:42,13:26:45,3,NO_SERVER
AA0214,26774,0,0,PS,990914,13:35:55,13:36:04,9,0:00:00,0:00:00,0,AGENT,13:36:04,13:38:54,170,AVNI
AA0214,26775,0,0,NW,990914,13:46:49,13:46:58,9,13:46:58,13:47:04,6,HANG,0:00:00,0:00:00,0,NO_SERVER
AA0214,26776,69772531,2,PS,990914,13:52:58,13:53:04,6,13:53:04,13:56:17,193,AGENT,13:56:16,13:57:57,101,TOVA
AA0214,26777,29037082,1,PS,990914,14:03:21,14:03:26,5,14:03:26,14:05:50,144,HANG,0:00:00,0:00:00,0,NO_SERVER
AA0214,26778,0,0,NW,990914,14:12:32,14:12:42,10,14:12:42,14:13:52,70,HANG,0:00:00,0:00:00,0,NO_SERVER
AA0214,26779,29037082,1,PS,990914,14:21:50,14:21:55,5,14:21:55,14:27:09,314,AGENT,14:27:08,14:27:55,47,BASCH
AA0214,26780,6581441,2,PS,990914,14:36:24,14:36:30,6,14:36:30,14:36:57,27,AGENT,14:36:56,14:40:17,201,BASCH
AA0214,26781,22263115,2,PS,990914,14:42:16,14:42:22,6,14:42:22,14:45:48,206,AGENT,14:45:47,14:48:06,139,ROTH
AA0214,26782,0,0,PS,990914,14:54:01,14:54:10,9,0:00:00,0:00:00,0,AGENT,14:54:10,15:09:42,932,KAZAV
AA0214,26783,56765985,2,PS,990914,15:07:40,15:07:46,6,15:07:46,15:12:28,282,AGENT,15:12:27,15:13:02,35,KAZAV
AA0214,26785,0,0,PS,990914,15:21:36,15:21:36,0,0:00:00,0:00:00,0,HANG,0:00:00,0:00:00,0,NO_SERVER
AA0214,26786,58704610,2,PS,990914,15:33:14,15:33:20,6,15:33:20,15:36:04,164,AGENT,15:36:03,15:39:33,210,NAAMA
AA0214,26787,0,0,PS,990914,15:44:50,15:45:00,10,0:00:00,0:00:00,0,AGENT,15:44:59,15:46:51,112,KAZAV
AA0214,26788,0,0,NW,990914,15:57:37,15:57:49,12,0:00:00,0:00:00,0,AGENT,15:57:49,15:58:34,45,ROTH
AA0214,26789,0,0,PS,990914,16:06:50,16:07:00,10,0:00:00,0:00:00,0,AGENT,16:07:00,16:10:49,229,AVNI
AA0214,26790,0,0,PS,990914,16:14:22,16:14:35,13,0:00:00,0:00:00,0,AGENT,16:14:34,16:17:16,162,BENSION
AA0214,26791,38350203,1,PS,990914,16:27:47,16:27:52,5,16:27:52,16:28:12,20,AGENT,16:28:11,16:29:53,102,YITZ
AA0214,26792,0,0,NW,990914,16:38:41,16:38:50,9,16:38:50,16:38:55,5,HANG,0:00:00,0:00:00,0,NO_SERVER
AA0214,26793,0,0,PS,990914,16:51:52,16:52:04,12,0:00:00,0:00:00,0,AGENT,16:52:03,16:53:40,97,SHARON
AA0214,26794,34390344,1,PS,990914,16:59:42,16:59:48,6,16:59:48,17:00:07,19,AGENT,17:00:06,17:03:17,191,BENSION
AA0214,26795,27901198,2,PS,990914,17:13:08,17:13:13,5,17:13:13,17:14:22,69,AGENT,17:14:21,17:17:31,190,ZOHARI
AA0214,26796,0,0,NE,990914,17:28:11,17:28:22,11,0:00:00,0:00:00,0,AGENT,17:28:21,17:31:34,193,ZOHARI
AA0214,26797,0,0,NW,990914,17:41:25,17:41:26,1,0:00:00,0:00:00,0,HANG,0:00:00,0:00:00,0,NO_SERVER
AA0214,26798,0,0,PS,990914,17:58:28,17:58:39,11,0:00:00,0:00:00,0,AGENT,17:58:38,18:00:26,108,NAAMA
AA0214,26799,0,0,PS,990914,18:16:16,18:16:28,12,0:00:00,0:00:00,0,AGENT,18:16:27,18:19:09,162,SHARON
AA0214,26800,0,0,PS,990914,18:32:46,18:33:00,14,0:00:00,0:00:00,0,AGENT,18:32:59,18:35:24,145,BENSION
AA0214,26801,0,0,PS,990914,18:44:39,18:44:52,13,0:00:00,0:00:00,0,AGENT,18:44:50,18:46:40,110,NAAMA
AA0214,26802,0,0,PS,990914,19:03:44,19:03:54,10,0:00:00,0:00:00,0,AGENT,19:03:53,19:05:52,119,STEREN
AA0214,26803,0,0,PS,990914,19:23:37,19:23:45,8,0:00:00,0:00:00,0,AGENT,19:23:45,19:25:52,127,ROTH
AA0214,26804,258152,2,PS,990914,19:39:43,19:40:02,19,19:40:02,19:40:29,27,AGENT,19:40:01,19:40:56,55,SHARON
AA0214,26805,24990145,2,PS,990914,19:59:30,19:59:36,6,19:59:36,20:00:20,44,AGENT,20:00:19,20:02:32,133,ROTH
AA0214,26806,0,0,PS,990914,20:19:37,20:19:47,10,0:00:00,0:00:00,0,AGENT,20:19:45,20:22:44,179,ROTH
AA0214,26807,0,0,PS,990914,20:44:32,20:44:41,9,0:00:00,0:00:00,0,AGENT,20:44:40,20:45:50,70,SHARON
AA0214,26808,0,0,PS,990914,21:03:57,21:04:11,14,0:00:00,0:00:00,0,AGENT,21:04:10,21:09:47,337,BENSION
AA0214,26809,59105429,2,PS,990914,21:30:03,21:30:09,6,21:30:09,21:30:15,6,AGENT,21:30:14,21:31:48,94,ROTH
AA0214,26810,0,0,PS,990914,21:46:22,21:46:32,10,0:00:00,0:00:00,0,AGENT,21:46:30,21:47:44,74,SHARON
AA0214,26811,25712514,1,PS,990914,22:02:21,22:02:26,5,22:02:26,22:02:33,7,AGENT,22:02:33,22:03:34,61,STEREN
AA0214,26812,0,0,PS,990914,22:30:04,22:30:14,10,0:00:00,0:00:00,0,AGENT,22:30:13,22:30:24,11,ZOHARI
AA0214,26813,0,0,PS,990914,23:05:59,23:06:11,12,0:00:00,0:00:00,0,AGENT,23:06:10,23:08:04,114,STEREN
AA0214,26814,0,0,PS,990914,23:32:27,23:32:36,9,0:00:00,0:00:00,0,AGENT,23:32:35,23:33:27,52,SHARON
AA0214,26816,0,0,PS,990915,0:48:59,0:48:59,0,0:00:00,0:00:00,0,HANG,0:00:00,0:00:00,0,NO_SERVER
AA0214,26817,0,0,PS,990915,7:22:42,7:22:52,10,0:00:00,0:00:00,0,AGENT,7:22:51,7:24:50,119,ZOHARI
AA0214,26818,0,0,NW,990915,7:53:26,7:53:35,9,7:53:35,7:53:38,3,HANG,0:00:00,0:00:00,0,NO_SERVER
AA0214,26819,0,0,PS,990915,8:14:13,8:14:21,8,0:00:00,0:00:00,0,AGENT,8:14:21,8:17:40,199,ROTH
AA0214,26820,5264866,2,PS,990915,8:29:30,8:29:36,6,8:29:36,8:30:59,83,AGENT,8:30:58,8:37:04,366,ZOHARI
AA0214,26821,24265456,2,PS,990915,8:44:41,8:44:47,6,8:44:47,8:45:03,16,AGENT,8:45:02,8:46:19,77,KAZAV
AA0214,26822,31964935,1,PS,990915,8:53:57,8:54:03,6,8:54:03,8:54:22,19,AGENT,8:54:20,8:57:37,197,STEREN
AA0214,26824,11830726,1,PE,990916,7:37:06,7:37:11,5,7:37:11,7:41:29,258,AGENT,7:41:29,7:41:32,3,MORIAH
AA0214,26825,23530603,2,PS,990916,7:54:32,7:54:38,6,7:54:38,7:56:09,91,AGENT,7:56:08,8:02:37,389,ANAT
AA0214,26826,0,0,PS,990916,8:13:50,8:14:00,10,0:00:00,0:00:00,0,AGENT,8:14:00,8:17:38,218,MORIAH
AA0214,26827,0,0,NE,990916,8:28:33,8:28:44,11,0:00:00,0:00:00,0,AGENT,8:28:43,8:29:52,69,ELI
AA0214,26828,0,0,NW,990916,8:44:51,8:45:01,10,8:45:01,8:48:44,223,AGENT,8:48:42,8:49:04,22,MORIAH
AA0214,26829,0,0,PS,990916,8:59:09,8:59:23,14,0:00:00,0:00:00,0,AGENT,8:59:23,8:59:24,1,TOVA
AA0214,26830,27281617,2,NE,990916,9:09:02,9:09:07,5,9:09:07,9:09:13,6,AGENT,9:09:11,9:11:40,149,ELI
AA0214,26831,63193346,2,PS,990916,9:18:18,9:18:23,5,9:18:23,9:18:55,32,AGENT,9:18:54,9:20:11,77,ROTH
AA0214,26832,0,0,PS,990916,9:28:28,9:28:40,12,0:00:00,0:00:00,0,AGENT,9:28:39,9:30:04,85,TOVA
AA0214,26833,0,0,NE,990916,9:48:32,9:48:43,11,0:00:00,0:00:00,0,AGENT,9:48:43,9:50:10,87,ELI
AA0214,26834,8477440,2,PS,990916,9:56:34,9:56:40,6,9:56:40,9:56:54,14,AGENT,9:56:53,9:58:12,79,ANAT
AA0214,26835,57718637,1,PS,990916,10:07:03,10:07:08,5,10:07:08,10:07:48,40,AGENT,10:07:48,10:09:51,123,DORIT
AA0214,26836,23083017,2,PS,990916,10:17:22,10:17:27,5,10:17:27,10:18:08,41,AGENT,10:18:07,10:19:22,75,KAZAV
AA0214,26837,59630624,1,NE,990916,10:23:52,10:23:58,6,10:23:58,10:25:56,118,AGENT,10:25:55,10:26:36,41,ROTH
AA0214,26838,74780917,2,NE,990916,10:29:54,10:30:00,6,10:30:00,10:31:09,69,AGENT,10:31:09,10:35:02,233,ROTH
AA0214,26839,63730469,1,PS,990916,10:38:09,10:38:15,6,10:38:15,10:40:36,141,AGENT,10:40:35,10:40:58,23,DORIT
AA0214,26840,0,0,NE,990916,10:53:04,10:53:15,11,0:00:00,0:00:00,0,AGENT,10:53:14,11:30:22,2228,ELI
AA0214,26841,0,0,NW,990916,11:07:01,11:07:10,9,11:07:10,11:08:10,60,AGENT,11:08:09,11:16:55,526,MORIAH
AA0214,26842,0,0,NW,990916,11:20:45,11:20:55,10,11:20:55,11:20:58,3,AGENT,11:20:57,11:21:16,19,KAZAV
AA0214,26843,32370231,2,PS,990916,11:28:57,11:29:03,6,11:29:03,11:29:44,41,AGENT,11:29:44,11:32:08,144,KAZAV
AA0214,26844,0,0,PS,990916,11:45:38,11:45:53,15,0:00:00,0:00:00,0,AGENT,11:45:53,11:52:32,399,ZOHARI
AA0214,26845,0,0,NW,990916,11:58:10,11:58:23,13,0:00:00,0:00:00,0,AGENT,11:58:22,11:59:46,84,MORIAH
AA0214,26846,0,0,NW,990916,12:05:01,12:05:10,9,12:05:10,12:06:06,56,AGENT,12:06:04,12:07:57,113,NO_SERVER
AA0214,26847,42791442,2,PS,990916,12:17:24,12:17:30,6,12:17:30,12:19:26,116,AGENT,12:19:25,12:24:00,275,ZOHARI
AA0214,26848,0,0,PS,990916,12:28:14,12:28:30,16,0:00:00,0:00:00,0,AGENT,12:28:29,12:29:20,51,ANAT
AA0214,26849,0,0,PS,990916,12:44:47,12:44:58,11,0:00:00,0:00:00,0,AGENT,12:44:56,12:46:07,71,DORIT
AA0214,26850,57918849,1,NE,990916,12:57:42,12:57:48,6,12:57:48,12:59:00,72,AGENT,12:59:00,13:03:50,290,ROTH
AA0214,26851,22681993,2,NE,990916,13:09:32,13:09:38,6,13:09:38,13:11:05,87,AGENT,13:11:03,13:12:53,110,MORIAH
AA0214,26852,3171675,2,PS,990916,13:19:52,13:19:58,6,13:19:58,13:20:20,22,AGENT,13:20:19,13:21:41,82,GOLDIE
AA0214,26853,0,0,NW,990916,13:28:45,13:28:53,8,13:28:53,13:30:51,118,HANG,0:00:00,0:00:00,0,NO_SERVER
AA0214,26854,0,0,PS,990916,13:40:04,13:40:13,9,0:00:00,0:00:00,0,AGENT,13:40:12,13:42:17,125,DORIT
AA0214,26855,24348385,1,PS,990916,13:50:52,13:50:57,5,13:50:57,13:51:18,21,AGENT,13:51:17,13:53:46,149,DORIT
AA0214,26856,59841536,1,PS,990916,14:01:51,14:01:57,6,14:01:57,14:02:14,17,HANG,0:00:00,0:00:00,0,NO_SERVER
AA0214,26857,24393688,1,PS,990916,14:09:19,14:09:25,6,14:09:25,14:11:58,153,AGENT,14:11:57,14:21:28,571,GOLDIE
AA0214,26858,3699154,2,NE,990916,14:19:38,14:19:43,5,14:19:43,14:19:48,5,AGENT,14:19:46,14:20:49,63,ZOHARI
AA0214,26859,34021733,1,PS,990916,14:30:24,14:30:29,5,14:30:29,14:31:10,41,AGENT,14:31:08,14:31:16,8,MORIAH
AA0214,26860,7376312,1,PS,990916,14:43:46,14:43:52,6,14:43:52,14:44:03,11,AGENT,14:44:02,14:45:27,85,GOLDIE
AA0214,26861,0,0,NW,990916,15:00:35,15:00:44,9,15:00:44,15:05:08,264,HANG,0:00:00,0:00:00,0,NO_SERVER
AA0214,26862,28108520,1,PS,990916,15:10:56,15:11:03,7,15:11:03,15:21:33,630,AGENT,15:21:32,15:22:10,38,KAZAV
AA0214,26863,28546109,1,PS,990916,15:28:25,15:28:31,6,15:28:31,15:33:21,290,AGENT,15:33:21,15:34:10,49,GOLDIE
AA0214,26864,41546904,2,NE,990916,15:37:31,15:37:37,6,15:37:37,15:41:05,208,AGENT,15:41:05,15:52:38,693,ZOHARI
AA0214,26865,14475784,1,PS,990916,15:48:26,15:48:31,5,15:48:31,15:54:40,369,AGENT,15:54:39,15:57:37,178,STEREN
AA0214,26866,0,0,PS,990916,16:00:54,16:08:28,454,0:00:00,0:00:00,0,HANG,0:00:00,0:00:00,0,NO_SERVER
AA0214,26867,33739103,1,PS,990916,16:25:16,16:25:21,5,16:25:21,16:27:31,130,AGENT,16:27:29,16:30:52,203,STEREN
AA0214,26868,55920755,2,PS,990916,16:40:14,16:40:20,6,16:40:20,16:41:05,45,AGENT,16:41:04,16:43:18,134,GOLDIE
AA0214,26869,22263115,2,PS,990916,16:50:34,16:50:40,6,16:50:40,16:55:39,299,AGENT,16:55:38,17:01:31,353,VICKY
AA0214,26870,58859752,2,PS,990916,17:08:29,17:08:34,5,17:08:34,17:09:04,30,AGENT,17:09:03,17:10:48,105,GILI
AA0214,26871,0,0,NW,990916,17:23:10,17:23:19,9,17:23:19,17:24:18,59,HANG,0:00:00,0:00:00,0,NO_SERVER
AA0214,26872,0,0,NW,990916,17:43:55,17:43:57,2,0:00:00,0:00:00,0,HANG,0:00:00,0:00:00,0,NO_SERVER
AA0214,26873,0,0,NW,990916,18:08:28,18:08:53,25,0:00:00,0:00:00,0,AGENT,18:08:52,18:09:08,16,STEREN
AA0214,26874,0,0,PS,990916,18:27:12,18:27:20,8,0:00:00,0:00:00,0,AGENT,18:27:20,18:27:55,35,GILI
AA0214,26875,0,0,PS,990916,18:53:35,18:53:44,9,0:00:00,0:00:00,0,AGENT,18:53:44,18:54:42,58,GILI
AA0214,26876,0,0,PS,990916,19:14:12,19:14:26,14,0:00:00,0:00:00,0,AGENT,19:14:24,19:15:52,88,MEIR
AA0214,26877,0,0,NE,990916,19:30:11,19:30:21,10,0:00:00,0:00:00,0,AGENT,19:30:20,19:31:10,50,VICKY
AA0214,26878,0,0,PS,990916,19:56:52,19:57:06,14,0:00:00,0:00:00,0,AGENT,19:57:05,19:58:52,107,GILI
AA0214,26879,0,0,PS,990916,20:24:48,20:24:56,8,0:00:00,0:00:00,0,AGENT,20:24:56,20:36:28,692,GOLDIE
AA0214,26880,0,0,NE,990916,20:59:18,20:59:27,9,0:00:00,0:00:00,0,AGENT,20:59:26,21:15:05,939,VICKY
AA0214,26881,0,0,PS,990916,21:36:50,21:37:02,12,0:00:00,0:00:00,0,AGENT,21:37:02,21:42:11,309,MEIR
AA0214,26882,14264295,2,PS,990916,22:00:48,22:00:54,6,22:00:54,22:07:03,369,AGENT,22:07:02,22:16:55,593,AVNI
AA0214,26883,59630624,1,NE,990916,22:22:45,22:22:50,5,22:22:50,22:25:13,143,AGENT,22:25:12,22:26:37,85,VICKY
AA0214,26884,0,0,NE,990916,22:56:39,22:56:48,9,0:00:00,0:00:00,0,AGENT,22:56:48,22:59:21,153,AVNI
AA0214,26885,675306,2,PS,990916,23:29:40,23:29:46,6,23:29:46,23:30:09,23,AGENT,23:30:09,23:31:31,82,GELBER
AA0214,26886,0,0,PS,990917,1:19:22,1:19:41,19,0:00:00,0:00:00,0,HANG,0:00:00,0:00:00,0,NO_SERVER
AA0214,26887,0,0,PS,990917,7:28:26,7:28:37,11,0:00:00,0:00:00,0,AGENT,7:28:36,7:29:40,64,BENSION
AA0214,26888,0,0,PS,990917,8:04:57,8:05:05,8,0:00:00,0:00:00,0,AGENT,8:05:05,8:07:56,171,STEREN
AA0214,26889,5282868,2,PS,990917,8:21:13,8:21:19,6,8:21:19,8:22:37,78,AGENT,8:22:36,8:23:24,48,MORIAH
AA0214,26890,0,0,NW,990917,8:42:26,8:42:39,13,0:00:00,0:00:00,0,AGENT,8:42:39,8:47:26,287,MORIAH
AA0214,26891,12482634,2,NE,990917,8:50:10,8:50:15,5,8:50:15,8:51:18,63,AGENT,8:51:17,8:51:18,1,MORIAH
AA0214,26892,26059097,2,PS,990917,9:00:41,9:00:47,6,9:00:47,9:01:46,59,HANG,0:00:00,0:00:00,0,NO_SERVER
AA0214,26893,40612806,1,PS,990917,9:15:58,9:16:04,6,9:16:04,9:17:15,71,HANG,0:00:00,0:00:00,0,NO_SERVER
AA0214,26894,0,0,PS,990917,9:32:23,9:32:37,14,0:00:00,0:00:00,0,AGENT,9:32:36,9:34:34,118,BENSION
AA0214,26895,44276616,2,PS,990917,9:43:02,9:43:08,6,9:43:08,9:45:09,121,PHANTOM,9:45:08,9:45:13,5,NO_SERVER
AA0214,26896,33394115,1,PS,990917,9:55:35,9:55:41,6,9:55:41,9:58:03,142,AGENT,9:58:01,9:58:37,36,SHARON
AA0214,26897,0,0,NW,990917,10:10:12,10:10:25,13,0:00:00,0:00:00,0,AGENT,10:10:23,10:11:06,43,SHARON
AA0214,26898,0,0,PS,990917,10:26:32,10:26:47,15,0:00:00,0:00:00,0,AGENT,10:26:46,10:27:28,42,SHARON
AA0214,26899,32000101,2,PS,990917,10:44:50,10:44:55,5,10:44:55,10:45:03,8,AGENT,10:45:02,10:45:47,45,SHARON
AA0214,26900,0,0,PS,990917,11:02:51,11:03:01,10,0:00:00,0:00:00,0,AGENT,11:03:00,11:06:44,224,MORIAH
AA0214,26901,36308013,1,PS,990917,11:20:00,11:20:05,5,11:20:05,11:21:55,110,AGENT,11:21:55,11:22:30,35,SHARON
AA0214,26902,55628358,2,PS,990917,11:37:50,11:37:55,5,11:37:55,11:38:11,16,AGENT,11:38:10,11:41:28,198,BENSION
AA0214,26903,0,0,PS,990917,11:56:40,11:56:48,8,0:00:00,0:00:00,0,AGENT,11:56:47,11:58:51,124,STEREN
AA0214,26904,0,0,NW,990917,12:23:19,12:23:19,0,0:00:00,0:00:00,0,HANG,0:00:00,0:00:00,0,NO_SERVER
AA0214,26905,0,0,PS,990917,12:44:33,12:44:44,11,0:00:00,0:00:00,0,AGENT,12:44:44,12:46:02,78,DORIT
AA0214,26906,0,0,PS,990917,13:14:02,13:14:11,9,0:00:00,0:00:00,0,AGENT,13:14:10,13:17:19,189,DORIT
AA0214,26907,0,0,PS,990917,13:47:04,13:47:13,9,0:00:00,0:00:00,0,AGENT,13:47:12,13:49:00,108,STEREN
AA0214,26908,0,0,PS,990917,14:40:32,14:40:42,10,0:00:00,0:00:00,0,HANG,0:00:00,0:00:00,0,NO_SERVER
AA0214,26909,0,0,PS,990917,15:45:22,15:45:37,15,0:00:00,0:00:00,0,HANG,0:00:00,0:00:00,0,NO_SERVER
AA0214,26910,0,0,NW,990918,10:11:03,10:11:39,36,0:00:00,0:00:00,0,HANG,0:00:00,0:00:00,0,NO_SERVER
AA0214,26911,0,0,NW,990918,19:30:40,19:31:03,23,0:00:00,0:00:00,0,HANG,0:00:00,0:00:00,0,NO_SERVER
AA0214,26912,0,0,PS,990918,20:21:06,20:21:18,12,0:00:00,0:00:00,0,AGENT,20:21:17,20:21:49,32,AVI
AA0214,26913,12770798,2,PS,990918,20:45:59,20:46:04,5,20:46:04,20:46:12,8,AGENT,20:46:11,20:47:48,97,AVI
AA0214,26914,0,0,PS,990918,21:19:55,21:20:04,9,0:00:00,0:00:00,0,AGENT,21:20:04,21:20:56,52,ROTH
AA0214,26915,0,0,PS,990918,22:05:41,22:05:53,12,0:00:00,0:00:00,0,AGENT,22:05:53,22:06:14,21,SHARON
AA0214,26916,0,0,PS,990918,22:41:01,22:41:14,13,0:00:00,0:00:00,0,AGENT,22:41:13,22:43:07,114,AVI
AA0214,26917,0,0,PS,990918,23:54:57,23:55:08,11,0:00:00,0:00:00,0,AGENT,23:55:08,23:55:16,8,SHARON
AA0214,26918,0,0,PS,990919,7:14:55,7:15:06,11,0:00:00,0:00:00,0,AGENT,7:15:05,7:17:44,159,SHARON
AA0214,26919,0,0,PS,990919,7:48:35,7:48:45,10,0:00:00,0:00:00,0,AGENT,7:48:45,7:50:40,115,MORIAH
AA0214,26920,0,0,PS,990919,8:09:18,8:09:29,11,0:00:00,0:00:00,0,AGENT,8:09:28,8:11:09,101,TOVA
AA0214,26921,0,0,NW,990919,8:26:28,8:26:37,9,8:26:37,8:26:46,9,AGENT,8:26:45,8:26:47,2,MORIAH
AA0214,26922,0,0,NW,990919,8:39:21,8:39:32,11,0:00:00,0:00:00,0,AGENT,8:39:32,8:40:02,30,MORIAH
AA0214,26923,0,0,PS,990919,8:50:07,8:50:15,8,0:00:00,0:00:00,0,AGENT,8:50:14,8:54:13,239,GILI
AA0214,26924,0,0,NW,990919,8:56:30,8:56:40,10,8:56:40,8:57:06,26,AGENT,8:57:05,8:57:27,22,AVNI
AA0214,26925,0,0,PS,990919,9:15:03,9:15:15,12,0:00:00,0:00:00,0,AGENT,9:15:14,9:15:25,11,AVNI
AA0214,26926,0,0,NW,990919,9:34:27,9:34:39,12,0:00:00,0:00:00,0,AGENT,9:34:38,9:37:09,151,MORIAH
AA0214,26927,0,0,PS,990919,9:47:15,9:47:24,9,0:00:00,0:00:00,0,AGENT,9:47:24,9:47:27,3,MORIAH
AA0214,26928,0,0,PS,990919,10:10:38,10:10:48,10,0:00:00,0:00:00,0,AGENT,10:10:47,10:12:35,108,ROTH
AA0214,26929,54673827,2,PS,990919,10:42:44,10:42:50,6,10:42:50,10:43:15,25,AGENT,10:43:15,10:43:44,29,GELBER
AA0214,26930,4727772,2,PS,990919,11:06:37,11:06:42,5,11:06:42,11:07:14,32,AGENT,11:07:14,11:19:29,735,SHARON
AA0214,26931,0,0,NW,990919,13:48:47,13:49:06,19,0:00:00,0:00:00,0,HANG,0:00:00,0:00:00,0,NO_SERVER
AA0214,26932,0,0,NW,990920,19:49:40,19:50:43,63,0:00:00,0:00:00,0,HANG,0:00:00,0:00:00,0,NO_SERVER
AA0214,26933,0,0,PS,990920,21:03:36,21:03:48,12,0:00:00,0:00:00,0,AGENT,21:03:47,21:08:30,283,SHARON
AA0214,26934,56648843,2,PS,990920,21:31:50,21:31:56,6,21:31:56,21:32:13,17,AGENT,21:32:12,21:33:56,104,DORIT
AA0214,26935,0,0,PS,990920,22:05:39,22:05:48,9,0:00:00,0:00:00,0,AGENT,22:05:47,22:06:54,67,SHARON
AA0214,26936,0,0,PS,990920,22:35:09,22:35:21,12,0:00:00,0:00:00,0,AGENT,22:35:21,22:38:23,182,SHARON
AA0214,26937,0,0,PS,990920,22:59:56,23:00:08,12,0:00:00,0:00:00,0,AGENT,23:00:07,23:01:31,84,ZOHARI
AA0214,26938,0,0,PS,990920,23:44:17,23:44:26,9,0:00:00,0:00:00,0,AGENT,23:44:25,23:45:08,43,DORIT
AA0214,26939,0,0,NW,990921,4:23:15,4:23:26,11,0:00:00,0:00:00,0,HANG,0:00:00,0:00:00,0,NO_SERVER
AA0214,26940,0,0,PS,990921,7:10:08,7:10:23,15,0:00:00,0:00:00,0,AGENT,7:10:22,7:10:24,2,ANAT
AA0214,26941,0,0,PS,990921,7:30:59,7:31:08,9,0:00:00,0:00:00,0,AGENT,7:31:08,7:31:10,2,MORIAH
AA0214,26942,0,0,NW,990921,7:55:02,7:55:14,12,0:00:00,0:00:00,0,AGENT,7:55:14,7:56:10,56,YIFAT
AA0214,26943,0,0,PS,990921,8:10:14,8:10:23,9,0:00:00,0:00:00,0,AGENT,8:10:22,8:11:42,80,MORIAH
AA0214,26944,0,0,PS,990921,8:31:57,8:32:09,12,0:00:00,0:00:00,0,AGENT,8:32:07,8:35:46,219,AVI
AA0214,26945,32389629,2,PS,990921,8:42:20,8:42:26,6,8:42:26,8:42:33,7,AGENT,8:42:31,8:43:58,87,KAZAV
AA0214,26946,0,0,NW,990921,8:53:39,8:53:49,10,8:53:49,8:55:34,105,AGENT,8:55:33,8:55:53,20,AVI
AA0214,26947,0,0,PS,990921,9:07:48,9:07:57,9,0:00:00,0:00:00,0,AGENT,9:07:56,9:10:04,128,BASCH
AA0214,26948,0,0,NW,990921,9:20:48,9:21:03,15,0:00:00,0:00:00,0,AGENT,9:21:02,9:22:59,117,AVI
AA0214,26949,0,0,NW,990921,9:29:30,9:29:40,10,9:29:40,9:30:03,23,AGENT,9:30:02,9:32:47,165,AVNI
AA0214,26950,0,0,PS,990921,9:41:48,9:42:01,13,0:00:00,0:00:00,0,AGENT,9:42:00,9:44:15,135,DORIT
AA0214,26951,0,0,PS,990921,9:49:20,9:49:31,11,0:00:00,0:00:00,0,AGENT,9:49:30,9:59:22,592,AVNI
AA0214,26952,65575086,2,PS,990921,9:55:06,9:55:11,5,9:55:11,9:56:08,57,AGENT,9:56:06,9:57:28,82,ROTH
AA0214,26953,27885011,2,PS,990921,10:01:49,10:01:55,6,10:01:55,10:02:08,13,AGENT,10:02:06,10:03:23,77,YIFAT
AA0214,26954,59040113,1,PS,990921,10:09:27,10:09:32,5,10:09:32,10:12:31,179,AGENT,10:12:30,10:14:34,124,ANAT
AA0214,26955,14254312,1,PS,990921,10:17:21,10:17:26,5,10:17:26,10:18:10,44,AGENT,10:18:09,10:19:05,56,YIFAT
AA0214,26956,27106244,1,PS,990921,10:24:08,10:24:13,5,10:24:13,10:24:35,22,AGENT,10:24:34,10:30:08,334,MORIAH
AA0214,26957,0,0,PS,990921,10:33:12,10:33:21,9,0:00:00,0:00:00,0,AGENT,10:33:21,10:35:12,111,YIFAT
AA0214,26958,6099436,1,PS,990921,10:39:33,10:39:39,6,10:39:39,10:41:08,89,AGENT,10:41:07,10:44:05,178,ROTH
AA0214,26959,57074585,2,PS,990921,10:49:53,10:49:59,6,10:49:59,10:50:38,39,AGENT,10:50:36,10:54:26,230,AVI
AA0214,26960,57918849,1,NE,990921,10:56:49,10:56:55,6,10:56:55,10:57:02,7,AGENT,10:57:02,11:00:46,224,BASCH
AA0214,26961,24156291,1,PS,990921,11:02:53,11:02:59,6,11:02:59,11:04:02,63,AGENT,11:04:01,11:05:07,66,ROTH
AA0214,26962,54128681,2,PS,990921,11:13:36,11:13:41,5,11:13:41,11:14:36,55,AGENT,11:14:35,11:17:17,162,BASCH
AA0214,26963,0,0,NE,990921,11:22:37,11:22:50,13,0:00:00,0:00:00,0,AGENT,11:22:48,11:34:58,730,ELI
AA0214,26964,0,0,PS,990921,11:32:48,11:32:56,8,0:00:00,0:00:00,0,AGENT,11:32:55,11:38:41,346,ROTH
AA0214,26965,0,0,NW,990921,11:45:55,11:46:04,9,11:46:04,11:46:28,24,HANG,0:00:00,0:00:00,0,NO_SERVER
AA0214,26966,0,0,PS,990921,11:53:16,11:53:25,9,0:00:00,0:00:00,0,AGENT,11:53:25,11:54:27,62,ANAT
AA0214,26967,59630624,1,NE,990921,12:05:19,12:05:25,6,12:05:25,12:06:13,48,AGENT,12:06:13,12:06:38,25,BASCH
AA0214,26968,12482634,2,NE,990921,12:15:13,12:15:19,6,12:15:19,12:15:39,20,HANG,0:00:00,0:00:00,0,NO_SERVER
AA0214,26969,0,0,PS,990921,12:28:22,12:28:34,12,0:00:00,0:00:00,0,AGENT,12:28:33,12:29:30,57,ROTH
AA0214,26970,0,0,PS,990921,12:39:14,12:39:25,11,0:00:00,0:00:00,0,AGENT,12:39:24,12:43:37,253,YIFAT
AA0214,26971,0,0,NW,990921,12:54:52,12:55:07,15,0:00:00,0:00:00,0,AGENT,12:55:06,12:55:38,32,AVI
AA0214,26972,31909773,2,PS,990921,13:06:30,13:06:36,6,13:06:36,13:06:42,6,AGENT,13:06:41,13:06:48,7,ROTH
AA0214,26973,0,0,PS,990921,13:16:50,13:17:17,27,0:00:00,0:00:00,0,AGENT,13:17:16,13:18:36,80,BASCH
AA0214,26974,0,0,NW,990921,13:30:10,13:30:19,9,13:30:19,13:32:55,156,HANG,0:00:00,0:00:00,0,NO_SERVER
AA0214,26975,22519995,2,PS,990921,13:39:15,13:39:20,5,13:39:20,13:41:17,117,AGENT,13:41:17,13:44:20,183,KAZAV
AA0214,26976,55470405,2,PS,990921,13:47:29,13:47:34,5,13:47:34,13:48:16,42,AGENT,13:48:16,13:51:02,166,BASCH
AA0214,26977,0,0,NW,990921,13:55:44,13:55:54,10,13:55:54,13:57:44,110,AGENT,13:57:43,13:58:36,53,AVI
AA0214,26978,962908463,2,PS,990921,14:05:41,14:05:47,6,14:05:47,14:06:30,43,AGENT,14:06:30,14:08:41,131,YIFAT
AA0214,26979,0,0,NW,990921,14:17:51,14:18:00,9,14:18:00,14:18:23,23,AGENT,14:18:22,14:18:44,22,ROTH
AA0214,26980,0,0,PS,990921,14:28:56,14:29:05,9,0:00:00,0:00:00,0,AGENT,14:29:05,14:34:16,311,AVNI
AA0214,26981,0,0,PS,990921,14:43:56,14:44:05,9,0:00:00,0:00:00,0,AGENT,14:44:04,14:45:37,93,AVI
AA0214,26982,0,0,NE,990921,14:55:56,14:56:10,14,0:00:00,0:00:00,0,AGENT,14:56:08,14:58:59,171,TOVA
AA0214,26983,0,0,NE,990921,15:08:33,15:08:45,12,0:00:00,0:00:00,0,AGENT,15:08:45,15:17:40,535,ELI
AA0214,26984,0,0,NE,990921,15:18:03,15:18:16,13,0:00:00,0:00:00,0,AGENT,15:18:15,15:28:54,639,ELI
AA0214,26985,6459051,2,PS,990921,15:27:01,15:27:09,8,15:27:09,15:28:48,99,AGENT,15:28:47,15:35:07,380,GOLDIE
AA0214,26986,63193346,2,PS,990921,15:35:12,15:35:18,6,15:35:18,15:35:36,18,AGENT,15:35:35,15:38:06,151,GOLDIE
AA0214,26987,30663462,2,PS,990921,15:46:00,15:46:06,6,15:46:06,15:47:07,61,AGENT,15:47:06,15:50:19,193,VICKY
AA0214,26988,41546904,2,NE,990921,15:56:08,15:56:14,6,15:56:14,15:57:26,72,AGENT,15:57:26,16:05:40,494,VICKY
AA0214,26989,23686090,2,PS,990921,16:04:56,16:05:02,6,16:05:02,16:06:04,62,AGENT,16:06:02,16:07:24,82,YITZ
AA0214,26990,0,0,PS,990921,16:14:55,16:15:04,9,0:00:00,0:00:00,0,AGENT,16:15:04,16:17:10,126,AVNI
AA0214,26991,0,0,NW,990921,16:25:00,16:25:15,15,0:00:00,0:00:00,0,AGENT,16:25:14,16:27:23,129,YITZ
AA0214,26992,0,0,NW,990921,16:37:45,16:37:55,10,16:37:55,16:38:38,43,AGENT,16:38:36,16:38:57,21,PINHAS
AA0214,26993,0,0,PS,990921,16:58:25,16:58:35,10,0:00:00,0:00:00,0,AGENT,16:58:34,16:58:36,2,TOVA
AA0214,26994,0,0,NE,990921,17:12:29,17:12:38,9,0:00:00,0:00:00,0,AGENT,17:12:37,17:13:31,54,ZOHARI
AA0214,26995,0,0,PS,990921,17:31:20,17:31:31,11,0:00:00,0:00:00,0,AGENT,17:31:30,17:33:14,104,TOVA
AA0214,26996,0,0,NE,990921,17:52:01,17:52:11,10,0:00:00,0:00:00,0,AGENT,17:52:11,17:53:39,88,TOVA
AA0214,26997,0,0,PS,990921,18:09:15,18:09:32,17,0:00:00,0:00:00,0,AGENT,18:09:30,18:12:40,190,BENSION
AA0214,26998,0,0,PS,990921,18:27:19,18:27:31,12,0:00:00,0:00:00,0,AGENT,18:27:30,18:29:48,138,VICKY
AA0214,26999,0,0,PS,990921,18:49:14,18:49:24,10,0:00:00,0:00:00,0,AGENT,18:49:23,18:51:41,138,VICKY
AA0214,27000,0,0,PS,990921,19:10:00,19:10:12,12,0:00:00,0:00:00,0,AGENT,19:10:11,19:14:00,229,YITZ
AA0214,27001,58859752,2,PS,990921,19:38:27,19:38:33,6,19:38:33,19:39:33,60,AGENT,19:39:33,19:41:18,105,TOVA
AA0214,27002,0,0,PS,990921,19:53:02,19:53:14,12,0:00:00,0:00:00,0,AGENT,19:53:13,19:54:18,65,BENSION
AA0214,27003,0,0,PS,990921,20:24:06,20:24:19,13,0:00:00,0:00:00,0,AGENT,20:24:17,20:25:30,73,BENSION
AA0214,27004,0,0,NW,990921,20:42:08,20:42:24,16,0:00:00,0:00:00,0,AGENT,20:42:23,20:43:46,83,YITZ
AA0214,27005,0,0,PS,990921,21:03:34,21:03:43,9,0:00:00,0:00:00,0,AGENT,21:03:42,21:06:23,161,STEREN
AA0214,27006,0,0,NE,990921,21:18:48,21:18:57,9,0:00:00,0:00:00,0,AGENT,21:18:56,21:20:40,104,ZOHARI
AA0214,27007,68509728,2,PS,990921,21:40:08,21:40:13,5,21:40:13,21:40:20,7,AGENT,21:40:20,21:40:22,2,TOVA
AA0214,27008,0,0,PS,990921,22:00:23,22:00:41,18,0:00:00,0:00:00,0,AGENT,22:00:40,22:02:00,80,BENSION
AA0214,27009,0,0,PS,990921,22:22:45,22:22:54,9,0:00:00,0:00:00,0,AGENT,22:22:53,22:23:11,18,GOLDIE
AA0214,27010,0,0,NE,990921,22:52:15,22:52:24,9,0:00:00,0:00:00,0,AGENT,22:52:23,23:01:01,518,STEREN
AA0214,27011,0,0,PS,990921,23:15:35,23:15:46,11,0:00:00,0:00:00,0,AGENT,23:15:45,23:19:33,228,STEREN
AA0214,27012,0,0,NW,990921,23:46:25,23:46:35,10,23:46:35,23:49:49,194,HANG,0:00:00,0:00:00,0,NO_SERVER
AA0214,27013,0,0,PS,990922,6:54:15,6:54:25,10,0:00:00,0:00:00,0,HANG,0:00:00,0:00:00,0,NO_SERVER
AA0214,27014,0,0,PS,990922,7:29:36,7:29:51,15,0:00:00,0:00:00,0,AGENT,7:29:50,7:31:48,118,ZOHARI
AA0214,27015,0,0,PS,990922,7:50:05,7:50:16,11,0:00:00,0:00:00,0,AGENT,7:50:14,7:52:22,128,TOVA
AA0214,27016,0,0,NW,990922,8:11:04,8:11:19,15,0:00:00,0:00:00,0,AGENT,8:11:18,8:12:09,51,GOLDIE
AA0214,27017,0,0,PS,990922,8:27:13,8:27:23,10,0:00:00,0:00:00,0,AGENT,8:27:21,8:34:15,414,ROTH
AA0214,27018,0,0,PS,990922,8:40:26,8:40:37,11,0:00:00,0:00:00,0,AGENT,8:40:36,8:44:23,227,ZOHARI
AA0214,27019,22469118,2,PS,990922,8:53:16,8:53:22,6,8:53:22,8:54:07,45,AGENT,8:54:06,8:55:23,77,KAZAV
AA0214,27020,52041522,1,PS,990922,9:04:04,9:04:09,5,9:04:09,9:04:19,10,AGENT,9:04:18,9:06:17,119,VICKY
AA0214,27021,10500049,2,PS,990922,9:10:28,9:10:34,6,9:10:34,9:10:48,14,AGENT,9:10:48,9:26:21,933,STEREN
AA0214,27022,5088414,2,PS,990922,9:20:04,9:20:09,5,9:20:09,9:21:26,77,AGENT,9:21:25,9:24:02,157,KAZAV
AA0214,27023,0,0,PS,990922,9:30:26,9:30:35,9,0:00:00,0:00:00,0,AGENT,9:30:34,9:30:55,21,AVNI
AA0214,27024,22681993,2,NE,990922,9:42:14,9:42:20,6,9:42:20,9:43:29,69,AGENT,9:43:27,9:49:50,383,ROTH
AA0214,27025,0,0,PS,990922,9:50:56,9:51:04,8,0:00:00,0:00:00,0,AGENT,9:51:03,9:53:39,156,STEREN
AA0214,27026,0,0,PS,990922,10:01:10,10:01:19,9,0:00:00,0:00:00,0,AGENT,10:01:18,10:03:17,119,AVNI
AA0214,27027,0,0,PS,990922,10:07:32,10:07:41,9,0:00:00,0:00:00,0,AGENT,10:07:40,10:12:41,301,GOLDIE
AA0214,27028,57253494,1,PS,990922,10:16:43,10:16:49,6,10:16:49,10:18:25,96,AGENT,10:18:25,10:18:27,2,TOVA
AA0214,27029,317627883,1,PS,990922,10:25:35,10:25:40,5,10:25:40,10:27:19,99,AGENT,10:27:18,10:28:41,83,ZOHARI
AA0214,27030,0,0,NW,990922,10:32:47,10:32:56,9,10:32:56,10:33:21,25,HANG,0:00:00,0:00:00,0,NO_SERVER
AA0214,27031,0,0,NW,990922,10:40:38,10:40:48,10,10:40:48,10:41:21,33,AGENT,10:41:20,10:41:45,25,VICKY
AA0214,27032,0,0,PS,990922,10:50:06,10:50:16,10,0:00:00,0:00:00,0,AGENT,10:50:15,10:51:44,89,STEREN
AA0214,27033,0,0,PS,990922,10:57:41,10:57:50,9,0:00:00,0:00:00,0,AGENT,10:57:49,10:58:57,68,AVNI
AA0214,27034,29539897,2,PS,990922,11:04:21,11:04:28,7,11:04:28,11:06:50,142,AGENT,11:06:49,11:08:31,102,AVNI
AA0214,27035,0,0,PS,990922,11:13:34,11:13:43,9,0:00:00,0:00:00,0,AGENT,11:13:43,11:14:47,64,AVNI
AA0214,27036,65032120,2,NE,990922,11:22:35,11:22:41,6,11:22:41,11:24:06,85,AGENT,11:24:05,11:35:33,688,VICKY
AA0214,27037,54539366,1,PS,990922,11:30:48,11:30:53,5,11:30:53,11:33:03,130,AGENT,11:33:02,11:33:56,54,YIFAT
AA0214,27038,51732048,1,PS,990922,11:41:57,11:42:03,6,11:42:03,11:43:15,72,HANG,0:00:00,0:00:00,0,NO_SERVER
AA0214,27039,25546482,2,PS,990922,11:49:01,11:49:07,6,11:49:07,11:49:50,43,AGENT,11:49:49,11:54:53,304,VICKY
AA0214,27040,0,0,PS,990922,11:57:31,11:57:41,10,0:00:00,0:00:00,0,AGENT,11:57:40,12:02:57,317,STEREN
AA0214,27041,0,0,PS,990922,12:12:01,12:12:14,13,0:00:00,0:00:00,0,AGENT,12:12:12,12:14:52,160,ZOHARI
AA0214,27042,0,0,PS,990922,12:23:28,12:23:37,9,0:00:00,0:00:00,0,AGENT,12:23:37,12:30:55,438,VICKY
AA0214,27043,0,0,PS,990922,12:34:54,12:35:03,9,0:00:00,0:00:00,0,AGENT,12:35:02,12:38:00,178,GOLDIE
AA0214,27044,0,0,PS,990922,12:49:50,12:50:03,13,0:00:00,0:00:00,0,AGENT,12:50:02,12:52:06,124,GOLDIE
AA0214,27045,0,0,PS,990922,13:04:58,13:05:08,10,0:00:00,0:00:00,0,AGENT,13:05:07,13:06:57,110,GOLDIE
AA0214,27046,0,0,PS,990922,13:18:11,13:18:20,9,0:00:00,0:00:00,0,AGENT,13:18:19,13:20:33,134,YIFAT
AA0214,27047,0,0,PS,990922,13:30:56,13:31:05,9,0:00:00,0:00:00,0,AGENT,13:31:04,13:35:01,237,STEREN
AA0214,27048,57476988,1,PS,990922,13:45:54,13:45:59,5,13:45:59,13:46:23,24,AGENT,13:46:22,13:47:11,49,YIFAT
AA0214,27049,0,0,PS,990922,13:59:32,13:59:41,9,0:00:00,0:00:00,0,AGENT,13:59:39,14:00:39,60,KAZAV
AA0214,27050,0,0,PS,990922,14:15:02,14:15:13,11,0:00:00,0:00:00,0,AGENT,14:15:12,14:15:15,3,MORIAH
AA0214,27051,0,0,NW,990922,14:28:55,14:29:09,14,0:00:00,0:00:00,0,AGENT,14:29:08,14:30:25,77,KAZAV
AA0214,27052,0,0,PS,990922,14:44:12,14:44:21,9,0:00:00,0:00:00,0,AGENT,14:44:21,14:47:41,200,AVNI
AA0214,27053,0,0,NE,990922,14:54:03,14:54:13,10,0:00:00,0:00:00,0,AGENT,14:54:12,14:55:29,77,ZOHARI
AA0214,27054,0,0,PS,990922,15:05:28,15:05:38,10,0:00:00,0:00:00,0,AGENT,15:05:37,15:08:17,160,BASCH
AA0214,27055,0,0,NW,990922,15:16:54,15:17:06,12,0:00:00,0:00:00,0,AGENT,15:17:05,15:18:12,67,KAZAV
AA0214,27056,54128681,2,PS,990922,15:24:26,15:24:32,6,15:24:32,15:25:24,52,AGENT,15:25:23,15:26:28,65,DORIT
AA0214,27057,50625375,2,PS,990922,15:33:31,15:33:36,5,15:33:36,15:33:44,8,AGENT,15:33:44,15:36:38,174,MORIAH
AA0214,27058,0,0,PS,990922,15:42:45,15:43:00,15,0:00:00,0:00:00,0,AGENT,15:43:00,15:43:32,32,YITZ
AA0214,27059,0,0,PS,990922,15:59:06,15:59:15,9,0:00:00,0:00:00,0,AGENT,15:59:14,16:01:28,134,YITZ
AA0214,27060,57918849,1,NE,990922,16:14:53,16:14:59,6,16:14:59,16:15:19,20,HANG,0:00:00,0:00:00,0,NO_SERVER
AA0214,27061,0,0,PS,990922,16:26:15,16:26:25,10,0:00:00,0:00:00,0,AGENT,16:26:25,16:28:38,133,ANAT
AA0214,27062,0,0,NW,990922,16:40:09,16:40:22,13,0:00:00,0:00:00,0,AGENT,16:40:22,16:42:58,156,YITZ
AA0214,27063,0,0,PS,990922,16:53:01,16:53:12,11,0:00:00,0:00:00,0,AGENT,16:53:10,17:00:18,428,SHARON
AA0214,27064,0,0,NE,990922,17:11:34,17:11:46,12,0:00:00,0:00:00,0,AGENT,17:11:45,17:11:46,1,AVI
AA0214,27065,0,0,PS,990922,17:33:25,17:33:41,16,0:00:00,0:00:00,0,AGENT,17:33:40,17:34:04,24,BASCH
AA0214,27066,0,0,PS,990922,17:55:42,17:55:51,9,0:00:00,0:00:00,0,AGENT,17:55:50,18:00:17,267,BASCH
AA0214,27067,23701212,1,PS,990922,18:12:22,18:12:27,5,18:12:27,18:13:13,46,AGENT,18:13:12,18:15:43,151,SHARON
AA0214,27068,0,0,PS,990922,18:27:57,18:28:11,14,0:00:00,0:00:00,0,AGENT,18:28:09,18:29:05,56,BASCH
AA0214,27069,0,0,NE,990922,18:53:01,18:53:10,9,0:00:00,0:00:00,0,AGENT,18:53:10,18:54:29,79,MORIAH
AA0214,27070,0,0,PS,990922,19:20:47,19:20:58,11,0:00:00,0:00:00,0,AGENT,19:20:57,19:25:08,251,MORIAH
AA0214,27071,0,0,PS,990922,19:40:13,19:40:27,14,0:00:00,0:00:00,0,AGENT,19:40:27,19:41:50,83,AVI
AA0214,27072,0,0,PS,990922,20:07:00,20:07:22,22,0:00:00,0:00:00,0,AGENT,20:07:20,20:09:48,148,SHARON
AA0214,27073,0,0,PS,990922,20:33:59,20:34:11,12,0:00:00,0:00:00,0,AGENT,20:34:10,20:36:51,161,GILI
AA0214,27074,0,0,PS,990922,21:06:33,21:06:51,18,0:00:00,0:00:00,0,AGENT,21:06:49,21:07:45,56,BENSION
AA0214,27075,0,0,PS,990922,21:30:03,21:30:17,14,0:00:00,0:00:00,0,AGENT,21:30:16,21:31:00,44,DORIT
AA0214,27076,0,0,PS,990922,21:56:27,21:56:41,14,0:00:00,0:00:00,0,AGENT,21:56:40,21:59:27,167,AVI
AA0214,27077,0,0,PS,990922,22:19:05,22:19:20,15,0:00:00,0:00:00,0,AGENT,22:19:20,22:20:42,82,BENSION
AA0214,27078,0,0,PS,990922,22:52:36,22:52:51,15,0:00:00,0:00:00,0,AGENT,22:52:51,22:53:40,49,BENSION
AA0214,27079,0,0,PS,990922,23:30:56,23:31:06,10,0:00:00,0:00:00,0,AGENT,23:31:05,23:33:30,145,SHARON
AA0214,27080,0,0,PS,990923,6:40:33,6:40:43,10,0:00:00,0:00:00,0,HANG,0:00:00,0:00:00,0,NO_SERVER
AA0214,27081,54004676,2,PS,990923,7:35:04,7:35:10,6,7:35:10,7:35:36,26,AGENT,7:35:35,7:36:51,76,TOVA
AA0214,27082,0,0,PS,990923,8:01:16,8:01:32,16,0:00:00,0:00:00,0,AGENT,8:01:31,8:03:12,101,TOVA
AA0214,27083,0,0,NW,990923,8:18:57,8:19:11,14,0:00:00,0:00:00,0,AGENT,8:19:10,8:19:34,24,VICKY
AA0214,27084,0,0,PS,990923,8:35:21,8:35:31,10,0:00:00,0:00:00,0,AGENT,8:35:30,8:36:33,63,ANAT
AA0214,27085,34150391,1,PS,990923,8:48:24,8:48:29,5,8:48:29,8:49:48,79,AGENT,8:49:48,8:54:49,301,ANAT
AA0214,27086,0,0,PS,990923,9:01:05,9:01:15,10,0:00:00,0:00:00,0,AGENT,9:01:14,9:06:18,304,TOVA
AA0214,27087,69281616,1,PS,990923,9:12:32,9:12:37,5,9:12:37,9:12:42,5,AGENT,9:12:41,9:18:00,319,YIFAT
AA0214,27088,0,0,PS,990923,9:22:59,9:23:07,8,0:00:00,0:00:00,0,AGENT,9:23:06,9:27:09,243,YIFAT
AA0214,27089,0,0,PS,990923,9:37:02,9:37:11,9,0:00:00,0:00:00,0,AGENT,9:37:10,9:37:30,20,DORIT
AA0214,27090,23861495,1,PS,990923,9:44:49,9:44:54,5,9:44:54,9:45:16,22,AGENT,9:45:15,9:46:39,84,TOVA
AA0214,27091,3968047,2,PS,990923,9:53:33,9:53:38,5,9:53:38,9:53:52,14,AGENT,9:53:51,9:55:42,111,YIFAT
AA0214,27092,27729458,1,PS,990923,10:00:59,10:01:04,5,10:01:04,10:01:22,18,AGENT,10:01:20,10:02:19,59,VICKY
AA0214,27093,25551011,1,PS,990923,10:08:31,10:08:37,6,10:08:37,10:09:04,27,AGENT,10:09:03,10:09:27,24,DORIT
AA0214,27094,0,0,NE,990923,10:15:48,10:15:58,10,0:00:00,0:00:00,0,AGENT,10:15:56,10:19:54,238,TOVA
AA0214,27095,24947061,2,PS,990923,10:22:43,10:22:48,5,10:22:48,10:22:55,7,AGENT,10:22:55,10:25:58,183,TOVA
AA0214,27096,16992406,1,PS,990923,10:29:10,10:29:16,6,10:29:16,10:31:21,125,AGENT,10:31:20,10:34:20,180,AVI
AA0214,27097,0,0,NW,990923,10:37:56,10:38:06,10,10:38:06,10:42:58,292,AGENT,10:42:57,10:43:42,45,AVI
AA0214,27098,78191137,2,PS,990923,10:48:18,10:48:24,6,10:48:24,10:49:07,43,AGENT,10:49:07,10:57:08,481,BASCH
AA0214,27099,0,0,NW,990923,10:57:04,10:57:13,9,10:57:13,10:58:42,89,HANG,0:00:00,0:00:00,0,NO_SERVER
AA0214,27100,57253494,1,PS,990923,11:06:19,11:06:25,6,11:06:25,11:06:33,8,AGENT,11:06:32,11:07:58,86,VICKY
AA0214,27101,45566833,2,PS,990923,11:15:34,11:15:39,5,11:15:39,11:15:50,11,AGENT,11:15:49,11:17:51,122,VICKY
AA0214,27102,23573355,2,PS,990923,11:25:26,11:25:32,6,11:25:32,11:27:08,96,AGENT,11:27:07,11:36:19,552,ANAT
AA0214,27103,74450255,1,PS,990923,11:32:35,11:32:40,5,11:32:40,11:34:49,129,AGENT,11:34:49,11:36:55,126,AVI
AA0214,27104,24927717,1,PS,990923,11:44:31,11:44:37,6,11:44:37,11:45:45,68,AGENT,11:45:44,11:48:26,162,BASCH
AA0214,27105,0,0,PS,990923,11:58:58,11:59:10,12,0:00:00,0:00:00,0,AGENT,11:59:09,12:04:20,311,VICKY
AA0214,27106,0,0,PS,990923,12:11:32,12:11:41,9,0:00:00,0:00:00,0,AGENT,12:11:41,12:14:22,161,TOVA
AA0214,27107,0,0,PS,990923,12:20:39,12:20:58,19,0:00:00,0:00:00,0,AGENT,12:20:46,12:24:57,251,VICKY
AA0214,27108,0,0,PS,990923,12:39:42,12:39:53,11,0:00:00,0:00:00,0,AGENT,12:39:52,12:41:40,108,DORIT
AA0214,27109,57141632,1,PS,990923,12:50:44,12:50:50,6,12:50:50,12:52:12,82,AGENT,12:52:12,12:55:39,207,VICKY
AA0214,27110,0,0,PS,990923,13:08:10,13:08:22,12,0:00:00,0:00:00,0,AGENT,13:08:21,13:10:31,130,DORIT
AA0214,27111,0,0,PS,990923,13:18:27,13:18:37,10,0:00:00,0:00:00,0,AGENT,13:18:36,13:21:26,170,TOVA
AA0214,27112,51822252,2,PS,990923,13:35:49,13:35:55,6,13:35:55,13:36:21,26,AGENT,13:36:20,13:37:20,60,YIFAT
AA0214,27113,54665682,2,PS,990923,13:48:47,13:48:53,6,13:48:53,13:48:59,6,AGENT,13:48:57,13:48:58,1,VICKY
AA0214,27114,4283172,1,PS,990923,13:57:01,13:57:07,6,13:57:07,13:59:42,155,AGENT,13:59:41,14:09:12,571,TOVA
AA0214,27115,57389397,1,PS,990923,14:10:51,14:10:56,5,14:10:56,14:15:19,263,AGENT,14:15:18,14:16:59,101,BASCH
AA0214,27116,176156,1,PS,990923,14:26:45,14:26:50,5,14:26:50,14:28:52,122,AGENT,14:28:50,14:31:05,135,DORIT
AA0214,27117,56765985,2,PS,990923,14:41:12,14:41:18,6,14:41:18,14:41:58,40,AGENT,14:41:57,14:45:38,221,AVI
AA0214,27118,10587137,2,NE,990923,14:57:36,14:57:42,6,14:57:42,15:01:35,233,HANG,0:00:00,0:00:00,0,NO_SERVER
AA0214,27119,65032120,2,PS,990923,15:13:04,15:13:09,5,15:13:09,15:13:28,19,AGENT,15:13:27,15:17:46,259,YIFAT
AA0214,27120,0,0,PS,990923,15:25:51,15:26:03,12,0:00:00,0:00:00,0,AGENT,15:26:02,15:28:46,164,YIFAT
AA0214,27121,33023227,1,PS,990923,15:39:13,15:39:18,5,15:39:18,15:41:26,128,HANG,0:00:00,0:00:00,0,NO_SERVER
AA0214,27122,53318796,2,PS,990923,15:58:12,15:58:18,6,15:58:18,15:59:27,69,AGENT,15:59:26,16:03:49,263,STEREN
AA0214,27123,0,0,PS,990923,16:15:43,16:15:54,11,0:00:00,0:00:00,0,AGENT,16:15:53,16:16:58,65,YITZ
AA0214,27124,0,0,NW,990923,16:29:38,16:29:52,14,0:00:00,0:00:00,0,AGENT,16:29:51,16:30:28,37,YITZ
AA0214,27125,0,0,PS,990923,16:53:13,16:53:42,29,0:00:00,0:00:00,0,AGENT,16:53:41,16:54:50,69,SHARON
AA0214,27126,59112078,1,PS,990923,17:09:35,17:09:41,6,17:09:41,17:10:32,51,AGENT,17:10:30,17:11:46,76,STEREN
AA0214,27127,0,0,NW,990923,17:32:33,17:32:48,15,0:00:00,0:00:00,0,AGENT,17:32:47,17:34:21,94,YITZ
AA0214,27128,0,0,NW,990923,17:56:01,17:56:13,12,0:00:00,0:00:00,0,AGENT,17:56:13,17:56:33,20,SHARON
AA0214,27129,0,0,PS,990923,18:19:52,18:20:01,9,0:00:00,0:00:00,0,AGENT,18:20:01,18:34:35,874,AVNI
AA0214,27130,0,0,PS,990923,18:39:14,18:39:22,8,0:00:00,0:00:00,0,AGENT,18:39:22,18:42:32,190,STEREN
AA0214,27131,0,0,PS,990923,19:04:12,19:04:21,9,0:00:00,0:00:00,0,AGENT,19:04:20,19:05:20,60,STEREN
AA0214,27132,0,0,PS,990923,19:36:57,19:37:13,16,0:00:00,0:00:00,0,AGENT,19:37:12,19:39:32,140,MEIR
AA0214,27133,0,0,PS,990923,20:00:20,20:00:30,10,0:00:00,0:00:00,0,AGENT,20:00:29,20:19:05,1116,SHARON
AA0214,27134,0,0,PS,990923,20:39:31,20:39:45,14,0:00:00,0:00:00,0,AGENT,20:39:45,20:41:29,104,MEIR
AA0214,27135,0,0,PS,990923,21:18:03,21:18:13,10,0:00:00,0:00:00,0,AGENT,21:18:12,21:20:41,149,AVNI
AA0214,27136,0,0,NW,990923,22:11:12,22:11:27,15,0:00:00,0:00:00,0,AGENT,22:11:26,22:12:23,57,YITZ
AA0214,27137,0,0,PS,990923,22:52:00,22:52:09,9,0:00:00,0:00:00,0,AGENT,22:52:09,22:53:58,109,AVNI
AA0214,27138,0,0,NE,990923,23:35:38,23:35:49,11,0:00:00,0:00:00,0,AGENT,23:35:49,23:51:18,929,SHARON
AA0214,27139,0,0,PS,990924,7:31:33,7:31:43,10,0:00:00,0:00:00,0,AGENT,7:31:42,7:32:58,76,DORIT
AA0214,27140,0,0,PS,990924,8:05:16,8:05:28,12,0:00:00,0:00:00,0,AGENT,8:05:27,8:05:49,22,NO_SERVER
AA0214,27141,0,0,PS,990924,8:33:35,8:33:50,15,0:00:00,0:00:00,0,AGENT,8:33:49,8:34:45,56,DORIT
AA0214,27142,0,0,NW,990924,8:49:48,8:49:57,9,8:49:57,8:54:42,285,AGENT,8:54:42,8:54:53,11,SHARON
AA0214,27143,0,0,PS,990924,9:23:25,9:23:36,11,0:00:00,0:00:00,0,AGENT,9:23:36,9:25:24,108,ANAT
AA0214,27144,0,0,PS,990924,9:45:56,9:46:08,12,0:00:00,0:00:00,0,AGENT,9:46:07,9:49:01,174,BASCH
AA0214,27145,0,0,PS,990924,9:56:54,9:57:03,9,0:00:00,0:00:00,0,AGENT,9:57:03,9:57:43,40,SHARON
AA0214,27146,0,0,PS,990924,10:19:17,10:19:28,11,0:00:00,0:00:00,0,AGENT,10:19:27,10:20:19,52,DORIT
AA0214,27147,3026218,2,PS,990924,10:41:21,10:41:26,5,10:41:26,10:42:16,50,AGENT,10:42:15,10:43:01,46,BASCH
AA0214,27148,847012,2,PS,990924,10:57:05,10:57:10,5,10:57:10,10:58:53,103,AGENT,10:58:52,10:59:46,54,BASCH
AA0214,27149,0,0,PS,990924,11:10:43,11:10:53,10,0:00:00,0:00:00,0,AGENT,11:10:52,11:12:29,97,BASCH
AA0214,27150,0,0,PS,990924,11:49:42,11:49:59,17,0:00:00,0:00:00,0,AGENT,11:49:59,11:50:49,50,SHARON
AA0214,27151,0,0,PS,990924,12:08:46,12:08:58,12,0:00:00,0:00:00,0,AGENT,12:08:57,12:16:11,434,ELI
AA0214,27152,0,0,PS,990924,12:27:44,12:27:55,11,0:00:00,0:00:00,0,AGENT,12:27:54,12:31:40,226,DORIT
AA0214,27153,0,0,PS,990924,12:55:19,12:55:33,14,0:00:00,0:00:00,0,AGENT,12:55:29,12:57:55,146,DORIT
AA0214,27154,0,0,PS,990924,13:33:12,13:33:24,12,0:00:00,0:00:00,0,AGENT,13:33:24,13:38:14,290,DORIT
AA0214,27155,0,0,PS,990924,14:16:34,14:16:49,15,0:00:00,0:00:00,0,HANG,0:00:00,0:00:00,0,NO_SERVER
AA0214,27156,0,0,PS,990924,16:13:16,16:13:36,20,0:00:00,0:00:00,0,HANG,0:00:00,0:00:00,0,NO_SERVER
AA0214,27157,0,0,PS,990925,18:47:35,18:48:47,72,0:00:00,0:00:00,0,HANG,0:00:00,0:00:00,0,NO_SERVER
AA0214,27158,0,0,PS,990925,20:25:28,20:25:36,8,0:00:00,0:00:00,0,AGENT,20:25:36,20:28:15,159,BASCH
AA0214,27159,0,0,PS,990925,21:14:04,21:14:12,8,0:00:00,0:00:00,0,AGENT,21:14:12,21:15:26,74,AVNI
AA0214,27160,0,0,NW,990925,22:16:33,22:16:50,17,0:00:00,0:00:00,0,AGENT,22:16:49,22:17:14,25,AVNI
AA0214,27161,0,0,PS,990925,23:22:53,23:23:06,13,0:00:00,0:00:00,0,AGENT,23:23:05,23:25:18,133,AVI
AA0214,27162,0,0,PS,990926,7:36:13,7:36:24,11,0:00:00,0:00:00,0,AGENT,7:36:24,7:37:45,81,YIFAT
AA0214,27163,0,0,PS,990926,8:14:12,8:14:21,9,0:00:00,0:00:00,0,AGENT,8:14:20,8:16:27,127,YITZ
AA0214,27164,0,0,PS,990926,8:42:24,8:42:35,11,0:00:00,0:00:00,0,AGENT,8:42:35,8:43:13,38,DORIT
AA0214,27165,0,0,PS,990926,9:01:31,9:01:40,9,0:00:00,0:00:00,0,AGENT,9:01:38,9:01:46,8,NO_SERVER
AA0214,27166,0,0,PS,990926,9:18:18,9:18:30,12,0:00:00,0:00:00,0,AGENT,9:18:29,9:19:50,81,YIFAT
AA0214,27167,58859752,2,PS,990926,9:30:25,9:30:30,5,9:30:30,9:30:39,9,AGENT,9:30:38,9:31:04,26,VICKY
AA0214,27168,22681993,2,NE,990926,9:44:37,9:44:42,5,9:44:42,9:45:28,46,AGENT,9:45:28,9:49:49,261,ELI
AA0214,27169,59601351,2,PS,990926,9:52:33,9:52:39,6,9:52:39,9:53:09,30,HANG,0:00:00,0:00:00,0,NO_SERVER
AA0214,27170,0,0,PS,990926,10:04:13,10:04:24,11,0:00:00,0:00:00,0,AGENT,10:04:24,10:05:25,61,DORIT
AA0214,27171,0,0,NE,990926,10:16:54,10:17:03,9,0:00:00,0:00:00,0,AGENT,10:17:01,10:27:56,655,AVNI
AA0214,27172,0,0,NW,990926,10:30:15,10:30:29,14,0:00:00,0:00:00,0,AGENT,10:30:28,10:31:40,72,YIFAT
AA0214,27173,0,0,NE,990926,10:49:01,10:49:11,10,0:00:00,0:00:00,0,AGENT,10:49:10,10:52:36,206,BASCH
AA0214,27174,42943100,2,PS,990926,10:57:52,10:57:58,6,10:57:58,10:58:57,59,HANG,0:00:00,0:00:00,0,NO_SERVER
AA0214,27175,0,0,NW,990926,11:05:25,11:05:37,12,0:00:00,0:00:00,0,AGENT,11:05:36,11:05:48,12,DORIT
AA0214,27176,32387482,1,PS,990926,11:16:41,11:16:47,6,11:16:47,11:17:03,16,AGENT,11:17:03,11:17:33,30,DORIT
AA0214,27177,0,0,NW,990926,11:26:45,11:26:55,10,11:26:55,11:27:02,7,AGENT,11:27:00,11:27:53,53,YIFAT
AA0214,27178,52031556,2,PS,990926,11:39:46,11:39:52,6,11:39:52,11:40:02,10,AGENT,11:40:01,11:45:28,327,AVNI
AA0214,27179,24582264,1,PS,990926,11:50:53,11:50:59,6,11:50:59,11:51:53,54,AGENT,11:51:52,11:53:04,72,DORIT
AA0214,27180,0,0,NW,990926,12:12:55,12:13:08,13,0:00:00,0:00:00,0,AGENT,12:13:08,12:13:24,16,DORIT
AA0214,27181,0,0,NE,990926,12:27:02,12:27:14,12,0:00:00,0:00:00,0,AGENT,12:27:13,12:28:26,73,ELI
AA0214,27182,0,0,PS,990926,12:53:53,12:54:02,9,0:00:00,0:00:00,0,AGENT,12:54:01,12:55:27,86,DORIT
AA0214,27183,0,0,PS,990926,13:15:25,13:15:35,10,0:00:00,0:00:00,0,AGENT,13:15:35,13:17:50,135,VICKY
AA0214,27184,58007352,2,PS,990926,13:27:15,13:27:21,6,13:27:21,13:27:58,37,AGENT,13:27:57,13:29:12,75,YITZ
AA0214,27185,0,0,PS,990926,13:42:44,13:42:54,10,0:00:00,0:00:00,0,AGENT,13:42:54,13:44:07,73,DORIT
AA0214,27186,0,0,PS,990926,14:01:27,14:01:37,10,0:00:00,0:00:00,0,AGENT,14:01:36,14:08:19,403,AVNI
AA0214,27187,0,0,PS,990926,14:13:55,14:14:04,9,0:00:00,0:00:00,0,AGENT,14:14:04,14:14:05,1,TOVA
AA0214,27188,0,0,NE,990926,14:34:40,14:34:51,11,0:00:00,0:00:00,0,AGENT,14:34:50,14:36:41,111,TOVA
AA0214,27189,28544807,1,PS,990926,14:53:17,14:53:23,6,14:53:23,14:53:33,10,HANG,0:00:00,0:00:00,0,NO_SERVER
AA0214,27190,0,0,PS,990926,15:13:01,15:13:11,10,0:00:00,0:00:00,0,AGENT,15:13:10,15:18:57,347,AVNI
AA0214,27191,55653984,1,PS,990926,15:46:05,15:46:10,5,15:46:10,15:46:42,32,AGENT,15:46:41,15:47:37,56,YITZ
AA0214,27192,0,0,NW,990926,16:10:24,16:10:38,14,0:00:00,0:00:00,0,AGENT,16:10:38,16:11:04,26,SHARON
AA0214,27193,0,0,PS,990926,16:49:31,16:49:43,12,0:00:00,0:00:00,0,AGENT,16:49:42,16:50:26,44,BENSION
AA0214,27194,0,0,NW,990926,17:27:18,17:27:32,14,0:00:00,0:00:00,0,AGENT,17:27:31,17:28:26,55,MORIAH
AA0214,27195,0,0,PS,990926,18:08:44,18:08:56,12,0:00:00,0:00:00,0,AGENT,18:08:55,18:08:59,4,NO_SERVER
AA0214,27196,0,0,PS,990926,18:40:07,18:40:21,14,0:00:00,0:00:00,0,AGENT,18:40:20,18:41:31,71,SHARON
AA0214,27197,0,0,NE,990926,19:13:44,19:13:53,9,0:00:00,0:00:00,0,AGENT,19:13:52,19:14:17,25,SHARON
AA0214,27198,0,0,PS,990926,20:06:26,20:06:44,18,0:00:00,0:00:00,0,AGENT,20:06:43,20:08:14,91,BENSION
AA0214,27199,0,0,PS,990926,20:56:34,20:56:43,9,0:00:00,0:00:00,0,AGENT,20:56:42,20:58:11,89,SHARON
AA0214,27200,25268624,2,PS,990926,21:59:51,21:59:57,6,21:59:57,22:01:07,70,AGENT,22:01:06,22:02:04,58,BENSION
AA0214,27201,0,0,PS,990926,23:32:20,23:32:31,11,0:00:00,0:00:00,0,AGENT,23:32:30,23:34:29,119,SHARON
AA0214,27202,0,0,PS,990927,7:32:02,7:32:16,14,0:00:00,0:00:00,0,AGENT,7:32:15,7:35:10,175,ZOHARI
AA0214,27203,0,0,NW,990927,8:16:44,8:16:53,9,8:16:53,8:18:27,94,AGENT,8:18:26,8:22:23,237,YITZ
AA0214,27204,0,0,NW,990927,8:43:38,8:43:47,9,8:43:47,8:45:51,124,AGENT,8:45:49,8:46:32,43,BENSION
AA0214,27205,0,0,NW,990927,8:59:11,8:59:25,14,0:00:00,0:00:00,0,AGENT,8:59:23,9:00:11,48,BENSION
AA0214,27206,8477440,2,PS,990927,9:13:03,9:13:09,6,9:13:09,9:13:14,5,AGENT,9:13:14,9:17:32,258,ZOHARI
AA0214,27207,65032120,2,PS,990927,9:33:58,9:34:04,6,9:34:04,9:35:20,76,AGENT,9:35:19,9:38:35,196,TOVA
AA0214,27208,7158140,2,PS,990927,9:45:27,9:45:33,6,9:45:33,9:50:57,324,AGENT,9:50:56,9:52:06,70,BENSION
AA0214,27209,27885011,2,PS,990927,9:57:48,9:57:53,5,9:57:53,10:01:57,244,AGENT,10:01:56,10:07:51,355,BENSION
AA0214,27210,4843918,1,PS,990927,10:09:07,10:09:12,5,10:09:12,10:10:41,89,AGENT,10:10:41,10:12:07,86,VICKY
AA0214,27211,28994457,2,PS,990927,10:23:35,10:23:40,5,10:23:40,10:25:44,124,AGENT,10:25:43,10:27:29,106,BASCH
AA0214,27212,0,0,NE,990927,10:40:16,10:40:26,10,0:00:00,0:00:00,0,AGENT,10:40:25,10:40:27,2,TOVA
AA0214,27213,0,0,PS,990927,10:53:11,10:53:20,9,0:00:00,0:00:00,0,AGENT,10:53:19,11:05:05,706,YITZ
AA0214,27214,23822679,2,PS,990927,11:03:38,11:03:44,6,11:03:44,11:06:59,195,AGENT,11:06:58,11:18:39,701,BENSION
AA0214,27215,13000567,2,PS,990927,11:16:00,11:16:06,6,11:16:06,11:16:48,42,AGENT,11:16:47,11:18:14,87,BASCH
AA0214,27216,50069228,2,PS,990927,11:34:20,11:34:26,6,11:34:26,11:35:31,65,AGENT,11:35:30,11:37:26,116,PINHAS
AA0214,27217,11771508,2,PS,990927,11:46:12,11:46:18,6,11:46:18,11:47:27,69,AGENT,11:47:26,11:49:32,126,ZOHARI
AA0214,27218,58029430,1,PS,990927,11:58:24,11:58:30,6,11:58:30,12:00:12,102,AGENT,12:00:11,12:01:21,70,BENSION
AA0214,27219,33585951,1,PS,990927,12:17:36,12:17:42,6,12:17:42,12:17:56,14,AGENT,12:17:55,12:19:23,88,YITZ
AA0214,27220,0,0,NE,990927,12:34:00,12:34:10,10,0:00:00,0:00:00,0,AGENT,12:34:09,12:43:21,552,ELI
AA0214,27221,0,0,NE,990927,12:49:59,12:50:13,14,0:00:00,0:00:00,0,AGENT,12:50:12,12:51:40,88,ZOHARI
AA0214,27222,0,0,PS,990927,13:00:15,13:00:28,13,0:00:00,0:00:00,0,AGENT,13:00:27,13:02:19,112,BASCH
AA0214,27223,43288190,2,PS,990927,13:16:34,13:16:39,5,13:16:39,13:17:44,65,AGENT,13:17:43,13:20:56,193,BASCH
AA0214,27224,29603198,2,PS,990927,13:36:11,13:36:17,6,13:36:17,13:37:27,70,AGENT,13:37:26,13:39:06,100,BASCH
AA0214,27225,54042171,2,NE,990927,13:50:19,13:50:24,5,13:50:24,13:50:29,5,AGENT,13:50:28,13:50:30,2,TOVA
AA0214,27226,30442495,2,PS,990927,14:02:59,14:03:04,5,14:03:04,14:04:36,92,AGENT,14:04:35,14:12:36,481,BASCH
AA0214,27227,52867744,2,PS,990927,14:18:38,14:18:44,6,14:18:44,14:19:48,64,AGENT,14:19:47,14:22:07,140,YITZ
AA0214,27228,14414726,2,PS,990927,14:33:55,14:34:01,6,14:34:01,14:35:46,105,AGENT,14:35:46,14:36:16,30,BASCH
AA0214,27229,0,0,PS,990927,14:49:42,14:49:51,9,0:00:00,0:00:00,0,AGENT,14:49:51,14:51:09,78,ANAT
AA0214,27230,0,0,PS,990927,15:13:40,15:13:50,10,0:00:00,0:00:00,0,AGENT,15:13:50,15:16:20,150,ANAT
AA0214,27231,0,0,PS,990927,15:53:54,15:54:06,12,0:00:00,0:00:00,0,AGENT,15:54:05,15:56:00,115,BASCH
AA0214,27232,54613724,2,NE,990927,16:26:40,16:26:46,6,16:26:46,16:28:32,106,AGENT,16:28:32,16:29:43,71,MORIAH
AA0214,27233,0,0,PS,990927,16:40:27,16:40:35,8,0:00:00,0:00:00,0,AGENT,16:40:35,16:45:38,303,AVNI
AA0214,27234,0,0,PS,990927,17:30:14,17:30:22,8,0:00:00,0:00:00,0,AGENT,17:30:21,17:31:39,78,ANAT
AA0214,27235,0,0,PS,990927,17:50:04,17:50:13,9,0:00:00,0:00:00,0,AGENT,17:50:12,17:52:58,166,MORIAH
AA0214,27236,0,0,NE,990927,18:35:47,18:35:57,10,0:00:00,0:00:00,0,AGENT,18:35:57,18:48:06,729,MORIAH
AA0214,27237,0,0,PS,990927,18:59:30,18:59:40,10,0:00:00,0:00:00,0,AGENT,18:59:39,19:07:35,476,AVNI
AA0214,27238,0,0,NE,990927,19:45:13,19:45:25,12,0:00:00,0:00:00,0,AGENT,19:45:23,19:49:35,252,MORIAH
AA0214,27239,0,0,PS,990927,20:28:32,20:28:41,9,0:00:00,0:00:00,0,AGENT,20:28:41,20:29:52,71,GILI
AA0214,27240,0,0,PS,990927,21:25:39,21:25:48,9,0:00:00,0:00:00,0,AGENT,21:25:47,21:27:41,114,SHARON
AA0214,27241,0,0,PS,990927,21:59:47,21:59:59,12,0:00:00,0:00:00,0,AGENT,21:59:58,22:02:14,136,SHARON
AA0214,27242,0,0,NE,990927,22:38:54,22:39:23,29,0:00:00,0:00:00,0,AGENT,22:39:22,22:40:21,59,SHARON
AA0214,27243,0,0,PS,990927,23:51:33,23:51:47,14,0:00:00,0:00:00,0,AGENT,23:51:46,23:53:41,115,AVNI
AA0214,27244,0,0,PS,990928,7:05:45,7:05:54,9,0:00:00,0:00:00,0,AGENT,7:05:53,7:08:05,132,YIFAT
AA0214,27245,307366328,1,PS,990928,7:58:20,7:58:25,5,7:58:25,7:58:48,23,HANG,0:00:00,0:00:00,0,NO_SERVER
AA0214,27246,0,0,PS,990928,8:32:41,8:32:51,10,0:00:00,0:00:00,0,AGENT,8:32:50,8:38:45,355,ANAT
AA0214,27247,482430,2,PS,990928,8:50:07,8:50:13,6,8:50:13,8:54:49,276,AGENT,8:54:49,8:58:48,239,YIFAT
AA0214,27248,58029430,1,PS,990928,9:09:49,9:09:55,6,9:09:55,9:11:00,65,AGENT,9:10:59,9:12:54,115,AVNI
AA0214,27249,63226971,1,PS,990928,9:27:06,9:27:12,6,9:27:12,9:27:27,15,AGENT,9:27:26,9:28:08,42,ANAT
AA0214,27250,0,0,NE,990928,9:39:17,9:39:26,9,0:00:00,0:00:00,0,AGENT,9:39:25,9:41:10,105,ZOHARI
AA0214,27251,10858884,2,NE,990928,9:54:24,9:54:29,5,9:54:29,9:57:33,184,AGENT,9:57:33,10:07:53,620,ANAT
AA0214,27253,0,0,PS,990928,10:07:09,10:07:09,0,0:00:00,0:00:00,0,HANG,0:00:00,0:00:00,0,NO_SERVER
AA0214,27254,30663462,2,PS,990928,10:14:13,10:14:18,5,10:14:18,10:18:02,224,AGENT,10:18:00,10:24:57,417,ANAT
AA0214,27255,3968047,2,PS,990928,10:26:42,10:26:48,6,10:26:48,10:26:59,11,HANG,0:00:00,0:00:00,0,NO_SERVER
AA0214,27256,0,0,NW,990928,10:34:17,10:34:27,10,10:34:27,10:39:36,309,AGENT,10:39:36,10:39:44,8,PINHAS
AA0214,27257,58029430,1,PS,990928,10:52:01,10:52:07,6,10:52:07,10:54:05,118,AGENT,10:54:04,10:55:27,83,YIFAT
AA0214,27258,29561586,2,PS,990928,11:01:31,11:01:36,5,11:01:36,11:03:09,93,AGENT,11:03:08,11:05:42,154,AVNI
AA0214,27259,0,0,NE,990928,11:15:18,11:15:31,13,0:00:00,0:00:00,0,AGENT,11:15:30,11:18:24,174,ZOHARI
AA0214,27260,54889191,2,PS,990928,11:23:20,11:23:25,5,11:23:25,11:24:45,80,AGENT,11:24:44,11:24:55,11,AVNI
AA0214,27261,16426967,2,PS,990928,11:35:07,11:35:12,5,11:35:12,11:37:06,114,AGENT,11:37:05,11:37:50,45,YIFAT
AA0214,27262,22964670,1,PS,990928,11:46:09,11:46:15,6,11:46:15,11:49:58,223,AGENT,11:49:57,11:51:16,79,ANAT
AA0214,27263,31738115,1,PS,990928,12:00:26,12:00:31,5,12:00:31,12:00:42,11,HANG,12:00:39,12:05:21,282,NO_SERVER
AA0214,27264,0,0,NW,990928,12:05:46,12:05:56,10,12:05:56,12:05:56,0,HANG,0:00:00,0:00:00,0,NO_SERVER
AA0214,27265,309415347,1,PS,990928,12:14:40,12:14:46,6,12:14:46,12:24:19,573,AGENT,12:24:18,12:24:57,39,ANAT
AA0214,27266,60006053,1,PS,990928,12:33:40,12:33:45,5,12:33:45,12:36:18,153,HANG,0:00:00,0:00:00,0,NO_SERVER
AA0214,27267,24406977,1,PS,990928,12:47:52,12:47:57,5,12:47:57,12:48:51,54,AGENT,12:48:49,12:52:39,230,AVNI
AA0214,27268,0,0,NW,990928,12:58:39,12:58:48,9,12:58:48,12:59:35,47,HANG,0:00:00,0:00:00,0,NO_SERVER
AA0214,27269,0,0,PS,990928,13:13:42,13:13:53,11,0:00:00,0:00:00,0,AGENT,13:13:51,13:17:21,210,YIFAT
AA0214,27270,0,0,PS,990928,13:31:53,13:32:03,10,0:00:00,0:00:00,0,AGENT,13:32:02,13:35:52,230,AVNI
AA0214,27271,48820351,2,NE,990928,13:47:00,13:47:05,5,13:47:05,13:47:37,32,AGENT,13:47:36,13:51:47,251,ZOHARI
AA0214,27272,0,0,NE,990928,13:57:32,13:57:45,13,0:00:00,0:00:00,0,AGENT,13:57:44,14:03:45,361,ZOHARI
AA0214,27273,54114061,2,PS,990928,14:09:25,14:09:30,5,14:09:30,14:11:53,143,AGENT,14:11:52,14:13:44,112,BASCH
AA0214,27274,0,0,NW,990928,14:24:28,14:24:38,10,14:24:38,14:24:41,3,HANG,0:00:00,0:00:00,0,NO_SERVER
AA0214,27275,0,0,PS,990928,14:47:00,14:47:09,9,0:00:00,0:00:00,0,AGENT,14:47:08,14:49:27,139,YIFAT
AA0214,27276,14504765,2,PS,990928,15:01:21,15:01:27,6,15:01:27,15:05:21,234,AGENT,15:05:20,15:06:57,97,ZOHARI
AA0214,27277,0,0,NE,990928,15:43:42,15:43:53,11,0:00:00,0:00:00,0,AGENT,15:43:52,15:49:32,340,AVNI
AA0214,27278,310132329,1,PS,990928,16:09:44,16:09:49,5,16:09:49,16:10:03,14,AGENT,16:10:02,16:14:02,240,VICKY
AA0214,27279,0,0,NW,990928,16:37:51,16:38:01,10,16:38:01,16:38:23,22,AGENT,16:38:23,16:39:24,61,SHARON
AA0214,27280,0,0,NW,990928,17:07:50,17:08:04,14,0:00:00,0:00:00,0,AGENT,17:08:03,17:09:15,72,YITZ
AA0214,27281,0,0,NW,990928,17:34:40,17:34:55,15,0:00:00,0:00:00,0,AGENT,17:34:55,17:35:31,36,YITZ
AA0214,27282,59630624,1,NE,990928,17:53:57,17:54:02,5,17:54:02,17:56:32,150,AGENT,17:56:30,17:57:17,47,BASCH
AA0214,27283,25750837,2,PS,990928,18:21:13,18:21:19,6,18:21:19,18:22:23,64,AGENT,18:22:23,18:26:39,256,DARMON
AA0214,27284,0,0,NW,990928,19:07:49,19:08:02,13,0:00:00,0:00:00,0,AGENT,19:08:01,19:08:51,50,SHARON
AA0214,27285,0,0,PS,990928,20:17:17,20:17:29,12,0:00:00,0:00:00,0,AGENT,20:17:28,20:22:33,305,GILI
AA0214,27286,0,0,PS,990928,20:47:36,20:47:48,12,0:00:00,0:00:00,0,AGENT,20:47:48,20:50:52,184,BASCH
AA0214,27287,0,0,NE,990928,21:22:36,21:22:46,10,0:00:00,0:00:00,0,AGENT,21:22:45,21:32:42,597,SHARON
AA0214,27288,0,0,PS,990928,21:52:19,21:52:27,8,0:00:00,0:00:00,0,AGENT,21:52:27,21:53:49,82,GILI
AA0214,27289,0,0,PS,990928,22:28:32,22:28:42,10,0:00:00,0:00:00,0,AGENT,22:28:41,22:34:30,349,DORIT
AA0214,27290,0,0,PS,990928,23:23:25,23:23:37,12,0:00:00,0:00:00,0,AGENT,23:23:36,23:26:31,175,DARMON
AA0214,27291,0,0,PS,990929,6:58:05,6:58:19,14,0:00:00,0:00:00,0,HANG,0:00:00,0:00:00,0,NO_SERVER
AA0214,27292,0,0,PS,990929,7:52:22,7:52:32,10,0:00:00,0:00:00,0,AGENT,7:52:31,7:53:24,53,ZOHARI
AA0214,27293,0,0,NW,990929,8:25:45,8:25:58,13,0:00:00,0:00:00,0,AGENT,8:25:57,8:27:07,70,SHARON
AA0214,27294,0,0,NW,990929,8:41:09,8:41:19,10,8:41:19,8:42:39,80,AGENT,8:42:38,8:43:40,62,SHARON
AA0214,27295,0,0,NW,990929,8:59:06,8:59:25,19,0:00:00,0:00:00,0,AGENT,8:59:24,8:59:56,32,ANAT
AA0214,27296,0,0,PS,990929,9:16:09,9:16:19,10,0:00:00,0:00:00,0,AGENT,9:16:18,9:20:38,260,SHARON
AA0214,27297,29572203,2,PS,990929,9:30:43,9:30:49,6,9:30:49,9:31:16,27,AGENT,9:31:16,9:37:21,365,DORIT
AA0214,27298,56078892,2,PS,990929,9:43:32,9:43:38,6,9:43:38,9:44:08,30,AGENT,9:44:07,9:45:55,108,DORIT
AA0214,27299,59192617,1,PS,990929,9:51:39,9:51:44,5,9:51:44,9:52:41,57,HANG,0:00:00,0:00:00,0,NO_SERVER
AA0214,27300,55510085,2,PS,990929,10:01:02,10:01:07,5,10:01:07,10:04:53,226,AGENT,10:04:53,10:10:34,341,AVNI
AA0214,27301,0,0,NE,990929,10:14:09,10:14:21,12,0:00:00,0:00:00,0,AGENT,10:14:20,10:14:49,29,SHARON
AA0214,27302,0,0,NW,990929,10:23:44,10:23:53,9,10:23:53,10:24:27,34,HANG,0:00:00,0:00:00,0,NO_SERVER
AA0214,27303,67158097,2,PS,990929,10:36:13,10:36:19,6,10:36:19,10:36:35,16,AGENT,10:36:34,10:41:09,275,ANAT
AA0214,27304,58702432,2,PS,990929,10:45:12,10:45:17,5,10:45:17,10:46:10,53,AGENT,10:46:09,10:48:41,152,ANAT
AA0214,27305,40716193,1,NE,990929,10:56:50,10:56:55,5,10:56:55,10:59:14,139,AGENT,10:59:12,11:07:11,479,AVNI
AA0214,27306,57056244,2,NE,990929,11:06:19,11:06:25,6,11:06:25,11:07:34,69,AGENT,11:07:33,11:09:09,96,ZOHARI
AA0214,27307,68741495,2,NE,990929,11:18:31,11:18:37,6,11:18:37,11:20:30,113,AGENT,11:20:29,11:22:10,101,SHARON
AA0214,27308,0,0,PS,990929,11:32:45,11:32:54,9,0:00:00,0:00:00,0,AGENT,11:32:53,11:35:48,175,DORIT
AA0214,27309,0,0,NW,990929,11:46:15,11:46:24,9,11:46:24,11:50:00,216,AGENT,11:49:59,11:51:17,78,SHARON
AA0214,27310,0,0,PS,990929,12:01:46,12:02:01,15,0:00:00,0:00:00,0,AGENT,12:01:59,12:03:47,108,SHARON
AA0214,27311,57747453,1,PS,990929,12:09:11,12:09:17,6,12:09:17,12:12:51,214,AGENT,12:12:50,12:16:26,216,ANAT
AA0214,27312,16426967,2,PS,990929,12:23:08,12:23:13,5,12:23:13,12:26:00,167,AGENT,12:25:58,12:28:05,127,SHARON
AA0214,27313,57074585,2,PS,990929,12:33:47,12:33:52,5,12:33:52,12:35:50,118,AGENT,12:35:50,12:37:10,80,YIFAT
AA0214,27314,33944760,2,PS,990929,12:47:27,12:47:32,5,12:47:32,12:50:04,152,HANG,0:00:00,0:00:00,0,NO_SERVER
AA0214,27315,24605958,2,PS,990929,13:02:56,13:03:02,6,13:03:02,13:03:09,7,HANG,0:00:00,0:00:00,0,NO_SERVER
AA0214,27316,0,0,PS,990929,13:21:28,13:21:36,8,0:00:00,0:00:00,0,AGENT,13:21:35,13:39:18,1063,AVNI
AA0214,27317,0,0,PS,990929,13:35:02,13:35:12,10,0:00:00,0:00:00,0,AGENT,13:35:12,13:40:17,305,YIFAT
AA0214,27318,55653984,1,PS,990929,13:49:22,13:49:28,6,13:49:28,13:52:54,206,AGENT,13:52:53,13:52:55,2,YIFAT
AA0214,27319,9202045,2,PS,990929,13:59:43,13:59:49,6,13:59:49,14:00:44,55,AGENT,14:00:43,14:02:11,88,DORIT
AA0214,27320,22874192,2,PS,990929,14:12:08,14:12:13,5,14:12:13,14:12:46,33,AGENT,14:12:45,14:14:40,115,YIFAT
AA0214,27321,37619061,2,PS,990929,14:21:50,14:21:55,5,14:21:55,14:22:52,57,HANG,0:00:00,0:00:00,0,NO_SERVER
AA0214,27322,0,0,PS,990929,14:34:48,14:34:57,9,0:00:00,0:00:00,0,AGENT,14:34:56,14:37:20,144,AVNI
AA0214,27323,17938986,2,PS,990929,14:57:05,14:57:11,6,14:57:11,14:58:54,103,AGENT,14:58:54,15:09:02,608,SHARON
AA0214,27324,0,0,PS,990929,15:30:07,15:30:17,10,0:00:00,0:00:00,0,AGENT,15:30:16,15:33:28,192,BASCH
AA0214,27325,67621961,2,NE,990929,16:00:41,16:00:47,6,16:00:47,16:01:05,18,AGENT,16:01:05,16:03:36,151,STEREN
AA0214,27326,57253494,1,PS,990929,16:24:04,16:24:09,5,16:24:09,16:25:28,79,AGENT,16:25:26,16:26:38,72,BASCH
AA0214,27327,0,0,NW,990929,16:59:42,16:59:56,14,0:00:00,0:00:00,0,AGENT,16:59:54,17:00:12,18,VICKY
AA0214,27328,0,0,PS,990929,17:34:52,17:35:00,8,0:00:00,0:00:00,0,AGENT,17:35:00,17:36:16,76,BASCH
AA0214,27329,27281617,2,NE,990929,17:59:28,17:59:34,6,17:59:34,18:00:00,26,AGENT,17:59:59,18:00:18,19,BASCH
AA0214,27330,0,0,PS,990929,18:31:57,18:32:06,9,0:00:00,0:00:00,0,AGENT,18:32:05,18:35:22,197,STEREN
AA0214,27331,0,0,NE,990929,18:52:34,18:52:44,10,0:00:00,0:00:00,0,AGENT,18:52:44,18:53:11,27,MEIR
AA0214,27332,0,0,PS,990929,19:20:08,19:20:17,9,0:00:00,0:00:00,0,AGENT,19:20:16,19:21:36,80,VICKY
AA0214,27333,0,0,PS,990929,19:47:41,19:47:55,14,0:00:00,0:00:00,0,AGENT,19:47:54,19:50:59,185,MEIR
AA0214,27334,0,0,PS,990929,20:30:57,20:31:05,8,0:00:00,0:00:00,0,AGENT,20:31:04,20:34:29,205,VICKY
AA0214,27335,0,0,PS,990929,20:55:57,20:56:12,15,0:00:00,0:00:00,0,AGENT,20:56:11,20:58:57,166,VICKY
AA0214,27336,0,0,NE,990929,21:36:47,21:36:56,9,0:00:00,0:00:00,0,AGENT,21:36:55,21:37:46,51,VICKY
AA0214,27337,0,0,NE,990929,22:07:52,22:08:06,14,0:00:00,0:00:00,0,AGENT,22:08:05,22:10:42,157,DARMON
AA0214,27338,0,0,NE,990929,23:05:18,23:05:34,16,0:00:00,0:00:00,0,AGENT,23:05:33,23:06:10,37,DARMON
AA0214,27339,0,0,NW,990929,23:49:22,23:49:36,14,0:00:00,0:00:00,0,AGENT,23:49:36,23:49:41,5,NO_SERVER
AA0214,27340,0,0,PS,990930,6:50:53,6:51:11,18,0:00:00,0:00:00,0,HANG,0:00:00,0:00:00,0,NO_SERVER
AA0214,27341,54303367,1,PS,990930,7:47:11,7:47:17,6,7:47:17,7:48:33,76,PHANTOM,7:48:33,7:48:37,4,NO_SERVER
AA0214,27342,0,0,NW,990930,8:26:54,8:27:07,13,0:00:00,0:00:00,0,AGENT,8:27:06,8:27:56,50,ANAT
AA0214,27343,0,0,NW,990930,8:48:00,8:48:09,9,8:48:09,8:49:06,57,HANG,0:00:00,0:00:00,0,NO_SERVER
AA0214,27344,0,0,PS,990930,9:02:46,9:03:05,19,0:00:00,0:00:00,0,AGENT,9:03:04,9:03:07,3,TOVA
AA0214,27345,11839214,2,PE,990930,9:16:24,9:16:29,5,9:16:29,9:17:51,82,AGENT,9:17:50,9:20:59,189,YIFAT
AA0214,27346,0,0,PS,990930,9:32:29,9:32:42,13,0:00:00,0:00:00,0,AGENT,9:32:42,9:34:56,134,TOVA
AA0214,27347,54539366,1,PS,990930,9:45:43,9:45:48,5,9:45:48,9:46:49,61,AGENT,9:46:49,9:47:57,68,SHARON
AA0214,27348,10858884,2,NE,990930,9:55:01,9:55:06,5,9:55:06,9:55:42,36,AGENT,9:55:41,9:57:32,111,ANAT
AA0214,27349,0,0,PS,990930,10:01:06,10:02:30,84,0:00:00,0:00:00,0,HANG,0:00:00,0:00:00,0,NO_SERVER
AA0214,27350,0,0,NE,990930,10:17:15,10:17:29,14,0:00:00,0:00:00,0,AGENT,10:17:29,10:17:30,1,ANAT
AA0214,27351,0,0,PS,990930,10:29:20,10:29:29,9,0:00:00,0:00:00,0,AGENT,10:29:29,10:30:37,68,ANAT
AA0214,27352,0,0,NW,990930,10:43:28,10:43:38,10,10:43:38,10:47:39,241,AGENT,10:47:38,10:50:29,171,SHARON
AA0214,27353,22907455,2,PS,990930,11:00:28,11:00:34,6,11:00:34,11:02:23,109,AGENT,11:02:22,11:03:22,60,TOVA
AA0214,27354,703074,2,PS,990930,11:05:39,11:05:44,5,11:05:44,11:12:05,381,AGENT,11:12:05,11:12:09,4,SHARON
AA0214,27355,9202045,2,PS,990930,11:19:21,11:19:26,5,11:19:26,11:19:30,4,HANG,0:00:00,0:00:00,0,NO_SERVER
AA0214,27356,33474602,2,PS,990930,11:23:08,11:23:14,6,11:23:14,11:26:09,175,AGENT,11:26:08,11:26:25,17,TOVA
AA0214,27357,25229626,2,PS,990930,11:29:17,11:29:23,6,11:29:23,11:33:11,228,HANG,11:33:10,11:33:16,6,NO_SERVER
AA0214,27358,0,0,NW,990930,11:40:08,11:40:18,10,11:40:18,11:41:48,90,HANG,0:00:00,0:00:00,0,NO_SERVER
AA0214,27359,58859752,2,PS,990930,11:45:34,11:45:40,6,11:45:40,11:45:50,10,HANG,0:00:00,0:00:00,0,NO_SERVER
AA0214,27360,70397559,2,NE,990930,11:49:36,11:49:42,6,11:49:42,11:51:39,117,AGENT,11:51:38,11:56:33,295,SHARON
AA0214,27361,303878839,2,PS,990930,12:00:12,12:00:18,6,12:00:18,12:01:24,66,AGENT,12:01:23,12:03:43,140,SHARON
AA0214,27362,0,0,NW,990930,12:09:45,12:09:54,9,12:09:54,12:10:18,24,HANG,0:00:00,0:00:00,0,NO_SERVER
AA0214,27363,0,0,NW,990930,12:19:43,12:19:56,13,0:00:00,0:00:00,0,AGENT,12:19:54,12:21:10,76,ROTH
AA0214,27364,0,0,PS,990930,12:35:48,12:35:56,8,0:00:00,0:00:00,0,AGENT,12:35:56,12:38:04,128,YIFAT
AA0214,27365,0,0,NW,990930,12:55:21,12:55:33,12,0:00:00,0:00:00,0,AGENT,12:55:32,12:57:29,117,ROTH
AA0214,27366,15235377,1,PS,990930,13:10:08,13:10:14,6,13:10:14,13:11:00,46,AGENT,13:10:59,13:13:15,136,ZOHARI
AA0214,27367,43288190,2,PS,990930,13:27:34,13:27:40,6,13:27:40,13:28:30,50,AGENT,13:28:29,13:32:38,249,ROTH
AA0214,27368,68297498,2,PS,990930,13:47:29,13:47:34,5,13:47:34,13:50:21,167,AGENT,13:50:20,13:53:27,187,ROTH
AA0214,27369,54145529,2,PS,990930,13:59:30,13:59:36,6,13:59:36,14:08:07,511,AGENT,14:08:06,14:09:51,105,ZOHARI
AA0214,27370,0,0,NW,990930,14:20:10,14:20:19,9,14:20:19,14:21:05,46,AGENT,14:21:04,14:26:57,353,PINHAS
AA0214,27371,78191137,2,PS,990930,14:30:48,14:30:53,5,14:30:53,14:34:06,193,AGENT,14:34:05,14:42:23,498,ROTH
AA0214,27372,6843759,2,PS,990930,14:51:30,14:51:36,6,14:51:36,14:52:29,53,HANG,0:00:00,0:00:00,0,NO_SERVER
AA0214,27373,28630226,1,PS,990930,15:07:51,15:07:57,6,15:07:57,15:08:16,19,HANG,0:00:00,0:00:00,0,NO_SERVER
AA0214,27374,0,0,PS,990930,15:44:24,15:44:34,10,0:00:00,0:00:00,0,AGENT,15:44:33,15:46:56,143,ROTH
AA0214,27375,0,0,PS,990930,16:18:11,16:18:20,9,0:00:00,0:00:00,0,AGENT,16:18:19,16:22:20,241,VICKY
AA0214,27376,38251682,1,PS,990930,16:31:34,16:31:40,6,16:31:40,16:31:49,9,AGENT,16:31:49,16:32:53,64,YITZ
AA0214,27377,0,0,PS,990930,16:52:59,16:53:10,11,0:00:00,0:00:00,0,AGENT,16:53:08,17:04:45,697,VICKY
AA0214,27378,0,0,NW,990930,17:15:37,17:15:50,13,0:00:00,0:00:00,0,AGENT,17:15:49,17:16:03,14,STEREN
AA0214,27379,0,0,PS,990930,17:54:21,17:54:32,11,0:00:00,0:00:00,0,AGENT,17:54:31,17:58:12,221,VICKY
AA0214,27380,0,0,PS,990930,18:35:46,18:35:55,9,0:00:00,0:00:00,0,AGENT,18:35:55,18:37:08,73,YITZ
AA0214,27381,0,0,PS,990930,19:08:50,19:09:00,10,0:00:00,0:00:00,0,AGENT,19:08:59,19:13:31,272,VICKY
AA0214,27382,0,0,NE,990930,19:57:18,19:57:27,9,0:00:00,0:00:00,0,AGENT,19:57:27,19:58:32,65,STEREN
AA0214,27383,0,0,PS,990930,20:34:18,20:34:27,9,0:00:00,0:00:00,0,AGENT,20:34:27,20:36:43,136,AVNI
AA0214,27384,0,0,NE,990930,21:06:03,21:06:13,10,0:00:00,0:00:00,0,AGENT,21:06:12,21:07:59,107,AVNI
AA0214,27385,0,0,PS,990930,21:49:04,21:49:14,10,0:00:00,0:00:00,0,AGENT,21:49:13,21:53:28,255,AVNI
AA0214,27386,0,0,PS,990930,22:49:18,22:49:31,13,0:00:00,0:00:00,0,AGENT,22:49:30,22:50:51,81,AVNI
AA0215,24666,0,0,PS,990901,2:21:06,2:22:09,63,0:00:00,0:00:00,0,HANG,0:00:00,0:00:00,0,NO_SERVER
AA0215,24667,3630670,2,PS,990901,7:17:05,7:17:10,5,7:17:10,7:17:26,16,AGENT,7:17:25,7:18:55,90,DORIT
AA0215,24668,0,0,PS,990901,7:24:40,7:24:42,2,0:00:00,0:00:00,0,HANG,0:00:00,0:00:00,0,NO_SERVER
AA0215,24669,0,0,NW,990901,7:50:31,7:50:47,16,0:00:00,0:00:00,0,AGENT,7:50:46,7:58:44,478,ZOHARI
AA0215,24670,0,0,NW,990901,8:08:08,8:08:21,13,0:00:00,0:00:00,0,AGENT,8:08:20,8:09:13,53,STEREN
AA0215,24671,0,0,NW,990901,8:25:29,8:25:44,15,0:00:00,0:00:00,0,AGENT,8:25:44,8:27:58,134,ZOHARI
AA0215,24672,0,0,NW,990901,8:38:21,8:38:33,12,0:00:00,0:00:00,0,AGENT,8:38:32,8:39:20,48,ROTH
AA0215,24673,0,0,NW,990901,8:51:43,8:51:53,10,8:51:53,8:52:04,11,AGENT,8:52:04,8:53:11,67,BASCH
AA0215,24674,0,0,PS,990901,9:05:25,9:05:35,10,0:00:00,0:00:00,0,AGENT,9:05:34,9:07:06,92,SHARON
AA0215,24675,0,0,PS,990901,9:13:59,9:14:08,9,0:00:00,0:00:00,0,AGENT,9:14:08,9:18:31,263,AVNI
AA0215,24676,0,0,NE,990901,9:27:18,9:27:31,13,0:00:00,0:00:00,0,AGENT,9:27:29,9:29:45,136,ELI
AA0215,24677,0,0,NE,990901,9:32:58,9:33:04,6,9:33:04,9:33:12,8,HANG,0:00:00,0:00:00,0,NO_SERVER
AA0215,24678,0,0,NE,990901,9:33:21,9:33:35,14,0:00:00,0:00:00,0,AGENT,9:33:35,9:33:41,6,NO_SERVER
AA0215,24679,0,0,PS,990901,9:43:20,9:43:31,11,0:00:00,0:00:00,0,AGENT,9:43:30,9:43:49,19,ZOHARI
AA0215,24680,0,0,PS,990901,9:53:08,9:53:17,9,0:00:00,0:00:00,0,AGENT,9:53:16,10:04:28,672,STEREN
AA0215,24681,47258264,1,PS,990901,10:03:15,10:03:21,6,10:03:21,10:04:34,73,AGENT,10:04:33,10:04:53,20,STEREN
AA0215,24682,0,0,PS,990901,10:14:22,10:14:33,11,0:00:00,0:00:00,0,AGENT,10:14:32,10:19:44,312,YITZ
AA0215,24683,0,0,PS,990901,10:23:52,10:24:01,9,0:00:00,0:00:00,0,AGENT,10:24:01,10:27:08,187,BASCH
AA0215,24684,0,0,NE,990901,10:32:58,10:33:08,10,0:00:00,0:00:00,0,AGENT,10:33:07,10:35:40,153,ELI
AA0215,24685,0,0,PS,990901,10:43:01,10:43:10,9,0:00:00,0:00:00,0,AGENT,10:43:09,10:46:36,207,NAAMA
AA0215,24686,0,0,PS,990901,10:58:40,10:58:53,13,0:00:00,0:00:00,0,AGENT,10:58:53,10:59:40,47,NAAMA
AA0215,24687,30442495,2,PS,990901,11:07:25,11:07:31,6,11:07:31,11:08:14,43,AGENT,11:08:14,11:26:43,1109,AVNI
AA0215,24688,0,0,PS,990901,11:19:39,11:19:49,10,0:00:00,0:00:00,0,AGENT,11:19:48,11:21:55,127,YITZ
AA0215,24689,0,0,PS,990901,11:33:21,11:33:33,12,0:00:00,0:00:00,0,AGENT,11:33:32,11:34:14,42,NAAMA
AA0215,24690,22910400,2,PS,990901,11:43:26,11:43:32,6,11:43:32,11:44:27,55,AGENT,11:44:26,11:47:37,191,ROTH
AA0215,24691,0,0,PS,990901,11:57:28,11:57:40,12,0:00:00,0:00:00,0,AGENT,11:57:38,11:58:50,72,DORIT
AA0215,24692,27188044,2,PS,990901,12:09:43,12:09:48,5,12:09:48,12:10:05,17,AGENT,12:10:03,12:10:38,35,SHARON
AA0215,24693,0,0,PS,990901,12:23:34,12:23:53,19,0:00:00,0:00:00,0,AGENT,12:23:52,12:30:14,382,DORIT
AA0215,24694,0,0,PS,990901,12:40:04,12:40:12,8,0:00:00,0:00:00,0,AGENT,12:40:11,12:40:46,35,ROTH
AA0215,24695,30663462,2,PS,990901,12:50:13,12:50:18,5,12:50:18,12:51:02,44,AGENT,12:51:01,12:54:15,194,BASCH
AA0215,24696,0,0,PS,990901,13:04:18,13:04:29,11,0:00:00,0:00:00,0,AGENT,13:04:28,13:05:55,87,ZOHARI
AA0215,24697,0,0,PS,990901,13:20:05,13:20:16,11,0:00:00,0:00:00,0,AGENT,13:20:15,13:22:41,146,ZOHARI
AA0215,24698,0,0,PS,990901,13:35:53,13:36:05,12,0:00:00,0:00:00,0,AGENT,13:36:05,13:38:39,154,ZOHARI
AA0215,24699,0,0,PS,990901,13:48:44,13:48:53,9,0:00:00,0:00:00,0,AGENT,13:48:52,13:55:07,375,AVNI
AA0215,24700,0,0,PS,990901,14:02:02,14:02:16,14,0:00:00,0:00:00,0,AGENT,14:02:15,14:03:48,93,STEREN
AA0215,24701,0,0,PS,990901,14:13:48,14:14:00,12,0:00:00,0:00:00,0,AGENT,14:13:59,14:16:04,125,SHARON
AA0215,24702,0,0,PS,990901,14:26:06,14:26:17,11,0:00:00,0:00:00,0,AGENT,14:26:16,14:26:56,40,DORIT
AA0215,24703,0,0,PS,990901,14:36:42,14:36:53,11,0:00:00,0:00:00,0,AGENT,14:36:52,14:42:32,340,STEREN
AA0215,24704,0,0,PS,990901,14:45:02,14:45:12,10,0:00:00,0:00:00,0,AGENT,14:45:12,14:46:49,97,ANAT
AA0215,24705,0,0,NW,990901,14:59:27,14:59:40,13,0:00:00,0:00:00,0,AGENT,14:59:39,15:03:05,206,AVNI
AA0215,24706,0,0,PS,990901,15:13:06,15:13:22,16,0:00:00,0:00:00,0,AGENT,15:13:20,15:16:13,173,BENSION
AA0215,24707,0,0,NE,990901,15:21:47,15:21:57,10,0:00:00,0:00:00,0,AGENT,15:21:56,15:34:44,768,ELI
AA0215,24708,23917214,2,PS,990901,15:32:22,15:32:27,5,15:32:27,15:33:04,37,AGENT,15:33:03,15:33:29,26,ANAT
AA0215,24709,0,0,PS,990901,15:43:37,15:43:46,9,0:00:00,0:00:00,0,AGENT,15:43:45,15:44:57,72,ANAT
AA0215,24710,78191137,2,PS,990901,15:53:46,15:53:52,6,15:53:52,15:54:30,38,AGENT,15:54:30,15:54:32,2,MORIAH
AA0215,24711,0,0,PS,990901,16:10:37,16:10:47,10,0:00:00,0:00:00,0,AGENT,16:10:46,16:15:11,265,VICKY
AA0215,24712,24299877,1,PS,990901,16:29:34,16:29:40,6,16:29:40,16:30:07,27,AGENT,16:30:06,16:30:55,49,TOVA
AA0215,24713,5530654,2,PS,990901,16:48:19,16:48:25,6,16:48:25,16:48:49,24,AGENT,16:48:48,16:51:28,160,BENSION
AA0215,24714,0,0,NW,990901,16:59:20,16:59:29,9,16:59:29,17:00:26,57,AGENT,17:00:25,17:01:18,53,MORIAH
AA0215,24715,0,0,NW,990901,17:15:34,17:15:44,10,17:15:44,17:15:49,5,HANG,0:00:00,0:00:00,0,NO_SERVER
AA0215,24716,0,0,PS,990901,17:35:48,17:36:02,14,0:00:00,0:00:00,0,AGENT,17:36:01,17:36:03,2,ANAT
AA0215,24717,0,0,PS,990901,17:50:41,17:50:55,14,0:00:00,0:00:00,0,AGENT,17:50:54,17:53:08,134,BENSION
AA0215,24718,0,0,PS,990901,18:12:31,18:12:43,12,0:00:00,0:00:00,0,AGENT,18:12:42,18:14:28,106,ANAT
AA0215,24719,0,0,PS,990901,18:27:03,18:27:17,14,0:00:00,0:00:00,0,AGENT,18:27:16,18:29:20,124,VICKY
AA0215,24720,0,0,PS,990901,18:50:04,18:50:16,12,0:00:00,0:00:00,0,AGENT,18:50:14,18:50:58,44,BENSION
AA0215,24721,0,0,NW,990901,19:13:55,19:14:12,17,0:00:00,0:00:00,0,AGENT,19:14:11,19:14:36,25,MEIR
AA0215,24722,0,0,PS,990901,19:37:17,19:37:30,13,0:00:00,0:00:00,0,AGENT,19:37:30,19:38:14,44,BENSION
AA0215,24723,0,0,PS,990901,20:00:56,20:01:05,9,0:00:00,0:00:00,0,AGENT,20:01:04,20:02:12,68,VICKY
AA0215,24724,0,0,PS,990901,20:20:58,20:21:17,19,0:00:00,0:00:00,0,AGENT,20:21:17,20:22:06,49,BENSION
AA0215,24725,0,0,NW,990901,20:33:44,20:33:53,9,20:33:53,20:35:51,118,AGENT,20:35:50,20:48:09,739,MEIR
AA0215,24726,0,0,PS,990901,20:50:02,20:50:13,11,0:00:00,0:00:00,0,AGENT,20:50:12,20:50:59,47,TOVA
AA0215,24727,0,0,NW,990901,21:04:30,21:04:44,14,0:00:00,0:00:00,0,AGENT,21:04:44,21:06:29,105,VICKY
AA0215,24728,0,0,PS,990901,21:24:32,21:24:41,9,0:00:00,0:00:00,0,AGENT,21:24:41,21:25:57,76,VICKY
AA0215,24729,0,0,PS,990901,21:49:22,21:49:35,13,0:00:00,0:00:00,0,AGENT,21:49:33,21:50:44,71,BENSION
AA0215,24730,58300195,2,PS,990901,22:04:59,22:05:05,6,22:05:05,22:08:08,183,AGENT,22:08:07,22:09:17,70,AVI
AA0215,24731,0,0,NW,990901,22:18:07,22:18:23,16,0:00:00,0:00:00,0,HANG,0:00:00,0:00:00,0,NO_SERVER
AA0215,24732,17401514,1,PS,990901,22:41:50,22:41:56,6,22:41:56,22:42:10,14,AGENT,22:42:09,22:43:19,70,VICKY
AA0215,24733,0,0,PS,990901,22:58:38,22:58:50,12,0:00:00,0:00:00,0,AGENT,22:58:49,23:07:30,521,AVI
AA0215,24734,43745652,2,PS,990901,23:25:39,23:25:45,6,23:25:45,23:26:52,67,AGENT,23:26:51,23:27:12,21,AVI
AA0215,24735,24513277,1,PS,990901,23:55:22,23:55:28,6,23:55:28,23:56:44,76,AGENT,23:56:43,23:57:10,27,DARMON
AA0215,24736,0,0,PS,990902,7:04:23,7:04:32,9,0:00:00,0:00:00,0,AGENT,7:04:31,7:06:01,90,MORIAH
AA0215,24737,0,0,PS,990902,7:39:33,7:39:43,10,0:00:00,0:00:00,0,AGENT,7:39:42,7:40:39,57,YIFAT
AA0215,24738,56732811,2,PS,990902,7:59:57,8:00:03,6,8:00:03,8:00:36,33,AGENT,8:00:35,8:02:13,98,ANAT
AA0215,24739,0,0,PS,990902,8:22:36,8:22:47,11,0:00:00,0:00:00,0,AGENT,8:22:46,8:24:33,107,ANAT
AA0215,24740,0,0,NW,990902,8:34:31,8:34:41,10,8:34:41,8:42:40,479,AGENT,8:42:39,8:54:06,687,STEREN
AA0215,24741,56765985,2,PS,990902,8:49:34,8:49:39,5,8:49:39,8:51:46,127,AGENT,8:51:44,8:53:21,97,TOVA
AA0215,24742,0,0,NW,990902,8:59:14,8:59:24,10,8:59:24,9:00:43,79,HANG,0:00:00,0:00:00,0,NO_SERVER
AA0215,24743,59180422,2,PS,990902,9:10:51,9:10:57,6,9:10:57,9:12:54,117,AGENT,9:12:54,9:14:02,68,ZOHARI
AA0215,24744,0,0,NE,990902,9:25:51,9:26:00,9,0:00:00,0:00:00,0,AGENT,9:25:59,9:40:22,863,YIFAT
AA0215,24745,33474602,2,PS,990902,9:36:51,9:36:57,6,9:36:57,9:37:29,32,AGENT,9:37:28,9:43:23,355,ANAT
AA0215,24746,57131708,2,PS,990902,9:45:12,9:45:17,5,9:45:17,9:47:53,156,AGENT,9:47:53,9:51:46,233,TOVA
AA0215,24747,703074,2,PS,990902,9:56:52,9:56:57,5,9:56:57,9:57:12,15,AGENT,9:57:11,9:57:14,3,TOVA
AA0215,24748,23913486,2,PS,990902,10:04:51,10:04:58,7,10:04:58,10:06:06,68,AGENT,10:06:06,10:07:30,84,ROTH
AA0215,24749,28895183,1,PS,990902,10:13:01,10:13:07,6,10:13:07,10:14:11,64,HANG,0:00:00,0:00:00,0,NO_SERVER
AA0215,24750,0,0,NW,990902,10:19:59,10:20:09,10,10:20:09,10:20:10,1,HANG,0:00:00,0:00:00,0,NO_SERVER
AA0215,24751,74780917,2,NE,990902,10:23:59,10:24:04,5,10:24:04,10:25:44,100,AGENT,10:25:43,10:25:46,3,MORIAH
AA0215,24752,54228200,2,PS,990902,10:30:10,10:30:16,6,10:30:16,10:32:47,151,AGENT,10:32:45,10:35:45,180,TOVA
AA0215,24753,27329242,1,PS,990902,10:37:05,10:37:11,6,10:37:11,10:42:40,329,AGENT,10:42:39,10:45:39,180,STEREN
AA0215,24755,0,0,PS,990902,10:46:19,10:46:19,0,0:00:00,0:00:00,0,HANG,0:00:00,0:00:00,0,NO_SERVER
AA0215,24756,0,0,PS,990902,10:50:50,10:50:59,9,0:00:00,0:00:00,0,AGENT,10:50:58,10:53:12,134,MORIAH
AA0215,24757,0,0,NW,990902,10:58:48,10:58:58,10,10:58:58,11:00:07,69,AGENT,11:00:07,11:04:01,234,ROTH
AA0215,24758,58755026,2,PS,990902,11:07:14,11:07:20,6,11:07:20,11:07:33,13,HANG,0:00:00,0:00:00,0,NO_SERVER
AA0215,24759,59197178,2,PS,990902,11:11:53,11:11:59,6,11:11:59,11:12:12,13,HANG,0:00:00,0:00:00,0,NO_SERVER
AA0215,24760,8962094,2,NE,990902,11:16:02,11:16:08,6,11:16:08,11:17:03,55,AGENT,11:17:02,11:18:52,110,DARMON
AA0215,24761,176156,1,PS,990902,11:24:46,11:24:52,6,11:24:52,11:26:30,98,AGENT,11:26:28,11:28:46,138,TOVA
AA0215,24762,50892322,2,PS,990902,11:28:11,11:28:16,5,11:28:16,11:33:18,302,AGENT,11:33:17,11:34:23,66,MORIAH
AA0215,24763,22874192,2,PS,990902,11:38:33,11:38:39,6,11:38:39,11:38:56,17,AGENT,11:38:55,11:40:25,90,TOVA
AA0215,24764,273433,2,PS,990902,11:45:57,11:46:03,6,11:46:03,11:46:19,16,AGENT,11:46:19,11:49:26,187,TOVA
AA0215,24765,29701927,1,PS,990902,11:53:01,11:53:07,6,11:53:07,11:53:52,45,AGENT,11:53:51,11:55:10,79,ZOHARI
AA0215,24766,25499047,2,PS,990902,12:04:10,12:04:16,6,12:04:16,12:05:10,54,AGENT,12:05:09,12:06:46,97,STEREN
AA0215,24767,23595184,1,PS,990902,12:12:52,12:12:58,6,12:12:58,12:13:38,40,AGENT,12:13:37,12:16:47,190,ZOHARI
AA0215,24768,14264295,2,PS,990902,12:24:25,12:24:30,5,12:24:30,12:25:42,72,AGENT,12:25:41,12:29:04,203,ROTH
AA0215,24769,32396962,1,PS,990902,12:37:03,12:37:09,6,12:37:09,12:39:54,165,AGENT,12:39:54,12:41:41,107,MORIAH
AA0215,24770,0,0,PS,990902,12:45:41,12:45:51,10,0:00:00,0:00:00,0,AGENT,12:45:50,12:45:53,3,MORIAH
AA0215,24771,0,0,PS,990902,12:54:39,12:54:50,11,0:00:00,0:00:00,0,AGENT,12:54:49,12:56:13,84,ZOHARI
AA0215,24772,7957301,2,PS,990902,13:04:53,13:04:59,6,13:04:59,13:05:13,14,AGENT,13:05:12,13:07:03,111,KAZAV
AA0215,24773,59108654,2,PS,990902,13:15:45,13:15:50,5,13:15:50,13:16:13,23,AGENT,13:16:11,13:18:57,166,ZOHARI
AA0215,24774,0,0,NW,990902,13:22:36,13:22:45,9,13:22:45,13:24:53,128,HANG,0:00:00,0:00:00,0,NO_SERVER
AA0215,24775,0,0,PS,990902,13:36:17,13:36:25,8,0:00:00,0:00:00,0,AGENT,13:36:24,13:38:18,114,KAZAV
AA0215,24776,0,0,PS,990902,13:50:48,13:50:59,11,0:00:00,0:00:00,0,AGENT,13:50:57,13:52:17,80,ROTH
AA0215,24778,0,0,PS,990902,14:01:15,14:01:15,0,0:00:00,0:00:00,0,HANG,0:00:00,0:00:00,0,NO_SERVER
AA0215,24779,55653984,1,PS,990902,14:10:56,14:11:01,5,14:11:01,14:11:38,37,AGENT,14:11:37,14:12:36,59,ROTH
AA0215,24780,24927717,1,PS,990902,14:22:32,14:22:37,5,14:22:37,14:22:49,12,HANG,0:00:00,0:00:00,0,NO_SERVER
AA0215,24781,58704610,2,PS,990902,14:30:17,14:30:23,6,14:30:23,14:31:25,62,AGENT,14:31:25,14:34:07,162,STEREN
AA0215,24782,0,0,NW,990902,14:40:05,14:40:14,9,14:40:14,14:42:52,158,HANG,0:00:00,0:00:00,0,NO_SERVER
AA0215,24783,0,0,NW,990902,14:45:28,14:45:37,9,14:45:37,14:48:28,171,PHANTOM,14:48:27,14:48:49,22,NO_SERVER
AA0215,24784,16793861,1,PS,990902,14:57:13,14:57:18,5,14:57:18,15:01:15,237,AGENT,15:01:13,15:09:00,467,ZOHARI
AA0215,24785,54665682,2,PS,990902,15:06:24,15:06:30,6,15:06:30,15:08:55,145,AGENT,15:08:54,15:09:52,58,KAZAV
AA0215,24786,43288190,2,PS,990902,15:19:02,15:19:07,5,15:19:07,15:19:16,9,HANG,0:00:00,0:00:00,0,NO_SERVER
AA0215,24787,24087934,2,PS,990902,15:27:47,15:27:52,5,15:27:52,15:28:58,66,HANG,0:00:00,0:00:00,0,NO_SERVER
AA0215,24788,55387302,1,PS,990902,15:39:59,15:40:05,6,15:40:05,15:44:23,258,AGENT,15:44:22,15:53:41,559,ROTH
AA0215,24789,22874192,2,PS,990902,15:49:03,15:49:09,6,15:49:09,15:49:17,8,HANG,0:00:00,0:00:00,0,NO_SERVER
AA0215,24790,0,0,NW,990902,15:59:04,15:59:14,10,15:59:14,16:00:20,66,AGENT,16:00:19,16:01:24,65,BASCH
AA0215,24791,0,0,NW,990902,16:06:46,16:06:55,9,16:06:55,16:11:42,287,AGENT,16:11:40,16:12:29,49,AVI
AA0215,24792,25022625,2,PS,990902,16:18:55,16:19:01,6,16:19:01,16:19:14,13,HANG,0:00:00,0:00:00,0,NO_SERVER
AA0215,24793,29474020,2,PS,990902,16:23:00,16:23:06,6,16:23:06,16:24:18,72,HANG,0:00:00,0:00:00,0,NO_SERVER
AA0215,24794,0,0,NW,990902,16:31:03,16:31:12,9,16:31:12,16:32:44,92,HANG,0:00:00,0:00:00,0,NO_SERVER
AA0215,24795,10473262,2,PS,990902,16:41:14,16:41:20,6,16:41:20,16:41:31,11,HANG,0:00:00,0:00:00,0,NO_SERVER
AA0215,24796,5530654,2,PS,990902,16:48:36,16:48:42,6,16:48:42,16:49:02,20,AGENT,16:49:01,16:50:33,92,YITZ
AA0215,24798,0,0,NE,990902,17:06:50,17:06:50,0,0:00:00,0:00:00,0,HANG,0:00:00,0:00:00,0,NO_SERVER
AA0215,24799,0,0,NW,990902,17:15:27,17:15:33,6,0:00:00,0:00:00,0,HANG,0:00:00,0:00:00,0,NO_SERVER
AA0215,24800,12465035,1,PS,990902,17:23:46,17:23:52,6,17:23:52,17:29:08,316,AGENT,17:29:06,17:30:28,82,AVI
AA0215,24801,0,0,NW,990902,17:39:09,17:39:18,9,17:39:18,17:40:21,63,HANG,0:00:00,0:00:00,0,NO_SERVER
AA0215,24802,0,0,NW,990902,17:55:22,17:55:43,21,0:00:00,0:00:00,0,AGENT,17:55:42,17:56:43,61,VICKY
AA0215,24803,0,0,NW,990902,18:02:18,18:02:28,10,18:02:28,18:04:03,95,AGENT,18:04:03,18:04:55,52,PINHAS
AA0215,24804,31925183,2,PS,990902,18:14:38,18:14:44,6,18:14:44,18:15:10,26,AGENT,18:15:09,18:17:37,148,VICKY
AA0215,24805,0,0,PS,990902,18:26:53,18:27:03,10,0:00:00,0:00:00,0,AGENT,18:27:02,18:28:16,74,BASCH
AA0215,24806,0,0,NE,990902,18:34:29,18:34:39,10,0:00:00,0:00:00,0,AGENT,18:34:38,18:38:25,227,VICKY
AA0215,24807,24990137,1,PS,990902,18:46:42,18:46:47,5,18:46:47,18:47:57,70,AGENT,18:47:56,19:03:42,946,VICKY
AA0215,24808,4312914,2,PS,990902,18:56:46,18:56:51,5,18:56:51,18:57:09,18,HANG,0:00:00,0:00:00,0,NO_SERVER
AA0215,24809,0,0,PS,990902,19:08:23,19:08:32,9,0:00:00,0:00:00,0,AGENT,19:08:31,19:08:32,1,VICKY
AA0215,24810,29068244,2,PS,990902,19:24:36,19:24:41,5,19:24:41,19:25:08,27,AGENT,19:25:07,19:28:11,184,BASCH
AA0215,24811,29437829,2,PS,990902,19:35:32,19:35:38,6,19:35:38,19:36:05,27,AGENT,19:36:05,19:37:02,57,AVI
AA0215,24812,28994457,2,PS,990902,19:50:02,19:50:08,6,19:50:08,19:51:07,59,AGENT,19:51:06,19:56:02,296,VICKY
AA0215,24813,78191137,2,PS,990902,20:05:51,20:05:57,6,20:05:57,20:07:12,75,AGENT,20:07:11,20:08:23,72,YITZ
AA0215,24814,11883170,1,PS,990902,20:29:02,20:29:08,6,20:29:08,20:29:41,33,HANG,0:00:00,0:00:00,0,NO_SERVER
AA0215,24816,0,0,PS,990902,20:44:45,20:44:45,0,0:00:00,0:00:00,0,HANG,0:00:00,0:00:00,0,NO_SERVER
AA0215,24817,55279970,2,NE,990902,20:56:15,20:56:21,6,20:56:21,20:57:03,42,HANG,0:00:00,0:00:00,0,NO_SERVER
AA0215,24818,0,0,PS,990902,21:24:08,21:24:18,10,0:00:00,0:00:00,0,AGENT,21:24:17,21:26:36,139,VICKY
AA0215,24819,0,0,PS,990902,21:44:47,21:44:57,10,0:00:00,0:00:00,0,AGENT,21:44:56,21:46:17,81,AVI
AA0215,24820,0,0,NW,990902,22:30:09,22:30:30,21,0:00:00,0:00:00,0,AGENT,22:30:29,22:30:55,26,PINHAS
AA0215,24821,69116820,2,PS,990902,22:57:04,22:57:09,5,22:57:09,22:58:14,65,AGENT,22:58:13,22:58:54,41,BASCH
AA0215,24822,59630624,1,NE,990902,23:24:24,23:24:29,5,23:24:29,23:25:02,33,AGENT,23:25:02,23:26:24,82,AVI
AA0215,24823,0,0,PS,990902,23:50:56,23:51:06,10,0:00:00,0:00:00,0,AGENT,23:51:05,23:54:07,182,BASCH
AA0215,24824,0,0,PS,990903,3:39:40,3:39:52,12,0:00:00,0:00:00,0,HANG,0:00:00,0:00:00,0,NO_SERVER
AA0215,24825,0,0,PS,990903,7:04:12,7:04:16,4,7:04:16,7:05:03,47,AGENT,7:05:01,7:05:22,21,ROTH
AA0215,24826,0,0,NW,990903,7:35:43,7:36:00,17,0:00:00,0:00:00,0,AGENT,7:35:59,7:36:21,22,BENSION
AA0215,24827,0,0,PS,990903,7:47:33,7:47:43,10,0:00:00,0:00:00,0,AGENT,7:47:42,7:49:36,114,STEREN
AA0215,24828,0,0,PS,990903,8:01:50,8:02:00,10,0:00:00,0:00:00,0,AGENT,8:01:59,8:05:42,223,STEREN
AA0215,24829,50564681,2,PS,990903,8:15:39,8:15:45,6,8:15:45,8:16:12,27,AGENT,8:16:11,8:19:06,175,ZOHARI
AA0215,24830,0,0,PS,990903,8:27:57,8:28:06,9,0:00:00,0:00:00,0,AGENT,8:28:05,8:33:04,299,ROTH
AA0215,24831,33823865,2,PS,990903,8:41:04,8:41:10,6,8:41:10,8:42:03,53,AGENT,8:42:03,8:45:42,219,MORIAH
AA0215,24832,3519998,2,PS,990903,8:51:08,8:51:13,5,8:51:13,8:51:24,11,AGENT,8:51:23,8:54:01,158,MORIAH
AA0215,24833,22349419,2,PS,990903,9:00:18,9:00:23,5,9:00:23,9:00:49,26,AGENT,9:00:47,9:03:51,184,BENSION
AA0215,24834,0,0,PS,990903,9:10:25,9:10:34,9,0:00:00,0:00:00,0,AGENT,9:10:33,9:11:23,50,BASCH
AA0215,24835,29642055,1,PS,990903,9:23:09,9:23:14,5,9:23:14,9:26:00,166,AGENT,9:25:59,9:31:18,319,ZOHARI
AA0215,24836,0,0,PS,990903,9:37:32,9:37:57,25,0:00:00,0:00:00,0,AGENT,9:37:55,9:39:51,116,ROTH
AA0215,24837,308910264,2,PS,990903,9:51:37,9:51:43,6,9:51:43,9:53:36,113,HANG,0:00:00,0:00:00,0,NO_SERVER
AA0215,24838,0,0,PS,990903,9:54:09,9:54:20,11,9:54:20,9:55:13,53,PHANTOM,9:55:12,9:55:19,7,NO_SERVER
AA0215,24839,0,0,PS,990903,10:03:33,10:03:43,10,0:00:00,0:00:00,0,AGENT,10:03:42,10:05:05,83,STEREN
AA0215,24840,0,0,PS,990903,10:16:18,10:16:28,10,0:00:00,0:00:00,0,AGENT,10:16:27,10:17:36,69,ROTH
AA0215,24841,0,0,NW,990903,10:28:58,10:29:08,10,10:29:08,10:30:38,90,HANG,0:00:00,0:00:00,0,NO_SERVER
AA0215,24842,24144628,1,PS,990903,10:36:03,10:36:09,6,10:36:09,10:40:33,264,AGENT,10:40:32,10:40:34,2,MORIAH
AA0215,24843,0,0,PS,990903,10:48:01,10:48:12,11,0:00:00,0:00:00,0,AGENT,10:48:12,10:49:38,86,BASCH
AA0215,24844,0,0,NW,990903,11:00:10,11:00:19,9,11:00:19,11:01:04,45,AGENT,11:01:02,11:02:12,70,BENSION
AA0215,24845,24197741,2,PS,990903,11:17:54,11:17:59,5,11:17:59,11:18:03,4,AGENT,11:18:02,11:21:32,210,BASCH
AA0215,24846,0,0,PS,990903,11:29:40,11:29:49,9,0:00:00,0:00:00,0,AGENT,11:29:48,11:29:55,7,NO_SERVER
AA0215,24847,0,0,PS,990903,11:46:11,11:46:20,9,0:00:00,0:00:00,0,AGENT,11:46:19,11:51:16,297,MORIAH
AA0215,24848,29641727,2,PS,990903,12:03:21,12:03:26,5,12:03:26,12:03:40,14,HANG,0:00:00,0:00:00,0,NO_SERVER
AA0215,24849,0,0,NW,990903,12:19:37,12:19:56,19,0:00:00,0:00:00,0,AGENT,12:19:55,12:20:13,18,BENSION
AA0215,24850,0,0,PS,990903,12:32:57,12:33:12,15,0:00:00,0:00:00,0,AGENT,12:33:11,12:35:37,146,BASCH
AA0215,24851,0,0,NW,990903,12:53:35,12:53:44,9,12:53:44,12:54:08,24,AGENT,12:54:07,12:54:58,51,BENSION
AA0215,24852,311080246,1,PS,990903,13:13:36,13:13:42,6,13:13:42,13:14:40,58,AGENT,13:14:39,13:14:40,1,MORIAH
AA0215,24853,0,0,PS,990903,13:36:16,13:36:27,11,0:00:00,0:00:00,0,AGENT,13:36:26,13:38:30,124,ELI
AA0215,24854,0,0,PS,990903,14:10:19,14:10:32,13,0:00:00,0:00:00,0,HANG,0:00:00,0:00:00,0,NO_SERVER
AA0215,24855,0,0,PS,990903,14:43:46,14:44:23,37,0:00:00,0:00:00,0,HANG,0:00:00,0:00:00,0,NO_SERVER
AA0215,24857,0,0,PS,990903,15:41:53,15:41:53,0,0:00:00,0:00:00,0,HANG,0:00:00,0:00:00,0,NO_SERVER
AA0215,24858,0,0,PS,990903,17:02:07,17:02:20,13,0:00:00,0:00:00,0,HANG,0:00:00,0:00:00,0,NO_SERVER
AA0215,24859,0,0,NW,990904,7:01:22,7:02:00,38,0:00:00,0:00:00,0,HANG,0:00:00,0:00:00,0,NO_SERVER
AA0215,24860,0,0,PS,990904,19:21:06,19:21:15,9,0:00:00,0:00:00,0,HANG,0:00:00,0:00:00,0,NO_SERVER
AA0215,24861,0,0,NW,990904,19:56:53,19:57:18,25,0:00:00,0:00:00,0,HANG,0:00:00,0:00:00,0,NO_SERVER
AA0215,24862,0,0,PS,990904,20:16:37,20:16:47,10,0:00:00,0:00:00,0,AGENT,20:16:46,20:21:20,274,BASCH
AA0215,24863,29466273,2,PS,990904,20:29:49,20:29:55,6,20:29:55,20:31:27,92,AGENT,20:31:26,20:33:58,152,MORIAH
AA0215,24864,0,0,NW,990904,20:43:46,20:43:56,10,20:43:56,20:44:08,12,AGENT,20:44:07,20:45:06,59,MORIAH
AA0215,24865,0,0,NW,990904,21:00:54,21:01:04,10,21:01:04,21:03:56,172,AGENT,21:03:55,21:05:15,80,SHARON
AA0215,24866,0,0,PS,990904,21:37:09,21:37:22,13,0:00:00,0:00:00,0,AGENT,21:37:21,21:37:24,3,MORIAH
AA0215,24867,37307121,2,PS,990904,21:59:48,21:59:53,5,21:59:53,22:00:19,26,AGENT,22:00:19,22:01:16,57,BASCH
AA0215,24868,0,0,PS,990904,22:34:16,22:34:28,12,0:00:00,0:00:00,0,AGENT,22:34:28,22:36:00,92,MORIAH
AA0215,24869,0,0,PS,990904,23:05:37,23:05:48,11,0:00:00,0:00:00,0,AGENT,23:05:47,23:08:10,143,MORIAH
AA0215,24870,0,0,PS,990905,0:23:18,0:23:44,26,0:00:00,0:00:00,0,HANG,0:00:00,0:00:00,0,NO_SERVER
AA0215,24871,0,0,PS,990905,6:43:14,6:43:32,18,0:00:00,0:00:00,0,HANG,0:00:00,0:00:00,0,NO_SERVER
AA0215,24872,10858884,2,NE,990905,7:17:40,7:17:45,5,7:17:45,7:18:51,66,AGENT,7:18:51,7:25:12,381,DARMON
AA0215,24873,27497783,1,PS,990905,7:38:31,7:38:36,5,7:38:36,7:39:09,33,AGENT,7:39:09,7:39:50,41,ANAT
AA0215,24874,0,0,PS,990905,8:02:33,8:02:42,9,0:00:00,0:00:00,0,AGENT,8:02:41,8:04:52,131,ANAT
AA0215,24875,9865957,2,PS,990905,8:18:21,8:18:27,6,8:18:27,8:18:56,29,AGENT,8:18:55,8:23:10,255,DORIT
AA0215,24876,0,0,PS,990905,8:27:53,8:28:03,10,0:00:00,0:00:00,0,AGENT,8:28:02,8:28:54,52,ANAT
AA0215,24877,0,0,PS,990905,8:44:54,8:45:04,10,0:00:00,0:00:00,0,AGENT,8:45:03,8:49:21,258,ANAT
AA0215,24878,0,0,PS,990905,8:54:46,8:54:56,10,0:00:00,0:00:00,0,AGENT,8:54:55,8:57:30,155,ANAT
AA0215,24879,0,0,NW,990905,9:10:52,9:11:05,13,0:00:00,0:00:00,0,AGENT,9:11:04,9:12:24,80,ROTH
AA0215,24880,25629866,2,PS,990905,9:16:45,9:16:51,6,9:16:51,9:17:02,11,AGENT,9:17:01,9:18:58,117,DORIT
AA0215,24881,29496320,1,PS,990905,9:25:51,9:25:56,5,9:25:56,9:27:39,103,AGENT,9:27:37,9:27:38,1,AVI
AA0215,24882,59813717,2,PS,990905,9:34:01,9:34:06,5,9:34:06,9:34:19,13,HANG,0:00:00,0:00:00,0,NO_SERVER
AA0215,24883,30003388,2,PS,990905,9:43:43,9:43:49,6,9:43:49,9:45:55,126,AGENT,9:45:54,9:46:55,61,AVI
AA0215,24884,0,0,NW,990905,9:52:18,9:52:28,10,9:52:28,9:55:37,189,HANG,0:00:00,0:00:00,0,NO_SERVER
AA0215,24885,50316827,1,PS,990905,10:03:44,10:03:50,6,10:03:50,10:04:50,60,AGENT,10:04:49,10:07:03,134,STEREN
AA0215,24886,56192214,2,PS,990905,10:12:03,10:12:09,6,10:12:09,10:13:09,60,HANG,0:00:00,0:00:00,0,NO_SERVER
AA0215,24887,56747363,2,PS,990905,10:19:18,10:19:23,5,10:19:23,10:19:32,9,AGENT,10:19:31,10:20:40,69,ANAT
AA0215,24888,306226986,1,PS,990905,10:26:24,10:26:30,6,10:26:30,10:27:38,68,HANG,0:00:00,0:00:00,0,NO_SERVER
AA0215,24889,0,0,NW,990905,10:33:31,10:33:47,16,0:00:00,0:00:00,0,AGENT,10:33:46,10:37:48,242,ZOHARI
AA0215,24890,52031556,2,PS,990905,10:39:21,10:39:27,6,10:39:27,10:39:40,13,HANG,0:00:00,0:00:00,0,NO_SERVER
AA0215,24891,52867744,2,PS,990905,10:43:06,10:43:12,6,10:43:12,10:46:55,223,AGENT,10:46:54,10:50:36,222,DORIT
AA0215,24892,14971980,2,PS,990905,10:52:27,10:52:32,5,10:52:32,10:53:55,83,PHANTOM,10:53:54,10:53:59,5,NO_SERVER
AA0215,24893,30442495,2,PS,990905,10:58:40,10:58:46,6,10:58:46,11:01:45,179,AGENT,11:01:44,11:14:17,753,ANAT
AA0215,24894,4312914,2,PS,990905,11:05:15,11:05:20,5,11:05:20,11:09:22,242,AGENT,11:09:22,11:10:59,97,ROTH
AA0215,24895,0,0,NW,990905,11:14:07,11:14:17,10,11:14:17,11:19:12,295,AGENT,11:19:11,11:20:54,103,AVI
AA0215,24896,25758533,1,PS,990905,11:28:13,11:28:18,5,11:28:18,11:29:00,42,HANG,0:00:00,0:00:00,0,NO_SERVER
AA0215,24897,4005617,2,PS,990905,11:37:18,11:37:24,6,11:37:24,11:38:10,46,AGENT,11:38:09,11:39:23,74,NAAMA
AA0215,24898,22977276,2,PS,990905,11:46:15,11:46:21,6,11:46:21,11:47:59,98,AGENT,11:47:58,11:51:19,201,ANAT
AA0215,24899,0,0,PS,990905,11:57:28,11:57:38,10,0:00:00,0:00:00,0,AGENT,11:57:37,11:59:52,135,NAAMA
AA0215,24900,38418141,1,PS,990905,12:05:12,12:05:17,5,12:05:17,12:06:25,68,AGENT,12:06:24,12:07:31,67,AVI
AA0215,24901,27383116,1,PS,990905,12:12:31,12:12:36,5,12:12:36,12:15:52,196,AGENT,12:15:51,12:17:15,84,STEREN
AA0215,24902,0,0,PS,990905,12:28:19,12:28:29,10,0:00:00,0:00:00,0,AGENT,12:28:28,12:32:34,246,AVI
AA0215,24903,0,0,PS,990905,12:36:17,12:36:26,9,0:00:00,0:00:00,0,AGENT,12:36:26,13:01:28,1502,ZOHARI
AA0215,24904,0,0,PS,990905,12:47:09,12:47:25,16,0:00:00,0:00:00,0,AGENT,12:47:24,12:48:10,46,NAAMA
AA0215,24905,56666571,2,PS,990905,12:54:43,12:54:48,5,12:54:48,12:55:44,56,AGENT,12:55:43,12:56:16,33,ROTH
AA0215,24906,10587137,2,NE,990905,13:07:33,13:07:38,5,13:07:38,13:08:47,69,AGENT,13:08:47,13:10:12,85,NAAMA
AA0215,24907,50696350,1,PS,990905,13:15:35,13:15:40,5,13:15:40,13:18:34,174,AGENT,13:18:33,13:20:05,92,DORIT
AA0215,24908,3778917,2,PS,990905,13:27:49,13:27:55,6,13:27:55,13:28:04,9,AGENT,13:28:03,13:30:08,125,ROTH
AA0215,24909,0,0,PS,990905,13:39:39,13:39:51,12,0:00:00,0:00:00,0,AGENT,13:39:51,13:43:03,192,AVI
AA0215,24910,0,0,PS,990905,13:54:04,13:54:15,11,0:00:00,0:00:00,0,AGENT,13:54:14,13:56:30,136,AVI
AA0215,24911,24822298,2,PS,990905,14:01:42,14:01:48,6,14:01:48,14:04:04,136,AGENT,14:04:04,14:08:55,291,TOVA
AA0215,24912,0,0,PS,990905,14:16:32,14:16:43,11,0:00:00,0:00:00,0,AGENT,14:16:42,14:20:04,202,TOVA
AA0215,24913,24265209,1,PS,990905,14:23:07,14:23:12,5,14:23:12,14:27:05,233,AGENT,14:27:04,14:27:06,2,MORIAH
AA0215,24914,51689297,1,PS,990905,14:35:55,14:36:01,6,14:36:01,14:37:08,67,AGENT,14:37:07,14:37:11,4,YIFAT
AA0215,24915,43288190,2,PS,990905,14:46:12,14:46:18,6,14:46:18,14:47:11,53,AGENT,14:47:10,14:50:55,225,ROTH
AA0215,24916,9682923,2,PS,990905,14:54:11,14:54:17,6,14:54:17,14:59:45,328,AGENT,14:59:44,14:59:46,2,MORIAH
AA0215,24917,0,0,NW,990905,15:04:57,15:05:07,10,15:05:07,15:11:31,384,AGENT,15:11:30,15:13:24,114,BASCH
AA0215,24918,54271564,1,NE,990905,15:20:49,15:20:54,5,15:20:54,15:23:35,161,AGENT,15:23:34,15:23:57,23,MORIAH
AA0215,24919,31794381,1,PS,990905,15:31:39,15:31:44,5,15:31:44,15:34:31,167,AGENT,15:34:30,15:35:13,43,ROTH
AA0215,24920,59630624,1,NE,990905,15:38:57,15:39:02,5,15:39:02,15:42:46,224,AGENT,15:42:45,15:43:53,68,STEREN
AA0215,24921,28074433,2,NE,990905,15:47:20,15:47:26,6,15:47:26,15:49:07,101,AGENT,15:49:06,15:50:35,89,TOVA
AA0215,24922,0,0,NW,990905,15:54:19,15:54:29,10,15:54:29,15:55:12,43,HANG,0:00:00,0:00:00,0,NO_SERVER
AA0215,24923,313663932,2,PS,990905,15:58:09,15:58:15,6,15:58:15,16:01:11,176,AGENT,16:01:10,16:07:06,356,MORIAH
AA0215,24924,0,0,NW,990905,16:07:01,16:07:10,9,16:07:10,16:12:09,299,AGENT,16:12:07,16:15:59,232,PINHAS
AA0215,24925,0,0,NW,990905,16:14:48,16:14:58,10,16:14:58,16:20:00,302,AGENT,16:19:59,16:23:33,214,PINHAS
AA0215,24926,1426659,2,NE,990905,16:26:50,16:26:56,6,16:26:56,16:27:14,18,AGENT,16:27:13,16:29:54,161,VICKY
AA0215,24927,14991483,2,PS,990905,16:32:50,16:32:55,5,16:32:55,16:35:29,154,AGENT,16:35:28,16:37:41,133,ZOHARI
AA0215,24928,3744216,2,PS,990905,16:48:36,16:48:41,5,16:48:41,16:50:40,119,AGENT,16:50:40,16:53:45,185,BASCH
AA0215,24929,0,0,NW,990905,16:57:28,16:57:40,12,0:00:00,0:00:00,0,AGENT,16:57:39,16:58:46,67,PINHAS
AA0215,24930,0,0,PS,990905,17:04:41,17:04:51,10,0:00:00,0:00:00,0,AGENT,17:04:50,17:06:29,99,TOVA
AA0215,24931,0,0,PS,990905,17:20:09,17:20:20,11,0:00:00,0:00:00,0,AGENT,17:20:20,17:21:47,87,BASCH
AA0215,24932,305947863,1,PS,990905,17:30:44,17:30:49,5,17:30:49,17:31:13,24,AGENT,17:31:13,17:32:09,56,BASCH
AA0215,24933,0,0,NW,990905,17:39:28,17:39:37,9,17:39:37,17:40:25,48,AGENT,17:40:25,17:42:41,136,MORIAH
AA0215,24934,0,0,NE,990905,17:51:19,17:51:29,10,0:00:00,0:00:00,0,AGENT,17:51:28,17:52:20,52,VICKY
AA0215,24935,0,0,PS,990905,18:10:48,18:10:57,9,0:00:00,0:00:00,0,AGENT,18:10:56,18:11:33,37,BASCH
AA0215,24936,0,0,NW,990905,18:38:30,18:38:39,9,18:38:39,18:39:20,41,AGENT,18:39:20,18:39:49,29,BASCH
AA0215,24937,0,0,NW,990905,18:56:39,18:56:48,9,18:56:48,18:57:08,20,AGENT,18:57:07,18:57:51,44,VICKY
AA0215,24938,0,0,PS,990905,19:24:53,19:25:05,12,0:00:00,0:00:00,0,AGENT,19:25:04,19:27:05,121,BASCH
AA0215,24939,34472258,2,PS,990905,19:42:09,19:42:15,6,19:42:15,19:43:52,97,AGENT,19:43:51,19:43:55,4,MORIAH
AA0215,24940,51136083,2,PS,990905,19:58:39,19:58:44,5,19:58:44,20:00:31,107,AGENT,20:00:31,20:01:30,59,BASCH
AA0215,24941,0,0,NW,990905,20:14:54,20:15:03,9,20:15:03,20:15:38,35,AGENT,20:15:38,20:17:44,126,MORIAH
AA0215,24942,0,0,NW,990905,20:32:02,20:32:08,6,0:00:00,0:00:00,0,AGENT,20:32:08,20:32:35,27,BASCH
AA0215,24943,0,0,PS,990905,21:08:05,21:08:14,9,0:00:00,0:00:00,0,AGENT,21:08:14,21:09:26,72,VICKY
AA0215,24944,0,0,PS,990905,21:38:44,21:39:00,16,0:00:00,0:00:00,0,AGENT,21:39:00,21:42:31,211,BENSION
AA0215,24945,54128681,2,PS,990905,21:48:59,21:49:04,5,21:49:04,21:49:15,11,AGENT,21:49:14,21:50:42,88,VICKY
AA0215,24946,27709682,2,PS,990905,21:59:46,21:59:52,6,21:59:52,22:00:35,43,AGENT,22:00:35,22:02:49,134,VICKY
AA0215,24947,0,0,PS,990905,22:24:17,22:24:36,19,0:00:00,0:00:00,0,AGENT,22:24:35,22:27:12,157,BENSION
AA0215,24948,0,0,PS,990905,23:03:19,23:03:28,9,0:00:00,0:00:00,0,AGENT,23:03:27,23:05:21,114,VICKY
AA0215,24949,0,0,PS,990905,23:26:11,23:26:22,11,0:00:00,0:00:00,0,AGENT,23:26:22,23:29:11,169,VICKY
AA0215,24950,0,0,NW,990906,6:12:30,6:13:08,38,0:00:00,0:00:00,0,HANG,0:00:00,0:00:00,0,NO_SERVER
AA0215,24951,0,0,PS,990906,7:17:51,7:17:59,8,0:00:00,0:00:00,0,AGENT,7:17:59,7:19:35,96,TOVA
AA0215,24952,0,0,PS,990906,7:41:37,7:41:51,14,0:00:00,0:00:00,0,AGENT,7:41:50,7:44:00,130,YIFAT
AA0215,24953,0,0,NW,990906,7:58:43,7:58:56,13,0:00:00,0:00:00,0,AGENT,7:58:55,7:59:32,37,ZOHARI
AA0215,24954,0,0,PS,990906,8:15:27,8:15:36,9,0:00:00,0:00:00,0,AGENT,8:15:35,8:16:47,72,BASCH
AA0215,24955,0,0,NW,990906,8:30:03,8:30:12,9,8:30:12,8:31:23,71,AGENT,8:31:22,8:31:48,26,BASCH
AA0215,24956,0,0,NE,990906,8:44:51,8:45:07,16,0:00:00,0:00:00,0,AGENT,8:45:05,8:58:30,805,ELI
AA0215,24957,0,0,NW,990906,8:54:34,8:54:43,9,8:54:43,8:55:22,39,AGENT,8:55:22,8:57:02,100,MORIAH
AA0215,24958,0,0,NW,990906,9:04:11,9:04:21,10,9:04:21,9:04:58,37,AGENT,9:04:57,9:05:58,61,SHARON
AA0215,24959,0,0,PS,990906,9:14:56,9:15:05,9,0:00:00,0:00:00,0,AGENT,9:15:05,9:15:34,29,YITZ
AA0215,24960,0,0,NW,990906,9:21:55,9:22:04,9,9:22:04,9:22:11,7,AGENT,9:22:10,9:27:01,291,ROTH
AA0215,24961,0,0,NW,990906,9:28:26,9:28:40,14,0:00:00,0:00:00,0,AGENT,9:28:38,9:30:03,85,MORIAH
AA0215,24962,0,0,NW,990906,9:36:35,9:36:44,9,9:36:44,9:42:06,322,AGENT,9:42:05,9:43:11,66,ROTH
AA0215,24963,54665682,2,PS,990906,9:50:14,9:50:19,5,9:50:19,9:50:53,34,AGENT,9:50:52,9:51:48,56,YITZ
AA0215,24964,0,0,NW,990906,9:58:18,9:58:27,9,9:58:27,9:58:41,14,HANG,0:00:00,0:00:00,0,NO_SERVER
AA0215,24965,24927717,1,PS,990906,10:05:15,10:05:21,6,10:05:21,10:10:18,297,AGENT,10:10:17,10:11:32,75,BASCH
AA0215,24966,67158097,2,PS,990906,10:14:32,10:14:38,6,10:14:38,10:17:10,152,AGENT,10:17:08,10:18:57,109,SHARON
AA0215,24967,0,0,NW,990906,10:22:43,10:22:53,10,10:22:53,10:29:03,370,AGENT,10:29:03,10:29:42,39,SHARON
AA0215,24968,0,0,NE,990906,10:38:02,10:38:11,9,0:00:00,0:00:00,0,AGENT,10:38:10,10:39:26,76,ZOHARI
AA0215,24969,24927717,1,PS,990906,10:46:08,10:46:13,5,10:46:13,10:47:03,50,AGENT,10:47:02,10:48:25,83,DORIT
AA0215,24970,0,0,NW,990906,10:55:56,10:56:06,10,10:56:06,10:56:11,5,AGENT,10:56:10,11:04:44,514,ROTH
AA0215,24971,10765980,2,PS,990906,11:06:20,11:06:26,6,11:06:26,11:06:42,16,AGENT,11:06:41,11:17:04,623,DORIT
AA0215,24972,0,0,NW,990906,11:17:23,11:17:32,9,11:17:32,11:22:23,291,AGENT,11:22:21,11:23:11,50,SHARON
AA0215,24973,65331878,2,PS,990906,11:34:26,11:34:31,5,11:34:31,11:34:40,9,AGENT,11:34:39,11:36:47,128,TOVA
AA0215,24974,58704610,2,PS,990906,11:41:07,11:41:13,6,11:41:13,11:42:26,73,AGENT,11:42:25,11:42:28,3,MORIAH
AA0215,24975,0,0,NE,990906,11:50:36,11:50:45,9,0:00:00,0:00:00,0,AGENT,11:50:44,11:56:52,368,ROTH
AA0215,24976,0,0,PS,990906,12:02:16,12:02:25,9,0:00:00,0:00:00,0,AGENT,12:02:24,12:03:07,43,YITZ
AA0215,24977,0,0,PS,990906,12:10:42,12:10:51,9,0:00:00,0:00:00,0,AGENT,12:10:50,12:13:26,156,BASCH
AA0215,24978,0,0,PS,990906,12:26:02,12:26:13,11,0:00:00,0:00:00,0,AGENT,12:26:12,12:36:48,636,ZOHARI
AA0215,24979,0,0,PS,990906,12:39:17,12:39:26,9,0:00:00,0:00:00,0,AGENT,12:39:25,12:40:12,47,BASCH
AA0215,24980,0,0,PS,990906,12:53:47,12:53:59,12,0:00:00,0:00:00,0,AGENT,12:53:58,12:55:15,77,ZOHARI
AA0215,24981,0,0,PS,990906,13:00:39,13:00:42,3,0:00:00,0:00:00,0,HANG,0:00:00,0:00:00,0,NO_SERVER
AA0215,24982,55279970,2,NE,990906,13:13:10,13:13:15,5,13:13:15,13:13:31,16,AGENT,13:13:30,13:15:55,145,MORIAH
AA0215,24983,0,0,PS,990906,13:29:29,13:29:38,9,0:00:00,0:00:00,0,AGENT,13:29:38,13:32:55,197,ROTH
AA0215,24984,0,0,PS,990906,13:43:40,13:43:53,13,0:00:00,0:00:00,0,AGENT,13:43:52,13:47:55,243,DORIT
AA0215,24985,0,0,NE,990906,13:56:18,13:56:30,12,0:00:00,0:00:00,0,AGENT,13:56:28,14:00:12,224,ZOHARI
AA0215,24986,0,0,PS,990906,14:08:04,14:08:13,9,0:00:00,0:00:00,0,AGENT,14:08:12,14:10:37,145,MORIAH
AA0215,24987,0,0,NW,990906,14:19:06,14:19:15,9,14:19:15,14:19:22,7,HANG,0:00:00,0:00:00,0,NO_SERVER
AA0215,24988,0,0,NW,990906,14:32:56,14:33:05,9,14:33:05,14:34:19,74,AGENT,14:34:18,14:36:30,132,BASCH
AA0215,24989,0,0,NW,990906,14:44:06,14:44:15,9,14:44:15,14:44:55,40,AGENT,14:44:55,14:45:04,9,MORIAH
AA0215,24990,0,0,NW,990906,14:56:24,14:56:33,9,14:56:33,14:57:57,84,AGENT,14:57:57,15:01:25,208,STEREN
AA0215,24991,0,0,NE,990906,15:10:16,15:10:27,11,0:00:00,0:00:00,0,AGENT,15:10:27,15:14:19,232,ELI
AA0215,24992,57442600,2,PS,990906,15:24:51,15:24:57,6,15:24:57,15:25:16,19,AGENT,15:25:15,15:26:19,64,ROTH
AA0215,24993,22263115,2,PS,990906,15:35:51,15:35:56,5,15:35:56,15:36:47,51,AGENT,15:36:47,15:38:54,127,ROTH
AA0215,24994,50347749,1,NE,990906,15:46:08,15:46:13,5,15:46:13,15:46:52,39,AGENT,15:46:51,15:54:57,486,ANAT
AA0215,24995,0,0,NE,990906,16:02:25,16:02:37,12,0:00:00,0:00:00,0,AGENT,16:02:36,16:02:37,1,ANAT
AA0215,24996,0,0,PS,990906,16:14:27,16:14:36,9,0:00:00,0:00:00,0,AGENT,16:14:35,16:15:35,60,STEREN
AA0215,24997,0,0,NW,990906,16:32:02,16:32:11,9,16:32:11,16:33:36,85,AGENT,16:33:36,16:34:55,79,ROTH
AA0215,24998,0,0,NW,990906,16:50:48,16:51:02,14,0:00:00,0:00:00,0,AGENT,16:51:01,16:55:33,272,VICKY
AA0215,24999,57756892,1,PS,990906,17:09:45,17:09:50,5,17:09:50,17:14:21,271,AGENT,17:14:20,17:16:22,122,GELBER
AA0215,25000,0,0,NW,990906,17:30:55,17:31:05,10,17:31:05,17:31:38,33,AGENT,17:31:37,17:31:51,14,VICKY
AA0215,25001,0,0,PS,990906,17:55:35,17:55:48,13,0:00:00,0:00:00,0,AGENT,17:55:46,17:57:58,132,ANAT
AA0215,25002,0,0,PS,990906,18:23:20,18:23:31,11,0:00:00,0:00:00,0,AGENT,18:23:30,18:26:06,156,ANAT
AA0215,25003,22263115,2,PS,990906,18:36:37,18:36:43,6,18:36:43,18:37:04,21,AGENT,18:37:03,18:38:37,94,VICKY
AA0215,25004,0,0,PS,990906,19:02:44,19:02:52,8,0:00:00,0:00:00,0,AGENT,19:02:51,19:20:48,1077,MEIR
AA0215,25005,0,0,PS,990906,19:26:11,19:26:20,9,0:00:00,0:00:00,0,AGENT,19:26:20,19:31:48,328,ANAT
AA0215,25006,0,0,NW,990906,20:14:19,20:14:38,19,0:00:00,0:00:00,0,AGENT,20:14:37,20:18:51,254,MEIR
AA0215,25007,0,0,NW,990906,20:38:06,20:38:16,10,20:38:16,20:38:20,4,AGENT,20:38:19,20:44:47,388,MEIR
AA0215,25008,0,0,PS,990906,21:00:14,21:00:25,11,0:00:00,0:00:00,0,AGENT,21:00:24,21:01:19,55,VICKY
AA0215,25009,0,0,PS,990906,21:18:56,21:19:06,10,0:00:00,0:00:00,0,AGENT,21:19:05,21:20:47,102,MEIR
AA0215,25010,38249587,1,PS,990906,21:40:52,21:40:57,5,21:40:57,21:42:07,70,AGENT,21:42:06,21:44:15,129,MEIR
AA0215,25011,0,0,NW,990906,22:11:38,22:11:47,9,22:11:47,22:12:12,25,AGENT,22:12:12,22:21:40,568,STEREN
AA0215,25012,0,0,PS,990906,22:51:59,22:52:08,9,0:00:00,0:00:00,0,AGENT,22:52:07,22:52:10,3,NO_SERVER
AA0215,25013,0,0,PS,990906,23:28:50,23:29:00,10,0:00:00,0:00:00,0,AGENT,23:29:00,23:30:06,66,GILI
AA0215,25014,0,0,PS,990907,6:51:25,6:51:37,12,0:00:00,0:00:00,0,HANG,0:00:00,0:00:00,0,NO_SERVER
AA0215,25015,0,0,PS,990907,7:44:13,7:44:24,11,0:00:00,0:00:00,0,AGENT,7:44:22,7:44:58,36,YIFAT
AA0215,25016,3100351,2,PS,990907,8:09:27,8:09:32,5,8:09:32,8:10:48,76,AGENT,8:10:46,8:12:14,88,AVI
AA0215,25017,0,0,PS,990907,8:30:30,8:30:39,9,0:00:00,0:00:00,0,AGENT,8:30:38,8:32:30,112,ROTH
AA0215,25018,0,0,NW,990907,8:45:45,8:45:54,9,8:45:54,8:46:20,26,HANG,0:00:00,0:00:00,0,NO_SERVER
AA0215,25019,0,0,NE,990907,8:55:52,8:56:02,10,0:00:00,0:00:00,0,AGENT,8:56:01,9:41:25,2724,ELI
AA0215,25020,0,0,NW,990907,9:04:22,9:04:32,10,9:04:32,9:05:35,63,AGENT,9:05:34,9:06:17,43,AVI
AA0215,25021,0,0,PS,990907,9:19:17,9:19:26,9,0:00:00,0:00:00,0,AGENT,9:19:25,9:22:34,189,TOVA
AA0215,25022,0,0,NW,990907,9:31:56,9:32:05,9,9:32:05,9:32:32,27,HANG,0:00:00,0:00:00,0,NO_SERVER
AA0215,25023,0,0,PS,990907,9:43:42,9:43:51,9,0:00:00,0:00:00,0,AGENT,9:43:51,9:52:35,524,MORIAH
AA0215,25024,703074,2,PS,990907,9:58:49,9:58:54,5,9:58:54,9:59:54,60,AGENT,9:59:53,10:06:36,403,AVI
AA0215,25025,50316827,1,PS,990907,10:11:32,10:11:37,5,10:11:37,10:11:52,15,HANG,0:00:00,0:00:00,0,NO_SERVER
AA0215,25026,23530603,2,PS,990907,10:21:44,10:21:50,6,10:21:50,10:22:09,19,AGENT,10:22:07,10:23:19,72,AVI
AA0215,25027,54665682,2,PS,990907,10:30:42,10:30:48,6,10:30:48,10:31:36,48,AGENT,10:31:36,10:32:11,35,BASCH
AA0215,25028,60117850,2,PS,990907,10:46:00,10:46:06,6,10:46:06,10:46:14,8,AGENT,10:46:13,10:46:16,3,MORIAH
AA0215,25029,74780917,2,NE,990907,10:56:11,10:56:16,5,10:56:16,10:57:47,91,AGENT,10:57:46,11:03:18,332,TOVA
AA0215,25030,29353356,2,PS,990907,11:10:59,11:11:05,6,11:11:05,11:11:51,46,AGENT,11:11:51,11:13:29,98,TOVA
AA0215,25031,54196027,2,PS,990907,11:20:09,11:20:15,6,11:20:15,11:20:27,12,AGENT,11:20:26,11:22:19,113,ROTH
AA0215,25032,25546482,2,PS,990907,11:30:27,11:30:33,6,11:30:33,11:31:31,58,AGENT,11:31:31,11:38:10,399,BASCH
AA0215,25033,0,0,NW,990907,11:40:51,11:41:01,10,11:41:01,11:41:15,14,HANG,0:00:00,0:00:00,0,NO_SERVER
AA0215,25034,25219700,2,PS,990907,11:46:37,11:46:42,5,11:46:42,11:52:19,337,AGENT,11:52:18,11:53:55,97,BASCH
AA0215,25035,25725060,1,PS,990907,12:02:46,12:02:52,6,12:02:52,12:04:10,78,AGENT,12:04:10,12:05:51,101,AVI
AA0215,25036,0,0,PS,990907,12:17:53,12:18:03,10,0:00:00,0:00:00,0,AGENT,12:18:01,12:18:32,31,MORIAH
AA0215,25037,0,0,PS,990907,12:27:42,12:27:52,10,0:00:00,0:00:00,0,AGENT,12:27:51,12:27:53,2,TOVA
AA0215,25038,0,0,PS,990907,12:44:59,12:45:10,11,0:00:00,0:00:00,0,AGENT,12:45:09,12:49:43,274,AVI
AA0215,25039,0,0,PS,990907,13:01:29,13:01:49,20,0:00:00,0:00:00,0,AGENT,13:01:49,13:01:55,6,VICKY
AA0215,25040,703074,2,PS,990907,13:14:46,13:14:52,6,13:14:52,13:15:56,64,AGENT,13:15:56,13:20:04,248,VICKY
AA0215,25041,0,0,PS,990907,13:33:19,13:33:31,12,0:00:00,0:00:00,0,AGENT,13:33:31,13:38:13,282,VICKY
AA0215,25042,0,0,PS,990907,13:52:11,13:52:20,9,0:00:00,0:00:00,0,AGENT,13:52:19,13:53:46,87,BASCH
AA0215,25043,71820039,2,PS,990907,14:06:27,14:06:32,5,14:06:32,14:06:43,11,AGENT,14:06:42,14:11:19,277,STEREN
AA0215,25044,0,0,PS,990907,14:19:54,14:20:03,9,0:00:00,0:00:00,0,AGENT,14:20:02,14:22:33,151,VICKY
AA0215,25045,29503323,1,PS,990907,14:32:36,14:32:41,5,14:32:41,14:34:42,121,HANG,0:00:00,0:00:00,0,NO_SERVER
AA0215,25046,0,0,NW,990907,14:42:09,14:42:19,10,14:42:19,14:47:54,335,HANG,0:00:00,0:00:00,0,NO_SERVER
AA0215,25047,56575921,1,PS,990907,14:55:21,14:55:27,6,14:55:27,14:57:38,131,HANG,0:00:00,0:00:00,0,NO_SERVER
AA0215,25048,56765985,2,PS,990907,15:11:00,15:11:05,5,15:11:05,15:13:26,141,AGENT,15:13:25,15:17:23,238,VICKY
AA0215,25049,62333810,1,NE,990907,15:24:55,15:25:00,5,15:25:00,15:29:41,281,AGENT,15:29:41,15:29:51,10,ZOHARI
AA0215,25050,0,0,NE,990907,15:37:34,15:37:43,9,0:00:00,0:00:00,0,AGENT,15:37:43,15:39:08,85,ROTH
AA0215,25051,0,0,PS,990907,15:51:02,15:51:20,18,0:00:00,0:00:00,0,AGENT,15:51:19,15:52:03,44,DARMON
AA0215,25052,0,0,PS,990907,16:03:00,16:03:09,9,0:00:00,0:00:00,0,AGENT,16:03:08,16:04:06,58,STEREN
AA0215,25053,0,0,NW,990907,16:12:28,16:12:37,9,16:12:37,16:13:07,30,HANG,16:13:07,16:13:12,5,NO_SERVER
AA0215,25054,27148675,1,PS,990907,16:27:17,16:27:22,5,16:27:22,16:31:12,230,AGENT,16:31:10,16:33:03,113,SHARON
AA0215,25055,28711224,1,PS,990907,16:45:33,16:45:39,6,16:45:39,16:46:48,69,AGENT,16:46:46,16:48:18,92,STEREN
AA0215,25056,0,0,NW,990907,16:50:51,16:51:01,10,16:51:01,16:55:12,251,AGENT,16:55:11,16:55:56,45,STEREN
AA0215,25057,0,0,NE,990907,17:06:51,17:07:01,10,0:00:00,0:00:00,0,AGENT,17:07:00,17:13:28,388,ZOHARI
AA0215,25058,0,0,PS,990907,17:21:25,17:21:36,11,0:00:00,0:00:00,0,AGENT,17:21:35,17:23:04,89,SHARON
AA0215,25059,0,0,PS,990907,17:37:12,17:37:22,10,0:00:00,0:00:00,0,AGENT,17:37:20,17:38:27,67,SHARON
AA0215,25060,0,0,PS,990907,17:45:14,17:45:23,9,0:00:00,0:00:00,0,AGENT,17:45:22,17:46:14,52,BENSION
AA0215,25061,0,0,NW,990907,17:58:26,17:59:32,66,17:59:32,18:02:06,154,AGENT,18:02:05,18:02:55,50,STEREN
AA0215,25062,0,0,NW,990907,18:16:39,18:16:48,9,18:16:48,18:16:54,6,AGENT,18:16:52,18:18:22,90,STEREN
AA0215,25063,0,0,PS,990907,18:42:10,18:42:27,17,0:00:00,0:00:00,0,AGENT,18:42:26,18:44:00,94,BENSION
AA0215,25064,56214646,2,PS,990907,19:12:58,19:13:03,5,19:13:03,19:13:15,12,AGENT,19:13:14,19:15:46,152,STEREN
AA0215,25065,0,0,PS,990907,19:35:36,19:35:51,15,0:00:00,0:00:00,0,AGENT,19:35:50,19:37:28,98,BENSION
AA0215,25066,0,0,PS,990907,20:07:44,20:07:57,13,0:00:00,0:00:00,0,AGENT,20:07:56,20:15:44,468,SHARON
AA0215,25067,0,0,NW,990907,20:30:31,20:30:47,16,0:00:00,0:00:00,0,AGENT,20:30:46,20:38:13,447,DORIT
AA0215,25068,0,0,PS,990907,20:51:18,20:51:28,10,0:00:00,0:00:00,0,AGENT,20:51:27,20:52:19,52,SHARON
AA0215,25069,7191646,2,NE,990907,21:07:22,21:07:28,6,21:07:28,21:07:32,4,AGENT,21:07:31,21:10:39,188,ZOHARI
AA0215,25070,0,0,NE,990907,21:30:36,21:30:45,9,0:00:00,0:00:00,0,AGENT,21:30:44,21:31:46,62,STEREN
AA0215,25071,0,0,NW,990907,21:53:38,21:53:48,10,21:53:48,21:56:58,190,HANG,0:00:00,0:00:00,0,NO_SERVER
AA0215,25072,0,0,NW,990907,22:24:39,22:24:56,17,0:00:00,0:00:00,0,AGENT,22:24:55,22:25:03,8,SHARON
AA0215,25073,22095533,1,PS,990907,22:41:44,22:41:50,6,22:41:50,22:43:42,112,AGENT,22:43:41,22:49:00,319,BENSION
AA0215,25074,0,0,NW,990907,23:12:11,23:12:21,10,23:12:21,23:12:47,26,AGENT,23:12:45,23:13:39,54,SHARON
AA0215,25075,0,0,PS,990908,0:17:42,0:18:15,33,0:00:00,0:00:00,0,HANG,0:00:00,0:00:00,0,NO_SERVER
AA0215,25076,0,0,PS,990908,7:00:21,7:00:30,9,0:00:00,0:00:00,0,AGENT,7:00:29,7:04:53,264,BASCH
AA0215,25077,0,0,PS,990908,7:32:09,7:32:18,9,0:00:00,0:00:00,0,AGENT,7:32:16,7:35:15,179,DORIT
AA0215,25078,0,0,NW,990908,8:05:46,8:05:59,13,0:00:00,0:00:00,0,AGENT,8:05:59,8:07:21,82,STEREN
AA0215,25079,0,0,NW,990908,8:20:51,8:21:05,14,0:00:00,0:00:00,0,AGENT,8:21:05,8:22:36,91,ROTH
AA0215,25080,0,0,NW,990908,8:26:58,8:27:08,10,0:00:00,0:00:00,0,HANG,0:00:00,0:00:00,0,NO_SERVER
AA0215,25081,0,0,NW,990908,8:43:12,8:43:22,10,8:43:22,8:46:50,208,AGENT,8:46:49,8:47:37,48,DORIT
AA0215,25082,0,0,PS,990908,8:57:07,8:57:16,9,0:00:00,0:00:00,0,AGENT,8:57:15,9:00:49,214,ZOHARI
AA0215,25083,0,0,NW,990908,9:08:49,9:08:58,9,9:08:58,9:10:52,114,HANG,0:00:00,0:00:00,0,NO_SERVER
AA0215,25084,0,0,NW,990908,9:21:08,9:21:17,9,9:21:17,9:22:43,86,AGENT,9:22:43,9:24:03,80,DORIT
AA0215,25085,23530603,2,PS,990908,9:36:03,9:36:08,5,9:36:08,9:36:54,46,AGENT,9:36:54,9:38:39,105,YITZ
AA0215,25086,0,0,PS,990908,9:46:47,9:47:00,13,0:00:00,0:00:00,0,AGENT,9:46:59,9:48:10,71,STEREN
AA0215,25087,58323270,2,PS,990908,9:55:46,9:55:52,6,9:55:52,9:58:31,159,AGENT,9:58:30,10:04:26,356,BASCH
AA0215,25088,10765980,2,PS,990908,10:07:15,10:07:20,5,10:07:20,10:09:10,110,AGENT,10:09:09,10:11:24,135,ROTH
AA0215,25089,51929339,2,PS,990908,10:12:24,10:12:29,5,10:12:29,10:14:52,143,AGENT,10:14:51,10:16:57,126,ROTH
AA0215,25090,8073371,2,PS,990908,10:22:03,10:22:09,6,10:22:09,10:22:33,24,AGENT,10:22:32,10:23:57,85,DORIT
AA0215,25091,0,0,PS,990908,10:34:41,10:34:51,10,0:00:00,0:00:00,0,AGENT,10:34:51,10:38:23,212,SHARON
AA0215,25092,0,0,NW,990908,10:48:55,10:49:04,9,10:49:04,10:49:21,17,HANG,0:00:00,0:00:00,0,NO_SERVER
AA0215,25093,4312914,2,PS,990908,11:05:11,11:05:16,5,11:05:16,11:06:55,99,AGENT,11:06:54,11:09:09,135,ROTH
AA0215,25094,0,0,PS,990908,11:21:00,11:21:09,9,0:00:00,0:00:00,0,AGENT,11:21:08,11:22:46,98,BASCH
AA0215,25095,924167,2,PS,990908,11:33:24,11:33:30,6,11:33:30,11:34:00,30,AGENT,11:33:59,11:36:13,134,SHARON
AA0215,25096,0,0,PS,990908,11:46:25,11:46:34,9,0:00:00,0:00:00,0,AGENT,11:46:33,11:47:08,35,SHARON
AA0215,25097,0,0,NW,990908,12:00:01,12:00:14,13,0:00:00,0:00:00,0,AGENT,12:00:13,12:00:44,31,STEREN
AA0215,25098,0,0,NW,990908,12:11:32,12:11:41,9,12:11:41,12:13:00,79,AGENT,12:13:00,12:13:10,10,SHARON
AA0215,25099,58029620,2,PS,990908,12:21:57,12:22:02,5,12:22:02,12:24:07,125,AGENT,12:24:06,12:28:44,278,ROTH
AA0215,25100,0,0,PS,990908,12:39:09,12:39:20,11,0:00:00,0:00:00,0,AGENT,12:39:18,12:44:14,296,KAZAV
AA0215,25101,0,0,PS,990908,12:57:41,12:57:52,11,0:00:00,0:00:00,0,AGENT,12:57:52,12:59:59,127,SHARON
AA0215,25102,0,0,PS,990908,13:12:41,13:12:51,10,0:00:00,0:00:00,0,AGENT,13:12:51,13:19:38,407,BASCH
AA0215,25103,24265456,2,PS,990908,13:24:06,13:24:11,5,13:24:11,13:25:08,57,AGENT,13:25:08,13:26:08,60,SHARON
AA0215,25104,0,0,PS,990908,13:38:23,13:38:34,11,0:00:00,0:00:00,0,AGENT,13:38:33,13:44:47,374,STEREN
AA0215,25105,0,0,NW,990908,13:47:00,13:47:10,10,13:47:10,13:48:02,52,HANG,0:00:00,0:00:00,0,NO_SERVER
AA0215,25106,25074881,1,PS,990908,13:55:49,13:55:55,6,13:55:55,13:56:34,39,AGENT,13:56:33,13:58:19,106,SHARON
AA0215,25107,0,0,NE,990908,14:09:28,14:09:40,12,0:00:00,0:00:00,0,AGENT,14:09:39,14:14:08,269,ELI
AA0215,25108,0,0,PS,990908,14:26:00,14:26:20,20,0:00:00,0:00:00,0,AGENT,14:26:19,14:29:34,195,BASCH
AA0215,25109,0,0,NW,990908,14:38:47,14:39:00,13,0:00:00,0:00:00,0,AGENT,14:39:00,14:40:10,70,STEREN
AA0215,25110,0,0,NW,990908,14:47:37,14:47:46,9,14:47:46,14:48:00,14,AGENT,14:48:00,14:49:44,104,STEREN
AA0215,25111,56765985,2,PS,990908,15:03:18,15:03:24,6,15:03:24,15:07:59,275,AGENT,15:07:58,15:08:02,4,MORIAH
AA0215,25112,53332284,1,PS,990908,15:15:56,15:16:01,5,15:16:01,15:20:01,240,AGENT,15:19:59,15:21:28,89,KAZAV
AA0215,25113,74450255,1,PS,990908,15:29:56,15:30:01,5,15:30:01,15:31:57,116,AGENT,15:31:56,15:34:54,178,ANAT
AA0215,25114,0,0,NW,990908,15:37:47,15:37:56,9,15:37:56,15:38:32,36,HANG,0:00:00,0:00:00,0,NO_SERVER
AA0215,25115,27957448,2,PS,990908,15:43:18,15:43:24,6,15:43:24,15:44:50,86,AGENT,15:44:49,15:45:39,50,KAZAV
AA0215,25116,0,0,NW,990908,15:52:59,15:53:05,6,0:00:00,0:00:00,0,HANG,0:00:00,0:00:00,0,NO_SERVER
AA0215,25117,0,0,NE,990908,16:03:51,16:04:01,10,0:00:00,0:00:00,0,AGENT,16:04:01,16:06:49,168,ANAT
AA0215,25118,56765985,2,PS,990908,16:17:20,16:17:26,6,16:17:26,16:18:56,90,AGENT,16:18:56,16:18:59,3,MORIAH
AA0215,25119,0,0,NW,990908,16:34:07,16:34:17,10,16:34:17,16:36:34,137,AGENT,16:36:33,16:36:50,17,AVI
AA0215,25120,0,0,PS,990908,16:49:27,16:49:37,10,0:00:00,0:00:00,0,AGENT,16:49:37,16:51:53,136,ANAT
AA0215,25121,0,0,NE,990908,17:08:45,17:08:54,9,0:00:00,0:00:00,0,AGENT,17:08:54,17:10:51,117,ANAT
AA0215,25122,0,0,NW,990908,17:28:57,17:29:07,10,17:29:07,17:29:42,35,AGENT,17:29:41,17:30:27,46,BENSION
AA0215,25123,22612071,2,PS,990908,17:40:07,17:40:12,5,17:40:12,17:41:35,83,AGENT,17:41:35,17:44:53,198,ANAT
AA0215,25124,0,0,PS,990908,17:54:12,17:54:23,11,0:00:00,0:00:00,0,AGENT,17:54:21,17:54:25,4,MORIAH
AA0215,25125,0,0,PS,990908,18:18:58,18:19:10,12,0:00:00,0:00:00,0,AGENT,18:19:09,18:20:48,99,AVI
AA0215,25126,0,0,PS,990908,18:33:29,18:33:39,10,0:00:00,0:00:00,0,AGENT,18:33:39,18:34:21,42,BENSION
AA0215,25127,0,0,PS,990908,18:55:13,18:55:25,12,0:00:00,0:00:00,0,AGENT,18:55:24,18:56:51,87,AVI
AA0215,25128,0,0,NW,990908,19:12:42,19:12:58,16,0:00:00,0:00:00,0,AGENT,19:12:57,19:13:06,9,MORIAH
AA0215,25129,0,0,NE,990908,19:24:11,19:24:21,10,0:00:00,0:00:00,0,AGENT,19:24:19,19:25:45,86,MEIR
AA0215,25130,0,0,PS,990908,19:45:20,19:45:32,12,0:00:00,0:00:00,0,AGENT,19:45:31,19:48:57,206,BENSION
AA0215,25131,0,0,PS,990908,20:04:48,20:05:00,12,0:00:00,0:00:00,0,AGENT,20:04:59,20:05:53,54,BENSION
AA0215,25132,25111527,1,NW,990908,20:35:36,20:35:43,7,20:35:43,20:35:58,15,AGENT,20:35:58,20:36:00,2,MORIAH
AA0215,25133,0,0,PS,990908,20:59:09,20:59:17,8,0:00:00,0:00:00,0,AGENT,20:59:17,21:00:57,100,AVI
AA0215,25134,24206906,2,PS,990908,21:14:03,21:14:09,6,21:14:09,21:14:44,35,AGENT,21:14:43,21:15:51,68,BENSION
AA0215,25135,0,0,NE,990908,21:36:27,21:36:36,9,0:00:00,0:00:00,0,AGENT,21:36:34,21:44:28,474,MORIAH
AA0215,25136,0,0,PS,990908,21:55:12,21:55:25,13,0:00:00,0:00:00,0,AGENT,21:55:24,22:07:06,702,DARMON
AA0215,25137,59630624,1,NE,990908,22:21:04,22:21:09,5,22:21:09,22:27:20,371,AGENT,22:27:20,22:28:37,77,AVI
AA0215,25138,0,0,NW,990908,22:48:59,22:49:09,10,22:49:09,22:49:25,16,AGENT,22:49:24,22:49:37,13,BENSION
AA0215,25139,0,0,PS,990908,23:22:01,23:22:12,11,0:00:00,0:00:00,0,AGENT,23:22:11,23:23:25,74,BENSION
AA0215,25140,0,0,PS,990909,1:18:01,1:18:22,21,0:00:00,0:00:00,0,HANG,0:00:00,0:00:00,0,NO_SERVER
AA0215,25141,55993976,2,PS,990909,7:07:36,7:07:42,6,7:07:42,7:08:49,67,AGENT,7:08:48,7:09:51,63,NAAMA
AA0215,25142,0,0,NW,990909,7:50:10,7:50:19,9,7:50:19,7:50:37,18,AGENT,7:50:37,7:52:00,83,SHARON
AA0215,25143,0,0,PS,990909,8:24:14,8:24:27,13,0:00:00,0:00:00,0,AGENT,8:24:26,8:26:35,129,SHARON
AA0215,25144,0,0,PS,990909,8:40:43,8:40:54,11,0:00:00,0:00:00,0,AGENT,8:40:53,8:42:26,93,ANAT
AA0215,25145,0,0,NW,990909,8:55:32,8:55:48,16,0:00:00,0:00:00,0,AGENT,8:55:47,8:56:39,52,BASCH
AA0215,25146,55898720,2,PS,990909,9:08:30,9:08:36,6,9:08:36,9:08:43,7,AGENT,9:08:43,9:09:35,52,SHARON
AA0215,25147,27748490,1,PS,990909,9:21:06,9:21:12,6,9:21:12,9:21:21,9,AGENT,9:21:20,9:22:31,71,YIFAT
AA0215,25148,0,0,NW,990909,9:38:27,9:38:41,14,0:00:00,0:00:00,0,AGENT,9:38:40,9:40:05,85,BASCH
AA0215,25149,0,0,NW,990909,9:56:30,9:56:39,9,9:56:39,9:58:00,81,AGENT,9:57:59,9:58:30,31,SHARON
AA0215,25150,0,0,PS,990909,10:09:17,10:09:28,11,0:00:00,0:00:00,0,AGENT,10:09:28,10:10:03,35,SHARON
AA0215,25151,7656580,1,PS,990909,10:19:56,10:20:02,6,10:20:02,10:20:11,9,AGENT,10:20:09,10:26:58,409,SHARON
AA0215,25152,0,0,PS,990909,10:35:49,10:35:58,9,0:00:00,0:00:00,0,AGENT,10:35:57,10:39:05,188,DORIT
AA0215,25153,0,0,PS,990909,10:47:42,10:47:51,9,0:00:00,0:00:00,0,AGENT,10:47:49,10:48:17,28,DORIT
AA0215,25154,0,0,PS,990909,11:03:52,11:04:01,9,0:00:00,0:00:00,0,AGENT,11:04:00,11:18:38,878,KAZAV
AA0215,25155,0,0,PS,990909,11:18:49,11:19:01,12,0:00:00,0:00:00,0,AGENT,11:18:59,11:19:39,40,SHARON
AA0215,25156,0,0,PS,990909,11:32:21,11:32:30,9,0:00:00,0:00:00,0,AGENT,11:32:29,11:34:30,121,ROTH
AA0215,25157,0,0,NW,990909,11:48:14,11:48:31,17,0:00:00,0:00:00,0,AGENT,11:48:31,11:51:08,157,SHARON
AA0215,25158,0,0,NW,990909,12:03:19,12:03:41,22,0:00:00,0:00:00,0,AGENT,12:03:39,12:04:45,66,BASCH
AA0215,25159,0,0,PS,990909,12:26:04,12:26:13,9,0:00:00,0:00:00,0,AGENT,12:26:13,12:27:36,83,ANAT
AA0215,25160,0,0,NW,990909,12:40:46,12:40:56,10,0:00:00,0:00:00,0,AGENT,12:40:58,12:41:10,12,NO_SERVER
AA0215,25161,0,0,PS,990909,12:54:45,12:54:55,10,0:00:00,0:00:00,0,AGENT,12:54:53,12:55:45,52,NAAMA
AA0215,25162,54539366,1,PS,990909,13:07:31,13:07:37,6,13:07:37,13:09:04,87,AGENT,13:09:03,13:10:11,68,VICKY
AA0215,25163,0,0,PS,990909,13:24:15,13:24:28,13,0:00:00,0:00:00,0,AGENT,13:24:28,13:25:36,68,NAAMA
AA0215,25164,0,0,PS,990909,13:42:54,13:43:03,9,0:00:00,0:00:00,0,AGENT,13:43:02,13:45:12,130,DORIT
AA0215,25165,0,0,NE,990909,14:01:13,14:01:23,10,0:00:00,0:00:00,0,AGENT,14:01:22,14:04:31,189,KAZAV
AA0215,25166,58704610,2,PS,990909,14:13:37,14:13:42,5,14:13:42,14:16:31,169,AGENT,14:16:30,14:17:14,44,KAZAV
AA0215,25167,33909599,1,PS,990909,14:26:13,14:26:19,6,14:26:19,14:29:49,210,AGENT,14:29:48,14:33:36,228,DORIT
AA0215,25168,0,0,NW,990909,14:42:52,14:43:01,9,14:43:01,14:43:31,30,AGENT,14:43:29,14:44:40,71,ROTH
AA0215,25169,12402608,1,PS,990909,14:54:21,14:54:26,5,14:54:26,14:55:30,64,AGENT,14:55:29,15:05:48,619,ROTH
AA0215,25170,0,0,NW,990909,15:09:42,15:09:52,10,15:09:52,15:14:03,251,AGENT,15:14:02,15:16:30,148,ROTH
AA0215,25171,22670038,1,PS,990909,15:23:53,15:23:59,6,15:23:59,15:25:08,69,HANG,0:00:00,0:00:00,0,NO_SERVER
AA0215,25172,15239874,2,PS,990909,15:35:42,15:35:48,6,15:35:48,15:36:04,16,AGENT,15:36:04,15:38:11,127,DARMON
AA0215,25173,28497956,2,PS,990909,15:41:42,15:41:48,6,15:41:48,15:45:22,214,AGENT,15:45:21,15:49:59,278,YITZ
AA0215,25174,0,0,NE,990909,15:53:51,15:54:01,10,0:00:00,0:00:00,0,AGENT,15:53:59,15:56:57,178,ELI
AA0215,25175,0,0,NW,990909,16:07:40,16:07:49,9,16:07:49,16:09:08,79,AGENT,16:09:07,16:09:40,33,AVI
AA0215,25176,40486052,1,PS,990909,16:19:24,16:19:30,6,16:19:30,16:19:52,22,PHANTOM,16:19:52,16:19:54,2,NO_SERVER
AA0215,25177,32336497,2,PS,990909,16:30:52,16:30:58,6,16:30:58,16:32:40,102,AGENT,16:32:38,16:33:35,57,STEREN
AA0215,25178,0,0,NW,990909,16:45:27,16:45:36,9,16:45:36,16:46:33,57,HANG,0:00:00,0:00:00,0,NO_SERVER
AA0215,25179,0,0,NW,990909,16:55:52,16:56:02,10,16:56:02,16:57:16,74,HANG,0:00:00,0:00:00,0,NO_SERVER
AA0215,25180,0,0,NW,990909,17:08:26,17:08:36,10,17:08:36,17:09:43,67,AGENT,17:09:42,17:13:21,219,PINHAS
AA0215,25181,0,0,PS,990909,17:21:06,17:21:16,10,0:00:00,0:00:00,0,AGENT,17:21:15,17:21:16,1,AVI
AA0215,25182,0,0,PS,990909,17:41:10,17:41:20,10,0:00:00,0:00:00,0,AGENT,17:41:19,17:43:42,143,STEREN
AA0215,25183,7491608,2,PS,990909,17:56:18,17:56:24,6,17:56:24,17:58:46,142,AGENT,17:58:46,18:00:55,129,STEREN
AA0215,25184,0,0,PS,990909,18:19:34,18:19:43,9,0:00:00,0:00:00,0,AGENT,18:19:43,18:25:41,358,STEREN
AA0215,25185,68001924,2,NE,990909,18:37:17,18:37:22,5,18:37:22,18:37:37,15,AGENT,18:37:36,18:38:19,43,STEREN
AA0215,25186,0,0,PS,990909,19:00:56,19:01:07,11,0:00:00,0:00:00,0,AGENT,19:01:06,19:01:08,2,AVI
AA0215,25187,0,0,NW,990909,19:20:04,19:20:13,9,19:20:13,19:21:49,96,AGENT,19:21:48,19:22:34,46,AVI
AA0215,25188,6387088,2,PS,990909,19:42:46,19:42:52,6,19:42:52,19:43:18,26,AGENT,19:43:17,19:45:25,128,STEREN
AA0215,25189,0,0,PS,990909,20:01:36,20:01:46,10,0:00:00,0:00:00,0,AGENT,20:01:46,20:03:08,82,ZOHARI
AA0215,25190,0,0,NW,990909,20:26:21,20:26:46,25,0:00:00,0:00:00,0,AGENT,20:26:45,20:27:26,41,AVI
AA0215,25191,314272303,2,PS,990909,20:56:03,20:56:08,5,20:56:08,20:56:40,32,AGENT,20:56:39,20:58:08,89,AVI
AA0215,25192,0,0,PS,990909,21:20:30,21:20:40,10,0:00:00,0:00:00,0,AGENT,21:20:39,21:23:32,173,AVI
AA0215,25193,57460131,2,PS,990909,21:41:59,21:42:05,6,21:42:05,21:43:20,75,AGENT,21:43:19,21:44:51,92,STEREN
AA0215,25194,0,0,NW,990909,22:11:27,22:11:42,15,0:00:00,0:00:00,0,AGENT,22:11:41,22:13:27,106,AVI
AA0215,25195,59292599,1,PS,990909,22:47:30,22:47:36,6,22:47:36,22:48:04,28,AGENT,22:48:03,22:51:46,223,STEREN
AA0215,25196,34077941,1,PS,990909,23:15:04,23:15:10,6,23:15:10,23:16:37,87,AGENT,23:16:36,23:18:50,134,DARMON
AA0215,25197,0,0,PS,990910,0:37:31,0:37:45,14,0:00:00,0:00:00,0,HANG,0:00:00,0:00:00,0,NO_SERVER
AA0215,25198,0,0,PS,990910,7:31:44,7:31:54,10,0:00:00,0:00:00,0,AGENT,7:31:53,7:33:14,81,AVNI
AA0215,25199,0,0,PS,990910,8:04:00,8:04:11,11,0:00:00,0:00:00,0,AGENT,8:04:11,8:05:23,72,BENSION
AA0215,25200,0,0,NW,990910,8:23:39,8:23:59,20,0:00:00,0:00:00,0,AGENT,8:23:58,8:25:05,67,BENSION
AA0215,25201,0,0,PS,990910,8:45:18,8:45:32,14,0:00:00,0:00:00,0,AGENT,8:45:32,8:47:22,110,BENSION
AA0215,25202,0,0,NW,990910,8:57:11,8:57:26,15,0:00:00,0:00:00,0,AGENT,8:57:26,8:57:48,22,BASCH
AA0215,25203,0,0,PS,990910,9:14:04,9:14:20,16,0:00:00,0:00:00,0,AGENT,9:14:19,9:14:51,32,BENSION
AA0215,25204,0,0,PS,990910,9:24:19,9:24:29,10,0:00:00,0:00:00,0,AGENT,9:24:28,9:28:25,237,SHARON
AA0215,25205,0,0,PS,990910,9:38:27,9:38:36,9,0:00:00,0:00:00,0,AGENT,9:38:35,9:39:41,66,AVNI
AA0215,25206,0,0,PS,990910,9:52:49,9:52:58,9,0:00:00,0:00:00,0,AGENT,9:52:57,9:53:17,20,DORIT
AA0215,25207,0,0,PS,990910,10:03:22,10:03:31,9,0:00:00,0:00:00,0,AGENT,10:03:30,10:04:23,53,VICKY
AA0215,25208,0,0,PS,990910,10:20:41,10:21:03,22,0:00:00,0:00:00,0,AGENT,10:21:02,10:24:00,178,SHARON
AA0215,25209,0,0,PS,990910,10:34:32,10:34:45,13,0:00:00,0:00:00,0,AGENT,10:34:44,10:35:34,50,BASCH
AA0215,25210,0,0,PS,990910,10:51:18,10:51:28,10,0:00:00,0:00:00,0,AGENT,10:51:26,10:54:53,207,AVNI
AA0215,25211,0,0,PS,990910,11:07:22,11:07:31,9,0:00:00,0:00:00,0,AGENT,11:07:30,11:09:10,100,DORIT
AA0215,25212,0,0,PS,990910,11:25:39,11:25:50,11,0:00:00,0:00:00,0,AGENT,11:25:49,11:34:34,525,DORIT
AA0215,25213,0,0,PS,990910,11:53:40,11:53:51,11,0:00:00,0:00:00,0,AGENT,11:53:50,11:55:32,102,BASCH
AA0215,25214,0,0,PS,990910,12:18:14,12:18:24,10,0:00:00,0:00:00,0,AGENT,12:18:22,12:22:24,242,AVNI
AA0215,25215,0,0,NW,990910,12:54:34,12:54:47,13,0:00:00,0:00:00,0,AGENT,12:54:46,12:56:03,77,SHARON
AA0215,25216,0,0,PS,990910,13:21:34,13:21:53,19,0:00:00,0:00:00,0,HANG,0:00:00,0:00:00,0,NO_SERVER
AA0215,25217,0,0,NW,990910,14:05:13,14:05:37,24,0:00:00,0:00:00,0,HANG,0:00:00,0:00:00,0,NO_SERVER
AA0215,25218,0,0,NW,990910,16:11:54,16:12:32,38,0:00:00,0:00:00,0,HANG,0:00:00,0:00:00,0,NO_SERVER
AA0215,25219,0,0,PS,990911,8:07:01,8:08:15,74,0:00:00,0:00:00,0,HANG,0:00:00,0:00:00,0,NO_SERVER
AA0215,25220,0,0,PS,990911,20:00:35,20:00:57,22,0:00:00,0:00:00,0,HANG,0:00:00,0:00:00,0,NO_SERVER
AA0215,25221,0,0,PS,990912,14:01:08,14:01:18,10,0:00:00,0:00:00,0,HANG,0:00:00,0:00:00,0,NO_SERVER
AA0215,25222,0,0,NW,990912,19:32:37,19:33:15,38,0:00:00,0:00:00,0,HANG,0:00:00,0:00:00,0,NO_SERVER
AA0215,25223,0,0,PS,990912,20:02:28,20:02:37,9,0:00:00,0:00:00,0,AGENT,20:02:37,20:04:22,105,SHARON
AA0215,25224,0,0,PS,990912,20:27:39,20:27:50,11,0:00:00,0:00:00,0,AGENT,20:27:49,20:29:14,85,AVNI
AA0215,25225,59267823,1,PS,990912,20:41:46,20:41:51,5,20:41:51,20:43:19,88,AGENT,20:43:18,20:45:49,151,ELI
AA0215,25226,0,0,PS,990912,21:15:58,21:16:09,11,0:00:00,0:00:00,0,AGENT,21:16:07,21:16:54,47,SHARON
AA0215,25227,0,0,PS,990912,21:49:42,21:49:52,10,0:00:00,0:00:00,0,AGENT,21:49:52,21:55:00,308,AVNI
AA0215,25228,0,0,PS,990912,22:28:18,22:28:29,11,0:00:00,0:00:00,0,AGENT,22:28:28,22:37:19,531,ELI
AA0215,25229,0,0,PS,990912,23:13:12,23:13:21,9,0:00:00,0:00:00,0,AGENT,23:13:20,23:15:22,122,AVNI
AA0215,25230,0,0,NW,990913,6:41:06,6:41:30,24,0:00:00,0:00:00,0,HANG,0:00:00,0:00:00,0,NO_SERVER
AA0215,25231,0,0,PS,990913,7:32:41,7:32:51,10,0:00:00,0:00:00,0,AGENT,7:32:50,7:34:21,91,VICKY
AA0215,25232,0,0,PS,990913,7:59:56,8:00:06,10,0:00:00,0:00:00,0,AGENT,8:00:05,8:01:59,114,VICKY
AA0215,25233,0,0,PS,990913,8:15:40,8:15:49,9,0:00:00,0:00:00,0,AGENT,8:15:49,8:16:51,62,STEREN
AA0215,25234,0,0,PS,990913,8:31:37,8:31:48,11,0:00:00,0:00:00,0,AGENT,8:31:47,8:33:17,90,VICKY
AA0215,25235,0,0,PS,990913,8:41:59,8:42:11,12,0:00:00,0:00:00,0,AGENT,8:42:10,8:46:11,241,TOVA
AA0215,25236,0,0,PS,990913,8:48:45,8:49:00,15,0:00:00,0:00:00,0,AGENT,8:48:59,8:51:03,124,TOVA
AA0215,25237,0,0,PS,990913,9:01:11,9:01:21,10,0:00:00,0:00:00,0,AGENT,9:01:20,9:06:45,325,ROTH
AA0215,25238,0,0,NW,990913,9:09:50,9:09:59,9,9:09:59,9:11:12,73,AGENT,9:11:11,9:11:40,29,STEREN
AA0215,25239,0,0,PS,990913,9:22:53,9:23:07,14,0:00:00,0:00:00,0,AGENT,9:23:06,9:23:49,43,TOVA
AA0215,25240,0,0,PS,990913,9:34:59,9:35:10,11,0:00:00,0:00:00,0,AGENT,9:35:09,9:36:48,99,KAZAV
AA0215,25241,27819044,2,PS,990913,9:40:28,9:40:33,5,9:40:33,9:40:49,16,AGENT,9:40:48,9:44:38,230,STEREN
AA0215,25242,0,0,PS,990913,9:48:09,9:48:23,14,0:00:00,0:00:00,0,AGENT,9:48:22,9:55:24,422,ZOHARI
AA0215,25243,0,0,NW,990913,10:00:31,10:00:45,14,0:00:00,0:00:00,0,AGENT,10:00:43,10:06:01,318,STEREN
AA0215,25244,0,0,PS,990913,10:10:48,10:10:59,11,0:00:00,0:00:00,0,AGENT,10:10:57,10:12:38,101,VICKY
AA0215,25245,0,0,PS,990913,10:19:00,10:19:10,10,0:00:00,0:00:00,0,AGENT,10:19:09,10:20:12,63,STEREN
AA0215,25246,0,0,PS,990913,10:30:06,10:30:16,10,0:00:00,0:00:00,0,AGENT,10:30:15,10:31:05,50,KAZAV
AA0215,25247,0,0,PS,990913,10:37:13,10:37:24,11,0:00:00,0:00:00,0,AGENT,10:37:23,10:40:05,162,GILI
AA0215,25248,0,0,NW,990913,10:44:36,10:44:46,10,10:44:46,10:45:21,35,AGENT,10:45:20,10:46:36,76,SHARON
AA0215,25249,0,0,PS,990913,10:56:52,10:57:01,9,0:00:00,0:00:00,0,AGENT,10:57:00,10:59:06,126,ZOHARI
AA0215,25250,54539366,1,PS,990913,11:04:56,11:05:02,6,11:05:02,11:05:15,13,HANG,0:00:00,0:00:00,0,NO_SERVER
AA0215,25251,59267823,1,PS,990913,11:12:17,11:12:23,6,11:12:23,11:12:34,11,HANG,0:00:00,0:00:00,0,NO_SERVER
AA0215,25252,41543000,2,PS,990913,11:23:07,11:23:13,6,11:23:13,11:23:38,25,AGENT,11:23:37,11:26:02,145,GILI
AA0215,25253,38293304,1,PS,990913,11:29:37,11:29:42,5,11:29:42,11:30:02,20,AGENT,11:30:01,11:31:38,97,TOVA
AA0215,25254,0,0,PS,990913,11:37:14,11:37:21,7,0:00:00,0:00:00,0,HANG,0:00:00,0:00:00,0,NO_SERVER
AA0215,25255,0,0,PS,990913,11:47:30,11:47:38,8,0:00:00,0:00:00,0,AGENT,11:47:38,11:50:56,198,SHARON
AA0215,25256,0,0,PS,990913,11:54:25,11:54:34,9,0:00:00,0:00:00,0,AGENT,11:54:33,11:55:02,29,KAZAV
AA0215,25257,0,0,PS,990913,12:01:50,12:02:04,14,0:00:00,0:00:00,0,AGENT,12:02:03,12:04:57,174,TOVA
AA0215,25258,0,0,PS,990913,12:12:33,12:12:47,14,0:00:00,0:00:00,0,AGENT,12:12:47,12:14:10,83,SHARON
AA0215,25259,54128681,2,PS,990913,12:23:01,12:23:06,5,12:23:06,12:23:27,21,AGENT,12:23:26,12:26:40,194,STEREN
AA0215,25260,0,0,PS,990913,12:36:06,12:36:15,9,0:00:00,0:00:00,0,AGENT,12:36:14,12:38:36,142,KAZAV
AA0215,25261,0,0,PS,990913,12:47:31,12:47:42,11,0:00:00,0:00:00,0,AGENT,12:47:41,12:48:39,58,VICKY
AA0215,25262,0,0,PS,990913,13:04:17,13:04:28,11,0:00:00,0:00:00,0,AGENT,13:04:27,13:05:37,70,TOVA
AA0215,25263,4476719,1,PS,990913,13:11:30,13:11:36,6,13:11:36,13:12:07,31,AGENT,13:12:06,13:13:36,90,SHARON
AA0215,25264,0,0,NW,990913,13:21:45,13:21:55,10,13:21:55,13:22:08,13,HANG,0:00:00,0:00:00,0,NO_SERVER
AA0215,25265,0,0,PS,990913,13:29:54,13:30:06,12,0:00:00,0:00:00,0,AGENT,13:30:05,13:31:16,71,VICKY
AA0215,25266,0,0,PS,990913,13:42:45,13:42:59,14,0:00:00,0:00:00,0,AGENT,13:42:58,13:46:58,240,TOVA
AA0215,25267,16426967,2,PS,990913,13:49:47,13:49:52,5,13:49:52,13:52:12,140,AGENT,13:52:11,13:56:31,260,BASCH
AA0215,25268,0,0,PS,990913,13:59:50,13:59:59,9,0:00:00,0:00:00,0,AGENT,13:59:58,14:00:33,35,BASCH
AA0215,25269,27900018,1,PS,990913,14:06:19,14:06:25,6,14:06:25,14:06:47,22,HANG,0:00:00,0:00:00,0,NO_SERVER
AA0215,25270,669812,2,PS,990913,14:10:07,14:10:12,5,14:10:12,14:13:36,204,AGENT,14:13:35,14:19:12,337,ROTH
AA0215,25271,31912298,1,PS,990913,14:17:03,14:17:09,6,14:17:09,14:20:18,189,PHANTOM,14:20:05,14:21:17,72,NO_SERVER
AA0215,25272,713081,2,PS,990913,14:26:28,14:26:34,6,14:26:34,14:27:16,42,HANG,0:00:00,0:00:00,0,NO_SERVER
AA0215,25273,0,0,PS,990913,14:33:24,14:33:34,10,0:00:00,0:00:00,0,AGENT,14:33:33,14:37:49,256,BASCH
AA0215,25274,33854316,1,PS,990913,14:39:48,14:39:54,6,14:39:54,14:40:21,27,HANG,0:00:00,0:00:00,0,NO_SERVER
AA0215,25275,24265456,2,PS,990913,14:47:40,14:47:45,5,14:47:45,14:48:01,16,AGENT,14:48:00,14:48:41,41,SHARON
AA0215,25276,53973707,2,PS,990913,14:54:17,14:54:22,5,14:54:22,14:55:29,67,AGENT,14:55:28,15:11:08,940,ROTH
AA0215,25277,0,0,PS,990913,15:04:26,15:04:34,8,0:00:00,0:00:00,0,AGENT,15:04:34,15:11:14,400,BASCH
AA0215,25278,52867744,2,PS,990913,15:11:37,15:11:43,6,15:11:43,15:16:37,294,AGENT,15:16:36,15:21:45,309,SHARON
AA0215,25279,0,0,PS,990913,15:24:43,15:24:55,12,0:00:00,0:00:00,0,AGENT,15:24:55,15:35:48,653,ZOHARI
AA0215,25280,63730469,1,PS,990913,15:33:48,15:33:54,6,15:33:54,15:35:53,119,AGENT,15:35:52,15:36:11,19,ZOHARI
AA0215,25281,0,0,NW,990913,15:46:09,15:46:18,9,15:46:18,15:47:30,72,AGENT,15:47:29,15:50:49,200,SHARON
AA0215,25282,0,0,PS,990913,16:00:38,16:00:49,11,0:00:00,0:00:00,0,AGENT,16:00:48,16:01:52,64,ANAT
AA0215,25283,57460131,2,PS,990913,16:09:03,16:09:09,6,16:09:09,16:09:32,23,AGENT,16:09:30,16:11:53,143,AVI
AA0215,25284,0,0,PS,990913,16:24:52,16:25:07,15,0:00:00,0:00:00,0,AGENT,16:25:06,16:25:07,1,ANAT
AA0215,25285,22532980,2,PS,990913,16:36:00,16:36:05,5,16:36:05,16:39:09,184,AGENT,16:39:08,16:43:07,239,ANAT
AA0215,25286,67621961,2,NE,990913,16:46:45,16:46:50,5,16:46:50,16:46:59,9,AGENT,16:46:59,16:48:10,71,AVNI
AA0215,25287,14820047,2,PS,990913,16:54:06,16:54:11,5,16:54:11,16:57:18,187,AGENT,16:57:17,16:58:50,93,AVI
AA0215,25288,27279918,2,PS,990913,17:02:59,17:03:04,5,17:03:04,17:03:29,25,AGENT,17:03:28,17:05:46,138,MORIAH
AA0215,25289,0,0,PS,990913,17:17:32,17:17:41,9,0:00:00,0:00:00,0,AGENT,17:17:39,17:19:04,85,BASCH
AA0215,25290,0,0,PS,990913,17:37:35,17:37:46,11,0:00:00,0:00:00,0,AGENT,17:37:45,17:38:35,50,MORIAH
AA0215,25291,55593479,1,PS,990913,17:52:32,17:52:37,5,17:52:37,17:54:51,134,AGENT,17:54:50,18:02:26,456,MORIAH
AA0215,25292,0,0,PS,990913,18:10:06,18:10:18,12,0:00:00,0:00:00,0,AGENT,18:10:17,18:13:45,208,AVNI
AA0215,25293,0,0,NW,990913,18:19:09,18:19:18,9,18:19:18,18:20:23,65,HANG,0:00:00,0:00:00,0,NO_SERVER
AA0215,25294,0,0,NE,990913,18:39:43,18:39:52,9,0:00:00,0:00:00,0,AGENT,18:39:51,18:40:23,32,BASCH
AA0215,25296,0,0,PS,990913,18:53:17,18:53:17,0,0:00:00,0:00:00,0,HANG,0:00:00,0:00:00,0,NO_SERVER
AA0215,25297,50396811,2,PS,990913,19:03:02,19:03:08,6,19:03:08,19:03:16,8,AGENT,19:03:15,19:06:10,175,MEIR
AA0215,25298,0,0,NW,990913,19:13:59,19:14:08,9,19:14:08,19:16:29,141,HANG,0:00:00,0:00:00,0,NO_SERVER
AA0215,25299,0,0,NE,990913,19:24:15,19:24:23,8,0:00:00,0:00:00,0,AGENT,19:24:22,19:24:26,4,MORIAH
AA0215,25300,0,0,PS,990913,19:35:57,19:36:07,10,0:00:00,0:00:00,0,AGENT,19:36:06,19:37:41,95,AVNI
AA0215,25301,0,0,PS,990913,19:57:24,19:57:40,16,0:00:00,0:00:00,0,AGENT,19:57:39,19:58:47,68,ANAT
AA0215,25302,0,0,PS,990913,20:11:18,20:11:27,9,0:00:00,0:00:00,0,AGENT,20:11:26,20:13:57,151,MEIR
AA0215,25303,0,0,PS,990913,20:22:56,20:23:08,12,0:00:00,0:00:00,0,AGENT,20:23:07,20:24:22,75,MEIR
AA0215,25304,0,0,PS,990913,20:40:41,20:40:50,9,0:00:00,0:00:00,0,AGENT,20:40:49,20:41:51,62,AVI
AA0215,25305,0,0,PS,990913,20:55:39,20:55:48,9,0:00:00,0:00:00,0,AGENT,20:55:47,21:02:39,412,AVNI
AA0215,25306,3968047,2,PS,990913,21:14:52,21:14:58,6,21:14:58,21:18:24,206,AGENT,21:18:23,21:18:27,4,MORIAH
AA0215,25307,0,0,PS,990913,21:36:00,21:36:09,9,0:00:00,0:00:00,0,AGENT,21:36:08,21:37:08,60,MEIR
AA0215,25308,1947589,2,PS,990913,21:51:06,21:51:12,6,21:51:12,21:52:10,58,AGENT,21:52:09,21:53:04,55,MEIR
AA0215,25309,32360703,1,PS,990913,22:13:38,22:13:44,6,22:13:44,22:16:53,189,AGENT,22:16:52,22:17:28,36,AVI
AA0215,25310,0,0,PS,990913,22:31:54,22:32:03,9,0:00:00,0:00:00,0,AGENT,22:32:02,22:32:57,55,AVI
AA0215,25311,15310154,2,PE,990913,23:03:59,23:04:20,21,23:04:20,23:04:33,13,AGENT,23:04:32,23:09:10,278,AVNI
AA0215,25312,22992291,1,PS,990913,23:35:01,23:35:07,6,23:35:07,23:35:33,26,AGENT,23:35:32,23:36:25,53,AVI
AA0215,25313,0,0,NW,990914,0:36:20,0:37:20,60,0:00:00,0:00:00,0,HANG,0:00:00,0:00:00,0,NO_SERVER
AA0215,25314,0,0,NE,990914,7:02:30,7:02:41,11,0:00:00,0:00:00,0,AGENT,7:02:41,7:02:44,3,ANAT
AA0215,25315,0,0,NE,990914,7:29:39,7:29:45,6,0:00:00,0:00:00,0,HANG,0:00:00,0:00:00,0,NO_SERVER
AA0215,25316,0,0,NE,990914,7:29:55,7:30:05,10,7:30:05,7:31:33,88,PHANTOM,7:31:32,7:31:38,6,NO_SERVER
AA0215,25317,0,0,PS,990914,7:51:56,7:52:10,14,0:00:00,0:00:00,0,AGENT,7:52:09,7:53:21,72,ANAT
AA0215,25318,0,0,PS,990914,8:13:14,8:13:23,9,0:00:00,0:00:00,0,AGENT,8:13:22,8:17:11,229,BASCH
AA0215,25319,77624039,2,PS,990914,8:23:52,8:23:58,6,8:23:58,8:24:47,49,AGENT,8:24:46,8:25:51,65,ANAT
AA0215,25320,57985293,2,PS,990914,8:30:08,8:30:14,6,8:30:14,8:30:41,27,AGENT,8:30:40,8:35:12,272,GOLDIE
AA0215,25321,0,0,NW,990914,8:40:49,8:40:59,10,8:40:59,8:44:37,218,AGENT,8:44:36,8:51:59,443,GOLDIE
AA0215,25322,25742685,1,PS,990914,8:54:01,8:54:07,6,8:54:07,8:54:24,17,AGENT,8:54:23,8:56:10,107,TOVA
AA0215,25323,0,0,NW,990914,9:02:37,9:02:46,9,9:02:46,9:04:11,85,AGENT,9:04:10,9:06:38,148,AVNI
AA0215,25324,0,0,PS,990914,9:12:04,9:12:16,12,0:00:00,0:00:00,0,AGENT,9:12:14,9:17:37,323,MORIAH
AA0215,25325,30343685,2,PS,990914,9:21:30,9:21:36,6,9:21:36,9:21:44,8,AGENT,9:21:43,9:25:19,216,KAZAV
AA0215,25326,0,0,PS,990914,9:30:25,9:30:34,9,0:00:00,0:00:00,0,AGENT,9:30:34,9:34:20,226,KAZAV
AA0215,25327,57831349,2,NE,990914,9:39:14,9:39:20,6,9:39:20,9:40:17,57,AGENT,9:40:17,9:42:07,110,AVNI
AA0215,25328,0,0,PS,990914,9:49:57,9:50:07,10,0:00:00,0:00:00,0,AGENT,9:50:07,9:54:12,245,MORIAH
AA0215,25329,0,0,PS,990914,10:00:38,10:00:47,9,0:00:00,0:00:00,0,AGENT,10:00:47,10:01:32,45,TOVA
AA0215,25330,7191646,2,NE,990914,10:10:31,10:10:36,5,10:10:36,10:10:50,14,AGENT,10:10:49,10:23:04,735,TOVA
AA0215,25331,24410680,1,PS,990914,10:17:40,10:17:46,6,10:17:46,10:20:32,166,AGENT,10:20:31,10:25:06,275,GOLDIE
AA0215,25332,0,0,NE,990914,10:27:26,10:27:35,9,0:00:00,0:00:00,0,AGENT,10:27:34,10:29:49,135,ELI
AA0215,25333,0,0,PS,990914,10:33:02,10:33:11,9,0:00:00,0:00:00,0,AGENT,10:33:10,10:34:02,52,TOVA
AA0215,25334,65380198,2,PS,990914,10:38:41,10:38:46,5,10:38:46,10:42:04,198,AGENT,10:42:03,10:42:07,4,TOVA
AA0215,25335,0,0,NW,990914,10:47:18,10:47:28,10,10:47:28,10:48:11,43,HANG,0:00:00,0:00:00,0,NO_SERVER
AA0215,25336,4312914,2,PS,990914,10:58:49,10:58:55,6,10:58:55,10:59:56,61,AGENT,10:59:46,11:02:01,135,MORIAH
AA0215,25337,51929339,2,PS,990914,11:06:58,11:07:04,6,11:07:04,11:08:14,70,AGENT,11:08:14,11:08:16,2,ANAT
AA0215,25338,74780917,2,NE,990914,11:15:59,11:16:05,6,11:16:05,11:16:23,18,AGENT,11:16:22,11:20:38,256,AVNI
AA0215,25339,0,0,PS,990914,11:27:10,11:27:19,9,0:00:00,0:00:00,0,AGENT,11:27:19,11:31:18,239,TOVA
AA0215,25340,0,0,PS,990914,11:39:47,11:39:57,10,0:00:00,0:00:00,0,AGENT,11:39:57,11:42:39,162,TOVA
AA0215,25341,0,0,NW,990914,11:48:50,11:48:59,9,11:48:59,11:51:27,148,HANG,0:00:00,0:00:00,0,NO_SERVER
AA0215,25342,1574243,2,NE,990914,11:58:35,11:58:41,6,11:58:41,11:59:43,62,AGENT,11:59:43,12:04:16,273,ELI
AA0215,25343,0,0,PS,990914,12:08:01,12:08:12,11,0:00:00,0:00:00,0,AGENT,12:08:11,12:10:11,120,TOVA
AA0215,25344,0,0,PS,990914,12:16:44,12:16:55,11,0:00:00,0:00:00,0,AGENT,12:16:54,12:21:20,266,BASCH
AA0215,25345,0,0,PS,990914,12:27:10,12:27:20,10,0:00:00,0:00:00,0,AGENT,12:27:19,12:28:46,87,KAZAV
AA0215,25346,32405870,1,PS,990914,12:36:05,12:36:11,6,12:36:11,12:36:17,6,HANG,0:00:00,0:00:00,0,NO_SERVER
AA0215,25347,0,0,PS,990914,12:45:16,12:45:26,10,0:00:00,0:00:00,0,AGENT,12:45:24,12:47:57,153,AVNI
AA0215,25348,0,0,NW,990914,13:02:11,13:02:21,10,13:02:21,13:03:32,71,HANG,0:00:00,0:00:00,0,NO_SERVER
AA0215,25349,0,0,PS,990914,13:11:39,13:11:49,10,0:00:00,0:00:00,0,AGENT,13:11:48,13:12:48,60,TOVA
AA0215,25350,961433,2,PS,990914,13:27:39,13:27:44,5,13:27:44,13:27:54,10,AGENT,13:27:53,13:30:43,170,TOVA
AA0215,25351,0,0,PS,990914,13:39:12,13:39:21,9,0:00:00,0:00:00,0,AGENT,13:39:20,13:44:15,295,AVNI
AA0215,25352,58706086,2,PS,990914,13:48:40,13:48:46,6,13:48:46,13:49:12,26,AGENT,13:49:11,13:53:58,287,MORIAH
AA0215,25353,0,0,PS,990914,13:57:15,13:57:24,9,0:00:00,0:00:00,0,AGENT,13:57:23,13:57:24,1,ANAT
AA0215,25354,22263115,2,PS,990914,14:07:41,14:07:47,6,14:07:47,14:10:30,163,AGENT,14:10:29,14:12:14,105,DARMON
AA0215,25355,0,0,NW,990914,14:17:03,14:17:12,9,14:17:12,14:19:34,142,AGENT,14:19:33,14:20:46,73,ROTH
AA0215,25356,27423334,1,PS,990914,14:27:08,14:27:14,6,14:27:14,14:27:28,14,AGENT,14:27:27,14:29:00,93,ROTH
AA0215,25357,0,0,NW,990914,14:36:50,14:37:00,10,14:37:00,14:37:29,29,HANG,0:00:00,0:00:00,0,NO_SERVER
AA0215,25358,10587137,2,NE,990914,14:43:30,14:43:36,6,14:43:36,14:47:01,205,AGENT,14:47:00,14:52:56,356,ZOHARI
AA0215,25359,54128681,2,PS,990914,14:57:02,14:57:08,6,14:57:08,14:59:00,112,AGENT,14:58:59,15:07:23,504,NAAMA
AA0215,25360,1574243,2,NE,990914,15:09:15,15:09:21,6,15:09:21,15:10:49,88,HANG,0:00:00,0:00:00,0,NO_SERVER
AA0215,25361,0,0,NW,990914,15:17:21,15:17:30,9,15:17:30,15:20:32,182,HANG,0:00:00,0:00:00,0,NO_SERVER
AA0215,25362,8962094,2,NE,990914,15:32:02,15:32:08,6,15:32:08,15:33:15,67,AGENT,15:33:14,15:36:15,181,BASCH
AA0215,25363,22167936,0,PS,990914,15:42:18,15:42:24,6,15:42:24,15:42:59,35,HANG,0:00:00,0:00:00,0,NO_SERVER
AA0215,25364,0,0,PS,990914,15:53:26,15:53:35,9,0:00:00,0:00:00,0,AGENT,15:53:34,15:55:21,107,STEREN
AA0215,25365,25124181,2,NE,990914,16:02:49,16:02:55,6,16:02:55,16:04:51,116,AGENT,16:04:51,16:05:09,18,STEREN
AA0215,25366,0,0,PS,990914,16:13:49,16:13:57,8,0:00:00,0:00:00,0,AGENT,16:13:56,16:16:43,167,STEREN
AA0215,25367,0,0,PS,990914,16:19:59,16:20:06,7,0:00:00,0:00:00,0,HANG,0:00:00,0:00:00,0,NO_SERVER
AA0215,25368,0,0,NW,990914,16:32:14,16:32:23,9,16:32:23,16:36:37,254,AGENT,16:36:37,16:37:02,25,ROTH
AA0215,25369,0,0,PS,990914,16:45:47,16:45:56,9,0:00:00,0:00:00,0,AGENT,16:45:55,16:48:41,166,ROTH
AA0215,25370,55920755,2,PS,990914,16:56:07,16:56:13,6,16:56:13,16:56:18,5,AGENT,16:56:16,16:57:38,82,BENSION
AA0215,25371,0,0,PS,990914,17:09:19,17:09:28,9,0:00:00,0:00:00,0,AGENT,17:09:28,17:10:41,73,ZOHARI
AA0215,25372,0,0,NW,990914,17:21:40,17:21:57,17,0:00:00,0:00:00,0,AGENT,17:21:56,17:24:09,133,YITZ
AA0215,25373,55717300,2,PS,990914,17:37:31,17:37:36,5,17:37:36,17:38:02,26,AGENT,17:38:00,17:40:22,142,NAAMA
AA0215,25374,0,0,PS,990914,17:52:27,17:52:35,8,0:00:00,0:00:00,0,AGENT,17:52:35,17:55:16,161,ROTH
AA0215,25375,0,0,PS,990914,18:08:14,18:08:29,15,0:00:00,0:00:00,0,AGENT,18:08:28,18:09:53,85,BENSION
AA0215,25376,0,0,PS,990914,18:23:26,18:23:41,15,0:00:00,0:00:00,0,AGENT,18:23:40,18:25:29,109,BENSION
AA0215,25377,0,0,NW,990914,18:40:56,18:41:10,14,0:00:00,0:00:00,0,AGENT,18:41:09,18:42:04,55,YITZ
AA0215,25378,0,0,PS,990914,18:56:05,18:56:20,15,0:00:00,0:00:00,0,AGENT,18:56:19,19:07:19,660,NAAMA
AA0215,25379,0,0,PS,990914,19:15:06,19:15:15,9,0:00:00,0:00:00,0,AGENT,19:15:15,19:16:01,46,ROTH
AA0215,25380,0,0,PS,990914,19:36:26,19:40:43,257,0:00:00,0:00:00,0,AGENT,19:36:38,19:36:42,4,NO_SERVER
AA0215,25381,0,0,PS,990914,20:06:28,20:06:36,8,0:00:00,0:00:00,0,AGENT,20:06:35,20:09:50,195,ZOHARI
AA0215,25382,0,0,PS,990914,20:24:48,20:24:56,8,0:00:00,0:00:00,0,AGENT,20:24:56,20:28:48,232,ROTH
AA0215,25383,0,0,PS,990914,20:48:35,20:48:51,16,0:00:00,0:00:00,0,AGENT,20:48:50,20:51:40,170,BENSION
AA0215,25384,0,0,NW,990914,21:14:19,21:14:32,13,0:00:00,0:00:00,0,AGENT,21:14:33,21:16:09,96,NO_SERVER
AA0215,25385,24271637,1,PS,990914,21:33:07,21:33:13,6,21:33:13,21:34:33,80,AGENT,21:34:32,21:36:41,129,ZOHARI
AA0215,25386,52867744,2,PS,990914,21:47:27,21:47:32,5,21:47:32,21:47:50,18,AGENT,21:47:48,21:48:37,49,SHARON
AA0215,25387,56810872,2,PS,990914,22:04:32,22:04:38,6,22:04:38,22:05:08,30,AGENT,22:05:07,22:05:55,48,SHARON
AA0215,25388,0,0,PS,990914,22:32:19,22:32:29,10,0:00:00,0:00:00,0,AGENT,22:32:28,22:33:07,39,ZOHARI
AA0215,25389,32023855,1,PS,990914,23:09:23,23:09:29,6,23:09:29,23:09:34,5,AGENT,23:09:34,23:10:30,56,STEREN
AA0215,25390,0,0,NE,990914,23:37:31,23:37:41,10,0:00:00,0:00:00,0,AGENT,23:37:40,23:42:48,308,SHARON
AA0215,25391,0,0,PS,990915,1:01:54,1:02:12,18,0:00:00,0:00:00,0,HANG,0:00:00,0:00:00,0,NO_SERVER
AA0215,25392,0,0,PS,990915,7:25:19,7:25:31,12,0:00:00,0:00:00,0,AGENT,7:25:30,7:27:11,101,DORIT
AA0215,25393,0,0,PS,990915,7:54:11,7:54:25,14,0:00:00,0:00:00,0,AGENT,7:54:23,8:00:56,393,VICKY
AA0215,25394,0,0,NW,990915,8:17:22,8:17:36,14,0:00:00,0:00:00,0,AGENT,8:17:34,8:18:14,40,SHARON
AA0215,25395,0,0,NW,990915,8:31:04,8:31:13,9,8:31:13,8:34:01,168,HANG,0:00:00,0:00:00,0,NO_SERVER
AA0215,25396,0,0,NE,990915,8:45:26,8:45:35,9,0:00:00,0:00:00,0,AGENT,8:45:35,8:47:02,87,ELI
AA0215,25397,0,0,PS,990915,8:55:36,8:55:45,9,0:00:00,0:00:00,0,AGENT,8:55:44,9:06:00,616,DORIT
AA0215,25398,14013809,1,PS,990915,9:07:07,9:07:13,6,9:07:13,9:08:37,84,AGENT,9:08:35,9:11:22,167,STEREN
AA0215,25399,0,0,PS,990915,9:13:58,9:14:10,12,0:00:00,0:00:00,0,AGENT,9:14:10,9:16:13,123,AVNI
AA0215,25400,27429448,2,PS,990915,9:26:12,9:26:18,6,9:26:18,9:27:03,45,AGENT,9:27:01,9:30:19,198,ROTH
AA0215,25401,0,0,PS,990915,9:40:50,9:40:59,9,0:00:00,0:00:00,0,AGENT,9:40:59,9:45:02,243,GOLDIE
AA0215,25402,23671415,1,PS,990915,9:48:58,9:49:03,5,9:49:03,9:50:18,75,AGENT,9:50:17,9:51:58,101,VICKY
AA0215,25403,0,0,PS,990915,9:59:09,9:59:18,9,0:00:00,0:00:00,0,AGENT,9:59:17,10:05:28,371,KAZAV
AA0215,25404,33474602,2,PS,990915,10:10:32,10:10:38,6,10:10:38,10:11:00,22,AGENT,10:10:59,10:14:36,217,KAZAV
AA0215,25405,57460131,2,PS,990915,10:16:59,10:17:05,6,10:17:05,10:19:32,147,AGENT,10:19:31,10:24:42,311,DORIT
AA0215,25406,59197178,2,PS,990915,10:26:44,10:26:50,6,10:26:50,10:26:54,4,AGENT,10:26:53,10:27:29,36,STEREN
AA0215,25407,1574243,2,NE,990915,10:33:11,10:33:17,6,10:33:17,10:34:33,76,AGENT,10:34:32,10:39:23,291,AVNI
AA0215,25408,0,0,PS,990915,10:42:44,10:42:55,11,0:00:00,0:00:00,0,AGENT,10:42:55,10:49:07,372,GOLDIE
AA0215,25409,0,0,PS,990915,10:52:06,10:52:14,8,0:00:00,0:00:00,0,AGENT,10:52:14,10:53:11,57,AVNI
AA0215,25410,0,0,PS,990915,10:59:37,10:59:47,10,0:00:00,0:00:00,0,AGENT,10:59:46,11:03:24,218,ZOHARI
AA0215,25411,0,0,NW,990915,11:11:18,11:11:30,12,0:00:00,0:00:00,0,AGENT,11:11:29,11:11:55,26,ROTH
AA0215,25412,0,0,PS,990915,11:20:02,11:20:17,15,0:00:00,0:00:00,0,AGENT,11:20:17,11:22:42,145,GOLDIE
AA0215,25413,0,0,NE,990915,11:31:03,11:31:12,9,0:00:00,0:00:00,0,AGENT,11:31:11,11:36:14,303,STEREN
AA0215,25414,0,0,PS,990915,11:39:02,11:39:12,10,0:00:00,0:00:00,0,AGENT,11:39:11,11:40:58,107,ROTH
AA0215,25415,0,0,PS,990915,11:57:40,11:57:50,10,0:00:00,0:00:00,0,AGENT,11:57:49,11:59:30,101,AVNI
AA0215,25416,0,0,PS,990915,12:08:44,12:08:54,10,0:00:00,0:00:00,0,AGENT,12:08:53,12:09:45,52,DORIT
AA0215,25417,0,0,NE,990915,12:19:22,12:19:31,9,0:00:00,0:00:00,0,AGENT,12:19:31,12:27:57,506,ELI
AA0215,25418,0,0,PS,990915,12:30:02,12:30:11,9,0:00:00,0:00:00,0,AGENT,12:30:10,12:31:33,83,ROTH
AA0215,25419,0,0,PS,990915,12:46:28,12:46:36,8,0:00:00,0:00:00,0,AGENT,12:46:35,12:47:42,67,KAZAV
AA0215,25420,0,0,NE,990915,12:59:34,12:59:48,14,0:00:00,0:00:00,0,AGENT,12:59:47,13:09:03,556,VICKY
AA0215,25421,0,0,PS,990915,13:09:20,13:09:34,14,0:00:00,0:00:00,0,AGENT,13:09:33,13:09:53,20,YIFAT
AA0215,25422,0,0,PS,990915,13:20:09,13:20:18,9,0:00:00,0:00:00,0,AGENT,13:20:17,13:21:19,62,VICKY
AA0215,25423,0,0,PS,990915,13:35:20,13:35:31,11,0:00:00,0:00:00,0,AGENT,13:35:31,13:36:15,44,DORIT
AA0215,25424,0,0,NW,990915,13:48:35,13:48:45,10,13:48:45,13:48:53,8,AGENT,13:48:52,13:49:43,51,BASCH
AA0215,25425,0,0,PS,990915,13:59:43,13:59:54,11,0:00:00,0:00:00,0,AGENT,13:59:52,14:02:15,143,STEREN
AA0215,25426,0,0,PS,990915,14:10:27,14:10:36,9,0:00:00,0:00:00,0,AGENT,14:10:36,14:11:58,82,ROTH
AA0215,25427,0,0,PS,990915,14:20:30,14:20:40,10,0:00:00,0:00:00,0,AGENT,14:20:39,14:23:54,195,BASCH
AA0215,25428,43288190,2,PS,990915,14:33:50,14:33:56,6,14:33:56,14:34:32,36,AGENT,14:34:31,14:40:49,378,KAZAV
AA0215,25429,0,0,NW,990915,14:42:11,14:42:21,10,14:42:21,14:42:38,17,AGENT,14:42:37,14:48:16,339,AVNI
AA0215,25430,0,0,PS,990915,14:48:11,14:48:21,10,0:00:00,0:00:00,0,AGENT,14:48:19,14:54:19,360,STEREN
AA0215,25431,29427234,2,PS,990915,15:01:11,15:01:17,6,15:01:17,15:01:54,37,AGENT,15:01:53,15:04:44,171,KAZAV
AA0215,25432,16426967,2,PS,990915,15:10:46,15:10:51,5,15:10:51,15:11:04,13,AGENT,15:11:02,15:18:05,423,STEREN
AA0215,25433,3519519,1,PS,990915,15:15:58,15:16:04,6,15:16:04,15:19:08,184,AGENT,15:19:07,15:23:51,284,ANAT
AA0215,25434,0,0,NW,990915,15:29:18,15:29:28,10,15:29:28,15:29:44,16,HANG,0:00:00,0:00:00,0,NO_SERVER
AA0215,25435,63193346,2,PS,990915,15:34:19,15:34:25,6,15:34:25,15:34:26,1,HANG,0:00:00,0:00:00,0,NO_SERVER
AA0215,25436,59648238,2,PS,990915,15:40:20,15:40:26,6,15:40:26,15:41:00,34,AGENT,15:40:59,15:42:13,74,GOLDIE
AA0215,25437,0,0,PS,990915,15:48:35,15:48:45,10,0:00:00,0:00:00,0,AGENT,15:48:44,15:49:54,70,KAZAV
AA0215,25438,0,0,PS,990915,16:00:21,16:00:30,9,0:00:00,0:00:00,0,AGENT,16:00:29,16:04:42,253,AVNI
AA0215,25439,0,0,PS,990915,16:10:14,16:10:23,9,0:00:00,0:00:00,0,AGENT,16:10:22,16:13:38,196,BASCH
AA0215,25440,0,0,NW,990915,16:23:47,16:23:56,9,16:23:56,16:24:06,10,AGENT,16:24:05,16:25:19,74,BENSION
AA0215,25441,0,0,PS,990915,16:38:59,16:39:09,10,0:00:00,0:00:00,0,AGENT,16:39:08,16:41:10,122,BENSION
AA0215,25442,0,0,NW,990915,16:49:54,16:50:07,13,0:00:00,0:00:00,0,AGENT,16:50:06,16:57:12,426,GOLDIE
AA0215,25443,0,0,NW,990915,17:06:29,17:06:46,17,0:00:00,0:00:00,0,AGENT,17:06:45,17:08:57,132,BENSION
AA0215,25444,0,0,PS,990915,17:20:36,17:20:48,12,0:00:00,0:00:00,0,AGENT,17:20:47,17:22:48,121,TOVA
AA0215,25445,55030837,2,PS,990915,17:35:05,17:35:11,6,17:35:11,17:35:29,18,HANG,0:00:00,0:00:00,0,NO_SERVER
AA0215,25446,0,0,PS,990915,17:59:02,17:59:13,11,0:00:00,0:00:00,0,AGENT,17:59:11,18:01:16,125,TOVA
AA0215,25447,0,0,PS,990915,18:21:25,18:21:35,10,0:00:00,0:00:00,0,AGENT,18:21:35,18:21:38,3,TOVA
AA0215,25448,0,0,NW,990915,18:36:38,18:36:58,20,0:00:00,0:00:00,0,AGENT,18:36:57,18:37:39,42,YITZ
AA0215,25449,0,0,PS,990915,18:51:10,18:51:23,13,0:00:00,0:00:00,0,AGENT,18:51:22,18:53:09,107,BENSION
AA0215,25450,0,0,PS,990915,19:07:56,19:08:06,10,0:00:00,0:00:00,0,AGENT,19:08:06,19:09:20,74,TOVA
AA0215,25451,0,0,PS,990915,19:34:47,19:34:56,9,0:00:00,0:00:00,0,AGENT,19:34:55,19:34:58,3,MORIAH
AA0215,25452,0,0,PS,990915,19:54:46,19:55:01,15,0:00:00,0:00:00,0,AGENT,19:55:00,19:56:24,84,BENSION
AA0215,25453,0,0,PS,990915,20:20:07,20:20:21,14,0:00:00,0:00:00,0,AGENT,20:20:20,20:22:54,154,BENSION
AA0215,25454,0,0,PS,990915,20:38:23,20:38:34,11,0:00:00,0:00:00,0,AGENT,20:38:33,20:40:53,140,AVI
AA0215,25455,0,0,PS,990915,20:53:38,20:53:51,13,0:00:00,0:00:00,0,AGENT,20:53:50,20:57:31,221,AVI
AA0215,25456,0,0,PS,990915,21:12:11,21:12:22,11,0:00:00,0:00:00,0,AGENT,21:12:21,21:14:52,151,YITZ
AA0215,25457,13408224,2,PS,990915,21:29:56,21:30:01,5,21:30:01,21:30:35,34,AGENT,21:30:34,21:32:36,122,AVI
AA0215,25458,0,0,PS,990915,21:48:30,21:48:41,11,0:00:00,0:00:00,0,AGENT,21:48:40,21:48:41,1,AVI
AA0215,25459,27456771,1,PS,990915,22:02:50,22:02:56,6,22:02:56,22:03:12,16,AGENT,22:03:11,22:04:00,49,BENSION
AA0215,25460,0,0,PS,990915,22:22:30,22:22:43,13,0:00:00,0:00:00,0,AGENT,22:22:42,22:23:27,45,BENSION
AA0215,25461,0,0,PS,990915,22:54:12,22:54:23,11,0:00:00,0:00:00,0,AGENT,22:54:23,22:55:26,63,AVI
AA0215,25462,0,0,PS,990915,23:26:01,23:26:14,13,0:00:00,0:00:00,0,AGENT,23:26:12,23:26:48,36,BENSION
AA0215,25463,0,0,PS,990916,0:37:24,0:37:40,16,0:00:00,0:00:00,0,HANG,0:00:00,0:00:00,0,NO_SERVER
AA0215,25464,0,0,PS,990916,7:40:30,7:54:36,846,0:00:00,0:00:00,0,AGENT,7:40:39,7:40:55,16,NO_SERVER
AA0215,25465,0,0,NW,990916,8:16:27,8:16:36,9,8:16:36,8:18:32,116,HANG,0:00:00,0:00:00,0,NO_SERVER
AA0215,25466,0,0,PS,990916,8:38:33,8:38:42,9,0:00:00,0:00:00,0,AGENT,8:38:41,8:39:25,44,ZOHARI
AA0215,25467,59179119,2,PS,990916,8:48:09,8:48:15,6,8:48:15,8:48:26,11,AGENT,8:48:25,8:54:53,388,DORIT
AA0215,25468,0,0,PS,990916,8:57:26,8:57:40,14,0:00:00,0:00:00,0,AGENT,8:57:39,8:58:25,46,ANAT
AA0215,25469,23686090,2,PS,990916,9:08:40,9:08:46,6,9:08:46,9:09:12,26,AGENT,9:09:11,9:12:16,185,YIFAT
AA0215,25470,0,0,PS,990916,9:17:52,9:18:03,11,0:00:00,0:00:00,0,AGENT,9:18:02,9:20:42,160,ZOHARI
AA0215,25471,0,0,PS,990916,9:26:41,9:26:50,9,0:00:00,0:00:00,0,AGENT,9:26:49,9:27:45,56,TOVA
AA0215,25472,0,0,PS,990916,9:47:51,9:48:03,12,0:00:00,0:00:00,0,AGENT,9:48:02,9:50:06,124,ZOHARI
AA0215,25473,16686354,2,NE,990916,9:55:43,9:55:49,6,9:55:49,9:56:38,49,AGENT,9:56:36,10:09:51,795,ROTH
AA0215,25474,0,0,PS,990916,10:06:35,10:06:44,9,0:00:00,0:00:00,0,AGENT,10:06:43,10:06:44,1,MORIAH
AA0215,25475,24982563,2,PS,990916,10:16:44,10:16:50,6,10:16:50,10:17:06,16,AGENT,10:17:05,10:18:03,58,KAZAV
AA0215,25476,0,0,NW,990916,10:23:09,10:23:18,9,10:23:18,10:26:11,173,AGENT,10:26:10,10:27:47,97,MORIAH
AA0215,25477,14534705,1,PS,990916,10:30:05,10:30:10,5,10:30:10,10:32:22,132,AGENT,10:32:22,10:32:57,35,KAZAV
AA0215,25478,5871843,2,PS,990916,10:39:07,10:39:13,6,10:39:13,10:39:31,18,AGENT,10:39:29,10:40:58,89,ROTH
AA0215,25479,0,0,PS,990916,10:49:42,10:49:53,11,0:00:00,0:00:00,0,AGENT,10:49:52,10:51:10,78,DORIT
AA0215,25480,0,0,NW,990916,11:06:09,11:06:21,12,0:00:00,0:00:00,0,AGENT,11:06:20,11:06:57,37,ROTH
AA0215,25481,28527489,1,PS,990916,11:17:30,11:17:36,6,11:17:36,11:17:51,15,AGENT,11:17:50,11:20:16,146,MORIAH
AA0215,25482,62517537,1,PS,990916,11:25:40,11:25:46,6,11:25:46,11:26:15,29,AGENT,11:26:14,11:32:45,391,TOVA
AA0215,25483,13799374,2,PS,990916,11:39:40,11:39:46,6,11:39:46,11:40:06,20,AGENT,11:40:06,11:42:47,161,TOVA
AA0215,25484,0,0,PS,990916,11:56:52,11:57:04,12,0:00:00,0:00:00,0,AGENT,11:57:03,11:57:33,30,ANAT
AA0215,25485,0,0,PS,990916,12:03:21,12:03:32,11,0:00:00,0:00:00,0,AGENT,12:03:31,12:04:45,74,DORIT
AA0215,25486,79727962,2,PS,990916,12:15:11,12:15:17,6,12:15:17,12:16:51,94,AGENT,12:16:51,12:16:53,2,TOVA
AA0215,25487,0,0,PS,990916,12:24:28,12:24:37,9,0:00:00,0:00:00,0,AGENT,12:24:36,12:26:37,121,KAZAV
AA0215,25488,0,0,NW,990916,12:39:17,12:39:27,10,12:39:27,12:39:35,8,AGENT,12:39:35,12:40:28,53,GOLDIE
AA0215,25489,25246380,2,PS,990916,12:55:24,12:55:29,5,12:55:29,12:55:44,15,AGENT,12:55:44,13:01:38,354,DORIT
AA0215,25490,0,0,NW,990916,13:05:31,13:05:37,6,0:00:00,0:00:00,0,HANG,0:00:00,0:00:00,0,NO_SERVER
AA0215,25491,22874192,2,PS,990916,13:16:27,13:16:33,6,13:16:33,13:16:48,15,AGENT,13:16:47,13:20:21,214,KAZAV
AA0215,25492,65032120,2,NE,990916,13:26:08,13:26:13,5,13:26:13,13:28:12,119,AGENT,13:28:11,13:28:13,2,MORIAH
AA0215,25493,24927717,1,PS,990916,13:36:42,13:36:47,5,13:36:47,13:37:40,53,AGENT,13:37:38,13:41:07,209,GOLDIE
AA0215,25494,0,0,PS,990916,13:49:13,13:49:22,9,0:00:00,0:00:00,0,AGENT,13:49:21,13:49:23,2,MORIAH
AA0215,25495,53494142,2,PS,990916,14:00:25,14:00:31,6,14:00:31,14:00:38,7,AGENT,14:00:37,14:04:00,203,ROTH
AA0215,25496,27186592,2,PS,990916,14:07:53,14:07:59,6,14:07:59,14:08:58,59,AGENT,14:08:57,14:11:53,176,GOLDIE
AA0215,25497,52120771,1,NE,990916,14:13:57,14:14:03,6,14:14:03,14:16:47,164,AGENT,14:16:47,14:19:44,177,KAZAV
AA0215,25498,24801508,2,PS,990916,14:28:33,14:28:38,5,14:28:38,14:29:21,43,AGENT,14:29:19,14:30:19,60,KAZAV
AA0215,25499,5876156,2,PS,990916,14:37:47,14:37:52,5,14:37:52,14:38:08,16,AGENT,14:38:07,14:39:34,87,KAZAV
AA0215,25500,29530003,2,PS,990916,14:48:43,14:48:48,5,14:48:48,14:49:13,25,HANG,14:49:13,14:51:33,140,NO_SERVER
AA0215,25501,2418036,2,PS,990916,15:02:23,15:02:29,6,15:02:29,15:03:51,82,HANG,0:00:00,0:00:00,0,NO_SERVER
AA0215,25502,0,0,NW,990916,15:09:17,15:09:27,10,15:09:27,15:15:58,391,HANG,0:00:00,0:00:00,0,NO_SERVER
AA0215,25503,16426967,2,PS,990916,15:22:08,15:22:14,6,15:22:14,15:25:17,183,AGENT,15:25:16,15:29:50,274,DORIT
AA0215,25504,25404070,2,PS,990916,15:33:18,15:33:24,6,15:33:24,15:36:26,182,AGENT,15:36:25,15:38:18,113,KAZAV
AA0215,25505,25445974,1,PS,990916,15:42:38,15:42:44,6,15:42:44,15:42:55,11,HANG,0:00:00,0:00:00,0,NO_SERVER
AA0215,25506,0,0,NW,990916,15:51:21,15:51:30,9,15:51:30,15:51:51,21,HANG,0:00:00,0:00:00,0,NO_SERVER
AA0215,25507,22207476,2,NE,990916,15:56:17,15:56:23,6,15:56:23,15:59:38,195,AGENT,15:59:37,16:04:08,271,ELI
AA0215,25508,0,0,PS,990916,16:08:38,16:08:49,11,0:00:00,0:00:00,0,AGENT,16:08:48,16:10:37,109,AVI
AA0215,25509,1574243,2,NE,990916,16:18:15,16:18:21,6,16:18:21,16:19:34,73,AGENT,16:19:33,16:21:41,128,STEREN
AA0215,25510,0,0,NW,990916,16:35:25,16:35:34,9,16:35:34,16:36:08,34,HANG,0:00:00,0:00:00,0,NO_SERVER
AA0215,25511,14414726,2,PS,990916,16:44:54,16:45:01,7,16:45:01,16:45:12,11,HANG,0:00:00,0:00:00,0,NO_SERVER
AA0215,25512,0,0,NW,990916,16:56:31,16:56:40,9,16:56:40,16:57:05,25,HANG,0:00:00,0:00:00,0,NO_SERVER
AA0215,25513,0,0,PS,990916,17:10:52,17:11:01,9,0:00:00,0:00:00,0,AGENT,17:11:00,17:11:42,42,GILI
AA0215,25514,41435991,2,PS,990916,17:23:37,17:23:42,5,17:23:42,17:25:04,82,AGENT,17:25:03,17:27:31,148,GILI
AA0215,25515,0,0,NW,990916,17:45:56,17:46:09,13,0:00:00,0:00:00,0,AGENT,17:46:08,17:46:37,29,AVI
AA0215,25516,0,0,NW,990916,18:09:03,18:09:13,10,18:09:13,18:09:28,15,AGENT,18:09:27,18:10:50,83,STEREN
AA0215,25517,62333810,1,PS,990916,18:28:29,18:28:35,6,18:28:35,18:29:56,81,AGENT,18:29:55,18:34:21,266,VICKY
AA0215,25518,0,0,PS,990916,18:56:33,18:56:43,10,0:00:00,0:00:00,0,AGENT,18:56:42,18:59:35,173,GILI
AA0215,25519,0,0,PS,990916,19:15:44,19:15:55,11,0:00:00,0:00:00,0,AGENT,19:15:54,19:17:12,78,AVI
AA0215,25520,0,0,NW,990916,19:31:05,19:31:14,9,19:31:14,19:34:18,184,AGENT,19:34:17,19:34:26,9,VICKY
AA0215,25521,0,0,PS,990916,20:02:45,20:02:59,14,0:00:00,0:00:00,0,AGENT,20:02:58,20:06:53,235,GILI
AA0215,25522,0,0,PS,990916,20:35:22,20:35:32,10,0:00:00,0:00:00,0,AGENT,20:35:31,20:35:35,4,NO_SERVER
AA0215,25523,0,0,PS,990916,21:04:52,21:05:04,12,0:00:00,0:00:00,0,AGENT,21:05:03,21:05:49,46,MEIR
AA0215,25524,0,0,PS,990916,21:43:19,21:43:31,12,0:00:00,0:00:00,0,AGENT,21:43:30,21:45:32,122,MEIR
AA0215,25525,40716193,1,NE,990916,22:04:28,22:04:34,6,22:04:34,22:08:29,235,HANG,0:00:00,0:00:00,0,NO_SERVER
AA0215,25526,27133917,2,PS,990916,22:25:44,22:25:50,6,22:25:50,22:26:26,36,AGENT,22:26:26,22:28:34,128,GELBER
AA0215,25527,22373096,2,PS,990916,22:58:31,22:58:36,5,22:58:36,22:58:44,8,AGENT,22:58:44,22:59:58,74,GELBER
AA0215,25528,221148802,2,PS,990916,23:30:05,23:30:11,6,23:30:11,23:30:36,25,AGENT,23:30:35,23:31:21,46,VICKY
AA0215,25529,0,0,PS,990917,1:22:25,1:22:49,24,0:00:00,0:00:00,0,HANG,0:00:00,0:00:00,0,NO_SERVER
AA0215,25530,0,0,PS,990917,7:28:54,7:29:04,10,0:00:00,0:00:00,0,AGENT,7:29:03,7:32:22,199,MORIAH
AA0215,25531,0,0,PS,990917,8:07:01,8:07:10,9,0:00:00,0:00:00,0,AGENT,8:07:10,8:10:35,205,MORIAH
AA0215,25532,55711915,2,PS,990917,8:22:01,8:22:07,6,8:22:07,8:22:44,37,HANG,0:00:00,0:00:00,0,NO_SERVER
AA0215,25533,0,0,PS,990917,8:43:07,8:43:16,9,0:00:00,0:00:00,0,AGENT,8:43:15,8:49:03,348,SHARON
AA0215,25534,59859413,1,PS,990917,8:50:52,8:50:58,6,8:50:58,8:54:20,202,HANG,0:00:00,0:00:00,0,NO_SERVER
AA0215,25535,0,0,NW,990917,9:06:25,9:06:37,12,0:00:00,0:00:00,0,AGENT,9:06:36,9:09:49,193,MORIAH
AA0215,25536,54228200,2,PS,990917,9:21:53,9:21:58,5,9:21:58,9:23:30,92,AGENT,9:23:30,9:25:44,134,BENSION
AA0215,25537,0,0,NE,990917,9:38:08,9:38:21,13,0:00:00,0:00:00,0,AGENT,9:38:19,9:38:20,1,BENSION
AA0215,25538,51920239,1,PS,990917,9:48:15,9:48:20,5,9:48:20,9:51:01,161,AGENT,9:51:00,9:53:46,166,STEREN
AA0215,25539,27435759,1,PS,990917,10:02:53,10:02:59,6,10:02:59,10:05:20,141,AGENT,10:05:19,10:06:10,51,BENSION
AA0215,25540,0,0,PS,990917,10:09:50,10:10:07,17,0:00:00,0:00:00,0,HANG,0:00:00,0:00:00,0,NO_SERVER
AA0215,25541,0,0,PS,990917,10:25:04,10:25:20,16,0:00:00,0:00:00,0,AGENT,10:25:20,10:25:24,4,NO_SERVER
AA0215,25542,0,0,PS,990917,10:43:11,10:43:22,11,0:00:00,0:00:00,0,AGENT,10:43:22,10:45:17,115,BENSION
AA0215,25543,31470065,1,NW,990917,11:02:10,11:02:14,4,11:02:14,11:02:20,6,HANG,0:00:00,0:00:00,0,NO_SERVER
AA0215,25544,9682923,2,PS,990917,11:18:34,11:18:39,5,11:18:39,11:19:31,52,AGENT,11:19:29,11:21:08,99,SHARON
AA0215,25545,0,0,NE,990917,11:35:00,11:35:08,8,0:00:00,0:00:00,0,AGENT,11:35:07,11:36:02,55,STEREN
AA0215,25546,0,0,PS,990917,11:54:52,11:55:01,9,0:00:00,0:00:00,0,AGENT,11:55:01,12:03:01,480,MORIAH
AA0215,25547,0,0,PS,990917,12:22:09,12:22:19,10,0:00:00,0:00:00,0,AGENT,12:22:18,12:26:28,250,STEREN
AA0215,25548,0,0,PS,990917,12:41:39,12:41:49,10,0:00:00,0:00:00,0,AGENT,12:41:49,12:44:49,180,MORIAH
AA0215,25549,0,0,NW,990917,13:12:23,13:12:32,9,0:00:00,0:00:00,0,AGENT,13:12:34,13:12:37,3,NO_SERVER
AA0215,25550,0,0,PS,990917,13:44:20,13:44:29,9,0:00:00,0:00:00,0,AGENT,13:44:28,13:45:58,90,STEREN
AA0215,25551,0,0,PS,990917,14:33:33,14:33:47,14,0:00:00,0:00:00,0,HANG,0:00:00,0:00:00,0,NO_SERVER
AA0215,25552,0,0,PS,990917,15:44:19,15:44:34,15,0:00:00,0:00:00,0,HANG,0:00:00,0:00:00,0,NO_SERVER
AA0215,25553,0,0,NW,990918,9:38:00,9:38:05,5,0:00:00,0:00:00,0,HANG,0:00:00,0:00:00,0,NO_SERVER
AA0215,25554,0,0,PS,990918,19:27:05,19:27:15,10,0:00:00,0:00:00,0,HANG,0:00:00,0:00:00,0,NO_SERVER
AA0215,25555,0,0,PS,990918,20:13:09,20:13:26,17,0:00:00,0:00:00,0,AGENT,20:13:25,20:14:35,70,AVI
AA0215,25556,0,0,NW,990918,20:41:31,20:41:40,9,20:41:40,20:41:53,13,HANG,0:00:00,0:00:00,0,NO_SERVER
AA0215,25557,0,0,PS,990918,21:12:04,21:12:15,11,0:00:00,0:00:00,0,AGENT,21:12:14,21:13:01,47,ROTH
AA0215,25558,0,0,PS,990918,21:59:08,21:59:18,10,0:00:00,0:00:00,0,AGENT,21:59:16,22:01:28,132,ROTH
AA0215,25559,0,0,PS,990918,22:35:56,22:36:11,15,0:00:00,0:00:00,0,AGENT,22:36:11,22:37:01,50,SHARON
AA0215,25560,0,0,PS,990918,23:48:18,23:48:31,13,0:00:00,0:00:00,0,AGENT,23:48:30,23:51:52,202,AVI
AA0215,25561,0,0,NE,990919,7:12:18,7:12:27,9,0:00:00,0:00:00,0,AGENT,7:12:32,7:12:36,4,NO_SERVER
AA0215,25562,0,0,PS,990919,7:48:03,7:48:20,17,0:00:00,0:00:00,0,AGENT,7:48:19,7:51:51,212,ANAT
AA0215,25563,0,0,PS,990919,8:07:11,8:07:20,9,0:00:00,0:00:00,0,AGENT,8:07:19,8:09:40,141,MORIAH
AA0215,25564,0,0,PS,990919,8:26:07,8:26:22,15,0:00:00,0:00:00,0,AGENT,8:26:21,8:27:12,51,TOVA
AA0215,25565,29322047,2,PS,990919,8:38:21,8:38:26,5,8:38:26,8:38:52,26,AGENT,8:38:51,8:42:32,221,SHARON
AA0215,25566,0,0,NW,990919,8:49:28,8:49:41,13,0:00:00,0:00:00,0,AGENT,8:49:40,8:50:43,63,AVNI
AA0215,25567,23908601,1,PS,990919,8:55:36,8:55:41,5,8:55:41,8:55:49,8,AGENT,8:55:47,8:56:32,45,SHARON
AA0215,25568,0,0,PS,990919,9:12:52,9:13:02,10,0:00:00,0:00:00,0,AGENT,9:13:02,9:13:51,49,TOVA
AA0215,25569,0,0,PS,990919,9:30:34,9:30:44,10,0:00:00,0:00:00,0,AGENT,9:30:44,9:31:55,71,MORIAH
AA0215,25570,0,0,PS,990919,9:46:02,9:46:11,9,0:00:00,0:00:00,0,AGENT,9:46:10,9:47:26,76,AVNI
AA0215,25571,0,0,PS,990919,10:06:37,10:06:47,10,0:00:00,0:00:00,0,AGENT,10:06:46,10:07:39,53,GILI
AA0215,25572,0,0,PS,990919,10:34:43,10:34:53,10,0:00:00,0:00:00,0,AGENT,10:34:52,10:43:50,538,AVNI
AA0215,25573,0,0,PS,990919,11:02:56,11:03:05,9,0:00:00,0:00:00,0,AGENT,11:03:04,11:04:19,75,AVNI
AA0215,25574,0,0,PS,990919,11:37:49,11:38:26,37,0:00:00,0:00:00,0,HANG,0:00:00,0:00:00,0,NO_SERVER
AA0215,25575,0,0,NW,990920,17:08:09,17:08:49,40,0:00:00,0:00:00,0,HANG,0:00:00,0:00:00,0,NO_SERVER
AA0215,25576,0,0,PS,990920,20:46:18,20:46:32,14,0:00:00,0:00:00,0,HANG,0:00:00,0:00:00,0,NO_SERVER
AA0215,25577,67158097,2,PS,990920,21:27:33,21:27:38,5,21:27:38,21:28:19,41,AGENT,21:28:18,21:29:38,80,DORIT
AA0215,25578,0,0,PS,990920,21:52:04,21:52:14,10,0:00:00,0:00:00,0,AGENT,21:52:13,21:52:55,42,DORIT
AA0215,25579,0,0,NE,990920,22:23:57,22:24:06,9,0:00:00,0:00:00,0,AGENT,22:24:05,22:24:27,22,ZOHARI
AA0215,25580,0,0,PS,990920,22:52:27,22:52:35,8,0:00:00,0:00:00,0,AGENT,22:52:35,22:54:01,86,DORIT
AA0215,25581,24213142,1,PS,990920,23:26:18,23:26:24,6,23:26:24,23:29:47,203,AGENT,23:29:46,23:30:54,68,SHARON
AA0215,25582,0,0,PS,990921,2:32:02,2:32:22,20,0:00:00,0:00:00,0,HANG,0:00:00,0:00:00,0,NO_SERVER
AA0215,25583,0,0,PS,990921,6:46:20,6:46:36,16,0:00:00,0:00:00,0,HANG,0:00:00,0:00:00,0,NO_SERVER
AA0215,25584,0,0,NW,990921,7:26:15,7:26:24,9,7:26:24,7:26:46,22,AGENT,7:26:45,7:26:45,0,AVI
AA0215,25585,0,0,PS,990921,7:49:36,7:49:47,11,0:00:00,0:00:00,0,AGENT,7:49:46,7:51:00,74,YIFAT
AA0215,25586,0,0,PS,990921,8:05:54,8:06:04,10,0:00:00,0:00:00,0,AGENT,8:06:03,8:06:43,40,ANAT
AA0215,25587,0,0,PS,990921,8:25:01,8:25:11,10,0:00:00,0:00:00,0,AGENT,8:25:10,8:26:29,79,AVI
AA0215,25588,0,0,PS,990921,8:40:46,8:40:57,11,0:00:00,0:00:00,0,AGENT,8:40:56,8:41:39,43,DORIT
AA0215,25589,0,0,PS,990921,8:49:43,8:49:52,9,0:00:00,0:00:00,0,AGENT,8:49:52,8:50:54,62,KAZAV
AA0215,25590,0,0,PS,990921,9:04:35,9:04:45,10,0:00:00,0:00:00,0,AGENT,9:04:44,9:08:16,212,DORIT
AA0215,25591,0,0,PS,990921,9:17:20,9:17:33,13,0:00:00,0:00:00,0,AGENT,9:17:33,9:18:02,29,ANAT
AA0215,25592,0,0,PS,990921,9:26:37,9:26:46,9,0:00:00,0:00:00,0,AGENT,9:26:46,9:27:57,71,ANAT
AA0215,25593,8501587,2,PS,990921,9:37:10,9:37:16,6,9:37:16,9:37:38,22,PHANTOM,9:37:37,9:37:42,5,NO_SERVER
AA0215,25594,0,0,NW,990921,9:46:42,9:46:51,9,9:46:51,9:47:42,51,AGENT,9:47:41,9:48:48,67,AVNI
AA0215,25595,71520779,1,PS,990921,9:52:40,9:52:45,5,9:52:45,9:53:05,20,AGENT,9:53:04,9:53:11,7,ROTH
AA0215,25596,0,0,PS,990921,9:58:18,9:59:56,98,0:00:00,0:00:00,0,HANG,0:00:00,0:00:00,0,NO_SERVER
AA0215,25597,24851511,2,PS,990921,10:07:38,10:07:44,6,10:07:44,10:08:30,46,AGENT,10:08:30,10:12:26,236,DORIT
AA0215,25598,55532865,1,PS,990921,10:14:54,10:15:00,6,10:15:00,10:15:20,20,AGENT,10:15:18,10:16:39,81,ANAT
AA0215,25599,27885011,2,PS,990921,10:20:57,10:21:03,6,10:21:03,10:21:14,11,AGENT,10:21:14,10:21:20,6,MORIAH
AA0215,25600,305874885,1,PS,990921,10:27:09,10:27:15,6,10:27:15,10:28:41,86,AGENT,10:28:40,10:34:46,366,ANAT
AA0215,25601,65396723,1,PS,990921,10:36:59,10:37:05,6,10:37:05,10:37:34,29,AGENT,10:37:33,10:38:48,75,ROTH
AA0215,25602,0,0,PS,990921,10:44:54,10:45:16,22,0:00:00,0:00:00,0,HANG,0:00:00,0:00:00,0,NO_SERVER
AA0215,25603,0,0,PS,990921,10:45:43,10:45:55,12,0:00:00,0:00:00,0,AGENT,10:45:55,10:45:58,3,NO_SERVER
AA0215,25604,58234527,1,PS,990921,10:54:36,10:54:41,5,10:54:41,10:54:54,13,AGENT,10:54:53,10:55:35,42,MORIAH
AA0215,25605,28934537,1,PS,990921,10:59:34,10:59:40,6,10:59:40,11:00:37,57,AGENT,11:00:36,11:01:28,52,ANAT
AA0215,25606,11041316,1,PS,990921,11:08:54,11:08:59,5,11:08:59,11:11:34,155,AGENT,11:11:34,11:12:47,73,BASCH
AA0215,25607,0,0,PS,990921,11:16:10,11:16:14,4,0:00:00,0:00:00,0,HANG,0:00:00,0:00:00,0,NO_SERVER
AA0215,25608,29566940,1,PS,990921,11:24:02,11:24:08,6,11:24:08,11:24:38,30,AGENT,11:24:37,11:26:34,117,BASCH
AA0215,25609,0,0,PS,990921,11:25:09,11:25:47,38,0:00:00,0:00:00,0,HANG,0:00:00,0:00:00,0,NO_SERVER
AA0215,25610,0,0,PS,990921,11:39:32,11:39:41,9,0:00:00,0:00:00,0,AGENT,11:39:40,11:41:45,125,ROTH
AA0215,25611,44276616,2,PS,990921,11:48:18,11:48:23,5,11:48:23,11:49:58,95,AGENT,11:49:58,11:52:05,127,ANAT
AA0215,25612,0,0,PS,990921,11:59:48,12:00:01,13,0:00:00,0:00:00,0,AGENT,12:00:00,12:00:53,53,DORIT
AA0215,25613,0,0,PS,990921,12:10:26,12:10:40,14,0:00:00,0:00:00,0,AGENT,12:10:39,12:14:42,243,BASCH
AA0215,25614,0,0,PS,990921,12:25:17,12:25:28,11,0:00:00,0:00:00,0,AGENT,12:25:27,12:27:12,105,MORIAH
AA0215,25615,0,0,PS,990921,12:33:41,12:33:50,9,0:00:00,0:00:00,0,AGENT,12:33:49,12:34:17,28,MORIAH
AA0215,25616,0,0,NE,990921,12:47:59,12:48:09,10,0:00:00,0:00:00,0,AGENT,12:48:08,12:54:31,383,KAZAV
AA0215,25617,0,0,PS,990921,13:05:24,13:05:34,10,0:00:00,0:00:00,0,AGENT,13:05:33,13:08:12,159,KAZAV
AA0215,25618,0,0,PS,990921,13:13:32,13:13:43,11,0:00:00,0:00:00,0,AGENT,13:13:43,13:16:19,156,BASCH
AA0215,25619,0,0,PS,990921,13:29:08,13:29:16,8,0:00:00,0:00:00,0,AGENT,13:29:16,13:33:53,277,YIFAT
AA0215,25620,0,0,NE,990921,13:38:39,13:38:49,10,0:00:00,0:00:00,0,AGENT,13:38:49,13:41:53,184,ANAT
AA0215,25621,0,0,NW,990921,13:45:43,13:45:53,10,13:45:53,13:48:30,157,HANG,0:00:00,0:00:00,0,NO_SERVER
AA0215,25622,0,0,NW,990921,13:56:10,13:56:19,9,13:56:19,13:58:07,108,HANG,0:00:00,0:00:00,0,NO_SERVER
AA0215,25623,38233367,1,PS,990921,14:06:36,14:06:41,5,14:06:41,14:07:33,52,AGENT,14:07:32,14:07:43,11,NO_SERVER
AA0215,25624,0,0,PS,990921,14:19:16,14:19:25,9,0:00:00,0:00:00,0,AGENT,14:19:24,14:20:53,89,ROTH
AA0215,25625,0,0,NE,990921,14:33:38,14:33:49,11,0:00:00,0:00:00,0,AGENT,14:33:48,14:39:20,332,TOVA
AA0215,25626,0,0,NW,990921,14:45:54,14:45:56,2,0:00:00,0:00:00,0,HANG,0:00:00,0:00:00,0,NO_SERVER
AA0215,25627,29070612,1,PS,990921,14:58:42,14:58:47,5,14:58:47,14:59:04,17,AGENT,14:59:03,14:59:05,2,TOVA
AA0215,25628,48820351,2,NE,990921,15:10:13,15:10:18,5,15:10:18,15:10:37,19,AGENT,15:10:36,15:10:37,1,VICKY
AA0215,25629,0,0,NE,990921,15:18:11,15:18:34,23,0:00:00,0:00:00,0,HANG,0:00:00,0:00:00,0,NO_SERVER
AA0215,25630,41546904,2,NE,990921,15:28:28,15:28:34,6,15:28:34,15:28:59,25,AGENT,15:28:58,15:37:27,509,ELI
AA0215,25631,54997085,2,PS,990921,15:35:42,15:35:48,6,15:35:48,15:36:00,12,AGENT,15:35:59,15:37:43,104,AVNI
AA0215,25632,0,0,NW,990921,15:46:49,15:46:58,9,15:46:58,15:48:57,119,AGENT,15:48:57,15:49:47,50,ROTH
AA0215,25633,0,0,NW,990921,15:58:27,15:58:36,9,15:58:36,15:59:53,77,AGENT,15:59:52,16:02:17,145,GOLDIE
AA0215,25634,27180025,1,PS,990921,16:06:55,16:07:00,5,16:07:00,16:07:27,27,HANG,0:00:00,0:00:00,0,NO_SERVER
AA0215,25635,0,0,PS,990921,16:19:07,16:19:17,10,0:00:00,0:00:00,0,AGENT,16:19:16,16:20:50,94,GOLDIE
AA0215,25636,0,0,PS,990921,16:30:14,16:30:28,14,0:00:00,0:00:00,0,AGENT,16:30:28,16:32:14,106,BENSION
AA0215,25637,0,0,NW,990921,16:40:08,16:40:26,18,0:00:00,0:00:00,0,AGENT,16:40:25,16:42:05,100,VICKY
AA0215,25638,0,0,PS,990921,17:00:21,17:00:31,10,0:00:00,0:00:00,0,AGENT,17:00:30,17:06:00,330,BENSION
AA0215,25639,0,0,PS,990921,17:14:17,17:14:30,13,0:00:00,0:00:00,0,AGENT,17:14:29,17:16:11,102,BENSION
AA0215,25640,0,0,PS,990921,17:33:01,17:33:11,10,0:00:00,0:00:00,0,AGENT,17:33:11,17:35:29,138,ZOHARI
AA0215,25641,0,0,NW,990921,17:55:09,17:55:24,15,0:00:00,0:00:00,0,AGENT,17:55:23,17:56:55,92,BENSION
AA0215,25642,0,0,PS,990921,18:11:09,18:11:20,11,0:00:00,0:00:00,0,AGENT,18:11:19,18:17:46,387,TOVA
AA0215,25643,0,0,PS,990921,18:29:26,18:29:35,9,0:00:00,0:00:00,0,AGENT,18:29:34,18:31:24,110,YITZ
AA0215,25644,0,0,NE,990921,18:51:34,18:51:45,11,0:00:00,0:00:00,0,AGENT,18:51:45,19:01:27,582,ZOHARI
AA0215,25645,25766379,2,PS,990921,19:11:45,19:11:51,6,19:11:51,19:12:32,41,HANG,0:00:00,0:00:00,0,NO_SERVER
AA0215,25646,38460663,1,PS,990921,19:39:48,19:39:54,6,19:39:54,19:42:09,135,AGENT,19:42:08,19:44:01,113,GOLDIE
AA0215,25647,0,0,PS,990921,19:44:56,19:45:33,37,0:00:00,0:00:00,0,HANG,0:00:00,0:00:00,0,NO_SERVER
AA0215,25648,0,0,PS,990921,20:08:17,20:08:28,11,0:00:00,0:00:00,0,AGENT,20:08:27,20:09:11,44,VICKY
AA0215,25649,0,0,PS,990921,20:32:40,20:32:49,9,0:00:00,0:00:00,0,AGENT,20:32:48,20:34:22,94,TOVA
AA0215,25650,0,0,PS,990921,20:52:17,20:52:31,14,0:00:00,0:00:00,0,AGENT,20:52:30,20:54:24,114,GOLDIE
AA0215,25651,1574243,2,NE,990921,21:09:57,21:10:02,5,21:10:02,21:10:48,46,AGENT,21:10:47,21:12:46,119,STEREN
AA0215,25652,0,0,PS,990921,21:26:37,21:26:48,11,0:00:00,0:00:00,0,AGENT,21:26:47,21:27:59,72,BENSION
AA0215,25653,0,0,PS,990921,21:48:27,21:48:42,15,0:00:00,0:00:00,0,AGENT,21:48:40,21:50:29,109,BENSION
AA0215,25654,0,0,PS,990921,22:14:19,22:14:34,15,0:00:00,0:00:00,0,AGENT,22:14:33,22:17:19,166,ZOHARI
AA0215,25655,0,0,PS,990921,22:31:21,22:31:31,10,0:00:00,0:00:00,0,AGENT,22:31:30,22:32:53,83,GILI
AA0215,25656,0,0,PS,990921,23:00:57,23:01:12,15,0:00:00,0:00:00,0,AGENT,23:01:12,23:02:08,56,BENSION
AA0215,25657,0,0,PS,990921,23:25:27,23:25:37,10,0:00:00,0:00:00,0,AGENT,23:25:36,23:40:15,879,YITZ
AA0215,25658,0,0,PS,990922,0:22:11,0:22:29,18,0:00:00,0:00:00,0,HANG,0:00:00,0:00:00,0,NO_SERVER
AA0215,25659,0,0,PS,990922,7:13:39,7:13:53,14,0:00:00,0:00:00,0,AGENT,7:13:53,7:15:58,125,GOLDIE
AA0215,25660,0,0,PS,990922,7:42:31,7:42:42,11,0:00:00,0:00:00,0,AGENT,7:42:41,7:42:51,10,ZOHARI
AA0215,25661,0,0,PS,990922,8:00:56,8:01:06,10,0:00:00,0:00:00,0,AGENT,8:01:05,8:02:06,61,GOLDIE
AA0215,25662,0,0,NE,990922,8:19:48,8:20:00,12,0:00:00,0:00:00,0,AGENT,8:19:59,8:28:14,495,ELI
AA0215,25663,0,0,NW,990922,8:31:59,8:32:08,9,8:32:08,8:32:53,45,AGENT,8:32:51,8:33:48,57,GOLDIE
AA0215,25664,0,0,NE,990922,8:46:24,8:46:36,12,0:00:00,0:00:00,0,AGENT,8:46:35,8:53:36,421,ELI
AA0215,25665,0,0,PS,990922,8:57:17,8:57:26,9,0:00:00,0:00:00,0,AGENT,8:57:25,8:59:03,98,GOLDIE
AA0215,25666,69687275,2,NE,990922,9:06:04,9:06:10,6,9:06:10,9:06:21,11,AGENT,9:06:20,9:09:12,172,VICKY
AA0215,25667,0,0,NE,990922,9:07:27,9:07:33,6,0:00:00,0:00:00,0,HANG,0:00:00,0:00:00,0,NO_SERVER
AA0215,25668,50291475,2,PS,990922,9:14:39,9:14:45,6,9:14:45,9:16:09,84,PHANTOM,9:16:08,9:16:11,3,NO_SERVER
AA0215,25669,0,0,PS,990922,9:23:09,9:26:35,206,0:00:00,0:00:00,0,HANG,0:00:00,0:00:00,0,NO_SERVER
AA0215,25670,0,0,PS,990922,9:40:17,9:40:30,13,0:00:00,0:00:00,0,AGENT,9:40:29,9:42:14,105,GOLDIE
AA0215,25671,69687275,2,PS,990922,9:47:44,9:47:49,5,9:47:49,9:48:22,33,AGENT,9:48:20,9:50:18,118,ZOHARI
AA0215,25672,0,0,NE,990922,9:56:13,9:56:25,12,0:00:00,0:00:00,0,AGENT,9:56:23,10:00:13,230,ZOHARI
AA0215,25673,0,0,PS,990922,10:05:44,10:05:53,9,0:00:00,0:00:00,0,AGENT,10:05:52,10:06:41,49,ROTH
AA0215,25674,22102693,2,PS,990922,10:13:52,10:13:57,5,10:13:57,10:14:23,26,AGENT,10:14:22,10:15:48,86,AVNI
AA0215,25675,0,0,PS,990922,10:22:35,10:22:44,9,0:00:00,0:00:00,0,AGENT,10:22:44,10:28:30,346,TOVA
AA0215,25676,306948266,2,PS,990922,10:29:42,10:29:47,5,10:29:47,10:29:54,7,AGENT,10:29:53,10:33:13,200,TOVA
AA0215,25677,4312914,2,PS,990922,10:35:04,10:35:10,6,10:35:10,10:35:19,9,AGENT,10:35:19,10:36:22,63,GOLDIE
AA0215,25678,0,0,PS,990922,10:43:31,10:43:44,13,0:00:00,0:00:00,0,AGENT,10:43:43,10:45:34,111,VICKY
AA0215,25679,0,0,PS,990922,10:47:41,10:48:18,37,0:00:00,0:00:00,0,HANG,0:00:00,0:00:00,0,NO_SERVER
AA0215,25680,0,0,PS,990922,10:49:06,10:49:21,15,0:00:00,0:00:00,0,AGENT,10:49:20,10:49:27,7,NO_SERVER
AA0215,25681,0,0,NW,990922,10:56:08,10:56:20,12,0:00:00,0:00:00,0,AGENT,10:56:20,10:56:49,29,STEREN
AA0215,25682,25329491,2,PS,990922,11:03:47,11:03:53,6,11:03:53,11:04:47,54,AGENT,11:04:46,11:04:47,1,YIFAT
AA0215,25683,25497082,1,PS,990922,11:11:20,11:11:26,6,11:11:26,11:11:35,9,AGENT,11:11:33,11:12:46,73,KAZAV
AA0215,25684,23671415,1,PS,990922,11:20:35,11:20:40,5,11:20:40,11:22:58,138,AGENT,11:22:57,11:28:24,327,AVNI
AA0215,25685,69100527,2,PS,990922,11:27:45,11:27:50,5,11:27:50,11:30:28,158,AGENT,11:30:27,11:37:32,425,AVNI
AA0215,25686,55040133,1,PS,990922,11:37:21,11:37:27,6,11:37:27,11:38:40,73,AGENT,11:38:39,11:45:41,422,YIFAT
AA0215,25687,25546482,2,PS,990922,11:47:11,11:47:17,6,11:47:17,11:47:49,32,HANG,0:00:00,0:00:00,0,NO_SERVER
AA0215,25688,0,0,PS,990922,11:55:09,11:55:19,10,0:00:00,0:00:00,0,AGENT,11:55:17,11:56:57,100,TOVA
AA0215,25689,0,0,PS,990922,12:06:31,12:06:39,8,0:00:00,0:00:00,0,AGENT,12:06:38,12:07:54,76,STEREN
AA0215,25690,0,0,PS,990922,12:16:57,12:17:06,9,0:00:00,0:00:00,0,AGENT,12:17:06,12:23:17,371,GOLDIE
AA0215,25691,33140211,1,PS,990922,12:29:36,12:29:42,6,12:29:42,12:29:46,4,AGENT,12:29:45,12:31:24,99,KAZAV
AA0215,25692,0,0,PS,990922,12:44:25,12:44:34,9,0:00:00,0:00:00,0,AGENT,12:44:33,12:46:05,92,ROTH
AA0215,25693,0,0,PS,990922,12:58:46,12:58:56,10,0:00:00,0:00:00,0,AGENT,12:58:55,13:00:36,101,YIFAT
AA0215,25694,0,0,NW,990922,13:12:31,13:12:40,9,13:12:40,13:12:48,8,AGENT,13:12:47,13:13:51,64,STEREN
AA0215,25695,0,0,PS,990922,13:26:51,13:27:00,9,0:00:00,0:00:00,0,AGENT,13:27:00,13:29:47,167,AVNI
AA0215,25696,11842234,2,PE,990922,13:42:36,13:42:40,4,13:42:40,13:44:40,120,AGENT,13:44:39,13:46:10,91,VICKY
AA0215,25697,0,0,PS,990922,13:57:32,13:57:42,10,0:00:00,0:00:00,0,AGENT,13:57:41,13:59:32,111,KAZAV
AA0215,25698,0,0,PS,990922,14:13:33,14:13:42,9,0:00:00,0:00:00,0,AGENT,14:13:42,14:16:59,197,ZOHARI
AA0215,25699,0,0,PS,990922,14:26:24,14:26:35,11,0:00:00,0:00:00,0,AGENT,14:26:34,14:27:57,83,DORIT
AA0215,25700,0,0,PS,990922,14:42:10,14:42:19,9,0:00:00,0:00:00,0,AGENT,14:42:18,14:43:02,44,ROTH
AA0215,25701,0,0,PS,990922,14:52:51,14:53:00,9,0:00:00,0:00:00,0,AGENT,14:52:59,14:54:41,102,ROTH
AA0215,25702,0,0,NW,990922,15:02:42,15:02:51,9,15:02:51,15:04:19,88,HANG,0:00:00,0:00:00,0,NO_SERVER
AA0215,25703,0,0,PS,990922,15:15:57,15:16:07,10,0:00:00,0:00:00,0,AGENT,15:16:05,15:21:19,314,BASCH
AA0215,25704,0,0,PS,990922,15:20:56,15:21:15,19,0:00:00,0:00:00,0,HANG,0:00:00,0:00:00,0,NO_SERVER
AA0215,25705,0,0,PS,990922,15:30:51,15:31:02,11,0:00:00,0:00:00,0,AGENT,15:31:01,15:34:03,182,YITZ
AA0215,25706,0,0,NW,990922,15:37:40,15:37:54,14,0:00:00,0:00:00,0,AGENT,15:37:53,15:41:56,243,MORIAH
AA0215,25707,0,0,PS,990922,15:48:40,15:48:58,18,0:00:00,0:00:00,0,AGENT,15:48:58,15:57:54,536,DORIT
AA0215,25708,0,0,PS,990922,16:11:34,16:11:44,10,0:00:00,0:00:00,0,AGENT,16:11:43,16:13:04,81,STEREN
AA0215,25709,0,0,PS,990922,16:21:27,16:21:41,14,0:00:00,0:00:00,0,AGENT,16:21:40,16:24:59,199,AVI
AA0215,25710,0,0,PS,990922,16:30:35,16:30:44,9,0:00:00,0:00:00,0,AGENT,16:30:43,16:31:37,54,BENSION
AA0215,25711,0,0,PS,990922,16:50:16,16:50:31,15,0:00:00,0:00:00,0,AGENT,16:50:30,16:53:16,166,YITZ
AA0215,25712,57831356,2,NE,990922,17:00:09,17:00:15,6,17:00:15,17:00:26,11,AGENT,17:00:24,17:01:15,51,SHARON
AA0215,25713,0,0,PS,990922,17:17:59,17:18:09,10,0:00:00,0:00:00,0,AGENT,17:18:08,17:19:28,80,MORIAH
AA0215,25714,0,0,PS,990922,17:43:07,17:43:22,15,0:00:00,0:00:00,0,AGENT,17:43:21,17:44:15,54,ANAT
AA0215,25715,0,0,PS,990922,18:03:14,18:03:26,12,0:00:00,0:00:00,0,AGENT,18:03:25,18:07:43,258,BASCH
AA0215,25716,0,0,PS,990922,18:21:49,18:22:02,13,0:00:00,0:00:00,0,AGENT,18:22:01,18:23:39,98,ANAT
AA0215,25717,0,0,PS,990922,18:38:43,18:38:53,10,0:00:00,0:00:00,0,AGENT,18:38:53,18:39:45,52,SHARON
AA0215,25718,0,0,NW,990922,19:08:23,19:08:40,17,0:00:00,0:00:00,0,AGENT,19:08:39,19:09:05,26,ANAT
AA0215,25719,0,0,PS,990922,19:33:20,19:33:31,11,0:00:00,0:00:00,0,AGENT,19:33:30,19:35:11,101,GILI
AA0215,25720,0,0,PS,990922,19:53:08,19:53:17,9,0:00:00,0:00:00,0,AGENT,19:53:16,19:53:51,35,BASCH
AA0215,25721,0,0,PS,990922,20:23:53,20:24:06,13,0:00:00,0:00:00,0,AGENT,20:24:06,20:24:50,44,BASCH
AA0215,25722,0,0,PS,990922,20:49:19,20:49:28,9,0:00:00,0:00:00,0,AGENT,20:49:27,20:51:17,110,DORIT
AA0215,25723,0,0,PS,990922,21:17:16,21:17:26,10,0:00:00,0:00:00,0,AGENT,21:17:25,21:18:17,52,BENSION
AA0215,25724,0,0,NE,990922,21:41:19,21:41:32,13,0:00:00,0:00:00,0,AGENT,21:41:31,21:42:06,35,MEIR
AA0215,25725,0,0,PS,990922,22:09:01,22:09:09,8,0:00:00,0:00:00,0,AGENT,22:09:09,22:09:37,28,GILI
AA0215,25726,0,0,PS,990922,22:35:00,22:35:08,8,0:00:00,0:00:00,0,AGENT,22:35:07,22:36:03,56,GILI
AA0215,25727,0,0,PS,990922,23:16:11,23:16:22,11,0:00:00,0:00:00,0,AGENT,23:16:22,23:18:35,133,AVI
AA0215,25728,0,0,PS,990922,23:58:35,23:58:48,13,0:00:00,0:00:00,0,AGENT,23:58:47,23:59:27,40,BENSION
AA0215,25729,0,0,PS,990923,7:09:05,7:09:14,9,0:00:00,0:00:00,0,AGENT,7:09:13,7:11:44,151,VICKY
AA0215,25730,38388948,2,PS,990923,7:40:11,7:40:17,6,7:40:17,7:41:11,54,AGENT,7:41:10,7:44:33,203,VICKY
AA0215,25731,0,0,PS,990923,8:07:28,8:07:40,12,0:00:00,0:00:00,0,AGENT,8:07:39,8:08:40,61,AVI
AA0215,25732,0,0,PS,990923,8:26:47,8:26:58,11,0:00:00,0:00:00,0,AGENT,8:26:57,8:28:07,70,TOVA
AA0215,25733,0,0,PS,990923,8:38:57,8:39:11,14,0:00:00,0:00:00,0,AGENT,8:39:11,8:39:13,2,TOVA
AA0215,25734,6822183,1,PS,990923,8:52:45,8:52:50,5,8:52:50,8:53:13,23,AGENT,8:53:12,8:54:29,77,VICKY
AA0215,25735,0,0,PS,990923,9:04:11,9:04:19,8,0:00:00,0:00:00,0,AGENT,9:04:18,9:04:22,4,NO_SERVER
AA0215,25736,10419141,2,PS,990923,9:15:31,9:15:36,5,9:15:36,9:15:56,20,AGENT,9:15:56,9:17:39,103,VICKY
AA0215,25737,69632123,1,PS,990923,9:26:01,9:26:07,6,9:26:07,9:26:12,5,AGENT,9:26:11,9:27:59,108,VICKY
AA0215,25738,7191646,2,NE,990923,9:38:29,9:38:35,6,9:38:35,9:39:32,57,AGENT,9:39:30,9:47:38,488,ANAT
AA0215,25739,53902169,2,PS,990923,9:47:16,9:47:22,6,9:47:22,9:47:51,29,AGENT,9:47:50,9:48:50,60,ANAT
AA0215,25740,0,0,PS,990923,9:48:02,9:48:07,5,0:00:00,0:00:00,0,HANG,0:00:00,0:00:00,0,NO_SERVER
AA0215,25741,42301499,2,PS,990923,9:55:30,9:55:35,5,9:55:35,9:56:21,46,AGENT,9:56:20,9:59:09,169,ANAT
AA0215,25742,0,0,PS,990923,10:03:35,10:03:46,11,0:00:00,0:00:00,0,AGENT,10:03:45,10:04:49,64,AVI
AA0215,25743,42813816,1,NE,990923,10:11:16,10:11:21,5,10:11:21,10:11:43,22,AGENT,10:11:43,10:16:33,290,ELI
AA0215,25744,34339531,1,PS,990923,10:18:12,10:18:18,6,10:18:18,10:19:57,99,AGENT,10:19:56,10:21:28,92,YIFAT
AA0215,25745,0,0,NW,990923,10:25:45,10:25:55,10,10:25:55,10:26:39,44,AGENT,10:26:38,10:29:36,178,VICKY
AA0215,25746,24927717,1,PS,990923,10:32:38,10:32:43,5,10:32:43,10:32:56,13,HANG,0:00:00,0:00:00,0,NO_SERVER
AA0215,25747,58704610,2,PS,990923,10:39:24,10:39:30,6,10:39:30,10:39:35,5,AGENT,10:39:33,10:39:35,2,YIFAT
AA0215,25748,28466399,1,PS,990923,10:45:00,10:45:06,6,10:45:06,10:45:11,5,AGENT,10:45:10,10:48:10,180,YIFAT
AA0215,25749,0,0,NE,990923,10:53:03,10:53:13,10,0:00:00,0:00:00,0,AGENT,10:53:12,11:08:54,942,ELI
AA0215,25750,3140332,2,PS,990923,10:59:30,10:59:36,6,10:59:36,10:59:44,8,AGENT,10:59:44,11:01:51,127,YIFAT
AA0215,25751,0,0,PS,990923,11:08:53,11:09:03,10,0:00:00,0:00:00,0,AGENT,11:09:03,11:10:29,86,TOVA
AA0215,25752,0,0,NW,990923,11:19:14,11:19:23,9,11:19:23,11:20:02,39,AGENT,11:20:01,11:22:50,169,VICKY
AA0215,25753,16677932,2,PS,990923,11:28:38,11:28:44,6,11:28:44,11:30:07,83,AGENT,11:30:06,11:37:22,436,VICKY
AA0215,25754,54128681,2,PS,990923,11:38:54,11:39:03,9,11:39:03,11:39:18,15,AGENT,11:39:02,11:45:12,370,BASCH
AA0215,25755,0,0,PS,990923,11:49:24,11:49:34,10,0:00:00,0:00:00,0,AGENT,11:49:34,11:57:10,456,ANAT
AA0215,25756,59036913,2,PS,990923,12:03:29,12:03:35,6,12:03:35,12:03:44,9,AGENT,12:03:43,12:06:21,158,YIFAT
AA0215,25757,0,0,PS,990923,12:09:02,12:09:19,17,0:00:00,0:00:00,0,HANG,0:00:00,0:00:00,0,NO_SERVER
AA0215,25758,0,0,PS,990923,12:16:26,12:16:43,17,0:00:00,0:00:00,0,AGENT,12:16:42,12:20:50,248,AVI
AA0215,25759,0,0,PS,990923,12:33:31,12:33:38,7,0:00:00,0:00:00,0,HANG,0:00:00,0:00:00,0,NO_SERVER
AA0215,25760,0,0,PS,990923,12:47:58,12:48:07,9,0:00:00,0:00:00,0,AGENT,12:48:06,12:55:18,432,TOVA
AA0215,25761,0,0,PS,990923,13:02:10,13:02:23,13,0:00:00,0:00:00,0,AGENT,13:02:22,13:04:33,131,AVI
AA0215,25762,0,0,NW,990923,13:14:11,13:14:24,13,0:00:00,0:00:00,0,AGENT,13:14:24,13:14:28,4,NO_SERVER
AA0215,25763,0,0,PS,990923,13:29:36,13:29:46,10,0:00:00,0:00:00,0,AGENT,13:29:45,13:34:05,260,VICKY
AA0215,25764,0,0,PS,990923,13:43:32,13:43:42,10,0:00:00,0:00:00,0,AGENT,13:43:41,13:43:41,0,VICKY
AA0215,25765,25068438,1,PS,990923,13:55:12,13:55:17,5,13:55:17,13:56:55,98,HANG,0:00:00,0:00:00,0,NO_SERVER
AA0215,25766,0,0,PS,990923,14:07:32,14:07:41,9,0:00:00,0:00:00,0,AGENT,14:07:40,14:11:27,227,BASCH
AA0215,25767,0,0,NW,990923,14:18:07,14:18:17,10,14:18:17,14:21:12,175,HANG,0:00:00,0:00:00,0,NO_SERVER
AA0215,25768,54128681,2,PS,990923,14:37:20,14:37:26,6,14:37:26,14:37:42,16,AGENT,14:37:41,14:40:52,191,AVI
AA0215,25769,47148739,2,NE,990923,14:50:09,14:50:15,6,14:50:15,14:50:18,3,AGENT,14:50:18,14:53:09,171,BASCH
AA0215,25770,55476253,2,NE,990923,15:08:41,15:08:46,5,15:08:46,15:13:14,268,AGENT,15:13:14,15:14:36,82,BASCH
AA0215,25771,23504848,2,PS,990923,15:24:58,15:25:04,6,15:25:04,15:25:22,18,HANG,0:00:00,0:00:00,0,NO_SERVER
AA0215,25772,50892322,2,PS,990923,15:38:43,15:38:49,6,15:38:49,15:38:59,10,AGENT,15:38:58,15:46:39,461,BASCH
AA0215,25773,0,0,PS,990923,15:57:09,15:57:19,10,0:00:00,0:00:00,0,AGENT,15:57:18,16:04:00,402,DARMON
AA0215,25774,0,0,NE,990923,16:14:02,16:14:12,10,0:00:00,0:00:00,0,AGENT,16:14:11,16:20:07,356,STEREN
AA0215,25775,0,0,PS,990923,16:27:11,16:27:25,14,0:00:00,0:00:00,0,AGENT,16:27:24,16:30:10,166,DARMON
AA0215,25776,0,0,PS,990923,16:47:38,16:47:50,12,0:00:00,0:00:00,0,AGENT,16:47:50,16:51:56,246,ZOHARI
AA0215,25777,0,0,NW,990923,17:08:07,17:08:16,9,17:08:16,17:13:16,300,AGENT,17:13:15,17:23:43,628,PINHAS
AA0215,25778,0,0,PS,990923,17:38:44,17:38:53,9,0:00:00,0:00:00,0,AGENT,17:38:52,17:41:42,170,SHARON
AA0215,25779,0,0,PS,990923,18:04:18,18:04:31,13,0:00:00,0:00:00,0,AGENT,18:04:30,18:13:51,561,YITZ
AA0215,25780,0,0,PS,990923,18:30:55,18:31:04,9,0:00:00,0:00:00,0,AGENT,18:31:03,18:32:27,84,ZOHARI
AA0215,25781,42813816,1,NE,990923,18:53:55,18:54:01,6,18:54:01,18:54:27,26,AGENT,18:54:26,18:55:56,90,ZOHARI
AA0215,25782,0,0,PS,990923,19:25:34,19:25:43,9,0:00:00,0:00:00,0,AGENT,19:25:43,19:46:47,1264,SHARON
AA0215,25783,0,0,PS,990923,19:51:19,19:52:28,69,0:00:00,0:00:00,0,AGENT,19:52:28,19:53:17,49,GILI
AA0215,25784,0,0,PS,990923,20:16:36,20:16:45,9,0:00:00,0:00:00,0,AGENT,20:16:44,20:17:48,64,GILI
AA0215,25785,0,0,NE,990923,21:04:16,21:04:28,12,0:00:00,0:00:00,0,AGENT,21:04:27,21:06:29,122,SHARON
AA0215,25786,0,0,NE,990923,22:01:45,22:01:55,10,0:00:00,0:00:00,0,AGENT,22:01:54,22:04:58,184,STEREN
AA0215,25787,0,0,PS,990923,22:26:27,22:26:38,11,0:00:00,0:00:00,0,AGENT,22:26:37,22:28:35,118,YITZ
AA0215,25788,0,0,PS,990923,23:17:18,23:17:28,10,0:00:00,0:00:00,0,AGENT,23:17:27,23:18:49,82,SHARON
AA0215,25790,0,0,PS,990924,7:32:18,7:32:32,14,0:00:00,0:00:00,0,AGENT,7:32:31,7:33:12,41,SHARON
AA0215,25791,0,0,PS,990924,8:05:39,8:05:53,14,0:00:00,0:00:00,0,AGENT,8:05:52,8:08:15,143,BASCH
AA0215,25792,0,0,PS,990924,8:33:42,8:33:54,12,0:00:00,0:00:00,0,AGENT,8:33:53,8:59:55,1562,ANAT
AA0215,25793,52867744,2,PS,990924,8:49:54,8:49:59,5,8:49:59,8:51:43,104,AGENT,8:51:42,8:53:43,121,BASCH
AA0215,25794,0,0,PS,990924,9:15:37,9:15:50,13,0:00:00,0:00:00,0,AGENT,9:15:49,9:18:18,149,ANAT
AA0215,25795,55007223,2,PS,990924,9:38:43,9:38:48,5,9:38:48,9:39:52,64,AGENT,9:39:51,9:42:20,149,BASCH
AA0215,25796,43269372,2,PS,990924,9:53:02,9:53:08,6,9:53:08,9:53:16,8,AGENT,9:53:15,9:56:27,192,BASCH
AA0215,25797,0,0,PS,990924,10:15:58,10:16:13,15,0:00:00,0:00:00,0,AGENT,10:16:12,10:17:15,63,ANAT
AA0215,25798,59680363,1,PS,990924,10:37:17,10:37:22,5,10:37:22,10:38:23,61,AGENT,10:38:22,10:38:36,14,BASCH
AA0215,25799,51895019,2,PS,990924,10:51:20,10:51:25,5,10:51:25,10:51:52,27,AGENT,10:51:51,10:52:27,36,ANAT
AA0215,25800,29646247,2,PS,990924,11:04:52,11:04:58,6,11:04:58,11:05:31,33,AGENT,11:05:31,11:06:15,44,GELBER
AA0215,25801,0,0,PS,990924,11:35:14,11:35:32,18,0:00:00,0:00:00,0,AGENT,11:35:31,11:36:40,69,SHARON
AA0215,25802,0,0,NW,990924,12:02:03,12:02:15,12,0:00:00,0:00:00,0,AGENT,12:02:15,12:02:20,5,NO_SERVER
AA0215,25803,0,0,PS,990924,12:16:18,12:16:28,10,0:00:00,0:00:00,0,AGENT,12:16:27,12:18:51,144,BASCH
AA0215,25804,0,0,NW,990924,12:42:14,12:42:23,9,12:42:23,12:42:32,9,AGENT,12:42:30,12:42:50,20,SHARON
AA0215,25805,0,0,PS,990924,13:19:30,13:19:41,11,0:00:00,0:00:00,0,AGENT,13:19:41,13:24:38,297,DORIT
AA0215,25806,17473034,1,PS,990924,13:45:47,13:45:53,6,13:45:53,13:46:22,29,AGENT,13:46:21,13:46:55,34,SHARON
AA0215,25808,0,0,PS,990924,15:19:07,15:19:07,0,0:00:00,0:00:00,0,HANG,0:00:00,0:00:00,0,NO_SERVER
AA0215,25809,0,0,NW,990925,11:41:19,11:41:37,18,0:00:00,0:00:00,0,HANG,0:00:00,0:00:00,0,NO_SERVER
AA0215,25810,0,0,NW,990925,20:10:06,20:10:22,16,0:00:00,0:00:00,0,AGENT,20:10:21,20:11:30,69,AVNI
AA0215,25811,0,0,PS,990925,20:42:39,20:42:49,10,0:00:00,0:00:00,0,AGENT,20:42:48,20:44:27,99,ZOHARI
AA0215,25812,0,0,PS,990925,21:37:41,21:37:58,17,0:00:00,0:00:00,0,AGENT,21:37:57,21:46:45,528,BASCH
AA0215,25813,0,0,PS,990925,22:39:41,22:39:54,13,0:00:00,0:00:00,0,AGENT,22:39:53,22:41:24,91,AVI
AA0215,25814,0,0,NW,990926,1:11:33,1:12:01,28,0:00:00,0:00:00,0,HANG,0:00:00,0:00:00,0,NO_SERVER
AA0215,25815,58810839,2,PS,990926,7:47:06,7:47:12,6,7:47:12,7:48:31,79,AGENT,7:48:30,7:53:08,278,YIFAT
AA0215,25816,0,0,PS,990926,8:22:41,8:22:50,9,0:00:00,0:00:00,0,AGENT,8:22:49,8:23:59,70,YITZ
AA0215,25817,0,0,PS,990926,8:49:51,8:50:02,11,0:00:00,0:00:00,0,AGENT,8:50:02,8:56:42,400,YITZ
AA0215,25818,0,0,PS,990926,9:08:57,9:09:17,20,0:00:00,0:00:00,0,AGENT,9:09:16,9:10:56,100,BASCH
AA0215,25819,0,0,PS,990926,9:24:28,9:24:36,8,0:00:00,0:00:00,0,AGENT,9:24:35,9:27:35,180,DORIT
AA0215,25820,0,0,PS,990926,9:34:18,9:34:29,11,0:00:00,0:00:00,0,AGENT,9:34:28,9:34:41,13,VICKY
AA0215,25821,0,0,PS,990926,9:47:42,9:47:53,11,0:00:00,0:00:00,0,AGENT,9:47:52,9:57:49,597,YITZ
AA0215,25822,53494142,2,PS,990926,9:55:14,9:55:20,6,9:55:20,9:57:19,119,AGENT,9:57:17,9:59:48,151,AVNI
AA0215,25823,0,0,PS,990926,10:09:48,10:10:00,12,0:00:00,0:00:00,0,AGENT,10:09:59,10:11:00,61,YIFAT
AA0215,25824,31792849,1,PS,990926,10:23:19,10:23:25,6,10:23:25,10:24:17,52,AGENT,10:24:17,10:26:40,143,BASCH
AA0215,25825,0,0,NW,990926,10:40:07,10:40:17,10,10:40:17,10:40:54,37,AGENT,10:40:54,10:43:44,170,AVNI
AA0215,25826,23895501,2,PS,990926,10:53:53,10:53:59,6,10:53:59,10:55:31,92,AGENT,10:55:29,10:59:04,215,AVNI
AA0215,25827,14941629,2,PS,990926,11:02:07,11:02:12,5,11:02:12,11:03:13,61,AGENT,11:03:13,11:03:29,16,ZOHARI
AA0215,25828,0,0,PS,990926,11:13:02,11:13:13,11,0:00:00,0:00:00,0,AGENT,11:13:12,11:14:45,93,VICKY
AA0215,25829,0,0,NW,990926,11:24:20,11:24:30,10,11:24:30,11:24:43,13,AGENT,11:24:41,11:25:13,32,VICKY
AA0215,25830,9928136,1,PS,990926,11:35:38,11:35:44,6,11:35:44,11:36:01,17,AGENT,11:36:01,11:47:10,669,VICKY
AA0215,25831,0,0,NW,990926,11:48:43,11:48:53,10,11:48:53,11:49:55,62,AGENT,11:49:54,11:50:06,12,DORIT
AA0215,25832,0,0,PS,990926,12:07:43,12:07:54,11,0:00:00,0:00:00,0,AGENT,12:07:53,12:08:54,61,VICKY
AA0215,25833,33474602,2,PS,990926,12:22:39,12:22:45,6,12:22:45,12:24:37,112,AGENT,12:24:36,12:25:42,66,YITZ
AA0215,25834,0,0,PS,990926,12:49:13,12:49:22,9,0:00:00,0:00:00,0,AGENT,12:49:21,12:51:52,151,AVNI
AA0215,25835,0,0,PS,990926,13:12:24,13:12:35,11,0:00:00,0:00:00,0,AGENT,13:12:34,13:15:48,194,ZOHARI
AA0215,25836,58029430,1,PS,990926,13:26:01,13:26:06,5,13:26:06,13:26:33,27,AGENT,13:26:33,13:26:34,1,VICKY
AA0215,25837,0,0,PS,990926,13:40:27,13:40:38,11,0:00:00,0:00:00,0,AGENT,13:40:37,13:42:11,94,VICKY
AA0215,25838,0,0,PS,990926,13:56:18,13:56:26,8,0:00:00,0:00:00,0,AGENT,13:56:25,13:57:24,59,YITZ
AA0215,25839,25124181,2,NE,990926,14:09:12,14:09:17,5,14:09:17,14:11:07,110,AGENT,14:11:06,14:11:09,3,TOVA
AA0215,25840,0,0,PS,990926,14:32:22,14:32:35,13,0:00:00,0:00:00,0,AGENT,14:32:34,14:34:32,118,DORIT
AA0215,25841,68059401,1,PS,990926,14:51:12,14:51:17,5,14:51:17,14:51:34,17,AGENT,14:51:33,14:52:41,68,ZOHARI
AA0215,25842,25434457,2,PS,990926,15:08:47,15:08:53,6,15:08:53,15:11:12,139,HANG,0:00:00,0:00:00,0,NO_SERVER
AA0215,25843,0,0,PS,990926,15:44:12,15:44:22,10,0:00:00,0:00:00,0,AGENT,15:44:21,15:47:09,168,AVNI
AA0215,25844,0,0,PS,990926,16:07:04,16:07:16,12,0:00:00,0:00:00,0,AGENT,16:07:16,16:08:16,60,BENSION
AA0215,25845,0,0,NW,990926,16:40:12,16:40:31,19,0:00:00,0:00:00,0,AGENT,16:40:30,16:41:08,38,SHARON
AA0215,25846,0,0,PS,990926,17:22:24,17:22:40,16,0:00:00,0:00:00,0,AGENT,17:22:39,17:24:13,94,BENSION
AA0215,25847,0,0,PS,990926,18:02:19,18:02:31,12,0:00:00,0:00:00,0,AGENT,18:02:30,18:04:09,99,SHARON
AA0215,25848,0,0,PS,990926,18:34:30,18:34:48,18,0:00:00,0:00:00,0,AGENT,18:34:47,18:42:03,436,BENSION
AA0215,25849,0,0,NE,990926,19:06:10,19:06:20,10,0:00:00,0:00:00,0,AGENT,19:06:19,19:07:11,52,TOVA
AA0215,25850,0,0,PS,990926,19:55:16,19:55:27,11,0:00:00,0:00:00,0,AGENT,19:55:26,19:58:03,157,SHARON
AA0215,25851,0,0,PS,990926,20:53:29,20:53:40,11,0:00:00,0:00:00,0,AGENT,20:53:39,20:56:04,145,SHARON
AA0215,25852,0,0,NW,990926,21:55:58,21:56:07,9,21:56:07,21:57:13,66,AGENT,21:57:12,21:57:30,18,BENSION
AA0215,25853,0,0,PS,990926,23:07:44,23:07:54,10,0:00:00,0:00:00,0,AGENT,23:07:53,23:11:44,231,MORIAH
AA0215,25854,0,0,NE,990927,7:15:31,7:15:45,14,0:00:00,0:00:00,0,AGENT,7:15:44,7:16:21,37,ZOHARI
AA0215,25855,0,0,PS,990927,8:11:47,8:11:57,10,0:00:00,0:00:00,0,AGENT,8:11:56,8:13:21,85,ZOHARI
AA0215,25856,0,0,PS,990927,8:36:36,8:36:47,11,0:00:00,0:00:00,0,AGENT,8:36:46,8:38:44,118,ZOHARI
AA0215,25857,0,0,PS,990927,8:54:49,8:55:01,12,0:00:00,0:00:00,0,AGENT,8:55:00,8:59:08,248,BASCH
AA0215,25858,0,0,NW,990927,9:07:59,9:08:08,9,9:08:08,9:11:31,203,AGENT,9:11:29,9:12:09,40,BENSION
AA0215,25859,31909146,2,PS,990927,9:30:21,9:30:27,6,9:30:27,9:32:00,93,AGENT,9:31:59,9:33:08,69,ZOHARI
AA0215,25860,45191558,2,PS,990927,9:42:45,9:42:50,5,9:42:50,9:47:33,283,AGENT,9:47:31,9:47:34,3,TOVA
AA0215,25861,56765985,2,PS,990927,9:55:14,9:55:20,6,9:55:20,9:55:23,3,HANG,0:00:00,0:00:00,0,NO_SERVER
AA0215,25862,0,0,PS,990927,10:05:32,10:05:40,8,0:00:00,0:00:00,0,AGENT,10:05:40,10:07:08,88,BASCH
AA0215,25863,0,0,PS,990927,10:16:39,10:16:53,14,0:00:00,0:00:00,0,AGENT,10:16:52,10:20:30,218,BENSION
AA0215,25864,0,0,PS,990927,10:32:36,10:32:46,10,0:00:00,0:00:00,0,AGENT,10:32:44,10:34:57,133,TOVA
AA0215,25865,703074,2,PS,990927,10:43:45,10:43:51,6,10:43:51,10:45:49,118,AGENT,10:45:47,10:47:51,124,YITZ
AA0215,25866,10473262,2,PS,990927,10:57:00,10:57:05,5,10:57:05,10:57:12,7,AGENT,10:57:11,11:04:31,440,BASCH
AA0215,25867,50323468,2,PS,990927,11:06:47,11:06:53,6,11:06:53,11:10:35,222,AGENT,11:10:34,11:14:42,248,BASCH
AA0215,25868,0,0,NW,990927,11:24:24,11:24:33,9,11:24:33,11:25:49,76,AGENT,11:25:49,11:34:18,509,PINHAS
AA0215,25869,0,0,PS,990927,11:38:58,11:39:07,9,0:00:00,0:00:00,0,AGENT,11:39:06,11:41:42,156,ZOHARI
AA0215,25870,57070534,2,PS,990927,11:51:39,11:52:02,23,11:52:02,11:52:25,23,AGENT,11:52:24,11:54:39,135,ZOHARI
AA0215,25871,0,0,PS,990927,12:08:32,12:08:44,12,0:00:00,0:00:00,0,AGENT,12:08:43,12:10:29,106,YITZ
AA0215,25872,0,0,PS,990927,12:24:33,12:24:51,18,0:00:00,0:00:00,0,AGENT,12:24:50,12:31:20,390,PINHAS
AA0215,25873,0,0,NW,990927,12:39:34,12:39:43,9,12:39:43,12:40:17,34,AGENT,12:40:16,12:49:26,550,PINHAS
AA0215,25874,0,0,PS,990927,12:54:12,12:54:22,10,0:00:00,0:00:00,0,AGENT,12:54:21,12:55:16,55,YITZ
AA0215,25875,0,0,PS,990927,13:05:20,13:05:34,14,0:00:00,0:00:00,0,AGENT,13:05:33,13:09:26,233,BENSION
AA0215,25876,0,0,NE,990927,13:22:34,13:22:48,14,0:00:00,0:00:00,0,AGENT,13:22:47,13:26:22,215,ZOHARI
AA0215,25877,675306,2,PS,990927,13:39:32,13:39:38,6,13:39:38,13:41:24,106,AGENT,13:41:23,13:42:34,71,TOVA
AA0215,25878,0,0,PS,990927,13:52:53,13:53:03,10,0:00:00,0:00:00,0,AGENT,13:53:02,13:54:55,113,YITZ
AA0215,25880,0,0,PS,990927,14:07:18,14:07:18,0,0:00:00,0:00:00,0,HANG,0:00:00,0:00:00,0,NO_SERVER
AA0215,25881,57476988,1,PS,990927,14:19:08,14:19:13,5,14:19:13,14:19:42,29,HANG,0:00:00,0:00:00,0,NO_SERVER
AA0215,25882,43141639,1,PS,990927,14:33:15,14:33:21,6,14:33:21,14:33:44,23,AGENT,14:33:42,14:35:41,119,BASCH
AA0215,25883,0,0,PS,990927,14:48:06,14:48:16,10,0:00:00,0:00:00,0,AGENT,14:48:15,14:49:47,92,YITZ
AA0215,25884,0,0,PS,990927,15:12:04,15:12:14,10,0:00:00,0:00:00,0,AGENT,15:12:13,15:16:30,257,BASCH
AA0215,25885,0,0,PS,990927,15:47:48,15:48:02,14,0:00:00,0:00:00,0,AGENT,15:48:01,15:48:52,51,ANAT
AA0215,25886,26021493,1,PS,990927,16:24:53,16:24:59,6,16:24:59,16:25:20,21,AGENT,16:25:20,16:28:26,186,MORIAH
AA0215,25887,0,0,PS,990927,16:39:20,16:39:30,10,0:00:00,0:00:00,0,AGENT,16:39:30,16:40:41,71,ANAT
AA0215,25888,24236051,1,PS,990927,17:28:44,17:28:49,5,17:28:49,17:29:28,39,AGENT,17:29:26,17:32:22,176,DARMON
AA0215,25889,0,0,PS,990927,17:48:40,17:48:49,9,0:00:00,0:00:00,0,AGENT,17:48:48,17:49:53,65,AVNI
AA0215,25890,0,0,PS,990927,18:31:42,18:31:55,13,0:00:00,0:00:00,0,AGENT,18:31:55,18:34:51,176,MORIAH
AA0215,25891,0,0,PS,990927,18:56:33,18:56:52,19,0:00:00,0:00:00,0,AGENT,18:56:51,18:58:54,123,SHARON
AA0215,25892,0,0,NE,990927,19:43:54,19:44:12,18,0:00:00,0:00:00,0,AGENT,19:44:11,19:44:41,30,ANAT
AA0215,25893,0,0,PS,990927,20:20:51,20:21:00,9,0:00:00,0:00:00,0,AGENT,20:20:59,20:21:45,46,SHARON
AA0215,25894,0,0,PS,990927,21:21:47,21:21:56,9,0:00:00,0:00:00,0,AGENT,21:21:55,21:23:48,113,AVNI
AA0215,25895,0,0,NE,990927,21:58:01,21:58:10,9,0:00:00,0:00:00,0,AGENT,21:58:09,21:58:24,15,MORIAH
AA0215,25896,0,0,PS,990927,22:36:56,22:37:04,8,0:00:00,0:00:00,0,AGENT,22:37:03,22:38:10,67,GILI
AA0215,25897,0,0,NW,990927,23:49:33,23:49:50,17,0:00:00,0:00:00,0,AGENT,23:49:49,23:50:49,60,MORIAH
AA0215,25898,0,0,PE,990928,6:52:04,6:52:20,16,0:00:00,0:00:00,0,HANG,0:00:00,0:00:00,0,NO_SERVER
AA0215,25899,67124958,2,PS,990928,7:58:03,7:58:09,6,7:58:09,8:00:06,117,HANG,0:00:00,0:00:00,0,NO_SERVER
AA0215,25900,14073233,2,PS,990928,8:33:43,8:33:48,5,8:33:48,8:35:57,129,AGENT,8:35:57,8:37:09,72,YIFAT
AA0215,25901,28622710,1,PS,990928,8:54:09,8:54:14,5,8:54:14,8:58:22,248,AGENT,8:58:22,8:59:23,61,ANAT
AA0215,25902,27324128,1,PS,990928,9:17:33,9:17:39,6,9:17:39,9:17:43,4,AGENT,9:17:42,9:18:15,33,ANAT
AA0215,25903,0,0,NW,990928,9:28:49,9:28:58,9,9:28:58,9:32:34,216,AGENT,9:32:33,9:35:11,158,PINHAS
AA0215,25904,0,0,PS,990928,9:43:45,9:43:51,6,0:00:00,0:00:00,0,HANG,0:00:00,0:00:00,0,NO_SERVER
AA0215,25905,22263669,1,PS,990928,10:00:30,10:00:35,5,10:00:35,10:00:51,16,HANG,0:00:00,0:00:00,0,NO_SERVER
AA0215,25906,0,0,NW,990928,10:07:50,10:07:59,9,10:07:59,10:13:03,304,AGENT,10:13:03,10:16:24,201,PINHAS
AA0215,25908,0,0,PS,990928,10:19:09,10:19:09,0,0:00:00,0:00:00,0,HANG,0:00:00,0:00:00,0,NO_SERVER
AA0215,25909,17299231,2,PS,990928,10:28:10,10:28:15,5,10:28:15,10:30:15,120,AGENT,10:30:14,10:31:23,69,YIFAT
AA0215,25910,10587137,2,NE,990928,10:37:07,10:37:13,6,10:37:13,10:38:29,76,AGENT,10:38:28,10:40:02,94,ZOHARI
AA0215,25911,69604411,2,NE,990928,10:50:57,10:51:03,6,10:51:03,10:51:46,43,AGENT,10:51:46,10:54:45,179,ANAT
AA0215,25912,31822364,2,PS,990928,11:00:37,11:00:43,6,11:00:43,11:01:19,36,AGENT,11:01:18,11:06:14,296,ANAT
AA0215,25913,0,0,NW,990928,11:14:19,11:14:28,9,11:14:28,11:16:10,102,HANG,0:00:00,0:00:00,0,NO_SERVER
AA0215,25914,65032120,2,PS,990928,11:24:15,11:24:21,6,11:24:21,11:25:00,39,AGENT,11:24:59,11:26:19,80,AVNI
AA0215,25915,5871843,2,PS,990928,11:35:31,11:35:36,5,11:35:36,11:37:42,126,AGENT,11:37:40,11:38:39,59,ANAT
AA0215,25916,0,0,PS,990928,11:46:57,11:48:23,86,0:00:00,0:00:00,0,HANG,0:00:00,0:00:00,0,NO_SERVER
AA0215,25917,56452345,2,PS,990928,11:58:06,11:58:11,5,11:58:11,11:58:29,18,HANG,0:00:00,0:00:00,0,NO_SERVER
AA0215,25918,59040113,1,PS,990928,12:05:38,12:05:44,6,12:05:44,12:12:22,398,AGENT,12:12:22,12:13:32,70,ANAT
AA0215,25920,0,0,PS,990928,12:20:31,12:20:31,0,0:00:00,0:00:00,0,HANG,0:00:00,0:00:00,0,NO_SERVER
AA0215,25921,58029620,2,PS,990928,12:28:04,12:28:09,5,12:28:09,12:29:11,62,HANG,0:00:00,0:00:00,0,NO_SERVER
AA0215,25922,33474602,2,PS,990928,12:38:34,12:38:40,6,12:38:40,12:41:52,192,AGENT,12:41:51,12:42:00,9,ANAT
AA0215,25923,0,0,PS,990928,12:53:21,12:55:55,154,0:00:00,0:00:00,0,HANG,0:00:00,0:00:00,0,NO_SERVER
AA0215,25924,16793861,1,PS,990928,13:07:53,13:07:59,6,13:07:59,13:11:08,189,AGENT,13:11:07,13:12:23,76,VICKY
AA0215,25925,0,0,PS,990928,13:12:14,13:12:22,8,0:00:00,0:00:00,0,HANG,0:00:00,0:00:00,0,NO_SERVER
AA0215,25926,0,0,PS,990928,13:29:47,13:29:56,9,0:00:00,0:00:00,0,AGENT,13:29:55,13:31:19,84,YIFAT
AA0215,25927,48820351,2,NE,990928,13:45:50,13:45:55,5,13:45:55,13:46:09,14,AGENT,13:46:08,13:46:09,1,ANAT
AA0215,25928,22803613,1,PS,990928,13:54:33,13:54:39,6,13:54:39,13:57:25,166,AGENT,13:57:25,13:59:05,100,YIFAT
AA0215,25929,54145529,2,PS,990928,14:09:12,14:09:17,5,14:09:17,14:11:43,146,AGENT,14:11:42,14:12:30,48,ZOHARI
AA0215,25930,22263669,1,PS,990928,14:23:29,14:23:34,5,14:23:34,14:23:48,14,HANG,0:00:00,0:00:00,0,NO_SERVER
AA0215,25931,15591944,1,PS,990928,14:42:10,14:42:15,5,14:42:15,14:42:20,5,AGENT,14:42:19,14:48:23,364,ZOHARI
AA0215,25932,13635933,2,PS,990928,14:57:15,14:57:21,6,14:57:21,15:02:25,304,AGENT,15:02:24,15:05:15,171,ZOHARI
AA0215,25933,0,0,PS,990928,15:37:01,15:37:13,12,0:00:00,0:00:00,0,AGENT,15:37:12,15:40:20,188,ZOHARI
AA0215,25934,22013551,2,NE,990928,16:08:02,16:08:07,5,16:08:07,16:09:10,63,AGENT,16:09:09,16:16:05,416,AVNI
AA0215,25935,0,0,NE,990928,16:37:33,16:37:42,9,0:00:00,0:00:00,0,AGENT,16:37:41,16:38:21,40,VICKY
AA0215,25936,0,0,NE,990928,16:46:16,16:46:53,37,0:00:00,0:00:00,0,HANG,0:00:00,0:00:00,0,NO_SERVER
AA0215,25937,0,0,PS,990928,17:14:55,17:15:06,11,0:00:00,0:00:00,0,AGENT,17:15:06,17:15:39,33,YITZ
AA0215,25938,0,0,PS,990928,17:41:19,17:41:33,14,0:00:00,0:00:00,0,AGENT,17:41:33,17:43:16,103,VICKY
AA0215,25939,0,0,PS,990928,18:00:25,18:00:37,12,0:00:00,0:00:00,0,AGENT,18:00:36,18:09:11,515,SHARON
AA0215,25940,0,0,PS,990928,18:27:29,18:27:38,9,0:00:00,0:00:00,0,AGENT,18:27:38,18:28:31,53,BASCH
AA0215,25941,0,0,NW,990928,19:21:52,19:22:14,22,0:00:00,0:00:00,0,HANG,0:00:00,0:00:00,0,NO_SERVER
AA0215,25942,0,0,PS,990928,20:20:26,20:20:36,10,0:00:00,0:00:00,0,AGENT,20:20:35,20:22:02,87,SHARON
AA0215,25943,52867744,2,PS,990928,20:55:23,20:55:30,7,20:55:30,20:55:53,23,AGENT,20:55:52,20:58:27,155,DARMON
AA0215,25944,0,0,PS,990928,21:20:11,21:20:27,16,0:00:00,0:00:00,0,HANG,0:00:00,0:00:00,0,NO_SERVER
AA0215,25945,0,0,NE,990928,21:48:08,21:48:17,9,0:00:00,0:00:00,0,AGENT,21:48:16,21:55:25,429,DARMON
AA0215,25946,0,0,PS,990928,22:18:23,22:18:38,15,0:00:00,0:00:00,0,AGENT,22:18:37,22:19:34,57,DARMON
AA0215,25947,0,0,PS,990928,23:12:50,23:13:05,15,0:00:00,0:00:00,0,AGENT,23:13:04,23:14:16,72,SHARON
AA0215,25948,0,0,PS,990929,4:30:57,4:31:38,41,0:00:00,0:00:00,0,HANG,0:00:00,0:00:00,0,NO_SERVER
AA0215,25949,0,0,PS,990929,7:37:44,7:37:54,10,0:00:00,0:00:00,0,AGENT,7:37:52,7:38:53,61,ZOHARI
AA0215,25950,0,0,PS,990929,8:07:19,8:07:25,6,0:00:00,0:00:00,0,HANG,0:00:00,0:00:00,0,NO_SERVER
AA0215,25951,0,0,PS,990929,8:31:37,8:31:48,11,0:00:00,0:00:00,0,AGENT,8:31:48,8:33:04,76,ANAT
AA0215,25952,0,0,PS,990929,8:46:33,8:46:42,9,0:00:00,0:00:00,0,AGENT,8:46:42,8:47:28,46,DORIT
AA0215,25953,55669436,2,PS,990929,9:03:58,9:04:04,6,9:04:04,9:05:54,110,AGENT,9:05:53,9:07:29,96,SHARON
AA0215,25954,0,0,PS,990929,9:20:53,9:21:02,9,0:00:00,0:00:00,0,AGENT,9:21:01,9:22:03,62,ANAT
AA0215,25955,0,0,PS,990929,9:34:23,9:34:32,9,0:00:00,0:00:00,0,AGENT,9:34:32,9:37:57,205,AVNI
AA0215,25956,16426967,2,PS,990929,9:46:48,9:46:54,6,9:46:54,9:50:12,198,AGENT,9:50:10,9:53:17,187,SHARON
AA0215,25957,0,0,NW,990929,9:56:33,9:56:42,9,0:00:00,0:00:00,0,HANG,0:00:00,0:00:00,0,NO_SERVER
AA0215,25958,0,0,NW,990929,10:07:51,10:08:01,10,10:08:01,10:08:59,58,HANG,0:00:00,0:00:00,0,NO_SERVER
AA0215,25959,58704610,2,PS,990929,10:16:50,10:17:12,22,10:17:12,10:17:20,8,AGENT,10:17:20,10:17:22,2,YIFAT
AA0215,25960,0,0,PS,990929,10:27:40,10:35:13,453,0:00:00,0:00:00,0,HANG,0:00:00,0:00:00,0,NO_SERVER
AA0215,25961,60006053,1,PS,990929,10:49:49,10:49:54,5,10:49:54,10:50:15,21,AGENT,0:00:00,0:00:00,0,DORIT
AA0215,25962,53610812,2,PS,990929,10:58:13,10:58:19,6,10:58:19,10:59:08,49,AGENT,10:59:07,11:00:57,110,ANAT
AA0215,25963,57460131,2,PS,990929,11:06:16,11:06:22,6,11:06:22,11:07:30,68,AGENT,11:07:28,11:09:01,93,YIFAT
AA0215,25964,63611537,2,PS,990929,11:18:11,11:18:17,6,11:18:17,11:20:09,112,AGENT,11:20:08,11:25:43,335,ZOHARI
AA0215,25965,0,0,PS,990929,11:31:29,11:31:39,10,0:00:00,0:00:00,0,AGENT,11:31:38,11:32:20,42,ANAT
AA0215,25966,0,0,PS,990929,11:45:40,11:45:49,9,0:00:00,0:00:00,0,AGENT,11:45:49,11:49:45,236,AVNI
AA0215,25967,65082729,1,PS,990929,11:56:25,11:56:31,6,11:56:31,11:57:28,57,AGENT,11:57:27,12:07:01,574,DORIT
AA0215,25968,10283034,2,PS,990929,12:07:22,12:07:28,6,12:07:28,12:07:40,12,AGENT,12:07:40,12:11:16,216,ANAT
AA0215,25969,703074,2,PS,990929,12:14:41,12:14:47,6,12:14:47,12:16:29,102,AGENT,12:16:28,12:20:16,228,YIFAT
AA0215,25970,50614072,1,PS,990929,12:26:39,12:26:44,5,12:26:44,12:28:30,106,HANG,0:00:00,0:00:00,0,NO_SERVER
AA0215,25971,10088490,1,PS,990929,12:37:43,12:37:48,5,12:37:48,12:38:23,35,AGENT,12:38:22,12:39:37,75,YIFAT
AA0215,25972,23841505,2,PS,990929,12:51:08,12:51:14,6,12:51:14,12:51:40,26,AGENT,12:51:39,12:52:50,71,SHARON
AA0215,25973,0,0,PS,990929,13:06:04,13:06:15,11,0:00:00,0:00:00,0,AGENT,13:06:14,13:09:14,180,ANAT
AA0215,25974,33966326,1,PS,990929,13:23:50,13:23:55,5,13:23:55,13:28:08,253,AGENT,13:28:08,13:29:17,69,YIFAT
AA0215,25975,0,0,PS,990929,13:42:22,13:42:35,13,0:00:00,0:00:00,0,AGENT,13:42:34,13:49:05,391,DORIT
AA0215,25976,55653984,1,PS,990929,13:54:00,13:54:06,6,13:54:06,13:55:31,85,AGENT,13:55:30,13:56:58,88,DORIT
AA0215,25977,52867744,2,PS,990929,14:07:36,14:07:42,6,14:07:42,14:09:05,83,AGENT,14:09:04,14:09:06,2,YIFAT
AA0215,25978,68297498,2,PS,990929,14:17:52,14:17:58,6,14:17:58,14:18:47,49,AGENT,14:18:46,14:19:34,48,DORIT
AA0215,25979,33965351,1,PS,990929,14:28:47,14:28:53,6,14:28:53,14:30:09,76,AGENT,14:30:09,14:30:10,1,YIFAT
AA0215,25980,0,0,PS,990929,14:51:36,14:51:53,17,0:00:00,0:00:00,0,AGENT,14:51:53,14:55:44,231,BASCH
AA0215,25981,54613724,2,NE,990929,15:25:15,15:25:21,6,15:25:21,15:27:08,107,AGENT,15:27:08,15:28:30,82,BASCH
AA0215,25982,0,0,PS,990929,15:51:41,15:51:52,11,0:00:00,0:00:00,0,AGENT,15:51:51,15:55:35,224,AVNI
AA0215,25983,0,0,PS,990929,16:21:22,16:21:40,18,0:00:00,0:00:00,0,AGENT,16:21:39,16:23:09,90,BASCH
AA0215,25984,0,0,NW,990929,16:49:09,16:49:25,16,0:00:00,0:00:00,0,AGENT,16:49:24,16:49:45,21,VICKY
AA0215,25985,0,0,PS,990929,17:30:52,17:31:01,9,0:00:00,0:00:00,0,AGENT,17:31:01,17:34:26,205,BASCH
AA0215,25986,0,0,PS,990929,17:56:07,17:56:20,13,0:00:00,0:00:00,0,AGENT,17:56:19,17:58:54,155,DARMON
AA0215,25987,0,0,PS,990929,18:20:15,18:20:24,9,0:00:00,0:00:00,0,AGENT,18:20:23,18:21:45,82,VICKY
AA0215,25988,0,0,PS,990929,18:50:01,18:50:11,10,0:00:00,0:00:00,0,AGENT,18:50:10,18:50:57,47,BASCH
AA0215,25989,0,0,PS,990929,19:15:07,19:15:20,13,0:00:00,0:00:00,0,AGENT,19:15:19,19:15:45,26,BASCH
AA0215,25990,0,0,PS,990929,19:37:29,19:37:38,9,0:00:00,0:00:00,0,AGENT,19:37:37,19:38:06,29,VICKY
AA0215,25991,0,0,PS,990929,20:23:21,20:23:32,11,0:00:00,0:00:00,0,AGENT,20:23:31,20:27:44,253,BASCH
AA0215,25992,0,0,NE,990929,20:50:06,20:50:19,13,0:00:00,0:00:00,0,AGENT,20:50:17,21:02:25,728,MEIR
AA0215,25993,0,0,PS,990929,21:29:59,21:30:25,26,0:00:00,0:00:00,0,AGENT,21:30:25,21:41:15,650,MEIR
AA0215,25994,38309977,2,PS,990929,22:00:43,22:00:49,6,22:00:49,22:01:10,21,AGENT,22:01:10,22:01:57,47,DARMON
AA0215,25995,0,0,PS,990929,22:38:10,22:38:25,15,0:00:00,0:00:00,0,AGENT,22:38:25,22:48:30,605,DARMON
AA0215,25996,0,0,PS,990929,23:35:43,23:35:54,11,0:00:00,0:00:00,0,AGENT,23:35:54,23:36:03,9,NO_SERVER
AA0215,25998,0,0,PS,990930,4:23:57,4:23:57,0,0:00:00,0:00:00,0,HANG,0:00:00,0:00:00,0,NO_SERVER
AA0215,25999,0,0,PS,990930,7:39:12,7:39:21,9,0:00:00,0:00:00,0,AGENT,7:39:20,7:41:43,143,ANAT
AA0215,26000,0,0,PS,990930,8:17:19,8:17:32,13,0:00:00,0:00:00,0,AGENT,8:17:31,8:19:50,139,ANAT
AA0215,26001,0,0,NW,990930,8:44:09,8:44:26,17,0:00:00,0:00:00,0,AGENT,8:44:26,8:48:44,258,SHARON
AA0215,26002,0,0,NW,990930,8:55:50,8:55:59,9,8:55:59,8:57:45,106,AGENT,8:57:43,8:58:20,37,ANAT
AA0215,26003,28767473,1,PS,990930,9:13:28,9:13:34,6,9:13:34,9:16:33,179,AGENT,9:16:31,9:17:46,75,YIFAT
AA0215,26004,27155795,1,PS,990930,9:30:42,9:30:48,6,9:30:48,9:31:00,12,AGENT,9:30:58,9:31:18,20,YIFAT
AA0215,26005,0,0,NW,990930,9:43:04,9:43:13,9,9:43:13,9:43:43,30,AGENT,9:43:43,9:44:03,20,SHARON
AA0215,26006,32063331,1,PS,990930,9:53:44,9:53:50,6,9:53:50,9:56:13,143,AGENT,9:56:12,9:58:39,147,YIFAT
AA0215,26007,30442495,2,PS,990930,10:01:15,10:01:21,6,10:01:21,10:01:57,36,HANG,0:00:00,0:00:00,0,NO_SERVER
AA0215,26008,55525661,2,PS,990930,10:16:36,10:16:57,21,10:16:57,10:17:10,13,AGENT,10:17:09,10:19:17,128,YIFAT
AA0215,26009,0,0,PS,990930,10:28:40,10:28:50,10,0:00:00,0:00:00,0,AGENT,10:28:49,10:28:51,2,ANAT
AA0215,26010,54613724,2,NE,990930,10:42:27,10:42:32,5,10:42:32,10:43:54,82,AGENT,10:43:53,10:46:30,157,TOVA
AA0215,26011,0,0,PS,990930,10:59:17,10:59:26,9,0:00:00,0:00:00,0,AGENT,10:59:26,11:02:33,187,SHARON
AA0215,26012,26834044,2,NE,990930,11:04:39,11:04:45,6,11:04:45,11:06:25,100,AGENT,11:06:24,11:22:05,941,ROTH
AA0215,26013,52896875,2,PS,990930,11:14:51,11:14:56,5,11:14:56,11:17:51,175,AGENT,11:17:50,11:18:48,58,ANAT
AA0215,26015,0,0,PE,990930,11:22:15,11:22:15,0,0:00:00,0:00:00,0,HANG,0:00:00,0:00:00,0,NO_SERVER
AA0215,26016,10858884,2,NE,990930,11:26:18,11:26:23,5,11:26:23,11:30:30,247,AGENT,11:30:29,11:31:22,53,ZOHARI
AA0215,26017,0,0,NE,990930,11:38:57,11:40:24,87,0:00:00,0:00:00,0,HANG,0:00:00,0:00:00,0,NO_SERVER
AA0215,26018,314272303,2,PS,990930,11:44:58,11:45:04,6,11:45:04,11:47:14,130,AGENT,11:47:13,11:50:22,189,YIFAT
AA0215,26019,24927717,1,PS,990930,11:52:33,11:52:38,5,11:52:38,11:52:47,9,HANG,0:00:00,0:00:00,0,NO_SERVER
AA0215,26020,31764384,1,PS,990930,12:01:48,12:01:54,6,12:01:54,12:06:08,254,AGENT,12:06:07,12:07:25,78,SHARON
AA0215,26021,33058777,1,PS,990930,12:14:15,12:14:20,5,12:14:20,12:15:26,66,AGENT,12:15:25,12:16:09,44,ROTH
AA0215,26022,33023227,1,PS,990930,12:25:26,12:25:31,5,12:25:31,12:26:05,34,AGENT,12:26:04,12:28:02,118,YIFAT
AA0215,26023,0,0,PS,990930,12:48:49,12:49:00,11,0:00:00,0:00:00,0,AGENT,12:48:59,12:49:14,15,SHARON
AA0215,26024,0,0,PS,990930,13:02:30,13:02:41,11,0:00:00,0:00:00,0,AGENT,13:02:40,13:04:05,85,SHARON
AA0215,26025,9247552,2,PS,990930,13:22:31,13:22:37,6,13:22:37,13:23:05,28,PHANTOM,13:23:04,13:23:07,3,NO_SERVER
AA0215,26026,0,0,PS,990930,13:37:39,13:37:51,12,0:00:00,0:00:00,0,AGENT,13:37:50,13:38:50,60,YIFAT
AA0215,26027,52031556,2,NE,990930,13:53:01,13:53:06,5,13:53:06,13:54:06,60,AGENT,13:53:15,13:59:52,397,ELI
AA0215,26028,28546109,1,PS,990930,14:04:17,14:04:22,5,14:04:22,14:09:59,337,AGENT,14:09:59,14:12:33,154,ROTH
AA0215,26029,51305340,1,PS,990930,14:21:25,14:21:30,5,14:21:30,14:28:32,422,AGENT,14:28:32,14:29:29,57,SHARON
AA0215,26030,22225197,1,PS,990930,14:39:36,14:39:42,6,14:39:42,14:42:15,153,HANG,0:00:00,0:00:00,0,NO_SERVER
AA0215,26031,0,0,NW,990930,15:00:21,15:00:31,10,15:00:31,15:01:31,60,HANG,0:00:00,0:00:00,0,NO_SERVER
AA0215,26032,0,0,PS,990930,15:28:40,15:28:50,10,0:00:00,0:00:00,0,AGENT,15:28:49,15:29:52,63,YITZ
AA0215,26033,0,0,PS,990930,16:03:37,16:03:55,18,0:00:00,0:00:00,0,AGENT,16:03:55,16:04:56,61,STEREN
AA0215,26034,302424502,1,PS,990930,16:25:47,16:25:52,5,16:25:52,16:26:15,23,AGENT,16:26:15,16:31:13,298,STEREN
AA0215,26035,0,0,PS,990930,16:43:17,16:43:27,10,0:00:00,0:00:00,0,AGENT,16:43:26,16:44:08,42,STEREN
AA0215,26036,0,0,NW,990930,17:02:01,17:02:10,9,17:02:10,17:02:10,0,HANG,0:00:00,0:00:00,0,NO_SERVER
AA0215,26037,0,0,PS,990930,17:33:25,17:33:34,9,0:00:00,0:00:00,0,AGENT,17:33:33,17:35:22,109,VICKY
AA0215,26038,0,0,PS,990930,18:23:13,18:23:33,20,0:00:00,0:00:00,0,AGENT,18:23:25,18:27:57,272,MEIR
AA0215,26039,0,0,PS,990930,18:47:45,18:47:54,9,0:00:00,0:00:00,0,AGENT,18:47:53,18:49:00,67,AVNI
AA0215,26040,0,0,PS,990930,19:45:39,19:45:48,9,0:00:00,0:00:00,0,AGENT,19:45:47,19:47:43,116,VICKY
AA0215,26041,0,0,PS,990930,20:14:34,20:14:46,12,0:00:00,0:00:00,0,AGENT,20:14:45,20:19:16,271,MEIR
AA0215,26042,0,0,PS,990930,20:54:59,20:55:08,9,0:00:00,0:00:00,0,AGENT,20:55:08,21:00:29,321,AVNI
AA0215,26043,0,0,PS,990930,21:29:55,21:30:04,9,0:00:00,0:00:00,0,AGENT,21:30:03,21:36:22,379,STEREN
AA0215,26044,0,0,NE,990930,22:25:11,22:25:23,12,0:00:00,0:00:00,0,AGENT,22:25:22,22:26:53,91,STEREN
AA0215,26045,0,0,NE,990930,23:29:36,23:29:48,12,0:00:00,0:00:00,0,AGENT,23:29:47,23:34:41,294,AVNI
AA0216,10479,0,0,IN,990901,7:26:56,7:27:13,17,0:00:00,0:00:00,0,AGENT,7:27:12,7:41:19,847,Z2NIRIT
AA0216,10480,0,0,IN,990901,8:31:36,8:31:51,15,0:00:00,0:00:00,0,AGENT,8:31:50,8:35:54,244,YIFAT
AA0216,10481,0,0,IN,990901,8:38:09,8:38:25,16,0:00:00,0:00:00,0,AGENT,8:38:24,8:39:51,87,Z2IFAT
AA0216,10482,0,0,IN,990901,9:26:21,9:26:36,15,0:00:00,0:00:00,0,AGENT,9:26:35,9:29:15,160,Z2IFAT
AA0216,10483,0,0,IN,990901,9:39:01,9:39:14,13,0:00:00,0:00:00,0,AGENT,9:39:14,9:48:41,567,Z2IFAT
AA0216,10484,0,0,IN,990901,9:40:42,9:40:56,14,0:00:00,0:00:00,0,AGENT,9:40:56,9:42:03,67,YIFAT
AA0216,10485,0,0,IN,990901,9:45:27,9:45:36,9,9:45:36,9:46:49,73,HANG,0:00:00,0:00:00,0,NO_SERVER
AA0216,10486,0,0,IN,990901,9:58:20,9:58:36,16,0:00:00,0:00:00,0,AGENT,9:58:35,10:13:51,916,Z2LIOR
AA0216,10487,0,0,IN,990901,10:10:43,10:11:00,17,0:00:00,0:00:00,0,AGENT,10:10:59,10:12:43,104,Z2IFAT
AA0216,10488,0,0,IN,990901,10:16:54,10:17:14,20,0:00:00,0:00:00,0,AGENT,10:17:13,10:19:20,127,YIFAT
AA0216,10489,0,0,IN,990901,10:40:17,10:40:40,23,0:00:00,0:00:00,0,AGENT,10:40:40,11:06:49,1569,YIFAT
AA0216,10490,0,0,IN,990901,11:02:43,11:02:53,10,11:02:53,11:03:19,26,AGENT,11:03:18,11:21:02,1064,Z2IFAT
AA0216,10491,0,0,IN,990901,11:16:23,11:16:39,16,0:00:00,0:00:00,0,AGENT,11:16:38,11:36:47,1209,YIFAT
AA0216,10492,0,0,IN,990901,11:33:10,11:33:32,22,0:00:00,0:00:00,0,AGENT,11:33:31,11:40:16,405,Z2IFAT
AA0216,10493,0,0,IN,990901,11:40:10,11:40:19,9,11:40:19,11:41:10,51,AGENT,11:41:09,11:48:43,454,YIFAT
AA0216,10494,0,0,IN,990901,11:50:09,11:50:22,13,0:00:00,0:00:00,0,AGENT,11:50:22,11:52:01,99,YIFAT
AA0216,10495,0,0,IN,990901,12:21:00,12:21:21,21,0:00:00,0:00:00,0,AGENT,12:21:20,12:32:29,669,Z2IFAT
AA0216,10496,0,0,IN,990901,12:29:33,12:29:43,10,12:29:43,12:34:21,278,AGENT,12:34:20,12:37:41,201,YIFAT
AA0216,10497,0,0,IN,990901,12:34:44,12:34:53,9,12:34:53,12:34:55,2,HANG,0:00:00,0:00:00,0,NO_SERVER
AA0216,10498,0,0,IN,990901,12:35:52,12:36:02,10,12:36:02,12:36:15,13,HANG,0:00:00,0:00:00,0,NO_SERVER
AA0216,10499,0,0,IN,990901,12:41:04,12:41:22,18,0:00:00,0:00:00,0,AGENT,12:41:21,12:42:29,68,Z2LIOR
AA0216,10500,0,0,IN,990901,12:49:22,12:49:41,19,0:00:00,0:00:00,0,AGENT,12:49:40,12:56:24,404,Z2LIOR
AA0216,10501,0,0,IN,990901,12:52:42,12:53:00,18,0:00:00,0:00:00,0,AGENT,12:52:59,12:56:50,231,YIFAT
AA0216,10502,0,0,IN,990901,13:02:57,13:03:39,42,13:03:39,13:04:03,24,AGENT,13:04:02,13:09:53,351,Z2LIOR
AA0216,10503,0,0,IN,990901,13:06:52,13:07:01,9,13:07:01,13:10:42,221,AGENT,13:10:41,13:25:35,894,Z2LIOR
AA0216,10504,0,0,IN,990901,13:18:26,13:18:35,9,13:18:35,13:22:32,237,AGENT,13:22:31,13:25:04,153,NAAMA
AA0216,10505,0,0,IN,990901,13:25:41,13:25:50,9,13:25:50,13:29:37,227,AGENT,13:29:36,13:35:52,376,Z2LIOR
AA0216,10506,0,0,IN,990901,13:35:38,13:36:00,22,0:00:00,0:00:00,0,AGENT,13:35:59,13:45:13,554,YIFAT
AA0216,10507,0,0,IN,990901,13:50:37,13:51:00,23,0:00:00,0:00:00,0,AGENT,13:50:59,13:52:03,64,Z2LIOR
AA0216,10508,0,0,IN,990901,14:11:49,14:12:02,13,0:00:00,0:00:00,0,AGENT,14:12:01,14:15:06,185,YIFAT
AA0216,10509,0,0,IN,990901,14:47:09,14:47:24,15,0:00:00,0:00:00,0,AGENT,14:47:23,15:05:53,1110,YIFAT
AA0216,10510,0,0,IN,990901,14:57:30,14:57:39,9,14:57:39,15:00:06,147,AGENT,15:00:05,15:07:11,426,NAAMA
AA0216,10511,0,0,IN,990901,15:19:57,15:20:21,24,15:20:21,15:20:57,36,AGENT,15:20:56,15:31:22,626,YIFAT
AA0216,10512,0,0,IN,990901,15:29:50,15:30:05,15,0:00:00,0:00:00,0,AGENT,15:30:03,15:31:45,102,Z2LIOR
AA0216,10513,0,0,IN,990901,15:44:50,15:45:00,10,15:45:00,15:45:53,53,AGENT,15:45:52,15:57:37,705,Z2OFERZ
AA0216,10514,0,0,IN,990901,15:53:28,15:53:38,10,15:53:38,15:53:58,20,HANG,0:00:00,0:00:00,0,NO_SERVER
AA0216,10515,0,0,IN,990901,15:56:35,15:56:44,9,15:56:44,15:58:21,97,AGENT,15:58:20,16:00:45,145,Z2OFERZ
AA0216,10516,0,0,IN,990901,16:01:04,16:01:13,9,16:01:13,16:01:52,39,AGENT,16:01:51,16:02:41,50,Z2OFERZ
AA0216,10517,0,0,IN,990901,16:03:57,16:04:06,9,16:04:06,16:06:31,145,AGENT,16:06:31,16:07:34,63,Z2OFERZ
AA0216,10518,0,0,IN,990901,16:09:21,16:09:31,10,16:09:31,16:13:32,241,AGENT,16:13:32,16:17:34,242,Z2OFERZ
AA0216,10519,0,0,IN,990901,16:28:53,16:29:06,13,0:00:00,0:00:00,0,AGENT,16:29:05,16:44:02,897,Z2ELINOR
AA0216,10520,0,0,IN,990901,16:44:18,16:44:32,14,0:00:00,0:00:00,0,AGENT,16:44:31,16:46:48,137,Z2ELINOR
AA0216,10521,0,0,IN,990901,16:54:10,16:54:26,16,0:00:00,0:00:00,0,AGENT,16:54:25,17:11:39,1034,Z2ELINOR
AA0216,10522,0,0,IN,990901,17:12:36,17:12:52,16,0:00:00,0:00:00,0,AGENT,17:12:51,17:13:09,18,Z2ELINOR
AA0216,10523,0,0,IN,990901,17:14:45,17:15:09,24,0:00:00,0:00:00,0,AGENT,17:15:09,17:15:31,22,Z2ELINOR
AA0216,10524,0,0,IN,990901,17:16:37,17:16:46,9,17:16:46,17:17:56,70,AGENT,17:17:55,17:18:22,27,Z2EYAL
AA0216,10525,0,0,IN,990901,17:33:10,17:33:30,20,0:00:00,0:00:00,0,AGENT,17:33:29,17:47:51,862,Z2OFERZ
AA0216,10526,0,0,IN,990901,17:48:48,17:49:13,25,17:49:13,17:49:38,25,AGENT,17:49:37,17:50:21,44,Z2ARIE
AA0216,10527,0,0,IN,990901,18:05:42,18:05:58,16,0:00:00,0:00:00,0,AGENT,18:05:57,18:30:43,1486,Z2ELINOR
AA0216,10528,0,0,IN,990901,18:37:53,18:38:08,15,0:00:00,0:00:00,0,AGENT,18:38:07,18:45:44,457,Z2EYAL
AA0216,10529,0,0,IN,990901,18:47:34,18:47:50,16,0:00:00,0:00:00,0,AGENT,18:47:49,18:51:10,201,Z2ELINOR
AA0216,10530,0,0,IN,990901,19:01:22,19:02:37,75,0:00:00,0:00:00,0,AGENT,19:02:37,19:10:29,472,Z2OFERZ
AA0216,10531,0,0,IN,990901,19:14:06,19:14:23,17,0:00:00,0:00:00,0,AGENT,19:14:23,19:42:25,1682,Z2OFERZ
AA0216,10532,0,0,IN,990901,19:26:06,19:26:15,9,19:26:15,19:28:59,164,AGENT,19:28:59,19:30:06,67,Z2ELINOR
AA0216,10533,0,0,IN,990901,20:17:58,20:18:18,20,0:00:00,0:00:00,0,AGENT,20:18:17,20:24:37,380,Z2OFER
AA0216,10534,0,0,IN,990901,20:45:22,20:45:42,20,0:00:00,0:00:00,0,AGENT,20:45:40,21:11:49,1569,Z2ARIE
AA0216,10535,0,0,IN,990901,21:17:36,21:17:54,18,0:00:00,0:00:00,0,AGENT,21:17:53,21:18:44,51,Z2EYAL
AA0216,10536,0,0,IN,990901,21:30:10,21:30:28,18,0:00:00,0:00:00,0,AGENT,21:30:27,21:59:48,1761,Z2OFERZ
AA0216,10537,0,0,IN,990901,21:36:04,21:36:22,18,0:00:00,0:00:00,0,AGENT,21:36:22,21:52:17,955,Z2OFER
AA0216,10538,0,0,IN,990901,22:13:30,22:14:02,32,0:00:00,0:00:00,0,AGENT,22:14:02,22:28:00,838,Z2EYAL
AA0216,10539,0,0,IN,990901,22:47:52,22:48:05,13,0:00:00,0:00:00,0,AGENT,22:48:05,23:07:32,1167,Z2OFER
AA0216,10540,0,0,IN,990901,22:56:45,22:56:54,9,22:56:54,23:08:00,666,AGENT,23:08:00,23:10:34,154,Z2OFER
AA0216,10541,0,0,IN,990901,23:08:11,23:08:20,9,23:08:20,23:10:35,135,AGENT,23:10:34,23:19:56,562,DARMON
AA0216,10542,0,0,IN,990901,23:13:26,23:13:35,9,23:13:35,23:13:40,5,HANG,0:00:00,0:00:00,0,NO_SERVER
AA0216,10543,0,0,IN,990901,23:14:24,23:14:27,3,0:00:00,0:00:00,0,HANG,0:00:00,0:00:00,0,NO_SERVER
AA0216,10544,0,0,IN,990901,23:18:05,23:18:15,10,23:18:15,23:20:27,132,AGENT,23:20:27,23:28:48,501,DARMON
AA0216,10545,0,0,IN,990901,23:29:56,23:30:09,13,0:00:00,0:00:00,0,AGENT,23:30:08,23:32:40,152,Z2OFER
AA0216,10546,0,0,IN,990901,23:46:02,23:46:11,9,23:46:11,23:46:37,26,AGENT,23:46:36,23:46:36,0,AVI
AA0216,10547,0,0,IN,990902,0:03:07,0:03:17,10,0:03:17,0:05:02,105,HANG,0:00:00,0:00:00,0,NO_SERVER
AA0216,10548,0,0,IN,990902,8:25:30,8:25:45,15,0:00:00,0:00:00,0,AGENT,8:25:44,8:38:56,792,Z2ARIE
AA0216,10549,0,0,IN,990902,8:41:56,8:42:09,13,0:00:00,0:00:00,0,AGENT,8:42:08,8:54:16,728,Z2ARIE
AA0216,10550,0,0,IN,990902,8:49:07,8:49:17,10,8:49:17,8:52:04,167,HANG,0:00:00,0:00:00,0,NO_SERVER
AA0216,10551,0,0,IN,990902,9:00:35,9:00:49,14,0:00:00,0:00:00,0,AGENT,9:00:48,9:16:14,926,Z2OFER
AA0216,10552,0,0,IN,990902,9:22:52,9:24:07,75,9:24:07,9:24:36,29,AGENT,9:24:34,9:33:31,537,Z2IFAT
AA0216,10553,0,0,IN,990902,9:51:13,9:51:34,21,0:00:00,0:00:00,0,AGENT,9:51:33,9:56:37,304,Z2IFAT
AA0216,10554,0,0,IN,990902,10:03:20,10:03:41,21,0:00:00,0:00:00,0,AGENT,10:03:40,10:10:11,391,Z2IFAT
AA0216,10555,0,0,IN,990902,10:06:33,10:06:42,9,10:06:42,10:08:44,122,AGENT,10:08:44,10:24:02,918,Z2ARIE
AA0216,10556,0,0,IN,990902,10:18:18,10:18:33,15,0:00:00,0:00:00,0,AGENT,10:18:32,10:24:11,339,Z2OFER
AA0216,10557,0,0,IN,990902,10:30:31,10:30:45,14,0:00:00,0:00:00,0,AGENT,10:30:45,10:32:25,100,Z2OFER
AA0216,10558,0,0,IN,990902,10:46:43,10:47:01,18,0:00:00,0:00:00,0,AGENT,10:47:00,14:46:49,14389,Z2IFAT
AA0216,10559,0,0,IN,990902,11:07:51,11:08:09,18,0:00:00,0:00:00,0,AGENT,11:08:08,11:11:55,227,Z2ARIE
AA0216,10560,0,0,IN,990902,11:15:42,11:16:41,59,11:16:41,11:18:38,117,HANG,0:00:00,0:00:00,0,NO_SERVER
AA0216,10561,0,0,IN,990902,11:28:55,11:29:12,17,0:00:00,0:00:00,0,AGENT,11:29:11,11:30:55,104,Z2ARIE
AA0216,10562,0,0,IN,990902,11:34:11,11:34:20,9,11:34:20,11:34:43,23,AGENT,11:34:43,11:37:37,174,Z2OFER
AA0216,10563,0,0,IN,990902,11:40:18,11:40:28,10,11:40:28,11:43:39,191,AGENT,11:43:38,12:03:47,1209,Z2ARIE
AA0216,10564,0,0,IN,990902,11:46:15,11:46:25,10,11:46:25,11:48:11,106,HANG,0:00:00,0:00:00,0,NO_SERVER
AA0216,10565,0,0,IN,990902,11:54:40,11:54:53,13,0:00:00,0:00:00,0,AGENT,11:54:53,11:57:22,149,Z2OFER
AA0216,10566,0,0,IN,990902,12:06:33,12:06:59,26,12:06:59,12:07:10,11,AGENT,12:07:09,12:08:32,83,Z2LIOR
AA0216,10567,0,0,IN,990902,12:13:21,12:13:30,9,12:13:30,12:14:10,40,AGENT,12:14:10,12:15:55,105,Z2OFER
AA0216,10568,0,0,IN,990902,12:18:25,12:18:35,10,12:18:35,12:20:35,120,HANG,0:00:00,0:00:00,0,NO_SERVER
AA0216,10569,0,0,IN,990902,12:23:34,12:23:43,9,12:23:43,12:26:22,159,HANG,0:00:00,0:00:00,0,NO_SERVER
AA0216,10570,0,0,IN,990902,12:30:16,12:30:25,9,12:30:25,12:31:06,41,HANG,0:00:00,0:00:00,0,NO_SERVER
AA0216,10571,0,0,IN,990902,12:57:38,12:58:15,37,0:00:00,0:00:00,0,AGENT,12:58:13,13:00:33,140,Z2LIOR
AA0216,10572,0,0,IN,990902,13:03:24,13:03:34,10,13:03:34,13:04:02,28,AGENT,13:04:01,13:05:56,115,Z2LIOR
AA0216,10573,0,0,IN,990902,13:05:47,13:05:56,9,13:05:56,13:06:03,7,AGENT,13:06:02,13:26:47,1245,Z2LIOR
AA0216,10574,0,0,IN,990902,13:26:22,13:26:41,19,0:00:00,0:00:00,0,AGENT,13:26:40,13:31:39,299,Z2OFER
AA0216,10575,0,0,IN,990902,13:43:07,13:43:23,16,0:00:00,0:00:00,0,AGENT,13:43:22,13:43:32,10,NO_SERVER
AA0216,10576,0,0,IN,990902,13:50:52,13:51:08,16,0:00:00,0:00:00,0,AGENT,13:51:07,13:52:16,69,Z2OFER
AA0216,10577,0,0,IN,990902,13:51:29,13:51:39,10,13:51:39,13:52:06,27,HANG,0:00:00,0:00:00,0,NO_SERVER
AA0216,10578,0,0,IN,990902,13:53:01,13:53:10,9,13:53:10,13:55:55,165,AGENT,13:55:53,13:58:39,166,Z2LIOR
AA0216,10579,0,0,IN,990902,14:05:36,14:05:46,10,14:05:46,14:07:14,88,AGENT,14:07:13,14:11:35,262,Z2LIOR
AA0216,10580,0,0,IN,990902,14:22:29,14:22:38,9,14:22:38,14:23:44,66,AGENT,14:23:42,14:26:26,164,Z2OFER
AA0216,10581,0,0,IN,990902,14:42:32,14:42:57,25,14:42:57,14:43:48,51,AGENT,14:43:47,14:45:48,121,Z2OFER
AA0216,10582,0,0,IN,990902,14:58:03,14:58:12,9,14:58:12,15:01:13,181,AGENT,15:01:12,15:04:35,203,Z2LIOR
AA0216,10583,0,0,IN,990902,15:03:37,15:03:46,9,15:03:46,15:05:05,79,AGENT,15:05:04,15:08:57,233,Z2EYAL
AA0216,10584,0,0,IN,990902,15:21:38,15:21:50,12,0:00:00,0:00:00,0,AGENT,15:21:49,15:23:32,103,Z2EYAL
AA0216,10585,0,0,IN,990902,15:41:08,15:41:18,10,15:41:18,15:41:30,12,AGENT,15:41:29,15:46:15,286,Z2EYAL
AA0216,10586,0,0,IN,990902,15:43:43,15:43:44,1,0:00:00,0:00:00,0,HANG,0:00:00,0:00:00,0,NO_SERVER
AA0216,10587,0,0,IN,990902,16:37:22,16:37:39,17,0:00:00,0:00:00,0,AGENT,16:37:37,16:46:18,521,Z2ELINOR
AA0216,10588,0,0,IN,990902,16:41:12,16:41:22,10,16:41:22,16:44:04,162,HANG,0:00:00,0:00:00,0,NO_SERVER
AA0216,10589,0,0,IN,990902,16:59:20,16:59:36,16,0:00:00,0:00:00,0,AGENT,16:59:35,17:01:25,110,Z2EYAL
AA0216,10590,0,0,IN,990902,17:51:59,17:52:22,23,0:00:00,0:00:00,0,AGENT,17:52:22,18:07:05,883,Z2ELINOR
AA0216,10591,0,0,IN,990902,18:11:32,18:11:52,20,0:00:00,0:00:00,0,AGENT,18:11:52,18:13:52,120,Z2LIOR
AA0216,10592,0,0,IN,990902,18:28:30,18:28:52,22,0:00:00,0:00:00,0,AGENT,18:28:51,18:48:09,1158,Z2ELINOR
AA0216,10593,0,0,IN,990902,18:37:59,18:38:15,16,0:00:00,0:00:00,0,AGENT,18:38:14,18:46:32,498,Z2OFERZ
AA0216,10594,0,0,IN,990902,18:50:34,18:51:19,45,0:00:00,0:00:00,0,AGENT,18:51:18,19:18:50,1652,Z2ELINOR
AA0216,10595,0,0,IN,990902,18:56:02,18:56:20,18,0:00:00,0:00:00,0,AGENT,18:56:19,18:58:07,108,Z2OFERZ
AA0216,10596,0,0,IN,990902,19:35:27,19:35:45,18,0:00:00,0:00:00,0,AGENT,19:35:45,20:34:41,3536,Z2ELINOR
AA0216,10597,0,0,IN,990902,19:53:00,19:53:19,19,0:00:00,0:00:00,0,AGENT,19:53:18,19:55:26,128,Z2LIOR
AA0216,10598,0,0,IN,990902,20:15:06,20:15:20,14,0:00:00,0:00:00,0,AGENT,20:15:19,20:19:49,270,Z2OFERZ
AA0216,10599,0,0,IN,990902,20:36:00,20:36:15,15,0:00:00,0:00:00,0,AGENT,20:36:14,20:42:14,360,Z2OFERZ
AA0216,10600,0,0,IN,990902,20:38:58,20:39:23,25,0:00:00,0:00:00,0,AGENT,20:39:22,20:42:02,160,Z2EYAL
AA0216,10601,0,0,IN,990902,21:05:37,21:05:57,20,0:00:00,0:00:00,0,AGENT,21:05:55,21:09:16,201,Z2OFERZ
AA0216,10602,0,0,IN,990902,21:16:01,21:16:22,21,0:00:00,0:00:00,0,AGENT,21:16:22,21:21:54,332,Z2EYAL
AA0216,10603,0,0,IN,990902,21:31:35,21:32:13,38,0:00:00,0:00:00,0,AGENT,21:32:12,21:33:50,98,Z2EYAL
AA0216,10604,0,0,IN,990902,21:54:11,21:54:34,23,0:00:00,0:00:00,0,AGENT,21:54:33,22:40:16,2743,Z2OFERZ
AA0216,10605,0,0,IN,990902,22:15:24,22:15:37,13,0:00:00,0:00:00,0,AGENT,22:15:36,22:18:29,173,Z2ELINOR
AA0216,10606,0,0,IN,990902,22:40:36,22:40:51,15,0:00:00,0:00:00,0,AGENT,22:40:51,22:43:15,144,Z2ELINOR
AA0216,10607,0,0,IN,990902,22:57:44,22:58:03,19,0:00:00,0:00:00,0,AGENT,22:58:03,23:30:50,1967,Z2ELINOR
AA0216,10608,0,0,IN,990902,23:02:51,23:03:01,10,23:03:01,23:07:03,242,HANG,0:00:00,0:00:00,0,NO_SERVER
AA0216,10609,0,0,IN,990902,23:11:06,23:11:15,9,23:11:15,23:15:16,241,HANG,0:00:00,0:00:00,0,NO_SERVER
AA0216,10610,0,0,IN,990902,23:28:14,23:28:23,9,23:28:23,23:30:57,154,AGENT,23:30:56,23:34:15,199,Z2ELINOR
AA0216,10611,0,0,IN,990902,23:47:12,23:47:28,16,0:00:00,0:00:00,0,AGENT,23:47:27,23:51:40,253,Z2ELINOR
AA0216,10612,0,0,IN,990903,7:02:16,7:02:30,14,0:00:00,0:00:00,0,AGENT,7:02:31,7:04:20,109,NO_SERVER
AA0216,10613,0,0,PS,990903,7:04:34,7:04:42,8,7:04:42,7:05:06,24,HANG,0:00:00,0:00:00,0,NO_SERVER
AA0216,10614,0,0,IN,990903,7:18:33,7:18:47,14,0:00:00,0:00:00,0,AGENT,7:18:47,7:19:18,31,Z2NIRIT
AA0216,10615,0,0,IN,990903,7:34:15,7:34:28,13,0:00:00,0:00:00,0,AGENT,7:34:27,7:38:29,242,Z2NIRIT
AA0216,10616,0,0,IN,990903,7:42:00,7:42:13,13,0:00:00,0:00:00,0,AGENT,7:42:12,7:45:01,169,Z2NIRIT
AA0216,10617,0,0,IN,990903,8:03:28,8:03:48,20,0:00:00,0:00:00,0,AGENT,8:03:47,8:33:41,1794,Z2ELINOR
AA0216,10618,0,0,IN,990903,8:04:02,8:04:11,9,8:04:11,8:04:31,20,HANG,0:00:00,0:00:00,0,NO_SERVER
AA0216,10619,0,0,IN,990903,8:07:54,8:08:07,13,0:00:00,0:00:00,0,HANG,0:00:00,0:00:00,0,NO_SERVER
AA0216,10620,0,0,IN,990903,8:19:20,8:19:38,18,0:00:00,0:00:00,0,AGENT,8:19:36,8:22:55,199,Z2NIRIT
AA0216,10621,0,0,IN,990903,8:54:28,8:54:45,17,0:00:00,0:00:00,0,AGENT,8:54:44,8:59:22,278,Z2NIRIT
AA0216,10622,0,0,IN,990903,8:56:50,8:56:59,9,8:56:59,8:57:42,43,HANG,0:00:00,0:00:00,0,NO_SERVER
AA0216,10623,0,0,IN,990903,9:08:45,9:08:55,10,9:08:55,9:09:07,12,AGENT,9:09:07,9:43:43,2076,Z2ARIE
AA0216,10624,0,0,IN,990903,9:21:32,9:21:41,9,9:21:41,9:22:57,76,AGENT,9:22:56,9:24:56,120,Z2NIRIT
AA0216,10625,0,0,IN,990903,9:53:11,9:53:20,9,9:53:20,9:54:32,72,AGENT,9:54:31,9:55:24,53,Z2NIRIT
AA0216,10626,0,0,IN,990903,10:12:27,10:12:48,21,0:00:00,0:00:00,0,AGENT,10:12:48,10:18:42,354,Z2ELINOR
AA0216,10627,0,0,IN,990903,10:23:18,10:23:35,17,0:00:00,0:00:00,0,AGENT,10:23:34,10:34:38,664,Z2ARIE
AA0216,10628,0,0,IN,990903,10:25:13,10:25:29,16,0:00:00,0:00:00,0,AGENT,10:25:28,10:29:54,266,Z2NIRIT
AA0216,10629,0,0,IN,990903,10:33:42,10:34:04,22,10:34:04,10:34:44,40,AGENT,10:34:44,10:37:42,178,Z2ARIE
AA0216,10630,0,0,IN,990903,10:38:35,10:38:54,19,0:00:00,0:00:00,0,AGENT,10:38:53,10:40:07,74,Z2ARIE
AA0216,10631,0,0,IN,990903,10:48:27,10:48:45,18,0:00:00,0:00:00,0,AGENT,10:48:45,10:50:10,85,Z2ELINOR
AA0216,10632,0,0,IN,990903,11:12:43,11:13:01,18,0:00:00,0:00:00,0,AGENT,11:12:59,11:13:53,54,Z2NIRIT
AA0216,10633,0,0,IN,990903,11:27:40,11:27:49,9,11:27:49,11:30:33,164,AGENT,11:30:32,11:42:26,714,Z2ARIE
AA0216,10634,0,0,IN,990903,11:44:05,11:44:24,19,0:00:00,0:00:00,0,AGENT,11:44:23,11:45:14,51,Z2NIRIT
AA0216,10635,0,0,IN,990903,12:02:29,12:02:49,20,0:00:00,0:00:00,0,AGENT,12:02:48,12:07:42,294,Z2ARIE
AA0216,10636,0,0,IN,990903,12:19:04,12:19:20,16,0:00:00,0:00:00,0,AGENT,12:19:20,12:27:24,484,Z2NIRIT
AA0216,10637,0,0,IN,990903,12:31:00,12:31:20,20,0:00:00,0:00:00,0,AGENT,12:31:19,12:33:05,106,Z2ELINOR
AA0216,10638,0,0,IN,990903,13:17:54,13:18:14,20,0:00:00,0:00:00,0,AGENT,13:18:13,13:22:29,256,Z2ARIE
AA0216,10639,0,0,IN,990903,13:51:15,13:51:25,10,13:51:25,13:54:08,163,HANG,0:00:00,0:00:00,0,NO_SERVER
AA0216,10640,0,0,IN,990903,14:12:41,14:13:18,37,0:00:00,0:00:00,0,HANG,0:00:00,0:00:00,0,NO_SERVER
AA0216,10641,0,0,IN,990903,14:39:16,14:39:39,23,0:00:00,0:00:00,0,HANG,0:00:00,0:00:00,0,NO_SERVER
AA0216,10642,0,0,IN,990903,14:58:18,14:58:38,20,0:00:00,0:00:00,0,HANG,0:00:00,0:00:00,0,NO_SERVER
AA0216,10643,0,0,IN,990903,16:19:41,16:19:59,18,0:00:00,0:00:00,0,HANG,0:00:00,0:00:00,0,NO_SERVER
AA0216,10644,0,0,IN,990903,19:17:41,19:18:18,37,0:00:00,0:00:00,0,HANG,0:00:00,0:00:00,0,NO_SERVER
AA0216,10645,0,0,IN,990904,19:20:02,19:20:03,1,0:00:00,0:00:00,0,HANG,0:00:00,0:00:00,0,NO_SERVER
AA0216,10646,0,0,IN,990904,19:28:39,19:28:55,16,0:00:00,0:00:00,0,HANG,0:00:00,0:00:00,0,NO_SERVER
AA0216,10647,0,0,IN,990904,19:48:07,19:48:25,18,0:00:00,0:00:00,0,HANG,0:00:00,0:00:00,0,NO_SERVER
AA0216,10648,0,0,IN,990904,19:55:44,19:56:13,29,0:00:00,0:00:00,0,HANG,0:00:00,0:00:00,0,NO_SERVER
AA0216,10649,0,0,IN,990904,20:00:47,20:01:08,21,0:00:00,0:00:00,0,HANG,0:00:00,0:00:00,0,NO_SERVER
AA0216,10650,0,0,IN,990904,20:26:25,20:26:45,20,0:00:00,0:00:00,0,AGENT,20:26:44,20:38:02,678,Z2OFERZ
AA0216,10651,0,0,IN,990904,21:05:46,21:06:14,28,0:00:00,0:00:00,0,AGENT,21:06:08,21:28:02,1314,Z2EYAL
AA0216,10652,0,0,IN,990904,21:22:56,21:23:06,10,21:23:06,21:25:07,121,HANG,0:00:00,0:00:00,0,NO_SERVER
AA0216,10653,0,0,IN,990904,21:27:58,21:28:13,15,0:00:00,0:00:00,0,AGENT,21:28:12,21:33:35,323,Z2OFERZ
AA0216,10654,0,0,IN,990904,21:34:32,21:34:46,14,0:00:00,0:00:00,0,AGENT,21:34:46,21:50:07,921,Z2OFERZ
AA0216,10655,0,0,IN,990904,21:52:14,21:52:29,15,0:00:00,0:00:00,0,AGENT,21:52:29,21:58:09,340,Z2OFERZ
AA0216,10656,0,0,IN,990904,21:59:12,21:59:38,26,21:59:38,21:59:47,9,AGENT,21:59:46,22:43:50,2644,Z2OFERZ
AA0216,10657,0,0,IN,990904,22:09:51,22:09:56,5,0:00:00,0:00:00,0,HANG,0:00:00,0:00:00,0,NO_SERVER
AA0216,10658,0,0,IN,990904,22:16:18,22:16:28,10,22:16:28,22:18:57,149,HANG,0:00:00,0:00:00,0,NO_SERVER
AA0216,10659,0,0,IN,990904,22:33:20,22:33:29,9,22:33:29,22:35:34,125,AGENT,22:35:33,22:42:18,405,Z2EYAL
AA0216,10660,0,0,IN,990904,22:42:18,22:42:27,9,22:42:27,22:42:46,19,AGENT,22:42:45,22:58:14,929,Z2EYAL
AA0216,10661,0,0,IN,990904,23:49:02,23:49:21,19,0:00:00,0:00:00,0,AGENT,23:49:20,23:52:10,170,Z2OFERZ
AA0216,10662,0,0,IN,990905,8:28:08,8:28:27,19,0:00:00,0:00:00,0,AGENT,8:28:27,8:37:03,516,Z2IFAT
AA0216,10663,0,0,IN,990905,8:34:36,8:34:45,9,8:34:45,8:37:16,151,AGENT,8:37:15,8:48:01,646,Z2IFAT
AA0216,10664,0,0,IN,990905,8:41:21,8:41:30,9,8:41:30,8:42:39,69,HANG,0:00:00,0:00:00,0,NO_SERVER
AA0216,10665,0,0,IN,990905,8:42:54,8:43:04,10,8:43:04,8:44:02,58,HANG,0:00:00,0:00:00,0,NO_SERVER
AA0216,10666,0,0,IN,990905,8:48:14,8:48:27,13,0:00:00,0:00:00,0,AGENT,8:48:27,8:50:55,148,Z2IFAT
AA0216,10667,0,0,IN,990905,8:55:16,8:55:36,20,0:00:00,0:00:00,0,AGENT,8:55:35,8:58:09,154,Z2IFAT
AA0216,10668,0,0,IN,990905,9:02:41,9:02:50,9,9:02:50,9:05:28,158,HANG,0:00:00,0:00:00,0,NO_SERVER
AA0216,10669,0,0,IN,990905,9:14:11,9:14:29,18,0:00:00,0:00:00,0,AGENT,9:14:29,9:17:45,196,Z2EYAL
AA0216,10670,0,0,IN,990905,9:19:23,9:20:01,38,0:00:00,0:00:00,0,AGENT,9:19:59,9:22:07,128,Z2IFAT
AA0216,10671,0,0,IN,990905,9:24:29,9:24:46,17,0:00:00,0:00:00,0,AGENT,9:24:44,9:27:06,142,Z2IFAT
AA0216,10672,0,0,IN,990905,9:28:43,9:28:56,13,0:00:00,0:00:00,0,AGENT,9:28:55,9:39:18,623,Z2IFAT
AA0216,10673,0,0,IN,990905,9:38:04,9:38:14,10,9:38:14,9:42:26,252,AGENT,9:42:25,9:48:10,345,Z2IFAT
AA0216,10674,0,0,IN,990905,9:47:53,9:48:03,10,9:48:03,9:48:51,48,AGENT,9:48:51,9:53:13,262,Z2EYAL
AA0216,10675,0,0,IN,990905,9:55:28,9:55:38,10,9:55:38,9:56:28,50,AGENT,9:56:27,9:59:42,195,YIFAT
AA0216,10676,0,0,IN,990905,9:57:46,9:57:55,9,9:57:55,9:59:50,115,AGENT,9:59:49,10:31:15,1886,YIFAT
AA0216,10677,0,0,IN,990905,10:11:40,10:11:50,10,10:11:50,10:12:39,49,AGENT,10:12:38,10:14:22,104,Z2EYAL
AA0216,10678,0,0,IN,990905,10:31:58,10:32:08,10,10:32:08,10:33:44,96,AGENT,10:33:43,10:36:33,170,Z2EYAL
AA0216,10679,0,0,IN,990905,10:38:07,10:38:16,9,10:38:16,10:40:11,115,AGENT,10:40:10,10:42:30,140,Z2EYAL
AA0216,10680,0,0,IN,990905,10:41:32,10:41:42,10,10:41:42,10:43:01,79,HANG,0:00:00,0:00:00,0,NO_SERVER
AA0216,10681,0,0,IN,990905,10:44:09,10:44:18,9,10:44:18,10:44:58,40,AGENT,10:44:58,10:45:50,52,YIFAT
AA0216,10682,0,0,IN,990905,10:47:17,10:47:27,10,10:47:27,10:47:32,5,AGENT,10:47:32,11:12:59,1527,YIFAT
AA0216,10683,0,0,IN,990905,11:26:14,11:26:16,2,0:00:00,0:00:00,0,HANG,0:00:00,0:00:00,0,NO_SERVER
AA0216,10684,0,0,IN,990905,11:33:03,11:33:20,17,0:00:00,0:00:00,0,AGENT,11:33:18,11:35:13,115,Z2IFAT
AA0216,10685,0,0,IN,990905,11:44:32,11:44:38,6,0:00:00,0:00:00,0,HANG,0:00:00,0:00:00,0,NO_SERVER
AA0216,10686,0,0,IN,990905,12:04:51,12:05:07,16,0:00:00,0:00:00,0,AGENT,12:05:06,12:10:06,300,Z2EYAL
AA0216,10687,0,0,IN,990905,12:16:17,12:16:33,16,0:00:00,0:00:00,0,AGENT,12:16:32,12:26:43,611,Z2ELINOR
AA0216,10688,0,0,IN,990905,12:29:29,12:29:46,17,0:00:00,0:00:00,0,AGENT,12:29:44,12:34:12,268,Z2IFAT
AA0216,10689,0,0,IN,990905,12:38:25,12:38:44,19,0:00:00,0:00:00,0,AGENT,12:38:42,12:39:37,55,Z2IFAT
AA0216,10690,0,0,IN,990905,12:43:08,12:43:30,22,0:00:00,0:00:00,0,AGENT,12:43:29,12:49:40,371,Z2IFAT
AA0216,10691,0,0,IN,990905,12:46:02,12:46:19,17,0:00:00,0:00:00,0,AGENT,12:46:17,12:49:54,217,Z2EYAL
AA0216,10692,0,0,IN,990905,12:48:45,12:48:54,9,12:48:54,12:49:48,54,AGENT,12:49:48,12:53:56,248,Z2IFAT
AA0216,10693,0,0,IN,990905,12:52:57,12:53:07,10,12:53:07,12:54:03,56,AGENT,12:54:02,13:08:01,839,Z2IFAT
AA0216,10694,0,0,IN,990905,13:02:40,13:02:49,9,13:02:49,13:07:51,302,AGENT,13:07:51,13:08:49,58,Z2EYAL
AA0216,10695,0,0,IN,990905,13:10:07,13:10:21,14,0:00:00,0:00:00,0,AGENT,13:10:20,13:22:19,719,YIFAT
AA0216,10696,0,0,IN,990905,13:18:45,13:19:01,16,0:00:00,0:00:00,0,AGENT,13:19:00,13:22:50,230,Z2IFAT
AA0216,10697,0,0,IN,990905,13:19:36,13:19:45,9,13:19:45,13:22:25,160,AGENT,0:00:00,0:00:00,0,YIFAT
AA0216,10698,0,0,IN,990905,13:23:45,13:23:58,13,0:00:00,0:00:00,0,AGENT,13:23:57,13:48:11,1454,Z2IFAT
AA0216,10699,0,0,IN,990905,13:27:36,13:27:46,10,13:27:46,13:42:50,904,AGENT,13:42:49,13:46:27,218,Z2OFERZ
AA0216,10700,0,0,IN,990905,13:43:18,13:43:27,9,13:43:27,13:44:40,73,HANG,0:00:00,0:00:00,0,NO_SERVER
AA0216,10701,0,0,IN,990905,13:45:05,13:45:15,10,13:45:15,13:46:11,56,HANG,0:00:00,0:00:00,0,NO_SERVER
AA0216,10702,0,0,IN,990905,13:46:19,13:46:29,10,13:46:29,13:47:22,53,AGENT,13:47:21,13:51:13,232,Z2ELINOR
AA0216,10703,0,0,IN,990905,13:52:29,13:52:48,19,0:00:00,0:00:00,0,HANG,0:00:00,0:00:00,0,NO_SERVER
AA0216,10704,0,0,IN,990905,13:54:43,13:55:09,26,13:55:09,14:00:10,301,AGENT,14:00:09,14:02:48,159,Z2ELINOR
AA0216,10705,0,0,IN,990905,14:00:59,14:01:08,9,14:01:08,14:04:25,197,AGENT,14:04:25,14:09:09,284,Z2EYAL
AA0216,10706,0,0,IN,990905,14:12:09,14:13:17,68,14:13:17,14:13:19,2,HANG,14:13:18,14:16:06,168,NO_SERVER
AA0216,10707,0,0,IN,990905,14:13:29,14:13:38,9,14:13:38,14:16:15,157,AGENT,14:16:14,14:21:14,300,Z2EYAL
AA0216,10708,0,0,IN,990905,14:25:54,14:26:07,13,0:00:00,0:00:00,0,AGENT,14:26:06,14:26:41,35,Z2OFERZ
AA0216,10709,0,0,IN,990905,14:38:55,14:39:10,15,0:00:00,0:00:00,0,AGENT,14:39:08,14:40:17,69,Z2OFERZ
AA0216,10710,0,0,IN,990905,14:42:52,14:43:02,10,14:43:02,14:43:24,22,HANG,0:00:00,0:00:00,0,NO_SERVER
AA0216,10711,0,0,IN,990905,14:49:41,14:49:51,10,14:49:51,14:50:10,19,HANG,0:00:00,0:00:00,0,NO_SERVER
AA0216,10712,0,0,IN,990905,14:53:50,14:54:00,10,14:54:00,15:00:03,363,AGENT,0:00:00,0:00:00,0,Z2ELINOR
AA0216,10713,0,0,IN,990905,15:08:11,15:08:24,13,0:00:00,0:00:00,0,AGENT,15:08:23,15:13:18,295,Z2NIRIT
AA0216,10714,0,0,IN,990905,15:09:19,15:09:29,10,15:09:29,15:09:30,1,HANG,0:00:00,0:00:00,0,NO_SERVER
AA0216,10715,0,0,IN,990905,15:09:53,15:10:02,9,15:10:02,15:13:36,214,AGENT,15:13:36,15:13:58,22,Z2ELINOR
AA0216,10716,0,0,IN,990905,15:14:36,15:14:45,9,15:14:45,15:15:22,37,AGENT,15:15:21,15:18:50,209,Z2ELINOR
AA0216,10717,0,0,IN,990905,15:15:55,15:16:04,9,15:16:04,15:17:14,70,AGENT,15:17:12,15:35:11,1079,Z2NIRIT
AA0216,10718,0,0,IN,990905,15:20:23,15:20:32,9,15:20:32,15:24:26,234,AGENT,15:24:25,15:25:41,76,Z2OFERZ
AA0216,10719,0,0,IN,990905,15:38:54,15:39:10,16,0:00:00,0:00:00,0,AGENT,15:39:09,15:39:39,30,Z2NIRIT
AA0216,10720,0,0,IN,990905,15:42:14,15:42:24,10,15:42:24,15:42:49,25,AGENT,15:42:48,15:47:35,287,Z2ELINOR
AA0216,10721,0,0,IN,990905,15:54:08,15:54:18,10,15:54:18,15:55:00,42,AGENT,15:54:59,15:56:32,93,Z2NIRIT
AA0216,10722,0,0,IN,990905,16:04:21,16:04:31,10,16:04:31,16:12:35,484,HANG,0:00:00,0:00:00,0,NO_SERVER
AA0216,10723,0,0,IN,990905,16:26:31,16:26:49,18,0:00:00,0:00:00,0,AGENT,16:26:48,16:36:05,557,Z2ELINOR
AA0216,10724,0,0,IN,990905,16:29:02,16:29:27,25,16:29:27,16:31:41,134,AGENT,16:31:40,16:33:48,128,Z2NIRIT
AA0216,10725,0,0,IN,990905,16:52:54,16:53:18,24,0:00:00,0:00:00,0,AGENT,16:53:17,17:15:53,1356,Z2ELINOR
AA0216,10726,0,0,IN,990905,16:56:47,16:57:00,13,0:00:00,0:00:00,0,AGENT,16:56:59,17:16:24,1165,Z2NIRIT
AA0216,10727,0,0,IN,990905,17:12:50,17:12:59,9,17:12:59,17:13:15,16,AGENT,17:13:13,17:15:49,156,Z2OFERZ
AA0216,10728,0,0,IN,990905,17:16:13,17:16:23,10,17:16:23,17:18:26,123,AGENT,17:18:25,17:21:26,181,Z2LIOR
AA0216,10729,0,0,IN,990905,17:37:38,17:37:51,13,0:00:00,0:00:00,0,AGENT,17:37:51,17:53:23,932,Z2OFERZ
AA0216,10730,0,0,IN,990905,18:04:26,18:04:39,13,0:00:00,0:00:00,0,AGENT,18:04:38,18:18:27,829,Z2NIRIT
AA0216,10731,0,0,IN,990905,18:40:08,18:40:30,22,0:00:00,0:00:00,0,AGENT,18:40:30,18:42:13,103,Z2NIRIT
AA0216,10732,0,0,IN,990905,18:52:29,18:52:46,17,0:00:00,0:00:00,0,AGENT,18:52:46,18:57:13,267,Z2OFER
AA0216,10733,0,0,IN,990905,18:58:17,18:58:43,26,18:58:43,18:59:07,24,AGENT,18:59:07,19:02:29,202,Z2NIRIT
AA0216,10734,0,0,IN,990905,19:32:18,19:32:38,20,19:32:38,19:32:54,16,AGENT,19:32:37,19:44:08,691,Z2OFER
AA0216,10735,0,0,IN,990905,20:21:01,20:21:22,21,0:00:00,0:00:00,0,AGENT,20:21:21,20:42:52,1291,Z2OFER
AA0216,10736,0,0,IN,990905,20:41:57,20:42:14,17,0:00:00,0:00:00,0,AGENT,20:42:13,20:42:40,27,Z2LIOR
AA0216,10737,0,0,IN,990905,21:08:32,21:08:48,16,0:00:00,0:00:00,0,AGENT,21:08:47,21:18:29,582,Z2NIRIT
AA0216,10738,0,0,IN,990905,21:16:18,21:16:28,10,21:16:28,21:18:35,127,AGENT,21:18:34,21:21:44,190,Z2NIRIT
AA0216,10739,0,0,IN,990905,21:24:58,21:25:08,10,21:25:08,21:32:11,423,AGENT,21:32:10,21:36:18,248,Z2OFER
AA0216,10740,0,0,IN,990905,21:32:22,21:32:31,9,21:32:31,21:32:57,26,HANG,0:00:00,0:00:00,0,NO_SERVER
AA0216,10741,0,0,IN,990905,21:36:48,21:36:58,10,21:36:58,21:40:27,209,HANG,0:00:00,0:00:00,0,NO_SERVER
AA0216,10742,0,0,IN,990905,21:40:54,21:41:03,9,21:41:03,21:43:07,124,AGENT,21:43:06,21:44:05,59,Z2NIRIT
AA0216,10743,0,0,IN,990905,21:49:02,21:49:11,9,21:49:11,21:50:01,50,HANG,0:00:00,0:00:00,0,NO_SERVER
AA0216,10744,0,0,IN,990905,21:50:55,21:51:04,9,21:51:04,21:54:23,199,AGENT,21:54:23,22:09:08,885,Z2LIOR
AA0216,10745,0,0,IN,990905,21:54:59,21:55:08,9,21:55:08,21:59:52,284,AGENT,21:59:51,22:13:21,810,Z2NIRIT
AA0216,10746,0,0,IN,990905,22:01:40,22:01:50,10,22:01:50,22:03:18,88,HANG,0:00:00,0:00:00,0,NO_SERVER
AA0216,10747,0,0,IN,990905,22:10:29,22:10:38,9,22:10:38,22:13:27,169,AGENT,22:13:26,22:32:25,1139,Z2NIRIT
AA0216,10748,0,0,IN,990905,22:44:56,22:45:22,26,0:00:00,0:00:00,0,AGENT,22:45:22,22:47:24,122,Z2OFER
AA0216,10749,0,0,IN,990905,22:50:07,22:50:16,9,22:50:16,22:52:09,113,AGENT,22:52:09,23:04:15,726,Z2OFER
AA0216,10750,0,0,IN,990905,23:47:36,23:47:50,14,0:00:00,0:00:00,0,AGENT,23:47:49,23:52:13,264,Z2OFER
AA0216,10751,0,0,IN,990906,6:53:35,6:53:52,17,0:00:00,0:00:00,0,HANG,0:00:00,0:00:00,0,NO_SERVER
AA0216,10752,0,0,IN,990906,7:03:28,7:03:49,21,0:00:00,0:00:00,0,HANG,0:00:00,0:00:00,0,NO_SERVER
AA0216,10753,0,0,IN,990906,7:08:22,7:09:25,63,0:00:00,0:00:00,0,HANG,0:00:00,0:00:00,0,NO_SERVER
AA0216,10754,0,0,IN,990906,7:11:59,7:12:09,10,7:12:09,7:13:28,79,AGENT,7:13:28,7:46:57,2009,Z2NIRIT
AA0216,10755,0,0,IN,990906,7:17:36,7:17:45,9,7:17:45,7:21:39,234,AGENT,7:21:38,7:34:13,755,YIFAT
AA0216,10756,0,0,IN,990906,7:23:44,7:23:54,10,7:23:54,7:25:30,96,HANG,0:00:00,0:00:00,0,NO_SERVER
AA0216,10757,0,0,IN,990906,7:48:44,7:49:00,16,0:00:00,0:00:00,0,AGENT,7:48:59,7:53:48,289,Z2NIRIT
AA0216,10758,0,0,IN,990906,7:57:23,7:57:36,13,0:00:00,0:00:00,0,AGENT,7:57:35,8:02:59,324,Z2NIRIT
AA0216,10759,0,0,IN,990906,8:02:20,8:02:34,14,0:00:00,0:00:00,0,AGENT,8:02:32,8:06:25,233,Z2OFERZ
AA0216,10760,0,0,IN,990906,8:10:23,8:10:37,14,0:00:00,0:00:00,0,AGENT,8:10:37,8:18:04,447,Z2OFERZ
AA0216,10761,0,0,IN,990906,8:16:00,8:16:16,16,0:00:00,0:00:00,0,AGENT,8:16:14,8:22:32,378,Z2NIRIT
AA0216,10762,0,0,IN,990906,8:21:53,8:22:02,9,8:22:02,8:22:37,35,AGENT,8:22:36,8:23:58,82,Z2NIRIT
AA0216,10763,0,0,IN,990906,8:33:20,8:33:22,2,0:00:00,0:00:00,0,HANG,0:00:00,0:00:00,0,NO_SERVER
AA0216,10764,0,0,IN,990906,8:38:34,8:38:44,10,8:38:44,8:38:57,13,HANG,0:00:00,0:00:00,0,NO_SERVER
AA0216,10765,0,0,IN,990906,8:45:05,8:45:18,13,0:00:00,0:00:00,0,AGENT,8:45:18,8:48:27,189,Z2OFERZ
AA0216,10766,0,0,IN,990906,8:50:01,8:50:15,14,0:00:00,0:00:00,0,AGENT,8:50:14,8:51:26,72,Z2NIRIT
AA0216,10767,0,0,IN,990906,9:05:20,9:05:33,13,0:00:00,0:00:00,0,AGENT,9:05:32,9:06:14,42,Z2NIRIT
AA0216,10768,0,0,IN,990906,9:11:48,9:12:02,14,0:00:00,0:00:00,0,AGENT,9:12:01,9:12:43,42,Z2NIRIT
AA0216,10769,0,0,IN,990906,9:14:06,9:14:19,13,0:00:00,0:00:00,0,AGENT,9:14:18,9:15:31,73,Z2OFERZ
AA0216,10770,0,0,IN,990906,9:21:21,9:21:36,15,0:00:00,0:00:00,0,AGENT,9:21:35,9:22:39,64,Z2OFERZ
AA0216,10771,0,0,IN,990906,9:31:12,9:31:27,15,0:00:00,0:00:00,0,AGENT,9:31:26,9:34:15,169,Z2OFERZ
AA0216,10772,0,0,IN,990906,9:34:20,9:34:30,10,9:34:30,9:35:43,73,AGENT,9:35:42,9:37:19,97,Z2OFERZ
AA0216,10773,0,0,IN,990906,9:40:28,9:40:42,14,0:00:00,0:00:00,0,AGENT,9:40:41,9:42:12,91,Z2OFERZ
AA0216,10774,0,0,IN,990906,9:49:16,9:49:32,16,0:00:00,0:00:00,0,AGENT,9:49:31,9:54:00,269,Z2OFERZ
AA0216,10775,0,0,IN,990906,9:55:20,9:55:45,25,9:55:45,9:55:57,12,AGENT,9:55:56,9:59:27,211,Z2NIRIT
AA0216,10776,0,0,IN,990906,9:59:08,9:59:18,10,9:59:18,9:59:32,14,AGENT,9:59:31,10:06:48,437,Z2OFERZ
AA0216,10777,0,0,IN,990906,10:06:15,10:06:24,9,10:06:24,10:06:54,30,AGENT,10:06:53,10:08:22,89,Z2OFERZ
AA0216,10778,0,0,IN,990906,10:35:02,10:35:16,14,0:00:00,0:00:00,0,AGENT,10:35:15,10:39:36,261,Z2NIRIT
AA0216,10779,0,0,IN,990906,10:46:02,10:46:18,16,0:00:00,0:00:00,0,AGENT,10:46:17,10:47:32,75,Z2OFERZ
AA0216,10780,0,0,IN,990906,10:47:14,10:47:24,10,10:47:24,10:47:38,14,AGENT,10:47:37,10:50:12,155,Z2OFERZ
AA0216,10781,0,0,IN,990906,10:57:11,10:57:25,14,0:00:00,0:00:00,0,AGENT,10:57:24,10:58:23,59,Z2OFERZ
AA0216,10782,0,0,IN,990906,11:07:40,11:07:55,15,0:00:00,0:00:00,0,AGENT,11:07:54,11:09:01,67,Z2NIRIT
AA0216,10783,0,0,IN,990906,11:17:42,11:17:58,16,0:00:00,0:00:00,0,AGENT,11:17:57,11:20:15,138,Z2NIRIT
AA0216,10784,0,0,IN,990906,11:19:50,11:20:00,10,11:20:00,11:21:00,60,HANG,0:00:00,0:00:00,0,NO_SERVER
AA0216,10785,0,0,IN,990906,11:35:16,11:35:36,20,0:00:00,0:00:00,0,AGENT,11:35:34,11:36:45,71,Z2NIRIT
AA0216,10786,0,0,IN,990906,11:41:55,11:42:21,26,11:42:21,11:42:43,22,AGENT,11:42:42,11:44:31,109,Z2NIRIT
AA0216,10787,0,0,IN,990906,11:49:12,11:49:27,15,0:00:00,0:00:00,0,AGENT,11:49:26,11:55:54,388,Z2OFERZ
AA0216,10788,0,0,IN,990906,11:58:21,11:58:44,23,0:00:00,0:00:00,0,AGENT,11:58:44,11:59:17,33,Z2OFERZ
AA0216,10789,0,0,IN,990906,12:15:17,12:15:34,17,0:00:00,0:00:00,0,AGENT,12:15:34,12:17:30,116,Z2NIRIT
AA0216,10790,0,0,IN,990906,12:21:07,12:21:17,10,12:21:17,12:22:39,82,AGENT,12:22:38,12:26:18,220,Z2OFERZ
AA0216,10791,0,0,IN,990906,12:27:14,12:27:28,14,0:00:00,0:00:00,0,AGENT,12:27:28,12:29:11,103,Z2OFERZ
AA0216,10792,0,0,IN,990906,12:34:31,12:34:49,18,0:00:00,0:00:00,0,AGENT,12:34:48,12:37:51,183,Z2EYAL
AA0216,10793,0,0,IN,990906,12:45:34,12:45:50,16,0:00:00,0:00:00,0,AGENT,12:45:48,12:49:51,243,Z2EYAL
AA0216,10794,0,0,IN,990906,12:59:01,12:59:34,33,0:00:00,0:00:00,0,AGENT,12:59:33,13:11:48,735,Z2EYAL
AA0216,10795,0,0,IN,990906,13:15:35,13:15:54,19,0:00:00,0:00:00,0,AGENT,13:15:52,13:38:43,1371,Z2LIOR
AA0216,10796,0,0,IN,990906,13:33:31,13:33:47,16,0:00:00,0:00:00,0,AGENT,13:33:46,13:37:49,243,Z2OFERZ
AA0216,10797,0,0,IN,990906,13:40:21,13:40:34,13,0:00:00,0:00:00,0,AGENT,13:40:34,14:11:51,1877,Z2LIOR
AA0216,10798,0,0,IN,990906,13:52:49,13:53:12,23,0:00:00,0:00:00,0,AGENT,13:53:10,14:38:23,2713,Z2EYAL
AA0216,10799,0,0,IN,990906,13:57:17,13:57:34,17,0:00:00,0:00:00,0,AGENT,13:57:34,14:01:24,230,Z2EYAL
AA0216,10800,0,0,IN,990906,14:01:33,14:01:43,10,14:01:43,14:07:00,317,AGENT,14:06:58,14:13:27,389,Z2OFERZ
AA0216,10801,0,0,IN,990906,14:07:19,14:07:29,10,14:07:29,14:11:36,247,HANG,0:00:00,0:00:00,0,NO_SERVER
AA0216,10802,0,0,IN,990906,14:11:57,14:12:07,10,14:12:07,14:13:32,85,AGENT,14:13:32,14:17:44,252,Z2OFERZ
AA0216,10803,0,0,IN,990906,14:13:57,14:14:06,9,14:14:06,14:17:21,195,AGENT,14:17:19,14:22:12,293,Z2LIOR
AA0216,10804,0,0,IN,990906,14:30:41,14:30:54,13,0:00:00,0:00:00,0,AGENT,14:30:53,14:32:29,96,Z2LIOR
AA0216,10805,0,0,IN,990906,14:35:20,14:35:38,18,0:00:00,0:00:00,0,AGENT,14:35:37,14:36:24,47,Z2EYAL
AA0216,10806,0,0,IN,990906,14:47:41,14:47:59,18,0:00:00,0:00:00,0,AGENT,14:47:59,14:49:07,68,Z2EYAL
AA0216,10807,0,0,IN,990906,14:59:42,15:00:07,25,15:00:07,15:00:20,13,AGENT,15:00:19,15:08:21,482,Z2LIOR
AA0216,10808,0,0,IN,990906,15:09:18,15:09:42,24,0:00:00,0:00:00,0,AGENT,15:09:40,15:13:19,219,Z2IFAT
AA0216,10809,0,0,IN,990906,15:16:46,15:17:00,14,0:00:00,0:00:00,0,AGENT,15:17:00,15:18:20,80,Z2LIOR
AA0216,10810,0,0,IN,990906,15:17:42,15:17:59,17,0:00:00,0:00:00,0,AGENT,15:17:59,15:20:43,164,Z2IFAT
AA0216,10811,0,0,IN,990906,15:19:21,15:19:39,18,0:00:00,0:00:00,0,AGENT,15:19:38,15:22:53,195,Z2LIOR
AA0216,10812,0,0,IN,990906,15:28:12,15:28:25,13,0:00:00,0:00:00,0,AGENT,15:28:25,15:30:17,112,Z2LIOR
AA0216,10813,0,0,IN,990906,15:38:41,15:38:55,14,0:00:00,0:00:00,0,AGENT,15:38:54,15:43:59,305,Z2LIOR
AA0216,10814,0,0,IN,990906,15:50:57,15:51:13,16,0:00:00,0:00:00,0,AGENT,15:51:12,15:52:34,82,Z2LIOR
AA0216,10815,0,0,IN,990906,16:04:53,16:05:26,33,0:00:00,0:00:00,0,AGENT,16:05:25,16:19:10,825,Z2LIOR
AA0216,10816,0,0,IN,990906,16:11:14,16:11:35,21,0:00:00,0:00:00,0,AGENT,16:11:35,16:16:38,303,Z2ELINOR
AA0216,10817,0,0,IN,990906,16:21:14,16:21:24,10,16:21:24,16:22:10,46,HANG,0:00:00,0:00:00,0,NO_SERVER
AA0216,10818,0,0,IN,990906,16:24:06,16:24:19,13,0:00:00,0:00:00,0,AGENT,16:24:19,16:25:27,68,Z2ELINOR
AA0216,10819,0,0,IN,990906,16:30:16,16:30:34,18,0:00:00,0:00:00,0,AGENT,16:30:33,16:43:15,762,Z2LIOR
AA0216,10820,0,0,IN,990906,16:46:41,16:47:02,21,0:00:00,0:00:00,0,AGENT,16:47:01,16:48:34,93,Z2ELINOR
AA0216,10821,0,0,IN,990906,16:48:31,16:48:40,9,16:48:40,16:50:07,87,AGENT,16:50:06,16:54:20,254,Z2IFAT
AA0216,10822,0,0,IN,990906,16:53:46,16:53:47,1,0:00:00,0:00:00,0,HANG,0:00:00,0:00:00,0,NO_SERVER
AA0216,10823,0,0,IN,990906,17:01:45,17:02:02,17,0:00:00,0:00:00,0,AGENT,17:02:02,17:05:41,219,Z2OFER
AA0216,10824,0,0,IN,990906,17:08:00,17:08:18,18,0:00:00,0:00:00,0,AGENT,17:08:17,17:22:20,843,Z2ELINOR
AA0216,10825,0,0,IN,990906,17:36:22,17:36:35,13,0:00:00,0:00:00,0,HANG,0:00:00,0:00:00,0,NO_SERVER
AA0216,10826,0,0,IN,990906,17:41:51,17:42:15,24,0:00:00,0:00:00,0,AGENT,17:42:09,17:49:45,456,Z2LIOR
AA0216,10827,0,0,IN,990906,18:22:38,18:22:54,16,0:00:00,0:00:00,0,AGENT,18:22:54,18:59:46,2212,Z2OFER
AA0216,10828,0,0,IN,990906,18:51:56,18:53:02,66,18:53:02,18:53:48,46,AGENT,18:53:47,19:01:09,442,Z2IFAT
AA0216,10829,0,0,IN,990906,19:00:20,19:00:38,18,0:00:00,0:00:00,0,AGENT,19:00:38,19:04:47,249,Z2OFER
AA0216,10830,0,0,IN,990906,19:12:43,19:13:01,18,0:00:00,0:00:00,0,AGENT,19:13:00,19:17:16,256,Z2OFER
AA0216,10831,0,0,IN,990906,19:19:33,19:19:51,18,0:00:00,0:00:00,0,AGENT,19:19:50,19:23:32,222,Z2OFER
AA0216,10832,0,0,IN,990906,19:33:25,19:33:40,15,0:00:00,0:00:00,0,AGENT,19:33:39,19:45:01,682,Z2OFER
AA0216,10834,0,0,IN,990906,20:32:03,20:32:21,18,0:00:00,0:00:00,0,AGENT,20:32:20,20:35:12,172,NO_SERVER
AA0216,10835,0,0,IN,990906,20:54:43,20:54:52,9,20:54:52,21:00:32,340,HANG,0:00:00,0:00:00,0,NO_SERVER
AA0216,10836,0,0,IN,990906,21:37:13,21:37:29,16,0:00:00,0:00:00,0,AGENT,21:37:29,21:40:25,176,Z2ELINOR
AA0216,10837,0,0,IN,990906,21:46:02,21:46:16,14,0:00:00,0:00:00,0,AGENT,21:46:16,22:16:02,1786,Z2ELINOR
AA0216,10838,0,0,IN,990906,22:06:56,22:07:06,10,22:07:06,22:11:07,241,HANG,0:00:00,0:00:00,0,NO_SERVER
AA0216,10839,0,0,IN,990906,22:20:43,22:20:52,9,22:20:52,22:21:47,55,AGENT,22:21:46,22:24:10,144,STEREN
AA0216,10840,0,0,IN,990906,22:22:44,22:22:54,10,22:22:54,22:25:01,127,HANG,0:00:00,0:00:00,0,NO_SERVER
AA0216,10841,0,0,IN,990906,22:36:20,22:36:30,10,22:36:30,22:39:29,179,AGENT,22:39:28,22:41:52,144,STEREN
AA0216,10842,0,0,IN,990906,22:42:43,22:42:52,9,22:42:52,22:47:56,304,AGENT,22:47:55,22:49:13,78,STEREN
AA0216,10843,0,0,IN,990906,23:18:19,23:18:29,10,23:18:29,23:21:11,162,AGENT,23:21:10,23:22:14,64,STEREN
AA0216,10844,0,0,IN,990907,0:36:02,0:36:20,18,0:00:00,0:00:00,0,HANG,0:00:00,0:00:00,0,NO_SERVER
AA0216,10845,0,0,IN,990907,7:07:09,7:07:45,36,0:00:00,0:00:00,0,HANG,0:00:00,0:00:00,0,NO_SERVER
AA0216,10846,0,0,IN,990907,7:16:15,7:17:14,59,0:00:00,0:00:00,0,HANG,0:00:00,0:00:00,0,NO_SERVER
AA0216,10847,0,0,IN,990907,7:36:15,7:36:47,32,0:00:00,0:00:00,0,HANG,0:00:00,0:00:00,0,NO_SERVER
AA0216,10848,0,0,IN,990907,7:48:32,7:48:41,9,7:48:41,7:51:42,181,AGENT,7:51:41,7:54:56,195,YIFAT
AA0216,10849,0,0,IN,990907,7:55:39,7:55:49,10,7:55:49,7:58:16,147,AGENT,7:58:15,7:59:53,98,YIFAT
AA0216,10850,0,0,IN,990907,8:09:51,8:10:10,19,0:00:00,0:00:00,0,AGENT,8:10:10,8:13:19,189,Z2ARIE
AA0216,10851,0,0,IN,990907,8:10:47,8:10:57,10,8:10:57,8:11:01,4,HANG,0:00:00,0:00:00,0,NO_SERVER
AA0216,10852,0,0,IN,990907,8:11:13,8:11:23,10,8:11:23,8:14:40,197,HANG,0:00:00,0:00:00,0,NO_SERVER
AA0216,10853,0,0,IN,990907,8:17:14,8:17:23,9,8:17:23,8:18:54,91,AGENT,8:18:54,8:21:10,136,Z2OFER
AA0216,10854,0,0,IN,990907,8:26:07,8:26:23,16,0:00:00,0:00:00,0,AGENT,8:26:22,8:28:35,133,YIFAT
AA0216,10855,0,0,IN,990907,8:36:26,8:36:40,14,0:00:00,0:00:00,0,AGENT,8:36:40,8:40:43,243,YIFAT
AA0216,10856,0,0,IN,990907,8:50:44,8:50:57,13,0:00:00,0:00:00,0,AGENT,8:50:57,8:52:28,91,Z2OFER
AA0216,10857,0,0,IN,990907,9:07:31,9:07:45,14,0:00:00,0:00:00,0,AGENT,9:07:44,9:08:39,55,Z2ARIE
AA0216,10858,0,0,IN,990907,9:09:32,9:09:46,14,0:00:00,0:00:00,0,AGENT,9:09:44,9:10:04,20,Z2ARIE
AA0216,10859,0,0,IN,990907,9:13:47,9:14:43,56,9:14:43,9:17:25,162,AGENT,9:17:23,9:18:25,62,Z2ARIE
AA0216,10860,0,0,IN,990907,9:22:08,9:22:21,13,0:00:00,0:00:00,0,AGENT,9:22:20,9:22:44,24,YIFAT
AA0216,10861,0,0,IN,990907,9:24:33,9:24:47,14,0:00:00,0:00:00,0,AGENT,9:24:46,9:27:14,148,YIFAT
AA0216,10862,0,0,IN,990907,9:27:20,9:27:34,14,0:00:00,0:00:00,0,AGENT,9:27:33,9:29:34,121,YIFAT
AA0216,10863,0,0,IN,990907,9:35:42,9:36:46,64,9:36:46,9:39:10,144,AGENT,9:39:10,9:49:18,608,Z2ARIE
AA0216,10864,0,0,IN,990907,9:39:27,9:39:36,9,9:39:36,9:41:05,89,HANG,0:00:00,0:00:00,0,NO_SERVER
AA0216,10865,0,0,IN,990907,9:46:59,9:47:09,10,9:47:09,9:49:43,154,AGENT,9:49:42,9:50:13,31,Z2ARIE
AA0216,10866,0,0,IN,990907,9:51:41,9:51:51,10,9:51:51,9:55:09,198,AGENT,9:55:09,10:01:49,400,Z2ARIE
AA0216,10867,0,0,IN,990907,9:57:03,9:57:16,13,0:00:00,0:00:00,0,AGENT,9:57:16,11:07:16,4200,Z2OFER
AA0216,10868,0,0,IN,990907,10:03:40,10:03:42,2,0:00:00,0:00:00,0,HANG,0:00:00,0:00:00,0,NO_SERVER
AA0216,10869,0,0,IN,990907,10:06:22,10:06:36,14,0:00:00,0:00:00,0,AGENT,10:06:35,10:07:19,44,Z2ARIE
AA0216,10870,0,0,IN,990907,10:25:32,10:25:52,20,10:25:52,10:26:01,9,AGENT,10:25:52,10:26:30,38,Z2OFERZ
AA0216,10871,0,0,IN,990907,10:33:37,10:33:47,10,10:33:47,10:34:52,65,HANG,0:00:00,0:00:00,0,NO_SERVER
AA0216,10872,0,0,IN,990907,10:38:34,10:38:43,9,10:38:43,10:43:17,274,AGENT,10:43:16,10:52:53,577,Z2ARIE
AA0216,10873,0,0,IN,990907,10:46:07,10:46:16,9,10:46:16,10:47:15,59,AGENT,10:47:14,10:51:10,236,Z2OFERZ
AA0216,10874,0,0,IN,990907,11:05:14,11:05:24,10,11:05:24,11:06:17,53,AGENT,11:06:16,11:06:58,42,Z2ARIE
AA0216,10875,0,0,IN,990907,11:07:49,11:07:58,9,11:07:58,11:11:02,184,AGENT,11:11:02,11:14:25,203,Z2OFERZ
AA0216,10876,0,0,IN,990907,11:18:36,11:18:44,8,0:00:00,0:00:00,0,HANG,0:00:00,0:00:00,0,NO_SERVER
AA0216,10877,0,0,IN,990907,11:21:35,11:21:49,14,0:00:00,0:00:00,0,AGENT,11:21:49,11:22:32,43,Z2ARIE
AA0216,10878,0,0,IN,990907,11:22:21,11:22:30,9,11:22:30,11:23:11,41,AGENT,11:23:10,11:28:00,290,Z2ARIE
AA0216,10879,0,0,IN,990907,11:32:15,11:32:57,42,11:32:57,11:33:18,21,AGENT,11:33:18,11:35:52,154,Z2OFER
AA0216,10880,0,0,IN,990907,12:01:05,12:01:19,14,0:00:00,0:00:00,0,AGENT,12:01:18,12:10:21,543,Z2OFERZ
AA0216,10881,0,0,IN,990907,12:12:21,12:12:32,11,0:00:00,0:00:00,0,AGENT,12:12:37,12:12:45,8,NO_SERVER
AA0216,10882,0,0,IN,990907,12:21:22,12:21:32,10,12:21:32,12:22:37,65,AGENT,12:22:36,12:24:36,120,Z2OFERZ
AA0216,10883,0,0,IN,990907,12:42:20,12:42:40,20,0:00:00,0:00:00,0,AGENT,12:42:40,12:51:58,558,Z2OFER
AA0216,10884,0,0,IN,990907,12:53:38,12:54:02,24,12:54:02,12:54:41,39,AGENT,12:54:41,12:56:45,124,Z2OFERZ
AA0216,10885,0,0,IN,990907,13:00:32,13:00:42,10,13:00:42,13:01:24,42,AGENT,13:01:23,13:04:43,200,Z2OFERZ
AA0216,10886,0,0,IN,990907,13:08:07,13:08:38,31,0:00:00,0:00:00,0,AGENT,13:08:38,13:12:03,205,Z2OFERZ
AA0216,10887,0,0,IN,990907,13:13:39,13:13:53,14,0:00:00,0:00:00,0,AGENT,13:13:52,13:18:28,276,Z2OFER
AA0216,10888,0,0,IN,990907,13:23:35,13:23:49,14,0:00:00,0:00:00,0,AGENT,13:23:48,13:55:44,1916,Z2OFERZ
AA0216,10889,0,0,IN,990907,13:26:16,13:26:25,9,13:26:25,13:27:34,69,AGENT,13:27:33,13:29:59,146,Z2OFER
AA0216,10890,0,0,IN,990907,13:30:32,13:30:41,9,13:30:41,13:35:20,279,AGENT,13:34:29,13:36:19,110,Z2OFER
AA0216,10891,0,0,IN,990907,13:35:38,13:35:48,10,13:35:48,13:35:53,5,HANG,0:00:00,0:00:00,0,NO_SERVER
AA0216,10892,0,0,IN,990907,13:37:43,13:37:52,9,13:37:52,13:39:53,121,HANG,0:00:00,0:00:00,0,NO_SERVER
AA0216,10893,0,0,IN,990907,13:51:32,13:51:42,10,13:51:42,14:00:31,529,HANG,0:00:00,0:00:00,0,NO_SERVER
AA0216,10894,0,0,IN,990907,14:01:18,14:01:27,9,14:01:27,14:02:53,86,AGENT,14:02:22,14:23:54,1292,Z2LIOR
AA0216,10895,0,0,IN,990907,14:09:34,14:09:43,9,14:09:43,14:11:48,125,AGENT,14:11:47,14:20:53,546,Z2OFER
AA0216,10896,0,0,IN,990907,14:19:05,14:19:15,10,14:19:15,14:19:23,8,AGENT,14:19:22,14:21:15,113,Z2OFERZ
AA0216,10897,0,0,IN,990907,14:35:30,14:35:39,9,14:35:39,14:39:33,234,AGENT,14:39:33,14:47:43,490,Z2ARIE
AA0216,10898,0,0,IN,990907,14:42:30,14:42:40,10,14:42:40,14:45:55,195,HANG,0:00:00,0:00:00,0,NO_SERVER
AA0216,10899,0,0,IN,990907,14:48:25,14:48:33,8,0:00:00,0:00:00,0,HANG,0:00:00,0:00:00,0,NO_SERVER
AA0216,10900,0,0,IN,990907,14:49:57,14:50:06,9,14:50:06,14:52:43,157,AGENT,14:52:42,14:55:01,139,Z2OFERZ
AA0216,10901,0,0,IN,990907,15:06:05,15:06:14,9,15:06:14,15:07:09,55,AGENT,15:07:08,15:08:16,68,Z2LIOR
AA0216,10902,0,0,IN,990907,15:14:07,15:14:17,10,15:14:17,15:14:49,32,AGENT,15:14:47,15:32:37,1070,Z2ELINOR
AA0216,10903,0,0,IN,990907,15:17:15,15:17:25,10,15:17:25,15:19:33,128,AGENT,15:19:32,15:26:45,433,Z2LIOR
AA0216,10904,0,0,IN,990907,15:31:08,15:31:17,9,15:31:17,15:32:25,68,HANG,0:00:00,0:00:00,0,NO_SERVER
AA0216,10905,0,0,IN,990907,15:33:04,15:33:13,9,15:33:13,15:33:37,24,AGENT,15:33:37,15:39:56,379,Z2LIOR
AA0216,10906,0,0,IN,990907,15:39:29,15:39:38,9,15:39:38,15:40:40,62,AGENT,15:40:39,16:20:14,2375,Z2LIOR
AA0216,10907,0,0,IN,990907,15:45:03,15:45:18,15,0:00:00,0:00:00,0,AGENT,15:45:17,15:51:17,360,Z2OFERZ
AA0216,10908,0,0,IN,990907,16:12:18,16:12:33,15,0:00:00,0:00:00,0,AGENT,16:12:32,17:02:13,2981,Z2OFERZ
AA0216,10909,0,0,IN,990907,16:27:00,16:27:10,10,16:27:10,16:35:10,480,AGENT,16:35:09,16:35:43,34,Z2LIOR
AA0216,10910,0,0,IN,990907,16:41:09,16:41:18,9,16:41:18,16:43:07,109,AGENT,16:43:06,16:48:54,348,Z2ELINOR
AA0216,10911,0,0,IN,990907,17:08:10,17:08:19,9,17:08:19,17:09:28,69,HANG,0:00:00,0:00:00,0,NO_SERVER
AA0216,10912,0,0,IN,990907,17:39:04,17:39:18,14,0:00:00,0:00:00,0,AGENT,17:39:23,17:39:42,19,NO_SERVER
AA0216,10913,0,0,IN,990907,17:50:07,17:50:29,22,0:00:00,0:00:00,0,AGENT,17:50:28,17:52:57,149,Z2ELINOR
AA0216,10914,0,0,IN,990907,17:53:18,17:53:34,16,0:00:00,0:00:00,0,AGENT,17:53:33,17:58:58,325,Z2EYAL
AA0216,10915,0,0,IN,990907,17:59:01,17:59:10,9,17:59:10,17:59:42,32,AGENT,17:59:41,18:04:28,287,Z2LIOR
AA0216,10916,0,0,IN,990907,18:09:20,18:09:35,15,0:00:00,0:00:00,0,AGENT,18:09:34,18:11:21,107,Z2EYAL
AA0216,10917,0,0,IN,990907,18:17:54,18:18:12,18,0:00:00,0:00:00,0,AGENT,18:18:12,18:26:28,496,Z2NIRIT
AA0216,10918,0,0,IN,990907,18:30:51,18:31:08,17,0:00:00,0:00:00,0,AGENT,18:31:07,18:35:35,268,Z2ELINOR
AA0216,10919,0,0,IN,990907,18:40:11,18:40:28,17,0:00:00,0:00:00,0,AGENT,18:40:28,18:42:55,147,Z2NIRIT
AA0216,10920,0,0,IN,990907,18:42:33,18:43:02,29,0:00:00,0:00:00,0,AGENT,18:43:02,18:43:50,48,Z2NIRIT
AA0216,10921,0,0,IN,990907,18:54:08,18:54:25,17,0:00:00,0:00:00,0,AGENT,18:54:24,19:35:05,2441,Z2NIRIT
AA0216,10922,0,0,IN,990907,19:03:28,19:03:38,10,19:03:38,19:04:33,55,HANG,0:00:00,0:00:00,0,NO_SERVER
AA0216,10923,0,0,IN,990907,19:09:11,19:09:20,9,19:09:20,19:10:26,66,AGENT,19:10:25,19:13:33,188,Z2LIOR
AA0216,10924,0,0,IN,990907,19:43:04,19:43:27,23,0:00:00,0:00:00,0,AGENT,19:43:26,19:48:26,300,Z2EYAL
AA0216,10925,0,0,IN,990907,20:16:09,20:16:28,19,0:00:00,0:00:00,0,AGENT,20:16:28,20:19:25,177,Z2NIRIT
AA0216,10926,0,0,IN,990907,20:30:04,20:30:20,16,0:00:00,0:00:00,0,AGENT,20:30:19,20:38:00,461,Z2EYAL
AA0216,10927,0,0,IN,990907,20:37:04,20:37:13,9,20:37:13,20:37:24,11,AGENT,20:37:24,20:45:33,489,Z2NIRIT
AA0216,10928,0,0,IN,990907,21:22:39,21:22:51,12,0:00:00,0:00:00,0,AGENT,21:22:50,21:41:37,1127,Z2ELINOR
AA0216,10929,0,0,IN,990907,21:36:07,21:36:17,10,21:36:17,21:38:54,157,AGENT,21:38:53,21:45:00,367,Z2EYAL
AA0216,10930,0,0,IN,990907,21:49:15,21:49:40,25,0:00:00,0:00:00,0,AGENT,21:49:40,21:52:43,183,Z2EYAL
AA0216,10931,0,0,IN,990907,22:09:16,22:09:31,15,0:00:00,0:00:00,0,AGENT,22:09:30,22:10:20,50,Z2EYAL
AA0216,10932,0,0,IN,990907,22:15:12,22:15:31,19,0:00:00,0:00:00,0,AGENT,22:15:30,22:23:41,491,Z2NIRIT
AA0216,10933,0,0,IN,990907,22:31:45,22:31:59,14,0:00:00,0:00:00,0,AGENT,22:31:58,22:38:48,410,Z2EYAL
AA0216,10934,0,0,IN,990907,22:51:56,22:52:12,16,0:00:00,0:00:00,0,AGENT,22:52:11,23:09:41,1050,Z2EYAL
AA0216,10935,0,0,IN,990907,22:56:43,22:56:52,9,22:56:52,23:00:10,198,HANG,0:00:00,0:00:00,0,NO_SERVER
AA0216,10936,0,0,IN,990907,23:02:44,23:02:53,9,23:02:53,23:05:50,177,HANG,0:00:00,0:00:00,0,NO_SERVER
AA0216,10937,0,0,IN,990907,23:10:52,23:11:15,23,0:00:00,0:00:00,0,AGENT,23:11:13,23:12:08,55,BENSION
AA0216,10938,0,0,IN,990907,23:16:47,23:17:00,13,0:00:00,0:00:00,0,AGENT,23:16:59,23:19:37,158,SHARON
AA0216,10939,0,0,IN,990907,23:39:58,23:40:15,17,0:00:00,0:00:00,0,AGENT,23:40:15,23:46:40,385,Z2NIRIT
AA0216,10940,0,0,IN,990908,6:56:10,6:56:19,9,6:56:19,7:00:46,267,AGENT,7:00:45,7:33:10,1945,Z2NIRIT
AA0216,10941,0,0,IN,990908,7:09:42,7:09:51,9,7:09:51,7:12:00,129,HANG,0:00:00,0:00:00,0,NO_SERVER
AA0216,10942,0,0,IN,990908,7:40:08,7:40:25,17,0:00:00,0:00:00,0,AGENT,7:40:24,8:26:48,2784,Z2NIRIT
AA0216,10943,0,0,IN,990908,7:44:52,7:45:01,9,7:45:01,7:46:31,90,HANG,0:00:00,0:00:00,0,NO_SERVER
AA0216,10944,0,0,IN,990908,7:51:28,7:51:41,13,0:00:00,0:00:00,0,AGENT,7:51:40,7:53:01,81,Z2ELINOR
AA0216,10945,0,0,IN,990908,8:18:37,8:19:02,25,0:00:00,0:00:00,0,AGENT,8:19:01,8:20:26,85,Z2ELINOR
AA0216,10946,0,0,IN,990908,8:54:12,8:54:28,16,0:00:00,0:00:00,0,AGENT,8:54:27,8:55:51,84,Z2NIRIT
AA0216,10947,0,0,IN,990908,9:16:00,9:16:13,13,0:00:00,0:00:00,0,AGENT,9:16:12,9:19:57,225,Z2NIRIT
AA0216,10948,0,0,IN,990908,9:22:53,9:24:06,73,0:00:00,0:00:00,0,AGENT,9:24:06,9:26:48,162,Z2EYAL
AA0216,10949,0,0,IN,990908,9:34:59,9:35:19,20,0:00:00,0:00:00,0,AGENT,9:35:18,9:36:18,60,Z2ELINOR
AA0216,10950,0,0,IN,990908,9:44:49,9:45:04,15,0:00:00,0:00:00,0,AGENT,9:45:03,9:49:43,280,Z2NIRIT
AA0216,10951,0,0,IN,990908,9:56:30,9:56:56,26,0:00:00,0:00:00,0,AGENT,9:56:55,10:09:11,736,Z2EYAL
AA0216,10952,0,0,IN,990908,9:59:15,9:59:31,16,0:00:00,0:00:00,0,AGENT,9:59:30,10:06:46,436,Z2ELINOR
AA0216,10953,0,0,IN,990908,10:08:52,10:09:11,19,0:00:00,0:00:00,0,AGENT,10:09:11,10:29:07,1196,Z2ELINOR
AA0216,10954,0,0,IN,990908,10:14:11,10:14:29,18,0:00:00,0:00:00,0,AGENT,10:14:28,10:24:16,588,Z2EYAL
AA0216,10955,0,0,IN,990908,10:23:15,10:23:25,10,10:23:25,10:24:16,51,HANG,0:00:00,0:00:00,0,NO_SERVER
AA0216,10956,0,0,IN,990908,10:29:22,10:29:39,17,0:00:00,0:00:00,0,AGENT,10:29:38,10:31:10,92,Z2EYAL
AA0216,10957,0,0,IN,990908,10:48:05,10:48:25,20,0:00:00,0:00:00,0,AGENT,10:48:25,10:49:34,69,Z2NIRIT
AA0216,10958,0,0,IN,990908,11:13:41,11:13:56,15,0:00:00,0:00:00,0,AGENT,11:13:55,11:16:56,181,Z2NIRIT
AA0216,10959,0,0,IN,990908,12:16:07,12:17:15,68,0:00:00,0:00:00,0,AGENT,12:17:13,12:18:28,75,Z2NIRIT
AA0216,10960,0,0,IN,990908,12:17:45,12:17:54,9,12:17:54,12:18:38,44,AGENT,12:18:37,12:22:21,224,Z2NIRIT
AA0216,10961,0,0,IN,990908,12:36:32,12:36:49,17,0:00:00,0:00:00,0,AGENT,12:36:49,12:40:16,207,Z2ELINOR
AA0216,10962,0,0,IN,990908,12:40:00,12:40:03,3,0:00:00,0:00:00,0,HANG,0:00:00,0:00:00,0,NO_SERVER
AA0216,10963,0,0,IN,990908,12:51:37,12:51:57,20,0:00:00,0:00:00,0,AGENT,12:51:56,12:52:39,43,Z2ELINOR
AA0216,10964,0,0,IN,990908,12:54:28,12:54:43,15,0:00:00,0:00:00,0,AGENT,12:54:42,13:18:43,1441,Z2ELINOR
AA0216,10965,0,0,IN,990908,13:05:27,13:05:36,9,13:05:36,13:07:03,87,HANG,0:00:00,0:00:00,0,NO_SERVER
AA0216,10966,0,0,IN,990908,13:29:32,13:29:48,16,0:00:00,0:00:00,0,AGENT,13:29:47,13:49:10,1163,Z2ELINOR
AA0216,10967,0,0,IN,990908,13:47:00,13:47:16,16,0:00:00,0:00:00,0,AGENT,13:47:15,13:47:54,39,Z2NIRIT
AA0216,10968,0,0,IN,990908,13:58:13,13:58:30,17,0:00:00,0:00:00,0,AGENT,13:58:29,14:00:59,150,Z2ELINOR
AA0216,10969,0,0,IN,990908,14:08:02,14:08:19,17,0:00:00,0:00:00,0,AGENT,14:08:18,14:18:07,589,Z2ARIE
AA0216,10970,0,0,IN,990908,14:23:01,14:23:16,15,0:00:00,0:00:00,0,AGENT,14:23:16,14:30:42,446,Z2EYAL
AA0216,10971,0,0,IN,990908,14:37:13,14:37:38,25,14:37:38,14:37:46,8,AGENT,14:37:45,14:40:03,138,Z2EYAL
AA0216,10972,0,0,IN,990908,14:50:24,14:50:40,16,14:50:40,14:51:20,40,AGENT,14:50:40,14:53:15,155,Z2LIOR
AA0216,10973,0,0,IN,990908,14:58:44,14:59:01,17,0:00:00,0:00:00,0,AGENT,14:59:01,15:03:31,270,Z2EYAL
AA0216,10974,0,0,IN,990908,15:13:41,15:13:54,13,0:00:00,0:00:00,0,AGENT,15:13:53,15:20:32,399,Z2LIOR
AA0216,10975,0,0,IN,990908,15:30:29,15:30:38,9,15:30:38,15:30:49,11,AGENT,15:30:48,15:34:16,208,Z2LIOR
AA0216,10976,0,0,IN,990908,15:38:01,15:38:15,14,0:00:00,0:00:00,0,AGENT,15:38:13,16:36:00,3467,Z2LIOR
AA0216,10977,0,0,IN,990908,16:02:51,16:03:01,10,16:03:01,16:04:31,90,AGENT,16:04:30,16:07:01,151,Z2ARIE
AA0216,10978,0,0,IN,990908,16:32:09,16:32:18,9,16:32:18,16:32:49,31,AGENT,16:32:48,16:36:25,217,Z2ARIE
AA0216,10979,0,0,IN,990908,16:37:04,16:38:05,61,16:38:05,16:38:43,38,AGENT,16:38:42,16:59:58,1276,Z2ARIE
AA0216,10980,0,0,IN,990908,16:40:25,16:40:34,9,16:40:34,16:43:49,195,AGENT,16:43:49,16:46:21,152,Z2LIOR
AA0216,10981,0,0,IN,990908,16:47:41,16:47:50,9,16:47:50,16:49:01,71,AGENT,16:49:00,16:51:49,169,Z2LIOR
AA0216,10982,0,0,IN,990908,16:53:33,16:53:42,9,16:53:42,16:56:10,148,AGENT,16:56:09,17:06:34,625,Z2LIOR
AA0216,10983,0,0,IN,990908,17:00:29,17:00:42,13,0:00:00,0:00:00,0,AGENT,17:00:41,17:01:35,54,Z2ARIE
AA0216,10984,0,0,IN,990908,17:03:49,17:03:58,9,17:03:58,17:04:28,30,AGENT,17:04:27,17:11:56,449,Z2OFER
AA0216,10985,0,0,IN,990908,17:23:39,17:23:48,9,17:23:48,17:24:59,71,AGENT,17:24:58,17:34:57,599,Z2ARIE
AA0216,10986,0,0,IN,990908,17:36:11,17:36:27,16,0:00:00,0:00:00,0,AGENT,17:36:27,17:43:46,439,Z2OFER
AA0216,10987,0,0,IN,990908,17:40:49,17:40:59,10,17:40:59,17:41:07,8,HANG,0:00:00,0:00:00,0,NO_SERVER
AA0216,10988,0,0,IN,990908,17:41:25,17:41:34,9,17:41:34,17:43:59,145,AGENT,17:43:57,18:12:41,1724,Z2OFER
AA0216,10989,0,0,IN,990908,18:01:39,18:01:48,9,18:01:48,18:03:47,119,AGENT,18:03:46,18:06:05,139,Z2LIOR
AA0216,10990,0,0,IN,990908,18:15:53,18:16:07,14,0:00:00,0:00:00,0,AGENT,18:16:06,18:17:28,82,Z2LIOR
AA0216,10991,0,0,IN,990908,18:30:53,18:31:22,29,0:00:00,0:00:00,0,AGENT,18:31:22,18:32:44,82,Z2LIOR
AA0216,10992,0,0,IN,990908,19:18:35,19:18:55,20,0:00:00,0:00:00,0,AGENT,19:18:55,19:38:22,1167,Z2LIOR
AA0216,10993,0,0,IN,990908,19:56:05,19:56:27,22,0:00:00,0:00:00,0,AGENT,19:56:26,19:59:48,202,Z2OFERZ
AA0216,10994,0,0,IN,990908,20:08:44,20:08:54,10,0:00:00,0:00:00,0,AGENT,20:09:05,20:09:54,49,NO_SERVER
AA0216,10995,0,0,IN,990908,20:41:43,20:41:56,13,0:00:00,0:00:00,0,AGENT,20:41:56,21:15:18,2002,Z2LIOR
AA0216,10996,0,0,IN,990908,20:47:25,20:47:43,18,0:00:00,0:00:00,0,AGENT,20:47:42,20:55:41,479,Z2OFER
AA0216,10997,0,0,IN,990908,21:01:00,21:01:18,18,0:00:00,0:00:00,0,AGENT,21:01:17,21:04:58,221,Z2OFER
AA0216,10998,0,0,IN,990908,21:13:33,21:13:47,14,0:00:00,0:00:00,0,AGENT,21:13:46,21:17:46,240,Z2IFAT
AA0216,10999,0,0,IN,990908,21:35:35,21:35:44,9,21:35:44,21:37:47,123,HANG,0:00:00,0:00:00,0,NO_SERVER
AA0216,11000,0,0,IN,990908,21:45:14,21:45:23,9,21:45:23,21:48:07,164,HANG,0:00:00,0:00:00,0,NO_SERVER
AA0216,11001,0,0,IN,990908,21:58:03,21:58:17,14,0:00:00,0:00:00,0,AGENT,21:58:15,22:01:25,190,Z2OFER
AA0216,11002,0,0,IN,990908,22:06:24,22:06:36,12,0:00:00,0:00:00,0,AGENT,22:06:36,22:15:28,532,Z2OFER
AA0216,11003,0,0,IN,990908,22:26:10,22:26:25,15,0:00:00,0:00:00,0,AGENT,22:26:24,22:31:39,315,Z2OFER
AA0216,11004,0,0,IN,990908,22:51:41,22:51:57,16,0:00:00,0:00:00,0,AGENT,22:51:57,22:53:19,82,Z2OFER
AA0216,11005,0,0,IN,990908,23:26:03,23:26:19,16,0:00:00,0:00:00,0,AGENT,23:26:19,23:44:41,1102,Z2LIOR
AA0216,11006,0,0,IN,990909,8:01:32,8:01:45,13,0:00:00,0:00:00,0,AGENT,8:01:44,8:16:26,882,Z2ARIE
AA0216,11007,0,0,IN,990909,8:15:07,8:15:17,10,8:15:17,8:16:36,79,AGENT,8:16:35,8:24:18,463,Z2ARIE
AA0216,11008,0,0,IN,990909,8:44:03,8:44:27,24,0:00:00,0:00:00,0,AGENT,8:44:27,8:45:24,57,Z2IFAT
AA0216,11009,0,0,IN,990909,8:53:04,8:53:19,15,0:00:00,0:00:00,0,AGENT,8:53:18,9:07:24,846,Z2ARIE
AA0216,11010,0,0,IN,990909,9:02:15,9:02:25,10,9:02:25,9:05:00,155,AGENT,9:04:59,9:10:50,351,YIFAT
AA0216,11011,0,0,IN,990909,9:12:54,9:13:24,30,0:00:00,0:00:00,0,AGENT,9:13:22,9:14:42,80,YIFAT
AA0216,11012,0,0,IN,990909,9:24:45,9:25:03,18,0:00:00,0:00:00,0,AGENT,9:25:03,9:31:54,411,Z2ARIE
AA0216,11013,0,0,IN,990909,9:28:26,9:28:35,9,9:28:35,9:31:40,185,AGENT,9:31:39,9:34:54,195,Z2IFAT
AA0216,11014,0,0,IN,990909,9:42:52,9:43:06,14,0:00:00,0:00:00,0,AGENT,9:43:05,9:55:59,774,Z2ARIE
AA0216,11015,0,0,IN,990909,9:50:53,9:51:03,10,9:51:03,9:55:41,278,AGENT,9:55:40,9:58:14,154,Z2IFAT
AA0216,11016,0,0,IN,990909,10:00:48,10:00:57,9,10:00:57,10:01:30,33,AGENT,10:01:30,10:09:40,490,Z2ARIE
AA0216,11017,0,0,IN,990909,10:08:17,10:08:26,9,10:08:26,10:09:46,80,AGENT,10:09:45,10:12:52,187,Z2ARIE
AA0216,11018,0,0,IN,990909,10:15:55,10:16:29,34,0:00:00,0:00:00,0,AGENT,10:16:28,10:17:51,83,Z2IFAT
AA0216,11019,0,0,IN,990909,10:29:02,10:29:20,18,0:00:00,0:00:00,0,AGENT,10:29:20,10:36:44,444,Z2IFAT
AA0216,11020,0,0,IN,990909,10:31:10,10:31:19,9,10:31:19,10:34:39,200,HANG,0:00:00,0:00:00,0,NO_SERVER
AA0216,11021,0,0,IN,990909,10:37:04,10:37:21,17,0:00:00,0:00:00,0,AGENT,10:37:20,10:55:05,1065,Z2OFERZ
AA0216,11022,0,0,IN,990909,10:42:23,10:42:33,10,10:42:33,10:45:40,187,AGENT,10:45:39,10:55:20,581,YIFAT
AA0216,11023,0,0,IN,990909,10:50:53,10:51:02,9,10:51:02,10:52:37,95,HANG,0:00:00,0:00:00,0,NO_SERVER
AA0216,11024,0,0,IN,990909,10:58:00,10:58:10,10,10:58:10,11:00:43,153,AGENT,11:00:42,11:09:50,548,YIFAT
AA0216,11025,0,0,IN,990909,11:04:49,11:05:02,13,11:05:02,11:05:17,15,AGENT,11:05:16,11:06:13,57,Z2OFERZ
AA0216,11026,0,0,IN,990909,11:07:48,11:07:58,10,11:07:58,11:10:03,125,AGENT,11:10:02,11:12:19,137,Z2ARIE
AA0216,11027,0,0,IN,990909,11:10:23,11:10:32,9,11:10:32,11:12:06,94,AGENT,11:12:06,11:12:49,43,VICKY
AA0216,11028,0,0,IN,990909,11:19:16,11:19:33,17,0:00:00,0:00:00,0,AGENT,11:19:32,11:28:40,548,Z2ELINOR
AA0216,11029,0,0,IN,990909,11:28:25,11:28:34,9,11:28:34,11:28:50,16,AGENT,11:28:49,11:30:46,117,Z2ELINOR
AA0216,11030,0,0,IN,990909,11:33:30,11:33:44,14,0:00:00,0:00:00,0,AGENT,11:33:43,12:31:25,3462,YIFAT
AA0216,11031,0,0,IN,990909,11:40:37,11:40:52,15,0:00:00,0:00:00,0,AGENT,11:40:52,12:00:39,1187,Z2ARIE
AA0216,11032,0,0,IN,990909,11:47:10,11:47:25,15,0:00:00,0:00:00,0,AGENT,11:47:24,11:47:56,32,Z2IFAT
AA0216,11033,0,0,IN,990909,11:59:25,11:59:42,17,0:00:00,0:00:00,0,AGENT,11:59:42,12:03:17,215,Z2ARIE
AA0216,11034,0,0,IN,990909,12:12:44,12:12:59,15,0:00:00,0:00:00,0,AGENT,12:13:01,12:13:24,23,NO_SERVER
AA0216,11035,0,0,IN,990909,12:23:53,12:24:01,8,0:00:00,0:00:00,0,HANG,0:00:00,0:00:00,0,NO_SERVER
AA0216,11036,0,0,IN,990909,12:34:52,12:35:00,8,0:00:00,0:00:00,0,HANG,0:00:00,0:00:00,0,NO_SERVER
AA0216,11037,0,0,IN,990909,12:39:58,12:40:05,7,0:00:00,0:00:00,0,HANG,0:00:00,0:00:00,0,NO_SERVER
AA0216,11038,0,0,IN,990909,12:51:47,12:52:07,20,0:00:00,0:00:00,0,AGENT,12:52:06,13:27:07,2101,Z2ELINOR
AA0216,11039,0,0,IN,990909,12:57:54,12:58:15,21,0:00:00,0:00:00,0,AGENT,12:58:14,13:09:39,685,Z2ARIE
AA0216,11040,0,0,IN,990909,13:07:28,13:07:48,20,0:00:00,0:00:00,0,AGENT,13:07:53,13:08:15,22,NO_SERVER
AA0216,11041,0,0,IN,990909,13:08:57,13:09:07,10,13:09:07,13:10:21,74,HANG,0:00:00,0:00:00,0,NO_SERVER
AA0216,11042,0,0,IN,990909,13:18:27,13:18:32,5,0:00:00,0:00:00,0,HANG,0:00:00,0:00:00,0,NO_SERVER
AA0216,11043,0,0,IN,990909,13:54:04,13:54:13,9,13:54:13,13:55:04,51,AGENT,13:55:04,13:58:45,221,Z2IFAT
AA0216,11044,0,0,IN,990909,13:58:44,13:58:53,9,13:58:53,13:59:10,17,AGENT,13:59:09,13:59:11,2,YIFAT
AA0216,11045,0,0,IN,990909,14:00:47,14:00:56,9,14:00:56,14:05:12,256,AGENT,14:05:11,14:20:51,940,Z2ELINOR
AA0216,11046,0,0,IN,990909,14:24:23,14:24:38,15,0:00:00,0:00:00,0,AGENT,14:24:37,14:30:52,375,Z2OFERZ
AA0216,11047,0,0,IN,990909,14:52:20,14:52:38,18,0:00:00,0:00:00,0,AGENT,14:52:44,14:53:06,22,NO_SERVER
AA0216,11048,0,0,IN,990909,14:54:54,14:55:11,17,0:00:00,0:00:00,0,AGENT,14:55:10,14:56:59,109,Z2LIOR
AA0216,11049,0,0,IN,990909,14:57:16,14:57:33,17,0:00:00,0:00:00,0,AGENT,14:57:32,15:15:12,1060,Z2ELINOR
AA0216,11050,0,0,IN,990909,15:06:37,15:06:43,6,0:00:00,0:00:00,0,HANG,0:00:00,0:00:00,0,NO_SERVER
AA0216,11051,0,0,IN,990909,15:10:28,15:10:46,18,0:00:00,0:00:00,0,AGENT,15:10:45,15:16:31,346,Z2LIOR
AA0216,11052,0,0,IN,990909,15:15:36,15:15:53,17,0:00:00,0:00:00,0,AGENT,15:15:52,15:17:34,102,Z2ELINOR
AA0216,11053,0,0,IN,990909,15:19:03,15:19:29,26,15:19:29,15:20:22,53,AGENT,15:20:21,15:39:57,1176,Z2LIOR
AA0216,11054,0,0,IN,990909,15:22:50,15:23:04,14,0:00:00,0:00:00,0,AGENT,15:23:03,15:27:31,268,Z2OFERZ
AA0216,11055,0,0,IN,990909,15:39:56,15:40:21,25,0:00:00,0:00:00,0,AGENT,15:40:07,15:49:21,554,Z2OFERZ
AA0216,11056,0,0,IN,990909,15:52:22,15:52:38,16,0:00:00,0:00:00,0,AGENT,15:52:37,15:53:29,52,Z2OFERZ
AA0216,11057,0,0,IN,990909,15:53:54,15:54:16,22,0:00:00,0:00:00,0,AGENT,15:54:15,15:57:34,199,Z2LIOR
AA0216,11058,0,0,IN,990909,15:54:24,15:54:33,9,15:54:33,15:55:30,57,HANG,0:00:00,0:00:00,0,NO_SERVER
AA0216,11059,0,0,IN,990909,16:05:27,16:05:36,9,16:05:36,16:06:24,48,HANG,0:00:00,0:00:00,0,NO_SERVER
AA0216,11060,0,0,IN,990909,16:19:33,16:20:48,75,0:00:00,0:00:00,0,AGENT,16:20:48,16:37:25,997,Z2ELINOR
AA0216,11061,0,0,IN,990909,16:43:56,16:44:06,10,16:44:06,16:51:22,436,HANG,0:00:00,0:00:00,0,NO_SERVER
AA0216,11062,0,0,IN,990909,16:57:40,16:57:53,13,0:00:00,0:00:00,0,AGENT,16:57:52,17:37:08,2356,Z2NIRIT
AA0216,11063,0,0,IN,990909,17:03:53,17:04:10,17,0:00:00,0:00:00,0,AGENT,17:04:09,17:06:10,121,Z2ELINOR
AA0216,11064,0,0,IN,990909,17:24:53,17:25:24,31,0:00:00,0:00:00,0,AGENT,17:25:24,17:28:04,160,Z2LIOR
AA0216,11065,0,0,IN,990909,17:39:38,17:39:53,15,0:00:00,0:00:00,0,AGENT,17:39:53,17:42:12,139,Z2ELINOR
AA0216,11066,0,0,IN,990909,17:41:29,17:41:46,17,0:00:00,0:00:00,0,AGENT,17:41:46,17:45:10,204,Z2NIRIT
AA0216,11067,0,0,IN,990909,17:58:45,17:59:04,19,0:00:00,0:00:00,0,AGENT,17:59:03,18:00:35,92,Z2NIRIT
AA0216,11068,0,0,IN,990909,18:01:24,18:01:37,13,0:00:00,0:00:00,0,AGENT,18:01:37,18:15:34,837,Z2NIRIT
AA0216,11069,0,0,IN,990909,18:35:25,18:36:03,38,0:00:00,0:00:00,0,AGENT,18:36:03,18:42:31,388,Z2OFER
AA0216,11070,0,0,IN,990909,18:51:32,18:51:52,20,0:00:00,0:00:00,0,AGENT,18:51:52,18:59:18,446,Z2EYAL
AA0216,11071,0,0,IN,990909,18:56:46,18:56:59,13,0:00:00,0:00:00,0,AGENT,18:56:58,19:07:13,615,Z2NIRIT
AA0216,11072,0,0,IN,990909,19:22:37,19:22:57,20,0:00:00,0:00:00,0,AGENT,19:22:56,19:29:15,379,Z2EYAL
AA0216,11073,0,0,IN,990909,19:46:51,19:47:06,15,0:00:00,0:00:00,0,AGENT,19:47:06,19:48:48,102,Z2NIRIT
AA0216,11074,0,0,IN,990909,20:06:13,20:06:51,38,0:00:00,0:00:00,0,AGENT,20:06:50,20:08:36,106,Z2LIOR
AA0216,11075,0,0,IN,990909,20:29:32,20:29:50,18,0:00:00,0:00:00,0,AGENT,20:29:50,20:34:16,266,Z2NIRIT
AA0216,11076,0,0,IN,990909,20:46:33,20:46:47,14,0:00:00,0:00:00,0,AGENT,20:46:47,20:49:13,146,Z2NIRIT
AA0216,11077,0,0,IN,990909,21:09:31,21:10:21,50,0:00:00,0:00:00,0,AGENT,21:10:20,21:13:31,191,Z2OFER
AA0216,11078,0,0,IN,990909,21:25:40,21:26:03,23,0:00:00,0:00:00,0,AGENT,21:26:03,21:27:55,112,Z2NIRIT
AA0216,11079,0,0,IN,990909,21:29:01,21:29:20,19,0:00:00,0:00:00,0,AGENT,21:29:18,21:35:19,361,Z2OFER
AA0216,11080,0,0,IN,990909,21:55:11,21:55:27,16,0:00:00,0:00:00,0,AGENT,21:55:27,22:01:22,355,Z2NIRIT
AA0216,11081,0,0,IN,990909,22:03:14,22:03:35,21,0:00:00,0:00:00,0,AGENT,22:03:35,22:15:46,731,Z2OFER
AA0216,11082,0,0,IN,990909,22:06:39,22:06:56,17,0:00:00,0:00:00,0,AGENT,22:06:54,22:11:26,272,Z2EYAL
AA0216,11083,0,0,IN,990909,22:33:13,22:33:33,20,0:00:00,0:00:00,0,AGENT,22:33:32,22:35:22,110,Z2NIRIT
AA0216,11084,0,0,IN,990909,23:02:14,23:02:30,16,0:00:00,0:00:00,0,AGENT,23:02:29,23:12:25,596,Z2OFER
AA0216,11085,0,0,IN,990909,23:32:30,23:32:46,16,0:00:00,0:00:00,0,AGENT,23:32:45,23:45:30,765,Z2OFER
AA0216,11086,0,0,IN,990910,7:04:01,7:04:19,18,0:00:00,0:00:00,0,AGENT,7:04:18,7:06:48,150,Z2EYAL
AA0216,11087,0,0,IN,990910,7:09:32,7:09:42,10,7:09:42,7:24:18,876,AGENT,7:24:17,7:25:30,73,DORIT
AA0216,11088,0,0,IN,990910,8:13:17,8:13:26,9,8:13:26,8:14:31,65,AGENT,8:14:31,8:17:39,188,Z2EYAL
AA0216,11089,0,0,IN,990910,8:36:54,8:37:11,17,0:00:00,0:00:00,0,AGENT,8:37:09,8:42:31,322,Z2LIOR
AA0216,11090,0,0,IN,990910,9:15:14,9:15:27,13,0:00:00,0:00:00,0,AGENT,9:15:26,9:17:34,128,Z2LIOR
AA0216,11091,0,0,IN,990910,9:30:39,9:30:58,19,0:00:00,0:00:00,0,AGENT,9:30:56,9:33:04,128,Z2EYAL
AA0216,11092,0,0,IN,990910,9:40:50,9:41:06,16,0:00:00,0:00:00,0,AGENT,9:41:05,9:51:05,600,Z2LIOR
AA0216,11093,0,0,IN,990910,10:04:12,10:04:25,13,0:00:00,0:00:00,0,AGENT,10:04:25,10:11:29,424,Z2LIOR
AA0216,11094,0,0,IN,990910,10:26:06,10:26:28,22,0:00:00,0:00:00,0,AGENT,10:26:26,10:28:36,130,Z2LIOR
AA0216,11095,0,0,IN,990910,11:16:33,11:16:46,13,0:00:00,0:00:00,0,AGENT,11:16:45,11:18:34,109,DORIT
AA0216,11096,0,0,IN,990910,11:20:23,11:20:33,10,11:20:33,11:21:22,49,AGENT,11:21:21,11:23:13,112,DORIT
AA0216,11097,0,0,IN,990910,11:44:29,11:44:45,16,0:00:00,0:00:00,0,AGENT,11:44:44,11:47:14,150,DORIT
AA0216,11098,0,0,IN,990910,11:49:27,11:49:36,9,11:49:36,11:49:54,18,AGENT,11:49:53,11:55:31,338,DORIT
AA0216,11099,0,0,IN,990910,11:58:28,11:58:45,17,0:00:00,0:00:00,0,AGENT,11:58:44,12:01:36,172,DORIT
AA0216,11100,0,0,IN,990910,12:11:54,12:12:20,26,12:12:20,12:12:36,16,AGENT,12:12:35,12:18:16,341,Z2LIOR
AA0216,11101,0,0,IN,990910,12:19:25,12:19:34,9,12:19:34,12:21:00,86,AGENT,12:20:59,12:48:20,1641,Z2EYAL
AA0216,11102,0,0,IN,990910,12:56:44,12:57:01,17,0:00:00,0:00:00,0,AGENT,12:57:00,12:59:37,157,Z2LIOR
AA0216,11103,0,0,IN,990910,13:02:10,13:02:35,25,0:00:00,0:00:00,0,HANG,0:00:00,0:00:00,0,NO_SERVER
AA0216,11104,0,0,IN,990910,13:11:27,13:11:46,19,0:00:00,0:00:00,0,HANG,0:00:00,0:00:00,0,NO_SERVER
AA0216,11105,0,0,IN,990910,13:16:21,13:16:44,23,0:00:00,0:00:00,0,HANG,0:00:00,0:00:00,0,NO_SERVER
AA0216,11106,0,0,IN,990910,13:27:51,13:28:29,38,0:00:00,0:00:00,0,HANG,0:00:00,0:00:00,0,NO_SERVER
AA0216,11107,0,0,IN,990910,14:23:27,14:24:07,40,0:00:00,0:00:00,0,HANG,0:00:00,0:00:00,0,NO_SERVER
AA0216,11108,0,0,IN,990910,14:30:50,14:31:04,14,0:00:00,0:00:00,0,HANG,0:00:00,0:00:00,0,NO_SERVER
AA0216,11109,0,0,IN,990910,17:11:35,17:12:03,28,0:00:00,0:00:00,0,HANG,0:00:00,0:00:00,0,NO_SERVER
AA0216,11110,0,0,IN,990911,12:12:47,12:13:05,18,0:00:00,0:00:00,0,HANG,0:00:00,0:00:00,0,NO_SERVER
AA0216,11111,0,0,IN,990912,19:55:01,19:55:10,9,19:55:10,19:56:08,58,HANG,0:00:00,0:00:00,0,NO_SERVER
AA0216,11112,0,0,IN,990912,20:58:50,20:59:15,25,0:00:00,0:00:00,0,AGENT,20:59:14,21:02:07,173,Z2LIOR
AA0216,11113,0,0,IN,990912,21:57:22,21:57:39,17,0:00:00,0:00:00,0,AGENT,21:57:41,21:57:52,11,NO_SERVER
AA0216,11114,0,0,IN,990912,22:11:38,22:12:05,27,0:00:00,0:00:00,0,AGENT,22:12:08,22:12:43,35,NO_SERVER
AA0216,11115,0,0,IN,990912,22:23:02,22:23:11,9,22:23:11,22:25:50,159,HANG,0:00:00,0:00:00,0,NO_SERVER
AA0216,11116,0,0,IN,990912,23:13:01,23:13:16,15,0:00:00,0:00:00,0,AGENT,23:13:15,23:19:54,399,Z2LIOR
AA0216,11117,0,0,IN,990912,23:46:35,23:46:57,22,0:00:00,0:00:00,0,AGENT,23:46:57,23:47:58,61,Z2IFAT
AA0216,11118,0,0,IN,990913,7:19:14,7:19:28,14,0:00:00,0:00:00,0,AGENT,7:19:27,7:20:28,61,YIFAT
AA0216,11119,0,0,IN,990913,8:15:02,8:15:18,16,0:00:00,0:00:00,0,AGENT,8:15:17,8:17:28,131,Z2OFERZ
AA0216,11120,0,0,IN,990913,8:24:58,8:25:11,13,0:00:00,0:00:00,0,AGENT,8:25:10,8:32:52,462,YIFAT
AA0216,11121,0,0,IN,990913,8:48:41,8:49:00,19,0:00:00,0:00:00,0,AGENT,8:48:59,8:50:11,72,Z2OFERZ
AA0216,11122,0,0,IN,990913,8:56:23,8:56:32,9,8:56:32,8:57:37,65,HANG,0:00:00,0:00:00,0,NO_SERVER
AA0216,11123,0,0,IN,990913,9:23:12,9:23:29,17,0:00:00,0:00:00,0,AGENT,9:23:28,9:26:07,159,Z2OFERZ
AA0216,11124,0,0,IN,990913,9:28:30,9:28:44,14,0:00:00,0:00:00,0,AGENT,9:28:42,9:31:20,158,YIFAT
AA0216,11125,0,0,IN,990913,9:32:15,9:32:31,16,0:00:00,0:00:00,0,AGENT,9:32:30,9:37:34,304,Z2OFERZ
AA0216,11126,0,0,IN,990913,9:51:21,9:51:30,9,9:51:30,9:53:11,101,HANG,0:00:00,0:00:00,0,NO_SERVER
AA0216,11127,0,0,IN,990913,9:59:25,9:59:35,10,9:59:35,10:01:32,117,AGENT,10:01:32,10:03:33,121,YIFAT
AA0216,11128,0,0,IN,990913,10:08:31,10:08:52,21,0:00:00,0:00:00,0,AGENT,10:08:52,10:21:55,783,Z2ARIE
AA0216,11129,0,0,IN,990913,10:19:23,10:19:37,14,0:00:00,0:00:00,0,AGENT,10:19:37,10:19:47,10,NO_SERVER
AA0216,11130,0,0,IN,990913,10:31:14,10:31:24,10,10:31:24,10:32:17,53,HANG,0:00:00,0:00:00,0,NO_SERVER
AA0216,11131,0,0,IN,990913,10:33:36,10:33:46,10,10:33:46,10:35:17,91,HANG,0:00:00,0:00:00,0,NO_SERVER
AA0216,11132,0,0,IN,990913,10:35:22,10:35:32,10,10:35:32,10:36:36,64,AGENT,10:36:34,10:39:21,167,TOVA
AA0216,11133,0,0,IN,990913,10:40:17,10:40:22,5,0:00:00,0:00:00,0,HANG,0:00:00,0:00:00,0,NO_SERVER
AA0216,11134,0,0,IN,990913,10:41:16,10:41:22,6,0:00:00,0:00:00,0,HANG,0:00:00,0:00:00,0,NO_SERVER
AA0216,11135,0,0,IN,990913,10:45:38,10:45:52,14,0:00:00,0:00:00,0,AGENT,10:45:52,10:49:50,238,Z2OFERZ
AA0216,11136,0,0,IN,990913,10:55:09,10:55:18,9,10:55:18,10:59:31,253,AGENT,10:59:31,11:01:16,105,TOVA
AA0216,11137,0,0,IN,990913,10:59:40,10:59:49,9,10:59:49,11:01:48,119,AGENT,11:01:48,11:01:48,0,YIFAT
AA0216,11138,0,0,IN,990913,11:03:08,11:03:17,9,11:03:17,11:03:25,8,AGENT,11:03:23,11:04:48,85,STEREN
AA0216,11139,0,0,IN,990913,11:05:52,11:06:01,9,11:06:01,11:06:33,32,AGENT,11:06:33,11:07:52,79,TOVA
AA0216,11140,0,0,IN,990913,11:07:51,11:08:00,9,11:08:00,11:08:53,53,AGENT,11:08:52,11:11:33,161,Z2OFERZ
AA0216,11141,0,0,IN,990913,11:10:24,11:10:34,10,11:10:34,11:11:30,56,AGENT,11:11:30,11:13:51,141,TOVA
AA0216,11142,0,0,IN,990913,11:21:33,11:21:42,9,11:21:42,11:23:12,90,HANG,0:00:00,0:00:00,0,NO_SERVER
AA0216,11143,0,0,IN,990913,11:29:05,11:29:14,9,11:29:14,11:29:57,43,HANG,0:00:00,0:00:00,0,NO_SERVER
AA0216,11144,0,0,IN,990913,11:33:26,11:33:36,10,11:33:36,11:33:43,7,AGENT,11:33:42,11:34:19,37,TOVA
AA0216,11145,0,0,IN,990913,11:34:44,11:34:53,9,11:34:53,11:35:23,30,AGENT,11:35:22,11:48:04,762,Z2ARIE
AA0216,11146,0,0,IN,990913,11:44:36,11:44:45,9,11:44:45,11:45:14,29,AGENT,11:45:13,11:53:26,493,YIFAT
AA0216,11147,0,0,IN,990913,11:46:19,11:46:28,9,11:46:28,11:47:14,46,AGENT,11:47:13,11:49:01,108,TOVA
AA0216,11148,0,0,IN,990913,11:49:24,11:49:41,17,0:00:00,0:00:00,0,AGENT,11:49:41,11:58:32,531,Z2OFERZ
AA0216,11149,0,0,IN,990913,11:50:38,11:50:47,9,11:50:47,11:50:53,6,HANG,0:00:00,0:00:00,0,NO_SERVER
AA0216,11150,0,0,IN,990913,11:51:25,11:51:34,9,11:51:34,11:53:32,118,AGENT,11:53:32,11:53:55,23,YIFAT
AA0216,11151,0,0,IN,990913,11:54:07,11:54:17,10,11:54:17,11:55:23,66,AGENT,11:55:22,12:00:05,283,Z2ELINOR
AA0216,11152,0,0,IN,990913,12:00:46,12:01:02,16,0:00:00,0:00:00,0,AGENT,12:01:01,12:02:06,65,Z2ELINOR
AA0216,11153,0,0,IN,990913,12:11:48,12:11:58,10,12:11:58,12:12:23,25,AGENT,12:12:23,12:21:14,531,Z2ARIE
AA0216,11154,0,0,IN,990913,12:12:40,12:12:50,10,12:12:50,12:13:28,38,AGENT,12:13:28,12:14:26,58,TOVA
AA0216,11155,0,0,IN,990913,12:14:23,12:14:33,10,12:14:33,12:14:52,19,AGENT,12:14:51,12:15:56,65,YIFAT
AA0216,11156,0,0,IN,990913,12:23:30,12:23:39,9,12:23:39,12:25:30,111,AGENT,12:25:29,12:26:31,62,TOVA
AA0216,11157,0,0,IN,990913,12:32:51,12:33:00,9,12:33:00,12:33:54,54,HANG,0:00:00,0:00:00,0,NO_SERVER
AA0216,11158,0,0,IN,990913,12:37:34,12:37:44,10,12:37:44,12:38:01,17,AGENT,12:38:00,12:38:01,1,YIFAT
AA0216,11159,0,0,IN,990913,12:53:19,12:53:33,14,0:00:00,0:00:00,0,AGENT,12:53:32,12:59:23,351,YIFAT
AA0216,11160,0,0,IN,990913,13:04:03,13:04:23,20,0:00:00,0:00:00,0,AGENT,13:04:21,13:10:39,378,YIFAT
AA0216,11161,0,0,IN,990913,13:13:23,13:13:37,14,0:00:00,0:00:00,0,AGENT,13:13:37,13:22:19,522,YIFAT
AA0216,11162,0,0,IN,990913,13:23:33,13:23:38,5,0:00:00,0:00:00,0,HANG,0:00:00,0:00:00,0,NO_SERVER
AA0216,11163,0,0,IN,990913,13:30:13,13:30:22,9,13:30:22,13:30:42,20,AGENT,13:30:41,13:33:36,175,YIFAT
AA0216,11164,0,0,IN,990913,13:42:38,13:42:56,18,0:00:00,0:00:00,0,AGENT,13:42:54,14:10:27,1653,Z2ARIE
AA0216,11165,0,0,IN,990913,13:55:38,13:55:47,9,13:55:47,14:01:03,316,AGENT,14:01:02,14:06:40,338,Z2OFERZ
AA0216,11166,0,0,IN,990913,14:01:25,14:01:34,9,14:01:34,14:03:43,129,HANG,0:00:00,0:00:00,0,NO_SERVER
AA0216,11167,0,0,IN,990913,14:10:46,14:10:59,13,0:00:00,0:00:00,0,AGENT,14:10:58,14:47:18,2180,Z2ARIE
AA0216,11168,0,0,IN,990913,14:22:31,14:22:41,10,14:22:41,14:25:25,164,AGENT,14:25:24,14:37:01,697,Z2ELINOR
AA0216,11169,0,0,IN,990913,14:37:47,14:38:02,15,0:00:00,0:00:00,0,AGENT,14:38:01,14:39:52,111,Z2ELINOR
AA0216,11170,0,0,IN,990913,14:43:57,14:44:23,26,14:44:23,14:45:12,49,AGENT,14:45:11,14:48:33,202,Z2ELINOR
AA0216,11171,0,0,IN,990913,14:48:01,14:48:24,23,0:00:00,0:00:00,0,AGENT,14:48:23,14:53:00,277,Z2ARIE
AA0216,11172,0,0,IN,990913,14:54:13,14:54:27,14,0:00:00,0:00:00,0,AGENT,14:54:27,14:55:52,85,Z2OFERZ
AA0216,11173,0,0,IN,990913,14:59:45,14:59:59,14,0:00:00,0:00:00,0,AGENT,14:59:58,15:02:40,162,Z2IFAT
AA0216,11174,0,0,IN,990913,15:00:40,15:00:49,9,15:00:49,15:01:44,55,AGENT,15:01:44,15:10:14,510,Z2OFER
AA0216,11175,0,0,IN,990913,15:26:49,15:27:10,21,0:00:00,0:00:00,0,AGENT,15:27:09,15:30:22,193,Z2ELINOR
AA0216,11176,0,0,IN,990913,15:28:02,15:28:12,10,15:28:12,15:30:28,136,AGENT,15:30:27,15:45:18,891,Z2LIOR
AA0216,11177,0,0,IN,990913,15:37:11,15:37:27,16,0:00:00,0:00:00,0,AGENT,15:37:26,15:38:52,86,Z2ELINOR
AA0216,11178,0,0,IN,990913,15:45:05,15:45:22,17,0:00:00,0:00:00,0,AGENT,15:45:22,15:50:01,279,Z2IFAT
AA0216,11179,0,0,IN,990913,15:56:47,15:57:08,21,15:57:08,15:58:15,67,AGENT,15:57:07,16:05:03,476,Z2LIOR
AA0216,11180,0,0,IN,990913,16:01:24,16:01:33,9,16:01:33,16:03:46,133,AGENT,16:03:44,16:06:38,174,Z2LIOR
AA0216,11181,0,0,IN,990913,16:03:49,16:03:58,9,16:03:58,16:05:13,75,AGENT,16:05:12,16:06:43,91,Z2IFAT
AA0216,11182,0,0,IN,990913,16:08:41,16:08:51,10,16:08:51,16:09:53,62,AGENT,16:09:52,16:15:54,362,Z2ELINOR
AA0216,11183,0,0,IN,990913,16:15:46,16:15:51,5,0:00:00,0:00:00,0,HANG,0:00:00,0:00:00,0,NO_SERVER
AA0216,11184,0,0,IN,990913,16:18:48,16:19:20,32,0:00:00,0:00:00,0,AGENT,16:19:19,16:23:35,256,Z2NIRIT
AA0216,11185,0,0,IN,990913,16:24:58,16:25:11,13,0:00:00,0:00:00,0,AGENT,16:25:09,16:53:32,1703,Z2NIRIT
AA0216,11186,0,0,IN,990913,16:28:59,16:29:09,10,16:29:09,16:30:14,65,AGENT,16:30:12,17:03:28,1996,Z2LIOR
AA0216,11187,0,0,IN,990913,16:39:58,16:40:15,17,0:00:00,0:00:00,0,AGENT,16:40:13,16:44:27,254,Z2OFER
AA0216,11188,0,0,IN,990913,16:43:38,16:43:48,10,16:43:48,16:44:40,52,AGENT,16:44:38,17:00:12,934,Z2OFER
AA0216,11189,0,0,IN,990913,16:55:16,16:55:30,14,0:00:00,0:00:00,0,AGENT,16:55:30,17:26:00,1830,Z2IFAT
AA0216,11190,0,0,IN,990913,17:03:09,17:03:34,25,17:03:34,17:03:40,6,AGENT,17:03:39,17:17:14,815,Z2OFER
AA0216,11191,0,0,IN,990913,17:15:52,17:16:01,9,17:16:01,17:17:22,81,AGENT,17:17:22,17:30:41,799,Z2OFER
AA0216,11192,0,0,IN,990913,17:29:23,17:29:49,26,0:00:00,0:00:00,0,AGENT,17:29:49,17:34:26,277,Z2IFAT
AA0216,11193,0,0,IN,990913,17:43:31,17:43:47,16,0:00:00,0:00:00,0,AGENT,17:43:47,17:52:20,513,Z2IFAT
AA0216,11194,0,0,IN,990913,17:53:46,17:54:08,22,0:00:00,0:00:00,0,AGENT,17:54:07,17:55:56,109,Z2ELINOR
AA0216,11195,0,0,IN,990913,18:00:24,18:00:34,10,18:00:34,18:00:57,23,AGENT,18:00:56,18:02:25,89,Z2LIOR
AA0216,11196,0,0,IN,990913,18:07:11,18:07:34,23,0:00:00,0:00:00,0,AGENT,18:07:33,18:08:07,34,Z2NIRIT
AA0216,11197,0,0,IN,990913,18:11:22,18:11:31,9,18:11:31,18:12:25,54,HANG,0:00:00,0:00:00,0,NO_SERVER
AA0216,11198,0,0,IN,990913,18:21:38,18:21:57,19,0:00:00,0:00:00,0,AGENT,18:21:57,18:24:15,138,Z2NIRIT
AA0216,11199,0,0,IN,990913,18:26:42,18:26:59,17,0:00:00,0:00:00,0,AGENT,18:26:58,18:28:47,109,Z2NIRIT
AA0216,11200,0,0,IN,990913,18:31:51,18:32:08,17,0:00:00,0:00:00,0,AGENT,18:32:07,18:33:20,73,Z2NIRIT
AA0216,11201,0,0,IN,990913,18:51:22,18:51:37,15,0:00:00,0:00:00,0,AGENT,18:51:36,18:57:11,335,Z2LIOR
AA0216,11202,0,0,IN,990913,19:02:55,19:03:22,27,19:03:22,19:03:31,9,AGENT,19:03:30,19:05:52,142,Z2EYAL
AA0216,11203,0,0,IN,990913,19:13:32,19:13:37,5,0:00:00,0:00:00,0,HANG,0:00:00,0:00:00,0,NO_SERVER
AA0216,11204,0,0,IN,990913,19:20:38,19:20:55,17,0:00:00,0:00:00,0,AGENT,19:20:54,19:22:53,119,Z2OFER
AA0216,11205,0,0,IN,990913,19:23:19,19:23:33,14,0:00:00,0:00:00,0,AGENT,19:23:32,19:45:30,1318,Z2OFER
AA0216,11206,0,0,IN,990913,19:43:57,19:44:06,9,19:44:06,19:45:36,90,AGENT,19:45:35,19:45:40,5,Z2OFER
AA0216,11207,0,0,IN,990913,19:48:43,19:48:59,16,0:00:00,0:00:00,0,AGENT,19:48:58,19:52:14,196,Z2EYAL
AA0216,11208,0,0,IN,990913,19:51:14,19:51:39,25,19:51:39,19:51:48,9,AGENT,19:51:47,20:00:15,508,Z2LIOR
AA0216,11209,0,0,IN,990913,20:00:01,20:00:22,21,0:00:00,0:00:00,0,AGENT,20:00:21,20:01:21,60,Z2NIRIT
AA0216,11210,0,0,IN,990913,20:09:13,20:10:11,58,0:00:00,0:00:00,0,AGENT,20:10:10,20:15:41,331,Z2NIRIT
AA0216,11211,0,0,IN,990913,20:13:00,20:13:09,9,20:13:09,20:13:10,1,HANG,0:00:00,0:00:00,0,NO_SERVER
AA0216,11212,0,0,IN,990913,20:21:42,20:21:57,15,0:00:00,0:00:00,0,AGENT,20:21:55,20:40:09,1094,Z2OFER
AA0216,11213,0,0,IN,990913,20:41:08,20:41:25,17,0:00:00,0:00:00,0,AGENT,20:41:25,20:45:37,252,Z2OFER
AA0216,11214,0,0,IN,990913,21:20:18,21:20:37,19,0:00:00,0:00:00,0,AGENT,21:20:37,21:47:43,1626,Z2NIRIT
AA0216,11215,0,0,IN,990913,21:39:07,21:39:25,18,0:00:00,0:00:00,0,AGENT,21:39:24,21:42:54,210,Z2LIOR
AA0216,11216,0,0,IN,990913,21:56:48,21:56:57,9,21:56:57,21:57:35,38,AGENT,21:57:34,21:59:32,118,Z2LIOR
AA0216,11217,0,0,IN,990913,22:08:27,22:08:47,20,0:00:00,0:00:00,0,AGENT,22:08:47,22:13:35,288,Z2EYAL
AA0216,11218,0,0,IN,990913,22:09:56,22:10:05,9,22:10:05,22:14:33,268,AGENT,22:14:33,22:15:01,28,Z2EYAL
AA0216,11219,0,0,IN,990913,22:14:38,22:14:48,10,22:14:48,22:24:21,573,AGENT,22:24:20,22:27:43,203,Z2NIRIT
AA0216,11220,0,0,IN,990913,22:37:41,22:37:50,9,22:37:50,22:49:10,680,AGENT,22:49:09,22:50:10,61,Z2EYAL
AA0216,11221,0,0,IN,990913,23:09:31,23:09:40,9,23:09:40,23:15:00,320,HANG,0:00:00,0:00:00,0,NO_SERVER
AA0216,11222,0,0,IN,990914,7:09:37,7:09:53,16,0:00:00,0:00:00,0,AGENT,7:09:53,7:30:11,1218,Z2NIRIT
AA0216,11223,0,0,IN,990914,7:42:15,7:42:24,9,7:42:24,7:44:48,144,AGENT,7:44:47,7:46:33,106,Z2NIRIT
AA0216,11224,0,0,IN,990914,7:47:56,7:48:11,15,0:00:00,0:00:00,0,AGENT,7:48:10,7:48:47,37,Z2NIRIT
AA0216,11225,0,0,IN,990914,7:48:40,7:48:50,10,7:48:50,7:53:51,301,AGENT,7:53:50,7:55:22,92,YIFAT
AA0216,11226,0,0,IN,990914,7:56:02,7:56:12,10,7:56:12,7:57:59,107,HANG,7:58:00,7:58:09,9,NO_SERVER
AA0216,11227,0,0,IN,990914,8:08:07,8:08:21,14,0:00:00,0:00:00,0,AGENT,8:08:19,8:12:15,236,Z2NIRIT
AA0216,11228,0,0,IN,990914,8:16:06,8:16:19,13,0:00:00,0:00:00,0,AGENT,8:16:17,8:27:35,678,YIFAT
AA0216,11229,0,0,IN,990914,8:31:06,8:31:16,10,8:31:16,8:40:36,560,AGENT,0:00:00,0:00:00,0,YIFAT
AA0216,11230,0,0,IN,990914,8:45:22,8:45:37,15,0:00:00,0:00:00,0,AGENT,8:45:36,8:47:06,90,Z2NIRIT
AA0216,11231,0,0,IN,990914,8:55:12,8:55:30,18,0:00:00,0:00:00,0,AGENT,8:55:29,8:58:28,179,Z2NIRIT
AA0216,11232,0,0,IN,990914,9:03:38,9:03:53,15,0:00:00,0:00:00,0,AGENT,9:03:52,9:36:37,1965,Z2NIRIT
AA0216,11233,0,0,IN,990914,9:20:06,9:20:16,10,9:20:16,9:24:23,247,AGENT,9:24:21,9:27:27,186,YIFAT
AA0216,11234,0,0,IN,990914,9:26:19,9:26:28,9,9:26:28,9:27:20,52,AGENT,9:27:19,9:34:56,457,Z2IFAT
AA0216,11235,0,0,IN,990914,9:44:23,9:44:43,20,0:00:00,0:00:00,0,AGENT,9:44:42,9:47:37,175,Z2NIRIT
AA0216,11236,0,0,IN,990914,9:45:04,9:45:14,10,9:45:14,9:46:56,102,HANG,0:00:00,0:00:00,0,NO_SERVER
AA0216,11237,0,0,IN,990914,9:52:52,9:53:11,19,0:00:00,0:00:00,0,AGENT,9:53:10,9:55:02,112,Z2NIRIT
AA0216,11238,0,0,IN,990914,10:10:34,10:10:51,17,0:00:00,0:00:00,0,AGENT,10:10:50,10:15:46,296,Z2EYAL
AA0216,11239,0,0,IN,990914,10:14:11,10:14:21,10,10:14:21,10:14:29,8,HANG,0:00:00,0:00:00,0,NO_SERVER
AA0216,11240,0,0,IN,990914,10:17:25,10:17:34,9,10:17:34,10:23:40,366,AGENT,10:23:39,10:25:25,106,Z2NIRIT
AA0216,11241,0,0,IN,990914,10:25:55,10:26:04,9,10:26:04,10:26:35,31,AGENT,10:26:34,10:38:09,695,Z2IFAT
AA0216,11242,0,0,IN,990914,10:39:30,10:39:55,25,10:39:55,10:39:59,4,HANG,0:00:00,0:00:00,0,NO_SERVER
AA0216,11243,0,0,IN,990914,10:41:33,10:41:48,15,0:00:00,0:00:00,0,AGENT,10:41:48,10:45:29,221,Z2NIRIT
AA0216,11244,0,0,IN,990914,10:53:06,10:53:23,17,0:00:00,0:00:00,0,AGENT,10:53:23,10:59:08,345,Z2NIRIT
AA0216,11245,0,0,IN,990914,11:12:32,11:12:47,15,0:00:00,0:00:00,0,AGENT,11:12:46,11:14:02,76,Z2NIRIT
AA0216,11246,0,0,IN,990914,11:17:16,11:17:29,13,0:00:00,0:00:00,0,AGENT,11:17:28,11:18:58,90,Z2NIRIT
AA0216,11247,0,0,IN,990914,11:19:42,11:19:51,9,11:19:51,11:20:46,55,HANG,0:00:00,0:00:00,0,NO_SERVER
AA0216,11248,0,0,IN,990914,11:28:44,11:29:01,17,0:00:00,0:00:00,0,AGENT,11:29:00,11:30:15,75,Z2IFAT
AA0216,11249,0,0,IN,990914,11:36:06,11:36:20,14,0:00:00,0:00:00,0,AGENT,11:36:19,11:42:11,352,Z2EYAL
AA0216,11250,0,0,IN,990914,11:43:08,11:43:23,15,0:00:00,0:00:00,0,AGENT,11:43:22,11:44:03,41,Z2NIRIT
AA0216,11251,0,0,IN,990914,11:57:00,11:57:14,14,0:00:00,0:00:00,0,AGENT,11:57:13,11:57:54,41,Z2IFAT
AA0216,11252,0,0,IN,990914,12:05:28,12:05:43,15,12:05:43,12:06:44,61,AGENT,12:05:52,12:08:58,186,YIFAT
AA0216,11253,0,0,IN,990914,12:14:47,12:15:00,13,0:00:00,0:00:00,0,AGENT,12:14:59,12:15:08,9,YIFAT
AA0216,11254,0,0,IN,990914,12:16:35,12:16:51,16,0:00:00,0:00:00,0,AGENT,12:16:51,12:30:02,791,YIFAT
AA0216,11255,0,0,IN,990914,12:32:00,12:32:15,15,0:00:00,0:00:00,0,AGENT,12:32:14,12:37:21,307,Z2EYAL
AA0216,11256,0,0,IN,990914,12:50:30,12:50:44,14,0:00:00,0:00:00,0,AGENT,12:50:43,12:57:17,394,Z2IFAT
AA0216,11257,0,0,IN,990914,12:59:46,13:00:00,14,0:00:00,0:00:00,0,AGENT,12:59:59,13:11:36,697,Z2EYAL
AA0216,11258,0,0,IN,990914,13:17:38,13:18:01,23,0:00:00,0:00:00,0,AGENT,13:18:00,13:19:02,62,Z2LIOR
AA0216,11259,0,0,IN,990914,13:30:48,13:31:06,18,0:00:00,0:00:00,0,AGENT,13:31:05,13:52:41,1296,Z2IFAT
AA0216,11260,0,0,IN,990914,13:43:20,13:43:37,17,0:00:00,0:00:00,0,AGENT,13:43:36,13:47:14,218,Z2LIOR
AA0216,11261,0,0,IN,990914,13:46:39,13:46:53,14,0:00:00,0:00:00,0,AGENT,13:46:52,13:48:45,113,Z2EYAL
AA0216,11262,0,0,IN,990914,14:07:43,14:08:09,26,14:08:09,14:08:17,8,AGENT,14:08:15,14:09:59,104,Z2EYAL
AA0216,11263,0,0,IN,990914,14:14:34,14:14:47,13,0:00:00,0:00:00,0,AGENT,14:14:46,14:24:34,588,Z2LIOR
AA0216,11264,0,0,IN,990914,14:18:38,14:18:53,15,0:00:00,0:00:00,0,AGENT,14:18:51,14:38:05,1154,YIFAT
AA0216,11265,0,0,IN,990914,14:25:20,14:25:30,10,14:25:30,14:28:07,157,AGENT,14:28:06,14:43:04,898,Z2LIOR
AA0216,11266,0,0,IN,990914,14:28:21,14:28:30,9,14:28:30,14:29:43,73,AGENT,14:29:42,14:46:14,992,Z2ARIE
AA0216,11267,0,0,IN,990914,14:39:26,14:39:35,9,14:39:35,14:43:11,216,AGENT,14:43:11,14:51:27,496,Z2LIOR
AA0216,11268,0,0,IN,990914,14:44:58,14:45:07,9,14:45:07,14:47:54,167,AGENT,14:47:54,14:55:30,456,Z2ARIE
AA0216,11269,0,0,IN,990914,14:56:01,14:56:21,20,0:00:00,0:00:00,0,AGENT,14:56:20,15:01:04,284,Z2EYAL
AA0216,11270,0,0,IN,990914,15:00:19,15:00:29,10,15:00:29,15:00:59,30,AGENT,15:00:58,15:28:57,1679,Z2LIOR
AA0216,11271,0,0,IN,990914,15:07:49,15:08:07,18,0:00:00,0:00:00,0,AGENT,15:08:06,15:26:13,1087,Z2EYAL
AA0216,11272,0,0,IN,990914,15:14:21,15:14:35,14,0:00:00,0:00:00,0,AGENT,15:14:34,15:17:06,152,Z2ARIE
AA0216,11273,0,0,IN,990914,15:21:02,15:21:11,9,15:21:11,15:21:18,7,AGENT,15:21:17,15:24:18,181,Z2ELINOR
AA0216,11274,0,0,IN,990914,15:23:52,15:24:01,9,15:24:01,15:25:22,81,AGENT,15:25:22,15:39:05,823,Z2ARIE
AA0216,11275,0,0,IN,990914,15:34:08,15:34:24,16,0:00:00,0:00:00,0,AGENT,15:34:23,15:35:25,62,Z2LIOR
AA0216,11276,0,0,IN,990914,15:38:35,15:38:50,15,0:00:00,0:00:00,0,AGENT,15:38:51,15:39:03,12,NO_SERVER
AA0216,11277,0,0,IN,990914,15:39:42,15:39:57,15,0:00:00,0:00:00,0,AGENT,15:39:56,15:51:50,714,Z2ARIE
AA0216,11278,0,0,IN,990914,15:49:47,15:50:05,18,0:00:00,0:00:00,0,AGENT,15:50:04,15:51:12,68,Z2EYAL
AA0216,11279,0,0,IN,990914,16:11:07,16:11:26,19,0:00:00,0:00:00,0,AGENT,16:11:25,16:22:14,649,Z2EYAL
AA0216,11280,0,0,IN,990914,16:32:57,16:33:12,15,0:00:00,0:00:00,0,AGENT,16:33:11,16:45:08,717,Z2EYAL
AA0216,11281,0,0,IN,990914,16:45:12,16:45:28,16,0:00:00,0:00:00,0,AGENT,16:45:26,16:46:57,91,Z2ELINOR
AA0216,11282,0,0,IN,990914,17:04:54,17:05:08,14,0:00:00,0:00:00,0,AGENT,17:05:08,17:11:02,354,Z2ARIE
AA0216,11283,0,0,IN,990914,17:25:58,17:26:15,17,0:00:00,0:00:00,0,AGENT,17:26:15,17:33:19,424,Z2ELINOR
AA0216,11284,0,0,IN,990914,17:41:43,17:42:18,35,0:00:00,0:00:00,0,AGENT,17:42:17,17:44:55,158,Z2ARIE
AA0216,11285,0,0,IN,990914,17:52:47,17:53:04,17,0:00:00,0:00:00,0,AGENT,17:53:04,17:57:25,261,Z2ELINOR
AA0216,11286,0,0,IN,990914,18:16:42,18:17:04,22,0:00:00,0:00:00,0,AGENT,18:17:03,18:27:34,631,Z2ELINOR
AA0216,11287,0,0,IN,990914,18:36:42,18:36:57,15,0:00:00,0:00:00,0,AGENT,18:36:56,18:38:43,107,Z2OFER
AA0216,11288,0,0,IN,990914,19:01:16,19:01:25,9,19:01:25,19:03:12,107,AGENT,19:03:11,19:05:57,166,Z2OFER
AA0216,11289,0,0,IN,990914,19:29:47,19:30:02,15,0:00:00,0:00:00,0,AGENT,19:30:02,19:56:55,1613,Z2OFER
AA0216,11290,0,0,IN,990914,19:46:52,19:47:07,15,0:00:00,0:00:00,0,AGENT,19:47:06,20:04:50,1064,Z2ARIE
AA0216,11291,0,0,IN,990914,20:05:15,20:05:27,12,0:00:00,0:00:00,0,AGENT,20:05:27,20:07:33,126,Z2OFER
AA0216,11292,0,0,IN,990914,20:29:55,20:30:13,18,0:00:00,0:00:00,0,AGENT,20:30:12,20:40:58,646,Z2OFER
AA0216,11293,0,0,IN,990914,21:00:31,21:00:49,18,0:00:00,0:00:00,0,AGENT,21:00:48,21:04:48,240,Z2OFER
AA0216,11294,0,0,IN,990914,21:05:17,21:05:30,13,0:00:00,0:00:00,0,AGENT,21:05:29,21:24:56,1167,Z2OFER
AA0216,11295,0,0,IN,990914,21:07:29,21:07:38,9,21:07:38,21:16:23,525,AGENT,21:16:23,21:19:27,184,Z2OFERZ
AA0216,11296,0,0,IN,990914,21:59:25,21:59:58,33,0:00:00,0:00:00,0,AGENT,21:59:57,22:03:46,229,Z2OFER
AA0216,11297,0,0,IN,990914,22:15:37,22:15:47,10,22:15:47,22:16:53,66,HANG,0:00:00,0:00:00,0,NO_SERVER
AA0216,11298,0,0,IN,990914,22:27:16,22:27:25,9,22:27:25,22:35:59,514,AGENT,22:35:44,22:36:01,17,Z2OFER
AA0216,11299,0,0,IN,990914,22:41:28,22:41:44,16,0:00:00,0:00:00,0,AGENT,22:41:43,22:49:45,482,Z2OFERZ
AA0216,11300,0,0,IN,990914,22:49:14,22:49:24,10,22:49:24,22:49:53,29,AGENT,22:49:52,23:10:09,1217,Z2OFERZ
AA0216,11301,0,0,IN,990914,22:56:25,22:56:39,14,0:00:00,0:00:00,0,AGENT,22:56:38,23:08:02,684,Z2OFER
AA0216,11302,0,0,IN,990914,23:24:37,23:24:47,10,23:24:47,23:36:02,675,AGENT,23:36:02,23:59:48,1426,Z2OFERZ
AA0216,11303,0,0,IN,990915,0:06:33,0:06:57,24,0:00:00,0:00:00,0,HANG,0:00:00,0:00:00,0,NO_SERVER
AA0216,11304,0,0,IN,990915,7:08:40,7:08:53,13,0:00:00,0:00:00,0,AGENT,7:08:53,7:13:52,299,YIFAT
AA0216,11305,0,0,IN,990915,8:24:18,8:24:32,14,0:00:00,0:00:00,0,AGENT,8:24:31,8:27:44,193,Z2ELINOR
AA0216,11306,0,0,IN,990915,8:30:35,8:30:42,7,0:00:00,0:00:00,0,HANG,0:00:00,0:00:00,0,NO_SERVER
AA0216,11307,0,0,IN,990915,8:33:23,8:33:37,14,0:00:00,0:00:00,0,AGENT,8:33:36,8:35:14,98,Z2ELINOR
AA0216,11308,0,0,IN,990915,8:34:03,8:34:12,9,8:34:12,8:35:30,78,AGENT,8:35:28,8:54:24,1136,YIFAT
AA0216,11309,0,0,IN,990915,8:47:30,8:47:45,15,0:00:00,0:00:00,0,AGENT,8:47:44,8:49:24,100,Z2ELINOR
AA0216,11310,0,0,IN,990915,8:56:44,8:56:59,15,0:00:00,0:00:00,0,AGENT,8:56:58,9:09:29,751,YIFAT
AA0216,11311,0,0,IN,990915,9:00:39,9:00:48,9,9:00:48,9:01:47,59,AGENT,9:01:46,9:05:45,239,Z2OFERZ
AA0216,11312,0,0,IN,990915,9:08:35,9:08:44,9,0:00:00,0:00:00,0,HANG,0:00:00,0:00:00,0,NO_SERVER
AA0216,11313,0,0,IN,990915,9:14:54,9:15:12,18,0:00:00,0:00:00,0,AGENT,9:15:11,9:26:40,689,Z2OFERZ
AA0216,11314,0,0,IN,990915,9:18:39,9:18:49,10,9:18:49,9:21:11,142,AGENT,9:21:09,9:22:17,68,Z2NIRIT
AA0216,11315,0,0,IN,990915,9:34:47,9:34:48,1,0:00:00,0:00:00,0,HANG,0:00:00,0:00:00,0,NO_SERVER
AA0216,11316,0,0,IN,990915,9:36:09,9:36:25,16,0:00:00,0:00:00,0,AGENT,9:36:24,9:39:43,199,Z2OFERZ
AA0216,11317,0,0,IN,990915,9:47:44,9:48:08,24,9:48:08,9:48:16,8,AGENT,9:48:15,9:58:12,597,Z2ELINOR
AA0216,11318,0,0,IN,990915,9:53:42,9:53:54,12,0:00:00,0:00:00,0,AGENT,9:53:53,9:58:55,302,YIFAT
AA0216,11319,0,0,IN,990915,10:03:08,10:03:23,15,0:00:00,0:00:00,0,AGENT,10:03:22,10:17:54,872,Z2NIRIT
AA0216,11320,0,0,IN,990915,10:08:24,10:08:44,20,0:00:00,0:00:00,0,AGENT,10:08:43,10:16:29,466,Z2OFERZ
AA0216,11321,0,0,IN,990915,10:14:28,10:14:37,9,10:14:37,10:16:37,120,AGENT,10:16:35,10:26:48,613,Z2OFERZ
AA0216,11322,0,0,IN,990915,10:18:31,10:18:41,10,10:18:41,10:20:01,80,AGENT,10:20:01,10:20:24,23,Z2NIRIT
AA0216,11323,0,0,IN,990915,10:22:22,10:22:32,10,10:22:32,10:23:02,30,AGENT,10:23:01,10:29:12,371,Z2NIRIT
AA0216,11324,0,0,IN,990915,10:46:31,10:46:44,13,0:00:00,0:00:00,0,AGENT,10:46:43,10:47:53,70,Z2NIRIT
AA0216,11325,0,0,IN,990915,10:56:40,10:57:05,25,10:57:05,10:57:30,25,AGENT,10:57:29,10:59:48,139,Z2NIRIT
AA0216,11326,0,0,IN,990915,11:09:38,11:10:08,30,0:00:00,0:00:00,0,AGENT,11:10:08,11:11:16,68,Z2OFERZ
AA0216,11327,0,0,IN,990915,11:10:38,11:10:48,10,11:10:48,11:11:20,32,AGENT,11:11:18,11:14:45,207,YIFAT
AA0216,11328,0,0,IN,990915,11:13:13,11:13:29,16,0:00:00,0:00:00,0,AGENT,11:13:29,11:19:02,333,Z2ELINOR
AA0216,11329,0,0,IN,990915,11:20:40,11:20:49,9,11:20:49,11:23:03,134,HANG,0:00:00,0:00:00,0,NO_SERVER
AA0216,11330,0,0,IN,990915,11:31:34,11:31:43,9,11:31:43,11:35:58,255,HANG,0:00:00,0:00:00,0,NO_SERVER
AA0216,11331,0,0,IN,990915,11:38:26,11:38:42,16,0:00:00,0:00:00,0,AGENT,11:38:40,11:41:25,165,Z2OFERZ
AA0216,11332,0,0,IN,990915,11:39:49,11:40:10,21,0:00:00,0:00:00,0,AGENT,11:40:10,11:43:39,209,Z2ELINOR
AA0216,11333,0,0,IN,990915,11:46:14,11:46:30,16,0:00:00,0:00:00,0,AGENT,11:46:29,11:50:18,229,YIFAT
AA0216,11334,0,0,IN,990915,11:55:25,11:55:34,9,11:55:34,11:56:47,73,AGENT,11:56:47,11:58:02,75,YIFAT
AA0216,11335,0,0,IN,990915,11:59:38,11:59:54,16,0:00:00,0:00:00,0,AGENT,11:59:51,12:03:04,193,YIFAT
AA0216,11336,0,0,IN,990915,12:00:32,12:00:41,9,12:00:41,12:03:39,178,AGENT,12:03:37,12:15:30,713,YIFAT
AA0216,11337,0,0,IN,990915,12:05:59,12:06:09,10,12:06:09,12:08:32,143,AGENT,12:08:31,12:20:08,697,Z2NIRIT
AA0216,11338,0,0,IN,990915,12:19:11,12:19:20,9,12:19:20,12:20:13,53,AGENT,12:20:13,12:44:58,1485,Z2NIRIT
AA0216,11339,0,0,IN,990915,12:27:20,12:27:29,9,12:27:29,12:30:23,174,AGENT,12:30:22,12:39:34,552,YIFAT
AA0216,11340,0,0,IN,990915,12:33:45,12:33:54,9,12:33:54,12:34:07,13,HANG,0:00:00,0:00:00,0,NO_SERVER
AA0216,11341,0,0,IN,990915,12:34:50,12:35:00,10,12:35:00,12:35:52,52,AGENT,12:35:51,12:43:32,461,Z2ELINOR
AA0216,11342,0,0,IN,990915,12:35:59,12:36:08,9,12:36:08,12:39:19,191,AGENT,12:39:18,12:41:01,103,Z2OFERZ
AA0216,11343,0,0,IN,990915,12:56:39,12:56:51,12,0:00:00,0:00:00,0,AGENT,12:56:50,13:09:09,739,YIFAT
AA0216,11344,0,0,IN,990915,13:20:16,13:21:04,48,0:00:00,0:00:00,0,AGENT,13:21:04,13:21:45,41,Z2NIRIT
AA0216,11345,0,0,IN,990915,13:30:14,13:30:49,35,0:00:00,0:00:00,0,AGENT,13:30:48,13:32:55,127,Z2ELINOR
AA0216,11346,0,0,IN,990915,13:38:51,13:39:16,25,13:39:16,13:39:49,33,AGENT,13:39:48,13:55:43,955,Z2ELINOR
AA0216,11347,0,0,IN,990915,13:47:39,13:47:49,10,13:47:49,13:47:57,8,HANG,0:00:00,0:00:00,0,NO_SERVER
AA0216,11348,0,0,IN,990915,14:04:38,14:04:47,9,14:04:47,14:05:15,28,AGENT,14:05:15,14:07:57,162,Z2ARIE
AA0216,11349,0,0,IN,990915,14:10:07,14:10:24,17,0:00:00,0:00:00,0,AGENT,14:10:23,14:11:26,63,VICKY
AA0216,11350,0,0,IN,990915,14:30:34,14:30:43,9,14:30:43,14:32:00,77,AGENT,14:31:58,14:34:34,156,VICKY
AA0216,11351,0,0,IN,990915,14:49:03,14:49:16,13,0:00:00,0:00:00,0,AGENT,14:49:15,14:51:17,122,VICKY
AA0216,11352,0,0,IN,990915,14:55:13,14:55:22,9,14:55:22,14:57:21,119,AGENT,14:57:20,14:58:07,47,VICKY
AA0216,11353,0,0,IN,990915,14:59:34,14:59:43,9,14:59:43,15:00:50,67,HANG,0:00:00,0:00:00,0,NO_SERVER
AA0216,11354,0,0,IN,990915,15:15:12,15:15:21,9,15:15:21,15:16:17,56,AGENT,15:16:16,15:18:38,142,Z2OFER
AA0216,11355,0,0,IN,990915,15:23:36,15:23:46,10,15:23:46,15:24:46,60,HANG,0:00:00,0:00:00,0,NO_SERVER
AA0216,11356,0,0,IN,990915,15:35:27,15:35:36,9,15:35:36,15:35:56,20,AGENT,15:35:56,15:50:02,846,Z2ARIE
AA0216,11357,0,0,IN,990915,15:54:00,15:54:20,20,0:00:00,0:00:00,0,AGENT,15:54:18,16:23:33,1755,Z2ARIE
AA0216,11358,0,0,IN,990915,15:58:23,15:58:33,10,15:58:33,15:59:05,32,AGENT,15:59:04,15:59:50,46,ANAT
AA0216,11359,0,0,IN,990915,16:07:02,16:07:12,10,16:07:12,16:08:06,54,HANG,0:00:00,0:00:00,0,NO_SERVER
AA0216,11360,0,0,IN,990915,16:09:25,16:09:34,9,16:09:34,16:10:54,80,AGENT,16:10:53,16:12:57,124,ANAT
AA0216,11361,0,0,IN,990915,16:16:23,16:16:32,9,16:16:32,16:17:17,45,HANG,0:00:00,0:00:00,0,NO_SERVER
AA0216,11362,0,0,IN,990915,16:35:55,16:36:04,9,16:36:04,16:36:33,29,AGENT,16:36:32,16:37:44,72,ANAT
AA0216,11363,0,0,IN,990915,16:43:45,16:43:54,9,16:43:54,16:44:01,7,AGENT,16:44:00,16:44:02,2,ANAT
AA0216,11364,0,0,IN,990915,17:11:40,17:12:04,24,0:00:00,0:00:00,0,AGENT,17:12:03,17:13:53,110,Z2EYAL
AA0216,11365,0,0,IN,990915,17:36:19,17:36:34,15,0:00:00,0:00:00,0,AGENT,17:36:33,17:46:49,616,Z2OFER
AA0216,11366,0,0,IN,990915,17:40:28,17:40:44,16,0:00:00,0:00:00,0,AGENT,17:40:43,17:41:07,24,Z2EYAL
AA0216,11367,0,0,IN,990915,17:44:10,17:44:25,15,0:00:00,0:00:00,0,AGENT,17:44:24,17:53:49,565,Z2ARIE
AA0216,11368,0,0,IN,990915,17:47:48,17:48:07,19,0:00:00,0:00:00,0,AGENT,17:48:06,18:20:04,1918,Z2EYAL
AA0216,11369,0,0,IN,990915,17:51:06,17:51:16,10,17:51:16,17:51:36,20,AGENT,17:51:36,17:52:46,70,ANAT
AA0216,11370,0,0,IN,990915,18:00:45,18:01:01,16,0:00:00,0:00:00,0,AGENT,18:01:01,18:04:06,185,Z2OFER
AA0216,11371,0,0,IN,990915,18:02:10,18:02:18,8,18:02:18,18:03:05,47,AGENT,18:02:37,18:08:07,330,Z2IFAT
AA0216,11372,0,0,IN,990915,18:11:49,18:12:03,14,0:00:00,0:00:00,0,AGENT,18:12:03,18:17:52,349,Z2OFER
AA0216,11373,0,0,IN,990915,18:17:14,18:17:28,14,0:00:00,0:00:00,0,AGENT,18:17:27,18:18:25,58,ANAT
AA0216,11374,0,0,IN,990915,18:24:53,18:25:08,15,0:00:00,0:00:00,0,AGENT,18:25:08,18:29:07,239,Z2OFER
AA0216,11375,0,0,IN,990915,18:32:05,18:32:22,17,0:00:00,0:00:00,0,AGENT,18:32:22,18:37:58,336,Z2IFAT
AA0216,11376,0,0,IN,990915,18:37:46,18:37:55,9,18:37:55,18:38:05,10,AGENT,18:38:04,18:40:04,120,Z2IFAT
AA0216,11377,0,0,IN,990915,18:50:26,18:50:51,25,0:00:00,0:00:00,0,AGENT,18:50:50,18:58:24,454,Z2IFAT
AA0216,11378,0,0,IN,990915,18:54:06,18:54:16,10,18:54:16,18:54:21,5,AGENT,18:54:20,18:54:55,35,ANAT
AA0216,11379,0,0,IN,990915,19:01:36,19:01:50,14,0:00:00,0:00:00,0,AGENT,19:01:50,19:15:44,834,Z2ARIE
AA0216,11380,0,0,IN,990915,19:04:48,19:05:06,18,0:00:00,0:00:00,0,AGENT,19:05:06,19:06:38,92,Z2EYAL
AA0216,11381,0,0,IN,990915,19:17:11,19:17:26,15,0:00:00,0:00:00,0,AGENT,19:17:26,19:27:50,624,Z2OFER
AA0216,11382,0,0,IN,990915,19:18:50,19:19:09,19,0:00:00,0:00:00,0,AGENT,19:19:08,19:20:57,109,ANAT
AA0216,11383,0,0,IN,990915,19:33:11,19:33:24,13,0:00:00,0:00:00,0,AGENT,19:33:24,19:55:56,1352,Z2LIOR
AA0216,11384,0,0,IN,990915,19:36:44,19:37:05,21,0:00:00,0:00:00,0,AGENT,19:37:04,19:39:06,122,Z2IFAT
AA0216,11385,0,0,IN,990915,19:42:21,19:42:38,17,0:00:00,0:00:00,0,AGENT,19:42:38,19:46:34,236,Z2IFAT
AA0216,11386,0,0,IN,990915,19:59:36,19:59:52,16,0:00:00,0:00:00,0,AGENT,19:59:52,20:05:29,337,Z2ARIE
AA0216,11387,0,0,IN,990915,20:10:39,20:11:10,31,0:00:00,0:00:00,0,AGENT,20:11:10,20:16:48,338,Z2ARIE
AA0216,11388,0,0,IN,990915,20:12:05,20:12:14,9,20:12:14,20:12:50,36,AGENT,20:12:49,20:53:38,2449,Z2LIOR
AA0216,11389,0,0,IN,990915,20:24:34,20:24:48,14,0:00:00,0:00:00,0,AGENT,20:24:48,20:32:02,434,Z2IFAT
AA0216,11390,0,0,IN,990915,20:42:56,20:43:13,17,0:00:00,0:00:00,0,AGENT,20:43:13,20:51:16,483,Z2IFAT
AA0216,11391,0,0,IN,990915,21:01:48,21:02:02,14,0:00:00,0:00:00,0,AGENT,21:02:02,21:06:18,256,Z2EYAL
AA0216,11392,0,0,IN,990915,21:05:46,21:05:55,9,21:05:55,21:06:29,34,AGENT,21:06:28,21:08:59,151,Z2EYAL
AA0216,11393,0,0,IN,990915,21:13:39,21:13:55,16,0:00:00,0:00:00,0,AGENT,21:13:54,21:17:12,198,Z2IFAT
AA0216,11394,0,0,IN,990915,21:36:09,21:36:19,10,21:36:19,21:37:01,42,HANG,0:00:00,0:00:00,0,NO_SERVER
AA0216,11395,0,0,IN,990915,21:52:31,21:52:44,13,0:00:00,0:00:00,0,AGENT,21:52:43,22:01:04,501,Z2IFAT
AA0216,11396,0,0,IN,990915,22:25:00,22:25:15,15,0:00:00,0:00:00,0,AGENT,22:25:14,22:37:46,752,Z2IFAT
AA0216,11397,0,0,IN,990915,22:48:22,22:48:48,26,0:00:00,0:00:00,0,AGENT,22:48:47,22:57:16,509,Z2LIOR
AA0216,11398,0,0,IN,990915,22:55:18,22:55:31,13,0:00:00,0:00:00,0,AGENT,22:55:30,23:00:52,322,Z2IFAT
AA0216,11399,0,0,IN,990915,23:01:05,23:01:20,15,0:00:00,0:00:00,0,AGENT,23:01:18,23:03:32,134,Z2IFAT
AA0216,11400,0,0,IN,990915,23:23:37,23:23:46,9,23:23:46,23:24:37,51,AGENT,23:24:36,23:29:45,309,Z2LIOR
AA0216,11401,0,0,IN,990916,0:33:31,0:33:54,23,0:00:00,0:00:00,0,HANG,0:00:00,0:00:00,0,NO_SERVER
AA0216,11402,0,0,IN,990916,7:04:05,7:04:25,20,0:00:00,0:00:00,0,AGENT,7:04:24,7:18:57,873,YIFAT
AA0216,11403,0,0,IN,990916,7:57:37,7:57:51,14,0:00:00,0:00:00,0,AGENT,7:57:50,8:00:20,150,Z2ARIE
AA0216,11404,0,0,IN,990916,8:30:59,8:31:15,16,0:00:00,0:00:00,0,AGENT,8:31:14,8:41:20,606,ANAT
AA0216,11405,0,0,IN,990916,9:04:03,9:04:17,14,0:00:00,0:00:00,0,AGENT,9:04:16,9:18:34,858,Z2ARIE
AA0216,11406,0,0,IN,990916,9:08:21,9:08:30,9,9:08:30,9:13:25,295,AGENT,9:13:24,9:43:58,1834,YIFAT
AA0216,11407,0,0,IN,990916,9:19:22,9:19:38,16,0:00:00,0:00:00,0,AGENT,9:19:36,9:19:47,11,ANAT
AA0216,11408,0,0,IN,990916,9:26:33,9:26:42,9,9:26:42,9:27:58,76,AGENT,9:27:57,9:29:17,80,ANAT
AA0216,11409,0,0,IN,990916,9:35:35,9:35:49,14,0:00:00,0:00:00,0,AGENT,9:35:48,9:38:33,165,ANAT
AA0216,11410,0,0,IN,990916,9:53:59,9:54:12,13,0:00:00,0:00:00,0,AGENT,9:54:11,10:02:54,523,Z2ARIE
AA0216,11411,0,0,IN,990916,9:59:28,9:59:37,9,9:59:37,10:01:28,111,AGENT,10:01:28,10:02:02,34,ANAT
AA0216,11412,0,0,IN,990916,10:06:13,10:06:23,10,10:06:23,10:07:54,91,AGENT,10:07:53,10:11:48,235,Z2ARIE
AA0216,11413,0,0,IN,990916,10:10:48,10:10:57,9,10:10:57,10:11:16,19,AGENT,10:11:15,10:20:16,541,YIFAT
AA0216,11414,0,0,IN,990916,10:13:58,10:14:08,10,10:14:08,10:15:18,70,HANG,0:00:00,0:00:00,0,NO_SERVER
AA0216,11415,0,0,IN,990916,10:29:50,10:30:11,21,0:00:00,0:00:00,0,AGENT,10:30:09,10:35:00,291,Z2IFAT
AA0216,11416,0,0,IN,990916,10:40:58,10:41:27,29,0:00:00,0:00:00,0,AGENT,10:41:26,10:45:32,246,Z2IFAT
AA0216,11417,0,0,IN,990916,10:43:27,10:43:37,10,10:43:37,10:44:02,25,AGENT,10:44:01,10:48:19,258,ANAT
AA0216,11418,0,0,IN,990916,10:46:56,10:47:10,14,0:00:00,0:00:00,0,AGENT,10:47:09,10:52:57,348,Z2IFAT
AA0216,11419,0,0,IN,990916,10:50:19,10:50:34,15,0:00:00,0:00:00,0,AGENT,10:50:33,10:51:48,75,ANAT
AA0216,11420,0,0,IN,990916,10:58:12,10:58:27,15,0:00:00,0:00:00,0,AGENT,10:58:27,11:03:27,300,Z2IFAT
AA0216,11421,0,0,IN,990916,11:04:06,11:04:21,15,0:00:00,0:00:00,0,AGENT,11:04:20,11:07:09,169,Z2ELINOR
AA0216,11422,0,0,IN,990916,11:13:29,11:13:47,18,0:00:00,0:00:00,0,AGENT,11:13:46,11:20:31,405,Z2ELINOR
AA0216,11423,0,0,IN,990916,11:20:47,11:21:01,14,0:00:00,0:00:00,0,AGENT,11:21:01,11:21:52,51,NO_SERVER
AA0216,11424,0,0,IN,990916,11:21:59,11:22:04,5,0:00:00,0:00:00,0,HANG,0:00:00,0:00:00,0,NO_SERVER
AA0216,11425,0,0,IN,990916,11:23:33,11:23:49,16,0:00:00,0:00:00,0,AGENT,11:23:48,11:27:42,234,Z2ARIE
AA0216,11426,0,0,IN,990916,11:25:10,11:25:15,5,0:00:00,0:00:00,0,HANG,0:00:00,0:00:00,0,NO_SERVER
AA0216,11427,0,0,IN,990916,11:27:03,11:27:22,19,0:00:00,0:00:00,0,AGENT,11:27:20,11:28:57,97,Z2ELINOR
AA0216,11428,0,0,IN,990916,11:29:09,11:29:19,10,11:29:19,11:29:54,35,AGENT,11:29:53,11:32:59,186,YIFAT
AA0216,11429,0,0,IN,990916,11:37:23,11:37:38,15,0:00:00,0:00:00,0,AGENT,11:37:37,11:49:44,727,Z2ELINOR
AA0216,11430,0,0,IN,990916,11:47:32,11:47:45,13,0:00:00,0:00:00,0,AGENT,11:47:45,13:01:07,4402,Z2ARIE
AA0216,11431,0,0,IN,990916,11:55:01,11:55:16,15,0:00:00,0:00:00,0,AGENT,11:55:15,12:08:47,812,Z2ELINOR
AA0216,11432,0,0,IN,990916,12:09:43,12:09:59,16,0:00:00,0:00:00,0,AGENT,12:09:58,12:10:44,46,YIFAT
AA0216,11433,0,0,IN,990916,12:15:10,12:15:26,16,0:00:00,0:00:00,0,AGENT,12:15:25,12:45:34,1809,Z2IFAT
AA0216,11434,0,0,IN,990916,12:22:36,12:22:54,18,0:00:00,0:00:00,0,AGENT,12:22:53,12:28:35,342,Z2ELINOR
AA0216,11435,0,0,IN,990916,12:35:42,12:35:56,14,0:00:00,0:00:00,0,AGENT,12:35:56,12:36:35,39,Z2ELINOR
AA0216,11436,0,0,IN,990916,12:38:47,12:39:02,15,0:00:00,0:00:00,0,AGENT,12:39:01,13:02:57,1436,Z2ELINOR
AA0216,11437,0,0,IN,990916,12:48:34,12:48:54,20,0:00:00,0:00:00,0,AGENT,12:48:53,12:49:56,63,ANAT
AA0216,11438,0,0,IN,990916,12:57:39,12:57:49,10,12:57:49,12:58:02,13,HANG,0:00:00,0:00:00,0,NO_SERVER
AA0216,11439,0,0,IN,990916,13:02:42,13:02:51,9,13:02:51,13:03:28,37,AGENT,13:03:27,13:04:21,54,Z2IFAT
AA0216,11440,0,0,IN,990916,13:05:38,13:05:51,13,0:00:00,0:00:00,0,AGENT,13:05:50,13:15:07,557,Z2IFAT
AA0216,11441,0,0,IN,990916,13:14:37,13:14:46,9,13:14:46,13:18:29,223,AGENT,13:18:28,13:24:15,347,ANAT
AA0216,11442,0,0,IN,990916,13:20:36,13:20:45,9,13:20:45,13:21:12,27,HANG,0:00:00,0:00:00,0,NO_SERVER
AA0216,11443,0,0,IN,990916,13:21:20,13:21:30,10,13:21:30,13:23:25,115,HANG,0:00:00,0:00:00,0,NO_SERVER
AA0216,11444,0,0,IN,990916,13:25:12,13:25:21,9,13:25:21,13:25:40,19,HANG,0:00:00,0:00:00,0,NO_SERVER
AA0216,11445,0,0,IN,990916,13:31:39,13:32:05,26,0:00:00,0:00:00,0,AGENT,13:32:04,13:36:26,262,Z2ELINOR
AA0216,11446,0,0,IN,990916,13:49:45,13:50:00,15,0:00:00,0:00:00,0,AGENT,13:49:59,13:57:01,422,Z2ELINOR
AA0216,11447,0,0,IN,990916,14:09:10,14:09:27,17,0:00:00,0:00:00,0,AGENT,14:09:26,14:12:00,154,Z2ELINOR
AA0216,11448,0,0,IN,990916,14:15:35,14:15:52,17,0:00:00,0:00:00,0,AGENT,14:15:51,14:17:29,98,Z2LIOR
AA0216,11449,0,0,IN,990916,14:29:53,14:30:11,18,0:00:00,0:00:00,0,AGENT,14:30:10,14:36:41,391,Z2LIOR
AA0216,11450,0,0,IN,990916,14:44:23,14:44:32,9,14:44:32,14:45:25,53,AGENT,14:45:24,14:47:02,98,Z2IFAT
AA0216,11451,0,0,IN,990916,14:48:21,14:48:36,15,0:00:00,0:00:00,0,AGENT,14:48:34,15:43:36,3302,Z2ELINOR
AA0216,11452,0,0,IN,990916,14:55:10,14:55:19,9,14:55:19,14:56:36,77,AGENT,14:56:36,14:58:11,95,Z2IFAT
AA0216,11453,0,0,IN,990916,14:56:49,14:56:59,10,14:56:59,14:58:17,78,AGENT,14:58:17,15:05:19,422,Z2IFAT
AA0216,11454,0,0,IN,990916,15:11:07,15:11:21,14,0:00:00,0:00:00,0,AGENT,15:11:20,15:16:00,280,Z2LIOR
AA0216,11455,0,0,IN,990916,15:41:32,15:42:02,30,0:00:00,0:00:00,0,AGENT,15:42:01,15:47:53,352,Z2LIOR
AA0216,11456,0,0,IN,990916,15:50:40,15:51:10,30,0:00:00,0:00:00,0,AGENT,15:51:09,15:53:31,142,Z2LIOR
AA0216,11457,0,0,IN,990916,16:03:25,16:03:41,16,0:00:00,0:00:00,0,AGENT,16:03:40,16:05:07,87,Z2LIOR
AA0216,11458,0,0,IN,990916,16:26:34,16:27:05,31,0:00:00,0:00:00,0,AGENT,16:27:04,16:56:42,1778,Z2ELINOR
AA0216,11459,0,0,IN,990916,16:43:18,16:43:28,10,16:43:28,16:45:29,121,AGENT,16:45:28,16:49:59,271,Z2LIOR
AA0216,11460,0,0,IN,990916,16:46:17,16:46:27,10,16:46:27,16:50:54,267,HANG,0:00:00,0:00:00,0,NO_SERVER
AA0216,11461,0,0,IN,990916,16:57:34,16:57:49,15,0:00:00,0:00:00,0,AGENT,16:57:49,17:14:22,993,Z2LIOR
AA0216,11462,0,0,IN,990916,17:05:17,17:05:26,9,17:05:26,17:05:36,10,AGENT,17:05:35,17:08:05,150,Z2OFER
AA0216,11463,0,0,IN,990916,17:20:50,17:21:02,12,0:00:00,0:00:00,0,AGENT,17:21:01,17:26:25,324,Z2OFER
AA0216,11464,0,0,IN,990916,17:22:45,17:23:01,16,0:00:00,0:00:00,0,AGENT,17:23:01,17:31:08,487,Z2NIRIT
AA0216,11465,0,0,IN,990916,17:46:45,17:47:03,18,0:00:00,0:00:00,0,AGENT,17:47:02,17:50:02,180,Z2NIRIT
AA0216,11466,0,0,IN,990916,18:00:23,18:00:41,18,0:00:00,0:00:00,0,AGENT,18:00:41,18:01:12,31,Z2EYAL
AA0216,11467,0,0,IN,990916,18:08:03,18:08:22,19,0:00:00,0:00:00,0,AGENT,18:08:19,18:10:37,138,Z2OFERZ
AA0216,11468,0,0,IN,990916,18:14:38,18:15:02,24,0:00:00,0:00:00,0,AGENT,18:15:01,18:50:54,2153,Z2OFER
AA0216,11469,0,0,IN,990916,18:25:14,18:25:30,16,0:00:00,0:00:00,0,AGENT,18:25:29,18:26:02,33,Z2EYAL
AA0216,11470,0,0,IN,990916,18:52:51,18:53:12,21,0:00:00,0:00:00,0,AGENT,18:53:11,18:54:28,77,Z2EYAL
AA0216,11471,0,0,IN,990916,19:04:54,19:05:09,15,0:00:00,0:00:00,0,AGENT,19:05:09,19:21:18,969,Z2OFERZ
AA0216,11472,0,0,IN,990916,19:19:36,19:19:45,9,19:19:45,19:21:12,87,AGENT,19:21:11,19:23:16,125,Z2NIRIT
AA0216,11473,0,0,IN,990916,19:27:33,19:27:48,15,0:00:00,0:00:00,0,AGENT,19:27:47,19:34:45,418,Z2OFER
AA0216,11474,0,0,IN,990916,19:47:39,19:47:53,14,0:00:00,0:00:00,0,AGENT,19:47:53,20:15:23,1650,Z2OFER
AA0216,11475,0,0,IN,990916,20:25:18,20:25:49,31,0:00:00,0:00:00,0,AGENT,20:25:49,20:35:38,589,Z2NIRIT
AA0216,11476,0,0,IN,990916,20:33:39,20:33:55,16,0:00:00,0:00:00,0,AGENT,20:33:54,20:37:02,188,Z2OFERZ
AA0216,11477,0,0,IN,990916,21:22:24,21:22:38,14,0:00:00,0:00:00,0,AGENT,21:22:38,21:26:40,242,Z2OFERZ
AA0216,11478,0,0,IN,990916,21:33:48,21:34:07,19,0:00:00,0:00:00,0,AGENT,21:34:06,21:41:40,454,Z2OFER
AA0216,11479,0,0,IN,990916,21:57:42,21:57:56,14,0:00:00,0:00:00,0,AGENT,21:57:55,22:15:44,1069,Z2NIRIT
AA0216,11480,0,0,IN,990916,22:08:36,22:08:50,14,0:00:00,0:00:00,0,AGENT,22:08:49,22:10:53,124,Z2OFERZ
AA0216,11481,0,0,IN,990916,22:22:15,22:22:32,17,0:00:00,0:00:00,0,AGENT,22:22:32,22:29:26,414,Z2OFERZ
AA0216,11482,0,0,IN,990916,22:28:59,22:29:16,17,0:00:00,0:00:00,0,AGENT,22:29:15,22:31:54,159,Z2NIRIT
AA0216,11483,0,0,IN,990916,22:31:34,22:31:43,9,22:31:43,22:32:03,20,AGENT,22:32:02,22:32:44,42,Z2NIRIT
AA0216,11484,0,0,IN,990916,22:57:27,22:57:44,17,0:00:00,0:00:00,0,AGENT,22:57:43,23:02:19,276,Z2NIRIT
AA0216,11485,0,0,IN,990917,7:24:12,7:24:29,17,0:00:00,0:00:00,0,AGENT,7:24:29,7:45:13,1244,Z2EYAL
AA0216,11486,0,0,IN,990917,8:03:13,8:03:29,16,0:00:00,0:00:00,0,AGENT,8:03:29,8:47:52,2663,Z2EYAL
AA0216,11487,0,0,IN,990917,8:15:13,8:15:38,25,8:15:38,8:15:58,20,AGENT,8:15:58,8:30:51,893,Z2OFERZ
AA0216,11488,0,0,IN,990917,8:28:09,8:28:18,9,8:28:18,8:28:57,39,HANG,0:00:00,0:00:00,0,NO_SERVER
AA0216,11489,0,0,IN,990917,8:39:13,8:39:26,13,0:00:00,0:00:00,0,AGENT,8:39:25,8:41:09,104,Z2ELINOR
AA0216,11490,0,0,IN,990917,8:43:02,8:43:17,15,0:00:00,0:00:00,0,AGENT,8:43:16,8:48:04,288,Z2OFERZ
AA0216,11491,0,0,IN,990917,8:48:39,8:48:56,17,0:00:00,0:00:00,0,AGENT,8:48:55,8:55:19,384,Z2OFERZ
AA0216,11492,0,0,IN,990917,8:54:10,8:54:24,14,0:00:00,0:00:00,0,AGENT,8:54:23,8:55:48,85,Z2EYAL
AA0216,11493,0,0,IN,990917,9:00:03,9:00:20,17,0:00:00,0:00:00,0,AGENT,9:00:18,9:02:01,103,Z2EYAL
AA0216,11494,0,0,IN,990917,9:00:57,9:01:07,10,9:01:07,9:01:28,21,HANG,0:00:00,0:00:00,0,NO_SERVER
AA0216,11495,0,0,IN,990917,9:05:33,9:06:05,32,0:00:00,0:00:00,0,AGENT,9:06:04,9:08:41,157,Z2ELINOR
AA0216,11496,0,0,IN,990917,9:14:24,9:14:39,15,0:00:00,0:00:00,0,AGENT,9:14:37,9:18:20,223,Z2OFERZ
AA0216,11497,0,0,IN,990917,9:17:26,9:17:36,10,9:17:36,9:20:24,168,AGENT,9:20:22,9:30:49,627,Z2ELINOR
AA0216,11498,0,0,IN,990917,9:26:20,9:26:29,9,9:26:29,9:27:17,48,AGENT,9:27:16,9:28:23,67,Z2OFERZ
AA0216,11499,0,0,IN,990917,9:37:36,9:37:57,21,0:00:00,0:00:00,0,AGENT,9:37:56,9:49:52,716,Z2OFERZ
AA0216,11500,0,0,IN,990917,9:54:58,9:55:15,17,0:00:00,0:00:00,0,AGENT,9:55:14,10:08:46,812,Z2EYAL
AA0216,11501,0,0,IN,990917,10:33:15,10:33:33,18,0:00:00,0:00:00,0,AGENT,10:33:32,10:58:59,1527,Z2OFERZ
AA0216,11502,0,0,IN,990917,10:42:06,10:42:27,21,0:00:00,0:00:00,0,AGENT,10:42:25,10:45:03,158,Z2ELINOR
AA0216,11503,0,0,IN,990917,10:51:27,10:51:44,17,0:00:00,0:00:00,0,AGENT,10:51:43,11:29:45,2282,Z2EYAL
AA0216,11504,0,0,IN,990917,10:56:24,10:56:40,16,0:00:00,0:00:00,0,AGENT,10:56:39,11:00:04,205,Z2ELINOR
AA0216,11505,0,0,IN,990917,11:02:42,11:03:13,31,0:00:00,0:00:00,0,AGENT,11:03:12,11:06:58,226,Z2ELINOR
AA0216,11506,0,0,IN,990917,11:08:28,11:08:45,17,0:00:00,0:00:00,0,AGENT,11:08:44,11:09:34,50,Z2ELINOR
AA0216,11507,0,0,IN,990917,11:20:04,11:20:21,17,0:00:00,0:00:00,0,AGENT,11:20:20,11:21:11,51,Z2ELINOR
AA0216,11508,0,0,IN,990917,11:28:48,11:29:04,16,0:00:00,0:00:00,0,AGENT,11:29:03,11:34:10,307,Z2OFERZ
AA0216,11509,0,0,IN,990917,11:32:46,11:33:11,25,11:33:11,11:34:09,58,AGENT,11:34:09,11:36:09,120,Z2ELINOR
AA0216,11510,0,0,IN,990917,11:40:43,11:40:59,16,0:00:00,0:00:00,0,AGENT,11:40:58,11:44:15,197,Z2ELINOR
AA0216,11511,0,0,IN,990917,11:47:44,11:48:00,16,0:00:00,0:00:00,0,AGENT,11:47:59,11:51:53,234,Z2OFERZ
AA0216,11512,0,0,IN,990917,12:27:41,12:28:12,31,0:00:00,0:00:00,0,AGENT,12:28:11,12:29:36,85,Z2ELINOR
AA0216,11513,0,0,IN,990917,12:47:43,12:48:00,17,0:00:00,0:00:00,0,AGENT,12:47:59,12:54:37,398,Z2ELINOR
AA0216,11514,0,0,IN,990917,12:57:32,12:57:49,17,0:00:00,0:00:00,0,AGENT,12:57:49,13:03:42,353,Z2EYAL
AA0216,11515,0,0,IN,990917,13:19:17,13:19:33,16,0:00:00,0:00:00,0,AGENT,13:19:33,13:24:16,283,Z2ELINOR
AA0216,11516,0,0,IN,990917,13:22:05,13:22:15,10,13:22:15,13:24:20,125,AGENT,13:24:19,13:26:47,148,Z2OFERZ
AA0216,11517,0,0,IN,990917,13:31:07,13:31:24,17,0:00:00,0:00:00,0,AGENT,13:31:23,13:44:56,813,Z2EYAL
AA0216,11518,0,0,IN,990917,13:38:12,13:38:28,16,0:00:00,0:00:00,0,AGENT,13:38:28,13:45:59,451,Z2OFERZ
AA0216,11519,0,0,IN,990917,14:13:20,14:13:42,22,0:00:00,0:00:00,0,HANG,0:00:00,0:00:00,0,NO_SERVER
AA0216,11520,0,0,IN,990917,14:27:04,14:27:26,22,0:00:00,0:00:00,0,HANG,0:00:00,0:00:00,0,NO_SERVER
AA0216,11521,0,0,IN,990917,14:41:05,14:42:02,57,0:00:00,0:00:00,0,HANG,0:00:00,0:00:00,0,NO_SERVER
AA0216,11522,0,0,IN,990917,14:49:51,14:50:09,18,0:00:00,0:00:00,0,HANG,0:00:00,0:00:00,0,NO_SERVER
AA0216,11523,0,0,IN,990917,15:37:08,15:37:35,27,0:00:00,0:00:00,0,HANG,0:00:00,0:00:00,0,NO_SERVER
AA0216,11524,0,0,IN,990917,15:48:01,15:48:14,13,0:00:00,0:00:00,0,HANG,0:00:00,0:00:00,0,NO_SERVER
AA0216,11525,0,0,IN,990917,16:39:03,16:39:25,22,0:00:00,0:00:00,0,HANG,0:00:00,0:00:00,0,NO_SERVER
AA0216,11526,0,0,IN,990917,22:24:42,22:25:00,18,0:00:00,0:00:00,0,HANG,0:00:00,0:00:00,0,NO_SERVER
AA0216,11527,0,0,IN,990918,19:25:20,19:25:48,28,0:00:00,0:00:00,0,HANG,0:00:00,0:00:00,0,NO_SERVER
AA0216,11528,0,0,IN,990918,19:33:12,19:34:24,72,0:00:00,0:00:00,0,HANG,0:00:00,0:00:00,0,NO_SERVER
AA0216,11529,0,0,IN,990918,20:08:25,20:08:38,13,0:00:00,0:00:00,0,AGENT,20:08:37,20:11:17,160,Z2ELINOR
AA0216,11530,0,0,IN,990918,20:19:28,20:19:46,18,0:00:00,0:00:00,0,AGENT,20:19:46,20:29:07,561,Z2ELINOR
AA0216,11531,0,0,IN,990918,20:42:20,20:42:29,9,20:42:29,20:44:28,119,AGENT,20:44:27,20:48:33,246,Z2ELINOR
AA0216,11532,0,0,IN,990918,23:21:51,23:22:08,17,0:00:00,0:00:00,0,AGENT,23:22:07,23:24:37,150,Z2ELINOR
AA0216,11533,0,0,IN,990919,7:09:30,7:09:44,14,0:00:00,0:00:00,0,AGENT,7:09:43,7:10:21,38,YIFAT
AA0216,11534,0,0,IN,990919,8:17:12,8:17:30,18,0:00:00,0:00:00,0,AGENT,8:17:29,8:45:55,1706,Z2IFAT
AA0216,11535,0,0,IN,990919,8:25:38,8:25:47,9,8:25:47,8:28:33,166,AGENT,8:28:33,8:29:05,32,YIFAT
AA0216,11536,0,0,IN,990919,8:37:13,8:37:22,9,8:37:22,8:39:13,111,AGENT,8:39:12,8:46:47,455,Z2OFERZ
AA0216,11537,0,0,IN,990919,9:06:09,9:06:23,14,0:00:00,0:00:00,0,AGENT,9:06:23,9:14:24,481,Z2IFAT
AA0216,11538,0,0,IN,990919,9:33:42,9:34:02,20,0:00:00,0:00:00,0,AGENT,9:34:01,9:38:32,271,Z2IFAT
AA0216,11539,0,0,IN,990919,9:40:25,9:40:34,9,9:40:34,9:41:18,44,AGENT,9:41:17,9:42:43,86,YIFAT
AA0216,11540,0,0,IN,990919,9:52:41,9:52:50,9,9:52:50,9:53:52,62,AGENT,9:53:51,9:55:40,109,Z2IFAT
AA0216,11541,0,0,IN,990919,10:10:41,10:10:50,9,10:10:50,10:15:38,288,AGENT,10:15:36,10:17:32,116,Z2IFAT
AA0216,11542,0,0,IN,990919,10:39:21,10:39:35,14,0:00:00,0:00:00,0,AGENT,10:39:35,10:44:41,306,Z2IFAT
AA0216,11543,0,0,IN,990919,10:48:10,10:48:32,22,0:00:00,0:00:00,0,AGENT,10:48:32,11:09:51,1279,Z2IFAT
AA0216,11544,0,0,IN,990919,11:21:28,11:22:01,33,0:00:00,0:00:00,0,AGENT,11:22:01,11:24:38,157,Z2IFAT
AA0216,11545,0,0,IN,990919,11:40:55,11:41:12,17,0:00:00,0:00:00,0,AGENT,11:41:11,11:43:22,131,Z2IFAT
AA0216,11546,0,0,IN,990919,13:08:33,13:08:59,26,0:00:00,0:00:00,0,HANG,0:00:00,0:00:00,0,NO_SERVER
AA0216,11547,0,0,IN,990920,19:44:20,19:44:36,16,0:00:00,0:00:00,0,HANG,0:00:00,0:00:00,0,NO_SERVER
AA0216,11548,0,0,IN,990920,20:22:23,20:23:01,38,0:00:00,0:00:00,0,HANG,0:00:00,0:00:00,0,NO_SERVER
AA0216,11549,0,0,IN,990920,21:04:15,21:04:30,15,0:00:00,0:00:00,0,AGENT,21:04:30,21:05:44,74,Z2EYAL
AA0216,11550,0,0,IN,990920,21:12:49,21:12:59,10,21:12:59,21:14:08,69,AGENT,21:14:07,21:16:37,150,Z2LIOR
AA0216,11551,0,0,IN,990920,21:59:16,21:59:26,10,21:59:26,22:00:20,54,AGENT,22:00:19,22:01:39,80,Z2EYAL
AA0216,11552,0,0,IN,990920,22:27:44,22:27:59,15,0:00:00,0:00:00,0,AGENT,22:27:58,22:34:55,417,Z2EYAL
AA0216,11553,0,0,IN,990920,22:34:26,22:34:36,10,22:34:36,22:35:20,44,AGENT,22:35:20,22:48:41,801,Z2EYAL
AA0216,11554,0,0,IN,990920,22:51:10,22:51:26,16,0:00:00,0:00:00,0,AGENT,22:51:25,23:07:13,948,Z2LIOR
AA0216,11555,0,0,IN,990921,6:21:15,6:21:40,25,0:00:00,0:00:00,0,HANG,0:00:00,0:00:00,0,NO_SERVER
AA0216,11556,0,0,IN,990921,7:43:10,7:43:24,14,0:00:00,0:00:00,0,AGENT,7:43:23,7:44:57,94,Z2EYAL
AA0216,11557,0,0,IN,990921,7:49:49,7:49:58,9,7:49:58,7:51:12,74,HANG,0:00:00,0:00:00,0,NO_SERVER
AA0216,11558,0,0,IN,990921,8:08:22,8:08:32,10,8:08:32,8:09:46,74,HANG,0:00:00,0:00:00,0,NO_SERVER
AA0216,11559,0,0,IN,990921,8:31:19,8:31:32,13,0:00:00,0:00:00,0,AGENT,8:31:31,8:32:44,73,YIFAT
AA0216,11560,0,0,IN,990921,8:37:04,8:37:19,15,0:00:00,0:00:00,0,AGENT,8:37:18,8:45:27,489,YIFAT
AA0216,11561,0,0,IN,990921,8:44:27,8:44:36,9,8:44:36,8:46:21,105,AGENT,8:46:20,8:49:36,196,Z2EYAL
AA0216,11562,0,0,IN,990921,8:54:27,8:54:40,13,0:00:00,0:00:00,0,AGENT,8:54:40,8:55:03,23,Z2EYAL
AA0216,11563,0,0,IN,990921,9:01:59,9:02:14,15,0:00:00,0:00:00,0,AGENT,9:02:12,9:19:02,1010,Z2EYAL
AA0216,11564,0,0,IN,990921,9:28:39,9:28:54,15,0:00:00,0:00:00,0,AGENT,9:28:53,9:29:33,40,YIFAT
AA0216,11565,0,0,IN,990921,10:05:35,10:06:00,25,0:00:00,0:00:00,0,AGENT,10:05:59,10:08:12,133,Z2EYAL
AA0216,11566,0,0,IN,990921,10:22:55,10:23:09,14,0:00:00,0:00:00,0,AGENT,10:23:08,10:25:04,116,Z2EYAL
AA0216,11567,0,0,IN,990921,10:25:08,10:25:18,10,10:25:18,10:25:39,21,AGENT,10:25:38,10:26:33,55,YIFAT
AA0216,11568,0,0,IN,990921,10:28:32,10:28:44,12,0:00:00,0:00:00,0,AGENT,10:28:43,10:29:35,52,Z2EYAL
AA0216,11569,0,0,IN,990921,10:31:28,10:31:41,13,0:00:00,0:00:00,0,AGENT,10:31:39,10:32:30,51,YIFAT
AA0216,11570,0,0,IN,990921,10:36:44,10:36:57,13,0:00:00,0:00:00,0,AGENT,10:36:56,10:38:23,87,Z2EYAL
AA0216,11571,0,0,IN,990921,10:46:49,10:46:59,10,10:46:59,10:52:30,331,AGENT,10:52:29,10:55:01,152,YIFAT
AA0216,11572,0,0,IN,990921,10:52:37,10:52:47,10,10:52:47,10:52:56,9,HANG,0:00:00,0:00:00,0,NO_SERVER
AA0216,11573,0,0,IN,990921,11:00:09,11:00:15,6,0:00:00,0:00:00,0,HANG,0:00:00,0:00:00,0,NO_SERVER
AA0216,11574,0,0,IN,990921,11:07:32,11:07:41,9,11:07:41,11:12:36,295,AGENT,11:12:35,11:13:33,58,YIFAT
AA0216,11575,0,0,IN,990921,11:13:09,11:13:19,10,11:13:19,11:14:29,70,HANG,0:00:00,0:00:00,0,NO_SERVER
AA0216,11576,0,0,IN,990921,11:22:29,11:22:38,9,11:22:38,11:24:31,113,HANG,0:00:00,0:00:00,0,NO_SERVER
AA0216,11577,0,0,IN,990921,11:25:49,11:25:59,10,11:25:59,11:30:22,263,HANG,0:00:00,0:00:00,0,NO_SERVER
AA0216,11578,0,0,IN,990921,11:30:28,11:30:37,9,11:30:37,11:31:23,46,HANG,0:00:00,0:00:00,0,NO_SERVER
AA0216,11579,0,0,IN,990921,11:31:38,11:31:48,10,11:31:48,11:32:24,36,HANG,0:00:00,0:00:00,0,NO_SERVER
AA0216,11580,0,0,IN,990921,11:36:34,11:36:43,9,11:36:43,11:42:18,335,AGENT,11:42:17,11:47:22,305,Z2ELINOR
AA0216,11581,0,0,IN,990921,12:00:58,12:01:18,20,0:00:00,0:00:00,0,AGENT,12:01:17,12:12:07,650,Z2EYAL
AA0216,11582,0,0,IN,990921,12:30:17,12:30:34,17,0:00:00,0:00:00,0,AGENT,12:30:34,12:43:50,796,Z2EYAL
AA0216,11583,0,0,IN,990921,12:56:07,12:56:21,14,0:00:00,0:00:00,0,AGENT,12:56:21,12:57:28,67,Z2EYAL
AA0216,11584,0,0,IN,990921,13:05:29,13:05:45,16,0:00:00,0:00:00,0,AGENT,13:05:43,13:07:48,125,Z2EYAL
AA0216,11585,0,0,IN,990921,13:11:33,13:11:42,9,13:11:42,13:12:10,28,HANG,0:00:00,0:00:00,0,NO_SERVER
AA0216,11586,0,0,IN,990921,13:31:33,13:31:47,14,0:00:00,0:00:00,0,AGENT,13:31:46,13:41:32,586,Z2EYAL
AA0216,11587,0,0,IN,990921,13:53:13,13:53:45,32,0:00:00,0:00:00,0,AGENT,13:53:45,13:55:45,120,Z2EYAL
AA0216,11588,0,0,IN,990921,14:02:05,14:02:14,9,14:02:14,14:02:52,38,AGENT,14:02:52,14:05:21,149,Z2ARIE
AA0216,11589,0,0,IN,990921,14:10:50,14:11:02,12,0:00:00,0:00:00,0,AGENT,14:11:02,14:11:33,31,Z2ELINOR
AA0216,11590,0,0,IN,990921,14:26:17,14:26:30,13,0:00:00,0:00:00,0,AGENT,14:26:29,14:36:03,574,Z2ARIE
AA0216,11591,0,0,IN,990921,14:47:13,14:47:26,13,0:00:00,0:00:00,0,AGENT,14:47:25,15:00:52,807,Z2ELINOR
AA0216,11592,0,0,IN,990921,15:05:44,15:05:57,13,0:00:00,0:00:00,0,AGENT,15:05:56,15:09:16,200,Z2ELINOR
AA0216,11593,0,0,IN,990921,15:35:11,15:35:20,9,15:35:20,15:35:52,32,HANG,0:00:00,0:00:00,0,NO_SERVER
AA0216,11594,0,0,IN,990921,15:44:48,15:45:04,16,0:00:00,0:00:00,0,AGENT,15:45:03,15:56:00,657,Z2ARIE
AA0216,11595,0,0,IN,990921,16:05:06,16:05:21,15,0:00:00,0:00:00,0,AGENT,16:05:20,16:13:27,487,Z2ARIE
AA0216,11596,0,0,IN,990921,16:11:45,16:12:01,16,0:00:00,0:00:00,0,AGENT,16:12:00,16:15:29,209,Z2OFERZ
AA0216,11597,0,0,IN,990921,16:32:44,16:32:58,14,0:00:00,0:00:00,0,AGENT,16:32:58,16:35:44,166,Z2ARIE
AA0216,11598,0,0,IN,990921,16:37:52,16:38:01,9,16:38:01,16:40:08,127,AGENT,16:40:07,16:46:16,369,Z2ARIE
AA0216,11599,0,0,IN,990921,16:46:18,16:46:27,9,16:46:27,16:47:04,37,AGENT,16:47:04,16:48:40,96,Z2ARIE
AA0216,11600,0,0,IN,990921,16:50:19,16:50:28,9,16:50:28,16:54:05,217,AGENT,16:54:04,17:02:40,516,Z2ARIE
AA0216,11601,0,0,IN,990921,16:58:00,16:58:09,9,16:58:09,17:03:08,299,AGENT,17:03:07,17:05:05,118,Z2OFERZ
AA0216,11602,0,0,IN,990921,17:06:36,17:06:45,9,17:06:45,17:08:26,101,AGENT,17:08:26,17:12:55,269,Z2LIOR
AA0216,11603,0,0,IN,990921,17:11:51,17:11:56,5,17:11:56,17:12:45,49,HANG,0:00:00,0:00:00,0,NO_SERVER
AA0216,11604,0,0,IN,990921,17:13:56,17:14:03,7,17:14:03,17:14:21,18,AGENT,17:14:20,17:14:34,14,Z2LIOR
AA0216,11605,0,0,IN,990921,17:31:11,17:31:27,16,0:00:00,0:00:00,0,AGENT,17:31:26,17:36:44,318,Z2OFERZ
AA0216,11606,0,0,IN,990921,17:38:50,17:39:00,10,17:39:00,17:41:49,169,AGENT,17:41:49,17:46:39,290,Z2OFERZ
AA0216,11607,0,0,IN,990921,17:54:24,17:54:49,25,17:54:49,17:55:57,68,AGENT,17:55:56,17:58:49,173,Z2LIOR
AA0216,11608,0,0,IN,990921,18:00:20,18:00:34,14,0:00:00,0:00:00,0,AGENT,18:00:33,18:12:24,711,Z2OFER
AA0216,11609,0,0,IN,990921,18:06:43,18:06:52,9,18:06:52,18:09:52,180,HANG,0:00:00,0:00:00,0,NO_SERVER
AA0216,11610,0,0,IN,990921,18:14:12,18:14:27,15,0:00:00,0:00:00,0,AGENT,18:14:26,18:24:35,609,Z2LIOR
AA0216,11611,0,0,IN,990921,18:48:11,18:48:20,9,18:48:20,18:50:31,131,AGENT,18:50:30,19:19:52,1762,Z2OFERZ
AA0216,11612,0,0,IN,990921,19:09:06,19:09:15,9,19:09:15,19:10:37,82,AGENT,19:10:24,19:16:47,383,Z2OFER
AA0216,11613,0,0,IN,990921,19:10:43,19:10:53,10,19:10:53,19:13:04,131,AGENT,19:13:02,19:18:02,300,Z2LIOR
AA0216,11614,0,0,IN,990921,19:14:09,19:14:18,9,19:14:18,19:18:08,230,AGENT,19:18:07,19:19:52,105,Z2LIOR
AA0216,11615,0,0,IN,990921,20:06:48,20:07:01,13,0:00:00,0:00:00,0,AGENT,20:07:01,20:08:22,81,Z2NIRIT
AA0216,11616,0,0,IN,990921,20:13:16,20:13:29,13,0:00:00,0:00:00,0,AGENT,20:13:29,20:13:58,29,Z2LIOR
AA0216,11617,0,0,IN,990921,20:44:28,20:44:37,9,20:44:37,20:45:05,28,AGENT,20:45:04,20:47:35,151,Z2LIOR
AA0216,11618,0,0,IN,990921,20:48:51,20:49:04,13,0:00:00,0:00:00,0,AGENT,20:49:03,21:09:05,1202,Z2LIOR
AA0216,11619,0,0,IN,990921,21:04:33,21:04:48,15,0:00:00,0:00:00,0,AGENT,21:04:47,21:26:24,1297,Z2OFER
AA0216,11620,0,0,IN,990921,21:21:20,21:21:37,17,0:00:00,0:00:00,0,AGENT,21:21:36,21:50:22,1726,Z2OFERZ
AA0216,11621,0,0,IN,990921,21:40:24,21:41:05,41,21:41:05,21:41:16,11,AGENT,21:41:16,21:42:09,53,Z2OFER
AA0216,11622,0,0,IN,990921,21:59:21,21:59:44,23,0:00:00,0:00:00,0,AGENT,21:59:43,22:05:20,337,Z2OFER
AA0216,11623,0,0,IN,990921,22:07:53,22:08:09,16,0:00:00,0:00:00,0,AGENT,22:08:09,22:45:32,2243,Z2OFERZ
AA0216,11624,0,0,IN,990921,22:19:19,22:19:33,14,0:00:00,0:00:00,0,AGENT,22:19:32,22:56:16,2204,Z2OFER
AA0216,11625,0,0,IN,990921,22:54:43,22:55:00,17,0:00:00,0:00:00,0,AGENT,22:54:59,23:04:53,594,Z2OFERZ
AA0216,11626,0,0,IN,990921,22:58:57,22:59:06,9,22:59:06,23:04:59,353,AGENT,23:04:59,23:05:24,25,Z2OFERZ
AA0216,11627,0,0,IN,990921,23:06:25,23:06:48,23,0:00:00,0:00:00,0,AGENT,23:06:48,23:10:04,196,Z2LIOR
AA0216,11628,0,0,IN,990921,23:45:14,23:45:23,9,23:45:23,23:46:08,45,AGENT,23:46:07,23:54:44,517,Z2OFER
AA0216,11629,0,0,IN,990922,3:25:44,3:26:09,25,0:00:00,0:00:00,0,HANG,0:00:00,0:00:00,0,NO_SERVER
AA0216,11630,0,0,IN,990922,7:35:29,7:35:44,15,0:00:00,0:00:00,0,AGENT,7:35:44,8:05:54,1810,Z2LIOR
AA0216,11631,0,0,IN,990922,8:20:59,8:21:27,28,0:00:00,0:00:00,0,AGENT,8:21:26,8:21:39,13,YIFAT
AA0216,11632,0,0,IN,990922,8:33:04,8:33:17,13,0:00:00,0:00:00,0,AGENT,8:33:17,8:35:39,142,Z2ELINOR
AA0216,11633,0,0,IN,990922,8:47:04,8:47:18,14,0:00:00,0:00:00,0,AGENT,8:47:17,9:13:43,1586,Z2ELINOR
AA0216,11634,0,0,IN,990922,8:54:06,8:54:19,13,0:00:00,0:00:00,0,AGENT,8:54:18,9:03:06,528,Z2LIOR
AA0216,11635,0,0,IN,990922,8:57:58,8:58:07,9,8:58:07,9:00:42,155,HANG,0:00:00,0:00:00,0,NO_SERVER
AA0216,11636,0,0,IN,990922,9:01:27,9:01:37,10,9:01:37,9:06:29,292,AGENT,9:04:32,9:09:19,287,Z2LIOR
AA0216,11637,0,0,IN,990922,9:06:42,9:06:51,9,9:06:51,9:08:17,86,AGENT,9:08:15,9:16:36,501,Z2LIOR
AA0216,11638,0,0,IN,990922,9:19:10,9:19:28,18,0:00:00,0:00:00,0,AGENT,9:19:27,9:21:44,137,YIFAT
AA0216,11639,0,0,IN,990922,9:37:32,9:37:50,18,0:00:00,0:00:00,0,AGENT,9:37:49,9:48:26,637,Z2ELINOR
AA0216,11640,0,0,IN,990922,9:45:47,9:45:57,10,9:45:57,9:49:01,184,AGENT,9:49:00,9:51:30,150,Z2LIOR
AA0216,11641,0,0,IN,990922,10:03:11,10:03:25,14,0:00:00,0:00:00,0,AGENT,10:03:24,10:04:30,66,Z2LIOR
AA0216,11642,0,0,IN,990922,10:25:08,10:25:22,14,0:00:00,0:00:00,0,AGENT,10:25:21,10:30:55,334,Z2ARIE
AA0216,11643,0,0,IN,990922,10:51:18,10:51:31,13,0:00:00,0:00:00,0,AGENT,10:51:30,11:15:29,1439,Z2ELINOR
AA0216,11644,0,0,IN,990922,10:52:43,10:52:57,14,0:00:00,0:00:00,0,AGENT,10:52:55,10:54:46,111,YIFAT
AA0216,11645,0,0,IN,990922,10:55:18,10:55:27,9,10:55:27,10:55:47,20,HANG,0:00:00,0:00:00,0,NO_SERVER
AA0216,11646,0,0,IN,990922,11:24:49,11:25:04,15,0:00:00,0:00:00,0,AGENT,11:25:03,11:25:04,1,Z2ELINOR
AA0216,11647,0,0,IN,990922,11:26:07,11:26:20,13,0:00:00,0:00:00,0,AGENT,11:26:19,11:27:43,84,Z2ELINOR
AA0216,11648,0,0,IN,990922,11:30:23,11:30:33,10,11:30:33,11:34:01,208,AGENT,11:34:00,11:34:51,51,YIFAT
AA0216,11649,0,0,IN,990922,11:35:23,11:35:32,9,11:35:32,11:35:39,7,AGENT,11:35:39,11:38:43,184,Z2LIOR
AA0216,11650,0,0,IN,990922,11:40:27,11:40:51,24,0:00:00,0:00:00,0,AGENT,11:40:49,11:58:32,1063,Z2LIOR
AA0216,11651,0,0,IN,990922,11:56:15,11:56:25,10,11:56:25,11:58:39,134,AGENT,11:58:38,12:12:17,819,Z2LIOR
AA0216,11652,0,0,IN,990922,11:58:54,11:59:04,10,11:59:04,12:01:42,158,AGENT,12:01:42,12:03:12,90,YIFAT
AA0216,11653,0,0,IN,990922,12:24:33,12:24:46,13,0:00:00,0:00:00,0,AGENT,12:24:45,12:27:22,157,Z2ELINOR
AA0216,11654,0,0,IN,990922,12:31:30,12:31:45,15,0:00:00,0:00:00,0,AGENT,12:31:44,12:40:04,500,Z2ELINOR
AA0216,11655,0,0,IN,990922,12:51:15,12:51:28,13,0:00:00,0:00:00,0,AGENT,12:51:27,13:03:30,723,Z2ELINOR
AA0216,11656,0,0,IN,990922,13:11:19,13:11:44,25,13:11:44,13:12:49,65,AGENT,13:12:47,13:13:23,36,GOLDIE
AA0216,11657,0,0,IN,990922,13:14:47,13:15:00,13,0:00:00,0:00:00,0,AGENT,13:14:59,13:16:16,77,GOLDIE
AA0216,11658,0,0,IN,990922,13:15:28,13:15:37,9,13:15:37,13:16:26,49,AGENT,13:16:25,13:17:08,43,GOLDIE
AA0216,11659,0,0,IN,990922,13:30:28,13:30:41,13,0:00:00,0:00:00,0,AGENT,13:30:41,13:47:24,1003,Z2ELINOR
AA0216,11660,0,0,IN,990922,13:48:47,13:49:01,14,0:00:00,0:00:00,0,AGENT,13:48:59,13:50:16,77,Z2LIOR
AA0216,11661,0,0,IN,990922,13:52:06,13:52:23,17,0:00:00,0:00:00,0,AGENT,13:52:22,13:53:47,85,YIFAT
AA0216,11662,0,0,IN,990922,13:58:15,13:58:28,13,0:00:00,0:00:00,0,AGENT,13:58:27,13:59:46,79,YIFAT
AA0216,11663,0,0,IN,990922,14:08:13,14:08:25,12,0:00:00,0:00:00,0,AGENT,14:08:24,14:09:12,48,Z2ELINOR
AA0216,11664,0,0,IN,990922,14:12:59,14:13:13,14,0:00:00,0:00:00,0,AGENT,14:13:12,14:14:29,77,Z2ELINOR
AA0216,11665,0,0,IN,990922,14:15:37,14:15:51,14,0:00:00,0:00:00,0,AGENT,14:15:50,14:21:37,347,YIFAT
AA0216,11666,0,0,IN,990922,14:17:35,14:17:49,14,0:00:00,0:00:00,0,AGENT,14:17:48,14:24:27,399,Z2ARIE
AA0216,11667,0,0,IN,990922,14:30:06,14:30:20,14,0:00:00,0:00:00,0,AGENT,14:30:20,14:41:13,653,Z2ARIE
AA0216,11668,0,0,IN,990922,14:34:55,14:35:05,10,14:35:05,14:37:06,121,HANG,0:00:00,0:00:00,0,NO_SERVER
AA0216,11669,0,0,IN,990922,14:43:04,14:43:18,14,0:00:00,0:00:00,0,AGENT,14:43:17,14:44:42,85,YIFAT
AA0216,11670,0,0,IN,990922,14:59:50,15:00:05,15,0:00:00,0:00:00,0,AGENT,15:00:04,15:14:23,859,Z2ARIE
AA0216,11671,0,0,IN,990922,15:02:05,15:02:15,10,15:02:15,15:03:08,53,HANG,0:00:00,0:00:00,0,NO_SERVER
AA0216,11672,0,0,IN,990922,15:09:21,15:09:23,2,0:00:00,0:00:00,0,HANG,0:00:00,0:00:00,0,NO_SERVER
AA0216,11673,0,0,IN,990922,15:13:51,15:14:01,10,15:14:01,15:14:35,34,AGENT,15:14:34,15:15:46,72,Z2ARIE
AA0216,11674,0,0,IN,990922,15:31:31,15:31:53,22,0:00:00,0:00:00,0,AGENT,15:31:52,15:33:22,90,Z2IFAT
AA0216,11675,0,0,IN,990922,15:46:55,15:47:14,19,0:00:00,0:00:00,0,AGENT,15:47:13,15:49:10,117,Z2IFAT
AA0216,11676,0,0,IN,990922,16:13:55,16:14:15,20,0:00:00,0:00:00,0,AGENT,16:14:14,16:15:38,84,Z2IFAT
AA0216,11677,0,0,IN,990922,16:23:37,16:23:54,17,0:00:00,0:00:00,0,AGENT,16:23:53,16:27:04,191,Z2IFAT
AA0216,11678,0,0,IN,990922,16:31:49,16:32:01,12,0:00:00,0:00:00,0,AGENT,16:32:01,16:43:44,703,Z2IFAT
AA0216,11679,0,0,IN,990922,17:21:56,17:22:13,17,0:00:00,0:00:00,0,AGENT,17:22:13,17:24:15,122,Z2NIRIT
AA0216,11680,0,0,IN,990922,17:39:25,17:39:40,15,0:00:00,0:00:00,0,AGENT,17:39:38,17:41:55,137,Z2IFAT
AA0216,11681,0,0,IN,990922,18:20:07,18:20:26,19,0:00:00,0:00:00,0,AGENT,18:20:25,18:33:36,791,Z2IFAT
AA0216,11682,0,0,IN,990922,18:33:26,18:33:41,15,0:00:00,0:00:00,0,AGENT,18:33:40,18:37:06,206,Z2EYAL
AA0216,11683,0,0,IN,990922,18:46:42,18:46:56,14,0:00:00,0:00:00,0,AGENT,18:46:55,18:51:31,276,Z2EYAL
AA0216,11684,0,0,IN,990922,19:01:40,19:01:55,15,0:00:00,0:00:00,0,AGENT,19:01:55,19:05:26,211,Z2NIRIT
AA0216,11685,0,0,IN,990922,19:15:48,19:16:02,14,0:00:00,0:00:00,0,AGENT,19:16:01,19:22:30,389,Z2NIRIT
AA0216,11686,0,0,IN,990922,19:21:38,19:21:52,14,0:00:00,0:00:00,0,AGENT,19:21:52,19:37:30,938,Z2NIRIT
AA0216,11687,0,0,IN,990922,19:31:49,19:32:06,17,0:00:00,0:00:00,0,AGENT,19:32:05,19:41:02,537,Z2EYAL
AA0216,11688,0,0,IN,990922,19:38:38,19:38:52,14,0:00:00,0:00:00,0,AGENT,19:38:51,19:46:52,481,Z2NIRIT
AA0216,11689,0,0,IN,990922,19:54:44,19:54:59,15,0:00:00,0:00:00,0,AGENT,19:54:58,19:55:55,57,Z2EYAL
AA0216,11690,0,0,IN,990922,19:57:26,19:57:42,16,0:00:00,0:00:00,0,AGENT,19:57:42,20:03:35,353,Z2IFAT
AA0216,11691,0,0,IN,990922,20:10:38,20:10:51,13,0:00:00,0:00:00,0,AGENT,20:10:50,20:15:44,294,Z2EYAL
AA0216,11692,0,0,IN,990922,20:17:43,20:17:57,14,0:00:00,0:00:00,0,AGENT,20:17:56,20:19:14,78,Z2IFAT
AA0216,11693,0,0,IN,990922,20:20:20,20:20:38,18,0:00:00,0:00:00,0,AGENT,20:20:37,20:23:52,195,Z2NIRIT
AA0216,11694,0,0,IN,990922,20:46:19,20:46:34,15,0:00:00,0:00:00,0,AGENT,20:46:33,21:02:56,983,Z2OFERZ
AA0216,11695,0,0,IN,990922,21:20:44,21:21:00,16,0:00:00,0:00:00,0,AGENT,21:20:59,21:21:49,50,Z2NIRIT
AA0216,11696,0,0,IN,990922,21:42:13,21:42:27,14,0:00:00,0:00:00,0,AGENT,21:42:26,21:44:16,110,Z2OFERZ
AA0216,11697,0,0,IN,990922,21:44:11,21:44:25,14,0:00:00,0:00:00,0,AGENT,21:44:24,22:00:04,940,Z2IFAT
AA0216,11698,0,0,IN,990922,21:51:58,21:52:07,9,21:52:07,21:54:42,155,AGENT,21:54:41,22:01:24,403,Z2NIRIT
AA0216,11699,0,0,IN,990922,22:01:32,22:01:42,10,22:01:42,22:01:47,5,HANG,0:00:00,0:00:00,0,NO_SERVER
AA0216,11700,0,0,IN,990922,22:30:38,22:30:54,16,0:00:00,0:00:00,0,AGENT,22:30:52,22:33:43,171,Z2NIRIT
AA0216,11701,0,0,IN,990922,22:41:54,22:42:08,14,0:00:00,0:00:00,0,AGENT,22:42:08,22:42:38,30,Z2NIRIT
AA0216,11702,0,0,IN,990922,22:49:46,22:50:01,15,0:00:00,0:00:00,0,AGENT,22:50:01,22:50:31,30,Z2OFERZ
AA0216,11703,0,0,IN,990922,22:58:22,22:58:41,19,0:00:00,0:00:00,0,AGENT,22:58:40,23:16:17,1057,Z2OFERZ
AA0216,11704,0,0,IN,990922,23:02:06,23:02:16,10,23:02:16,23:05:05,169,HANG,0:00:00,0:00:00,0,NO_SERVER
AA0216,11705,0,0,IN,990922,23:05:31,23:05:40,9,23:05:40,23:06:53,73,HANG,0:00:00,0:00:00,0,NO_SERVER
AA0216,11706,0,0,IN,990922,23:11:19,23:11:28,9,23:11:28,23:16:25,297,AGENT,0:00:00,0:00:00,0,Z2OFERZ
AA0216,11707,0,0,IN,990922,23:25:34,23:25:48,14,0:00:00,0:00:00,0,AGENT,23:25:47,23:27:27,100,Z2EYAL
AA0216,11708,0,0,IN,990922,23:39:48,23:39:58,10,23:39:58,23:43:30,212,HANG,0:00:00,0:00:00,0,NO_SERVER
AA0216,11709,0,0,IN,990923,0:06:00,0:06:37,37,0:00:00,0:00:00,0,HANG,0:00:00,0:00:00,0,NO_SERVER
AA0216,11710,0,0,IN,990923,7:17:07,7:17:17,10,7:17:17,7:18:15,58,HANG,0:00:00,0:00:00,0,NO_SERVER
AA0216,11711,0,0,IN,990923,7:30:22,7:30:32,10,7:30:32,7:32:06,94,HANG,0:00:00,0:00:00,0,NO_SERVER
AA0216,11712,0,0,IN,990923,7:41:26,7:41:35,9,7:41:35,7:47:25,350,AGENT,7:47:24,7:47:25,1,YIFAT
AA0216,11713,0,0,IN,990923,7:48:30,7:48:39,9,7:48:39,7:52:05,206,AGENT,7:52:04,7:53:40,96,Z2ELINOR
AA0216,11714,0,0,IN,990923,8:02:28,8:02:46,18,0:00:00,0:00:00,0,AGENT,8:02:46,8:09:11,385,Z2EYAL
AA0216,11715,0,0,IN,990923,8:12:03,8:12:20,17,0:00:00,0:00:00,0,AGENT,8:12:19,8:19:34,435,Z2EYAL
AA0216,11716,0,0,IN,990923,8:28:58,8:29:15,17,0:00:00,0:00:00,0,AGENT,8:29:14,8:38:01,527,Z2EYAL
AA0216,11717,0,0,IN,990923,9:43:46,9:44:04,18,0:00:00,0:00:00,0,AGENT,9:44:03,9:47:58,235,Z2ELINOR
AA0216,11718,0,0,IN,990923,10:01:18,10:01:35,17,0:00:00,0:00:00,0,AGENT,10:01:35,10:06:26,291,Z2EYAL
AA0216,11719,0,0,IN,990923,10:19:30,10:19:42,12,0:00:00,0:00:00,0,AGENT,10:19:42,10:22:10,148,Z2IFAT
AA0216,11720,0,0,IN,990923,10:30:51,10:31:07,16,0:00:00,0:00:00,0,AGENT,10:31:06,10:35:58,292,Z2IFAT
AA0216,11721,0,0,IN,990923,10:37:47,10:38:01,14,0:00:00,0:00:00,0,AGENT,10:38:00,10:38:00,0,YIFAT
AA0216,11722,0,0,IN,990923,10:56:46,10:57:05,19,0:00:00,0:00:00,0,AGENT,10:57:03,11:05:35,512,Z2IFAT
AA0216,11723,0,0,IN,990923,11:21:04,11:21:19,15,0:00:00,0:00:00,0,AGENT,11:21:18,11:25:11,233,YIFAT
AA0216,11724,0,0,IN,990923,11:33:24,11:33:40,16,0:00:00,0:00:00,0,AGENT,11:33:40,11:42:43,543,Z2ELINOR
AA0216,11725,0,0,IN,990923,11:41:41,11:41:51,10,11:41:51,11:42:09,18,AGENT,11:42:09,11:42:40,31,Z2IFAT
AA0216,11726,0,0,IN,990923,11:55:11,11:55:29,18,0:00:00,0:00:00,0,AGENT,11:55:28,11:56:13,45,Z2EYAL
AA0216,11727,0,0,IN,990923,12:11:15,12:11:31,16,0:00:00,0:00:00,0,AGENT,12:11:31,12:22:05,634,Z2ELINOR
AA0216,11728,0,0,IN,990923,12:20:58,12:21:16,18,0:00:00,0:00:00,0,AGENT,12:21:15,12:23:36,141,Z2EYAL
AA0216,11729,0,0,IN,990923,12:25:01,12:25:17,16,0:00:00,0:00:00,0,AGENT,12:25:17,12:25:50,33,YIFAT
AA0216,11730,0,0,IN,990923,12:43:16,12:43:31,15,0:00:00,0:00:00,0,AGENT,12:43:30,12:47:56,266,Z2OFERZ
AA0216,11731,0,0,IN,990923,13:05:21,13:05:35,14,0:00:00,0:00:00,0,AGENT,13:05:35,13:06:48,73,Z2EYAL
AA0216,11732,0,0,IN,990923,13:18:03,13:18:16,13,0:00:00,0:00:00,0,AGENT,13:18:15,13:19:40,85,YIFAT
AA0216,11733,0,0,IN,990923,13:34:54,13:35:09,15,0:00:00,0:00:00,0,AGENT,13:35:09,13:37:45,156,Z2IFAT
AA0216,11734,0,0,IN,990923,13:40:51,13:41:07,16,0:00:00,0:00:00,0,AGENT,13:41:07,13:47:53,406,Z2IFAT
AA0216,11735,0,0,IN,990923,13:42:26,13:42:36,10,13:42:36,13:43:22,46,HANG,0:00:00,0:00:00,0,NO_SERVER
AA0216,11736,0,0,IN,990923,13:57:09,13:57:25,16,0:00:00,0:00:00,0,AGENT,13:57:24,13:58:22,58,Z2EYAL
AA0216,11737,0,0,IN,990923,14:15:05,14:15:19,14,0:00:00,0:00:00,0,AGENT,14:15:18,15:03:57,2919,Z2EYAL
AA0216,11738,0,0,IN,990923,14:23:14,14:23:29,15,0:00:00,0:00:00,0,AGENT,14:23:28,14:25:23,115,Z2OFERZ
AA0216,11739,0,0,IN,990923,14:34:32,14:34:46,14,0:00:00,0:00:00,0,AGENT,0:00:00,0:00:00,0,Z2IFAT
AA0216,11740,0,0,IN,990923,14:47:27,14:47:44,17,0:00:00,0:00:00,0,AGENT,14:47:44,14:48:06,22,Z2OFERZ
AA0216,11741,0,0,IN,990923,14:53:11,14:53:20,9,14:53:20,14:53:59,39,AGENT,14:53:58,14:55:07,69,YIFAT
AA0216,11742,0,0,IN,990923,15:13:32,15:13:42,10,15:13:42,15:14:47,65,HANG,0:00:00,0:00:00,0,NO_SERVER
AA0216,11743,0,0,IN,990923,15:27:25,15:27:40,15,0:00:00,0:00:00,0,AGENT,15:27:39,15:29:59,140,Z2OFERZ
AA0216,11744,0,0,IN,990923,15:53:50,15:54:09,19,0:00:00,0:00:00,0,AGENT,15:54:08,15:54:53,45,Z2OFERZ
AA0216,11745,0,0,IN,990923,16:08:06,16:08:15,9,16:08:15,16:08:17,2,HANG,0:00:00,0:00:00,0,NO_SERVER
AA0216,11746,0,0,IN,990923,16:23:20,16:23:30,10,0:00:00,0:00:00,0,AGENT,16:23:34,16:23:55,21,NO_SERVER
AA0216,11747,0,0,IN,990923,16:50:50,16:51:05,15,0:00:00,0:00:00,0,AGENT,16:51:04,17:40:50,2986,Z2OFERZ
AA0216,11748,0,0,IN,990923,17:22:58,17:23:11,13,0:00:00,0:00:00,0,AGENT,17:23:10,17:39:43,993,Z2NIRIT
AA0216,11749,0,0,IN,990923,17:42:02,17:42:12,10,17:42:12,17:43:31,79,AGENT,17:43:29,17:47:05,216,Z2ARIE
AA0216,11750,0,0,IN,990923,18:01:49,18:02:11,22,0:00:00,0:00:00,0,AGENT,18:02:10,18:07:07,297,Z2OFERZ
AA0216,11751,0,0,IN,990923,18:09:56,18:10:12,16,0:00:00,0:00:00,0,AGENT,18:10:11,18:20:25,614,Z2NIRIT
AA0216,11752,0,0,IN,990923,18:28:52,18:29:06,14,0:00:00,0:00:00,0,AGENT,18:29:05,18:36:58,473,Z2NIRIT
AA0216,11753,0,0,IN,990923,18:46:52,18:47:08,16,0:00:00,0:00:00,0,AGENT,18:47:08,18:49:58,170,Z2LIOR
AA0216,11754,0,0,IN,990923,18:52:21,18:52:36,15,0:00:00,0:00:00,0,AGENT,18:52:35,18:56:46,251,Z2LIOR
AA0216,11755,0,0,IN,990923,19:01:54,19:02:11,17,0:00:00,0:00:00,0,AGENT,19:02:10,19:07:33,323,Z2LIOR
AA0216,11756,0,0,IN,990923,19:21:36,19:21:56,20,0:00:00,0:00:00,0,AGENT,19:21:56,19:22:51,55,Z2LIOR
AA0216,11757,0,0,IN,990923,19:28:12,19:28:26,14,0:00:00,0:00:00,0,AGENT,19:28:25,19:33:02,277,Z2LIOR
AA0216,11758,0,0,IN,990923,19:32:20,19:32:29,9,19:32:29,19:33:08,39,AGENT,19:33:07,19:34:09,62,Z2LIOR
AA0216,11759,0,0,IN,990923,19:53:24,19:53:41,17,0:00:00,0:00:00,0,AGENT,19:53:40,21:27:27,5627,Z2NIRIT
AA0216,11760,0,0,IN,990923,20:08:30,20:08:43,13,0:00:00,0:00:00,0,AGENT,20:08:42,20:34:58,1576,Z2LIOR
AA0216,11761,0,0,IN,990923,20:30:05,20:30:21,16,0:00:00,0:00:00,0,AGENT,20:30:20,20:35:26,306,Z2ARIE
AA0216,11762,0,0,IN,990923,20:39:06,20:39:20,14,0:00:00,0:00:00,0,AGENT,20:39:19,20:50:27,668,Z2ARIE
AA0216,11763,0,0,IN,990923,20:47:49,20:47:58,9,20:47:58,20:50:34,156,AGENT,20:50:34,20:54:55,261,Z2ARIE
AA0216,11764,0,0,IN,990923,21:08:53,21:09:02,9,21:09:02,21:11:27,145,AGENT,21:11:26,21:17:23,357,Z2LIOR
AA0216,11765,0,0,IN,990923,21:39:50,21:40:07,17,0:00:00,0:00:00,0,AGENT,21:40:06,21:43:12,186,Z2NIRIT
AA0216,11766,0,0,IN,990923,22:16:43,22:16:59,16,0:00:00,0:00:00,0,AGENT,22:16:58,22:19:39,161,Z2NIRIT
AA0216,11767,0,0,IN,990923,22:26:19,22:26:32,13,0:00:00,0:00:00,0,AGENT,22:26:31,22:52:14,1543,Z2LIOR
AA0216,11768,0,0,IN,990923,22:34:54,22:35:03,9,22:35:03,22:43:34,511,AGENT,22:43:33,22:47:34,241,STEREN
AA0216,11769,0,0,IN,990923,22:56:35,22:56:44,9,22:56:44,22:58:58,134,AGENT,22:58:57,23:00:32,95,Z2LIOR
AA0216,11770,0,0,IN,990923,23:15:03,23:15:17,14,0:00:00,0:00:00,0,AGENT,23:15:15,23:19:39,264,Z2NIRIT
AA0216,11771,0,0,IN,990923,23:37:35,23:37:48,13,0:00:00,0:00:00,0,AGENT,23:37:47,23:46:26,519,Z2NIRIT
AA0216,11773,0,0,IN,990924,0:00:48,0:01:12,24,0:00:00,0:00:00,0,HANG,0:00:00,0:00:00,0,NO_SERVER
AA0216,11774,0,0,IN,990924,0:07:18,0:07:45,27,0:00:00,0:00:00,0,HANG,0:00:00,0:00:00,0,NO_SERVER
AA0216,11775,0,0,IN,990924,4:50:13,4:50:50,37,0:00:00,0:00:00,0,HANG,0:00:00,0:00:00,0,NO_SERVER
AA0216,11776,0,0,IN,990924,7:38:51,7:39:00,9,7:39:00,7:39:51,51,AGENT,7:39:51,8:13:04,1993,Z2ELINOR
AA0216,11777,0,0,IN,990924,8:22:43,8:23:00,17,0:00:00,0:00:00,0,AGENT,8:23:00,8:24:58,118,Z2OFERZ
AA0216,11778,0,0,IN,990924,9:56:21,9:56:42,21,0:00:00,0:00:00,0,AGENT,9:56:41,10:11:08,867,Z2OFERZ
AA0216,11779,0,0,IN,990924,10:10:34,10:10:50,16,0:00:00,0:00:00,0,AGENT,10:10:50,10:27:53,1023,Z2EYAL
AA0216,11780,0,0,IN,990924,10:19:09,10:19:23,14,0:00:00,0:00:00,0,AGENT,10:19:22,10:25:53,391,Z2ELINOR
AA0216,11781,0,0,IN,990924,10:38:19,10:38:36,17,0:00:00,0:00:00,0,AGENT,10:38:36,10:43:48,312,Z2OFERZ
AA0216,11782,0,0,IN,990924,10:51:09,10:51:34,25,10:51:34,10:52:17,43,AGENT,10:52:17,11:03:00,643,Z2EYAL
AA0216,11783,0,0,IN,990924,10:57:47,10:58:02,15,0:00:00,0:00:00,0,AGENT,10:58:01,11:02:26,265,Z2ELINOR
AA0216,11784,0,0,IN,990924,11:07:51,11:08:07,16,0:00:00,0:00:00,0,AGENT,11:08:05,11:15:29,444,Z2EYAL
AA0216,11785,0,0,IN,990924,11:31:57,11:32:13,16,0:00:00,0:00:00,0,AGENT,11:32:13,11:33:57,104,Z2OFERZ
AA0216,11786,0,0,IN,990924,11:59:27,11:59:44,17,0:00:00,0:00:00,0,AGENT,11:59:42,12:01:42,120,Z2ELINOR
AA0216,11787,0,0,IN,990924,12:12:15,12:12:33,18,0:00:00,0:00:00,0,AGENT,12:12:33,12:13:12,39,Z2ELINOR
AA0216,11788,0,0,IN,990924,12:25:05,12:25:22,17,0:00:00,0:00:00,0,AGENT,12:25:22,12:30:47,325,Z2ELINOR
AA0216,11789,0,0,IN,990924,12:42:35,12:42:51,16,0:00:00,0:00:00,0,AGENT,12:42:50,12:48:04,314,Z2EYAL
AA0216,11790,0,0,IN,990924,12:56:44,12:57:00,16,0:00:00,0:00:00,0,AGENT,12:56:59,12:57:27,28,Z2OFERZ
AA0216,11791,0,0,IN,990924,13:20:30,13:20:49,19,0:00:00,0:00:00,0,AGENT,13:20:48,13:28:57,489,Z2ELINOR
AA0216,11792,0,0,IN,990924,14:04:26,14:05:03,37,0:00:00,0:00:00,0,HANG,0:00:00,0:00:00,0,NO_SERVER
AA0216,11793,0,0,IN,990924,14:08:53,14:09:17,24,0:00:00,0:00:00,0,HANG,0:00:00,0:00:00,0,NO_SERVER
AA0216,11794,0,0,IN,990924,14:27:58,14:28:05,7,0:00:00,0:00:00,0,HANG,0:00:00,0:00:00,0,NO_SERVER
AA0216,11795,0,0,IN,990924,23:24:26,23:24:56,30,0:00:00,0:00:00,0,HANG,0:00:00,0:00:00,0,NO_SERVER
AA0216,11796,0,0,IN,990925,19:18:14,19:19:53,99,0:00:00,0:00:00,0,HANG,0:00:00,0:00:00,0,NO_SERVER
AA0216,11797,0,0,IN,990925,20:52:48,20:53:04,16,0:00:00,0:00:00,0,AGENT,20:53:03,21:15:46,1363,Z2OFER
AA0216,11798,0,0,IN,990925,20:57:52,20:58:01,9,20:58:01,20:58:37,36,HANG,0:00:00,0:00:00,0,NO_SERVER
AA0216,11799,0,0,IN,990925,21:00:31,21:00:40,9,21:00:40,21:07:21,401,AGENT,21:07:21,21:29:56,1355,Z2ELINOR
AA0216,11800,0,0,IN,990925,23:55:36,23:55:46,10,23:55:46,23:56:55,69,AGENT,23:56:55,23:58:56,121,Z2ELINOR
AA0216,11801,0,0,IN,990926,7:03:49,7:04:04,15,0:00:00,0:00:00,0,AGENT,7:04:03,7:13:11,548,Z2OFERZ
AA0216,11802,0,0,IN,990926,7:54:20,7:54:31,11,0:00:00,0:00:00,0,AGENT,7:54:40,7:54:56,16,NO_SERVER
AA0216,11803,0,0,IN,990926,8:03:57,8:04:10,13,0:00:00,0:00:00,0,AGENT,8:04:09,8:04:54,45,YIFAT
AA0216,11804,0,0,IN,990926,8:12:57,8:13:09,12,0:00:00,0:00:00,0,AGENT,8:13:08,8:14:18,70,YIFAT
AA0216,11805,0,0,IN,990926,8:42:28,8:42:47,19,0:00:00,0:00:00,0,AGENT,8:42:46,8:48:16,330,Z2OFERZ
AA0216,11806,0,0,IN,990926,9:30:55,9:31:09,14,0:00:00,0:00:00,0,AGENT,9:31:08,9:32:05,57,Z2EYAL
AA0216,11807,0,0,IN,990926,9:46:15,9:46:27,12,0:00:00,0:00:00,0,AGENT,9:46:26,9:47:29,63,YIFAT
AA0216,11808,0,0,IN,990926,10:13:44,10:14:02,18,0:00:00,0:00:00,0,AGENT,10:14:02,10:21:00,418,Z2OFERZ
AA0216,11809,0,0,IN,990926,10:15:13,10:15:25,12,0:00:00,0:00:00,0,AGENT,10:15:24,10:15:33,9,YIFAT
AA0216,11810,0,0,IN,990926,10:20:35,10:20:45,10,10:20:45,10:21:08,23,AGENT,10:21:07,10:22:09,62,Z2OFERZ
AA0216,11811,0,0,IN,990926,10:35:22,10:35:38,16,0:00:00,0:00:00,0,AGENT,10:35:37,10:55:41,1204,Z2OFERZ
AA0216,11812,0,0,IN,990926,10:53:53,10:54:07,14,0:00:00,0:00:00,0,AGENT,10:54:06,11:01:04,418,Z2EYAL
AA0216,11813,0,0,IN,990926,10:56:21,10:56:31,10,10:56:31,10:57:58,87,HANG,0:00:00,0:00:00,0,NO_SERVER
AA0216,11814,0,0,IN,990926,11:08:25,11:08:43,18,0:00:00,0:00:00,0,AGENT,11:08:42,11:10:17,95,Z2EYAL
AA0216,11815,0,0,IN,990926,11:24:35,11:25:00,25,11:25:00,11:25:07,7,AGENT,11:25:06,12:08:00,2574,Z2EYAL
AA0216,11816,0,0,IN,990926,11:31:56,11:32:09,13,0:00:00,0:00:00,0,AGENT,11:32:08,11:34:52,164,YIFAT
AA0216,11817,0,0,IN,990926,11:40:43,11:40:52,9,11:40:52,11:41:50,58,AGENT,11:41:49,11:46:31,282,Z2OFERZ
AA0216,11818,0,0,IN,990926,11:46:51,11:47:07,16,0:00:00,0:00:00,0,AGENT,11:47:07,11:57:44,637,Z2OFERZ
AA0216,11819,0,0,IN,990926,11:57:25,11:57:34,9,11:57:34,11:57:51,17,AGENT,11:57:51,11:58:48,57,Z2OFERZ
AA0216,11820,0,0,IN,990926,12:10:11,12:10:26,15,0:00:00,0:00:00,0,AGENT,12:10:25,12:14:05,220,Z2OFERZ
AA0216,11821,0,0,IN,990926,12:37:18,12:37:32,14,0:00:00,0:00:00,0,AGENT,12:37:32,12:45:40,488,Z2OFERZ
AA0216,11822,0,0,IN,990926,13:08:06,13:08:25,19,0:00:00,0:00:00,0,AGENT,13:08:24,13:22:50,866,Z2EYAL
AA0216,11823,0,0,IN,990926,13:17:55,13:18:08,13,0:00:00,0:00:00,0,AGENT,13:18:07,14:08:45,3038,Z2ARIE
AA0216,11824,0,0,IN,990926,13:38:13,13:38:22,9,13:38:22,13:39:55,93,AGENT,13:39:54,13:42:28,154,YIFAT
AA0216,11825,0,0,IN,990926,13:53:43,13:53:53,10,13:53:53,13:56:14,141,AGENT,13:56:13,13:57:12,59,YIFAT
AA0216,11826,0,0,IN,990926,14:57:53,14:58:22,29,0:00:00,0:00:00,0,AGENT,14:58:21,15:01:56,215,Z2ARIE
AA0216,11827,0,0,IN,990926,15:02:07,15:02:22,15,0:00:00,0:00:00,0,AGENT,0:00:00,0:00:00,0,Z2ARIE
AA0216,11828,0,0,IN,990926,15:41:18,15:41:32,14,0:00:00,0:00:00,0,AGENT,15:41:31,15:49:11,460,Z2ARIE
AA0216,11829,0,0,IN,990926,15:55:58,15:56:04,6,0:00:00,0:00:00,0,HANG,0:00:00,0:00:00,0,NO_SERVER
AA0216,11830,0,0,IN,990926,15:59:49,16:00:21,32,0:00:00,0:00:00,0,AGENT,16:00:19,16:09:52,573,Z2OFER
AA0216,11831,0,0,IN,990926,16:13:11,16:13:26,15,0:00:00,0:00:00,0,AGENT,16:13:25,16:25:05,700,Z2OFER
AA0216,11832,0,0,IN,990926,16:36:55,16:37:12,17,0:00:00,0:00:00,0,AGENT,16:37:12,16:40:10,178,Z2ELINOR
AA0216,11833,0,0,IN,990926,16:37:59,16:38:09,10,16:38:09,16:38:59,50,AGENT,16:38:58,17:02:38,1420,Z2LIOR
AA0216,11834,0,0,IN,990926,16:48:19,16:48:28,9,16:48:28,16:49:22,54,HANG,0:00:00,0:00:00,0,NO_SERVER
AA0216,11835,0,0,IN,990926,16:53:51,16:54:01,10,16:54:01,16:54:48,47,HANG,0:00:00,0:00:00,0,NO_SERVER
AA0216,11836,0,0,IN,990926,16:55:50,16:55:59,9,16:55:59,16:57:10,71,HANG,0:00:00,0:00:00,0,NO_SERVER
AA0216,11837,0,0,IN,990926,17:28:58,17:29:15,17,0:00:00,0:00:00,0,AGENT,17:29:14,17:32:02,168,Z2OFER
AA0216,11838,0,0,IN,990926,18:11:02,18:11:17,15,0:00:00,0:00:00,0,AGENT,18:11:16,18:26:20,904,Z2NIRIT
AA0216,11839,0,0,IN,990926,18:22:23,18:22:36,13,0:00:00,0:00:00,0,AGENT,18:22:35,18:29:36,421,Z2LIOR
AA0216,11840,0,0,IN,990926,18:41:20,18:41:36,16,0:00:00,0:00:00,0,AGENT,18:41:35,18:45:29,234,Z2NIRIT
AA0216,11841,0,0,IN,990926,18:59:11,18:59:24,13,0:00:00,0:00:00,0,AGENT,18:59:24,19:02:10,166,Z2ELINOR
AA0216,11842,0,0,IN,990926,19:14:31,19:14:48,17,0:00:00,0:00:00,0,AGENT,19:14:48,19:31:06,978,Z2NIRIT
AA0216,11843,0,0,IN,990926,19:28:27,19:28:43,16,0:00:00,0:00:00,0,AGENT,19:28:42,19:34:54,372,Z2ELINOR
AA0216,11844,0,0,IN,990926,19:54:01,19:54:20,19,0:00:00,0:00:00,0,AGENT,19:54:19,19:57:31,192,Z2ELINOR
AA0216,11845,0,0,IN,990926,20:32:29,20:32:47,18,0:00:00,0:00:00,0,AGENT,20:32:47,20:37:44,297,Z2ELINOR
AA0216,11846,0,0,IN,990926,21:06:28,21:06:43,15,0:00:00,0:00:00,0,AGENT,21:06:43,21:09:53,190,Z2ELINOR
AA0216,11847,0,0,IN,990926,21:26:30,21:26:50,20,0:00:00,0:00:00,0,AGENT,21:26:49,21:44:39,1070,Z2ELINOR
AA0216,11848,0,0,IN,990926,21:50:50,21:51:04,14,0:00:00,0:00:00,0,AGENT,21:51:04,21:55:41,277,Z2OFER
AA0216,11849,0,0,IN,990926,22:29:50,22:30:12,22,0:00:00,0:00:00,0,AGENT,22:30:12,22:31:16,64,Z2OFER
AA0216,11850,0,0,IN,990926,22:40:59,22:41:12,13,0:00:00,0:00:00,0,AGENT,22:41:12,22:44:03,171,Z2LIOR
AA0216,11851,0,0,IN,990926,22:44:38,22:44:51,13,0:00:00,0:00:00,0,AGENT,22:44:50,23:09:38,1488,Z2ELINOR
AA0216,11852,0,0,IN,990926,22:50:43,22:50:58,15,0:00:00,0:00:00,0,AGENT,22:50:57,23:22:17,1880,Z2LIOR
AA0216,11853,0,0,IN,990926,23:09:21,23:09:30,9,23:09:30,23:09:44,14,AGENT,23:09:43,23:20:41,658,Z2ELINOR
AA0216,11854,0,0,IN,990927,0:02:43,0:03:02,19,0:00:00,0:00:00,0,HANG,0:00:00,0:00:00,0,NO_SERVER
AA0216,11855,0,0,IN,990927,7:08:13,7:08:27,14,0:00:00,0:00:00,0,AGENT,7:08:26,7:20:47,741,Z2OFER
AA0216,11856,0,0,IN,990927,9:05:31,9:05:47,16,0:00:00,0:00:00,0,AGENT,9:05:46,9:07:13,87,Z2OFER
AA0216,11857,0,0,IN,990927,9:19:42,9:19:51,9,9:19:51,9:27:12,441,AGENT,9:27:10,9:32:06,296,Z2OFER
AA0216,11858,0,0,IN,990927,10:01:42,10:01:59,17,0:00:00,0:00:00,0,AGENT,10:01:58,10:06:05,247,Z2OFER
AA0216,11859,0,0,IN,990927,10:07:28,10:07:42,14,0:00:00,0:00:00,0,AGENT,10:07:41,10:12:27,286,Z2OFER
AA0216,11860,0,0,IN,990927,10:24:45,10:25:03,18,0:00:00,0:00:00,0,AGENT,10:25:02,10:33:59,537,Z2OFERZ
AA0216,11861,0,0,IN,990927,10:28:56,10:29:06,10,10:29:06,10:31:10,124,HANG,0:00:00,0:00:00,0,NO_SERVER
AA0216,11862,0,0,IN,990927,10:59:27,10:59:42,15,0:00:00,0:00:00,0,AGENT,10:59:42,11:03:45,243,Z2OFERZ
AA0216,11863,0,0,IN,990927,11:20:26,11:20:59,33,0:00:00,0:00:00,0,AGENT,11:20:58,11:31:57,659,Z2IFAT
AA0216,11864,0,0,IN,990927,11:38:48,11:39:14,26,11:39:14,11:39:28,14,AGENT,11:39:28,11:40:21,53,Z2OFER
AA0216,11865,0,0,IN,990927,11:51:49,11:52:05,16,0:00:00,0:00:00,0,AGENT,11:52:04,11:58:03,359,Z2OFERZ
AA0216,11866,0,0,IN,990927,11:58:10,11:58:26,16,0:00:00,0:00:00,0,AGENT,11:58:24,11:59:14,50,Z2IFAT
AA0216,11867,0,0,IN,990927,12:09:43,12:09:59,16,0:00:00,0:00:00,0,AGENT,12:09:59,12:18:51,532,Z2OFERZ
AA0216,11868,0,0,IN,990927,12:19:31,12:19:49,18,0:00:00,0:00:00,0,AGENT,12:19:48,12:21:11,83,Z2OFER
AA0216,11869,0,0,IN,990927,12:31:49,12:32:11,22,0:00:00,0:00:00,0,AGENT,12:32:10,12:45:23,793,Z2IFAT
AA0216,11870,0,0,IN,990927,13:22:40,13:22:57,17,0:00:00,0:00:00,0,AGENT,13:22:56,13:30:15,439,Z2IFAT
AA0216,11871,0,0,IN,990927,13:24:41,13:24:51,10,13:24:51,13:30:21,330,AGENT,13:30:20,14:01:36,1876,Z2IFAT
AA0216,11872,0,0,IN,990927,13:40:51,13:41:09,18,0:00:00,0:00:00,0,AGENT,13:41:08,13:56:08,900,Z2LIOR
AA0216,11873,0,0,IN,990927,13:54:45,13:54:54,9,13:54:54,13:58:28,214,AGENT,13:58:27,14:09:59,692,Z2LIOR
AA0216,11874,0,0,IN,990927,14:12:17,14:12:21,4,0:00:00,0:00:00,0,HANG,0:00:00,0:00:00,0,NO_SERVER
AA0216,11875,0,0,IN,990927,14:13:26,14:13:44,18,0:00:00,0:00:00,0,AGENT,14:13:43,14:15:50,127,Z2IFAT
AA0216,11876,0,0,IN,990927,14:19:46,14:19:59,13,0:00:00,0:00:00,0,AGENT,14:19:58,14:20:16,18,Z2IFAT
AA0216,11877,0,0,IN,990927,14:47:19,14:47:45,26,14:47:45,14:47:54,9,HANG,0:00:00,0:00:00,0,NO_SERVER
AA0216,11878,0,0,IN,990927,14:59:11,14:59:26,15,0:00:00,0:00:00,0,AGENT,14:59:26,15:24:43,1517,Z2LIOR
AA0216,11879,0,0,IN,990927,15:08:48,15:08:57,9,15:08:57,15:12:47,230,AGENT,15:12:46,15:13:46,60,Z2IFAT
AA0216,11880,0,0,IN,990927,15:20:21,15:20:30,9,15:20:30,15:23:02,152,HANG,0:00:00,0:00:00,0,NO_SERVER
AA0216,11881,0,0,IN,990927,15:37:50,15:38:13,23,0:00:00,0:00:00,0,AGENT,15:38:08,15:44:36,388,Z2IFAT
AA0216,11882,0,0,IN,990927,15:46:51,15:47:05,14,0:00:00,0:00:00,0,AGENT,15:47:04,15:51:30,266,Z2IFAT
AA0216,11883,0,0,IN,990927,15:57:25,15:57:35,10,15:57:35,15:59:02,87,AGENT,15:59:01,16:01:27,146,Z2ARIE
AA0216,11884,0,0,IN,990927,16:03:18,16:03:27,9,16:03:27,16:05:40,133,AGENT,16:05:39,16:14:50,551,Z2ARIE
AA0216,11885,0,0,IN,990927,16:14:59,16:15:08,9,16:15:08,16:16:32,84,AGENT,16:16:32,17:15:16,3524,Z2ARIE
AA0216,11886,0,0,IN,990927,16:53:36,16:53:52,16,0:00:00,0:00:00,0,AGENT,16:53:52,16:57:32,220,Z2LIOR
AA0216,11887,0,0,IN,990927,17:09:26,17:09:43,17,0:00:00,0:00:00,0,AGENT,17:09:42,17:10:40,58,Z2EYAL
AA0216,11888,0,0,IN,990927,17:21:20,17:21:36,16,0:00:00,0:00:00,0,AGENT,17:21:35,17:30:39,544,Z2IFAT
AA0216,11889,0,0,IN,990927,17:37:35,17:37:51,16,0:00:00,0:00:00,0,AGENT,17:37:51,17:43:17,326,Z2EYAL
AA0216,11890,0,0,IN,990927,17:43:21,17:43:35,14,0:00:00,0:00:00,0,AGENT,0:00:00,0:00:00,0,Z2IFAT
AA0216,11891,0,0,IN,990927,18:16:04,18:16:21,17,0:00:00,0:00:00,0,AGENT,18:16:21,18:19:07,166,Z2NIRIT
AA0216,11892,0,0,IN,990927,18:18:46,18:18:55,9,18:18:55,18:20:15,80,AGENT,18:20:14,18:21:08,54,Z2NIRIT
AA0216,11893,0,0,IN,990927,18:44:03,18:44:19,16,0:00:00,0:00:00,0,AGENT,18:44:19,18:46:33,134,Z2NIRIT
AA0216,11894,0,0,IN,990927,19:09:21,19:09:35,14,0:00:00,0:00:00,0,AGENT,19:09:34,19:10:23,49,Z2ARIE
AA0216,11895,0,0,IN,990927,19:11:49,19:12:06,17,0:00:00,0:00:00,0,AGENT,19:12:06,19:18:33,387,Z2NIRIT
AA0216,11896,0,0,IN,990927,19:36:53,19:36:58,5,0:00:00,0:00:00,0,HANG,0:00:00,0:00:00,0,NO_SERVER
AA0216,11897,0,0,IN,990927,19:51:42,19:51:57,15,0:00:00,0:00:00,0,AGENT,19:51:57,20:10:47,1130,Z2EYAL
AA0216,11898,0,0,IN,990927,20:07:50,20:08:05,15,0:00:00,0:00:00,0,AGENT,20:08:05,20:18:44,639,Z2ELINOR
AA0216,11899,0,0,IN,990927,20:29:34,20:29:47,13,0:00:00,0:00:00,0,AGENT,20:29:46,20:33:47,241,Z2ELINOR
AA0216,11900,0,0,IN,990927,20:57:00,20:57:16,16,0:00:00,0:00:00,0,AGENT,20:57:16,20:59:49,153,Z2EYAL
AA0216,11901,0,0,IN,990927,21:03:45,21:04:01,16,0:00:00,0:00:00,0,AGENT,21:04:01,21:05:08,67,Z2NIRIT
AA0216,11902,0,0,IN,990927,21:23:02,21:23:17,15,0:00:00,0:00:00,0,AGENT,21:23:16,21:32:11,535,Z2NIRIT
AA0216,11903,0,0,IN,990927,22:30:31,22:30:53,22,0:00:00,0:00:00,0,AGENT,22:30:52,22:37:13,381,Z2NIRIT
AA0216,11904,0,0,IN,990927,22:51:26,22:51:39,13,0:00:00,0:00:00,0,AGENT,22:51:38,23:45:53,3255,Z2ELINOR
AA0216,11905,0,0,IN,990927,23:32:12,23:32:22,10,23:32:22,23:33:34,72,AGENT,23:33:33,23:41:03,450,Z2NIRIT
AA0216,11906,0,0,IN,990928,0:06:11,0:06:26,15,0:00:00,0:00:00,0,HANG,0:00:00,0:00:00,0,NO_SERVER
AA0216,11907,0,0,IN,990928,1:07:00,1:07:38,38,0:00:00,0:00:00,0,HANG,0:00:00,0:00:00,0,NO_SERVER
AA0216,11908,0,0,IN,990928,7:46:18,7:46:31,13,0:00:00,0:00:00,0,AGENT,7:46:30,7:51:46,316,Z2IFAT
AA0216,11909,0,0,IN,990928,8:43:52,8:44:09,17,0:00:00,0:00:00,0,AGENT,8:44:09,8:46:54,165,Z2EYAL
AA0216,11910,0,0,IN,990928,8:55:59,8:56:15,16,0:00:00,0:00:00,0,AGENT,8:56:13,8:57:31,78,Z2EYAL
AA0216,11911,0,0,IN,990928,9:06:13,9:06:26,13,0:00:00,0:00:00,0,AGENT,9:06:25,9:08:14,109,Z2IFAT
AA0216,11912,0,0,IN,990928,9:09:37,9:09:46,9,9:09:46,9:11:19,93,HANG,0:00:00,0:00:00,0,NO_SERVER
AA0216,11913,0,0,IN,990928,9:21:23,9:21:36,13,0:00:00,0:00:00,0,AGENT,9:21:35,9:22:29,54,Z2IFAT
AA0216,11914,0,0,IN,990928,9:31:34,9:31:43,9,9:31:43,9:39:44,481,HANG,0:00:00,0:00:00,0,NO_SERVER
AA0216,11915,0,0,IN,990928,9:40:18,9:40:27,9,9:40:27,9:42:12,105,AGENT,9:42:11,9:47:37,326,Z2IFAT
AA0216,11916,0,0,IN,990928,9:51:54,9:52:03,9,9:52:03,9:52:13,10,HANG,0:00:00,0:00:00,0,NO_SERVER
AA0216,11917,0,0,IN,990928,10:00:07,10:00:22,15,0:00:00,0:00:00,0,AGENT,10:00:21,10:04:26,245,Z2IFAT
AA0216,11918,0,0,IN,990928,10:14:48,10:15:02,14,0:00:00,0:00:00,0,AGENT,10:15:01,10:25:19,618,Z2IFAT
AA0216,11919,0,0,IN,990928,10:22:02,10:22:11,9,10:22:11,10:24:27,136,AGENT,10:24:25,10:26:17,112,Z2ARIE
AA0216,11920,0,0,IN,990928,11:38:37,11:38:57,20,0:00:00,0:00:00,0,AGENT,11:38:56,11:48:59,603,Z2IFAT
AA0216,11921,0,0,IN,990928,11:43:23,11:43:32,9,11:43:32,11:43:57,25,HANG,0:00:00,0:00:00,0,NO_SERVER
AA0216,11922,0,0,IN,990928,11:46:51,11:47:00,9,11:47:00,11:48:21,81,AGENT,11:48:20,11:49:31,71,Z2ARIE
AA0216,11923,0,0,IN,990928,11:59:42,11:59:58,16,0:00:00,0:00:00,0,AGENT,11:59:57,12:00:42,45,Z2EYAL
AA0216,11924,0,0,IN,990928,12:06:23,12:06:39,16,0:00:00,0:00:00,0,AGENT,12:06:38,12:32:22,1544,Z2EYAL
AA0216,11925,0,0,IN,990928,12:18:13,12:18:22,9,12:18:22,12:19:42,80,AGENT,12:19:41,12:21:04,83,Z2IFAT
AA0216,11926,0,0,IN,990928,12:24:54,12:25:04,10,12:25:04,12:28:38,214,AGENT,12:28:38,12:32:51,253,Z2IFAT
AA0216,11927,0,0,IN,990928,12:29:49,12:29:57,8,12:29:57,12:31:03,66,HANG,0:00:00,0:00:00,0,NO_SERVER
AA0216,11928,0,0,IN,990928,13:12:41,13:12:56,15,0:00:00,0:00:00,0,AGENT,13:12:56,13:14:21,85,Z2EYAL
AA0216,11929,0,0,IN,990928,13:43:34,13:43:52,18,0:00:00,0:00:00,0,AGENT,13:43:52,13:55:56,724,Z2OFERZ
AA0216,11930,0,0,IN,990928,13:49:30,13:49:45,15,0:00:00,0:00:00,0,AGENT,13:49:44,13:51:34,110,Z2ARIE
AA0216,11931,0,0,IN,990928,13:56:27,13:56:44,17,0:00:00,0:00:00,0,AGENT,13:56:43,14:01:26,283,Z2EYAL
AA0216,11932,0,0,IN,990928,14:32:13,14:32:28,15,0:00:00,0:00:00,0,AGENT,14:32:28,14:38:21,353,Z2ARIE
AA0216,11933,0,0,IN,990928,15:24:30,15:25:04,34,0:00:00,0:00:00,0,AGENT,15:25:03,15:42:25,1042,Z2NIRIT
AA0216,11934,0,0,IN,990928,15:46:25,15:46:41,16,0:00:00,0:00:00,0,AGENT,15:46:41,15:50:12,211,Z2NIRIT
AA0216,11935,0,0,IN,990928,16:09:38,16:10:10,32,0:00:00,0:00:00,0,AGENT,16:10:09,16:12:24,135,Z2NIRIT
AA0216,11936,0,0,IN,990928,16:13:04,16:13:18,14,0:00:00,0:00:00,0,AGENT,16:13:17,16:21:52,515,Z2OFERZ
AA0216,11937,0,0,IN,990928,16:21:47,16:22:00,13,0:00:00,0:00:00,0,AGENT,16:21:59,16:22:43,44,Z2ARIE
AA0216,11938,0,0,IN,990928,16:27:33,16:27:46,13,0:00:00,0:00:00,0,AGENT,16:27:45,16:33:54,369,Z2ELINOR
AA0216,11939,0,0,IN,990928,16:29:46,16:30:02,16,0:00:00,0:00:00,0,AGENT,16:30:02,16:34:10,248,Z2ARIE
AA0216,11940,0,0,IN,990928,16:32:26,16:32:35,9,16:32:35,16:34:01,86,AGENT,16:34:00,16:36:08,128,Z2ELINOR
AA0216,11941,0,0,IN,990928,16:41:32,16:41:45,13,0:00:00,0:00:00,0,AGENT,16:41:44,16:58:55,1031,Z2NIRIT
AA0216,11942,0,0,IN,990928,16:48:52,16:49:01,9,16:49:01,16:50:21,80,AGENT,16:50:20,16:51:41,81,Z2ELINOR
AA0216,11943,0,0,IN,990928,17:04:12,17:04:26,14,0:00:00,0:00:00,0,AGENT,17:04:26,17:06:45,139,Z2ELINOR
AA0216,11944,0,0,IN,990928,17:14:37,17:14:55,18,0:00:00,0:00:00,0,AGENT,17:14:53,17:21:19,386,Z2NIRIT
AA0216,11945,0,0,IN,990928,17:41:22,17:42:11,49,0:00:00,0:00:00,0,AGENT,17:42:10,17:43:50,100,Z2ELINOR
AA0216,11946,0,0,IN,990928,18:02:15,18:02:32,17,0:00:00,0:00:00,0,AGENT,18:02:31,18:06:17,226,Z2OFERZ
AA0216,11947,0,0,IN,990928,18:27:56,18:28:14,18,0:00:00,0:00:00,0,AGENT,18:28:13,18:33:06,293,Z2NIRIT
AA0216,11948,0,0,IN,990928,18:38:16,18:38:35,19,0:00:00,0:00:00,0,AGENT,18:38:34,18:39:23,49,Z2OFERZ
AA0216,11949,0,0,IN,990928,18:45:10,18:45:25,15,0:00:00,0:00:00,0,AGENT,18:45:25,18:54:01,516,Z2NIRIT
AA0216,11950,0,0,IN,990928,18:59:01,18:59:19,18,0:00:00,0:00:00,0,AGENT,18:59:18,19:00:36,78,Z2NIRIT
AA0216,11951,0,0,IN,990928,19:08:53,19:09:10,17,0:00:00,0:00:00,0,AGENT,0:00:00,0:00:00,0,Z2NIRIT
AA0216,11952,0,0,IN,990928,19:27:55,19:28:54,59,0:00:00,0:00:00,0,HANG,0:00:00,0:00:00,0,NO_SERVER
AA0216,11953,0,0,IN,990928,20:07:17,20:07:31,14,0:00:00,0:00:00,0,AGENT,20:07:31,20:08:03,32,Z2LIOR
AA0216,11954,0,0,IN,990928,20:51:10,20:51:25,15,0:00:00,0:00:00,0,AGENT,20:51:23,20:54:42,199,Z2ELINOR
AA0216,11955,0,0,IN,990928,21:17:07,21:17:16,9,21:17:16,21:18:08,52,AGENT,21:18:08,21:19:38,90,Z2ELINOR
AA0216,11956,0,0,IN,990928,21:32:40,21:32:53,13,0:00:00,0:00:00,0,AGENT,21:32:53,21:33:52,59,Z2ELINOR
AA0216,11957,0,0,IN,990928,21:57:12,21:57:26,14,0:00:00,0:00:00,0,AGENT,21:57:26,21:59:17,111,Z2ELINOR
AA0216,11958,0,0,IN,990928,22:03:24,22:03:41,17,0:00:00,0:00:00,0,AGENT,22:03:41,22:10:59,438,Z2OFER
AA0216,11959,0,0,IN,990928,22:21:34,22:21:43,9,22:21:43,22:24:43,180,AGENT,22:24:42,22:25:47,65,DARMON
AA0216,11960,0,0,IN,990928,22:26:14,22:26:23,9,22:26:23,22:30:03,220,AGENT,22:30:03,22:44:26,863,Z2OFER
AA0216,11961,0,0,IN,990928,22:52:11,22:52:28,17,0:00:00,0:00:00,0,AGENT,22:52:27,23:01:25,538,Z2OFER
AA0216,11962,0,0,IN,990928,23:47:37,23:47:51,14,0:00:00,0:00:00,0,AGENT,23:47:50,23:51:19,209,Z2OFER
AA0216,11963,0,0,IN,990929,0:13:08,0:13:45,37,0:00:00,0:00:00,0,HANG,0:00:00,0:00:00,0,NO_SERVER
AA0216,11964,0,0,IN,990929,8:35:27,8:35:47,20,0:00:00,0:00:00,0,AGENT,8:35:46,8:39:45,239,Z2OFER
AA0216,11965,0,0,IN,990929,9:16:54,9:17:12,18,0:00:00,0:00:00,0,AGENT,9:17:11,9:18:38,87,Z2OFER
AA0216,11966,0,0,IN,990929,9:27:54,9:28:26,32,0:00:00,0:00:00,0,AGENT,9:28:26,9:35:35,429,Z2EYAL
AA0216,11967,0,0,IN,990929,10:07:33,10:07:48,15,0:00:00,0:00:00,0,AGENT,10:07:46,10:12:48,302,Z2ELINOR
AA0216,11968,0,0,IN,990929,11:01:21,11:01:37,16,0:00:00,0:00:00,0,AGENT,11:01:37,11:03:52,135,Z2OFER
AA0216,11969,0,0,IN,990929,11:09:57,11:10:16,19,0:00:00,0:00:00,0,AGENT,11:10:15,11:10:52,37,Z2EYAL
AA0216,11970,0,0,IN,990929,11:39:49,11:40:08,19,0:00:00,0:00:00,0,AGENT,11:40:08,11:41:34,86,Z2EYAL
AA0216,11971,0,0,IN,990929,11:53:26,11:53:32,6,0:00:00,0:00:00,0,HANG,0:00:00,0:00:00,0,NO_SERVER
AA0216,11972,0,0,IN,990929,12:06:00,12:06:19,19,0:00:00,0:00:00,0,AGENT,12:06:19,13:07:02,3643,Z2LIOR
AA0216,11973,0,0,IN,990929,12:21:16,12:21:32,16,0:00:00,0:00:00,0,AGENT,12:21:32,12:25:19,227,Z2OFER
AA0216,11974,0,0,IN,990929,12:23:07,12:23:22,15,0:00:00,0:00:00,0,AGENT,12:23:22,12:47:37,1455,Z2OFERZ
AA0216,11975,0,0,IN,990929,12:48:38,12:48:52,14,0:00:00,0:00:00,0,AGENT,12:48:51,12:53:22,271,Z2ELINOR
AA0216,11976,0,0,IN,990929,12:54:58,12:55:14,16,0:00:00,0:00:00,0,AGENT,12:55:13,13:23:51,1718,Z2OFERZ
AA0216,11977,0,0,IN,990929,13:11:06,13:11:26,20,0:00:00,0:00:00,0,AGENT,13:11:26,13:14:02,156,Z2EYAL
AA0216,11978,0,0,IN,990929,13:14:11,13:14:25,14,0:00:00,0:00:00,0,AGENT,13:14:24,13:15:47,83,YIFAT
AA0216,11979,0,0,IN,990929,13:36:37,13:36:53,16,0:00:00,0:00:00,0,AGENT,13:36:52,13:40:12,200,Z2ELINOR
AA0216,11980,0,0,IN,990929,13:50:57,13:51:13,16,0:00:00,0:00:00,0,AGENT,13:51:11,13:51:53,42,Z2ELINOR
AA0216,11981,0,0,IN,990929,14:18:42,14:18:55,13,0:00:00,0:00:00,0,AGENT,14:18:55,14:38:40,1185,Z2ELINOR
AA0216,11982,0,0,IN,990929,15:02:44,15:02:58,14,0:00:00,0:00:00,0,AGENT,15:02:58,15:26:20,1402,Z2OFERZ
AA0216,11983,0,0,IN,990929,16:22:59,16:23:26,27,0:00:00,0:00:00,0,AGENT,16:23:20,16:25:35,135,Z2ARIE
AA0216,11984,0,0,IN,990929,16:41:00,16:41:17,17,0:00:00,0:00:00,0,AGENT,16:41:17,17:09:08,1671,Z2OFERZ
AA0216,11985,0,0,IN,990929,16:50:53,16:51:02,9,16:51:02,16:51:51,49,AGENT,16:51:50,17:22:24,1834,Z2ARIE
AA0216,11986,0,0,IN,990929,17:17:22,17:17:41,19,0:00:00,0:00:00,0,AGENT,17:17:40,17:19:49,129,Z2NIRIT
AA0216,11987,0,0,IN,990929,17:24:53,17:25:07,14,0:00:00,0:00:00,0,AGENT,17:25:06,17:32:56,470,Z2ARIE
AA0216,11988,0,0,IN,990929,17:30:06,17:30:15,9,17:30:15,17:30:52,37,AGENT,17:30:52,17:33:02,130,Z2NIRIT
AA0216,11989,0,0,IN,990929,17:37:51,17:38:07,16,0:00:00,0:00:00,0,AGENT,17:38:06,17:40:32,146,Z2NIRIT
AA0216,11990,0,0,IN,990929,17:42:19,17:42:44,25,17:42:44,17:43:06,22,AGENT,17:43:05,17:49:31,386,Z2NIRIT
AA0216,11991,0,0,IN,990929,17:48:27,17:48:36,9,17:48:36,17:49:36,60,AGENT,17:49:35,17:59:57,622,Z2NIRIT
AA0216,11992,0,0,IN,990929,18:34:38,18:34:56,18,0:00:00,0:00:00,0,AGENT,18:34:54,18:49:27,873,Z2NIRIT
AA0216,11993,0,0,IN,990929,18:55:13,18:55:28,15,0:00:00,0:00:00,0,AGENT,18:55:28,18:58:09,161,Z2NIRIT
AA0216,11994,0,0,IN,990929,19:12:47,19:13:01,14,0:00:00,0:00:00,0,AGENT,19:13:00,19:19:43,403,Z2IFAT
AA0216,11995,0,0,IN,990929,19:34:40,19:34:55,15,0:00:00,0:00:00,0,AGENT,19:34:54,19:39:26,272,Z2ARIE
AA0216,11996,0,0,IN,990929,20:09:03,20:09:22,19,0:00:00,0:00:00,0,AGENT,20:09:21,20:18:07,526,Z2NIRIT
AA0216,11997,0,0,IN,990929,21:20:49,21:21:03,14,0:00:00,0:00:00,0,AGENT,21:21:02,21:30:11,549,Z2ARIE
AA0216,11998,0,0,IN,990929,21:50:09,21:50:24,15,0:00:00,0:00:00,0,AGENT,21:50:23,22:03:14,771,Z2NIRIT
AA0216,11999,0,0,IN,990929,22:53:44,22:54:00,16,0:00:00,0:00:00,0,AGENT,22:53:59,22:57:42,223,Z2NIRIT
AA0216,12000,0,0,IN,990929,23:04:46,23:04:55,9,23:04:55,23:08:09,194,AGENT,23:08:09,23:19:19,670,Z2IFAT
AA0216,12001,0,0,IN,990929,23:49:51,23:50:06,15,0:00:00,0:00:00,0,AGENT,23:50:06,23:50:45,39,Z2IFAT
AA0216,12002,0,0,IN,990929,23:59:06,23:59:32,26,0:00:00,0:00:00,0,HANG,0:00:00,0:00:00,0,NO_SERVER
AA0216,12003,0,0,IN,990930,7:09:02,7:09:24,22,0:00:00,0:00:00,0,HANG,0:00:00,0:00:00,0,NO_SERVER
AA0216,12004,0,0,IN,990930,8:23:06,8:23:23,17,0:00:00,0:00:00,0,AGENT,8:23:23,8:32:30,547,Z2NIRIT
AA0216,12005,0,0,IN,990930,8:39:15,8:39:25,10,8:39:25,8:39:42,17,AGENT,8:39:41,8:40:33,52,YIFAT
AA0216,12006,0,0,IN,990930,8:50:59,8:51:12,13,0:00:00,0:00:00,0,AGENT,8:51:12,8:53:28,136,Z2NIRIT
AA0216,12007,0,0,IN,990930,9:09:59,9:10:08,9,9:10:08,9:14:42,274,AGENT,9:14:41,9:23:29,528,Z2ARIE
AA0216,12008,0,0,IN,990930,9:22:55,9:23:04,9,9:23:04,9:23:45,41,AGENT,9:23:45,9:24:47,62,Z2ARIE
AA0216,12009,0,0,IN,990930,9:24:48,9:24:58,10,9:24:58,9:25:47,49,AGENT,9:25:45,10:03:57,2292,Z2ARIE
AA0216,12010,0,0,IN,990930,10:15:52,10:16:06,14,0:00:00,0:00:00,0,AGENT,10:16:05,10:24:52,527,Z2ARIE
AA0216,12011,0,0,IN,990930,10:20:01,10:20:14,13,0:00:00,0:00:00,0,AGENT,10:20:13,10:21:03,50,YIFAT
AA0216,12012,0,0,IN,990930,10:41:46,10:42:03,17,0:00:00,0:00:00,0,AGENT,10:42:03,11:25:04,2581,Z2NIRIT
AA0216,12013,0,0,IN,990930,11:07:35,11:07:49,14,0:00:00,0:00:00,0,AGENT,11:07:49,11:08:13,24,Z2IFAT
AA0216,12014,0,0,IN,990930,11:26:08,11:26:25,17,0:00:00,0:00:00,0,AGENT,11:26:24,11:56:43,1819,Z2NIRIT
AA0216,12015,0,0,IN,990930,11:38:36,11:38:38,2,0:00:00,0:00:00,0,HANG,0:00:00,0:00:00,0,NO_SERVER
AA0216,12016,0,0,IN,990930,11:41:38,11:41:47,9,11:41:47,11:42:26,39,AGENT,11:42:25,11:45:51,206,Z2ARIE
AA0216,12017,0,0,IN,990930,11:49:50,11:49:59,9,11:49:59,11:50:28,29,AGENT,11:50:27,12:00:03,576,Z2ARIE
AA0216,12018,0,0,IN,990930,12:04:03,12:04:18,15,0:00:00,0:00:00,0,AGENT,12:04:18,12:13:34,556,Z2IFAT
AA0216,12019,0,0,IN,990930,12:09:20,12:09:33,13,0:00:00,0:00:00,0,AGENT,12:09:32,12:11:35,123,Z2NIRIT
AA0216,12020,0,0,IN,990930,12:32:37,12:32:54,17,0:00:00,0:00:00,0,AGENT,12:32:54,12:48:16,922,Z2IFAT
AA0216,12021,0,0,IN,990930,12:51:41,12:51:56,15,0:00:00,0:00:00,0,AGENT,12:51:55,12:55:57,242,Z2ARIE
AA0216,12022,0,0,IN,990930,13:05:11,13:05:27,16,0:00:00,0:00:00,0,AGENT,13:05:26,13:10:10,284,Z2IFAT
AA0216,12023,0,0,IN,990930,13:57:42,13:57:56,14,0:00:00,0:00:00,0,AGENT,13:57:55,14:11:57,842,Z2IFAT
AA0216,12024,0,0,IN,990930,14:01:04,14:01:19,15,0:00:00,0:00:00,0,AGENT,14:01:18,14:07:55,397,Z2LIOR
AA0216,12025,0,0,IN,990930,14:05:34,14:05:44,10,14:05:44,14:08:01,137,AGENT,14:08:00,14:34:43,1603,Z2LIOR
AA0216,12026,0,0,IN,990930,14:08:56,14:09:05,9,14:09:05,14:12:02,177,AGENT,14:12:02,14:17:48,346,Z2IFAT
AA0216,12027,0,0,IN,990930,14:40:15,14:40:25,10,14:40:25,14:43:59,214,AGENT,14:43:59,15:01:33,1054,Z2LIOR
AA0216,12028,0,0,IN,990930,14:58:01,14:58:15,14,0:00:00,0:00:00,0,AGENT,14:58:14,15:31:25,1991,Z2IFAT
AA0216,12029,0,0,IN,990930,15:49:45,15:50:04,19,0:00:00,0:00:00,0,AGENT,15:50:03,15:52:36,153,Z2LIOR
AA0216,12030,0,0,IN,990930,16:13:29,16:13:45,16,0:00:00,0:00:00,0,AGENT,16:13:45,16:18:40,295,Z2ELINOR
AA0216,12031,0,0,IN,990930,18:22:09,18:22:24,15,0:00:00,0:00:00,0,AGENT,18:22:24,18:24:11,107,Z2EYAL
AA0216,12032,0,0,IN,990930,18:47:51,18:48:10,19,0:00:00,0:00:00,0,AGENT,18:48:10,18:50:41,151,Z2LIOR
AA0216,12033,0,0,IN,990930,20:24:33,20:24:46,13,0:00:00,0:00:00,0,AGENT,20:24:46,20:25:39,53,Z2ELINOR
AA0216,12034,0,0,IN,990930,22:51:35,22:51:52,17,0:00:00,0:00:00,0,AGENT,22:51:51,22:52:40,49,Z2EYAL
AA0216,12035,0,0,IN,990930,22:55:44,22:55:57,13,0:00:00,0:00:00,0,AGENT,22:55:57,23:25:40,1783,Z2EYAL
AA0216,12036,0,0,IN,990930,23:15:39,23:16:00,21,0:00:00,0:00:00,0,AGENT,23:15:59,23:28:06,727,Z2ELINOR
